20000101
0.000
0.000
0.000
0.000
0.000
0.000
0.000
0.000
0.000
0.000
0.000
0.000
0.000
0.000
0.017
0.000
0.000
0.000
0.000
0.000
0.000
0.000
0.000
0.000
0.000
0.000
0.000
0.000
0.000
0.000
0.000
0.000
0.000
0.000
0.000
0.000
0.000
0.000
0.000
0.000
0.000
1.737
0.003
0.000
0.000
0.000
0.000
0.000
0.000
0.000
0.000
0.048
0.000
0.000
0.000
0.000
0.000
0.000
0.000
0.000
0.000
0.000
0.000
0.000
0.000
0.000
0.000
0.000
0.000
0.000
0.000
0.000
0.000
0.000
0.000
0.000
0.000
0.000
0.000
0.000
0.000
0.000
0.034
0.000
0.000
0.000
0.000
0.000
0.000
0.000
0.000
0.000
0.000
0.000
0.000
0.000
0.000
0.000
0.000
0.000
0.000
0.000
0.000
0.000
0.000
0.000
0.000
0.000
0.000
0.000
0.000
0.000
0.000
0.000
0.000
0.000
0.000
0.000
0.000
0.000
0.000
0.000
0.000
0.000
0.000
0.000
0.000
0.000
0.000
0.000
0.058
0.000
0.000
0.000
0.000
0.000
0.000
0.000
0.000
0.000
0.000
0.161
0.014
0.000
0.000
0.000
0.000
0.000
0.000
0.000
0.000
0.000
0.000
0.124
0.841
0.031
0.048
2.946
5.004
0.182
0.158
0.072
0.000
0.062
0.007
0.601
0.872
0.017
0.000
0.783
30.480
14.548
4.697
11.702
0.230
0.065
0.003
0.000
0.069
0.003
11.014
0.021
0.086
1.662
1.760
2.000
0.000
0.000
4.289
6.825
10.392
9.554
6.370
8.824
10.912
0.826
8.920
6.333
10.168
15.877
22.481
3.049
0.354
8.014
1.165
3.341
57.072
94.983
9.572
5.647
10.224
11.746
13.876
9.841
0.366
0.146
0.000
0.000
0.000
0.000
0.000
9.496
1.427
1.423
0.056
2.317
4.104
4.226
6.176
2.085
11.182
15.381
8.768
11.498
2.670
0.360
0.000
0.000
0.000
1.347
0.968
5.570
15.104
8.535
16.437
95.372
12.492
1.889
9.650
11.054
24.469
3.980
1.708
0.000
0.000
0.000
0.000
0.000
0.000
5.343
15.508
0.409
0.982
0.309
0.199
0.051
1.212
0.036
0.000
0.000
0.000
0.000
0.000
0.000
0.000
0.000
0.000
0.000
0.000
0.000
0.000
0.000
0.000
0.000
0.000
0.000
0.000
0.000
0.000
0.000
0.000
0.000
0.000
0.000
0.000
0.000
0.000
0.000
0.000
0.000
0.000
0.000
0.000
0.000
0.000
0.000
0.000
0.000
0.000
0.000
0.000
0.000
0.000
0.000
0.000
0.000
0.000
0.000
0.000
0.000
0.000
0.000
0.000
0.000
0.000
0.000
0.000
0.000
0.000
0.000
0.000
0.000
0.000
0.000
0.000
0.000
0.000
0.000
0.000
0.000
0.000
0.000
0.000
0.000
0.000
0.000
0.000
0.000
0.000
0.000
0.000
0.000
0.000
0.000
0.000
0.000
0.000
0.000
0.000
0.000
0.000
0.000
0.000
0.000
0.000
0.000
15.583
0.180
0.000
0.000
0.000
0.000
0.000
0.000
0.000
0.000
0.000
0.000
0.000
0.000
0.000
0.000
0.000
0.000
0.000
0.000
0.000
0.000
0.000
0.000
0.000
0.000
0.000
0.000
0.000
0.000
0.000
0.000
0.000
0.000
0.000
0.000
0.000
0.000
0.000
0.000
0.000
0.000
0.000
0.000
0.000
0.000
0.000
0.000
0.000
0.000
0.000
0.000
0.000
0.000
0.000
0.000
0.000
0.000
0.000
0.000
0.000
0.000
0.007
0.197
0.000
0.000
0.000
0.000
0.000
0.000
0.000
0.000
0.000
0.000
0.000
0.000
0.000
0.000
0.000
0.000
0.522
0.112
0.000
0.000
0.000
0.000
0.000
0.000
0.000
0.000
0.000
0.000
0.000
0.000
0.000
0.000
0.000
0.000
0.000
0.000
0.000
0.000
0.000
0.000
0.395
0.024
26.283
2.132
0.000
0.000
0.000
0.000
0.000
0.000
0.000
0.000
0.000
0.000
0.000
0.000
0.000
0.000
0.000
0.000
0.000
0.000
0.000
0.000
0.000
0.000
0.000
0.000
0.000
0.000
0.000
0.000
0.000
0.000
0.000
0.000
0.000
0.000
0.000
0.000
0.000
0.000
0.000
0.000
0.000
0.000
0.017
0.956
0.043
0.151
0.424
0.039
0.000
0.000
0.089
0.007
0.491
0.026
0.000
0.736
8.367
6.192
1.069
0.863
0.017
21.727
2.841
13.288
86.483
5.361
9.842
11.686
17.204
31.792
21.583
11.042
32.854
5.992
0.453
11.362
12.955
1.993
9.084
11.958
12.027
4.504
16.402
4.695
11.520
10.614
14.873
15.456
13.273
6.976
24.996
5.871
11.678
16.998
34.434
36.801
14.059
4.978
9.737
12.435
3.018
2.596
0.879
0.079
0.100
0.014
2.831
5.728
6.286
19.526
9.714
9.802
6.616
9.244
3.898
10.221
5.443
11.837
4.996
10.537
10.723
8.882
26.930
20.016
5.454
6.956
23.036
26.391
3.474
1.109
1.159
0.000
0.000
2.523
13.662
5.969
14.782
1.789
5.263
5.949
2.557
1.354
0.267
1.885
0.036
0.000
0.000
0.597
2.864
0.422
5.503
0.000
0.000
0.000
0.000
0.000
0.000
0.000
0.000
0.000
2.386
0.436
1.166
5.823
12.504
7.793
20.568
11.707
1.416
18.965
0.417
0.000
7.641
10.777
0.000
0.000
0.000
0.000
0.000
0.000
0.000
0.000
0.000
0.000
0.000
0.000
0.000
0.000
0.000
0.000
0.000
0.000
0.000
0.153
0.000
0.000
0.000
0.000
0.000
0.000
0.000
0.000
0.000
0.000
0.000
0.000
0.000
0.000
0.000
0.000
0.000
0.034
0.003
0.000
0.000
0.000
0.000
0.000
0.000
0.000
0.000
0.000
0.000
0.000
0.000
0.000
0.000
0.000
0.000
0.000
0.000
0.000
0.000
0.000
0.000
0.000
0.000
0.000
0.000
0.000
0.000
0.000
0.000
0.000
0.000
0.000
0.000
0.000
0.000
0.000
0.000
0.000
0.000
0.000
0.000
0.000
0.000
0.000
0.000
0.000
0.000
0.000
0.000
0.000
0.000
0.000
0.000
0.000
0.000
0.000
0.000
0.000
0.000
0.000
0.000
0.000
0.000
0.000
0.010
0.632
0.000
0.000
0.000
0.000
0.000
0.000
0.000
0.000
0.000
0.000
0.000
0.000
0.000
0.000
1.224
1.233
0.000
0.000
0.000
0.228
0.000
0.000
0.000
0.000
0.000
0.000
0.000
0.000
0.000
0.000
0.000
0.000
0.007
0.000
0.000
0.000
0.000
0.000
0.000
0.000
0.000
0.000
0.000
0.000
0.000
0.000
0.000
0.000
0.000
0.000
0.414
0.000
0.000
0.000
0.000
0.000
0.000
0.000
0.000
0.000
0.000
0.000
0.000
0.000
0.000
0.000
0.000
0.000
0.000
0.000
0.000
0.000
0.000
0.000
0.000
0.000
0.000
0.000
0.000
0.000
0.000
0.000
0.000
0.000
0.000
0.000
0.000
0.000
0.000
0.000
0.000
0.000
0.000
0.000
0.000
0.000
0.000
0.000
0.000
0.000
0.000
0.000
0.000
0.000
0.000
0.000
0.000
0.000
0.000
0.000
0.000
0.000
0.000
0.000
0.000
0.000
0.000
0.000
0.000
0.000
0.000
0.000
0.000
0.000
0.000
0.000
0.000
0.000
0.000
0.000
0.000
0.000
0.021
0.000
0.000
0.000
0.000
0.000
0.000
0.000
0.000
0.000
0.000
0.007
0.000
0.003
0.003
0.192
0.436
0.294
8.504
17.487
9.381
0.041
0.100
2.039
1.051
1.971
30.981
12.021
18.460
52.812
24.411
0.112
0.000
0.000
0.000
0.000
0.000
0.007
0.000
1.059
1.806
9.309
11.251
10.109
26.158
27.020
39.613
1.171
0.000
0.000
0.000
3.117
0.031
0.000
0.000
0.046
0.060
0.000
0.000
2.793
6.479
20.795
21.382
14.444
20.057
13.857
34.152
94.460
17.228
17.743
2.347
7.511
39.192
36.996
2.695
1.857
3.540
8.604
16.387
5.655
3.428
0.148
5.105
2.293
19.193
7.052
9.649
13.189
9.512
22.225
27.775
14.262
3.617
22.774
25.595
30.879
62.892
32.573
12.775
28.899
1.423
0.017
0.000
0.000
0.000
0.000
0.000
0.000
0.000
2.556
4.029
2.465
19.350
5.893
0.000
0.000
0.000
0.000
0.000
0.000
0.000
0.000
0.000
0.000
0.000
2.841
3.886
0.000
0.000
0.000
0.017
0.000
0.000
0.000
6.904
1.682
0.110
0.000
0.000
0.000
0.000
0.000
0.000
0.000
0.000
0.000
0.000
0.000
0.000
0.000
0.000
0.000
0.000
0.000
0.000
0.000
0.000
0.000
0.000
0.000
0.000
0.000
0.000
0.000
0.000
0.000
0.000
0.000
0.000
0.000
0.000
0.000
0.000
0.000
0.000
0.000
0.000
0.000
0.000
0.000
0.000
0.000
0.000
0.000
0.000
0.000
0.000
0.000
0.000
0.000
0.000
0.000
0.000
0.000
0.000
0.000
0.000
0.000
0.000
0.000
0.000
0.000
0.010
0.000
0.000
0.000
0.000
0.000
0.000
4.807
0.055
0.314
0.000
0.000
0.000
0.000
0.000
0.000
0.000
0.000
0.000
0.000
0.000
0.000
0.000
0.000
0.000
0.000
0.000
0.000
0.000
0.000
0.000
0.000
0.000
0.000
0.000
0.000
0.745
0.000
0.000
0.000
1.717
8.466
5.102
3.687
0.000
0.000
1.493
0.235
0.508
2.551
0.501
0.027
0.000
0.000
0.000
0.021
0.100
0.354
0.027
0.000
0.000
0.000
0.000
0.000
0.000
0.000
0.000
0.000
0.000
0.000
0.000
0.000
0.000
0.000
0.000
0.000
0.000
0.553
0.000
0.000
0.000
0.000
0.000
0.615
0.007
0.443
0.024
0.000
0.000
0.000
0.000
0.017
0.000
0.000
0.000
0.000
0.000
0.000
0.000
0.000
0.000
0.000
0.000
0.000
0.000
0.000
0.000
0.000
0.000
0.000
0.000
0.000
0.000
0.000
0.000
0.000
0.000
0.000
0.000
0.000
0.000
0.000
0.000
0.000
0.093
0.360
0.000
0.000
0.000
0.000
0.000
0.000
0.000
0.000
0.000
0.000
0.000
0.000
0.000
0.000
0.000
0.000
0.000
0.000
0.000
0.000
0.000
0.000
0.000
0.000
0.000
0.000
0.000
0.000
0.000
0.000
0.000
0.000
0.000
0.000
0.000
0.000
0.000
0.000
0.000
0.000
0.000
0.000
0.000
0.000
0.130
0.158
0.845
0.000
0.003
0.072
0.000
4.827
14.667
74.735
21.362
27.766
31.387
19.514
28.891
43.224
3.421
27.208
12.336
3.716
18.468
12.849
13.460
19.048
9.829
0.992
12.749
11.204
15.531
4.237
7.457
34.994
11.325
1.954
7.575
4.716
0.746
0.331
9.138
11.276
22.387
26.165
61.504
13.544
17.813
1.674
4.204
4.770
7.165
16.106
23.078
13.331
22.597
15.355
6.667
4.872
9.383
10.361
13.160
20.771
16.562
18.309
4.968
10.090
6.691
4.281
6.640
11.014
14.450
8.099
19.427
5.232
4.982
0.776
3.845
13.884
10.773
7.096
12.457
22.929
11.615
32.187
53.294
22.925
17.470
17.657
18.285
26.816
20.899
25.582
9.306
14.093
8.185
28.909
10.466
6.458
6.290
8.794
14.337
14.246
16.858
17.350
38.601
33.865
8.406
2.197
8.938
20.476
29.088
16.679
10.111
3.159
0.000
0.000
0.000
5.957
12.621
8.623
20.931
5.019
0.206
0.000
0.000
0.000
0.000
0.000
0.000
2.774
4.532
10.145
1.102
0.000
8.660
19.501
43.228
6.549
0.539
0.221
0.010
3.090
0.007
6.049
1.562
0.000
0.000
0.000
0.000
0.000
0.000
0.000
0.000
0.000
0.000
0.000
0.000
0.000
0.000
0.000
0.000
0.000
0.000
0.000
0.000
0.000
0.000
0.000
0.000
0.000
0.000
0.000
0.000
0.000
0.000
0.000
0.000
0.000
0.000
0.000
0.000
0.000
0.000
0.000
0.000
0.000
0.000
0.000
0.000
0.126
0.000
0.000
0.000
0.000
0.000
0.000
0.000
0.000
0.000
0.000
8.956
4.515
0.000
0.000
0.000
0.000
0.000
0.000
0.000
0.000
0.000
0.000
0.000
0.000
0.000
0.000
0.000
0.000
0.000
0.000
0.000
0.000
0.000
0.000
0.000
0.000
0.000
17.607
2.577
0.000
0.000
0.000
0.000
0.000
0.048
0.017
0.000
0.000
0.000
0.000
0.000
0.000
0.000
0.000
0.000
0.000
0.000
0.000
0.000
0.000
0.000
0.000
0.000
0.000
0.000
0.000
0.000
0.000
0.000
0.000
0.000
0.000
0.000
0.000
0.000
0.000
0.000
0.000
0.000
0.000
0.000
0.000
0.000
0.000
0.000
0.000
0.000
0.000
0.000
0.000
0.000
0.000
0.000
0.000
0.000
0.000
0.000
0.000
0.000
0.000
0.000
0.000
0.000
0.000
0.000
0.000
0.000
0.000
0.000
0.000
0.000
0.000
0.000
0.000
0.000
0.000
0.000
0.000
0.000
0.000
0.000
0.000
0.000
0.000
0.000
0.000
0.000
0.000
0.000
0.000
0.000
0.000
0.000
0.000
0.027
0.003
0.058
0.000
0.000
0.000
0.000
0.000
0.000
0.000
0.000
0.000
0.000
0.000
0.000
0.000
0.000
0.000
0.000
0.000
0.000
0.000
0.000
0.000
0.000
0.000
0.000
0.000
0.000
0.000
0.000
0.000
0.000
0.000
0.000
0.000
0.000
0.000
0.045
0.024
0.000
0.000
0.113
0.000
0.000
3.571
24.247
19.988
10.653
0.426
26.522
6.966
5.232
0.240
0.000
0.000
0.000
0.608
0.000
0.000
0.000
0.000
0.000
0.000
0.000
0.000
8.394
0.621
4.989
3.397
9.084
0.082
0.920
0.000
0.003
0.184
0.000
0.000
4.461
4.446
1.885
2.647
13.614
0.863
0.000
0.000
9.792
15.607
10.295
9.361
17.297
7.684
11.597
1.235
1.523
4.312
13.929
2.354
8.931
5.430
8.561
21.346
8.210
34.315
46.239
37.693
6.991
9.398
18.625
23.291
50.584
7.809
2.877
11.882
9.945
8.480
7.287
1.183
0.680
2.170
4.350
0.223
0.621
0.007
0.824
0.000
0.251
0.076
0.000
0.000
0.000
0.053
0.000
0.000
0.211
6.545
1.814
0.098
0.000
0.003
0.014
1.390
9.868
20.428
5.798
11.813
5.764
8.487
4.058
9.249
8.011
0.000
0.000
0.000
0.000
0.000
0.762
1.877
1.265
0.527
2.266
4.293
0.007
0.000
0.000
0.000
0.182
0.849
3.104
0.036
0.000
0.000
0.000
0.000
0.000
0.000
0.000
0.000
0.000
0.000
0.000
0.000
0.000
0.000
0.000
0.000
0.000
0.000
0.000
0.000
0.000
0.000
0.000
0.000
0.000
0.000
0.000
0.000
0.000
0.000
0.000
0.000
0.000
0.000
0.000
0.000
0.000
0.000
0.000
0.000
0.000
0.000
0.000
0.000
0.000
0.000
0.000
0.000
0.000
0.000
0.000
0.000
0.000
0.000
0.000
0.000
0.000
0.000
0.000
0.000
0.000
0.000
0.000
0.000
0.000
0.000
0.000
0.000
0.000
0.472
0.213
0.000
0.000
0.000
0.000
0.000
0.000
0.000
0.000
0.000
0.000
0.000
0.000
0.000
0.000
0.000
0.000
0.000
0.000
0.000
0.000
0.000
0.000
0.244
1.274
0.000
0.000
0.000
0.000
1.432
0.000
0.000
0.000
0.000
17.336
1.583
10.269
22.702
5.620
0.000
0.000
0.000
0.000
0.000
0.024
1.861
0.000
0.000
0.000
0.000
0.000
0.000
0.000
0.000
0.000
0.000
0.000
0.000
0.045
0.865
0.000
0.000
0.000
0.000
0.000
0.000
0.000
0.000
0.000
0.000
0.000
0.000
0.000
0.000
0.017
22.738
0.175
0.062
0.000
0.000
0.000
0.000
0.000
0.000
0.000
0.000
0.000
0.000
0.021
0.000
0.000
0.000
0.000
0.000
0.000
0.000
0.000
0.000
0.000
0.000
0.000
0.000
0.000
0.000
0.000
0.000
0.000
0.000
0.000
0.000
0.000
0.000
0.000
0.000
0.000
0.000
0.000
0.000
0.000
0.000
0.000
0.000
0.000
0.000
0.000
0.000
0.000
0.000
0.000
0.000
0.000
0.000
0.000
0.000
0.000
0.000
0.000
0.000
0.000
0.000
0.000
0.000
0.000
0.000
0.000
0.000
0.000
0.000
0.000
0.000
0.000
0.000
0.000
0.000
0.000
0.000
0.000
0.000
0.000
0.000
0.000
0.000
0.000
0.000
0.000
0.000
0.000
0.000
0.000
0.000
0.000
0.000
0.000
0.000
0.000
0.000
0.321
0.000
0.088
0.003
2.961
5.794
2.400
15.149
18.737
10.365
55.383
14.323
0.880
6.412
13.746
20.665
8.922
4.043
2.704
2.597
3.083
0.790
18.103
38.092
19.348
8.362
3.044
2.793
0.892
0.000
2.999
1.325
1.235
0.263
0.014
0.000
0.342
1.775
5.836
5.177
8.773
3.474
0.826
0.364
1.689
5.021
0.632
6.269
13.470
5.467
1.634
0.036
0.000
0.189
0.055
0.000
2.057
25.262
6.873
10.118
18.285
12.318
24.288
15.400
11.996
19.181
12.761
0.573
0.027
0.000
0.000
0.000
0.000
0.017
0.000
2.216
5.582
5.131
5.146
7.899
4.437
5.604
8.484
4.219
12.729
5.739
13.913
9.139
8.865
8.465
5.403
4.404
0.541
0.343
4.873
3.529
8.509
1.924
1.332
0.000
0.000
0.000
0.000
0.000
0.000
0.000
0.072
0.000
0.000
0.000
0.000
0.000
0.000
0.000
0.000
0.000
0.130
0.446
25.296
5.186
14.287
16.782
2.201
0.288
2.019
0.216
0.407
0.045
0.000
0.000
0.000
0.000
0.000
0.000
0.000
0.017
0.000
0.000
0.000
0.000
0.000
0.000
0.000
0.000
0.000
0.000
0.000
0.000
0.000
0.000
0.000
0.000
0.000
0.000
0.000
0.000
0.000
0.000
0.000
0.000
0.000
0.000
0.000
0.000
0.000
0.000
0.000
0.000
0.000
0.000
0.000
0.000
0.000
0.000
0.000
0.000
0.000
0.000
0.000
0.000
0.000
0.000
0.000
0.000
0.000
0.000
0.000
0.048
0.000
0.000
0.000
0.000
0.000
0.000
0.000
0.000
0.000
0.000
0.000
0.000
0.000
0.000
0.000
0.000
0.000
0.000
0.000
0.000
0.000
0.000
0.000
0.000
0.000
0.000
0.000
0.000
0.000
0.000
0.000
0.000
0.000
0.000
0.000
0.000
0.000
0.000
0.000
0.000
0.000
0.000
0.000
0.000
0.000
0.000
0.000
0.000
0.000
0.000
0.000
0.000
0.000
0.000
0.000
0.000
0.000
0.000
0.000
0.000
0.000
0.000
0.000
0.000
0.000
0.000
0.000
0.000
0.000
0.000
0.000
0.000
0.707
0.079
0.161
0.161
35.093
14.729
1.184
0.000
0.000
0.597
1.531
0.000
0.000
0.000
0.000
0.000
0.000
0.000
0.000
0.000
0.000
0.000
0.000
0.000
0.000
0.000
0.000
0.000
0.000
0.000
0.000
0.000
0.000
0.000
0.000
0.000
0.000
0.000
0.000
0.000
0.000
0.051
0.000
0.000
0.000
0.000
0.000
0.000
0.000
0.000
0.000
0.000
0.000
0.000
0.000
0.000
0.000
0.000
0.000
0.000
0.000
0.000
0.000
0.000
0.000
0.000
0.000
0.000
0.000
0.000
0.000
0.000
0.000
0.000
0.573
0.053
0.000
0.000
0.000
0.000
0.000
0.000
0.000
0.000
0.000
0.053
0.021
0.007
0.076
0.038
2.757
1.923
1.696
2.002
0.216
0.000
0.000
0.024
0.000
0.000
0.000
0.000
0.000
0.000
0.000
0.000
0.000
0.000
0.000
0.360
3.147
6.980
4.264
0.402
7.879
6.952
11.427
19.228
8.035
3.004
3.646
0.410
1.086
0.242
27.217
73.112
21.737
2.791
1.411
7.890
1.597
0.348
9.683
12.138
8.454
10.376
16.118
7.757
1.563
7.122
1.330
11.961
16.124
23.009
17.110
10.983
12.840
17.698
7.454
16.788
3.978
4.128
2.578
0.109
0.278
2.592
14.978
7.436
4.430
0.863
0.925
6.378
16.535
5.552
7.446
15.444
0.438
0.265
10.016
27.607
10.162
3.268
22.704
34.413
5.582
10.348
15.190
19.089
1.356
0.000
0.000
0.929
2.558
12.038
6.594
1.470
6.966
0.003
0.000
0.000
0.000
0.000
0.000
7.208
11.319
0.621
5.037
5.521
15.086
20.081
6.258
4.975
1.945
0.285
0.190
0.000
0.000
8.937
8.225
3.242
1.514
2.807
0.170
0.000
0.000
0.000
0.000
0.000
0.000
0.000
0.000
0.000
0.000
0.000
0.000
0.000
0.000
2.166
0.184
0.000
0.000
0.000
0.000
0.000
0.000
0.000
2.185
3.480
0.000
0.000
1.344
1.660
0.752
11.060
0.101
0.000
0.000
0.000
0.000
0.000
0.000
0.000
0.000
0.000
0.000
0.000
0.000
0.000
0.000
0.000
0.000
0.000
0.000
0.000
0.000
0.000
0.000
0.000
0.000
0.000
0.000
0.000
0.000
0.000
0.000
0.000
0.000
0.000
0.000
0.000
0.000
0.000
0.000
0.000
0.000
0.000
0.000
0.000
0.000
0.000
0.000
0.000
0.000
0.000
0.000
0.000
0.000
0.000
0.000
0.000
0.000
0.000
0.000
0.000
0.000
0.000
0.000
0.000
0.000
0.000
0.000
0.000
0.000
0.000
0.000
0.000
0.000
0.000
0.000
0.000
0.000
0.000
0.000
0.000
0.000
0.000
0.000
0.000
0.000
0.000
0.000
0.000
0.000
0.000
0.000
0.000
0.000
0.000
0.000
0.000
0.000
0.467
0.050
1.646
9.386
0.130
0.000
0.000
0.000
0.000
0.000
0.000
0.000
0.000
0.000
0.000
0.000
0.000
0.000
0.000
0.000
0.000
0.000
0.000
0.000
0.000
0.000
0.000
0.014
0.046
0.033
2.771
8.623
0.748
0.000
0.000
0.000
0.000
0.000
0.000
0.000
0.000
0.000
0.000
0.000
0.000
0.000
0.000
0.000
0.000
0.000
0.000
0.000
0.000
0.000
0.000
0.000
0.000
0.000
0.000
0.000
0.000
0.000
0.000
0.000
0.547
0.039
0.000
0.000
0.000
0.267
0.017
0.867
0.000
0.000
0.000
0.000
0.000
0.000
0.000
0.000
0.000
0.000
0.051
0.014
0.038
0.797
0.021
0.000
0.014
0.000
0.000
0.000
0.000
0.000
0.000
0.103
0.000
0.000
0.024
0.000
0.000
0.182
0.000
0.000
0.000
0.000
0.000
0.000
0.000
0.000
0.000
0.000
0.000
0.000
0.000
0.065
0.000
0.000
0.000
0.000
0.000
0.336
1.363
0.927
0.525
9.702
5.394
0.573
1.545
2.135
4.848
8.082
3.186
4.669
9.007
0.247
20.754
12.751
7.023
4.832
4.995
2.244
0.999
13.960
14.959
25.763
65.861
23.776
1.205
0.436
0.960
7.075
13.830
17.082
9.671
22.973
40.632
60.217
4.956
0.754
16.500
32.786
6.430
9.317
11.436
6.933
2.602
0.027
2.517
8.103
10.389
14.035
11.254
17.039
12.334
11.585
19.372
2.970
2.365
0.362
10.349
14.596
17.036
10.329
15.683
13.772
14.742
48.709
2.977
43.905
11.331
24.108
3.955
1.023
12.361
0.117
0.221
8.532
6.824
16.229
4.667
11.551
7.500
12.138
4.140
12.725
9.280
33.973
15.331
8.750
21.310
78.830
5.699
0.010
0.000
0.000
0.000
0.542
9.373
19.190
17.032
68.527
11.929
5.450
2.719
16.135
14.806
1.262
23.765
71.195
14.735
20.333
17.264
1.020
6.362
13.527
26.987
15.220
10.949
0.003
0.000
0.000
0.000
0.000
0.000
0.000
0.000
1.363
0.419
0.000
0.000
0.000
0.000
0.000
0.000
0.000
0.000
0.000
0.000
0.000
0.000
0.000
0.000
0.000
2.353
0.000
0.000
0.000
0.000
0.000
0.000
0.000
0.000
0.000
0.000
0.000
0.000
0.000
0.000
0.000
0.000
0.000
0.000
0.000
0.000
0.000
0.000
0.000
0.000
0.000
0.000
0.000
0.000
0.000
0.000
0.000
0.000
0.000
0.000
0.000
0.000
0.000
0.000
0.000
0.000
0.000
0.000
0.000
0.000
0.000
0.000
0.000
0.000
0.000
0.000
0.000
0.000
0.000
0.000
0.000
0.000
0.000
0.000
0.000
0.000
0.000
0.000
0.000
0.000
0.000
0.000
0.000
0.000
0.000
0.000
0.000
0.000
0.000
0.000
0.000
0.000
0.000
0.000
0.000
0.000
0.000
0.007
3.584
1.214
0.996
0.724
0.000
0.000
0.000
0.505
0.000
0.000
0.000
0.000
2.658
0.230
0.824
0.472
11.697
0.227
0.000
0.000
0.000
0.000
0.000
0.000
0.000
0.000
0.000
0.000
0.000
0.000
0.000
0.000
0.000
0.000
0.000
0.000
0.000
0.000
0.000
0.000
0.000
0.000
0.000
0.000
0.000
0.000
0.000
0.000
0.000
0.000
0.000
0.000
0.000
0.000
0.000
0.000
0.000
0.000
0.000
0.000
0.000
0.000
0.000
0.039
0.000
0.000
0.000
0.000
0.000
0.000
0.000
1.454
0.098
0.038
0.017
0.000
0.000
0.000
0.000
0.000
0.000
0.000
0.000
0.000
0.000
0.000
0.000
0.000
0.000
0.000
0.000
0.000
0.000
0.000
0.000
0.000
0.000
0.000
0.000
0.000
0.000
0.000
0.000
0.000
0.000
0.000
0.000
0.000
0.000
0.000
0.000
0.000
0.000
0.000
0.000
0.000
0.000
0.000
0.000
0.000
0.427
0.062
0.000
0.433
0.021
0.000
0.000
0.000
0.045
0.000
0.000
0.000
1.329
0.017
0.113
1.483
2.788
17.149
4.350
7.076
3.522
12.621
18.052
0.882
11.560
18.059
13.077
31.761
3.117
0.014
1.758
6.015
21.152
15.226
13.029
6.801
16.363
56.923
18.352
21.070
7.967
7.349
5.543
0.942
5.922
27.613
11.085
14.919
22.338
8.574
0.345
4.995
3.825
11.600
12.885
5.381
0.321
1.588
3.663
3.411
11.498
17.254
35.620
7.199
0.623
1.363
6.976
13.421
4.498
18.651
21.997
21.272
18.724
1.444
14.313
8.947
19.396
26.268
71.374
19.714
8.905
57.305
0.048
2.048
7.852
14.179
15.233
4.625
0.867
2.736
5.133
2.546
0.893
12.533
9.864
4.789
5.100
11.510
9.407
6.477
3.311
11.275
3.210
4.944
8.700
2.870
7.096
0.230
0.127
0.021
9.531
20.366
7.364
7.797
5.349
9.860
12.590
7.263
11.755
37.748
11.601
0.144
3.838
1.768
0.158
0.038
0.000
0.000
0.000
0.000
0.000
0.000
0.118
0.630
4.077
5.874
0.089
0.000
0.000
0.000
0.000
0.000
0.000
0.000
0.000
0.000
0.000
0.000
0.000
0.000
0.000
0.000
0.000
0.000
0.000
0.000
0.000
0.048
0.000
0.000
0.000
0.000
0.000
0.000
0.000
0.000
0.000
0.000
0.000
0.000
0.000
0.000
0.000
0.000
0.000
0.000
0.000
0.000
0.000
0.000
0.000
0.000
0.548
0.050
0.000
0.000
0.000
0.000
0.000
0.000
0.000
0.000
0.000
0.000
0.000
0.000
0.000
0.000
0.000
0.000
0.000
0.000
0.000
0.000
0.000
0.000
0.000
0.000
0.000
0.000
0.000
0.000
0.000
0.000
0.000
0.000
0.000
0.000
0.000
0.000
0.000
0.000
0.000
0.000
0.000
0.000
0.000
0.000
0.000
1.599
0.045
0.303
0.333
0.000
0.000
0.000
0.000
0.000
0.000
0.000
0.000
0.000
0.000
0.000
0.000
0.000
0.000
0.000
0.000
0.000
0.000
0.000
0.000
0.000
0.000
0.000
0.000
0.000
0.000
0.000
0.000
0.000
0.000
0.000
0.000
0.000
0.000
0.000
0.000
0.000
0.000
0.000
0.000
0.000
0.000
0.000
0.000
0.000
0.000
0.000
0.000
0.000
0.000
0.000
0.000
0.000
0.000
0.000
0.000
0.000
0.000
0.000
0.089
0.000
0.000
0.000
0.000
0.000
0.000
0.000
0.000
0.000
0.014
0.000
0.000
0.000
0.000
0.045
0.003
0.000
0.000
0.000
0.000
0.000
0.000
0.000
0.000
0.000
0.000
0.010
0.065
0.179
0.000
0.000
0.000
0.000
0.000
0.000
0.000
0.000
0.000
0.000
0.000
0.000
0.000
0.000
0.000
0.000
0.000
0.000
0.000
0.000
0.000
0.000
0.000
0.000
0.000
0.000
0.000
0.000
0.000
0.000
0.000
0.000
0.000
0.000
0.192
0.000
0.000
0.154
0.000
0.288
0.003
0.000
0.000
0.000
0.000
0.000
0.021
0.000
0.000
0.000
0.470
0.048
0.051
0.000
0.284
0.000
0.000
0.000
0.045
0.000
0.000
0.000
0.000
0.000
0.000
0.000
0.000
0.000
0.000
0.000
0.000
0.000
0.000
0.000
0.000
0.000
0.000
0.000
0.000
0.000
24.784
24.427
14.947
12.870
23.267
11.288
22.112
0.496
18.620
36.892
12.598
8.774
20.321
35.949
14.635
5.045
8.078
1.955
5.570
9.811
22.440
15.462
15.487
8.626
1.809
0.215
5.910
0.036
5.155
6.999
3.802
0.318
0.184
2.400
4.700
3.100
0.887
0.000
0.034
0.000
0.000
4.292
11.597
13.645
19.583
14.031
18.533
35.185
14.591
10.440
9.963
7.577
11.287
16.610
12.715
5.005
1.121
4.334
16.823
1.511
2.907
19.094
10.873
7.423
17.937
29.770
10.138
3.433
12.404
12.318
17.132
3.447
2.309
0.299
0.779
0.017
0.000
0.000
1.983
0.000
0.000
0.000
0.000
0.000
0.000
0.000
0.237
2.903
7.036
2.997
8.120
1.789
10.451
6.297
3.207
9.138
93.349
14.351
13.465
17.207
18.945
10.863
0.580
0.000
0.000
0.000
0.000
0.000
0.000
0.000
0.000
0.000
0.000
0.000
0.000
0.000
0.000
0.000
0.000
0.000
0.000
0.000
0.000
0.000
0.000
0.000
0.000
0.000
0.000
0.000
0.000
0.989
0.000
0.000
0.436
0.264
0.000
0.000
19.298
3.704
0.381
0.772
55.218
0.850
0.000
0.000
0.000
0.000
0.000
0.000
0.000
0.000
0.000
0.000
0.000
0.000
0.000
0.000
0.000
0.000
0.000
0.000
0.000
0.000
0.000
0.000
0.000
0.000
0.000
0.000
0.000
0.000
0.000
3.605
0.275
0.000
0.000
0.000
0.000
0.000
0.000
0.000
0.000
0.000
0.000
3.835
0.498
0.000
0.000
0.000
0.000
0.000
0.000
0.000
0.000
0.000
0.000
0.000
0.000
3.227
0.048
0.000
0.000
0.000
0.000
0.000
0.000
0.000
0.000
0.000
0.000
0.000
0.000
0.000
0.000
0.000
0.000
0.000
0.000
0.000
0.000
0.000
0.000
0.000
0.000
0.000
0.000
0.177
0.000
0.000
0.000
0.000
5.649
12.080
0.604
0.000
0.000
0.000
0.000
0.000
0.000
0.000
0.000
0.000
0.000
0.000
0.000
0.000
0.000
0.000
0.000
0.000
0.000
0.000
0.000
0.000
0.000
0.000
0.000
0.000
0.000
0.000
0.000
0.000
0.000
0.000
0.000
0.000
0.000
0.000
0.000
0.000
0.000
0.000
0.000
0.000
0.000
0.000
0.000
0.000
0.000
0.000
0.000
0.000
0.000
0.000
0.000
0.000
0.000
0.000
0.000
0.000
0.000
0.000
0.000
0.000
0.000
0.000
0.000
0.000
0.000
0.000
0.000
0.000
0.000
0.000
0.000
0.000
0.000
0.017
0.206
0.048
0.618
0.000
0.000
0.000
0.000
0.000
0.000
0.000
0.000
0.000
0.000
0.000
0.000
0.000
15.851
1.346
0.041
0.000
0.000
0.000
0.000
0.000
0.062
0.000
0.000
0.000
0.000
0.000
0.000
0.956
0.000
0.000
0.124
0.000
0.000
0.000
0.000
0.000
0.000
0.230
0.106
0.294
3.085
0.074
0.584
0.208
0.096
0.000
0.000
0.060
0.134
1.852
1.332
0.134
0.017
0.367
6.682
2.602
9.268
15.443
6.921
10.871
2.836
0.070
0.000
24.166
140.730
15.680
11.452
7.491
12.396
7.363
19.949
0.285
4.431
10.437
10.828
11.500
25.224
22.803
5.869
20.071
54.145
20.653
8.935
16.326
16.865
5.236
5.993
2.709
8.278
10.688
0.244
1.943
0.041
0.000
1.778
6.557
13.554
29.430
9.857
31.950
10.945
2.086
5.140
25.790
33.034
3.564
11.079
23.727
24.771
18.553
4.480
6.039
10.008
7.690
10.289
17.564
21.489
25.717
14.797
12.947
11.862
15.772
17.887
7.951
0.748
6.513
5.981
7.725
7.721
11.292
16.600
12.473
35.508
5.165
2.262
1.723
0.113
0.000
0.000
0.000
0.000
0.000
0.000
0.000
0.000
0.000
0.000
0.000
7.385
0.196
4.535
8.173
7.737
0.110
0.000
0.000
0.000
0.000
0.000
0.000
4.681
1.281
5.672
14.184
7.062
14.507
17.710
0.146
0.000
0.000
0.000
0.000
0.000
0.000
0.000
0.000
3.375
0.215
0.000
0.007
0.000
0.000
0.000
0.000
1.033
6.363
8.363
0.000
0.223
0.000
0.000
0.000
0.000
0.000
0.130
0.033
0.003
0.000
0.000
0.000
0.000
0.000
0.000
0.010
0.014
0.000
0.000
0.000
0.000
0.000
0.000
0.000
0.024
5.102
21.511
5.334
0.237
0.000
0.000
0.000
0.000
0.000
0.000
0.000
0.000
0.000
0.000
0.000
0.000
0.000
0.000
0.000
0.000
0.000
0.000
0.000
0.000
0.000
0.000
0.000
0.000
0.000
0.000
0.000
0.000
0.000
0.000
0.000
0.000
0.000
0.000
0.000
0.000
0.000
0.000
0.000
0.000
0.000
0.000
0.000
0.000
0.000
0.000
0.000
0.000
0.003
0.000
0.000
0.000
0.000
0.000
0.002
0.000
0.000
0.000
0.000
0.000
0.000
0.000
0.002
0.002
0.000
0.000
0.000
0.000
0.000
0.003
0.000
0.714
17.187
0.000
0.000
0.000
0.237
0.041
0.000
0.000
0.000
0.002
0.000
0.055
0.000
0.000
0.000
0.000
0.000
0.000
0.002
0.000
0.002
0.002
0.000
0.000
0.000
0.000
0.000
0.000
0.000
0.000
0.000
0.002
0.002
0.000
0.002
0.000
0.000
0.000
0.002
0.000
0.000
0.000
0.000
0.000
0.000
0.000
0.000
0.113
0.074
0.000
0.014
1.917
3.440
0.000
0.000
0.000
0.735
0.295
0.000
1.792
0.233
0.002
0.000
0.000
0.251
1.195
0.000
0.000
0.000
0.000
0.000
0.000
0.000
0.130
0.079
0.000
0.000
0.000
0.000
0.000
0.000
0.000
0.000
0.000
0.000
0.000
0.000
0.000
0.000
0.268
0.831
0.264
0.000
1.016
0.000
0.000
0.000
0.000
0.412
0.015
0.010
0.000
0.000
0.409
0.000
0.333
0.007
0.000
0.227
0.014
0.134
0.021
0.941
0.917
0.271
4.959
1.324
38.104
32.883
12.655
4.559
1.365
3.655
7.393
10.341
34.576
26.173
8.600
2.311
18.763
4.408
0.992
0.082
15.844
91.931
2.410
6.015
4.106
0.505
0.759
14.293
13.012
13.546
8.329
26.571
57.045
19.190
25.921
8.501
18.653
22.570
135.654
9.768
0.012
0.003
0.000
0.000
8.657
15.120
9.519
0.858
10.931
4.899
18.821
5.764
15.783
11.961
16.037
99.128
15.887
16.679
8.600
33.598
8.562
5.387
13.108
4.498
13.211
16.215
19.161
2.110
0.611
0.041
12.288
11.199
18.594
17.647
23.485
12.483
0.807
22.726
22.925
17.043
7.550
31.352
6.981
0.810
6.369
14.526
32.104
23.784
9.857
1.516
14.035
8.731
7.004
6.228
17.731
23.241
4.934
12.138
0.553
0.005
49.545
22.350
9.898
4.261
0.439
0.003
0.003
0.000
0.000
0.002
0.000
0.002
0.096
0.481
0.690
1.655
0.340
1.974
1.828
0.130
0.000
0.000
0.000
0.000
0.002
0.000
0.000
0.000
0.196
0.505
0.000
0.000
0.000
0.000
0.000
0.000
0.000
0.002
0.000
0.000
0.000
0.002
0.000
0.000
0.000
0.000
0.000
0.000
0.000
0.000
0.000
0.000
0.000
0.000
0.000
0.000
0.000
0.000
0.000
0.000
0.000
0.000
0.000
0.000
0.000
0.002
0.000
0.000
0.000
0.000
0.000
0.000
0.000
0.000
0.000
0.000
0.000
0.000
0.000
0.002
0.000
0.000
0.000
0.000
0.000
0.000
0.000
0.000
0.000
0.000
0.000
0.000
0.000
0.000
0.000
0.000
0.000
0.000
0.000
0.000
0.000
53.781
14.612
0.367
0.024
0.014
0.000
0.453
5.100
4.147
0.003
0.000
0.000
0.000
0.000
0.000
0.002
0.000
0.000
0.002
0.000
0.000
0.000
0.000
0.000
0.000
7.766
0.652
1.837
4.398
0.000
0.000
0.000
0.000
0.000
0.000
0.000
0.000
0.000
0.000
0.000
0.000
0.000
0.000
0.000
0.014
1.394
1.396
0.240
0.000
0.000
0.000
0.000
0.000
0.000
0.000
0.000
0.000
0.000
0.000
0.002
0.000
0.000
0.000
0.000
0.000
0.000
0.000
0.000
0.000
0.000
0.000
0.271
0.024
0.000
0.000
0.000
0.002
0.000
0.000
0.000
0.000
0.000
0.000
0.000
0.000
0.000
0.000
0.000
0.000
0.000
0.000
0.000
0.000
0.000
0.048
0.374
1.006
0.199
0.000
0.000
0.000
0.000
0.000
0.014
0.000
0.000
0.000
0.000
0.000
0.000
0.000
0.000
0.026
0.012
0.000
0.000
0.000
0.000
0.000
0.000
0.000
0.000
0.000
0.000
0.000
0.000
0.000
0.000
0.000
0.048
0.002
0.000
0.000
0.000
0.000
0.000
0.000
0.000
0.000
0.000
0.000
0.000
0.000
0.000
0.000
0.000
0.000
0.000
0.000
0.000
0.000
0.000
0.000
0.000
0.000
0.000
0.000
0.000
0.611
0.000
0.000
0.093
0.000
0.000
0.000
0.007
1.754
0.027
0.000
0.472
10.293
10.585
5.885
34.068
172.169
10.434
0.553
0.316
0.330
0.051
0.000
0.000
0.000
1.263
0.168
14.547
39.221
8.269
3.037
10.391
12.044
13.180
4.807
4.065
6.060
17.084
26.185
9.242
2.577
12.382
6.032
8.116
17.908
11.759
8.243
16.229
11.254
9.756
17.231
7.186
0.429
18.488
8.209
3.619
9.641
21.818
9.156
8.810
28.607
0.901
5.019
10.825
37.075
13.726
1.284
0.282
0.299
5.713
7.685
11.948
2.729
2.328
0.748
7.800
1.770
1.912
0.160
10.138
17.060
12.257
1.840
0.000
0.019
0.000
0.000
0.055
0.000
1.037
7.121
5.057
3.900
4.140
0.062
1.651
12.751
10.185
15.724
5.225
14.083
26.726
0.130
0.000
0.014
0.014
9.405
0.961
0.000
0.000
0.000
0.000
0.000
0.000
0.000
0.000
0.233
0.024
10.691
1.154
0.000
0.000
0.000
0.000
0.000
0.000
0.000
0.000
0.000
0.000
0.000
0.000
0.000
0.000
0.000
0.000
0.000
0.000
0.000
0.002
0.000
0.000
0.000
0.000
0.000
0.002
0.000
0.000
19.717
19.254
2.805
0.922
0.807
0.000
0.000
0.000
0.002
0.000
0.000
0.000
0.000
0.000
0.002
0.000
0.000
0.000
0.000
0.000
0.002
0.000
0.000
0.000
0.000
0.000
0.000
0.000
0.000
0.000
0.000
0.003
0.000
0.000
0.000
0.000
0.000
0.000
0.000
0.446
0.196
0.002
0.381
0.034
0.000
0.000
0.000
0.000
0.000
0.000
0.000
0.000
0.000
0.000
0.002
0.000
0.000
0.000
0.000
0.000
0.000
0.511
0.041
0.000
0.000
0.000
0.000
0.000
0.000
0.000
0.000
0.000
0.000
0.000
0.000
0.000
0.000
0.000
0.000
0.000
0.000
0.002
0.000
0.000
0.002
0.000
0.000
0.000
0.000
0.000
0.000
0.000
0.003
0.000
0.000
0.000
0.000
0.000
0.438
0.000
0.000
0.000
0.000
0.000
0.000
0.041
9.043
39.853
0.000
0.000
0.000
0.000
0.000
0.000
3.852
0.000
0.000
0.000
0.000
0.000
0.000
0.000
0.000
0.000
0.000
0.000
0.000
0.000
0.000
0.000
0.002
0.002
0.134
1.281
0.027
1.456
0.000
0.000
0.000
0.000
0.000
0.002
0.000
0.000
0.000
0.000
0.014
0.051
0.000
0.000
0.000
0.014
2.147
0.000
0.000
0.000
0.000
0.000
0.000
0.000
0.000
0.000
0.000
0.790
0.017
0.000
0.000
0.007
0.072
0.443
0.051
0.000
0.000
0.000
0.000
0.000
0.000
0.000
0.000
0.000
0.003
0.000
0.000
0.000
0.000
0.000
0.000
0.000
0.000
0.000
0.000
0.000
0.000
0.000
0.000
0.000
0.000
0.000
0.000
0.000
0.000
0.000
0.000
0.002
0.000
0.000
0.000
0.000
0.000
0.000
0.000
0.000
0.000
0.010
0.031
0.000
0.000
0.022
0.000
0.014
0.189
0.014
0.000
6.779
2.103
3.995
0.438
0.018
5.497
0.841
0.055
0.000
0.000
0.000
0.001
0.891
17.771
4.255
10.641
9.409
3.722
7.917
2.554
1.717
0.100
0.110
0.003
0.340
0.220
0.065
2.008
2.613
1.418
0.426
8.767
1.651
0.989
0.021
0.000
4.777
10.619
3.723
5.529
4.594
2.913
3.629
26.350
74.542
59.415
7.095
0.772
2.094
2.256
0.000
0.058
0.443
0.179
2.225
0.223
1.607
8.315
6.123
5.129
7.876
3.893
5.600
1.339
27.662
11.199
6.425
0.093
10.293
8.533
12.768
0.003
0.096
0.000
0.076
5.078
7.831
18.896
1.150
3.622
0.271
1.828
0.017
0.000
0.000
0.000
0.000
0.000
0.002
0.002
0.000
0.000
0.000
0.000
1.593
0.319
0.000
0.000
0.003
26.499
2.585
12.548
3.313
0.024
4.168
0.814
5.435
6.339
17.370
5.043
17.846
18.364
1.020
5.425
0.615
6.877
4.717
4.316
0.233
10.543
0.058
0.000
75.016
13.894
0.786
0.324
0.115
0.000
0.000
0.000
0.000
0.000
1.765
0.700
9.160
0.978
0.065
0.002
0.000
0.000
0.000
0.000
0.000
0.000
0.000
0.000
0.000
0.000
0.000
0.000
0.000
0.001
0.000
0.000
0.000
0.000
0.000
0.000
0.000
0.000
0.000
0.000
0.000
0.000
0.000
0.000
0.000
0.000
0.000
0.000
0.000
0.000
0.002
0.000
0.000
0.000
0.000
0.000
0.002
0.000
0.000
0.000
0.000
0.000
0.003
0.002
0.000
0.000
0.002
0.000
0.000
0.000
0.000
0.000
0.000
0.000
0.000
0.002
0.000
0.000
0.000
0.000
0.000
0.017
0.000
0.000
1.404
0.273
0.000
0.000
0.000
0.048
0.927
0.089
0.000
0.000
0.000
0.187
0.000
1.463
0.330
0.017
0.000
0.000
0.000
0.002
0.000
0.000
0.000
0.000
0.000
0.000
0.000
0.000
0.000
0.000
0.000
0.000
0.000
0.000
0.000
0.000
0.000
0.000
0.000
0.000
0.584
4.958
1.339
0.000
0.000
0.000
0.000
0.000
0.249
4.537
0.615
0.000
0.057
3.674
7.474
9.520
0.807
0.000
0.002
0.000
0.000
0.000
0.000
0.000
0.003
0.014
0.007
0.405
0.031
0.000
0.000
0.000
0.000
0.000
0.000
0.000
0.002
0.000
0.000
0.003
0.000
0.000
0.000
0.000
0.000
0.000
0.000
0.000
0.000
0.003
0.002
0.000
0.000
0.007
0.000
0.000
0.000
0.000
0.000
0.800
0.017
0.000
0.000
0.127
0.254
0.000
0.000
0.000
0.000
0.000
0.000
0.000
0.000
0.000
0.000
0.000
0.003
0.000
0.000
0.027
0.000
0.172
0.000
0.002
0.295
0.182
0.000
0.000
0.000
0.136
0.000
0.000
0.000
0.000
0.000
0.000
0.000
0.000
0.000
0.000
0.103
0.000
18.601
0.000
0.000
0.000
0.000
0.060
0.000
0.003
0.000
0.000
0.002
0.000
0.000
0.000
0.058
0.000
0.103
0.007
0.055
0.141
2.661
6.901
3.255
18.845
2.777
0.536
0.038
0.299
1.329
1.119
0.048
0.003
0.881
4.295
0.275
0.003
0.652
2.481
0.743
5.231
8.195
0.000
0.000
0.000
0.000
0.003
1.154
0.113
3.777
19.147
4.987
18.244
4.116
5.836
36.135
76.558
5.157
0.438
2.101
2.613
0.498
9.445
11.845
1.490
4.844
10.849
