20000101
0.368
0.507
0.544
0.545
0.505
0.557
0.531
0.520
0.433
0.340
0.390
0.341
0.369
0.406
0.501
0.503
0.544
0.428
0.367
0.384
0.426
0.391
0.477
0.485
0.486
0.363
0.348
0.467
0.600
0.517
0.467
0.371
0.470
0.531
0.477
0.441
0.632
0.609
0.521
0.462
0.468
0.622
0.707
0.601
0.506
0.423
0.382
0.452
0.367
0.367
0.239
0.615
0.509
0.436
0.404
0.428
0.223
0.409
0.363
0.384
0.299
0.347
0.387
0.322
0.369
0.423
0.245
0.239
0.236
0.242
0.131
0.218
0.199
0.278
0.387
0.280
0.284
0.178
0.320
0.344
0.245
0.205
0.322
0.345
0.410
0.346
0.190
0.220
0.161
0.265
0.332
0.283
0.188
0.364
0.411
0.396
0.365
0.362
0.383
0.185
0.299
0.186
0.275
0.121
0.125
0.201
0.372
0.356
0.213
0.125
0.148
0.195
0.253
0.195
0.243
0.280
0.256
0.230
0.214
0.241
0.243
0.293
0.225
0.235
0.344
0.390
0.367
0.337
0.281
0.278
0.323
0.327
0.294
0.282
0.302
0.412
0.327
0.231
0.240
0.281
0.336
0.362
0.443
0.417
0.335
0.217
0.180
0.191
0.189
0.158
0.220
0.257
0.384
0.474
0.423
0.447
0.573
0.720
0.778
0.710
0.683
0.540
0.430
0.368
0.297
0.354
0.465
0.476
0.494
0.585
0.809
0.762
0.745
0.806
0.589
0.501
0.403
0.365
0.397
0.430
0.631
0.624
0.592
0.596
0.595
0.567
0.461
0.425
0.614
0.669
0.705
0.801
0.810
0.789
0.820
0.756
0.842
0.876
0.797
0.883
0.889
0.818
0.758
0.850
0.749
0.763
0.908
0.955
0.892
0.844
0.849
0.840
0.835
0.856
0.713
0.608
0.590
0.515
0.504
0.560
0.570
0.778
0.718
0.696
0.723
0.741
0.812
0.781
0.846
0.800
0.853
0.877
0.789
0.822
0.740
0.665
0.639
0.625
0.613
0.682
0.689
0.650
0.911
0.875
0.954
0.960
0.950
0.873
0.884
0.837
0.885
0.891
0.856
0.695
0.632
0.618
0.627
0.617
0.698
0.766
0.907
0.810
0.840
0.898
0.838
0.796
0.829
0.726
0.663
0.552
0.533
0.504
0.522
0.549
0.660
0.572
0.561
0.560
0.537
0.600
0.619
0.575
0.590
0.597
0.565
0.514
0.493
0.405
0.510
0.480
0.649
0.674
0.660
0.526
0.435
0.426
0.370
0.345
0.356
0.384
0.392
0.627
0.669
0.637
0.592
0.493
0.482
0.560
0.587
0.548
0.517
0.452
0.344
0.410
0.532
0.539
0.437
0.330
0.475
0.478
0.350
0.385
0.531
0.430
0.307
0.445
0.590
0.534
0.591
0.545
0.515
0.510
0.464
0.470
0.540
0.514
0.473
0.473
0.522
0.512
0.500
0.481
0.552
0.496
0.511
0.506
0.526
0.529
0.528
0.523
0.546
0.556
0.550
0.596
0.580
0.510
0.539
0.554
0.547
0.557
0.634
0.566
0.477
0.498
0.453
0.341
0.884
0.669
0.606
0.602
0.596
0.591
0.476
0.362
0.380
0.516
0.541
0.446
0.380
0.434
0.390
0.468
0.545
0.525
0.441
0.495
0.447
0.353
0.361
0.330
0.345
0.430
0.301
0.402
0.450
0.419
0.405
0.423
0.375
0.250
0.249
0.246
0.286
0.438
0.320
0.311
0.451
0.460
0.361
0.334
0.300
0.302
0.378
0.503
0.466
0.501
0.481
0.258
0.475
0.425
0.380
0.370
0.385
0.363
0.228
0.450
0.214
0.223
0.274
0.409
0.408
0.152
0.158
0.176
0.157
0.167
0.144
0.155
0.199
0.248
0.331
0.263
0.352
0.390
0.269
0.310
0.397
0.403
0.232
0.202
0.225
0.201
0.191
0.221
0.363
0.234
0.245
0.198
0.180
0.147
0.136
0.170
0.096
0.143
0.111
0.091
0.104
0.119
0.353
0.447
0.448
0.348
0.465
0.511
0.300
0.246
0.205
0.191
0.147
0.137
0.166
0.174
0.139
0.108
0.116
0.118
0.114
0.183
0.170
0.165
0.228
0.185
0.325
0.264
0.204
0.155
0.144
0.276
0.409
0.376
0.260
0.304
0.274
0.354
0.347
0.312
0.396
0.376
0.349
0.303
0.221
0.213
0.244
0.270
0.253
0.309
0.344
0.479
0.449
0.446
0.412
0.465
0.389
0.328
0.380
0.308
0.328
0.395
0.471
0.586
0.801
0.796
0.808
0.785
0.648
0.711
0.698
0.734
0.859
0.662
0.877
0.924
0.862
0.928
0.842
0.812
0.899
0.853
0.796
0.766
0.798
0.751
0.701
0.682
0.783
0.819
0.839
0.893
0.926
0.928
0.936
0.928
0.853
0.901
0.914
0.840
0.802
0.836
0.899
0.901
0.879
0.837
0.835
0.873
0.806
0.760
0.755
0.720
0.692
0.655
0.748
0.804
0.794
0.842
0.826
0.762
0.743
0.846
0.832
0.758
0.777
0.856
0.844
0.833
0.850
0.837
0.930
0.915
0.900
0.863
0.928
0.958
0.830
0.825
0.811
0.703
0.634
0.775
0.944
0.925
0.873
0.884
0.883
0.786
0.736
0.787
0.699
0.762
0.618
0.566
0.654
0.685
0.806
0.801
0.808
0.606
0.557
0.508
0.406
0.575
0.527
0.495
0.559
0.684
0.687
0.706
0.754
0.806
0.828
0.884
0.859
0.853
0.815
0.911
0.810
0.747
0.810
0.844
0.694
0.652
0.599
0.511
0.558
0.528
0.422
0.517
0.577
0.563
0.442
0.406
0.535
0.643
0.654
0.602
0.476
0.468
0.507
0.737
0.674
0.623
0.460
0.393
0.464
0.404
0.446
0.420
0.471
0.490
0.502
0.478
0.512
0.602
0.638
0.604
0.583
0.622
0.648
0.639
0.562
0.491
0.581
0.605
0.606
0.550
0.519
0.528
0.490
0.545
0.615
0.601
0.554
0.495
0.550
0.525
0.551
0.487
0.560
0.543
0.463
0.493
0.500
0.493
0.519
0.534
0.523
0.546
0.542
0.598
0.619
0.620
0.564
0.584
0.581
0.576
0.528
0.487
0.481
0.500
0.556
0.589
0.530
0.449
0.524
0.485
0.394
0.377
0.407
0.432
0.445
0.517
0.550
0.530
0.522
0.559
0.519
0.382
0.439
0.569
0.399
0.551
0.562
0.595
0.689
0.766
0.466
0.378
0.317
0.519
0.667
0.665
0.599
0.527
0.440
0.488
0.452
0.410
0.350
0.364
0.534
0.711
0.487
0.521
0.432
0.664
0.620
0.526
0.559
0.497
0.415
0.442
0.374
0.395
0.473
0.403
0.298
0.350
0.312
0.319
0.355
0.424
0.432
0.269
0.357
0.286
0.413
0.365
0.222
0.394
0.421
0.299
0.443
0.278
0.240
0.341
0.523
0.408
0.347
0.377
0.345
0.335
0.387
0.365
0.424
0.418
0.176
0.150
0.155
0.214
0.351
0.410
0.185
0.141
0.189
0.233
0.197
0.202
0.358
0.226
0.197
0.422
0.296
0.266
0.193
0.279
0.182
0.215
0.239
0.366
0.226
0.189
0.271
0.128
0.162
0.157
0.183
0.199
0.144
0.323
0.214
0.137
0.272
0.125
0.105
0.208
0.148
0.129
0.200
0.227
0.247
0.211
0.177
0.127
0.112
0.138
0.257
0.329
0.399
0.411
0.338
0.148
0.129
0.163
0.140
0.161
0.105
0.171
0.240
0.229
0.271
0.323
0.332
0.339
0.298
0.335
0.223
0.232
0.316
0.310
0.266
0.286
0.249
0.347
0.470
0.445
0.357
0.269
0.304
0.308
0.338
0.349
0.346
0.365
0.383
0.427
0.585
0.770
0.736
0.699
0.698
0.657
0.665
0.587
0.822
0.853
0.905
0.926
0.862
0.587
0.422
0.417
0.489
0.433
0.375
0.388
0.414
0.390
0.526
0.674
0.779
0.737
0.807
0.842
0.912
0.731
0.595
0.543
0.527
0.656
0.570
0.440
0.385
0.435
0.487
0.559
0.582
0.646
0.776
0.845
0.884
0.853
0.877
0.819
0.907
0.956
0.931
0.884
0.835
0.869
0.936
0.889
0.825
0.782
0.842
0.904
0.878
0.858
0.813
0.751
0.813
0.778
0.881
0.866
0.831
0.884
0.864
0.912
0.941
0.910
0.803
0.894
0.917
0.926
0.936
0.930
0.952
0.945
0.832
0.711
0.602
0.566
0.573
0.655
0.626
0.639
0.692
0.757
0.841
0.799
0.899
0.842
0.752
0.754
0.753
0.662
0.510
0.434
0.451
0.490
0.494
0.516
0.612
0.738
0.747
0.656
0.597
0.579
0.584
0.660
0.703
0.657
0.799
0.938
0.758
0.573
0.501
0.428
0.457
0.559
0.562
0.609
0.610
0.536
0.439
0.354
0.364
0.366
0.460
0.436
0.498
0.557
0.528
0.508
0.549
0.580
0.598
0.556
0.605
0.522
0.597
0.582
0.645
0.632
0.600
0.602
0.503
0.413
0.449
0.603
0.643
0.600
0.531
0.529
0.568
0.562
0.539
0.593
0.569
0.543
0.506
0.492
0.439
0.547
0.500
0.515
0.561
0.510
0.516
0.576
0.601
0.596
0.598
0.601
0.406
0.476
0.430
0.570
0.553
0.515
0.552
0.533
0.620
0.632
0.636
0.603
0.501
0.495
0.762
0.706
0.645
0.649
0.663
0.575
0.583
0.651
0.553
0.576
0.581
0.557
0.489
0.507
0.481
0.554
0.508
0.460
0.454
0.440
0.472
0.437
0.464
0.444
0.407
0.506
0.442
0.459
0.516
0.608
0.410
0.571
0.787
0.779
0.849
0.760
0.625
0.491
0.372
0.513
0.578
0.580
0.705
0.508
0.375
0.322
0.244
0.263
0.458
0.570
0.565
0.469
0.459
0.450
0.423
0.454
0.458
0.392
0.318
0.311
0.398
0.285
0.262
0.171
0.280
0.382
0.246
0.350
0.174
0.395
0.455
0.519
0.458
0.421
0.282
0.388
0.392
0.383
0.362
0.255
0.237
0.256
0.240
0.278
0.325
0.238
0.266
0.292
0.221
0.248
0.234
0.208
0.220
0.218
0.265
0.288
0.227
0.150
0.120
0.289
0.168
0.106
0.194
0.226
0.209
0.159
0.141
0.211
0.255
0.257
0.173
0.245
0.265
0.124
0.272
0.184
0.165
0.363
0.301
0.300
0.299
0.258
0.138
0.135
0.359
0.263
0.240
0.197
0.124
0.245
0.215
0.195
0.229
0.292
0.283
0.220
0.142
0.190
0.216
0.152
0.194
0.161
0.255
0.228
0.240
0.218
0.185
0.172
0.220
0.203
0.186
0.260
0.259
0.263
0.233
0.178
0.177
0.236
0.188
0.242
0.212
0.167
0.164
0.331
0.423
0.354
0.362
0.312
0.378
0.565
0.722
0.860
0.786
0.836
0.800
0.788
0.855
0.866
0.762
0.755
0.758
0.787
0.799
0.801
0.776
0.724
0.732
0.716
0.781
0.823
0.755
0.766
0.775
0.837
0.860
0.778
0.754
0.701
0.668
0.654
0.668
0.696
0.907
0.831
0.856
0.795
0.937
0.790
0.796
0.753
0.880
0.924
0.944
0.920
0.851
0.870
0.749
0.725
0.735
0.738
0.764
0.855
0.869
0.920
0.916
0.905
0.861
0.841
0.813
0.847
0.906
0.841
0.881
0.822
0.866
0.795
0.805
0.879
0.875
0.919
0.925
0.906
0.870
0.930
0.963
0.944
0.919
0.913
0.881
0.921
0.936
0.937
0.881
0.879
0.883
0.917
0.879
0.870
0.863
0.845
0.895
0.896
0.881
0.847
0.858
0.880
0.841
0.859
0.885
0.874
0.925
0.920
0.871
0.863
0.654
0.558
0.538
0.853
0.899
0.942
0.965
0.968
0.785
0.617
0.542
0.545
0.520
0.552
0.651
0.803
0.796
0.911
0.817
0.741
0.868
0.913
0.974
0.968
0.920
0.873
0.823
0.864
0.818
0.852
0.826
0.702
0.636
0.539
0.616
0.477
0.492
0.610
0.565
0.505
0.564
0.506
0.563
0.553
0.638
0.641
0.541
0.553
0.586
0.663
0.610
0.616
0.594
0.606
0.622
0.565
0.517
0.498
0.608
0.574
0.618
0.592
0.600
0.559
0.578
0.576
0.630
0.563
0.606
0.609
0.562
0.537
0.592
0.574
0.571
0.723
0.740
0.699
0.644
0.668
0.596
0.476
0.514
0.552
0.550
0.493
0.590
0.763
0.783
0.679
0.643
0.483
0.566
0.534
0.530
0.504
0.567
0.610
0.638
0.594
0.608
0.605
0.663
0.664
0.595
0.578
0.618
0.634
0.481
0.569
0.536
0.521
0.467
0.818
0.701
0.609
0.550
0.568
0.514
0.456
0.500
0.621
0.635
0.607
0.501
0.450
0.410
0.415
0.473
0.532
0.504
0.365
0.343
0.361
0.437
0.520
0.476
0.409
0.383
0.379
0.308
0.415
0.390
0.391
0.440
0.439
0.487
0.456
0.441
0.343
0.307
0.363
0.228
0.221
0.377
0.344
0.255
0.235
0.265
0.351
0.361
0.338
0.335
0.379
0.403
0.384
0.279
0.242
0.419
0.326
0.231
0.351
0.363
0.230
0.251
0.297
0.195
0.346
0.214
0.324
0.264
0.337
0.359
0.341
0.285
0.279
0.339
0.201
0.229
0.211
0.222
0.186
0.283
0.289
0.153
0.166
0.209
0.302
0.266
0.140
0.183
0.205
0.273
0.228
0.259
0.314
0.238
0.329
0.364
0.349
0.313
0.302
0.356
0.312
0.160
0.196
0.123
0.250
0.268
0.280
0.275
0.253
0.260
0.239
0.289
0.334
0.318
0.281
0.233
0.252
0.174
0.132
0.163
0.172
0.160
0.172
0.260
0.293
0.225
0.250
0.265
0.240
0.259
0.288
0.284
0.273
0.301
0.337
0.361
0.368
0.350
0.345
0.336
0.439
0.538
0.779
0.893
0.882
0.816
0.754
0.881
0.891
0.872
0.729
0.573
0.462
0.431
0.457
0.441
0.477
0.448
0.424
0.420
0.446
0.427
0.485
0.655
0.651
0.683
0.752
0.823
0.672
0.608
0.541
0.495
0.550
0.562
0.579
0.798
0.802
0.748
0.670
0.690
0.613
0.557
0.510
0.748
0.790
0.747
0.768
0.851
0.813
0.841
0.806
0.767
0.790
0.823
0.761
0.816
0.832
0.873
0.948
0.889
0.909
0.930
0.936
0.928
0.919
0.901
0.863
0.911
0.885
0.837
0.896
0.935
0.903
0.860
0.809
0.795
0.822
0.824
0.831
0.736
0.656
0.686
0.649
0.671
0.678
0.574
0.505
0.655
0.730
0.605
0.526
0.556
0.832
0.823
0.791
0.697
0.696
0.712
0.794
0.931
0.929
0.835
0.856
0.810
0.871
0.799
0.866
0.872
0.742
0.622
0.528
0.571
0.624
0.750
0.785
0.785
0.888
0.878
0.895
0.723
0.575
0.539
0.592
0.612
0.702
0.872
0.697
0.616
0.581
0.565
0.627
0.603
0.576
0.579
0.583
0.493
0.416
0.425
0.508
0.501
0.527
0.547
0.560
0.541
0.435
0.556
0.596
0.552
0.499
0.529
0.474
0.539
0.583
0.506
0.414
0.490
0.565
0.540
0.501
0.541
0.492
0.493
0.588
0.576
0.553
0.583
0.547
0.492
0.585
0.658
0.652
0.644
0.590
0.556
0.577
0.629
0.651
0.642
0.614
0.545
0.575
0.674
0.644
0.602
0.611
0.656
0.681
0.633
0.612
0.643
0.653
0.655
0.543
0.505
0.622
0.499
0.656
0.629
0.521
0.460
0.500
0.518
0.543
0.532
0.370
0.444
0.556
0.585
0.612
0.567
0.609
0.594
0.575
0.541
0.424
0.557
0.619
0.616
0.525
0.518
0.438
0.531
0.612
0.545
0.372
0.402
0.616
0.482
0.481
0.488
0.481
0.808
0.761
0.894
0.935
0.896
0.674
0.574
0.508
0.553
0.570
0.500
0.657
0.632
0.512
0.407
0.444
0.436
0.360
0.357
0.386
0.484
0.354
0.356
0.335
0.391
0.531
0.500
0.321
0.336
0.311
0.332
0.341
0.368
0.361
0.398
0.375
0.296
0.279
0.342
0.328
0.380
0.582
0.483
0.462
0.441
0.355
0.339
0.385
0.313
0.308
0.211
0.139
0.186
0.221
0.263
0.299
0.372
0.261
0.301
0.214
0.316
0.296
0.304
0.167
0.135
0.174
0.239
0.126
0.218
0.145
0.237
0.290
0.166
0.107
0.202
0.282
0.294
0.185
0.159
0.186
0.206
0.192
0.308
0.193
0.287
0.135
0.175
0.229
0.221
0.242
0.282
0.291
0.275
0.318
0.412
0.289
0.280
0.290
0.238
0.284
0.352
0.408
0.209
0.424
0.261
0.177
0.300
0.325
0.152
0.268
0.142
0.192
0.179
0.141
0.325
0.371
0.317
0.255
0.156
0.255
0.220
0.171
0.333
0.285
0.211
0.172
0.239
0.175
0.218
0.259
0.204
0.184
0.358
0.286
0.178
0.164
0.185
0.203
0.222
0.211
0.219
0.185
0.264
0.246
0.315
0.363
0.569
0.696
0.614
0.631
0.691
0.684
0.908
0.910
0.774
0.787
0.890
0.904
0.896
0.798
0.733
0.693
0.644
0.628
0.753
0.869
0.885
0.902
0.799
0.790
0.734
0.660
0.672
0.706
0.665
0.641
0.588
0.569
0.693
0.732
0.803
0.816
0.806
0.779
0.859
0.778
0.746
0.826
0.890
0.851
0.877
0.849
0.769
0.672
0.628
0.719
0.704
0.586
0.602
0.905
0.877
0.857
0.841
0.904
0.894
0.932
0.912
0.953
0.866
0.693
0.694
0.656
0.623
0.584
0.515
0.557
0.580
0.717
0.836
0.809
0.810
0.860
0.824
0.842
0.790
0.833
0.896
0.889
0.927
0.917
0.826
0.849
0.851
0.915
0.851
0.751
0.800
0.848
0.830
0.782
0.807
0.704
0.708
0.717
0.673
0.677
0.644
0.647
0.725
0.749
0.692
0.637
0.624
0.602
0.579
0.642
0.611
0.657
0.674
0.716
0.924
0.926
0.904
0.975
0.897
0.878
0.938
0.854
0.832
0.804
0.701
0.654
0.708
0.690
0.661
0.690
0.689
0.808
0.678
0.755
0.629
0.559
0.555
0.577
0.606
0.631
0.644
0.646
0.528
0.449
0.430
0.444
0.446
0.516
0.543
0.474
0.556
0.621
0.523
0.531
0.449
0.522
0.521
0.595
0.601
0.616
0.598
0.489
0.492
0.490
0.411
0.448
0.548
0.565
0.565
0.565
0.545
0.585
0.581
0.562
0.567
0.541
0.574
0.487
0.532
0.521
0.515
0.545
0.650
0.685
0.665
0.663
0.632
0.556
0.521
0.482
0.468
0.511
0.465
0.570
0.509
0.564
0.599
0.559
0.502
0.452
0.494
0.526
0.513
0.501
0.468
0.504
0.499
0.539
0.523
0.391
0.523
0.613
0.591
0.565
0.443
0.387
0.510
0.534
0.555
0.535
0.482
0.502
0.500
0.505
0.504
0.501
0.474
0.398
0.477
0.555
0.529
0.436
0.537
0.535
0.460
0.518
0.434
0.362
0.299
0.502
0.514
0.491
0.470
0.467
0.469
0.481
0.458
0.462
0.449
0.393
0.423
0.268
0.284
0.380
0.306
0.458
0.381
0.491
0.482
0.561
0.844
0.837
0.706
0.533
0.431
0.503
0.604
0.389
0.295
0.239
0.262
0.261
0.247
0.235
0.213
0.205
0.221
0.192
0.181
0.184
0.188
0.256
0.209
0.154
0.182
0.172
0.183
0.198
0.182
0.160
0.189
0.175
0.191
0.204
0.150
0.192
0.341
0.365
0.454
0.427
0.395
0.258
0.233
0.237
0.251
0.189
0.158
0.163
0.145
0.258
0.265
0.308
0.266
0.216
0.187
0.217
0.218
0.200
0.201
0.196
0.260
0.319
0.264
0.285
0.192
0.233
0.311
0.436
0.491
0.434
0.337
0.345
0.386
0.324
0.393
0.328
0.318
0.335
0.429
0.415
0.318
0.276
0.327
0.317
0.340
0.423
0.485
0.575
0.715
0.784
0.821
0.568
0.372
0.396
0.328
0.250
0.220
0.245
0.236
0.260
0.236
0.193
0.254
0.391
0.542
0.544
0.627
0.646
0.589
0.585
0.650
0.711
0.733
0.717
0.738
0.814
0.797
0.763
0.727
0.729
0.825
0.937
0.922
0.847
0.734
0.795
0.866
0.784
0.831
0.855
0.835
0.849
0.865
0.877
0.843
0.854
0.766
0.814
0.835
0.889
0.911
0.918
0.925
0.842
0.855
0.927
0.850
0.901
0.827
0.748
0.747
0.754
0.840
0.776
0.804
0.777
0.827
0.816
0.851
0.803
0.923
0.917
0.782
0.718
0.857
0.935
0.945
0.913
0.912
0.944
0.832
0.889
0.936
0.887
0.788
0.652
0.662
0.704
0.715
0.824
0.815
0.766
0.838
0.681
0.594
0.624
0.653
0.614
0.696
0.725
0.826
0.756
0.834
0.830
0.908
0.968
0.920
0.963
0.937
0.824
0.861
0.782
0.729
0.849
0.887
0.842
0.787
0.793
0.710
0.537
0.408
0.465
0.491
0.555
0.571
0.470
0.475
0.582
0.605
0.642
0.560
0.554
0.439
0.560
0.678
0.612
0.614
0.559
0.613
0.562
0.534
0.536
0.689
0.875
0.753
0.639
0.641
0.698
0.825
0.886
0.717
0.552
0.498
0.391
0.532
0.558
0.644
0.642
0.636
0.575
0.502
0.487
0.452
0.446
0.471
0.437
0.518
0.570
0.519
0.456
0.559
0.540
0.570
0.559
0.466
0.466
0.386
0.470
0.541
0.528
0.587
0.562
0.504
0.471
0.564
0.656
0.546
0.623
0.586
0.582
0.455
0.453
0.609
0.632
0.541
0.531
0.551
0.614
0.577
0.583
0.584
0.566
0.560
0.630
0.590
0.585
0.552
0.416
0.573
0.626
0.593
0.546
0.492
0.556
0.574
0.526
0.518
0.558
0.608
0.549
0.507
0.436
0.326
0.350
0.506
0.506
0.518
0.492
0.549
0.464
0.495
0.488
0.462
0.398
0.326
0.419
0.354
0.508
0.527
0.398
0.336
0.388
0.426
0.453
0.364
0.615
0.547
0.600
0.725
0.680
0.874
0.699
0.510
0.497
0.487
0.457
0.441
0.459
0.395
0.403
0.435
0.322
0.359
0.467
0.379
0.315
0.260
0.377
0.381
0.305
0.272
0.272
0.291
0.278
0.277
0.420
0.413
0.392
0.770
0.605
0.478
0.272
0.340
0.371
0.382
0.317
0.279
0.282
0.293
0.262
0.223
0.193
0.251
0.321
0.325
0.319
0.188
0.250
0.271
0.191
0.148
0.155
0.306
0.239
0.187
0.217
0.188
0.280
0.165
0.271
0.346
0.394
0.373
0.327
0.328
0.352
0.344
0.297
0.270
0.216
0.166
0.161
0.160
0.191
0.250
0.331
0.301
0.312
0.346
0.442
0.385
0.425
0.501
0.488
0.491
0.461
0.397
0.264
0.317
0.405
0.303
0.343
0.369
0.382
0.370
0.373
0.361
0.298
0.277
0.243
0.155
0.150
0.157
0.148
0.186
0.239
0.225
0.230
0.224
0.184
0.150
0.217
0.286
0.241
0.319
0.254
0.261
0.255
0.344
0.338
0.378
0.449
0.556
0.614
0.518
0.482
0.551
0.573
0.616
0.617
0.601
0.685
0.652
0.690
0.735
0.671
0.849
0.778
0.791
0.697
0.689
0.824
0.837
0.941
0.925
0.801
0.771
0.732
0.740
0.728
0.831
0.881
0.890
0.943
0.908
0.832
0.710
0.746
0.738
0.769
0.772
0.849
0.893
0.788
0.706
0.858
0.800
0.794
0.839
0.862
0.880
0.839
0.797
0.871
0.884
0.842
0.772
0.797
0.802
0.818
0.878
0.951
0.940
0.902
0.949
0.850
0.903
0.895
0.947
0.804
0.716
0.859
0.724
0.777
0.807
0.861
0.930
0.816
0.792
0.851
0.874
0.879
0.814
0.838
0.906
0.832
0.925
0.890
0.961
0.904
0.713
0.706
0.669
0.690
0.837
0.851
0.877
0.896
0.960
0.852
0.851
0.864
0.963
0.903
0.871
0.890
0.970
0.933
0.947
0.927
0.869
0.831
0.919
0.913
0.908
0.922
0.563
0.416
0.386
0.430
0.435
0.504
0.566
0.509
0.754
0.745
0.670
0.583
0.529
0.499
0.547
0.422
0.410
0.433
0.468
0.536
0.567
0.562
0.606
0.637
0.772
0.888
0.714
0.627
0.580
0.510
0.636
0.629
0.582
0.625
0.581
0.484
0.511
0.572
0.549
0.616
0.653
0.667
0.640
0.568
0.540
0.612
0.623
0.653
0.609
0.574
0.567
0.649
0.657
0.552
0.509
0.440
0.412
0.462
0.450
0.562
0.574
0.547
0.537
0.558
0.476
0.514
0.509
0.596
0.554
0.674
0.517
0.565
0.454
0.445
0.537
0.408
0.337
0.363
0.436
0.480
0.605
0.587
0.519
0.530
0.503
0.525
0.402
0.393
0.390
0.498
0.513
0.493
0.560
0.559
0.564
0.498
0.512
0.623
0.535
0.519
0.476
0.504
0.503
0.498
0.379
0.621
0.577
0.474
0.783
0.925
0.909
0.806
0.588
0.385
0.390
0.601
0.563
0.374
0.399
0.320
0.634
0.683
0.810
0.704
0.919
0.778
0.468
0.356
0.334
0.287
0.324
0.339
0.255
0.222
0.292
0.350
0.311
0.386
0.346
0.264
0.259
0.339
0.245
0.221
0.249
0.250
0.379
0.381
0.253
0.252
0.408
0.374
0.276
0.271
0.239
0.282
0.242
0.246
0.258
0.344
0.411
0.267
0.373
0.309
0.239
0.307
0.345
0.225
0.369
0.476
0.445
0.301
0.253
0.327
0.294
0.289
0.125
0.289
0.396
0.395
0.404
0.421
0.472
0.447
0.324
0.298
0.275
0.242
0.205
0.210
0.261
0.231
0.184
0.142
0.286
0.281
0.371
0.310
0.285
0.235
0.219
0.164
0.134
0.159
0.133
0.158
0.111
0.249
0.179
0.185
0.148
0.238
0.323
0.308
0.206
0.401
0.188
0.229
0.255
0.270
0.321
0.338
0.233
0.290
0.257
0.200
0.245
0.255
0.376
0.304
0.319
0.435
0.425
0.288
0.265
0.267
0.236
0.249
0.204
0.238
0.381
0.466
0.365
0.434
0.522
0.605
0.690
0.715
0.695
0.756
0.803
0.655
0.754
0.823
0.895
0.908
0.755
0.610
0.767
0.890
0.879
0.810
0.771
0.729
0.762
0.894
0.832
0.867
0.808
0.803
0.862
0.834
0.796
0.850
0.809
0.809
0.895
0.839
0.773
0.740
0.738
0.776
0.815
0.783
0.725
0.697
0.705
0.857
0.831
0.808
0.898
0.846
0.777
0.787
0.809
0.837
0.883
0.867
0.861
0.870
0.820
0.734
0.759
0.779
0.837
0.895
0.948
0.912
0.931
0.907
0.810
0.765
0.840
0.862
0.899
0.845
0.760
0.850
0.927
0.897
0.795
0.864
0.848
0.810
0.788
0.823
0.869
0.824
0.775
0.798
0.814
0.791
0.740
0.764
0.782
0.705
0.632
0.663
0.779
0.840
0.780
0.810
0.803
0.812
0.868
0.857
0.956
0.946
0.844
0.732
0.796
0.859
0.753
0.753
0.688
0.651
0.627
0.643
0.653
0.643
0.749
0.706
0.780
0.813
0.707
0.637
0.571
0.551
0.551
0.542
0.510
0.550
0.595
0.586
0.521
0.523
0.568
0.613
0.535
0.496
0.475
0.483
0.523
0.582
0.667
0.729
0.698
0.472
0.523
0.663
0.593
0.534
0.568
0.564
0.568
0.575
0.624
0.536
0.525
0.515
0.605
0.590
0.567
0.609
0.553
0.541
0.726
0.666
0.616
0.593
0.608
0.720
0.660
0.582
0.591
0.518
0.515
0.599
0.586
0.575
0.555
0.496
0.598
0.678
0.643
0.603
0.616
0.578
0.697
0.635
0.677
0.583
0.540
0.492
0.647
0.665
0.527
0.572
0.585
0.555
0.574
0.601
0.612
0.618
0.640
0.608
0.598
0.552
0.544
0.562
0.527
0.564
0.449
0.529
0.514
0.529
0.524
0.717
0.689
0.704
0.750
0.659
0.697
0.676
0.619
0.594
0.672
0.643
0.595
0.634
0.576
0.615
0.547
0.509
0.572
0.484
0.474
0.456
0.410
0.524
0.534
0.532
0.562
0.533
0.478
0.458
0.416
0.390
0.367
0.315
0.417
0.400
0.334
0.275
0.469
0.550
0.501
0.453
0.412
0.454
0.425
0.432
0.341
0.466
0.366
0.469
0.321
0.360
0.454
0.451
0.378
0.372
0.301
0.378
0.468
0.339
0.461
0.443
0.352
0.378
0.333
0.323
0.332
0.264
0.158
0.256
0.263
0.221
0.174
0.199
0.202
0.226
0.319
0.284
0.326
0.379
0.358
0.317
0.198
0.245
0.319
0.382
0.244
0.291
0.255
0.253
0.215
0.167
0.244
0.327
0.307
0.265
0.253
0.281
0.313
0.215
0.167
0.155
0.226
0.174
0.091
0.118
0.118
0.120
0.112
0.185
0.288
0.262
0.379
0.231
0.244
0.169
0.195
0.284
0.196
0.270
0.189
0.212
0.167
0.282
0.363
0.141
0.287
0.440
0.450
0.317
0.292
0.325
0.326
0.409
0.369
0.386
0.397
0.380
0.388
0.380
0.615
0.470
0.233
0.302
0.324
0.341
0.338
0.357
0.315
0.295
0.263
0.285
0.363
0.264
0.156
0.144
0.175
0.193
0.192
0.214
0.285
0.307
0.246
0.180
0.229
0.222
0.212
0.181
0.162
0.168
0.232
0.365
0.400
0.483
0.645
0.782
0.796
0.784
0.808
0.752
0.839
0.754
0.805
0.825
0.786
0.761
0.811
0.849
0.830
0.764
0.737
0.838
0.789
0.795
0.841
0.866
0.896
0.875
0.793
0.759
0.787
0.677
0.721
0.827
0.765
0.664
0.718
0.668
0.705
0.717
0.653
0.562
0.544
0.534
0.565
0.674
0.815
0.885
0.847
0.828
0.832
0.924
0.885
0.858
0.798
0.818
0.856
0.854
0.901
0.806
0.748
0.785
0.868
0.873
0.887
0.873
0.839
0.778
0.867
0.886
0.817
0.785
0.817
0.899
0.968
0.934
0.859
0.820
0.777
0.667
0.659
0.609
0.711
0.704
0.591
0.635
0.588
0.626
0.529
0.571
0.602
0.666
0.832
0.834
0.843
0.770
0.858
0.816
0.772
0.742
0.941
0.898
0.895
0.927
0.911
0.893
0.705
0.637
0.602
0.565
0.566
0.585
0.575
0.607
0.635
0.596
0.571
0.468
0.442
0.508
0.479
0.484
0.547
0.538
0.536
0.566
0.523
0.568
0.572
0.467
0.524
0.454
0.495
0.578
0.637
0.644
0.604
0.481
0.621
0.712
0.494
0.526
0.878
0.854
0.828
0.814
0.959
0.862
0.694
0.519
0.591
0.612
0.658
0.673
0.634
0.597
0.591
0.576
0.584
0.572
0.586
0.619
0.596
0.603
0.632
0.635
0.590
0.608
0.643
0.640
0.672
0.641
0.504
0.549
0.566
0.568
0.557
0.688
0.732
0.604
0.569
0.601
0.554
0.589
0.653
0.614
0.543
0.604
0.620
0.818
0.789
0.452
0.590
0.609
0.695
0.713
0.663
0.602
0.571
0.610
0.600
0.565
0.539
0.682
0.745
0.712
0.671
0.577
0.547
0.569
0.597
0.568
0.521
0.508
0.382
0.340
0.467
0.506
0.495
0.473
0.525
0.526
0.411
0.435
0.528
0.585
0.500
0.499
0.515
0.455
0.324
0.531
0.466
0.534
0.567
0.569
0.439
0.838
0.492
0.393
0.427
0.439
0.463
0.418
0.406
0.439
0.415
0.401
0.449
0.316
0.397
0.370
0.346
0.345
0.293
0.450
0.353
0.408
0.334
0.272
0.289
0.322
0.369
0.435
0.393
0.184
0.250
0.275
0.410
0.386
0.412
0.348
0.314
0.288
0.268
0.267
0.217
0.184
0.174
0.138
0.157
0.169
0.186
0.167
0.361
0.365
0.353
0.305
0.206
0.214
0.106
0.248
0.191
0.263
0.155
0.228
0.208
0.240
0.189
0.139
0.145
0.151
0.171
0.267
0.151
0.188
0.153
0.160
0.192
0.229
0.301
0.295
0.276
0.280
0.263
0.296
0.311
0.314
0.324
0.263
0.221
0.167
0.118
0.139
0.146
0.155
0.177
0.157
0.336
0.322
0.495
0.521
0.444
0.359
0.368
0.295
0.194
0.231
0.270
0.261
0.231
0.191
0.187
0.195
0.200
0.339
0.315
0.269
0.243
0.279
0.248
0.250
0.327
0.404
0.420
0.434
0.326
0.345
0.608
0.526
0.497
0.519
0.524
0.550
0.479
0.416
0.456
0.515
0.601
0.499
0.394
0.443
0.681
0.695
0.725
0.779
0.735
0.713
0.704
0.646
0.605
0.683
0.861
0.861
0.825
0.839
0.797
0.774
0.800
0.641
0.592
0.700
0.700
0.777
0.849
0.924
0.849
0.879
0.905
0.853
0.748
0.819
0.852
0.813
0.821
0.812
0.810
0.842
0.761
0.725
0.680
0.618
0.657
0.648
0.748
0.872
0.830
0.878
0.845
0.752
0.796
0.849
0.894
0.816
0.850
0.917
0.898
0.876
0.826
0.825
0.788
0.817
0.829
0.900
0.879
0.909
0.874
0.770
0.840
0.805
0.879
0.836
0.772
0.797
0.785
0.857
0.873
0.893
0.938
0.884
0.876
0.852
0.830
0.828
0.739
0.608
0.569
0.605
0.620
0.674
0.628
0.567
0.571
0.584
0.573
0.666
0.794
0.882
0.806
0.866
0.914
0.854
0.709
0.556
0.499
0.527
0.587
0.678
0.849
0.936
0.808
0.891
0.815
0.879
0.928
0.747
0.659
0.592
0.498
0.530
0.596
0.564
0.511
0.496
0.760
0.824
0.837
0.716
0.596
0.568
0.606
0.653
0.769
0.851
0.906
0.736
0.669
0.551
0.563
0.641
0.571
0.550
0.620
0.651
0.644
0.578
0.529
0.462
0.504
0.551
0.707
0.714
0.746
0.698
0.668
0.563
0.535
0.547
0.592
0.530
0.580
0.916
0.952
0.937
0.845
0.716
0.637
0.596
0.580
0.572
0.594
0.619
0.627
0.582
0.595
0.566
0.582
0.549
0.509
0.576
0.555
0.607
0.588
0.616
0.575
0.482
0.568
0.586
0.628
0.674
0.658
0.637
0.637
0.651
0.613
0.546
0.522
0.572
0.584
0.521
0.452
0.493
0.444
0.546
0.509
0.528
0.557
0.602
0.593
0.546
0.564
0.536
0.681
0.570
0.546
0.504
0.604
0.586
0.532
0.531
0.575
0.588
0.515
0.509
0.452
0.511
0.447
0.487
0.519
0.482
0.459
0.334
0.361
0.516
0.520
0.550
0.578
0.693
0.601
0.456
0.389
0.369
0.495
0.399
0.381
0.332
0.280
0.333
0.409
0.431
0.382
0.320
0.310
0.319
0.355
0.308
0.323
0.274
0.291
0.262
0.265
0.216
0.288
0.203
0.153
0.184
0.196
0.167
0.224
0.239
0.223
0.215
0.282
0.238
0.281
0.335
0.251
0.180
0.216
0.306
0.444
0.432
0.416
0.314
0.229
0.274
0.330
0.243
0.361
0.588
0.355
0.308
0.305
0.314
0.324
0.291
0.308
0.358
0.242
0.209
0.243
0.416
0.458
0.389
0.307
0.290
0.289
0.215
0.175
0.176
0.367
0.333
0.308
0.263
0.168
0.157
0.181
0.179
0.201
0.242
0.225
0.234
0.267
0.250
0.270
0.288
0.299
0.259
0.351
0.353
0.267
0.320
0.373
0.334
0.306
0.346
0.317
0.271
0.319
0.299
0.365
0.305
0.425
0.296
0.299
0.330
0.319
0.382
0.353
0.367
0.468
0.561
0.603
0.633
0.909
0.948
0.917
0.855
0.765
0.799
0.768
0.793
0.875
0.915
0.880
0.809
0.870
0.794
0.690
0.675
0.730
0.872
0.757
0.738
0.765
0.750
0.763
0.753
0.781
0.751
0.735
0.815
0.882
0.924
0.873
0.872
0.858
0.927
0.950
0.880
0.742
0.666
0.619
0.582
0.774
0.833
0.772
0.697
0.746
0.817
0.877
0.840
0.882
0.917
0.923
0.920
0.817
0.831
0.915
0.938
0.862
0.810
0.902
0.852
0.809
0.919
0.914
0.837
0.814
0.655
0.807
0.794
0.854
0.865
0.874
0.878
0.774
0.814
0.849
0.877
0.865
0.855
0.885
0.812
0.827
0.894
0.940
0.927
0.901
0.762
0.884
0.869
0.881
0.887
0.879
0.935
0.912
0.940
0.886
0.751
0.919
0.959
0.953
0.947
0.822
0.673
0.674
0.659
0.631
0.627
0.560
0.556
0.577
0.747
0.766
0.750
0.757
0.786
0.775
0.707
0.694
0.645
0.610
0.586
0.571
0.655
0.712
0.741
0.763
0.563
0.516
0.655
0.597
0.527
0.561
0.635
0.557
0.516
0.558
0.595
0.575
0.602
0.508
0.594
0.620
0.549
0.571
0.605
0.588
0.622
0.608
0.611
0.619
0.616
0.606
0.648
0.563
0.593
0.662
0.677
0.653
0.646
0.652
0.629
0.630
0.620
0.605
0.639
0.668
0.641
0.564
0.607
0.686
0.663
0.614
0.573
0.587
0.558
0.569
0.575
0.658
0.686
0.679
0.621
0.591
0.596
0.579
0.541
0.588
0.566
0.523
0.551
0.582
0.597
0.592
0.532
0.490
0.474
0.514
0.556
0.553
0.946
0.911
0.878
0.794
0.787
0.720
0.723
0.823
0.872
0.755
0.654
0.577
0.619
0.625
0.576
0.498
0.461
0.590
0.597
0.686
0.571
0.461
0.442
0.567
0.521
0.648
0.677
0.620
0.703
0.541
0.537
0.488
0.418
0.395
0.346
0.377
0.454
0.520
0.429
0.583
0.452
0.355
0.320
0.334
0.527
0.597
0.641
0.656
0.467
0.353
0.385
0.433
0.326
0.388
0.325
0.346
0.399
0.314
0.277
0.269
0.278
0.246
0.290
0.362
0.425
0.244
0.212
0.323
0.299
0.262
0.238
0.470
0.336
0.412
0.416
0.340
0.325
0.265
0.300
0.318
0.228
0.201
0.342
0.428
0.450
0.331
0.280
0.255
0.406
0.322
0.223
0.277
0.282
0.318
0.348
0.257
0.394
0.294
0.269
0.298
0.249
0.260
0.402
0.277
0.246
0.250
0.308
0.377
0.348
0.340
0.306
0.302
0.361
0.292
0.269
0.177
0.223
0.286
0.253
0.291
0.210
0.151
0.158
0.165
0.323
0.254
0.320
0.297
0.379
0.328
0.270
0.249
0.308
0.352
0.258
0.250
0.319
0.243
0.299
0.356
0.381
0.318
0.274
0.322
0.280
0.320
0.317
0.354
0.372
0.341
0.340
0.331
0.287
0.214
0.272
0.224
0.282
0.264
0.396
0.405
0.301
0.291
0.326
0.337
0.289
0.325
0.308
0.409
0.485
0.534
0.660
0.657
0.609
0.867
0.952
0.802
0.756
0.603
0.490
0.395
0.412
0.347
0.330
0.518
0.561
0.715
0.867
0.856
0.777
0.765
0.819
0.798
0.796
0.713
0.778
0.812
0.892
0.795
0.721
0.779
0.772
0.847
0.827
0.808
0.836
0.864
0.919
0.853
0.855
0.842
0.819
0.865
0.814
0.877
0.845
0.845
0.860
0.882
0.896
0.799
0.823
0.938
0.911
0.873
0.829
0.743
0.743
0.814
0.820
0.817
0.784
0.786
0.827
0.868
0.828
0.835
0.752
0.783
0.807
0.804
0.776
0.730
0.679
0.640
0.622
0.687
0.720
0.849
0.877
0.833
0.884
0.747
0.739
0.862
0.832
0.882
0.923
0.905
0.905
0.944
0.821
0.707
0.703
0.719
0.741
0.653
0.552
0.585
0.565
0.550
0.561
0.563
0.556
0.579
0.641
0.658
0.791
0.736
0.503
0.401
0.483
0.512
0.613
0.745
0.634
0.489
0.448
0.489
0.496
0.506
0.594
0.552
0.544
0.476
0.469
0.401
0.515
0.575
0.547
0.556
0.587
0.619
0.547
0.483
0.527
0.494
0.852
0.937
0.893
0.957
0.895
0.730
0.564
0.483
0.542
0.483
0.460
0.438
0.507
0.588
0.576
0.605
0.589
0.642
0.606
0.598
0.647
0.566
0.558
0.613
0.594
0.583
0.556
0.533
0.572
0.598
0.600
0.631
0.591
0.553
0.545
0.558
0.558
0.552
0.557
0.619
0.703
0.627
0.647
0.590
0.505
0.662
0.565
0.536
0.611
0.523
0.490
0.496
0.442
0.464
0.545
0.498
0.481
0.545
0.484
0.508
0.524
0.678
0.579
0.574
0.522
0.476
0.449
0.484
0.503
0.561
0.605
0.555
0.574
0.604
0.525
0.477
0.477
0.442
0.490
0.533
0.521
0.442
0.383
0.339
0.443
0.533
0.475
0.435
0.439
0.397
0.367
0.313
0.448
0.496
0.392
0.481
0.470
0.611
0.683
0.459
0.443
0.455
0.495
0.539
0.512
0.479
0.626
0.750
0.691
0.588
0.487
0.446
0.377
0.334
0.378
0.511
0.438
0.373
0.392
0.358
0.344
0.401
0.408
0.336
0.260
0.276
0.301
0.316
0.284
0.213
0.263
0.262
0.268
0.462
0.409
0.451
0.350
0.239
0.224
0.270
0.293
0.229
0.239
0.307
0.295
0.242
0.219
0.323
0.351
0.298
0.287
0.245
0.368
0.263
0.226
0.160
0.167
0.196
0.256
0.188
0.231
0.234
0.201
0.240
0.287
0.208
0.177
0.211
0.250
0.334
0.456
0.470
0.401
0.323
0.275
0.310
0.301
0.262
0.225
0.229
0.247
0.172
0.131
0.136
0.175
0.229
0.217
0.227
0.186
0.194
0.133
0.165
0.144
0.208
0.220
0.206
0.197
0.185
0.147
0.168
0.186
0.156
0.284
0.193
0.223
0.260
0.325
0.248
0.261
0.418
0.403
0.373
0.396
0.347
0.363
0.329
0.335
0.333
0.325
0.353
0.321
0.407
0.449
0.617
0.686
0.690
0.707
0.632
0.573
0.590
0.424
0.358
0.388
0.408
0.520
0.750
0.838
0.795
0.885
0.885
0.842
0.904
0.805
0.717
0.657
0.607
0.554
0.579
0.524
0.488
0.668
0.649
0.692
0.650
0.681
0.692
0.662
0.618
0.520
0.600
0.706
0.745
0.759
0.697
0.717
0.772
0.807
0.945
0.909
0.905
0.829
0.846
0.785
0.718
0.752
0.657
0.640
0.720
0.688
0.720
0.780
0.812
0.829
0.882
0.780
0.783
0.725
0.834
0.860
0.828
0.799
0.847
0.947
0.891
0.758
0.784
0.743
0.752
0.717
0.839
0.879
0.882
0.929
0.784
0.740
0.612
0.579
0.590
0.578
0.560
0.529
0.607
0.544
0.593
0.616
0.622
0.658
0.647
0.649
0.619
0.607
0.686
0.859
0.791
0.797
0.876
0.785
0.759
0.716
0.781
0.859
0.933
0.920
0.944
0.943
0.793
0.868
0.792
0.772
0.851
0.850
0.821
0.866
0.842
0.773
0.954
0.958
0.919
0.893
0.834
0.730
0.675
0.680
0.706
0.770
0.931
0.926
0.934
0.853
0.816
0.701
0.589
0.523
0.521
0.526
0.537
0.544
0.617
0.532
0.558
0.528
0.499
0.615
0.685
0.612
0.644
0.634
0.628
0.652
0.664
0.678
0.678
0.649
0.635
0.611
0.654
0.706
0.641
0.636
0.616
0.649
0.598
0.667
0.705
0.625
0.609
0.597
0.589
0.629
0.644
0.638
0.628
0.617
0.616
0.642
0.582
0.589
0.634
0.631
0.641
0.650
0.625
0.561
0.552
0.627
0.543
0.624
0.735
0.689
0.661
0.570
0.528
0.614
0.645
0.577
0.546
0.757
0.702
0.629
0.635
0.681
0.541
0.518
0.572
0.606
0.740
0.753
0.717
0.668
0.648
0.617
0.620
0.620
0.804
0.724
0.625
0.531
0.598
0.642
0.719
0.629
0.593
0.593
0.584
0.530
0.515
0.484
0.485
0.505
0.538
0.529
0.573
0.520
0.460
0.533
0.558
0.487
0.474
0.409
0.584
0.736
0.909
0.566
0.426
0.424
0.347
0.329
0.455
0.643
0.645
0.548
0.558
0.643
0.790
0.688
0.638
0.561
0.485
0.487
0.498
0.452
0.434
0.369
0.405
0.469
0.466
0.431
0.452
0.369
0.344
0.308
0.281
0.336
0.281
0.229
0.191
0.242
0.232
0.316
0.394
0.323
0.316
0.269
0.277
0.319
0.293
0.241
0.196
0.276
0.263
0.370
0.211
0.249
0.229
0.225
0.362
0.210
0.193
0.316
0.344
0.253
0.286
0.287
0.317
0.282
0.279
0.264
0.231
0.250
0.286
0.332
0.273
0.278
0.439
0.407
0.190
0.166
0.209
0.216
0.212
0.283
0.277
0.281
0.356
0.464
0.368
0.240
0.265
0.256
0.223
0.287
0.309
0.275
0.262
0.233
0.244
0.290
0.200
0.188
0.332
0.611
0.855
0.558
0.271
0.230
0.236
0.315
0.350
0.323
0.236
0.222
0.175
0.195
0.208
0.193
0.213
0.192
0.226
0.298
0.264
0.321
0.428
0.493
0.566
0.687
0.600
0.639
0.504
0.404
0.374
0.420
0.380
0.405
0.425
0.475
0.392
0.355
0.499
0.598
0.534
0.734
0.777
0.613
0.463
0.389
0.419
0.475
0.452
0.546
0.628
0.776
0.798
0.849
0.795
0.831
0.902
0.926
0.858
0.773
0.821
0.806
0.740
0.795
0.793
0.773
0.814
0.812
