20000101
0.370
0.539
0.566
0.550
0.527
0.531
0.497
0.531
0.430
0.327
0.399
0.321
0.418
0.424
0.504
0.465
0.497
0.315
0.279
0.356
0.420
0.363
0.490
0.515
0.481
0.356
0.389
0.493
0.554
0.531
0.419
0.340
0.444
0.552
0.462
0.466
0.631
0.619
0.524
0.431
0.438
0.554
0.633
0.625
0.483
0.455
0.395
0.404
0.465
0.377
0.263
0.509
0.482
0.444
0.330
0.356
0.215
0.425
0.400
0.390
0.307
0.361
0.429
0.354
0.328
0.356
0.230
0.224
0.188
0.230
0.187
0.298
0.220
0.278
0.313
0.229
0.305
0.230
0.304
0.278
0.264
0.201
0.291
0.341
0.447
0.386
0.399
0.261
0.212
0.274
0.279
0.223
0.140
0.220
0.251
0.404
0.357
0.347
0.324
0.091
0.332
0.208
0.284
0.197
0.095
0.161
0.296
0.390
0.193
0.128
0.114
0.216
0.228
0.180
0.227
0.282
0.215
0.230
0.201
0.237
0.231
0.252
0.161
0.218
0.337
0.373
0.333
0.286
0.247
0.273
0.287
0.277
0.296
0.234
0.270
0.374
0.284
0.207
0.221
0.272
0.315
0.359
0.402
0.377
0.318
0.199
0.166
0.183
0.186
0.139
0.172
0.240
0.331
0.403
0.409
0.382
0.504
0.651
0.702
0.624
0.612
0.494
0.393
0.328
0.265
0.319
0.423
0.447
0.494
0.541
0.773
0.726
0.708
0.763
0.560
0.464
0.377
0.326
0.367
0.398
0.555
0.554
0.516
0.512
0.508
0.492
0.416
0.364
0.519
0.564
0.606
0.764
0.732
0.729
0.798
0.707
0.781
0.881
0.746
0.833
0.884
0.748
0.715
0.806
0.707
0.700
0.867
0.935
0.861
0.805
0.822
0.809
0.810
0.825
0.671
0.573
0.536
0.478
0.465
0.522
0.523
0.718
0.680
0.659
0.697
0.689
0.777
0.749
0.809
0.778
0.824
0.846
0.755
0.776
0.685
0.618
0.599
0.581
0.571
0.613
0.641
0.601
0.897
0.860
0.943
0.960
0.920
0.824
0.854
0.813
0.872
0.863
0.843
0.679
0.602
0.594
0.617
0.605
0.721
0.775
0.903
0.808
0.807
0.896
0.822
0.762
0.793
0.708
0.628
0.522
0.529
0.484
0.472
0.544
0.648
0.580
0.559
0.555
0.526
0.541
0.566
0.522
0.529
0.565
0.543
0.501
0.479
0.402
0.510
0.532
0.638
0.617
0.612
0.549
0.453
0.384
0.366
0.337
0.349
0.375
0.411
0.660
0.653
0.620
0.572
0.483
0.469
0.488
0.592
0.534
0.512
0.464
0.333
0.399
0.464
0.515
0.407
0.330
0.539
0.458
0.343
0.390
0.539
0.376
0.410
0.515
0.529
0.550
0.596
0.505
0.546
0.483
0.518
0.532
0.574
0.502
0.460
0.498
0.516
0.432
0.500
0.517
0.549
0.407
0.507
0.515
0.536
0.523
0.496
0.492
0.538
0.554
0.542
0.540
0.565
0.514
0.544
0.556
0.556
0.589
0.651
0.583
0.517
0.547
0.492
0.444
0.902
0.669
0.621
0.601
0.588
0.538
0.475
0.381
0.404
0.537
0.545
0.414
0.348
0.452
0.400
0.468
0.564
0.514
0.436
0.489
0.412
0.357
0.339
0.245
0.282
0.242
0.216
0.343
0.444
0.386
0.419
0.416
0.282
0.239
0.350
0.218
0.326
0.304
0.181
0.274
0.434
0.453
0.371
0.355
0.309
0.285
0.364
0.527
0.513
0.503
0.474
0.336
0.475
0.323
0.326
0.382
0.387
0.330
0.206
0.375
0.218
0.206
0.241
0.364
0.400
0.135
0.154
0.159
0.162
0.238
0.139
0.153
0.158
0.230
0.336
0.272
0.336
0.333
0.224
0.245
0.338
0.347
0.187
0.163
0.184
0.184
0.169
0.184
0.307
0.213
0.250
0.189
0.174
0.143
0.126
0.153
0.094
0.124
0.101
0.078
0.097
0.107
0.298
0.420
0.406
0.314
0.413
0.490
0.276
0.222
0.182
0.165
0.124
0.100
0.123
0.134
0.120
0.099
0.107
0.107
0.112
0.170
0.163
0.156
0.222
0.213
0.323
0.288
0.174
0.139
0.135
0.324
0.398
0.321
0.267
0.300
0.290
0.356
0.343
0.296
0.352
0.353
0.274
0.258
0.240
0.168
0.223
0.286
0.223
0.278
0.302
0.401
0.420
0.395
0.361
0.393
0.361
0.307
0.310
0.284
0.303
0.368
0.433
0.511
0.730
0.729
0.764
0.710
0.609
0.662
0.652
0.700
0.825
0.629
0.820
0.881
0.804
0.881
0.786
0.711
0.863
0.818
0.751
0.703
0.739
0.720
0.636
0.597
0.717
0.768
0.794
0.857
0.883
0.890
0.899
0.899
0.815
0.848
0.877
0.796
0.743
0.804
0.877
0.886
0.836
0.806
0.794
0.828
0.781
0.720
0.754
0.703
0.661
0.613
0.694
0.776
0.764
0.813
0.787
0.694
0.668
0.819
0.799
0.731
0.718
0.807
0.799
0.787
0.791
0.795
0.905
0.884
0.854
0.834
0.907
0.942
0.815
0.792
0.789
0.666
0.607
0.731
0.930
0.909
0.866
0.888
0.875
0.760
0.694
0.771
0.708
0.750
0.612
0.550
0.661
0.702
0.795
0.773
0.768
0.586
0.548
0.497
0.410
0.582
0.522
0.505
0.562
0.639
0.637
0.669
0.711
0.756
0.808
0.864
0.841
0.862
0.787
0.881
0.783
0.740
0.745
0.792
0.664
0.627
0.590
0.505
0.534
0.504
0.420
0.507
0.569
0.556
0.442
0.423
0.558
0.664
0.662
0.566
0.459
0.466
0.531
0.704
0.668
0.611
0.430
0.393
0.434
0.401
0.407
0.405
0.479
0.554
0.515
0.480
0.551
0.638
0.650
0.605
0.559
0.588
0.627
0.626
0.569
0.493
0.557
0.600
0.626
0.558
0.523
0.513
0.477
0.542
0.587
0.592
0.440
0.409
0.478
0.491
0.538
0.474
0.557
0.504
0.416
0.515
0.511
0.496
0.521
0.545
0.520
0.559
0.553
0.623
0.628
0.624
0.573
0.608
0.579
0.595
0.531
0.473
0.488
0.508
0.577
0.592
0.551
0.472
0.558
0.511
0.459
0.407
0.418
0.423
0.467
0.525
0.570
0.526
0.505
0.552
0.488
0.393
0.419
0.626
0.478
0.623
0.604
0.585
0.638
0.694
0.408
0.393
0.398
0.461
0.608
0.650
0.578
0.520
0.421
0.410
0.332
0.295
0.332
0.380
0.547
0.806
0.512
0.544
0.422
0.662
0.609
0.519
0.536
0.469
0.416
0.375
0.360
0.333
0.413
0.340
0.297
0.336
0.269
0.269
0.262
0.356
0.402
0.273
0.334
0.259
0.255
0.315
0.212
0.341
0.441
0.290
0.311
0.209
0.207
0.288
0.493
0.340
0.290
0.347
0.339
0.260
0.252
0.317
0.275
0.246
0.161
0.140
0.155
0.206
0.234
0.307
0.110
0.141
0.178
0.214
0.198
0.218
0.334
0.150
0.210
0.330
0.254
0.228
0.165
0.243
0.241
0.163
0.223
0.259
0.177
0.191
0.270
0.115
0.141
0.114
0.173
0.192
0.164
0.291
0.172
0.130
0.247
0.111
0.133
0.193
0.163
0.142
0.219
0.209
0.246
0.131
0.191
0.103
0.091
0.135
0.250
0.304
0.411
0.396
0.325
0.118
0.119
0.146
0.149
0.144
0.114
0.162
0.267
0.217
0.276
0.345
0.346
0.354
0.279
0.242
0.199
0.207
0.298
0.285
0.235
0.226
0.221
0.350
0.460
0.457
0.356
0.273
0.299
0.289
0.306
0.328
0.316
0.337
0.353
0.390
0.569
0.742
0.698
0.650
0.625
0.587
0.572
0.528
0.762
0.803
0.885
0.910
0.816
0.550
0.390
0.392
0.440
0.381
0.330
0.341
0.353
0.346
0.481
0.602
0.690
0.672
0.721
0.785
0.877
0.706
0.567
0.508
0.483
0.635
0.516
0.396
0.346
0.386
0.444
0.508
0.519
0.565
0.682
0.754
0.831
0.810
0.815
0.747
0.867
0.949
0.924
0.861
0.795
0.816
0.919
0.875
0.789
0.735
0.791
0.883
0.858
0.853
0.767
0.724
0.763
0.741
0.818
0.841
0.810
0.874
0.831
0.879
0.926
0.902
0.799
0.897
0.904
0.902
0.922
0.917
0.944
0.937
0.806
0.698
0.590
0.556
0.563
0.623
0.599
0.603
0.664
0.726
0.825
0.810
0.889
0.821
0.748
0.724
0.740
0.646
0.477
0.431
0.434
0.453
0.480
0.509
0.606
0.716
0.717
0.635
0.575
0.531
0.551
0.649
0.670
0.639
0.792
0.915
0.735
0.528
0.495
0.425
0.458
0.546
0.552
0.600
0.536
0.460
0.392
0.341
0.348
0.354
0.443
0.407
0.456
0.511
0.513
0.485
0.535
0.560
0.577
0.551
0.608
0.455
0.549
0.512
0.644
0.644
0.533
0.511
0.397
0.395
0.458
0.629
0.658
0.601
0.435
0.430
0.571
0.562
0.559
0.578
0.515
0.525
0.517
0.491
0.446
0.544
0.470
0.479
0.542
0.498
0.525
0.589
0.613
0.592
0.581
0.580
0.410
0.456
0.403
0.548
0.545
0.549
0.553
0.587
0.638
0.637
0.635
0.609
0.500
0.493
0.795
0.732
0.655
0.612
0.640
0.600
0.601
0.656
0.568
0.563
0.569
0.521
0.453
0.489
0.514
0.583
0.524
0.495
0.480
0.433
0.407
0.336
0.416
0.465
0.387
0.508
0.405
0.479
0.537
0.605
0.414
0.575
0.794
0.787
0.849
0.760
0.624
0.497
0.367
0.507
0.555
0.539
0.643
0.472
0.362
0.319
0.263
0.236
0.431
0.590
0.601
0.459
0.429
0.463
0.443
0.472
0.439
0.320
0.304
0.280
0.357
0.280
0.235
0.156
0.228
0.285
0.217
0.328
0.174
0.334
0.392
0.476
0.411
0.393
0.254
0.341
0.349
0.319
0.325
0.231
0.237
0.259
0.228
0.259
0.326
0.244
0.251
0.284
0.210
0.240
0.204
0.184
0.164
0.200
0.295
0.279
0.206
0.183
0.158
0.294
0.138
0.099
0.179
0.211
0.210
0.181
0.209
0.245
0.185
0.246
0.172
0.305
0.269
0.157
0.219
0.218
0.149
0.329
0.288
0.274
0.283
0.243
0.133
0.104
0.091
0.100
0.108
0.116
0.138
0.244
0.181
0.169
0.198
0.255
0.244
0.197
0.113
0.128
0.172
0.135
0.160
0.171
0.252
0.224
0.202
0.179
0.164
0.157
0.168
0.219
0.218
0.148
0.209
0.164
0.159
0.158
0.169
0.215
0.183
0.230
0.189
0.170
0.153
0.286
0.367
0.314
0.317
0.288
0.363
0.551
0.650
0.812
0.745
0.818
0.764
0.710
0.792
0.821
0.692
0.684
0.722
0.715
0.725
0.716
0.694
0.660
0.659
0.637
0.712
0.762
0.728
0.691
0.682
0.785
0.803
0.698
0.693
0.615
0.584
0.580
0.575
0.620
0.841
0.787
0.799
0.731
0.923
0.739
0.750
0.697
0.825
0.907
0.914
0.877
0.818
0.819
0.699
0.660
0.670
0.685
0.683
0.780
0.843
0.900
0.874
0.864
0.829
0.807
0.775
0.819
0.879
0.825
0.839
0.787
0.867
0.767
0.739
0.826
0.855
0.908
0.924
0.887
0.847
0.909
0.943
0.925
0.913
0.900
0.846
0.911
0.917
0.932
0.866
0.857
0.848
0.892
0.847
0.854
0.847
0.824
0.870
0.867
0.852
0.832
0.828
0.880
0.821
0.833
0.858
0.846
0.913
0.909
0.872
0.816
0.624
0.569
0.503
0.800
0.891
0.939
0.959
0.957
0.773
0.572
0.493
0.516
0.489
0.509
0.611
0.769
0.785
0.883
0.758
0.696
0.818
0.898
0.966
0.956
0.922
0.861
0.809
0.842
0.806
0.823
0.796
0.662
0.577
0.528
0.520
0.453
0.498
0.581
0.545
0.469
0.546
0.500
0.556
0.542
0.595
0.575
0.495
0.515
0.571
0.615
0.561
0.581
0.543
0.610
0.553
0.512
0.511
0.499
0.611
0.594
0.629
0.618
0.608
0.567
0.571
0.544
0.583
0.558
0.609
0.612
0.574
0.524
0.559
0.577
0.566
0.650
0.752
0.705
0.657
0.686
0.595
0.490
0.513
0.553
0.570
0.508
0.572
0.754
0.775
0.685
0.657
0.486
0.567
0.551
0.561
0.513
0.574
0.610
0.635
0.598
0.620
0.621
0.675
0.652
0.588
0.576
0.627
0.633
0.520
0.558
0.533
0.487
0.495
0.831
0.697
0.622
0.526
0.558
0.537
0.487
0.455
0.579
0.609
0.573
0.453
0.410
0.403
0.380
0.429
0.509
0.503
0.381
0.350
0.366
0.466
0.484
0.396
0.404
0.411
0.361
0.329
0.400
0.398
0.296
0.350
0.426
0.444
0.390
0.430
0.272
0.263
0.243
0.189
0.162
0.173
0.189
0.210
0.249
0.258
0.322
0.333
0.311
0.305
0.384
0.285
0.359
0.185
0.227
0.384
0.248
0.162
0.216
0.344
0.208
0.206
0.224
0.167
0.352
0.180
0.230
0.286
0.321
0.350
0.277
0.201
0.269
0.280
0.178
0.219
0.198
0.236
0.171
0.277
0.204
0.190
0.143
0.146
0.242
0.247
0.136
0.148
0.198
0.262
0.218
0.207
0.350
0.196
0.306
0.337
0.341
0.279
0.276
0.335
0.280
0.147
0.141
0.118
0.217
0.236
0.236
0.244
0.225
0.224
0.214
0.252
0.301
0.270
0.253
0.212
0.225
0.149
0.125
0.165
0.168
0.145
0.198
0.254
0.275
0.212
0.247
0.294
0.197
0.212
0.252
0.235
0.246
0.241
0.303
0.326
0.328
0.318
0.307
0.298
0.374
0.479
0.726
0.852
0.855
0.767
0.708
0.836
0.852
0.857
0.706
0.547
0.427
0.397
0.391
0.393
0.430
0.412
0.387
0.375
0.418
0.383
0.444
0.587
0.600
0.575
0.668
0.760
0.630
0.551
0.494
0.433
0.456
0.516
0.533
0.755
0.772
0.702
0.602
0.603
0.554
0.507
0.460
0.693
0.726
0.662
0.685
0.809
0.778
0.812
0.791
0.721
0.742
0.785
0.743
0.782
0.819
0.830
0.936
0.902
0.889
0.905
0.914
0.922
0.923
0.886
0.830
0.903
0.837
0.787
0.862
0.928
0.889
0.854
0.784
0.763
0.771
0.774
0.780
0.685
0.616
0.654
0.606
0.592
0.598
0.557
0.484
0.575
0.656
0.567
0.480
0.521
0.823
0.807
0.764
0.669
0.652
0.692
0.785
0.931
0.919
0.838
0.856
0.782
0.822
0.761
0.824
0.800
0.683
0.571
0.513
0.565
0.595
0.697
0.739
0.740
0.827
0.849
0.873
0.713
0.549
0.518
0.541
0.614
0.660
0.813
0.691
0.587
0.568
0.534
0.605
0.592
0.561
0.552
0.536
0.440
0.392
0.392
0.490
0.485
0.506
0.531
0.527
0.530
0.386
0.522
0.573
0.572
0.461
0.509
0.440
0.567
0.588
0.501
0.409
0.490
0.457
0.339
0.434
0.449
0.381
0.457
0.552
0.567
0.536
0.569
0.519
0.480
0.581
0.662
0.650
0.663
0.568
0.568
0.579
0.630
0.568
0.523
0.530
0.582
0.610
0.681
0.646
0.607
0.616
0.664
0.650
0.575
0.560
0.630
0.636
0.609
0.574
0.491
0.578
0.477
0.589
0.571
0.439
0.483
0.545
0.398
0.491
0.548
0.369
0.447
0.535
0.610
0.612
0.581
0.607
0.583
0.567
0.545
0.431
0.617
0.639
0.603
0.542
0.491
0.465
0.518
0.602
0.534
0.405
0.369
0.547
0.443
0.511
0.495
0.526
0.771
0.769
0.841
0.923
0.836
0.648
0.555
0.479
0.508
0.556
0.481
0.620
0.629
0.504
0.391
0.419
0.404
0.335
0.336
0.383
0.471
0.348
0.337
0.274
0.369
0.533
0.488
0.285
0.304
0.277
0.300
0.310
0.339
0.331
0.363
0.320
0.266
0.275
0.332
0.339
0.355
0.514
0.449
0.425
0.409
0.334
0.335
0.333
0.292
0.271
0.209
0.130
0.174
0.209
0.285
0.278
0.344
0.213
0.208
0.218
0.313
0.291
0.243
0.164
0.171
0.142
0.232
0.121
0.183
0.119
0.216
0.273
0.180
0.081
0.097
0.137
0.139
0.154
0.140
0.165
0.152
0.218
0.278
0.232
0.256
0.126
0.158
0.202
0.205
0.215
0.275
0.220
0.270
0.289
0.356
0.277
0.329
0.212
0.225
0.302
0.410
0.398
0.149
0.293
0.204
0.106
0.192
0.192
0.153
0.205
0.126
0.250
0.142
0.157
0.230
0.302
0.237
0.228
0.134
0.241
0.204
0.213
0.231
0.214
0.156
0.117
0.134
0.175
0.165
0.231
0.201
0.192
0.315
0.239
0.122
0.143
0.157
0.170
0.194
0.195
0.180
0.157
0.219
0.219
0.279
0.316
0.525
0.750
0.600
0.561
0.561
0.569
0.853
0.876
0.718
0.755
0.850
0.874
0.877
0.753
0.682
0.632
0.585
0.558
0.679
0.819
0.862
0.897
0.775
0.760
0.717
0.631
0.618
0.656
0.613
0.597
0.528
0.498
0.608
0.644
0.761
0.770
0.754
0.733
0.793
0.712
0.670
0.771
0.863
0.811
0.835
0.803
0.724
0.633
0.588
0.660
0.654
0.547
0.573
0.856
0.845
0.807
0.811
0.866
0.863
0.915
0.879
0.932
0.842
0.653
0.677
0.617
0.582
0.550
0.487
0.517
0.557
0.673
0.761
0.760
0.783
0.817
0.756
0.797
0.750
0.794
0.863
0.856
0.909
0.892
0.797
0.801
0.814
0.900
0.819
0.723
0.789
0.846
0.789
0.722
0.750
0.669
0.685
0.697
0.630
0.659
0.643
0.634
0.685
0.749
0.699
0.615
0.571
0.583
0.536
0.614
0.587
0.617
0.626
0.684
0.903
0.918
0.868
0.960
0.881
0.862
0.929
0.820
0.840
0.782
0.692
0.665
0.697
0.684
0.666
0.615
0.655
0.774
0.670
0.718
0.683
0.579
0.540
0.498
0.633
0.640
0.662
0.643
0.468
0.372
0.375
0.383
0.376
0.430
0.456
0.510
0.580
0.625
0.432
0.458
0.500
0.584
0.518
0.601
0.609
0.623
0.595
0.482
0.525
0.555
0.404
0.394
0.513
0.504
0.568
0.579
0.557
0.590
0.577
0.541
0.493
0.558
0.578
0.505
0.581
0.535
0.515
0.522
0.646
0.654
0.650
0.632
0.620
0.532
0.543
0.508
0.509
0.542
0.477
0.520
0.488
0.575
0.578
0.493
0.472
0.477
0.517
0.536
0.450
0.501
0.440
0.519
0.507
0.534
0.496
0.373
0.465
0.556
0.582
0.510
0.467
0.367
0.470
0.535
0.574
0.530
0.410
0.440
0.449
0.515
0.506
0.429
0.337
0.358
0.407
0.516
0.539
0.468
0.557
0.530
0.492
0.499
0.385
0.360
0.278
0.496
0.509
0.446
0.400
0.401
0.387
0.475
0.343
0.329
0.307
0.405
0.415
0.256
0.326
0.330
0.256
0.423
0.318
0.434
0.398
0.512
0.780
0.809
0.682
0.516
0.409
0.467
0.568
0.411
0.271
0.212
0.234
0.241
0.217
0.206
0.188
0.193
0.197
0.167
0.180
0.188
0.175
0.220
0.162
0.153
0.162
0.165
0.168
0.137
0.141
0.156
0.185
0.194
0.170
0.173
0.134
0.154
0.290
0.322
0.397
0.402
0.438
0.269
0.238
0.253
0.246
0.147
0.154
0.140
0.136
0.225
0.276
0.274
0.231
0.176
0.170
0.186
0.217
0.172
0.190
0.218
0.267
0.311
0.255
0.264
0.179
0.237
0.316
0.401
0.378
0.343
0.279
0.285
0.289
0.277
0.282
0.286
0.257
0.284
0.366
0.362
0.283
0.255
0.290
0.273
0.302
0.376
0.435
0.514
0.637
0.740
0.795
0.569
0.359
0.356
0.292
0.219
0.191
0.207
0.222
0.229
0.218
0.183
0.227
0.348
0.488
0.490
0.520
0.582
0.520
0.514
0.531
0.605
0.633
0.609
0.663
0.759
0.742
0.668
0.643
0.668
0.774
0.926
0.891
0.785
0.711
0.744
0.820
0.737
0.801
0.821
0.781
0.809
0.843
0.872
0.816
0.788
0.714
0.753
0.795
0.857
0.862
0.885
0.894
0.809
0.799
0.890
0.843
0.872
0.828
0.714
0.701
0.705
0.780
0.701
0.733
0.706
0.770
0.760
0.807
0.753
0.905
0.880
0.745
0.673
0.821
0.907
0.933
0.898
0.892
0.919
0.795
0.857
0.919
0.878
0.731
0.614
0.643
0.671
0.690
0.823
0.805
0.737
0.750
0.632
0.567
0.586
0.594
0.563
0.629
0.663
0.808
0.719
0.799
0.791
0.906
0.961
0.904
0.949
0.928
0.828
0.846
0.755
0.696
0.791
0.833
0.813
0.753
0.728
0.664
0.510
0.394
0.436
0.456
0.497
0.506
0.433
0.438
0.529
0.555
0.589
0.509
0.482
0.421
0.540
0.655
0.608
0.632
0.571
0.590
0.543
0.527
0.551
0.655
0.794
0.685
0.590
0.565
0.630
0.754
0.867
0.667
0.500
0.460
0.408
0.501
0.536
0.610
0.623
0.611
0.544
0.524
0.509
0.438
0.459
0.402
0.394
0.502
0.514
0.450
0.418
0.530
0.528
0.527
0.578
0.487
0.419
0.343
0.447
0.513
0.425
0.553
0.543
0.480
0.481
0.579
0.620
0.551
0.632
0.594
0.539
0.360
0.427
0.610
0.627
0.535
0.554
0.574
0.629
0.601
0.579
0.571
0.545
0.503
0.628
0.587
0.579
0.513
0.397
0.576
0.600
0.504
0.456
0.514
0.563
0.587
0.550
0.547
0.557
0.613
0.528
0.451
0.440
0.410
0.406
0.510
0.477
0.505
0.508
0.556
0.487
0.514
0.496
0.476
0.392
0.299
0.440
0.359
0.478
0.538
0.504
0.406
0.389
0.441
0.467
0.386
0.684
0.559
0.580
0.777
0.744
0.890
0.708
0.522
0.511
0.485
0.465
0.429
0.432
0.355
0.370
0.381
0.312
0.383
0.446
0.381
0.312
0.251
0.385
0.391
0.310
0.252
0.240
0.251
0.264
0.253
0.370
0.397
0.364
0.754
0.604
0.479
0.242
0.308
0.334
0.337
0.291
0.268
0.278
0.291
0.248
0.199
0.164
0.179
0.186
0.283
0.270
0.176
0.203
0.213
0.163
0.121
0.121
0.156
0.166
0.169
0.188
0.192
0.175
0.157
0.270
0.331
0.358
0.317
0.281
0.306
0.319
0.299
0.263
0.233
0.195
0.153
0.144
0.160
0.195
0.249
0.313
0.286
0.314
0.347
0.395
0.344
0.385
0.468
0.477
0.486
0.457
0.388
0.257
0.263
0.387
0.304
0.333
0.355
0.376
0.364
0.370
0.361
0.276
0.248
0.223
0.146
0.144
0.155
0.130
0.183
0.230
0.195
0.208
0.202
0.166
0.133
0.200
0.257
0.217
0.297
0.230
0.235
0.236
0.355
0.324
0.352
0.428
0.517
0.569
0.472
0.437
0.486
0.490
0.520
0.548
0.537
0.582
0.588
0.588
0.652
0.591
0.776
0.703
0.738
0.630
0.621
0.788
0.782
0.928
0.901
0.731
0.699
0.659
0.631
0.618
0.766
0.835
0.866
0.918
0.878
0.816
0.679
0.700
0.724
0.719
0.731
0.821
0.865
0.730
0.654
0.748
0.777
0.768
0.811
0.843
0.847
0.799
0.755
0.825
0.854
0.799
0.742
0.744
0.716
0.756
0.835
0.938
0.906
0.904
0.941
0.822
0.881
0.872
0.925
0.788
0.669
0.792
0.683
0.705
0.750
0.816
0.894
0.764
0.752
0.808
0.827
0.843
0.757
0.806
0.890
0.799
0.908
0.855
0.946
0.906
0.700
0.666
0.632
0.654
0.795
0.806
0.856
0.888
0.948
0.837
0.811
0.832
0.946
0.893
0.855
0.876
0.962
0.920
0.930
0.900
0.842
0.802
0.866
0.893
0.896
0.879
0.516
0.376
0.353
0.383
0.417
0.479
0.508
0.494
0.741
0.736
0.688
0.571
0.493
0.472
0.515
0.423
0.400
0.418
0.453
0.531
0.586
0.578
0.624
0.631
0.700
0.763
0.690
0.624
0.590
0.506
0.641
0.624
0.586
0.639
0.587
0.491
0.515
0.560
0.566
0.631
0.635
0.662
0.629
0.564
0.537
0.598
0.609
0.642
0.600
0.545
0.570
0.659
0.640
0.524
0.506
0.414
0.422
0.480
0.494
0.562
0.573
0.544
0.567
0.587
0.500
0.450
0.540
0.585
0.602
0.645
0.449
0.545
0.467
0.519
0.518
0.318
0.299
0.319
0.376
0.456
0.589
0.538
0.434
0.495
0.411
0.444
0.399
0.390
0.395
0.525
0.561
0.504
0.560
0.569
0.557
0.442
0.496
0.604
0.448
0.352
0.340
0.382
0.457
0.430
0.401
0.638
0.507
0.403
0.731
0.905
0.909
0.820
0.571
0.358
0.389
0.578
0.527
0.355
0.364
0.307
0.556
0.648
0.768
0.675
0.895
0.755
0.428
0.354
0.345
0.248
0.263
0.244
0.235
0.208
0.244
0.338
0.332
0.393
0.351
0.249
0.266
0.361
0.214
0.195
0.233
0.220
0.278
0.367
0.260
0.256
0.272
0.315
0.271
0.278
0.244
0.281
0.231
0.222
0.252
0.344
0.376
0.258
0.362
0.160
0.209
0.301
0.305
0.239
0.291
0.434
0.414
0.282
0.214
0.237
0.242
0.268
0.138
0.284
0.388
0.347
0.375
0.369
0.443
0.450
0.294
0.291
0.248
0.225
0.186
0.206
0.236
0.216
0.170
0.124
0.269
0.336
0.379
0.255
0.350
0.342
0.319
0.192
0.119
0.236
0.152
0.203
0.117
0.275
0.145
0.172
0.138
0.224
0.296
0.249
0.190
0.290
0.178
0.217
0.218
0.300
0.238
0.260
0.221
0.263
0.204
0.210
0.233
0.281
0.391
0.284
0.321
0.440
0.397
0.272
0.244
0.225
0.196
0.191
0.174
0.217
0.320
0.403
0.339
0.385
0.478
0.532
0.579
0.609
0.611
0.651
0.728
0.616
0.682
0.776
0.866
0.886
0.734
0.584
0.734
0.852
0.843
0.759
0.701
0.642
0.691
0.841
0.799
0.858
0.804
0.765
0.829
0.839
0.762
0.809
0.773
0.782
0.867
0.832
0.731
0.694
0.698
0.748
0.782
0.752
0.693
0.672
0.680
0.839
0.791
0.778
0.891
0.806
0.776
0.756
0.787
0.822
0.859
0.829
0.839
0.835
0.794
0.710
0.712
0.740
0.794
0.864
0.936
0.887
0.918
0.910
0.776
0.731
0.809
0.826
0.867
0.802
0.724
0.823
0.933
0.881
0.784
0.836
0.827
0.767
0.742
0.796
0.822
0.775
0.726
0.739
0.758
0.704
0.668
0.715
0.762
0.694
0.617
0.648
0.726
0.809
0.716
0.774
0.750
0.764
0.832
0.851
0.944
0.932
0.776
0.691
0.721
0.833
0.725
0.732
0.645
0.610
0.580
0.601
0.604
0.616
0.695
0.641
0.711
0.772
0.650
0.586
0.551
0.580
0.545
0.496
0.494
0.543
0.555
0.553
0.493
0.455
0.533
0.594
0.488
0.484
0.491
0.501
0.513
0.595
0.659
0.745
0.651
0.429
0.488
0.620
0.546
0.468
0.498
0.505
0.528
0.583
0.623
0.565
0.527
0.511
0.599
0.584
0.521
0.538
0.514
0.539
0.711
0.615
0.604
0.574
0.548
0.691
0.621
0.579
0.541
0.532
0.579
0.632
0.598
0.618
0.573
0.505
0.628
0.677
0.645
0.614
0.637
0.587
0.662
0.643
0.689
0.629
0.545
0.496
0.658
0.652
0.512
0.593
0.599
0.560
0.548
0.597
0.586
0.628
0.629
0.621
0.611
0.578
0.560
0.587
0.525
0.564
0.488
0.556
0.503
0.488
0.461
0.648
0.620
0.673
0.745
0.676
0.707
0.689
0.630
0.621
0.670
0.649
0.592
0.637
0.568
0.552
0.476
0.488
0.479
0.434
0.495
0.443
0.365
0.541
0.573
0.552
0.578
0.565
0.525
0.515
0.433
0.377
0.374
0.330
0.507
0.513
0.363
0.262
0.455
0.539
0.514
0.510
0.482
0.537
0.465
0.482
0.419
0.433
0.309
0.455
0.362
0.299
0.460
0.473
0.307
0.278
0.233
0.366
0.406
0.297
0.353
0.356
0.319
0.379
0.376
0.299
0.292
0.306
0.223
0.360
0.255
0.205
0.175
0.188
0.205
0.212
0.337
0.278
0.317
0.303
0.356
0.298
0.192
0.253
0.321
0.342
0.216
0.213
0.219
0.218
0.187
0.150
0.216
0.293
0.294
0.255
0.225
0.326
0.223
0.268
0.209
0.145
0.193
0.145
0.081
0.105
0.104
0.111
0.090
0.186
0.361
0.263
0.202
0.219
0.138
0.156
0.166
0.210
0.197
0.295
0.181
0.166
0.156
0.212
0.242
0.125
0.277
0.434
0.434
0.340
0.290
0.294
0.324
0.386
0.340
0.354
0.346
0.341
0.356
0.365
0.578
0.449
0.236
0.296
0.322
0.327
0.335
0.347
0.294
0.267
0.234
0.270
0.343
0.238
0.143
0.122
0.151
0.175
0.174
0.191
0.241
0.244
0.217
0.163
0.208
0.195
0.191
0.171
0.149
0.151
0.200
0.346
0.373
0.403
0.529
0.698
0.731
0.697
0.707
0.651
0.756
0.708
0.737
0.765
0.754
0.728
0.774
0.795
0.761
0.711
0.664
0.759
0.750
0.736
0.764
0.810
0.859
0.835
0.777
0.708
0.698
0.615
0.659
0.762
0.707
0.610
0.657
0.602
0.639
0.630
0.569
0.510
0.498
0.542
0.538
0.601
0.735
0.843
0.801
0.783
0.788
0.929
0.866
0.843
0.769
0.788
0.788
0.792
0.860
0.735
0.670
0.728
0.834
0.867
0.869
0.873
0.832
0.710
0.809
0.864
0.735
0.685
0.697
0.878
0.960
0.923
0.844
0.783
0.732
0.647
0.628
0.597
0.694
0.688
0.561
0.609
0.579
0.585
0.506
0.541
0.549
0.614
0.797
0.812
0.804
0.711
0.797
0.772
0.742
0.698
0.934
0.897
0.876
0.914
0.903
0.896
0.676
0.605
0.586
0.553
0.564
0.573
0.548
0.603
0.621
0.541
0.514
0.438
0.413
0.456
0.423
0.438
0.510
0.544
0.523
0.571
0.489
0.591
0.558
0.462
0.518
0.450
0.513
0.567
0.590
0.578
0.579
0.455
0.556
0.609
0.443
0.494
0.845
0.831
0.781
0.795
0.949
0.849
0.649
0.498
0.591
0.618
0.662
0.639
0.561
0.544
0.561
0.590
0.619
0.611
0.637
0.642
0.621
0.623
0.632
0.628
0.561
0.622
0.628
0.612
0.671
0.653
0.525
0.574
0.560
0.541
0.557
0.676
0.699
0.617
0.557
0.590
0.522
0.537
0.645
0.579
0.522
0.592
0.618
0.796
0.778
0.503
0.613
0.619
0.657
0.696
0.674
0.610
0.590
0.640
0.596
0.543
0.535
0.651
0.730
0.723
0.681
0.582
0.582
0.597
0.636
0.602
0.558
0.541
0.423
0.358
0.509
0.553
0.509
0.508
0.474
0.504
0.397
0.414
0.451
0.478
0.428
0.493
0.505
0.443
0.322
0.554
0.481
0.551
0.588
0.581
0.426
0.742
0.465
0.360
0.444
0.449
0.476
0.400
0.390
0.454
0.431
0.449
0.372
0.263
0.302
0.297
0.223
0.314
0.278
0.405
0.349
0.456
0.343
0.359
0.323
0.319
0.367
0.424
0.327
0.178
0.263
0.321
0.469
0.438
0.393
0.207
0.160
0.236
0.195
0.192
0.198
0.162
0.150
0.122
0.153
0.161
0.173
0.155
0.354
0.316
0.243
0.348
0.303
0.151
0.097
0.238
0.185
0.224
0.172
0.286
0.174
0.227
0.133
0.126
0.132
0.136
0.158
0.237
0.132
0.182
0.117
0.141
0.199
0.243
0.285
0.261
0.251
0.259
0.238
0.274
0.290
0.302
0.307
0.396
0.328
0.195
0.233
0.153
0.147
0.209
0.229
0.140
0.288
0.282
0.421
0.442
0.385
0.333
0.332
0.330
0.250
0.264
0.311
0.266
0.263
0.209
0.178
0.173
0.185
0.305
0.289
0.243
0.230
0.268
0.240
0.224
0.283
0.346
0.366
0.378
0.284
0.288
0.528
0.478
0.426
0.457
0.451
0.443
0.444
0.399
0.435
0.495
0.543
0.439
0.353
0.399
0.633
0.620
0.610
0.701
0.644
0.610
0.607
0.569
0.514
0.589
0.830
0.819
0.787
0.782
0.750
0.720
0.751
0.589
0.517
0.590
0.626
0.740
0.804
0.886
0.821
0.855
0.877
0.791
0.674
0.764
0.815
0.766
0.798
0.778
0.766
0.808
0.717
0.724
0.650
0.592
0.605
0.563
0.640
0.834
0.787
0.832
0.812
0.688
0.764
0.831
0.865
0.793
0.826
0.901
0.876
0.863
0.816
0.766
0.729
0.776
0.791
0.884
0.845
0.880
0.848
0.736
0.806
0.767
0.844
0.813
0.740
0.743
0.751
0.812
0.830
0.873
0.910
0.869
0.876
0.841
0.818
0.798
0.699
0.589
0.541
0.570
0.586
0.649
0.597
0.526
0.517
0.550
0.555
0.607
0.696
0.870
0.730
0.831
0.893
0.831
0.684
0.507
0.483
0.483
0.547
0.627
0.824
0.906
0.766
0.876
0.780
0.844
0.921
0.764
0.646
0.547
0.484
0.528
0.528
0.488
0.505
0.479
0.728
0.775
0.774
0.681
0.573
0.531
0.576
0.629
0.712
0.786
0.857
0.710
0.598
0.510
0.547
0.612
0.534
0.557
0.607
0.655
0.616
0.526
0.517
0.478
0.544
0.566
0.689
0.716
0.738
0.689
0.637
0.544
0.486
0.563
0.636
0.553
0.559
0.866
0.940
0.922
0.806
0.681
0.567
0.572
0.535
0.522
0.578
0.605
0.628
0.582
0.559
0.479
0.589
0.502
0.507
0.596
0.589
0.631
0.611
0.642
0.624
0.501
0.558
0.597
0.667
0.689
0.685
0.655
0.652
0.677
0.615
0.548
0.490
0.507
0.576
0.504
0.499
0.477
0.387
0.402
0.525
0.546
0.578
0.581
0.567
0.558
0.585
0.583
0.668
0.579
0.505
0.574
0.604
0.563
0.533
0.569
0.602
0.597
0.562
0.448
0.417
0.460
0.430
0.470
0.425
0.478
0.460
0.354
0.409
0.488
0.495
0.562
0.534
0.648
0.546
0.439
0.372
0.348
0.466
0.379
0.377
0.312
0.270
0.334
0.404
0.427
0.356
0.292
0.277
0.345
0.348
0.322
0.302
0.250
0.242
0.284
0.325
0.223
0.251
0.196
0.146
0.179
0.183
0.165
0.222
0.230
0.204
0.192
0.196
0.264
0.318
0.334
0.214
0.178
0.256
0.309
0.542
0.440
0.250
0.306
0.293
0.256
0.312
0.233
0.350
0.606
0.359
0.306
0.271
0.281
0.320
0.268
0.243
0.329
0.221
0.189
0.218
0.375
0.427
0.368
0.287
0.272
0.272
0.198
0.165
0.188
0.360
0.322
0.302
0.266
0.163
0.151
0.163
0.166
0.236
0.244
0.226
0.267
0.257
0.254
0.267
0.341
0.376
0.253
0.334
0.324
0.252
0.343
0.373
0.343
0.318
0.340
0.306
0.269
0.299
0.290
0.347
0.257
0.374
0.295
0.283
0.318
0.317
0.339
0.322
0.366
0.458
0.558
0.585
0.612
0.909
0.946
0.907
0.816
0.747
0.770
0.746
0.771
0.868
0.925
0.841
0.797
0.876
0.801
0.680
0.687
0.725
0.889
0.755
0.715
0.774
0.752
0.764
0.748
0.771
0.745
0.719
0.807
0.892
0.940
0.878
0.876
0.847
0.911
0.953
0.908
0.746
0.658
0.606
0.566
0.807
0.845
0.779
0.727
0.767
0.829
0.873
0.838
0.884
0.930
0.939
0.930
0.811
0.828
0.900
0.952
0.897
0.833
0.902
0.855
0.813
0.926
0.924
0.818
0.813
0.675
0.762
0.782
0.838
0.865
0.880
0.858
0.769
0.793
0.842
0.889
0.896
0.877
0.884
0.808
0.818
0.901
0.942
0.937
0.923
0.776
0.904
0.897
0.887
0.910
0.886
0.939
0.916
0.941
0.904
0.763
0.899
0.969
0.962
0.951
0.848
0.676
0.671
0.653
0.609
0.601
0.556
0.538
0.586
0.776
0.792
0.768
0.773
0.820
0.772
0.706
0.684
0.649
0.616
0.553
0.566
0.652
0.718
0.716
0.730
0.554
0.585
0.688
0.633
0.558
0.583
0.577
0.570
0.519
0.566
0.596
0.593
0.618
0.453
0.596
0.610
0.524
0.576
0.567
0.576
0.602
0.606
0.621
0.641
0.610
0.600
0.647
0.506
0.583
0.675
0.684
0.666
0.655
0.668
0.636
0.642
0.624
0.609
0.642
0.663
0.652
0.583
0.634
0.694
0.652
0.606
0.582
0.618
0.582
0.556
0.557
0.657
0.683
0.686
0.626
0.608
0.608
0.596
0.588
0.616
0.595
0.569
0.573
0.575
0.605
0.601
0.566
0.506
0.497
0.540
0.550
0.555
0.955
0.922
0.885
0.824
0.761
0.740
0.725
0.830
0.874
0.731
0.641
0.564
0.571
0.550
0.525
0.491
0.454
0.597
0.595
0.710
0.542
0.454
0.456
0.540
0.491
0.662
0.676
0.584
0.631
0.517
0.512
0.468
0.403
0.394
0.353
0.362
0.459
0.522
0.445
0.595
0.431
0.365
0.347
0.326
0.472
0.592
0.645
0.627
0.444
0.335
0.359
0.406
0.334
0.400
0.332
0.367
0.384
0.278
0.259
0.272
0.281
0.254
0.292
0.310
0.378
0.245
0.235
0.311
0.273
0.239
0.219
0.445
0.337
0.466
0.342
0.307
0.245
0.246
0.302
0.296
0.226
0.153
0.193
0.258
0.348
0.320
0.308
0.248
0.216
0.237
0.203
0.244
0.214
0.275
0.303
0.253
0.408
0.289
0.256
0.288
0.247
0.309
0.409
0.268
0.216
0.249
0.295
0.284
0.225
0.258
0.241
0.270
0.321
0.259
0.245
0.161
0.219
0.259
0.228
0.269
0.133
0.235
0.187
0.194
0.346
0.266
0.330
0.297
0.381
0.347
0.297
0.248
0.305
0.284
0.232
0.218
0.161
0.192
0.216
0.246
0.349
0.256
0.175
0.177
0.210
0.194
0.176
0.287
0.309
0.306
0.223
0.289
0.346
0.223
0.214
0.205
0.269
0.234
0.350
0.371
0.271
0.258
0.308
0.306
0.257
0.288
0.281
0.363
0.436
0.495
0.623
0.639
0.589
0.857
0.953
0.774
0.708
0.534
0.434
0.365
0.367
0.324
0.305
0.471
0.517
0.628
0.841
0.845
0.798
0.769
0.805
0.796
0.780
0.692
0.744
0.811
0.870
0.781
0.691
0.745
0.750
0.839
0.823
0.816
0.826
0.862
0.917
0.846
0.847
0.842
0.810
0.863
0.800
0.845
0.831
0.829
0.871
0.903
0.924
0.828
0.835
0.931
0.907
0.888
0.851
0.779
0.727
0.785
0.812
0.799
0.779
0.777
0.825
0.855
0.816
0.855
0.746
0.773
0.770
0.802
0.762
0.691
0.651
0.630
0.598
0.660
0.702
0.829
0.876
0.866
0.851
0.727
0.726
0.871
0.831
0.870
0.917
0.903
0.940
0.953
0.838
0.733
0.715
0.699
0.713
0.632
0.533
0.558
0.545
0.524
0.551
0.565
0.553
0.567
0.620
0.631
0.740
0.728
0.473
0.405
0.483
0.531
0.605
0.737
0.632
0.490
0.447
0.495
0.494
0.508
0.601
0.553
0.500
0.478
0.493
0.410
0.467
0.501
0.541
0.557
0.590
0.631
0.552
0.497
0.537
0.509
0.817
0.929
0.864
0.959
0.899
0.708
0.535
0.460
0.504
0.452
0.440
0.439
0.502
0.563
0.589
0.646
0.605
0.637
0.580
0.541
0.578
0.553
0.518
0.577
0.547
0.556
0.541
0.484
0.552
0.636
0.626
0.649
0.569
0.530
0.442
0.363
0.385
0.467
0.527
0.594
0.681
0.584
0.622
0.583
0.501
0.583
0.475
0.476
0.538
0.531
0.506
0.513
0.432
0.494
0.542
0.481
0.441
0.484
0.468
0.489
0.476
0.612
0.529
0.591
0.537
0.411
0.398
0.475
0.477
0.494
0.584
0.558
0.550
0.592
0.517
0.445
0.456
0.428
0.454
0.539
0.543
0.426
0.363
0.323
0.446
0.513
0.477
0.466
0.432
0.384
0.351
0.308
0.430
0.390
0.349
0.438
0.408
0.631
0.562
0.472
0.429
0.479
0.522
0.540
0.505
0.477
0.741
0.779
0.700
0.608
0.499
0.446
0.379
0.320
0.384
0.523
0.446
0.341
0.371
0.320
0.320
0.369
0.374
0.316
0.252
0.242
0.258
0.254
0.191
0.205
0.240
0.254
0.254
0.395
0.394
0.410
0.328
0.241
0.220
0.268
0.272
0.233
0.235
0.291
0.258
0.216
0.222
0.330
0.348
0.305
0.287
0.236
0.357
0.247
0.195
0.135
0.143
0.166
0.174
0.166
0.227
0.217
0.194
0.216
0.283
0.196
0.167
0.201
0.248
0.305
0.437
0.450
0.393
0.310
0.260
0.294
0.282
0.239
0.217
0.214
0.219
0.159
0.110
0.123
0.155
0.234
0.225
0.224
0.152
0.142
0.136
0.154
0.134
0.197
0.208
0.209
0.183
0.176
0.162
0.178
0.183
0.166
0.247
0.168
0.225
0.257
0.310
0.241
0.248
0.446
0.449
0.448
0.440
0.339
0.351
0.335
0.314
0.329
0.308
0.334
0.296
0.374
0.401
0.591
0.668
0.691
0.669
0.584
0.533
0.558
0.397
0.349
0.364
0.380
0.492
0.735
0.830
0.772
0.857
0.891
0.851
0.876
0.745
0.664
0.617
0.553
0.510
0.551
0.493
0.478
0.725
0.622
0.674
0.610
0.622
0.656
0.633
0.616
0.522
0.588
0.706
0.726
0.758
0.679
0.689
0.736
0.777
0.947
0.913
0.884
0.793
0.848
0.797
0.713
0.714
0.625
0.614
0.691
0.661
0.664
0.750
0.816
0.816
0.877
0.746
0.749
0.704
0.805
0.880
0.823
0.809
0.839
0.963
0.900
0.761
0.765
0.699
0.700
0.704
0.823
0.837
0.839
0.890
0.770
0.708
0.591
0.568
0.570
0.554
0.541
0.514
0.594
0.537
0.562
0.606
0.620
0.607
0.592
0.603
0.581
0.579
0.665
0.893
0.809
0.812
0.841
0.791
0.774
0.739
0.805
0.897
0.940
0.934
0.954
0.964
0.822
0.897
0.815
0.806
0.871
0.876
0.836
0.855
0.851
0.770
0.958
0.966
0.904
0.888
0.827
0.733
0.673
0.698
0.703
0.757
0.898
0.890
0.923
0.810
0.814
0.682
0.539
0.513
0.495
0.502
0.504
0.533
0.589
0.522
0.565
0.533
0.458
0.613
0.656
0.565
0.611
0.608
0.590
0.653
0.669
0.681
0.666
0.633
0.626
0.613
0.644
0.694
0.617
0.589
0.544
0.604
0.620
0.698
0.673
0.621
0.611
0.580
0.558
0.516
0.631
0.646
0.634
0.635
0.635
0.605
0.498
0.512
0.541
0.638
0.629
0.653
0.630
0.566
0.533
0.607
0.551
0.574
0.688
0.657
0.610
0.574
0.531
0.609
0.619
0.550
0.573
0.754
0.656
0.592
0.571
0.660
0.516
0.515
0.505
0.568
0.768
0.792
0.764
0.668
0.602
0.569
0.587
0.673
0.848
0.746
0.624
0.528
0.596
0.631
0.703
0.603
0.567
0.593
0.596
0.549
0.530
0.501
0.464
0.450
0.402
0.502
0.514
0.442
0.428
0.529
0.553
0.479
0.465
0.390
0.547
0.749
0.871
0.538
0.402
0.401
0.355
0.331
0.467
0.662
0.625
0.550
0.546
0.676
0.785
0.703
0.644
0.557
0.494
0.485
0.497
0.427
0.431
0.374
0.381
0.442
0.450
0.429
0.415
0.361
0.337
0.299
0.278
0.308
0.261
0.240
0.199
0.250
0.240
0.317
0.376
0.304
0.295
0.250
0.258
0.289
0.272
0.240
0.209
0.254
0.231
0.238
0.207
0.237
0.199
0.149
0.224
0.250
0.154
0.267
0.333
0.245
0.275
0.283
0.321
0.274
0.266
0.247
0.206
0.238
0.207
0.225
0.295
0.229
0.357
0.193
0.165
0.157
0.197
0.214
0.216
0.283
0.263
0.252
0.329
0.404
0.329
0.219
0.242
0.236
0.243
0.288
0.294
0.244
0.252
0.249
0.249
0.273
0.169
0.172
0.320
0.570
0.848
0.556
0.266
0.227
0.255
0.318
0.356
0.310
0.218
0.200
0.157
0.164
0.181
0.176
0.202
0.182
0.208
0.268
0.245
0.307
0.402
0.457
0.539
0.617
0.532
0.581
0.459
0.383
0.358
0.401
0.363
0.376
0.383
0.449
0.373
0.338
0.507
0.580
0.501
0.731
0.762
0.588
0.447
0.389
0.425
0.478
0.464
0.546
0.609
0.772
0.786
0.840
0.778
0.838
0.919
0.930
0.836
0.732
0.806
0.782
0.736
0.795
0.776
0.762
0.814
0.785
