20000101
16.808
16.876
17.179
17.335
17.118
17.297
17.300
17.148
16.934
17.106
17.276
16.917
9.792
17.142
13.520
17.096
17.284
17.896
17.913
18.046
17.866
18.171
17.809
17.888
18.136
18.168
18.189
18.314
18.779
18.815
18.882
18.658
18.670
18.815
18.901
9.911
12.409
19.384
19.498
18.196
20.157
15.499
6.091
17.293
20.084
20.592
19.200
20.327
21.457
21.486
20.932
9.052
9.857
9.370
14.186
17.981
8.019
22.502
22.573
22.453
22.190
22.240
22.776
22.918
23.216
23.225
22.642
22.287
24.116
24.407
24.351
23.636
23.897
24.005
24.391
25.193
24.811
24.658
25.314
25.587
25.532
24.658
10.029
25.050
25.317
25.692
25.734
25.812
26.420
26.155
26.716
26.491
26.229
26.563
26.618
26.735
26.998
27.389
27.255
27.133
27.421
27.681
27.950
27.672
27.392
24.280
26.940
27.308
25.559
27.642
27.486
27.304
26.182
20.459
24.504
16.553
25.368
22.713
28.028
28.069
28.176
28.764
28.624
28.466
27.910
27.451
23.810
17.205
17.921
23.765
18.658
21.011
26.038
19.438
23.293
13.831
24.811
16.302
14.131
13.991
19.817
24.116
14.529
24.292
22.871
21.775
23.668
27.624
23.480
27.406
22.600
25.728
18.091
15.757
20.245
10.447
14.153
8.939
11.500
20.400
21.348
26.582
23.617
26.832
27.533
23.897
22.414
20.817
19.579
17.920
15.501
22.063
22.516
10.151
26.900
19.777
24.399
16.820
15.644
18.230
18.067
22.810
19.157
18.531
16.789
17.251
18.905
13.402
17.121
22.707
19.096
4.945
12.533
18.483
23.084
14.643
21.504
4.419
25.458
20.090
14.098
13.183
13.327
3.085
26.055
20.565
8.777
1.415
13.634
22.086
22.782
25.566
24.406
19.235
19.128
18.700
17.462
24.960
21.939
14.248
15.860
17.662
20.892
13.337
19.858
22.014
14.544
24.505
15.247
23.538
23.141
22.813
17.554
24.602
18.283
23.579
25.005
23.525
22.610
21.158
22.000
23.766
18.689
20.317
2.208
0.743
3.588
7.755
21.043
23.451
20.551
12.282
15.993
24.047
24.240
24.069
23.523
23.307
21.801
20.272
21.092
19.921
15.134
8.078
9.105
21.984
22.046
23.282
15.622
23.273
23.173
23.135
14.729
23.257
22.380
22.370
22.220
19.422
20.029
19.289
18.705
18.255
16.386
21.643
21.667
21.527
21.460
22.301
22.428
22.197
20.701
20.397
19.782
20.969
21.348
21.156
21.238
20.783
20.746
20.862
20.738
18.636
19.408
19.637
19.724
19.689
19.368
19.268
19.198
19.194
19.323
19.431
19.307
19.199
18.746
18.846
18.932
18.561
18.685
18.579
18.526
18.368
18.421
18.052
17.961
17.766
17.500
17.435
17.503
17.636
17.485
17.340
16.991
17.263
17.007
17.656
17.871
17.814
17.539
17.394
17.309
17.077
17.030
16.992
16.833
16.662
16.981
17.068
16.924
16.808
16.784
16.801
16.744
16.531
16.834
16.967
17.076
17.095
16.921
16.758
16.524
16.626
16.764
16.801
16.860
16.384
0.911
16.667
16.795
16.967
17.259
17.209
17.080
16.669
16.291
17.408
17.662
17.136
17.017
17.807
17.923
17.185
17.452
17.835
17.902
17.946
18.039
16.560
18.131
19.081
19.206
19.184
19.065
19.145
19.085
19.217
19.066
18.662
18.082
19.538
19.390
19.109
20.075
20.477
20.592
20.644
20.463
20.587
20.798
20.932
20.641
18.788
20.397
20.632
21.009
20.885
21.206
21.031
21.752
21.511
21.395
21.681
21.772
22.094
20.298
15.724
18.830
21.896
16.960
18.139
23.312
23.411
22.734
23.438
24.018
24.048
24.149
24.143
23.999
19.693
23.882
24.077
24.854
24.941
24.126
19.015
16.136
20.732
25.274
15.739
25.224
25.423
25.595
22.254
22.734
25.984
25.565
26.045
26.244
26.203
25.843
26.038
27.089
25.983
26.969
25.533
24.553
26.489
8.551
20.207
15.876
17.506
14.043
17.573
26.839
27.280
27.864
27.952
28.467
28.407
27.988
27.890
27.961
28.234
28.163
27.557
27.522
23.927
27.798
26.641
28.173
28.395
27.650
28.164
28.490
28.400
28.590
27.922
26.916
13.518
28.082
18.145
25.141
18.102
18.102
27.424
13.202
14.241
16.510
28.810
26.492
22.180
24.410
23.814
26.239
21.885
20.062
10.862
13.616
22.511
22.523
13.293
20.839
24.350
18.603
26.834
17.772
23.031
20.082
12.158
11.696
11.910
8.184
7.276
16.634
19.682
25.573
16.444
5.786
23.513
10.151
5.226
18.286
11.100
11.358
13.833
14.385
9.872
10.313
26.082
26.312
21.683
27.116
22.113
25.013
9.981
16.510
7.027
3.160
2.252
3.481
7.412
21.427
12.631
17.196
24.403
22.042
23.911
22.843
20.956
22.055
23.651
21.668
16.768
23.552
19.695
22.000
22.581
21.570
19.598
19.024
25.155
23.981
18.937
23.024
24.379
25.635
22.964
20.869
24.932
22.883
24.465
15.270
23.980
24.478
24.655
16.859
20.955
22.893
19.914
19.610
1.195
19.070
21.456
19.473
20.627
24.699
22.214
5.394
9.624
20.218
12.836
18.529
23.874
22.673
22.326
21.207
23.869
24.296
23.262
21.148
10.833
23.564
23.217
23.297
23.234
20.999
24.196
24.395
24.087
23.780
23.378
20.916
19.626
21.696
21.989
22.529
21.783
16.925
6.458
20.075
18.342
15.359
16.534
21.216
20.907
20.337
20.611
20.407
13.618
21.623
21.285
21.098
21.676
21.556
21.292
21.681
21.349
21.389
21.373
21.040
20.318
20.296
20.525
20.549
20.190
20.117
16.170
19.525
19.626
19.872
19.735
19.672
19.408
19.230
18.735
18.892
17.755
18.631
18.636
18.805
18.745
18.599
18.250
17.713
15.884
6.150
17.499
18.179
17.727
15.667
17.212
17.510
17.617
17.373
17.161
17.035
17.143
17.198
17.427
17.553
17.463
17.262
17.147
17.108
16.967
16.844
16.653
16.681
16.367
16.389
16.406
16.570
16.732
16.553
16.367
16.354
16.468
16.290
16.541
16.585
16.864
16.768
16.740
16.853
16.607
16.396
16.418
16.264
16.496
16.746
17.062
17.180
17.132
16.853
16.992
16.753
16.575
15.054
17.062
17.264
17.462
17.458
17.323
17.250
17.255
16.881
9.340
17.376
17.201
16.568
16.639
8.966
12.078
18.082
18.651
18.441
16.505
18.101
18.236
18.853
18.999
19.158
19.061
19.634
19.813
19.149
18.170
3.926
3.919
18.286
18.926
16.653
6.029
19.772
20.641
20.565
20.696
20.916
20.305
19.379
20.810
20.921
21.220
20.362
18.696
19.514
22.100
22.039
22.068
21.660
21.856
21.450
23.157
22.997
23.220
23.255
13.856
22.722
22.801
23.269
23.582
22.394
21.110
6.793
24.247
24.868
25.014
24.910
25.119
25.194
23.076
24.736
24.887
25.152
24.635
23.653
17.812
18.700
26.668
26.142
26.056
18.433
26.553
26.721
26.729
26.566
26.479
25.145
26.382
21.728
25.709
26.400
27.011
27.112
27.285
27.171
27.343
27.028
27.269
25.077
21.343
27.563
26.932
27.736
27.643
23.831
28.379
28.605
28.632
28.506
24.963
28.312
24.963
28.550
28.931
25.920
27.339
28.779
28.742
28.629
28.493
29.174
28.702
26.709
24.076
25.767
15.870
28.500
28.541
28.912
28.660
29.013
28.288
27.408
24.252
20.072
26.127
19.449
23.501
28.685
27.746
28.601
22.180
16.651
13.163
19.805
14.749
17.039
15.613
19.411
23.512
15.503
16.850
19.708
25.528
18.127
21.258
21.186
19.260
22.044
16.332
20.446
16.065
15.528
21.326
20.798
20.506
18.783
26.831
21.668
23.127
24.111
17.866
4.641
0.967
16.602
23.357
25.226
27.161
11.530
21.293
25.817
20.579
17.266
19.074
20.734
18.380
17.973
21.160
24.719
23.437
8.852
18.212
26.674
26.348
17.311
8.858
19.261
24.488
19.792
17.888
13.812
10.662
11.969
18.532
19.641
12.013
23.350
24.653
23.777
25.351
20.797
3.112
5.641
20.949
16.728
17.235
13.960
21.250
17.057
11.941
16.926
10.833
16.770
12.726
15.843
11.512
23.725
24.415
21.663
20.081
19.451
23.891
18.987
19.416
10.628
5.429
22.790
21.377
15.860
13.906
11.319
17.106
6.103
12.202
21.583
23.680
24.519
24.256
23.084
23.871
23.947
23.620
21.216
20.888
17.806
16.710
18.071
20.697
22.916
18.825
20.203
22.789
23.086
23.156
23.149
23.057
23.081
22.642
19.166
10.673
20.521
15.055
19.974
18.654
10.183
21.217
14.023
15.180
11.713
6.954
18.711
21.038
21.292
20.809
20.574
20.494
20.733
20.613
20.704
20.633
20.474
20.269
19.792
19.616
19.511
19.754
19.395
19.193
19.170
17.071
17.986
18.280
12.871
17.682
9.993
18.380
18.600
18.173
18.101
18.423
18.278
18.205
17.945
17.673
17.642
17.488
16.090
17.719
17.768
17.857
17.868
17.800
17.069
16.910
17.720
17.399
17.029
16.719
16.512
16.389
16.175
16.352
16.571
16.513
16.376
16.513
16.410
16.579
16.471
16.427
16.338
16.213
16.346
16.353
16.370
16.398
13.199
16.298
16.418
16.460
16.639
16.795
16.463
4.409
15.098
16.218
16.440
16.254
17.065
17.113
17.086
16.891
17.294
17.016
17.140
17.458
16.720
17.954
18.085
17.975
17.972
17.908
18.159
17.986
18.158
18.262
17.891
18.271
18.094
18.347
17.989
17.397
13.517
18.368
18.197
17.737
13.810
15.596
10.978
17.547
19.576
19.732
19.036
15.485
10.074
17.732
18.473
20.074
20.603
20.132
20.557
20.292
16.868
15.173
20.026
21.408
21.399
21.304
21.417
21.592
21.249
21.689
20.447
21.729
21.978
22.145
23.360
24.005
23.618
23.883
23.899
23.648
23.381
23.101
15.515
22.359
23.519
23.302
21.505
20.389
21.747
17.213
24.682
24.909
25.016
24.929
24.651
21.111
22.574
22.816
23.279
24.933
25.243
25.461
26.033
25.828
24.781
23.437
23.217
24.246
22.791
26.605
26.991
27.246
27.555
26.800
26.490
23.171
17.605
26.148
26.921
26.869
26.992
27.417
27.536
27.584
28.125
28.079
27.822
27.262
22.889
14.511
15.606
18.000
27.769
27.734
28.119
28.880
29.002
28.973
28.937
28.977
28.952
28.911
28.980
27.877
27.793
26.817
18.199
28.718
29.470
27.198
26.283
27.131
25.320
20.132
24.095
22.561
15.454
22.934
28.777
28.065
28.939
29.565
29.268
29.135
29.005
29.072
28.857
25.682
17.811
16.055
26.821
19.721
28.381
23.361
19.453
21.409
11.418
19.674
17.497
21.349
12.601
14.075
22.761
11.573
24.440
16.136
21.564
19.755
19.278
17.151
20.212
25.193
18.131
22.570
21.803
25.277
22.881
22.426
24.592
20.849
15.039
13.092
16.443
22.595
24.948
24.066
9.283
12.884
23.152
26.457
24.392
15.747
20.073
19.387
10.943
18.760
20.556
23.349
6.407
22.060
21.459
21.855
11.852
3.821
1.392
9.292
21.286
20.886
25.241
21.225
19.681
25.174
23.544
17.561
23.502
13.844
8.841
15.362
15.486
22.596
19.212
21.455
18.832
22.409
22.661
22.687
10.840
15.810
17.578
23.590
23.861
14.585
18.070
20.127
21.431
18.827
2.614
5.340
21.605
21.479
21.729
18.900
8.313
13.064
17.328
20.873
18.068
17.200
13.820
21.208
22.859
22.490
20.233
20.050
19.721
21.079
21.624
18.875
21.092
17.977
19.796
19.278
19.223
18.997
21.219
19.722
22.861
22.954
22.519
21.508
9.536
4.108
3.140
3.593
19.578
21.771
21.797
21.726
21.988
22.266
21.216
17.284
18.294
17.358
17.506
16.213
13.147
6.901
1.216
2.369
6.894
16.557
18.711
17.251
13.955
18.703
17.561
19.673
19.795
19.588
19.468
19.330
18.458
12.277
18.920
18.933
18.915
18.964
18.971
18.644
18.496
18.309
17.910
17.753
17.639
17.455
17.876
17.900
17.467
17.618
17.291
17.662
17.606
17.149
16.850
17.404
17.130
17.484
17.437
17.121
16.865
16.751
16.987
16.681
16.369
16.553
16.442
16.343
16.404
16.683
11.301
4.612
16.589
16.412
16.508
16.335
16.493
16.396
16.376
16.410
16.443
16.196
9.894
16.131
16.452
16.440
16.398
16.700
16.639
16.523
16.509
15.928
15.344
16.589
16.909
16.947
17.040
16.898
16.875
16.906
17.197
17.170
17.061
17.193
17.277
17.666
17.457
17.421
12.402
1.585
17.783
18.142
15.836
18.550
18.883
18.529
14.381
12.875
17.882
18.748
19.745
19.828
10.483
19.566
20.076
20.075
20.034
19.987
19.905
19.928
20.008
20.537
20.352
20.964
20.917
20.931
20.708
20.873
21.514
21.594
21.526
21.778
22.125
22.268
22.190
21.957
22.220
22.615
22.935
23.131
23.170
22.907
20.388
23.177
22.810
14.316
22.929
23.387
23.670
23.734
24.011
23.953
24.363
24.627
24.859
24.989
24.931
25.388
24.981
25.345
25.141
25.335
25.229
20.739
25.089
24.304
23.338
21.532
23.157
25.741
26.188
25.983
24.937
22.139
19.745
25.929
21.913
25.131
26.255
26.829
27.130
26.734
26.926
27.044
27.419
27.693
27.365
26.767
25.618
26.734
25.233
21.152
24.021
10.775
27.148
27.194
15.485
26.688
24.665
27.962
28.927
29.105
28.273
27.233
27.221
22.979
23.590
20.153
24.933
23.371
17.480
17.285
14.526
22.090
28.162
28.229
27.732
26.942
28.707
28.980
28.338
28.836
25.669
18.236
28.460
16.907
28.914
24.071
27.863
23.602
16.003
12.219
12.816
20.297
19.661
23.895
21.851
18.839
15.359
13.690
17.274
7.966
6.834
10.487
14.670
19.564
4.392
6.303
7.143
19.474
27.336
27.862
25.697
19.487
15.140
15.962
17.764
20.517
11.918
22.039
21.119
13.171
13.788
17.568
20.949
23.531
18.793
20.969
25.627
26.884
26.423
11.808
17.113
15.907
19.359
20.468
18.890
26.324
22.805
13.951
20.152
15.838
19.982
23.801
21.629
22.583
23.937
22.770
21.175
19.467
21.846
23.513
25.663
21.279
16.588
19.905
16.344
5.036
11.307
22.713
16.955
15.472
13.111
18.334
22.636
22.881
9.080
19.074
22.328
23.853
19.690
14.596
23.288
22.724
22.127
13.293
20.636
13.137
20.116
23.562
21.627
13.857
17.755
22.260
24.547
23.946
24.347
19.209
22.900
24.850
20.385
22.853
19.047
16.004
21.683
21.355
23.222
20.208
16.457
12.283
21.735
21.493
21.141
20.228
22.279
21.420
18.766
22.320
20.200
22.551
22.302
21.016
21.598
19.519
21.615
12.402
19.878
20.822
21.598
22.194
21.962
20.731
11.665
20.042
12.550
21.548
21.643
21.625
21.576
21.173
20.515
20.893
20.682
20.631
20.491
20.644
20.379
20.102
18.854
15.787
19.670
19.594
19.718
19.972
19.734
19.688
19.724
19.559
19.067
18.690
18.405
18.744
18.135
17.890
17.322
18.688
18.492
18.432
18.113
17.961
18.065
17.964
17.679
17.659
17.389
17.361
17.317
17.076
16.818
16.994
16.967
16.999
16.919
16.923
16.909
16.845
16.655
16.806
16.720
16.668
16.187
16.414
16.406
16.176
16.237
16.334
16.645
16.493
16.359
16.392
16.325
16.121
16.184
16.050
15.332
8.932
15.366
16.589
16.775
16.929
16.840
16.785
15.469
16.065
14.393
14.111
16.055
16.554
16.557
14.174
17.197
17.015
17.056
16.994
17.057
17.181
17.283
17.102
17.371
10.501
17.320
17.666
18.033
17.596
17.054
15.149
17.845
17.797
17.788
15.510
5.014
14.464
2.848
1.939
8.153
19.297
19.343
19.215
13.989
19.109
15.400
16.276
19.104
19.543
19.181
19.760
19.858
20.100
20.118
19.956
20.335
20.319
20.528
20.188
14.728
13.242
21.146
22.047
21.760
21.742
21.747
21.839
20.827
21.478
17.063
16.275
22.243
22.047
18.933
19.123
20.580
18.579
14.811
10.291
23.265
23.586
23.701
23.672
23.760
23.495
24.708
24.750
24.656
19.522
14.843
21.635
25.103
25.312
25.265
25.136
25.126
21.806
25.390
26.404
26.860
26.964
26.928
27.003
27.066
26.594
18.210
10.888
27.048
28.010
28.155
28.136
25.205
27.273
27.395
27.435
27.371
26.745
25.818
28.137
27.542
24.741
21.732
15.793
21.556
20.866
25.030
24.507
21.013
21.084
17.652
23.846
18.604
18.128
18.869
23.018
28.043
28.212
28.832
29.198
29.526
29.080
29.066
29.435
29.072
28.356
27.594
24.149
18.867
29.091
28.562
28.596
28.737
28.981
27.160
22.427
28.523
17.162
26.658
27.257
23.972
29.436
23.946
27.791
20.183
15.790
19.535
26.684
19.409
29.274
28.328
28.534
29.049
28.082
25.171
25.527
22.686
26.692
12.094
26.399
17.322
18.255
8.422
8.008
17.440
20.392
23.443
16.525
3.427
4.713
15.325
4.774
3.348
2.408
3.169
22.635
16.989
19.747
15.517
18.989
20.724
21.043
12.297
7.479
17.888
19.861
22.304
20.884
23.764
26.132
22.646
24.907
24.011
17.207
23.316
22.695
16.039
24.896
23.944
23.873
7.806
20.064
26.000
21.001
8.185
18.643
16.450
22.476
25.662
26.621
25.089
4.719
7.564
23.152
21.411
7.155
13.509
21.521
23.971
17.899
20.517
7.368
10.426
4.012
19.611
24.071
23.332
23.406
21.823
21.272
25.651
19.620
17.484
12.079
21.690
21.405
21.614
19.006
20.100
21.033
23.880
18.691
18.268
10.566
8.033
6.981
16.762
16.329
22.848
19.270
20.780
22.920
14.241
16.370
22.632
21.522
20.586
21.500
17.319
22.519
22.525
22.538
22.057
22.449
21.672
22.158
22.094
22.593
22.574
22.361
22.132
21.649
20.504
20.148
21.182
19.116
2.687
7.643
12.432
1.288
17.726
16.417
4.816
13.630
17.344
15.350
20.265
20.281
20.128
19.186
15.237
16.652
19.338
10.901
19.759
15.051
16.753
19.375
19.617
19.516
19.232
19.183
19.219
19.035
18.992
18.932
18.669
18.694
18.607
18.821
18.440
18.345
18.226
17.886
17.945
17.647
16.866
17.215
17.290
17.085
17.028
17.157
16.579
16.795
16.451
16.058
16.458
17.565
17.419
17.258
17.123
17.192
17.042
17.105
16.986
16.985
17.014
16.929
16.379
15.924
16.681
16.538
16.296
11.709
6.008
11.452
16.017
16.607
16.627
16.548
16.636
16.663
16.599
16.641
16.663
16.676
16.647
16.830
16.886
16.733
16.974
17.021
17.370
17.284
17.553
17.384
17.372
17.458
17.315
17.517
17.551
17.394
17.389
17.381
17.329
17.919
17.709
18.319
18.666
18.611
18.679
18.643
18.802
18.826
19.078
19.208
19.190
19.225
19.412
19.666
19.671
19.810
19.959
19.988
19.606
20.087
20.014
20.149
20.432
20.356
20.477
20.573
20.734
20.835
21.107
21.300
21.410
21.453
21.993
22.160
21.845
20.747
20.663
19.680
19.830
20.156
8.488
19.317
19.046
21.010
10.733
13.667
4.896
12.985
20.112
22.215
23.333
11.288
23.426
24.184
24.916
24.831
24.624
20.525
25.345
25.494
25.052
24.867
22.228
25.468
23.654
25.865
26.458
26.173
26.218
25.806
25.988
25.994
26.294
26.413
26.311
26.425
26.280
26.375
26.414
26.590
23.405
19.225
13.300
13.796
14.259
15.263
27.434
27.007
27.247
23.751
26.806
26.207
27.516
26.604
27.968
27.737
23.307
27.687
25.182
26.221
20.583
24.352
18.146
27.612
26.039
28.272
27.346
18.956
16.644
11.087
21.719
24.432
19.334
14.396
15.509
21.807
18.627
18.482
22.133
21.438
15.139
22.263
16.972
15.349
14.172
15.968
24.236
17.964
19.446
23.576
21.277
13.667
12.501
21.755
5.046
9.790
9.434
20.723
23.690
13.783
19.708
26.365
27.483
13.490
26.453
12.112
28.425
27.635
20.683
25.110
15.747
14.974
19.436
16.510
13.755
10.791
22.359
16.969
21.815
19.812
20.523
8.682
11.458
11.482
13.682
14.685
7.691
2.074
1.688
6.582
25.314
18.610
7.992
13.919
23.032
24.211
22.001
21.596
16.730
14.794
9.967
21.050
25.735
25.345
17.973
17.024
4.026
12.838
7.003
22.676
22.856
12.423
19.327
2.826
18.426
22.682
25.706
25.299
25.068
25.847
23.285
22.222
9.547
20.566
22.976
24.652
4.031
6.023
21.297
23.254
9.336
13.277
11.024
13.244
19.037
10.269
23.229
23.756
13.392
9.158
8.735
25.231
24.929
23.635
24.085
18.250
23.881
23.289
21.902
23.535
22.304
18.337
11.107
22.693
19.227
22.624
21.345
20.569
20.833
20.464
18.179
1.774
7.767
4.565
10.176
20.243
9.685
22.763
22.889
21.398
7.205
17.002
19.014
20.211
19.803
22.811
22.610
22.419
22.198
22.238
21.882
22.037
21.978
21.585
21.391
21.111
21.301
21.223
21.145
18.981
16.058
20.439
20.466
19.333
17.895
20.172
18.905
10.683
14.978
3.588
17.776
16.390
14.664
15.308
6.304
3.672
10.030
18.379
18.890
18.672
13.381
17.349
18.176
18.295
18.235
18.317
18.360
18.290
18.141
18.111
17.847
17.705
17.591
17.294
17.422
16.930
6.772
17.063
16.707
17.161
16.721
15.879
16.774
17.032
17.183
16.656
16.519
16.415
16.429
14.718
16.113
10.811
16.015
16.468
16.550
16.673
16.551
16.685
16.502
16.534
16.565
16.002
16.102
16.301
16.434
16.244
16.618
16.566
16.113
16.346
16.755
16.953
16.588
16.515
16.622
16.567
16.890
16.984
16.910
16.811
16.878
17.046
17.030
16.760
16.678
16.700
17.162
17.222
17.257
17.745
17.613
17.576
17.821
16.935
18.188
18.402
18.392
18.176
18.296
18.452
18.325
12.176
17.933
17.668
18.759
18.978
19.049
12.945
19.088
19.288
17.077
19.296
19.380
13.160
12.512
14.189
2.236
20.234
20.312
18.333
20.658
20.668
20.831
21.186
21.347
21.259
21.254
20.537
15.431
19.253
21.630
21.898
19.049
21.960
22.753
22.785
23.137
23.394
23.498
23.166
19.236
11.471
22.995
13.066
6.964
11.682
23.844
24.344
23.943
23.997
24.156
23.531
18.702
21.221
24.270
24.854
25.396
25.862
25.938
25.859
25.990
25.800
25.858
25.736
25.488
26.219
26.757
26.632
26.214
22.863
25.023
18.720
26.664
26.665
26.844
26.553
26.353
25.002
18.089
19.741
10.102
17.442
18.143
25.268
14.946
26.258
22.004
18.832
17.947
27.869
27.945
26.096
23.329
21.971
27.454
15.435
13.083
13.901
8.455
14.127
15.540
27.516
21.929
27.382
16.846
26.571
25.948
14.107
17.510
22.645
18.957
19.178
23.750
23.489
14.740
28.587
28.626
18.709
15.492
24.292
27.086
21.040
27.732
16.818
28.847
29.149
22.824
22.204
24.071
27.632
20.018
15.339
18.965
11.557
14.921
15.633
23.835
12.549
16.337
19.424
24.192
21.371
22.413
19.740
19.048
16.980
21.680
24.301
13.485
21.993
21.761
21.947
4.328
14.328
12.126
22.453
21.793
11.293
18.784
9.451
2.707
13.997
13.860
16.137
26.013
25.554
20.518
18.871
17.995
7.914
8.799
19.936
23.454
19.147
21.233
18.280
23.240
16.558
5.853
19.579
22.910
6.162
17.731
21.683
24.130
18.274
18.501
20.529
25.265
25.723
18.181
6.384
19.482
24.769
25.192
23.083
22.395
1.444
7.198
8.908
3.352
8.677
17.610
16.639
5.328
20.227
22.628
23.904
23.864
21.629
20.872
18.484
10.667
24.375
22.625
22.965
20.057
14.917
21.842
19.818
14.086
22.009
6.735
22.432
1.336
7.584
23.250
19.308
22.163
22.727
9.042
22.036
20.053
18.895
2.178
21.024
22.589
14.523
1.770
7.445
7.380
21.091
0.490
17.363
12.825
19.323
18.947
18.079
9.866
19.100
19.389
18.007
21.726
21.775
21.598
21.245
22.029
21.831
21.949
21.871
17.108
14.402
12.371
20.968
21.214
21.113
21.394
21.318
21.075
20.829
20.616
20.479
20.382
20.152
20.118
19.544
11.201
4.990
18.956
19.262
19.582
19.315
19.153
19.115
18.843
18.696
18.686
18.688
18.843
18.893
18.787
18.519
18.134
18.086
17.436
17.282
17.844
17.948
18.052
17.668
17.550
17.372
17.223
17.233
17.460
17.454
17.293
16.999
16.841
16.481
16.851
16.664
16.580
16.307
16.436
16.932
16.560
16.390
15.093
11.873
13.161
15.879
16.155
16.632
17.157
16.837
16.462
16.743
16.707
16.697
16.289
16.191
15.886
16.306
16.467
16.636
17.125
17.294
17.183
16.610
16.265
16.256
16.493
16.434
16.445
16.708
16.804
16.712
16.721
16.799
17.317
17.477
17.719
17.396
17.123
17.308
17.261
17.119
17.439
10.938
4.945
7.330
3.224
16.293
18.445
18.641
8.803
4.705
18.602
19.720
19.653
18.529
14.000
17.657
2.392
15.706
1.201
17.183
20.143
20.221
20.356
21.274
21.389
21.205
21.123
21.266
21.030
21.388
21.460
21.521
21.398
21.625
21.406
21.790
22.728
22.670
22.712
22.802
22.710
22.864
22.648
22.901
23.094
23.184
23.171
23.185
23.392
23.673
23.037
22.496
14.471
21.985
14.467
22.642
24.610
24.573
23.760
20.816
24.247
24.595
19.587
12.677
17.977
20.405
25.542
25.582
18.982
25.798
24.258
20.565
11.299
15.168
9.820
11.557
20.186
26.153
26.633
26.459
26.817
26.499
26.017
19.424
24.369
22.799
27.174
27.469
27.328
28.084
28.272
28.214
28.008
27.931
28.130
28.128
27.764
28.132
28.313
28.655
28.334
27.675
26.998
28.207
23.468
22.660
25.156
17.272
25.436
20.689
27.647
24.573
20.416
23.135
25.348
28.253
28.082
24.436
23.599
26.447
27.181
27.446
15.657
14.668
13.989
16.143
25.969
22.463
24.929
16.469
17.755
16.599
15.169
19.400
14.780
12.228
17.646
12.552
13.957
17.860
17.494
17.931
18.194
26.694
22.216
20.699
21.943
20.956
4.969
3.721
20.546
22.323
5.255
5.644
22.707
26.746
26.881
27.243
22.210
5.311
14.978
9.051
12.196
24.453
8.146
10.237
17.940
19.439
19.801
27.015
12.420
15.591
19.455
23.633
25.463
23.233
21.648
26.089
22.490
20.624
20.312
9.872
23.036
25.551
8.651
12.584
22.285
24.074
20.858
23.779
8.677
22.121
22.958
23.054
25.589
21.652
22.922
22.498
24.535
24.412
3.292
21.499
14.938
10.371
16.167
24.154
22.626
22.424
17.693
24.124
23.717
11.515
3.103
10.116
23.939
24.679
22.120
20.393
23.774
24.075
18.018
22.765
24.254
22.298
4.423
16.072
23.793
22.211
19.008
24.280
24.160
23.248
23.220
20.890
23.581
21.166
23.519
20.446
22.462
22.660
4.521
3.743
13.047
23.080
22.734
20.381
22.030
21.730
23.241
23.259
19.334
20.229
20.833
15.210
20.737
21.051
20.477
17.125
18.644
15.940
21.811
21.847
18.033
21.381
21.559
21.637
21.657
21.459
19.392
18.884
18.874
19.168
21.361
21.098
21.022
20.774
20.628
20.424
19.759
19.464
19.859
20.076
20.139
19.949
19.788
19.848
19.797
19.730
19.413
19.330
18.843
18.817
18.615
18.750
18.583
18.561
18.543
18.151
18.061
17.894
2.198
17.103
7.052
17.065
13.604
17.444
17.638
17.957
17.844
17.770
17.105
17.257
17.075
16.503
14.898
16.494
16.616
16.881
16.868
16.813
16.717
16.712
16.268
16.192
16.285
16.134
16.251
16.033
15.968
16.446
16.325
16.528
16.367
16.250
15.562
14.806
14.950
11.185
16.574
16.653
16.602
16.632
16.730
16.628
16.486
16.471
16.581
16.678
16.656
16.460
15.387
2.619
12.808
12.499
14.141
16.061
16.368
16.781
16.897
16.870
16.878
17.296
17.494
17.452
17.597
17.572
18.307
18.002
17.932
18.336
16.761
18.135
18.098
18.339
18.654
18.305
18.418
19.174
19.261
19.429
19.464
19.089
19.264
19.826
19.693
20.017
20.058
19.626
20.468
20.388
20.444
20.725
20.580
20.708
20.913
21.194
21.175
21.205
21.406
20.996
21.440
21.830
21.744
21.737
21.937
22.557
22.334
22.524
22.785
22.867
23.170
23.430
23.262
19.100
10.173
20.319
24.743
23.917
24.227
20.705
20.497
22.021
24.405
24.316
16.921
16.046
22.151
23.566
18.674
10.809
13.082
25.342
24.464
23.965
22.623
25.329
25.906
25.631
25.291
25.723
26.064
25.735
23.219
9.620
17.988
26.540
27.287
27.397
27.081
27.290
27.413
27.180
23.845
27.970
28.186
27.843
27.805
27.723
28.940
29.127
28.317
27.922
29.052
28.475
27.907
28.238
27.993
22.315
24.612
23.654
18.476
26.616
28.802
28.025
28.302
27.665
23.867
21.376
14.833
26.019
21.117
18.349
27.532
20.222
16.617
23.552
17.089
18.238
17.563
23.052
12.382
20.442
29.014
17.329
16.321
18.731
24.999
20.212
27.351
19.212
22.912
23.505
19.800
24.677
29.094
28.472
20.164
25.599
13.809
19.700
14.806
18.790
21.978
28.971
23.773
27.128
24.291
27.509
28.802
28.628
25.149
14.424
16.130
10.800
19.655
18.807
16.397
22.421
22.448
21.651
9.253
17.743
22.550
22.067
24.894
13.717
26.167
25.340
26.301
21.716
15.946
6.619
16.681
25.168
25.454
24.156
11.533
16.841
22.393
18.684
21.315
24.126
25.017
11.219
18.728
25.548
10.120
23.620
25.835
22.147
22.246
13.471
17.746
17.908
20.339
12.563
23.861
17.470
23.969
24.013
24.412
14.665
10.333
19.407
22.394
25.095
21.783
24.372
17.575
23.338
22.347
23.138
20.947
11.449
16.267
18.971
23.401
22.436
23.460
23.079
22.882
21.565
22.450
23.112
2.009
4.415
13.293
17.007
9.345
22.985
16.629
21.780
23.069
23.712
23.294
23.317
23.579
14.074
23.349
21.779
22.232
22.158
22.439
20.247
22.257
21.956
21.437
21.457
22.058
21.600
3.718
19.690
18.536
16.717
19.667
10.787
22.140
21.993
22.105
22.074
21.521
21.395
21.007
21.497
21.188
21.167
18.675
21.258
20.898
20.967
21.491
21.301
21.144
21.299
21.108
21.000
20.721
20.407
19.027
19.712
20.028
19.722
19.604
18.952
10.870
13.409
12.408
18.018
13.057
10.458
9.948
16.386
4.558
16.665
14.003
11.011
0.901
14.508
17.987
18.342
18.171
17.968
17.929
17.483
17.409
17.646
17.579
17.492
17.253
17.461
17.127
17.043
17.129
17.008
16.443
16.708
16.322
15.242
16.516
16.205
16.235
16.601
16.474
16.144
16.017
15.843
11.731
11.746
16.153
16.389
16.597
16.739
16.675
16.300
16.106
15.342
16.454
16.594
16.432
1.314
15.094
17.117
17.122
16.768
16.188
17.112
17.130
17.195
17.088
16.948
16.920
16.856
16.104
11.045
16.122
16.949
17.331
17.593
17.894
17.965
18.157
18.325
18.185
18.300
18.337
18.345
18.522
18.642
18.514
18.755
18.890
18.751
18.712
14.084
16.926
11.033
19.529
19.345
19.265
19.443
13.422
4.910
16.670
16.920
19.200
12.174
16.595
5.166
19.891
21.009
21.165
21.457
21.560
21.078
19.898
21.229
21.622
21.833
22.027
22.184
22.221
22.710
22.213
22.292
22.121
22.312
22.439
22.681
23.074
23.186
20.608
22.906
23.500
24.236
23.936
23.110
23.948
24.066
24.605
24.799
25.006
25.040
24.990
25.138
24.940
21.406
20.053
25.431
25.741
25.849
26.026
25.734
25.849
25.842
25.910
26.284
26.540
26.923
24.990
24.772
24.317
27.019
26.735
26.722
26.747
27.721
27.143
27.326
27.133
27.121
27.427
26.967
27.380
27.522
26.421
28.058
27.736
25.327
22.747
25.897
21.866
11.145
19.151
17.593
17.561
18.022
19.027
21.906
21.945
27.898
28.236
28.356
28.769
21.595
24.068
18.876
28.566
28.497
20.094
24.020
4.386
18.192
26.791
28.085
20.882
28.262
25.025
27.559
27.877
27.935
28.686
28.723
27.401
20.450
26.235
14.122
27.818
28.230
28.246
21.474
26.879
28.237
28.567
23.888
21.416
19.280
25.409
18.807
12.356
12.445
13.519
16.883
20.837
21.690
21.323
23.658
16.261
15.485
17.687
20.339
25.043
22.088
18.256
17.295
18.094
21.132
26.754
19.335
21.492
22.118
19.958
25.564
11.334
10.781
14.985
15.796
25.160
21.101
25.865
23.369
23.849
23.503
22.665
20.046
24.924
4.870
22.672
21.801
3.043
23.989
24.002
24.706
24.478
23.425
18.197
21.414
25.325
22.553
19.077
21.543
25.672
24.025
22.917
24.602
15.995
22.458
23.412
22.527
23.269
25.035
23.416
22.840
14.929
22.483
18.467
19.490
19.786
20.295
20.695
21.105
21.243
23.554
23.425
18.962
20.602
20.708
23.129
23.057
21.780
20.930
21.158
22.346
22.697
22.988
23.099
21.490
17.620
21.739
1.852
18.398
18.741
18.364
18.751
17.903
22.477
23.438
22.880
22.741
23.183
21.825
22.402
23.209
23.123
22.904
22.335
19.096
20.623
7.502
19.452
21.409
19.990
19.712
20.457
22.100
22.091
21.986
21.692
21.297
15.146
3.260
17.915
19.761
19.546
19.534
18.435
18.413
20.105
20.211
20.439
20.625
20.415
20.514
20.628
13.967
1.445
6.300
14.806
14.063
19.554
19.492
19.170
17.473
9.047
13.523
5.775
18.005
14.268
17.978
17.873
17.699
17.445
17.202
16.868
16.839
17.412
17.783
17.871
17.269
16.320
16.685
16.350
16.247
11.438
16.608
17.062
16.987
16.318
16.993
17.474
17.085
5.644
1.775
3.537
4.018
13.363
16.102
16.481
16.276
16.713
17.006
16.872
16.849
16.768
16.915
16.894
16.978
16.986
16.766
16.547
16.704
16.712
16.797
16.714
16.374
6.574
15.577
15.297
17.073
17.083
16.730
16.901
17.250
17.424
17.244
17.386
17.534
17.506
17.293
17.121
17.098
16.971
17.643
17.617
17.541
17.874
17.767
17.682
17.565
17.585
17.566
17.683
12.583
18.219
18.014
12.623
15.201
18.555
18.932
19.257
19.224
19.305
19.391
19.704
19.746
19.552
19.482
19.733
19.843
20.140
20.004
19.949
20.081
19.700
18.230
20.255
11.570
16.875
18.218
20.786
21.281
21.432
17.486
8.262
21.807
22.005
22.201
21.706
21.803
15.352
19.150
22.344
22.694
22.915
15.194
22.887
22.111
23.844
24.073
23.976
24.104
24.424
24.405
24.258
24.372
24.759
24.686
25.084
24.719
18.395
19.456
25.178
25.476
25.247
25.423
25.745
25.745
25.848
26.057
25.938
17.838
13.842
27.001
26.686
19.980
16.591
23.889
26.319
21.024
11.679
8.313
16.492
19.039
24.922
16.939
16.966
24.008
17.929
25.519
26.071
26.527
15.510
17.927
13.114
26.413
25.047
19.156
19.446
18.864
27.932
26.038
18.951
13.038
15.886
22.530
26.462
24.182
24.588
28.223
16.119
25.025
19.028
16.143
24.552
22.109
21.311
22.346
22.367
17.995
27.244
17.223
25.923
24.593
23.109
20.975
21.774
16.224
18.924
20.590
19.063
16.175
18.645
26.937
21.908
24.682
19.284
17.599
18.405
18.161
20.012
17.079
15.710
15.199
18.708
10.651
5.402
2.122
2.030
8.248
19.089
19.601
25.109
21.409
15.613
5.724
4.486
20.745
4.761
23.733
24.306
16.686
15.734
20.011
13.864
21.252
26.519
22.929
16.129
25.120
26.516
25.458
19.446
25.260
14.039
6.049
21.222
12.581
20.783
3.872
0.966
3.321
21.103
19.911
22.411
18.989
10.356
23.960
19.743
21.479
25.149
18.198
11.943
19.540
12.681
11.955
18.119
8.117
21.559
13.992
6.542
3.546
9.385
20.024
17.471
17.487
23.270
12.644
16.419
17.121
22.637
20.814
16.252
21.723
22.911
23.816
23.702
20.116
21.230
23.898
24.407
18.506
17.706
12.935
18.170
22.132
21.031
23.211
18.460
8.872
4.810
20.457
21.325
23.114
23.081
22.339
18.185
15.872
16.852
17.713
14.579
20.043
2.919
8.114
4.892
2.406
15.053
22.998
22.767
22.836
23.111
22.839
22.917
22.812
22.065
19.553
21.215
16.936
15.293
19.746
21.177
20.303
20.929
21.147
21.530
21.291
21.196
20.512
21.311
20.775
17.107
20.643
20.881
20.703
20.631
20.563
20.345
20.383
20.257
20.051
20.159
20.018
19.996
19.820
19.528
19.223
19.205
19.127
19.026
18.976
18.918
18.728
18.539
18.200
18.146
18.248
18.604
18.226
18.118
17.984
17.855
17.867
17.640
17.514
17.357
17.135
17.175
17.232
17.054
17.065
16.846
17.126
17.101
16.585
16.565
16.605
16.735
16.817
16.965
17.117
16.847
16.462
16.304
16.356
16.470
16.748
16.419
16.760
17.017
16.802
16.665
16.667
16.805
16.655
16.429
16.345
16.753
16.827
16.784
16.726
16.475
11.100
15.892
0.477
11.500
13.754
15.935
15.740
15.959
15.700
15.635
15.966
16.698
17.186
17.299
17.493
17.429
17.261
17.291
17.162
16.743
17.328
17.427
18.459
18.311
17.554
17.389
17.818
7.869
18.025
12.652
11.363
18.071
17.793
18.723
19.325
19.205
19.076
19.047
19.039
18.886
16.597
19.968
20.361
20.420
19.991
16.907
19.039
16.559
16.186
19.903
20.463
20.988
20.945
21.047
21.492
21.525
21.624
21.470
21.581
22.169
22.161
22.719
22.830
22.755
22.881
22.825
22.633
23.111
23.508
23.571
23.822
23.878
23.566
7.873
21.953
24.000
23.924
24.168
24.214
24.555
24.435
24.550
25.108
25.784
25.937
25.809
25.652
25.752
24.892
25.441
25.233
25.524
24.019
25.616
25.930
25.865
18.627
18.207
23.007
23.715
26.223
26.403
19.206
26.212
25.339
18.795
25.101
19.283
26.669
27.110
26.718
26.125
25.827
22.697
23.938
27.238
27.339
27.391
24.529
12.319
26.492
22.874
28.332
28.334
28.549
27.054
22.045
24.542
22.066
24.408
21.330
19.980
27.771
25.967
22.501
19.513
24.441
28.364
24.700
21.083
26.040
28.525
29.104
28.908
17.313
21.881
29.076
29.451
28.233
28.884
29.175
29.226
29.277
29.410
28.571
25.055
18.289
16.803
21.900
23.004
12.692
13.667
25.279
13.649
22.154
23.555
25.575
19.268
25.072
16.036
16.683
20.277
14.635
17.742
22.722
3.863
1.173
20.229
11.300
24.218
26.336
25.039
24.109
21.842
19.542
16.642
21.331
19.069
21.599
9.601
17.029
17.567
18.938
21.668
20.751
22.974
21.895
24.408
11.157
20.538
22.137
23.340
21.601
15.184
19.104
17.504
17.101
14.650
10.280
20.320
21.718
14.164
12.075
11.658
23.997
8.695
17.489
20.295
18.658
15.381
20.188
22.393
20.016
3.905
8.150
17.114
17.439
20.463
14.349
20.413
24.136
17.581
22.081
20.282
14.333
20.607
15.843
16.315
18.729
22.794
21.744
17.996
20.744
17.487
18.264
24.679
21.764
18.489
22.582
12.615
13.376
21.804
16.857
23.478
15.835
15.354
15.570
20.957
17.274
16.196
5.901
5.549
12.724
22.072
20.933
17.727
22.456
22.969
23.268
23.093
23.469
23.106
23.048
22.727
22.409
21.991
21.058
21.891
17.885
19.238
22.715
22.872
22.489
22.405
19.876
20.056
22.045
22.221
21.878
21.727
21.470
21.333
21.015
21.468
21.044
21.007
18.634
20.571
20.655
20.317
16.573
19.026
19.961
20.366
20.538
20.589
20.004
18.913
1.267
6.147
10.830
2.936
6.626
18.638
18.990
18.894
19.056
18.719
18.606
18.426
18.616
18.739
18.593
18.514
18.275
17.742
17.678
17.467
17.296
17.614
17.244
17.348
17.287
17.416
17.365
17.175
17.188
16.950
16.991
16.725
17.063
16.986
16.545
16.788
16.597
16.321
13.346
10.025
13.920
16.092
12.673
16.093
16.133
15.978
16.629
16.163
16.681
16.853
16.928
17.218
16.795
16.954
16.930
16.701
16.666
16.723
16.483
16.149
15.772
11.121
16.735
16.983
16.792
16.362
16.984
17.517
17.247
17.230
17.261
17.234
16.927
17.137
16.997
16.218
16.479
17.221
17.265
17.546
17.988
18.134
18.022
16.895
18.111
18.542
18.434
19.250
18.992
19.073
17.865
17.821
12.575
18.587
18.375
18.557
18.825
7.893
15.042
20.014
19.819
19.613
19.329
19.094
19.842
11.820
9.661
16.348
20.768
20.795
20.879
21.236
21.205
20.987
20.130
21.520
22.199
21.957
21.750
22.981
22.944
23.096
23.233
23.489
23.486
23.679
23.638
23.633
23.577
23.471
23.638
23.280
17.977
15.286
20.650
15.207
24.587
24.555
24.516
24.252
24.435
24.451
18.825
24.604
24.770
24.455
23.439
23.205
25.147
25.360
25.452
24.131
18.988
26.132
26.486
27.086
26.801
26.750
26.546
26.267
19.519
26.305
25.866
15.442
26.424
26.636
25.572
18.380
15.016
18.616
16.662
22.187
16.307
20.078
26.754
23.589
22.678
27.318
27.389
27.432
27.654
27.959
28.577
28.404
22.858
20.813
27.862
28.112
28.327
28.714
28.504
27.667
28.754
28.544
25.408
16.001
26.681
27.443
29.280
28.869
28.825
28.887
28.678
28.709
27.180
25.915
21.335
27.003
28.263
28.292
22.005
26.324
14.795
17.370
17.154
14.950
22.222
21.831
23.158
18.528
19.168
22.463
24.891
11.431
11.776
12.504
12.618
24.936
26.009
19.520
24.056
25.121
17.238
16.952
18.640
14.671
4.230
7.507
3.016
3.652
5.081
4.845
9.368
21.691
24.501
15.115
22.248
13.721
13.232
15.353
8.483
21.414
17.011
21.094
22.762
15.876
16.564
16.584
15.883
16.497
15.300
16.497
20.798
21.915
11.873
18.723
20.077
1.562
5.176
7.261
15.025
13.343
16.408
15.660
11.134
22.157
24.390
17.268
21.527
15.210
22.839
19.950
16.238
7.571
22.540
19.854
21.824
24.205
17.464
19.706
16.535
23.156
8.669
9.952
18.235
13.982
23.123
15.323
20.448
19.762
16.442
6.771
5.687
22.532
15.438
20.098
23.449
23.752
24.559
24.968
24.483
18.279
21.775
18.917
17.718
19.011
20.533
19.397
15.454
17.712
22.010
15.384
14.011
21.385
22.103
19.482
21.661
22.303
21.899
19.752
21.798
19.256
17.045
11.327
8.552
12.869
11.316
20.088
21.044
16.932
20.687
18.564
20.158
10.289
15.584
0.617
1.566
6.494
8.406
15.414
20.465
20.592
19.235
20.542
20.230
4.762
6.879
7.996
16.100
18.188
17.610
20.134
19.854
19.714
19.414
19.255
16.823
19.128
19.673
19.462
19.221
19.106
18.511
18.288
18.943
18.633
18.610
18.680
18.527
18.598
18.097
18.134
18.231
18.126
17.831
17.404
17.081
17.392
17.528
17.330
17.019
16.671
16.720
16.675
17.232
17.238
16.662
16.837
17.052
16.818
16.767
16.803
16.814
16.805
16.850
16.835
16.513
16.477
16.521
16.481
16.534
16.514
16.216
16.084
16.122
15.539
14.310
15.849
16.145
16.313
16.309
15.984
14.058
15.703
16.199
16.156
15.364
16.500
16.250
10.893
16.196
16.949
16.788
16.455
10.712
8.103
17.098
17.240
17.007
8.517
14.731
8.871
6.918
15.006
16.816
17.035
17.076
14.756
13.722
17.793
18.331
18.560
18.805
18.077
18.800
18.956
18.998
19.216
18.354
19.097
18.825
19.105
18.430
19.399
19.423
19.768
19.418
20.120
17.266
7.433
14.819
3.721
21.130
21.326
21.542
21.268
20.761
12.849
12.566
21.226
20.950
20.761
18.974
7.308
10.828
20.384
22.518
13.252
22.219
17.594
22.656
22.587
20.559
15.171
19.957
14.600
21.818
23.134
23.332
23.899
24.188
20.404
23.857
24.790
25.013
24.675
24.721
24.122
13.348
18.874
24.162
24.802
25.114
25.248
25.393
24.562
25.761
26.066
26.216
25.823
25.900
25.983
19.870
26.326
26.917
27.061
26.648
21.296
14.439
24.105
20.104
25.526
17.906
22.001
26.854
23.870
25.373
23.273
27.586
27.488
25.210
24.258
24.897
28.452
28.145
18.426
23.486
27.009
21.215
21.576
20.936
17.757
17.910
12.473
17.355
24.210
24.576
11.459
23.449
28.510
17.435
21.124
21.540
28.444
28.443
21.749
28.621
28.880
23.225
20.813
13.417
8.387
28.276
28.564
27.552
28.281
22.272
27.688
27.642
28.355
28.851
28.621
28.049
27.351
27.125
15.328
28.803
20.141
26.793
19.123
19.898
16.019
14.612
19.244
13.013
20.809
13.428
21.965
24.764
24.097
15.749
24.553
17.932
13.201
17.992
17.445
20.377
17.733
7.855
13.826
10.577
8.471
11.528
27.023
27.237
12.341
15.375
14.209
15.975
14.239
16.065
11.105
9.476
15.410
14.644
3.610
13.171
9.895
17.633
12.204
17.017
24.137
21.866
24.302
26.464
20.920
21.663
