20000101
16.857
16.937
17.261
17.399
17.188
17.371
17.344
17.184
16.953
17.101
17.311
16.973
9.546
17.179
12.263
17.170
17.384
17.954
17.967
18.085
17.887
18.198
17.875
17.946
18.180
18.233
18.269
18.355
18.880
18.898
18.960
18.687
18.692
18.814
18.878
7.879
13.094
19.390
19.189
17.846
20.191
11.463
7.061
15.930
20.094
20.678
19.228
20.399
21.461
21.564
20.886
7.692
10.110
9.476
13.891
18.971
7.046
22.514
22.622
22.486
22.240
22.082
22.778
22.963
23.225
23.236
22.775
20.019
24.151
24.445
24.421
23.687
23.931
24.011
24.411
25.241
24.846
24.695
25.226
25.614
25.570
24.626
10.649
24.923
25.298
25.681
25.650
25.767
26.505
26.193
26.810
26.568
26.277
26.614
26.672
26.782
27.053
27.431
27.326
27.141
27.461
27.710
27.947
27.711
27.413
22.462
26.838
27.489
26.419
27.683
27.353
26.903
26.557
19.367
23.958
16.988
25.335
21.104
27.983
28.116
28.283
28.783
28.717
28.221
27.929
27.488
25.337
14.123
16.761
24.034
16.446
20.439
26.573
19.856
24.506
13.901
24.875
18.668
18.651
13.279
19.979
24.237
16.303
20.256
22.188
22.159
23.380
27.219
23.319
27.809
23.766
27.608
18.795
14.555
19.388
11.081
15.736
9.267
14.192
22.306
22.706
25.183
24.178
25.720
27.028
25.704
24.295
24.418
20.442
18.636
14.594
22.053
24.532
10.513
26.283
17.643
23.538
17.659
14.858
16.196
21.271
23.947
17.831
17.607
18.185
19.462
18.364
12.566
12.996
23.954
16.168
13.270
10.651
18.052
24.099
15.027
21.320
9.566
25.448
20.899
14.202
15.662
17.004
3.320
26.005
20.572
9.048
1.459
12.933
21.770
22.703
25.212
23.616
18.758
19.667
19.899
13.367
25.503
18.079
16.768
17.999
20.505
24.109
20.639
19.192
23.338
16.243
24.650
18.704
22.836
22.420
23.810
17.512
24.841
21.303
24.518
25.217
24.697
24.343
22.265
22.029
24.043
19.031
17.592
1.766
0.777
2.679
8.339
21.607
23.469
20.703
14.328
12.845
23.749
23.840
24.455
23.489
23.692
21.411
17.764
21.607
19.699
12.153
8.408
10.975
22.060
21.756
23.316
18.516
23.336
23.202
23.290
11.599
23.197
22.022
21.833
21.728
16.461
16.693
19.958
20.034
19.060
11.636
21.229
21.677
21.594
21.868
22.390
22.408
22.210
20.725
17.488
19.014
20.971
21.382
21.163
21.301
20.807
20.825
20.868
20.828
15.554
19.302
19.739
19.736
19.771
19.461
19.234
19.270
19.193
19.405
19.476
19.371
19.237
18.824
18.900
18.968
18.585
18.702
18.584
18.612
18.341
18.436
18.069
17.986
17.795
17.540
17.499
17.559
17.669
17.542
17.375
17.000
17.313
17.047
17.668
17.944
17.895
17.609
17.427
17.350
17.127
17.079
17.026
16.878
16.706
17.041
17.141
16.960
16.884
16.867
16.885
16.822
16.590
16.916
17.033
17.145
17.128
16.936
16.761
16.550
16.696
16.831
16.884
16.914
16.474
0.924
16.654
16.873
17.044
17.347
17.281
17.113
16.852
16.129
17.463
17.714
17.202
17.061
17.859
18.066
17.284
17.555
17.970
18.036
18.060
18.106
17.227
18.148
19.123
19.234
19.207
19.100
19.190
19.125
19.190
19.107
18.702
18.311
19.515
19.426
19.076
20.097
20.534
20.631
20.679
20.510
20.623
20.829
20.975
20.809
18.833
20.387
20.616
21.086
20.922
21.226
20.561
21.746
21.525
21.444
21.695
21.782
22.082
20.157
11.851
19.100
21.844
17.244
17.359
23.330
23.517
22.429
23.442
24.078
24.095
24.185
24.203
23.998
21.137
23.944
23.956
24.901
25.017
24.344
19.511
14.215
17.408
25.300
14.492
25.321
25.464
25.648
20.197
17.004
25.845
25.527
26.079
26.297
26.281
26.055
25.553
27.099
26.043
26.995
25.488
23.971
26.703
9.244
19.647
13.498
18.936
13.535
13.790
26.877
27.345
27.917
28.028
28.542
28.447
28.031
27.924
27.990
28.290
28.214
27.653
28.034
22.957
27.327
25.254
28.121
28.348
27.387
28.135
28.562
28.475
28.663
27.878
27.631
14.107
28.092
19.941
23.847
16.004
16.189
27.239
12.154
15.644
18.236
29.049
27.418
24.505
26.569
25.536
25.926
23.072
22.597
11.256
12.828
22.618
23.932
14.640
24.190
24.773
20.848
26.805
20.251
22.995
19.423
10.889
10.830
11.803
8.390
7.315
15.517
20.345
24.448
19.886
7.848
22.926
9.003
5.273
18.636
5.143
14.442
13.878
14.216
11.411
10.824
25.830
25.816
22.696
27.194
22.394
24.423
8.377
16.996
5.866
3.559
2.259
3.537
7.218
20.473
9.933
17.071
22.884
22.785
24.071
23.587
19.751
22.080
23.554
21.298
17.319
22.603
19.247
18.683
21.741
22.673
20.031
20.962
25.640
23.982
18.532
23.135
24.197
25.581
23.118
21.806
24.157
19.431
23.598
16.934
24.461
24.400
25.189
19.530
20.968
19.745
18.739
19.884
0.841
19.343
23.234
18.985
21.828
23.649
21.135
5.277
9.430
18.854
10.501
17.644
23.784
22.943
22.278
21.915
23.898
24.325
23.417
22.668
11.489
23.386
23.482
23.125
23.018
22.342
24.238
24.455
24.067
23.827
23.108
18.372
19.836
22.216
22.016
22.433
21.374
17.260
8.132
19.627
19.245
15.861
16.461
21.193
21.097
20.059
20.493
20.940
14.875
21.708
21.403
21.103
21.761
21.619
21.140
21.654
21.384
21.417
21.436
20.818
20.294
20.345
20.491
20.615
20.229
20.157
14.900
19.543
19.637
19.932
19.776
19.714
19.468
19.294
18.492
18.944
18.582
18.734
18.674
18.600
18.781
18.626
18.367
17.356
15.039
8.583
17.603
18.160
17.573
13.842
16.932
17.525
17.647
17.289
16.675
17.142
17.158
17.165
17.508
17.623
17.499
17.323
17.184
17.147
17.029
16.871
16.709
16.770
16.446
16.492
16.479
16.643
16.831
16.655
16.431
16.447
16.570
16.382
16.665
16.530
16.945
16.799
16.778
16.922
16.665
16.493
16.525
16.357
16.564
16.833
17.145
17.253
17.204
16.869
17.065
16.778
16.847
13.053
17.152
17.348
17.561
17.509
17.372
17.283
17.267
16.902
10.623
17.429
17.407
16.617
17.181
5.647
11.244
18.094
18.701
18.478
17.436
18.002
17.539
18.912
19.094
19.232
19.234
19.717
19.874
19.212
18.869
6.202
6.121
18.204
19.153
14.909
7.079
19.849
20.713
20.648
20.769
21.034
20.417
19.771
20.899
20.995
21.326
20.645
18.858
17.287
22.157
22.105
22.097
21.714
21.901
21.418
23.218
23.033
23.260
23.285
11.134
22.706
22.851
23.326
23.629
22.493
20.973
7.400
24.287
24.920
25.064
24.976
25.153
25.221
23.794
24.777
24.906
25.159
24.579
23.986
16.389
17.353
26.752
26.146
26.098
18.071
26.481
26.741
26.750
26.590
26.543
25.056
26.417
19.811
24.518
25.794
27.011
27.163
27.333
27.188
27.410
27.073
27.332
25.046
20.616
27.196
26.771
27.541
27.521
23.486
28.422
28.598
28.509
28.553
24.918
28.292
25.023
28.630
29.009
27.607
24.536
28.834
28.755
28.710
28.627
29.277
28.890
25.828
24.537
26.011
14.005
28.448
28.643
29.011
28.713
29.114
28.696
26.617
24.774
20.012
26.407
22.036
22.690
28.722
27.850
28.842
22.385
17.616
13.109
20.588
14.902
15.801
15.741
21.914
22.561
16.060
18.205
20.987
26.224
19.078
22.822
21.616
20.133
22.310
19.143
22.201
16.162
12.681
24.022
21.765
22.184
18.886
25.830
21.516
23.299
24.169
19.192
3.632
1.061
14.854
24.392
26.105
26.345
16.808
21.672
25.519
17.741
16.056
20.020
20.722
21.582
18.851
19.790
24.967
23.697
9.998
19.379
25.887
26.644
16.274
16.271
16.664
23.562
17.132
16.801
13.228
12.549
11.605
20.546
17.963
17.267
22.213
24.690
23.377
25.263
19.338
2.348
7.038
21.037
19.347
18.417
9.432
22.235
15.194
12.899
13.682
8.416
17.345
13.901
17.145
13.598
24.686
24.304
16.166
20.516
20.102
23.432
19.508
19.200
7.288
4.501
22.606
22.855
17.583
15.743
13.222
14.379
6.003
9.699
22.928
24.006
24.513
24.328
22.617
23.899
23.960
23.643
21.483
16.913
17.390
17.200
19.455
20.408
22.825
16.716
20.029
22.428
23.088
23.229
23.173
23.035
23.075
22.577
16.187
15.503
20.686
14.810
19.988
19.253
12.634
20.656
14.059
15.127
10.864
4.697
18.692
21.140
21.305
20.875
20.660
20.469
20.774
20.621
20.756
20.707
20.526
20.336
19.868
19.268
19.596
19.837
19.488
19.243
19.236
15.996
16.715
17.810
9.568
16.619
7.177
18.358
18.650
18.262
18.210
18.502
18.318
18.242
17.990
17.754
17.692
17.529
16.099
17.721
17.778
17.887
17.942
17.871
17.151
16.971
17.795
17.507
17.137
16.861
16.603
16.485
16.288
16.553
16.696
16.610
16.481
16.594
16.468
16.661
16.559
16.492
16.371
16.247
16.376
16.384
16.427
16.437
13.183
16.292
16.525
16.523
16.687
16.875
16.602
6.739
15.730
16.422
16.560
16.300
17.154
17.200
17.247
16.986
17.385
17.183
17.268
17.622
16.998
18.042
18.180
18.064
18.037
17.976
18.238
18.071
18.261
18.343
17.951
18.313
18.139
18.411
18.079
17.773
14.568
18.430
18.236
18.040
13.750
16.173
10.783
17.832
19.555
19.754
19.264
13.594
9.018
17.830
18.643
20.105
20.668
20.228
20.661
20.425
14.071
16.551
18.450
21.495
21.499
21.360
21.493
21.655
21.348
21.758
20.974
21.655
21.938
22.159
23.272
24.057
23.676
23.944
23.948
23.690
23.473
22.390
16.748
21.340
23.547
23.335
19.485
19.885
22.726
14.515
24.707
24.929
25.065
24.994
24.719
19.127
22.588
23.849
22.063
24.936
25.181
25.510
26.110
25.872
22.687
20.000
22.642
24.949
21.450
26.722
27.008
27.332
27.559
26.888
26.370
23.383
15.235
25.339
26.964
26.929
27.037
27.442
27.556
27.637
28.181
28.129
27.879
26.552
21.416
13.531
15.598
19.201
27.748
27.766
28.166
28.861
29.013
29.035
28.949
28.976
28.808
28.918
28.983
27.927
28.106
26.726
18.671
28.624
29.541
28.185
28.157
26.919
26.400
20.501
23.951
24.010
15.672
24.621
28.907
27.766
28.982
29.634
29.335
29.176
29.096
29.091
29.023
26.147
18.117
19.167
25.962
17.792
27.884
21.883
19.449
22.141
9.550
21.508
17.158
19.757
12.923
16.585
22.933
9.511
23.395
15.209
22.765
22.426
13.291
18.170
15.121
25.789
19.764
22.274
22.512
25.383
22.712
22.267
26.000
16.712
17.022
13.436
17.763
24.542
25.238
23.951
6.330
11.109
20.475
26.641
26.162
17.594
21.970
18.020
7.373
21.406
21.163
22.573
4.027
22.763
21.142
21.599
12.057
3.410
1.796
10.143
20.891
19.376
25.121
21.873
21.226
24.539
22.809
16.843
23.135
12.533
9.584
17.436
11.465
20.372
19.005
20.840
17.494
22.325
22.115
22.574
10.338
15.360
17.515
23.669
23.593
13.598
15.284
19.297
20.199
19.107
3.182
6.828
20.747
21.219
22.355
18.239
8.683
11.584
16.142
21.034
17.141
17.685
10.509
21.401
22.726
21.801
19.959
20.135
19.761
20.452
21.590
18.779
20.944
17.506
19.609
19.077
18.466
19.099
21.476
19.642
22.888
23.050
22.456
21.574
9.733
3.125
3.130
3.122
19.487
21.817
21.828
21.770
22.049
22.300
21.197
19.417
19.105
16.992
17.627
16.261
15.315
8.834
0.705
2.202
6.662
14.249
18.185
16.935
13.675
18.331
16.028
19.620
19.859
19.623
19.533
19.410
18.804
14.073
19.020
19.019
18.888
19.034
19.069
18.727
18.582
18.409
17.990
17.863
17.707
17.542
17.988
18.038
17.610
17.804
17.427
17.762
17.674
17.225
16.959
17.532
17.178
17.555
17.502
17.188
16.950
16.818
17.054
16.752
16.404
16.619
16.534
16.450
16.486
16.786
9.764
4.172
16.494
16.503
16.605
16.419
16.568
16.485
16.435
16.507
16.519
16.286
11.295
16.165
16.550
16.516
16.476
16.787
16.730
16.664
16.677
16.116
16.075
16.670
17.011
17.023
17.128
16.969
16.937
16.975
17.239
17.253
17.128
17.219
17.319
17.698
17.495
17.460
15.660
1.675
17.831
18.213
15.198
18.606
18.948
18.583
13.950
14.407
17.511
18.794
19.798
19.881
12.969
19.427
20.166
20.143
20.129
20.060
20.027
20.061
20.065
20.604
20.412
21.068
20.930
20.907
20.783
20.921
21.578
21.649
21.585
21.848
22.163
22.354
22.245
22.020
22.254
22.642
22.966
23.169
23.201
22.988
20.583
23.234
21.947
13.459
22.949
23.425
23.706
23.785
24.049
24.007
24.391
24.611
24.812
25.064
24.967
25.456
25.028
25.350
25.177
25.371
25.232
22.469
24.821
24.530
23.633
22.034
23.785
25.899
26.232
25.988
25.019
22.238
18.576
26.257
23.829
25.557
26.317
26.865
27.189
26.787
26.972
27.070
27.428
27.723
27.413
26.774
25.300
25.163
22.702
21.932
22.994
10.136
25.320
27.345
15.558
25.640
23.902
27.978
28.998
29.173
28.227
27.937
26.925
21.509
22.783
22.764
23.712
24.890
19.148
18.740
19.620
25.349
28.323
28.369
28.282
27.963
28.785
29.034
28.336
28.990
26.972
18.466
28.396
16.133
28.999
24.365
28.084
24.754
19.826
15.046
12.882
20.136
19.879
21.605
22.204
18.961
15.697
11.523
18.039
6.745
7.640
9.003
17.137
19.791
4.253
5.517
7.121
24.868
27.298
27.855
24.357
19.376
14.123
15.078
17.186
21.914
12.024
24.628
19.232
12.152
15.621
17.194
20.159
24.434
19.161
22.534
24.833
26.133
24.330
13.827
19.745
14.895
17.224
19.979
21.539
26.509
22.651
12.996
18.736
17.178
22.052
20.505
24.616
22.325
23.182
23.681
19.506
20.688
20.481
24.260
25.800
23.646
17.558
19.470
9.502
5.766
10.269
21.693
18.092
9.119
9.174
17.959
23.463
24.090
11.369
20.878
22.528
23.494
13.683
12.727
22.551
23.733
20.935
11.878
18.658
17.772
21.783
23.562
20.440
14.691
19.481
22.415
24.761
23.421
24.323
18.700
22.722
24.904
22.504
22.908
20.593
16.839
23.890
19.679
23.365
22.032
14.592
12.939
21.565
21.196
20.906
19.899
22.302
21.487
17.393
22.238
19.401
22.597
22.358
21.760
21.761
19.477
21.574
7.701
20.319
19.658
21.363
22.205
22.008
20.003
11.089
20.837
15.497
21.584
21.746
21.732
21.631
21.180
19.970
20.591
20.090
20.662
20.575
20.795
20.478
20.104
19.189
16.856
19.737
19.246
19.776
20.093
19.874
19.785
19.751
19.654
19.137
18.731
18.427
18.775
18.345
17.874
17.744
18.783
18.554
18.506
18.193
18.005
18.140
18.036
17.761
17.725
17.448
17.416
17.397
17.159
16.920
17.077
17.035
17.014
16.894
16.995
17.009
16.923
16.741
16.901
16.808
16.732
16.273
16.443
16.456
16.246
16.321
16.399
16.690
16.562
16.404
16.410
16.322
16.134
16.216
16.088
15.390
7.948
14.651
16.627
16.868
16.963
16.905
16.919
15.862
15.948
14.872
13.939
16.122
16.610
16.677
13.725
17.263
17.072
17.101
17.011
17.142
17.247
17.318
17.085
17.425
12.573
17.072
17.722
18.097
17.699
16.925
16.043
17.908
17.855
17.862
16.203
3.933
15.909
2.725
2.183
4.854
19.413
19.428
19.293
12.652
19.178
15.799
16.676
19.215
19.703
19.490
19.856
19.920
20.157
20.166
20.003
20.363
20.345
20.543
20.325
14.938
11.286
21.180
22.129
21.807
21.818
21.793
21.890
21.171
21.809
20.330
16.807
20.788
20.617
17.226
19.496
20.482
17.954
13.541
8.392
22.372
23.607
23.720
23.726
23.851
23.835
24.637
24.806
24.691
18.051
13.747
21.514
25.082
25.361
25.306
25.115
25.156
20.210
24.687
26.446
26.853
26.975
26.943
27.039
27.099
26.662
14.748
9.061
27.008
27.979
28.190
28.205
25.520
27.301
27.411
27.493
27.395
26.163
23.160
28.143
27.606
24.994
21.059
13.597
22.068
21.931
25.974
23.713
17.858
20.881
17.624
25.024
16.942
17.601
18.718
24.387
28.053
28.349
28.847
29.247
29.589
29.133
29.111
29.500
29.079
28.364
26.689
24.277
22.627
29.095
28.064
28.393
28.705
29.030
25.192
19.635
28.394
16.734
24.751
27.116
24.292
29.495
25.168
26.472
21.016
17.980
17.729
24.908
17.075
29.251
28.415
28.718
29.134
28.587
26.447
26.601
22.520
27.196
11.275
26.851
16.304
18.968
12.106
6.057
16.965
19.736
24.623
15.713
2.673
6.511
17.701
10.526
3.513
3.002
2.965
22.206
20.853
19.945
15.180
18.903
20.161
21.009
9.472
7.532
18.376
20.032
22.305
19.324
24.088
26.201
22.533
21.839
21.798
19.306
22.432
23.024
17.758
25.811
23.381
21.347
6.917
18.541
24.747
14.145
6.317
20.450
18.697
22.960
25.505
26.669
24.812
3.976
8.394
22.859
20.349
6.435
9.852
19.860
22.292
18.356
21.770
8.885
10.585
3.268
18.606
23.157
21.579
21.716
21.536
21.033
25.687
18.769
16.642
13.137
22.201
22.951
20.056
19.149
20.467
20.738
24.011
17.903
17.658
9.620
6.101
7.224
17.264
19.873
22.881
16.837
17.078
23.014
16.230
13.478
22.563
20.476
20.932
21.433
17.844
22.374
22.567
22.627
22.097
22.532
21.880
22.240
22.195
22.585
22.674
22.429
19.389
21.693
21.088
20.359
20.984
17.910
3.087
6.459
13.972
0.794
17.476
12.541
4.086
9.590
17.376
14.943
20.324
20.307
20.077
17.930
14.569
12.797
17.971
8.729
19.666
12.060
13.480
19.435
19.707
19.543
19.268
19.188
19.283
19.118
19.033
19.005
18.726
18.755
18.649
18.894
18.525
18.396
18.303
17.932
17.988
17.698
16.724
17.233
17.371
17.179
17.120
17.213
16.565
16.841
16.521
15.900
16.569
17.588
17.518
17.305
17.124
17.214
17.084
17.186
17.082
17.072
17.068
16.970
15.477
15.828
16.697
16.558
16.315
10.873
7.228
14.440
16.040
16.666
16.694
16.612
16.689
16.747
16.676
16.730
16.776
16.829
16.736
16.897
16.972
16.799
16.909
17.032
17.429
17.349
17.629
17.443
17.413
17.494
17.369
17.562
17.603
17.425
17.425
17.466
17.410
17.978
17.733
18.286
18.763
18.700
18.771
18.723
18.868
18.896
19.157
19.287
19.259
19.332
19.505
19.731
19.711
19.860
20.061
20.056
19.676
20.178
20.078
20.173
20.462
20.393
20.487
20.616
20.787
20.861
21.110
21.359
21.485
21.492
22.025
22.193
21.904
21.250
20.492
19.881
21.402
19.688
10.086
20.275
17.307
21.165
9.629
12.966
4.383
11.953
20.714
22.034
23.193
9.138
23.197
24.225
25.010
24.933
24.697
21.866
25.399
25.526
25.094
24.916
23.645
25.466
24.534
25.811
26.443
26.244
26.252
25.806
26.037
26.032
26.338
26.456
26.242
26.446
26.292
26.410
26.440
26.630
23.294
17.367
10.729
15.460
12.216
17.010
27.493
27.132
27.319
20.619
27.415
24.642
27.380
26.046
28.012
27.794
26.066
27.672
25.830
26.183
22.172
24.163
17.450
27.002
25.645
28.245
27.497
15.187
14.225
11.334
23.058
27.044
19.210
14.186
16.779
23.606
18.607
20.524
22.545
19.298
16.298
22.420
17.607
13.011
14.532
17.361
24.413
18.104
21.147
23.839
19.821
12.511
11.313
16.478
6.503
8.630
9.447
25.061
25.304
15.594
21.566
25.576
28.335
15.906
26.025
14.940
28.742
28.411
19.311
23.880
15.699
15.684
20.104
17.246
14.453
12.007
21.777
18.160
23.596
19.574
22.078
8.110
12.669
13.061
13.331
19.816
6.787
1.755
1.762
6.494
23.434
20.825
7.936
14.269
22.673
23.930
22.730
19.312
14.789
14.266
10.297
20.708
26.137
25.253
17.960
18.428
3.508
10.230
7.904
21.244
21.439
14.393
18.266
2.780
20.053
23.982
24.944
25.413
24.995
25.925
21.428
21.644
7.915
21.795
22.992
25.025
3.964
5.806
21.924
21.945
13.672
12.790
8.876
10.907
21.201
7.066
23.608
23.727
12.228
10.806
11.076
25.302
24.661
23.680
24.018
20.012
23.561
22.067
22.245
23.476
22.267
16.266
9.975
21.651
18.362
22.471
21.776
20.473
20.409
20.414
17.395
2.202
6.009
2.742
6.997
21.025
10.061
22.654
22.732
21.306
10.254
18.291
20.721
21.259
20.528
22.913
22.667
22.554
22.272
22.277
21.944
22.097
22.011
21.664
21.483
21.148
21.379
21.346
21.255
17.584
15.962
20.524
20.503
19.911
15.661
19.666
18.137
10.112
16.216
4.294
17.940
17.468
16.801
15.414
6.692
5.967
9.600
18.358
18.895
18.378
10.943
17.923
18.207
18.349
18.311
18.380
18.446
18.371
18.193
18.172
17.872
17.754
17.628
17.458
17.482
17.253
6.741
17.079
16.330
17.249
16.859
16.362
16.867
17.139
17.318
16.790
16.585
16.486
16.491
15.490
16.191
11.657
16.097
16.512
16.652
16.752
16.645
16.751
16.585
16.571
16.579
16.107
16.159
16.359
16.544
16.366
16.687
16.619
16.150
16.418
16.825
17.033
16.654
16.606
16.718
16.660
16.973
17.073
16.988
16.882
16.948
17.148
17.119
16.831
16.750
16.788
17.247
17.312
17.217
17.815
17.713
17.660
17.911
17.360
18.184
18.527
18.474
18.266
18.359
18.525
18.417
12.304
18.060
17.678
18.871
19.034
19.137
13.144
19.112
19.311
16.352
19.292
19.408
13.142
9.781
13.867
2.084
20.290
20.478
18.570
20.737
20.753
20.921
21.258
21.461
21.339
21.309
20.730
17.377
19.229
21.628
21.936
19.864
21.932
22.811
22.845
23.231
23.447
23.547
23.241
18.818
10.224
22.534
11.666
7.016
11.266
23.878
24.404
23.981
24.034
24.168
24.074
20.157
22.775
24.315
24.851
25.440
25.928
25.981
25.923
26.054
25.835
25.898
25.856
25.545
26.236
26.804
26.714
26.255
23.454
24.365
15.995
26.690
26.703
26.858
26.603
25.906
24.826
14.448
15.372
11.214
15.252
16.221
25.160
16.015
26.816
21.440
20.382
17.646
27.324
27.819
26.471
23.184
18.243
26.911
13.060
13.073
14.388
8.336
12.573
15.859
27.556
25.836
27.994
15.569
26.957
27.460
15.896
16.043
21.159
17.367
17.452
23.510
23.718
14.694
28.580
28.759
20.901
14.972
24.278
28.106
21.743
27.142
18.935
28.755
29.152
24.680
21.250
23.559
28.273
20.913
15.050
18.502
8.330
14.465
16.954
24.217
13.034
15.715
20.790
23.560
22.593
21.724
18.870
21.126
20.588
21.457
22.986
13.241
20.033
20.375
21.480
3.519
15.996
13.001
21.886
21.036
11.163
17.944
5.434
3.919
16.276
17.967
16.770
26.004
25.587
20.153
20.705
20.508
7.025
8.401
19.643
26.441
15.933
20.337
19.090
23.849
12.882
5.413
20.260
21.590
4.400
21.204
21.273
24.124
17.433
18.186
20.624
25.752
25.854
13.124
6.481
19.572
24.761
25.025
20.887
22.397
1.386
4.433
8.185
2.564
9.215
16.219
14.589
6.222
18.389
22.288
24.385
24.752
22.145
20.936
11.818
5.520
24.358
22.059
23.654
19.899
9.318
21.330
19.916
16.125
21.507
8.702
22.497
1.346
6.260
23.278
19.848
23.259
22.808
7.144
20.648
20.168
18.763
2.273
20.262
22.249
12.073
1.493
9.832
10.180
20.456
0.524
16.220
8.740
16.535
19.437
18.224
15.136
19.447
19.373
18.279
21.494
21.695
21.343
21.544
22.071
21.917
22.010
21.926
15.827
14.779
12.148
20.982
21.134
21.187
21.412
21.365
21.147
20.910
20.691
20.523
20.414
20.195
20.137
19.592
5.537
2.828
18.640
19.306
19.558
19.335
19.153
19.085
18.408
18.691
18.783
18.741
18.974
18.947
18.835
18.511
18.098
18.071
16.411
17.764
17.922
18.052
18.057
17.680
17.613
17.424
17.287
17.275
17.499
17.483
17.419
17.082
16.900
16.736
16.963
16.749
16.674
16.362
16.521
16.986
16.603
16.435
15.575
11.984
13.807
15.965
15.902
16.734
17.237
16.935
16.535
16.822
16.765
16.734
16.347
16.290
16.017
16.389
16.509
16.678
17.170
17.381
17.314
16.710
16.343
16.343
16.611
16.535
16.562
16.833
16.948
16.769
16.787
16.885
17.378
17.570
17.804
17.475
17.177
17.351
17.306
17.125
17.412
10.780
3.595
3.724
3.559
16.050
18.484
18.709
11.516
4.055
15.478
19.760
19.700
18.867
14.443
17.812
4.435
15.776
0.939
17.973
20.130
20.272
20.373
21.351
21.465
21.253
21.193
21.299
21.062
21.413
21.481
21.566
21.431
21.675
21.465
21.851
22.766
22.754
22.775
22.835
22.725
22.917
22.692
22.947
23.122
23.238
23.223
23.195
23.423
23.751
23.188
22.533
13.834
21.249
15.062
21.080
24.654
24.596
23.467
19.100
24.165
24.803
19.575
10.960
19.959
18.797
25.560
25.643
17.772
25.836
23.761
19.208
12.766
13.705
9.052
8.917
20.333
26.197
26.670
26.344
26.870
26.554
25.355
16.442
23.427
20.029
27.182
27.487
27.339
28.113
28.343
28.250
28.076
27.993
28.180
28.141
27.779
28.163
28.329
28.746
28.395
27.289
27.440
27.728
24.819
21.820
21.581
16.201
23.912
19.364
27.792
25.200
18.140
26.449
25.076
28.068
28.316
25.056
21.779
25.486
26.978
27.523
14.562
14.695
13.316
16.647
26.877
18.780
28.006
18.787
18.943
15.748
15.686
19.733
14.846
13.889
16.978
12.184
13.901
17.485
17.688
15.398
17.655
26.823
23.530
20.368
22.569
20.645
5.828
4.293
22.209
23.130
6.539
6.806
23.752
26.202
24.829
27.270
19.489
6.230
18.719
11.992
16.287
24.389
10.719
10.633
19.956
19.520
23.578
27.011
12.383
20.368
19.138
23.795
24.425
21.944
21.728
24.861
22.837
23.425
15.841
8.507
23.692
25.647
8.284
12.016
24.149
25.448
20.943
23.663
7.816
22.623
23.770
24.230
24.798
23.293
21.720
23.743
23.467
24.531
6.500
22.344
11.098
16.164
15.745
23.737
23.962
22.619
18.311
23.119
22.248
9.961
3.053
9.643
20.195
24.738
21.945
20.431
23.475
24.166
17.775
21.845
24.416
23.597
9.323
19.757
24.399
22.629
19.030
24.453
24.342
22.861
23.285
20.932
23.765
21.585
23.137
20.308
22.439
22.758
3.251
3.741
17.266
22.635
22.701
20.024
21.260
20.989
23.240
23.320
21.289
21.211
18.491
16.383
21.574
21.802
20.657
20.559
18.917
19.773
21.840
21.928
19.179
21.544
21.579
21.666
21.655
21.423
16.714
14.028
19.622
16.872
21.359
21.081
21.041
20.838
20.630
20.437
19.446
19.464
19.213
20.120
20.189
19.993
19.787
19.941
19.839
19.737
19.422
19.388
18.780
18.826
18.651
18.835
18.534
18.574
18.563
18.080
18.053
17.470
1.821
17.085
6.989
17.123
13.837
17.469
17.655
17.986
17.906
17.826
17.250
17.311
17.240
16.742
15.198
16.570
16.609
16.907
16.913
16.874
16.767
16.732
16.265
16.196
16.317
16.203
16.281
16.101
16.119
16.531
16.312
16.586
16.442
16.350
15.725
14.215
15.176
11.451
16.614
16.696
16.653
16.683
16.759
16.674
16.557
16.528
16.626
16.755
16.725
16.550
15.559
4.896
13.405
12.938
14.000
15.991
15.976
16.966
17.026
16.983
17.025
17.435
17.642
17.531
17.680
17.661
18.403
18.015
17.971
18.399
17.153
18.168
18.130
18.383
18.742
18.385
18.454
19.211
19.321
19.504
19.522
19.177
19.297
19.879
19.781
20.070
20.117
19.272
20.487
20.422
20.487
20.782
20.638
20.793
21.006
21.260
21.216
21.277
21.456
21.041
21.479
21.871
21.777
21.791
21.965
22.617
22.356
22.558
22.848
22.898
23.189
23.481
23.334
19.602
10.134
20.532
24.802
24.040
24.339
22.059
21.001
20.505
24.441
24.382
14.866
15.138
19.550
23.213
20.167
10.771
12.062
25.427
24.299
24.639
21.075
25.352
26.018
25.678
25.656
25.763
26.121
25.955
24.375
11.549
15.951
26.549
27.339
27.518
27.064
27.378
27.474
27.193
25.209
28.028
28.218
27.896
27.851
27.692
28.969
29.232
28.393
27.964
29.148
28.507
27.994
28.310
28.191
21.682
23.192
21.599
18.985
26.029
28.907
28.193
28.493
26.203
23.824
22.040
14.275
25.439
22.464
18.285
25.384
20.556
18.264
19.159
14.924
16.896
16.902
23.834
9.550
18.829
28.954
17.917
17.872
19.064
22.912
20.589
28.045
20.449
22.997
25.656
19.589
25.548
29.078
28.516
20.767
24.553
15.252
19.194
12.918
20.471
22.769
28.981
24.413
27.779
25.125
27.955
28.808
28.819
25.817
13.224
14.687
10.805
19.500
19.463
14.411
22.994
22.412
21.576
13.470
14.205
21.771
22.271
24.800
12.568
26.059
25.577
26.226
21.890
17.927
6.404
18.394
24.659
24.866
24.247
15.762
14.493
23.371
17.979
21.178
23.275
24.840
12.224
20.733
25.425
11.284
22.558
26.214
23.068
22.140
14.650
17.700
14.996
18.583
11.399
24.858
18.962
23.715
23.913
24.665
15.482
14.975
18.888
22.460
24.667
21.771
24.747
17.099
22.950
23.487
22.718
22.663
9.452
11.617
20.150
23.915
22.917
22.829
23.177
22.387
20.141
22.451
21.965
1.672
4.812
16.583
18.125
14.568
23.780
21.918
23.240
22.594
23.559
21.838
22.710
23.640
9.450
22.850
22.127
22.438
22.360
22.573
20.564
22.052
22.036
21.341
21.522
22.144
21.348
3.624
18.661
17.189
15.670
17.628
14.588
22.241
22.128
22.176
22.183
21.688
21.574
21.202
21.578
20.881
21.151
20.049
21.297
20.947
21.068
21.602
21.356
21.251
21.314
21.134
21.023
20.780
20.516
18.288
19.065
20.087
19.764
19.679
18.990
16.069
13.668
13.101
17.406
11.898
9.919
8.509
16.576
3.120
17.007
14.892
14.115
0.735
14.083
17.952
18.397
18.229
18.046
18.016
17.604
17.470
17.756
17.677
17.576
17.328
17.531
17.203
17.138
17.229
17.083
16.511
16.750
16.397
15.230
16.597
16.289
16.303
16.618
16.554
16.239
16.083
16.001
10.428
11.256
16.243
16.492
16.680
16.816
16.804
16.390
16.183
16.047
16.527
16.641
16.540
2.055
15.279
17.199
17.212
16.878
16.229
17.132
17.210
17.244
17.182
17.002
16.945
16.961
16.328
8.715
16.556
16.984
17.411
17.663
17.944
18.045
18.242
18.407
18.292
18.386
18.407
18.415
18.594
18.740
18.575
18.842
18.963
18.843
18.824
14.834
15.871
11.249
19.616
19.435
19.346
19.486
13.542
5.864
16.398
17.093
19.540
15.087
14.383
3.769
19.884
21.109
21.136
21.488
21.646
21.143
20.534
21.273
21.655
21.885
22.089
22.175
22.238
22.721
22.296
22.347
22.145
22.341
22.451
22.726
23.128
23.317
21.021
23.003
23.570
24.276
23.961
22.696
23.965
24.181
24.632
24.850
25.033
25.052
25.009
25.161
24.960
21.511
20.875
25.456
25.750
25.932
26.076
25.741
25.890
25.967
25.956
26.268
26.578
26.960
25.256
25.026
24.361
27.071
26.779
26.765
26.704
27.791
27.160
27.354
27.147
27.165
27.478
27.169
27.397
27.529
25.632
28.067
27.681
25.271
22.436
24.571
21.571
10.702
18.593
16.540
18.124
15.782
20.921
19.180
21.930
27.939
28.266
28.360
28.755
22.306
23.244
19.784
28.700
28.528
19.376
23.541
6.930
16.097
26.994
27.519
18.953
28.349
25.099
27.765
28.124
28.156
28.380
28.537
28.112
22.070
28.436
15.576
28.178
28.366
28.250
20.449
26.421
28.303
28.318
20.796
19.688
20.571
25.043
19.253
12.392
11.489
13.410
16.471
21.718
21.903
21.334
22.841
14.598
14.068
17.500
21.210
24.901
18.349
19.223
18.871
18.930
20.985
26.824
20.178
23.933
22.112
18.079
25.691
10.207
10.730
17.108
14.950
22.235
22.982
25.972
23.881
24.291
22.949
21.814
19.898
24.602
6.948
17.512
18.696
3.865
24.186
23.548
24.264
23.429
22.629
18.259
22.446
25.164
21.297
21.066
23.230
26.126
23.525
22.017
25.256
13.953
22.764
23.606
20.616
22.395
24.966
23.507
22.471
11.492
22.805
17.313
19.827
18.614
19.812
20.806
22.375
21.384
23.739
23.412
17.922
20.647
20.714
23.012
23.254
20.966
21.353
21.116
21.590
23.017
22.921
23.167
21.377
17.878
21.311
2.343
18.311
19.516
18.684
19.071
19.070
22.556
23.477
22.445
22.711
23.212
20.385
20.996
23.235
23.160
22.779
21.507
18.249
21.628
2.440
21.081
21.395
17.108
16.067
20.790
22.183
22.111
22.006
21.775
19.350
15.050
2.872
17.798
19.844
20.002
19.535
18.532
18.455
19.795
20.247
20.530
20.692
20.367
20.624
20.761
16.143
1.633
5.035
10.582
16.231
19.654
19.529
19.179
17.480
9.236
13.850
3.981
18.088
13.985
18.128
17.894
17.766
17.508
17.243
16.298
16.530
17.364
17.801
17.912
17.315
16.414
16.729
16.328
16.210
11.719
16.663
17.131
17.072
16.709
17.050
17.541
17.169
4.919
1.109
2.030
3.682
13.555
16.208
16.487
16.215
16.705
17.045
16.957
16.837
16.785
17.014
16.982
17.047
17.024
16.814
16.575
16.743
16.736
16.857
16.798
16.421
8.569
15.954
15.514
17.156
17.137
16.860
16.943
17.257
17.412
17.297
17.424
17.604
17.559
17.365
17.221
17.167
17.048
17.694
17.682
17.616
17.962
17.844
17.757
17.622
17.629
17.624
17.730
13.601
18.248
18.108
13.991
15.793
18.611
19.001
19.324
19.293
19.374
19.451
19.762
19.828
19.635
19.552
19.796
19.917
20.220
20.084
19.999
20.116
20.187
19.537
19.993
11.651
17.811
18.309
21.204
21.359
21.582
19.525
10.624
21.870
22.084
22.309
21.784
21.873
18.070
21.479
22.410
22.804
23.019
16.402
22.946
22.110
23.870
24.165
24.064
24.183
24.446
24.429
24.304
24.399
24.780
24.728
25.151
24.776
20.103
20.236
25.202
25.555
25.300
25.445
25.673
25.814
25.909
26.100
24.943
18.439
13.733
27.188
26.761
21.083
18.768
24.518
26.399
21.914
11.560
8.459
21.719
21.660
25.944
18.625
17.173
25.677
19.851
25.717
27.472
27.482
19.019
18.575
12.244
26.417
24.852
19.921
23.601
19.939
27.979
27.314
20.064
17.101
18.975
24.997
28.306
26.877
26.399
28.425
17.177
25.707
20.469
17.583
26.884
25.418
22.033
23.011
25.070
19.751
27.902
22.175
26.302
24.883
24.127
25.785
25.073
21.704
19.812
20.586
15.771
15.690
22.644
24.987
16.340
26.263
19.490
25.974
22.585
22.339
21.142
18.518
15.712
12.764
18.866
11.359
2.048
0.943
2.495
9.019
21.892
13.856
26.416
22.433
18.611
4.105
6.658
22.140
7.402
23.347
24.683
21.760
16.254
21.181
17.310
19.273
26.906
24.236
19.348
25.906
25.823
25.955
20.647
25.155
13.961
1.659
23.545
13.631
22.586
3.259
0.927
4.702
19.814
18.418
23.038
15.324
8.273
24.669
20.785
20.628
21.761
17.858
11.297
19.040
17.814
10.405
11.911
11.466
22.480
16.110
7.123
3.708
13.821
20.768
12.873
17.380
23.195
10.374
17.609
17.869
21.913
19.869
18.515
20.750
23.662
24.365
23.818
18.957
21.984
23.576
24.447
19.120
19.008
19.317
17.649
20.706
20.270
23.061
17.938
9.095
6.854
20.699
20.977
23.302
23.042
22.499
18.998
13.723
14.328
14.126
14.288
20.334
2.084
5.782
6.604
2.205
14.789
23.011
22.770
22.826
23.088
22.881
22.965
22.861
22.387
21.519
21.754
16.854
10.674
21.158
21.159
20.924
20.996
21.159
21.627
21.330
21.300
20.102
21.277
20.702
18.473
20.262
20.916
20.797
20.702
20.673
20.444
20.416
20.367
20.142
20.186
20.071
20.091
19.914
19.615
19.308
19.269
19.216
19.124
19.110
19.002
18.782
18.578
18.279
18.241
18.348
18.703
18.284
18.206
18.051
17.912
17.893
17.657
17.559
17.388
17.171
17.215
17.272
17.220
17.150
16.925
17.217
17.137
16.607
16.592
16.673
16.837
16.936
17.074
17.188
16.916
16.589
16.329
16.401
16.503
16.815
16.476
16.837
17.077
16.877
16.713
16.741
16.852
16.688
16.501
16.429
16.840
16.935
16.830
16.788
16.522
13.334
15.943
0.468
11.469
13.628
15.384
15.929
15.977
15.509
15.706
15.932
15.993
17.262
17.339
17.545
17.494
17.328
17.346
17.240
17.056
17.365
17.427
18.518
18.383
17.618
17.735
17.880
12.268
18.100
11.019
15.190
18.140
17.909
18.689
19.395
19.264
19.111
19.152
19.110
18.976
18.153
20.052
20.412
20.512
20.063
15.303
19.404
16.723
14.598
19.981
20.544
21.038
21.005
21.098
21.517
21.575
21.719
21.568
21.650
22.233
22.180
22.747
22.914
22.777
22.942
22.878
22.711
23.106
23.509
23.613
23.891
23.886
23.558
7.806
22.154
24.099
23.991
24.260
24.276
24.618
24.512
24.688
25.125
25.824
26.046
25.887
25.722
25.823
25.068
25.451
25.308
25.598
24.415
25.718
26.032
25.927
19.519
19.881
24.538
24.847
26.227
26.505
18.134
25.815
25.366
21.355
25.747
21.351
26.687
27.166
26.707
26.639
26.401
25.069
24.766
27.310
27.341
27.543
26.504
14.284
27.134
23.437
28.379
28.410
28.589
27.279
23.704
24.972
24.783
27.347
23.713
23.936
26.762
26.645
23.597
22.633
25.146
28.335
27.873
23.694
26.918
28.727
29.177
28.988
20.797
22.888
29.131
29.542
28.672
28.809
29.203
29.284
29.269
29.346
28.899
27.335
19.065
21.668
26.104
25.943
12.753
15.941
28.107
16.035
24.060
26.266
26.275
22.505
25.185
16.179
17.284
22.516
13.367
18.316
19.978
2.272
0.987
17.365
13.245
25.605
26.753
26.810
24.749
26.604
20.478
18.061
21.075
18.297
21.587
16.307
19.956
23.079
19.273
21.986
21.446
22.330
20.511
24.455
12.469
21.151
22.155
24.824
22.941
13.846
20.977
17.403
15.014
14.916
6.425
18.231
21.824
14.177
11.352
13.181
24.451
7.977
20.534
21.529
16.453
12.385
20.516
23.451
17.982
2.596
14.246
17.096
16.984
19.867
18.029
21.634
22.120
16.190
22.341
22.246
14.885
19.297
17.342
13.727
20.156
21.176
22.072
17.558
17.313
13.536
18.377
24.750
20.516
21.763
22.318
9.454
12.488
22.056
9.559
24.014
15.147
14.906
16.045
21.301
19.550
17.552
7.142
3.982
15.311
21.923
20.692
18.173
22.159
22.919
23.291
23.272
23.567
23.209
23.123
22.754
22.458
21.587
21.555
21.943
17.893
19.313
22.761
23.017
22.582
22.540
17.926
19.932
22.040
22.347
22.054
21.907
21.558
21.421
21.167
21.524
21.216
21.168
19.489
20.594
20.765
20.402
17.080
19.766
20.031
20.430
20.642
20.716
20.078
18.966
1.870
5.679
12.068
2.411
8.604
18.239
19.093
18.984
19.137
18.795
18.725
18.522
18.708
18.799
18.674
18.510
18.263
17.727
17.607
17.483
17.339
17.648
17.307
17.438
17.351
17.497
17.474
17.259
17.276
17.066
17.063
16.766
17.083
17.054
16.592
16.878
16.687
16.417
15.364
11.903
13.268
16.122
14.764
16.179
16.207
16.003
16.660
16.260
16.726
16.901
16.986
17.259
16.873
16.988
16.961
16.757
16.713
16.784
16.559
16.239
16.045
12.465
16.761
17.022
16.881
16.380
16.968
17.553
17.290
17.292
17.346
17.317
16.987
17.239
17.077
16.339
16.565
17.227
17.268
17.578
17.953
18.145
18.099
17.917
18.190
18.593
18.554
19.200
19.056
19.114
18.189
18.099
13.755
18.721
18.485
18.574
18.856
7.456
11.267
20.083
19.916
19.712
19.668
19.744
19.927
12.036
8.394
18.690
20.862
20.868
20.936
21.310
21.258
21.108
20.667
21.529
22.239
22.122
21.841
23.029
23.005
23.160
23.309
23.558
23.557
23.802
23.763
23.753
23.690
23.537
23.754
23.391
20.255
17.689
21.120
13.913
24.643
24.600
24.608
24.313
24.506
24.445
22.104
24.667
24.808
24.522
23.288
23.610
25.136
25.358
25.553
24.763
22.708
26.138
26.508
27.132
26.855
26.801
26.558
26.475
19.721
26.300
25.912
21.040
26.596
26.881
26.036
19.387
14.732
20.863
17.282
25.329
21.005
21.750
27.251
25.945
26.759
27.396
27.431
27.466
27.642
27.952
28.596
28.446
26.469
24.440
27.879
28.148
28.370
28.683
28.627
28.131
28.682
28.552
27.390
17.538
25.686
28.671
29.383
28.977
28.846
28.915
28.605
28.731
28.319
27.939
22.744
28.475
28.050
28.228
22.446
26.475
16.045
15.206
17.224
14.678
24.766
21.658
24.507
18.832
21.382
23.491
24.928
14.044
14.680
11.690
15.625
25.227
24.399
19.007
22.702
27.093
21.540
16.272
18.150
12.745
3.888
9.583
3.372
3.005
4.614
5.747
10.837
16.982
23.975
14.058
19.310
11.502
14.043
15.785
19.957
19.335
16.931
14.704
20.785
15.535
14.444
15.452
16.247
14.771
15.805
14.410
19.543
22.766
10.506
18.579
18.728
1.385
7.381
6.413
16.131
11.686
19.478
19.791
10.846
23.320
24.077
17.004
21.266
18.040
22.304
18.616
17.754
7.501
20.250
21.755
21.633
24.131
16.339
19.604
18.711
22.886
6.637
14.560
20.690
11.093
23.766
17.065
20.585
20.572
12.662
8.464
4.947
23.351
16.407
21.154
23.838
24.119
24.546
24.991
24.802
20.745
21.379
18.960
18.832
18.673
20.997
20.909
15.225
19.246
23.027
14.543
16.555
22.038
20.643
20.213
19.161
21.022
21.935
21.057
21.953
18.906
15.911
9.617
7.130
18.959
14.811
20.273
21.393
16.975
17.398
18.692
19.411
12.926
15.131
0.713
1.905
5.700
8.597
17.380
20.756
20.716
20.523
20.555
20.234
1.855
5.251
10.113
16.439
17.896
19.829
20.240
19.989
19.852
19.526
19.361
18.918
19.150
19.657
19.520
19.325
19.239
18.656
18.378
19.019
18.750
18.722
18.770
18.567
18.629
18.050
18.156
18.273
18.230
17.849
17.447
17.180
17.446
17.597
17.398
17.084
16.652
16.706
16.718
17.281
17.305
16.719
16.935
17.139
16.918
16.824
16.864
16.859
16.884
16.924
16.921
16.603
16.556
16.593
16.538
16.606
16.575
16.284
16.149
16.187
15.863
15.873
15.964
16.209
16.388
16.385
16.222
15.457
15.684
16.224
16.232
15.614
16.508
16.351
12.871
16.265
17.007
16.862
16.538
11.385
7.053
17.083
17.283
17.162
12.367
16.185
9.598
9.037
15.654
16.688
17.194
17.168
15.653
13.517
17.781
18.406
18.619
18.886
18.034
18.876
18.954
19.046
19.290
18.578
19.165
18.896
19.192
18.904
19.399
19.448
19.831
19.637
20.170
16.814
15.132
15.960
3.705
21.172
21.394
21.603
21.329
20.840
14.359
11.337
21.226
21.048
20.806
18.620
6.541
12.585
21.334
22.595
13.034
22.285
19.201
22.762
22.664
21.241
18.015
22.576
16.326
22.279
23.206
23.585
24.005
24.280
22.780
23.942
24.853
25.100
24.679
24.825
24.540
17.403
21.007
24.401
24.901
25.204
25.313
25.440
25.084
25.779
26.165
26.286
25.864
25.960
26.021
17.486
26.384
26.987
27.124
26.823
23.338
14.092
25.893
20.120
26.334
18.809
23.293
26.955
26.741
26.676
26.194
27.651
27.533
26.467
24.780
26.762
28.499
28.257
20.372
24.357
27.596
22.772
24.821
21.397
19.245
21.642
15.212
16.599
27.389
27.134
17.744
25.057
28.579
22.641
21.871
24.253
28.498
28.769
26.375
28.675
28.975
26.890
20.867
6.932
11.174
28.255
28.701
28.497
28.401
23.504
26.973
28.235
28.421
28.842
28.815
28.468
28.731
28.059
19.866
28.831
24.096
28.274
20.534
23.185
17.108
14.920
20.738
14.411
22.107
14.679
23.455
25.904
25.358
18.429
21.903
18.485
14.198
18.669
16.781
19.026
18.476
8.548
13.598
11.567
11.572
13.688
27.216
24.839
12.161
16.723
13.072
19.822
14.913
17.125
11.762
12.442
16.926
17.105
12.738
7.610
8.010
19.855
12.332
18.406
23.208
21.131
24.516
26.300
17.854
21.960
