20000101
16.549
16.628
16.927
17.023
16.873
17.020
16.974
16.858
16.014
16.597
16.936
16.589
9.326
16.801
15.005
16.982
17.293
17.642
17.610
17.751
17.569
17.834
17.513
17.658
17.988
17.991
17.962
18.099
18.504
18.578
18.642
18.377
18.348
18.442
18.582
9.973
10.300
19.148
19.233
19.180
19.844
14.517
7.806
18.064
19.798
20.439
19.423
20.327
21.134
21.183
21.001
11.217
8.285
13.212
18.555
19.603
14.764
22.199
22.281
22.165
20.898
21.163
22.487
22.658
22.963
22.980
21.584
22.887
23.890
24.097
24.055
23.095
23.674
23.716
24.118
24.939
24.516
24.404
25.091
25.359
25.261
24.542
12.318
24.737
25.176
25.477
25.505
25.628
26.085
25.854
26.408
26.160
25.984
26.310
26.476
26.508
26.831
27.271
27.067
26.996
27.101
27.474
27.668
27.473
27.190
23.578
26.749
26.991
25.983
27.417
26.962
27.147
26.595
18.871
22.313
17.017
26.766
25.032
27.858
27.973
27.982
28.548
28.396
28.088
27.644
27.181
23.239
18.697
17.754
23.425
18.607
22.020
24.831
21.106
21.186
14.460
23.987
18.011
11.565
15.501
19.360
23.665
17.026
24.484
22.416
21.771
24.592
27.890
20.016
27.863
25.979
25.666
15.740
17.105
22.434
11.631
14.681
10.362
17.582
26.082
22.544
25.992
21.840
27.004
27.352
24.210
22.337
23.564
20.130
22.317
16.660
19.853
21.288
12.201
27.200
18.600
23.420
20.371
17.492
18.572
13.429
20.202
15.977
14.212
16.593
15.354
17.971
15.787
17.664
18.825
21.164
7.079
17.329
19.813
23.774
14.715
23.887
1.502
23.483
22.882
12.953
21.279
10.755
4.236
25.685
22.454
13.152
2.965
17.358
23.252
23.687
25.689
24.567
18.230
20.635
21.854
21.449
25.557
24.050
15.426
15.769
17.618
22.889
13.274
17.642
21.789
18.507
24.522
19.999
23.949
24.033
23.587
18.481
23.975
21.341
23.690
25.079
24.355
23.001
24.065
23.357
21.894
16.433
21.311
2.907
0.575
6.767
10.751
21.472
23.469
22.479
12.037
16.375
23.970
23.832
22.462
23.370
23.587
22.434
21.659
20.713
19.988
15.684
9.788
7.893
22.523
22.151
22.942
15.346
22.987
22.853
22.959
20.371
22.917
21.400
22.272
22.164
20.244
20.365
19.098
18.216
18.442
16.877
21.364
21.341
21.264
21.363
22.026
22.058
21.737
20.539
20.374
19.208
20.720
21.034
20.820
20.891
20.490
20.426
20.500
20.329
18.042
19.123
19.337
19.401
19.340
19.053
18.945
18.834
18.893
19.004
19.128
19.030
18.890
18.423
18.580
18.608
18.282
18.337
18.268
18.255
18.053
18.087
17.690
17.668
17.462
17.185
17.190
17.185
17.334
17.239
17.083
16.734
17.002
16.755
17.533
17.684
17.569
17.285
17.105
17.018
16.797
16.763
16.672
16.534
16.378
16.764
16.796
16.623
16.528
16.519
16.537
16.437
16.199
16.651
16.729
16.790
16.772
16.596
16.363
16.183
16.313
16.487
16.545
16.590
16.081
0.970
16.379
16.495
16.659
16.939
16.990
16.803
16.154
16.687
17.163
17.393
16.844
16.770
17.632
17.763
16.996
17.324
17.737
17.698
17.739
17.730
15.922
17.836
18.750
18.886
18.862
18.761
18.847
18.816
18.941
18.719
18.251
17.529
19.464
19.200
18.967
19.853
20.195
20.277
20.356
20.175
20.316
20.585
20.642
20.142
16.956
19.992
20.359
20.558
20.679
20.903
20.182
21.476
21.201
21.099
21.277
21.489
21.825
20.674
19.224
18.634
22.047
19.718
18.343
23.216
23.232
22.991
23.322
23.782
23.794
23.926
23.961
23.718
19.239
23.613
23.860
24.612
24.699
23.720
20.156
17.326
22.451
25.032
17.856
25.153
25.163
25.343
21.814
22.938
25.983
25.250
25.851
26.011
25.981
24.559
26.087
26.843
25.820
26.690
25.752
26.274
26.161
10.904
21.628
14.496
15.072
13.811
18.961
24.416
27.075
27.645
27.732
28.268
28.203
27.757
27.659
27.734
28.028
27.914
27.497
26.704
23.206
26.808
26.993
27.919
28.053
27.402
27.830
28.245
28.141
28.481
27.542
26.673
12.548
27.850
19.591
25.515
17.562
19.728
26.836
13.542
13.959
15.656
28.509
23.020
24.058
23.389
23.221
25.650
21.907
22.337
11.994
14.556
22.523
21.763
12.425
15.885
24.902
18.612
26.905
21.419
23.053
21.031
14.983
13.245
13.516
9.476
11.942
16.757
20.329
24.827
16.124
5.087
23.453
9.145
7.731
19.963
15.868
16.268
22.856
16.313
19.698
12.024
26.164
25.557
19.404
26.925
21.610
24.461
11.610
16.290
8.838
7.686
3.943
6.682
10.061
22.170
16.571
20.434
25.069
22.121
24.614
25.158
23.744
24.099
23.571
21.698
20.692
21.824
21.784
20.724
21.970
20.715
20.426
20.040
25.151
25.082
20.936
22.775
25.282
25.497
23.444
22.910
25.315
23.796
24.911
17.820
23.879
24.594
24.623
17.555
21.669
22.645
22.998
18.767
2.631
18.022
23.664
17.486
21.058
24.849
22.576
6.586
14.865
16.363
12.832
17.304
23.571
21.054
20.904
22.120
23.574
24.045
22.280
18.491
11.427
23.236
23.125
23.039
22.988
23.344
23.889
24.100
23.725
23.451
23.159
22.019
16.624
21.318
22.354
22.268
21.433
19.927
4.721
19.709
18.724
15.187
15.119
21.113
20.282
20.667
20.407
19.406
14.874
21.310
20.917
20.807
21.382
21.192
21.049
21.274
20.957
21.067
21.004
20.734
20.006
19.855
20.176
20.170
19.901
19.799
17.898
19.209
19.304
19.586
19.383
19.319
19.050
18.933
18.612
18.591
15.090
18.334
18.359
18.571
18.466
18.249
18.092
17.661
14.984
9.710
17.317
17.916
17.535
16.401
16.967
17.238
17.402
17.216
17.066
16.802
16.842
17.001
17.179
17.279
17.121
16.978
16.846
16.802
16.690
16.575
16.367
16.426
16.126
16.176
16.174
16.333
16.472
16.337
16.140
16.131
16.186
16.066
16.302
16.498
16.577
16.575
16.529
16.645
16.413
16.195
16.178
16.052
16.277
16.582
16.799
16.929
16.909
16.674
16.760
16.582
16.529
16.485
16.867
17.067
17.206
17.170
17.036
16.935
16.914
16.616
7.151
16.983
16.162
16.237
15.558
11.218
14.739
17.868
18.397
18.173
13.945
17.834
18.129
18.643
18.844
18.960
18.717
19.386
19.555
18.882
15.132
3.925
2.766
18.484
18.476
17.619
7.662
19.683
20.431
20.345
20.451
20.691
20.089
20.746
20.495
20.701
21.002
20.269
19.358
20.342
21.958
21.738
21.783
21.400
21.145
21.458
22.815
22.646
22.964
23.061
16.002
22.438
22.541
22.997
23.469
22.255
21.456
5.958
24.000
24.598
24.740
24.603
24.769
24.907
23.303
24.467
24.678
24.889
24.432
23.806
20.670
20.635
26.369
25.859
25.193
15.285
26.274
26.401
26.348
26.260
26.217
24.916
26.051
22.339
25.330
26.287
26.759
26.794
27.050
26.947
27.139
26.856
27.053
25.431
20.013
27.510
26.468
27.380
27.356
23.779
28.102
28.403
28.487
28.285
26.193
28.160
24.073
28.373
28.773
25.876
26.006
28.584
28.604
28.437
28.428
29.097
28.645
24.630
25.122
25.695
15.308
28.374
28.493
28.763
28.511
28.852
28.447
25.984
25.470
21.463
26.118
13.682
22.373
28.358
27.057
27.591
23.912
16.865
14.943
16.334
13.890
16.384
16.336
22.564
23.543
19.916
19.708
20.812
25.200
18.644
21.047
21.642
18.937
21.481
17.665
20.221
19.417
13.817
21.856
19.225
24.023
24.341
25.758
21.949
23.799
24.586
15.815
4.121
1.288
13.206
24.375
25.348
25.639
18.358
21.559
26.041
21.224
21.252
22.239
20.300
11.854
16.347
24.463
24.255
23.103
11.825
16.951
26.776
25.769
24.220
7.134
20.140
24.926
23.987
20.170
15.645
14.335
16.679
16.904
19.416
20.284
23.477
24.583
24.346
25.311
23.392
2.452
4.545
21.996
19.488
17.826
20.663
23.672
19.874
13.807
23.552
15.956
21.570
14.169
18.258
14.364
23.268
23.872
23.563
22.274
20.564
23.519
20.415
20.092
13.097
5.265
22.167
21.889
19.696
19.227
16.072
19.396
4.799
11.699
21.733
23.206
24.230
23.438
21.527
23.570
23.645
23.395
21.075
20.415
19.417
17.665
18.802
20.006
22.602
18.390
20.630
22.565
22.805
22.902
22.861
22.741
22.712
22.327
20.357
7.619
20.593
16.781
19.026
20.275
12.350
20.827
18.836
14.506
3.145
10.500
19.276
20.723
20.914
20.516
20.266
20.268
20.475
20.327
20.352
20.283
20.141
19.932
19.495
19.385
19.273
19.476
19.135
18.792
18.866
17.650
18.322
18.156
13.627
16.009
12.451
18.044
18.238
17.858
17.787
18.114
17.957
17.901
17.614
17.414
17.306
17.160
16.261
17.352
17.432
17.557
17.555
17.512
16.811
16.655
17.453
17.120
16.812
16.465
16.315
16.189
16.021
16.128
16.388
16.338
16.187
16.284
16.185
16.347
16.216
16.126
16.031
15.886
16.047
16.035
16.033
16.094
12.920
16.011
16.122
16.125
16.385
16.557
16.242
3.864
12.277
15.305
16.229
16.204
16.775
16.832
16.786
16.681
17.038
16.929
16.976
17.320
16.324
17.737
17.798
17.696
17.716
17.684
17.931
17.806
18.002
18.036
17.737
17.998
17.763
18.133
17.755
17.184
14.961
18.075
17.910
17.108
15.646
14.863
5.627
16.944
19.247
19.364
18.730
16.916
9.577
18.286
18.232
19.925
20.345
20.056
20.384
20.083
15.822
13.878
20.130
21.166
21.140
21.008
21.128
21.268
21.265
21.367
20.213
21.426
21.650
21.852
23.140
23.690
23.356
23.617
23.569
23.352
23.055
22.941
15.767
22.224
23.175
23.122
21.267
19.638
21.809
17.517
24.378
24.571
24.695
24.652
24.367
21.472
21.957
21.799
24.311
24.657
24.973
25.156
25.768
25.583
23.246
23.042
23.418
24.762
24.993
26.364
26.834
27.023
27.245
26.668
26.120
22.057
19.320
26.599
26.640
26.655
26.793
27.263
27.300
27.330
27.923
27.814
27.570
27.670
21.316
15.077
14.381
17.235
27.480
27.116
27.975
28.864
28.881
28.849
28.696
28.718
28.425
28.696
28.705
27.759
27.647
26.908
15.968
28.703
29.246
25.627
27.695
27.671
21.524
20.741
22.069
21.451
17.964
20.666
28.490
28.353
28.727
29.363
29.118
28.948
28.850
28.883
27.385
26.316
17.999
19.707
27.254
19.795
25.477
18.985
18.383
21.421
10.907
15.278
16.524
21.711
17.126
14.145
22.272
14.932
23.701
14.096
23.328
21.784
21.919
17.208
22.981
25.149
19.045
23.049
23.096
25.709
23.488
22.267
16.349
25.003
12.838
11.778
17.012
22.829
22.180
24.351
17.992
19.688
24.544
25.734
23.634
15.805
22.817
17.666
17.424
20.976
20.628
23.090
5.585
24.044
21.829
21.427
13.014
4.028
2.206
15.732
21.692
23.245
25.822
22.274
23.943
25.573
22.763
20.492
23.687
15.099
13.463
20.254
19.632
23.584
18.540
21.315
18.343
21.542
23.719
24.102
12.637
20.175
16.102
24.073
24.087
15.950
18.180
20.119
23.416
20.490
9.846
13.612
20.868
21.193
21.250
18.746
16.039
12.783
17.523
20.808
20.783
19.043
18.652
20.665
22.077
22.083
20.366
19.706
19.921
20.700
22.160
17.014
21.667
20.327
19.267
19.811
18.745
18.993
20.230
20.091
22.581
22.714
22.318
21.125
12.070
3.473
3.986
3.590
19.193
21.513
21.462
21.488
21.745
21.900
21.010
17.421
18.467
17.536
17.735
17.030
8.265
5.434
1.860
2.853
7.531
16.567
18.768
17.745
12.540
18.459
16.251
19.352
19.458
19.295
19.171
18.987
15.940
11.043
18.664
18.644
18.750
18.741
18.654
18.429
18.211
18.021
17.618
17.435
17.320
17.207
17.672
17.699
17.266
17.440
17.093
17.454
17.349
16.899
16.687
17.217
17.071
17.169
17.116
16.810
16.615
16.465
16.720
16.396
16.069
16.289
16.176
16.144
16.193
16.381
12.873
6.076
16.277
16.073
16.183
16.080
16.261
16.211
16.176
16.180
16.197
15.977
9.225
15.908
16.139
16.185
16.115
16.465
16.427
16.336
16.341
16.065
13.004
16.397
16.676
16.714
16.805
16.625
16.631
16.615
16.873
16.892
16.802
16.850
16.948
17.353
17.228
17.088
6.447
1.764
17.437
17.785
17.597
18.318
18.543
18.188
14.132
10.926
17.428
18.563
19.438
19.505
15.027
19.423
19.831
19.812
19.744
19.752
19.672
19.698
19.804
20.216
20.148
20.723
20.597
20.675
20.446
20.562
21.305
21.269
21.258
21.504
21.761
21.954
21.840
21.689
21.954
22.378
22.678
22.908
22.897
22.677
20.535
22.877
22.860
21.782
22.686
23.096
23.347
23.451
23.741
23.686
24.036
24.321
24.517
24.675
24.672
25.076
24.665
25.054
24.815
25.093
24.975
18.407
25.037
24.286
22.695
20.128
23.504
25.676
25.978
25.767
25.402
22.972
19.272
25.689
24.299
25.249
25.886
26.589
26.883
26.368
26.682
26.778
27.162
27.481
27.167
26.808
25.171
25.500
25.676
21.424
23.776
14.238
27.031
26.769
15.262
25.660
21.779
27.792
28.727
28.870
28.520
27.661
26.852
22.647
22.796
20.692
24.066
21.922
19.829
16.833
21.699
22.525
28.033
28.170
27.356
27.356
28.452
28.318
28.194
28.382
21.335
19.496
28.414
22.499
28.709
25.482
28.100
20.980
19.799
12.698
12.672
18.560
23.004
24.483
23.577
19.217
15.834
15.403
17.765
9.940
8.546
10.777
19.510
21.837
6.559
6.890
6.437
21.054
27.144
27.726
24.156
20.701
14.965
17.130
20.014
20.124
17.146
19.299
22.958
16.980
13.830
19.259
16.850
22.943
21.071
22.205
24.103
27.094
27.075
11.763
16.087
14.637
18.461
20.611
17.384
24.848
19.252
12.840
23.903
13.777
20.559
24.673
21.818
20.527
24.945
25.582
20.488
19.963
25.429
23.199
25.749
20.381
18.845
21.566
14.737
6.579
15.300
23.342
21.648
16.766
13.695
16.759
23.395
24.336
6.388
22.045
22.449
23.642
17.146
17.831
22.496
24.194
22.029
16.165
17.007
18.750
18.411
23.806
12.891
19.360
19.255
20.598
24.484
24.615
24.249
17.754
23.901
24.605
20.423
23.067
20.977
16.433
21.270
20.488
22.656
19.274
16.631
14.768
20.598
21.657
19.941
21.223
22.142
21.549
20.160
22.323
20.503
22.267
21.934
19.147
21.293
19.932
21.451
18.197
20.337
20.746
21.005
21.873
21.557
21.322
11.747
20.250
14.447
21.186
21.374
21.450
21.278
20.825
20.556
20.546
20.337
20.433
20.314
20.382
20.155
19.836
18.796
16.227
19.430
19.358
19.520
19.828
19.426
19.416
19.447
19.301
18.730
18.383
18.230
18.555
18.032
17.742
17.559
18.423
18.189
18.144
17.838
17.663
17.734
17.666
17.409
17.357
17.052
16.993
17.052
16.786
16.549
16.715
16.727
16.771
16.685
16.720
16.612
16.621
16.380
16.629
16.534
16.411
16.062
16.180
16.147
15.952
15.986
16.021
16.338
16.193
16.080
16.096
16.013
15.836
15.927
15.795
15.124
12.443
14.669
16.364
16.537
16.652
16.588
16.453
15.104
15.816
13.843
12.067
15.828
16.390
16.330
12.356
16.957
16.679
16.747
16.654
16.816
16.866
16.981
16.885
17.107
8.601
17.115
17.396
17.820
17.323
17.139
14.870
17.613
17.513
16.795
12.163
4.942
12.227
4.207
1.849
13.412
19.007
19.009
18.960
13.240
18.815
15.218
14.832
18.853
19.353
18.769
19.490
19.559
19.815
19.804
19.333
19.954
20.030
20.207
19.918
15.381
15.818
20.906
21.709
21.493
21.504
21.442
21.584
18.594
20.520
16.178
18.930
22.098
21.992
20.930
18.578
20.587
18.489
15.886
11.593
23.062
23.331
23.390
23.381
23.466
23.130
24.314
24.515
24.371
19.928
15.779
21.317
24.835
25.076
24.992
24.931
24.807
20.707
25.287
26.285
26.672
26.681
26.681
26.723
26.816
26.445
17.697
17.467
26.737
27.805
27.904
27.861
25.050
27.027
27.284
27.291
27.124
26.601
23.686
27.827
27.407
24.724
22.365
18.724
20.788
18.476
22.849
24.113
20.706
22.357
16.975
21.614
15.577
19.284
20.081
22.023
27.863
28.159
28.667
29.053
29.345
28.896
28.852
29.227
28.965
27.768
22.981
24.602
19.695
29.077
28.396
28.363
28.029
28.910
28.583
21.913
28.594
20.854
28.194
27.421
28.576
29.294
25.564
23.416
26.082
16.293
22.006
25.215
21.018
29.155
28.310
28.500
28.895
28.291
27.071
24.812
25.669
26.547
14.187
26.799
18.032
18.942
9.025
6.769
20.540
17.636
19.519
13.390
6.726
4.113
20.732
3.920
3.115
2.553
3.378
23.468
21.859
22.847
19.266
15.180
19.320
22.270
12.448
7.011
19.508
20.341
22.516
19.922
22.431
25.096
21.191
24.818
24.603
15.393
21.227
24.098
17.247
25.989
24.429
24.890
11.978
21.080
24.448
22.062
7.332
20.474
18.273
23.671
25.895
26.323
24.090
7.071
8.351
22.680
19.634
6.743
22.065
23.349
24.639
20.799
23.031
10.953
12.375
5.429
19.354
24.766
21.851
20.559
24.191
21.537
25.368
19.149
15.933
12.954
19.848
20.456
23.076
20.772
20.636
21.853
23.037
21.600
20.749
14.257
10.329
10.336
16.421
14.201
22.884
19.630
21.172
22.723
16.595
11.145
22.352
21.531
19.550
21.799
15.504
21.859
21.835
22.035
19.422
21.839
21.304
21.831
21.020
22.252
22.166
21.978
21.838
21.287
20.421
21.219
21.048
19.478
2.133
3.161
7.485
1.710
15.886
16.132
4.659
17.263
16.931
16.104
20.023
19.838
19.829
19.180
15.673
19.573
19.399
13.847
19.336
18.741
16.642
19.120
19.333
19.175
18.964
18.906
18.838
18.674
18.674
18.629
18.362
18.390
18.290
18.535
18.153
18.107
17.911
17.610
17.719
17.338
16.944
17.124
16.965
16.826
16.910
16.923
16.391
16.531
16.161
16.139
16.451
17.259
17.134
16.961
16.811
16.850
16.755
16.803
16.723
16.757
16.755
16.697
16.442
16.024
16.464
16.275
16.106
14.356
7.107
11.381
15.293
16.360
16.384
16.356
16.376
16.457
16.401
16.422
16.414
16.437
16.348
16.563
16.705
16.576
16.907
16.902
17.136
17.057
17.269
17.071
17.043
17.224
17.000
17.217
17.286
17.045
17.067
17.158
16.914
17.645
17.478
18.119
18.433
18.376
18.405
18.392
18.575
18.602
18.851
18.963
18.957
19.023
19.171
19.442
19.404
19.455
19.625
19.717
19.339
19.824
19.737
19.845
20.121
20.053
20.229
20.275
20.449
20.503
20.774
20.945
21.128
21.169
21.637
21.866
21.563
20.855
20.837
18.976
16.673
21.302
9.617
18.866
17.546
19.289
10.193
14.908
5.263
11.113
20.082
20.623
23.010
12.129
23.123
23.906
24.725
24.540
24.356
21.112
25.054
25.250
24.768
24.582
20.049
25.326
23.918
25.716
26.218
25.889
25.900
25.588
25.788
25.729
26.074
26.186
26.111
26.213
26.036
26.155
26.208
26.424
24.122
22.154
20.704
14.639
15.348
15.589
27.062
26.326
26.977
26.103
26.662
26.783
27.080
26.170
27.646
27.484
23.454
27.430
24.895
26.486
20.703
23.198
19.598
27.935
27.697
27.999
27.214
17.863
23.340
10.864
21.359
27.507
21.129
15.722
19.615
23.253
20.483
20.876
21.373
25.767
14.876
22.296
18.945
21.356
15.254
15.203
25.572
17.378
19.564
22.486
18.886
14.410
13.558
22.427
4.531
8.374
10.118
22.675
23.875
13.791
18.262
20.985
26.357
12.324
24.698
12.010
28.389
27.114
23.458
25.240
21.688
15.013
15.421
17.894
12.360
10.340
18.029
18.078
19.997
18.399
19.926
10.519
13.469
18.027
13.647
12.351
6.064
1.388
2.062
9.470
25.023
18.288
8.894
19.475
22.653
25.284
23.197
24.914
18.372
17.525
11.505
21.456
26.042
24.276
18.599
19.362
6.932
13.985
10.872
23.169
24.266
16.585
21.571
3.387
18.029
24.943
25.682
25.476
25.090
25.335
23.670
24.506
12.079
20.475
23.955
24.983
5.051
10.605
21.880
24.295
11.367
20.537
12.622
8.337
20.870
12.039
23.612
23.928
16.399
10.886
14.392
24.964
24.654
23.839
23.030
16.761
23.777
23.206
21.032
23.113
21.843
15.621
12.364
22.807
16.435
22.223
21.627
20.756
21.742
20.709
17.972
1.691
9.502
5.261
12.447
20.711
13.619
22.510
22.605
21.086
8.658
16.756
18.680
18.883
17.259
22.483
22.344
22.168
21.898
21.844
21.599
21.691
21.669
21.237
20.934
20.813
21.024
20.934
20.831
19.780
15.846
20.152
20.213
19.223
19.856
20.011
19.519
10.639
10.276
4.814
18.066
16.950
13.213
15.407
6.400
3.657
15.906
18.576
18.628
18.685
14.590
16.976
17.882
18.028
17.915
18.102
18.059
17.975
17.834
17.818
17.508
17.385
17.268
16.748
17.097
16.221
13.837
16.835
16.902
16.943
16.501
15.659
16.662
16.815
17.072
16.410
16.289
16.163
16.138
13.667
15.821
15.023
15.224
16.205
16.337
16.418
16.335
16.436
16.219
16.240
16.339
15.818
15.868
16.012
16.229
16.067
16.379
16.227
15.779
16.101
16.563
16.738
16.336
16.260
16.381
16.329
16.667
16.741
16.653
16.565
16.652
16.873
16.728
16.508
16.457
16.484
17.058
17.147
17.045
17.571
17.377
17.368
17.576
17.145
18.050
18.189
18.167
17.967
18.062
18.221
18.111
11.326
17.762
17.412
18.505
18.788
18.809
14.585
18.812
18.969
16.136
18.884
19.129
13.249
14.297
13.902
2.722
19.924
20.100
18.578
20.345
20.428
20.588
20.930
21.148
20.964
20.921
20.513
14.546
19.921
21.371
21.606
17.667
21.594
22.499
22.484
22.919
23.082
23.313
22.955
19.956
11.890
22.707
11.514
9.618
11.666
23.584
24.015
23.642
23.681
23.838
23.024
19.166
20.926
24.018
24.640
25.076
25.609
25.634
25.530
25.650
25.480
25.585
25.436
25.270
26.054
26.541
26.400
25.999
21.698
24.742
19.660
26.392
26.438
26.611
26.286
25.387
25.236
22.983
21.313
13.726
20.067
21.184
24.402
14.357
24.814
22.264
19.209
18.761
27.592
27.541
26.145
21.253
26.941
27.193
21.462
13.327
17.421
11.844
17.326
18.835
27.195
20.168
27.173
16.746
26.299
24.803
15.524
19.366
21.776
19.617
17.392
19.860
23.939
15.743
28.532
28.503
21.407
14.070
26.542
24.570
19.700
28.123
21.145
28.660
29.031
24.302
22.596
23.603
27.135
20.461
14.890
18.952
12.446
16.801
17.054
23.426
15.584
11.158
16.861
20.634
20.309
23.464
14.827
14.104
13.725
20.015
16.524
14.708
14.645
21.411
21.553
4.864
19.534
17.431
22.624
21.176
10.803
17.689
12.319
2.769
22.620
24.797
22.764
22.908
23.313
18.941
20.484
7.921
10.220
11.113
18.334
26.244
11.956
18.284
20.958
21.711
16.127
5.760
22.254
24.320
10.206
17.355
20.866
24.263
17.866
20.463
20.324
24.996
25.617
21.363
6.175
18.755
21.983
24.707
23.793
22.549
1.433
12.497
5.888
2.962
7.478
18.202
17.944
7.764
20.982
24.419
23.178
24.195
22.114
21.822
21.834
15.948
24.113
22.491
23.230
20.967
16.004
22.326
19.855
16.027
22.755
9.084
22.573
1.915
6.654
23.455
19.545
19.520
21.638
16.625
22.239
19.988
17.951
3.512
21.590
22.600
19.446
1.627
11.952
8.659
21.250
0.589
14.978
15.935
19.373
19.133
18.016
10.187
18.938
19.187
18.125
21.359
21.735
21.761
21.533
21.835
21.560
21.662
21.514
18.741
14.756
13.925
20.771
21.032
20.765
21.040
21.007
20.698
20.490
20.327
20.136
19.994
19.819
19.797
19.301
17.956
9.010
18.783
19.019
19.137
18.906
18.818
18.752
18.503
18.310
18.316
18.364
18.442
18.513
18.402
18.132
17.812
17.779
17.619
17.487
17.605
17.613
17.735
17.319
17.233
17.129
16.942
16.897
17.096
17.103
17.033
16.754
16.632
13.462
16.615
16.473
16.432
16.111
15.993
16.644
16.276
16.068
14.121
9.792
13.313
15.604
16.018
16.490
16.979
16.650
16.306
16.496
16.487
16.420
16.005
15.949
15.667
16.105
16.232
16.439
16.838
17.014
16.929
16.391
16.064
15.929
16.292
16.199
16.197
16.494
16.338
16.421
16.424
16.551
17.095
17.247
17.474
17.128
16.877
17.005
16.972
16.713
17.252
11.466
5.915
7.495
2.622
15.802
18.190
18.330
6.011
8.101
17.054
19.375
19.378
15.490
13.685
16.846
2.186
16.371
1.033
16.833
19.982
20.047
20.263
21.022
21.090
20.931
20.853
20.971
20.745
20.994
21.096
21.198
21.077
21.353
21.119
21.415
22.430
22.398
22.428
22.488
22.364
22.521
22.357
22.581
22.754
22.894
22.845
22.807
23.147
23.392
22.741
21.887
15.427
22.427
19.622
23.052
24.293
24.291
23.614
22.484
23.992
24.582
20.193
17.289
17.061
20.799
25.339
25.176
22.484
25.579
25.005
21.111
14.342
16.325
10.958
11.826
21.367
25.808
26.418
26.420
26.533
26.203
25.857
20.046
24.190
21.276
26.935
27.187
27.045
27.893
28.004
27.975
27.817
27.728
27.972
27.913
27.600
27.883
28.105
28.375
28.172
27.879
26.983
27.757
25.630
22.365
24.878
18.391
27.360
20.233
27.353
22.261
22.903
23.517
26.473
27.473
27.923
18.661
23.516
26.122
25.684
27.114
18.289
17.677
13.246
18.458
27.551
23.922
24.164
14.892
21.441
18.555
19.532
18.723
15.391
10.250
15.574
14.978
14.750
14.738
17.626
16.539
19.287
26.779
21.312
20.417
20.605
20.963
5.762
4.106
21.258
21.351
6.000
4.334
21.927
26.785
27.026
26.843
22.469
7.441
17.199
4.268
9.945
25.307
5.931
7.000
19.671
18.453
22.825
26.843
13.063
19.962
21.805
25.783
25.568
24.001
21.747
26.128
22.772
14.451
20.151
10.297
22.224
24.107
6.629
16.017
16.926
25.118
24.782
23.678
8.973
24.377
22.722
24.234
25.425
21.812
24.536
19.961
24.654
24.173
5.884
21.799
13.761
12.286
18.428
24.103
23.043
23.751
19.443
24.586
20.095
11.513
2.058
12.453
23.365
24.533
22.602
21.533
23.477
24.021
17.559
23.572
22.262
15.911
4.452
15.587
22.448
22.530
17.032
23.214
23.752
23.308
21.969
21.017
22.880
22.617
23.300
19.425
22.546
21.920
5.921
4.407
17.073
22.140
22.600
21.067
21.945
21.827
22.932
22.978
19.787
19.393
21.049
17.865
17.976
18.657
18.250
9.623
19.272
13.960
21.599
21.509
18.841
21.174
21.320
21.307
21.312
21.164
20.443
20.418
14.641
20.129
21.078
20.745
20.672
20.317
20.285
20.025
19.844
17.826
19.664
19.801
19.765
19.564
19.439
19.520
19.468
19.380
19.109
18.978
18.473
18.510
18.353
18.466
18.300
18.241
18.195
17.873
17.632
17.748
3.620
16.963
7.333
16.819
14.088
17.153
17.473
17.714
17.562
17.500
16.813
17.030
16.653
16.511
15.073
16.205
16.308
16.537
16.541
16.587
16.442
16.393
16.001
15.892
15.974
15.954
15.931
15.758
15.576
16.224
16.164
16.233
16.149
15.897
15.387
14.312
14.961
11.299
16.365
16.351
16.249
16.300
16.388
16.312
16.221
16.158
16.346
16.428
16.434
16.153
15.251
2.215
11.996
13.602
14.828
15.922
16.138
16.553
16.662
16.639
16.658
17.050
17.270
17.143
17.290
17.334
17.784
17.688
17.641
18.036
15.657
17.798
17.785
18.023
18.385
18.061
18.133
18.966
18.909
19.129
19.176
18.872
19.041
19.490
19.415
19.761
19.701
19.321
20.093
20.057
20.109
20.381
20.304
20.448
20.611
21.005
20.994
20.977
21.112
20.693
21.228
21.542
21.475
21.436
21.664
22.278
22.051
22.220
22.456
22.541
22.866
23.186
23.086
17.838
11.649
20.871
24.435
23.737
23.936
18.751
20.854
22.060
24.141
24.026
16.729
18.633
23.611
23.706
20.161
11.629
19.637
25.005
24.180
23.375
24.191
25.052
25.681
25.347
24.646
25.508
25.827
25.330
24.920
12.419
23.670
26.337
27.029
27.054
26.804
27.016
27.213
26.984
25.490
27.756
27.960
27.600
27.561
27.486
28.738
28.917
28.100
27.784
28.745
28.214
27.699
28.008
27.963
23.904
24.971
22.423
22.725
24.276
28.751
27.865
28.082
27.357
23.412
25.376
12.141
26.971
21.640
19.232
27.870
18.996
24.236
25.690
15.573
25.059
20.315
23.584
12.271
18.766
28.768
15.099
16.013
19.681
26.255
21.381
25.845
15.494
27.474
24.945
19.253
26.324
29.012
28.525
20.811
26.754
13.000
21.002
14.886
20.077
25.395
28.831
24.926
27.270
23.457
28.551
28.756
28.603
25.930
16.861
16.508
10.564
18.523
18.101
15.520
22.373
24.509
20.090
13.576
20.006
23.605
24.571
23.128
12.101
26.225
25.751
25.455
21.403
12.121
9.029
17.713
25.827
26.102
24.051
14.879
18.487
22.855
15.915
23.193
25.032
25.070
12.658
21.288
25.546
16.929
25.212
25.322
21.027
21.256
13.763
22.954
12.054
20.035
19.140
24.259
18.210
24.725
23.521
24.098
2.883
11.715
18.883
20.722
24.678
18.450
24.230
23.243
22.627
17.460
22.744
21.726
15.262
18.002
20.264
23.645
22.235
23.811
23.268
22.040
21.492
18.404
22.192
1.881
4.281
17.550
21.346
9.174
22.660
14.730
17.980
23.168
23.494
23.336
23.214
23.324
14.415
23.337
21.022
17.580
21.907
22.230
20.714
22.018
21.998
21.445
21.569
20.898
21.510
3.427
19.145
19.908
17.693
19.309
11.746
21.868
21.683
21.758
21.808
21.202
21.073
21.036
21.119
20.858
20.878
16.322
21.033
20.560
20.639
21.242
20.975
20.833
20.953
20.749
20.669
20.433
20.110
19.601
19.578
19.689
19.461
19.443
18.809
13.887
13.066
13.748
15.981
14.834
10.193
6.166
16.691
3.124
16.381
14.709
8.908
2.020
14.619
17.779
18.085
17.892
17.706
17.636
17.382
17.150
17.324
17.309
17.211
16.951
17.162
16.827
16.832
16.905
16.771
16.282
16.426
16.036
14.327
16.249
15.910
15.948
16.246
16.146
15.893
15.730
15.577
14.531
12.881
15.903
16.237
16.408
16.475
16.409
16.050
15.839
14.230
16.130
16.273
16.124
1.851
14.697
16.767
16.821
16.499
15.926
16.790
16.763
16.923
16.850
16.711
16.767
16.648
16.174
13.382
16.155
16.722
17.087
17.420
17.705
17.684
17.844
18.010
17.876
18.028
18.056
18.087
18.292
18.389
18.340
18.584
18.602
18.521
18.453
10.378
18.270
12.950
19.266
19.108
19.051
19.092
13.136
5.791
17.668
16.845
19.162
12.087
16.050
10.747
19.714
20.657
20.975
21.098
21.194
20.774
18.330
20.921
21.299
21.537
21.696
21.877
21.880
22.401
21.965
22.067
21.898
22.037
22.103
22.382
22.941
23.019
19.420
22.886
23.313
23.931
23.684
23.557
23.649
23.826
24.241
24.518
24.630
24.757
24.713
24.904
24.684
21.487
24.377
25.218
25.481
25.627
25.664
25.430
25.604
25.591
25.646
26.059
26.289
26.760
25.568
23.686
24.758
26.774
26.554
26.556
26.582
27.459
26.970
27.090
26.932
26.930
27.192
26.571
27.200
27.382
27.543
27.788
27.369
25.320
21.028
26.442
23.912
13.476
20.013
17.333
17.176
17.669
21.484
22.679
21.839
27.683
28.017
28.124
28.524
19.817
25.150
19.470
27.637
28.417
20.212
23.027
12.705
20.389
27.193
27.807
18.079
28.200
23.917
27.970
27.742
27.718
28.483
28.602
27.066
18.657
23.230
17.165
27.230
27.955
28.089
22.342
26.775
28.114
28.539
24.934
23.764
18.975
25.363
21.818
12.440
12.958
13.372
16.931
20.479
22.326
21.967
24.729
16.361
15.261
18.653
20.565
25.115
24.024
15.967
15.554
14.034
22.010
25.306
19.507
24.227
18.657
20.259
20.844
8.966
10.450
19.606
19.888
25.926
19.654
25.587
23.403
21.513
23.352
18.437
21.711
25.054
7.224
22.643
21.989
4.135
24.497
24.474
24.368
25.129
23.218
19.708
19.732
25.371
23.406
18.855
21.965
25.818
24.716
22.021
22.967
14.731
22.517
23.335
23.902
23.640
24.298
22.791
23.022
18.136
21.679
21.094
19.628
20.120
21.671
20.286
21.984
22.001
23.004
23.673
21.232
21.495
20.291
22.551
22.198
22.478
20.888
21.574
22.902
22.650
23.028
22.497
21.816
17.131
22.541
4.632
20.728
19.243
17.185
18.288
19.094
22.548
22.891
22.555
22.705
22.857
21.207
22.594
22.955
22.848
22.697
22.303
19.982
19.314
5.274
19.035
21.137
20.306
20.305
20.878
21.723
21.786
21.595
21.356
21.040
15.581
4.713
18.342
19.451
19.431
18.946
15.282
17.795
19.959
19.941
20.137
20.272
20.064
20.172
20.305
14.516
2.051
5.822
18.319
18.575
19.206
19.140
18.890
17.471
10.212
15.349
7.599
17.686
14.387
17.755
17.547
17.364
17.087
16.880
16.456
16.341
17.181
17.510
17.531
16.946
15.327
16.283
15.922
15.929
12.703
16.359
16.753
16.796
16.441
16.842
17.038
16.828
9.162
3.276
4.962
2.711
13.803
15.875
16.355
16.128
16.447
16.631
16.554
16.465
16.434
16.587
16.652
16.669
16.647
16.476
16.260
16.387
16.385
16.452
16.400
16.041
7.014
15.184
15.216
16.827
16.874
16.472
16.640
16.997
17.213
17.065
17.165
17.321
17.239
17.061
16.902
16.879
16.748
17.495
17.394
17.341
17.670
17.604
17.453
17.348
17.374
17.339
17.432
12.596
18.011
17.890
14.902
16.807
18.401
18.735
19.098
18.969
19.063
19.126
19.448
19.472
19.223
19.296
19.559
19.657
19.937
19.764
19.652
19.794
15.857
13.409
20.084
8.152
18.111
18.126
20.941
21.103
21.174
16.973
8.074
21.634
21.809
22.042
21.574
21.640
17.211
20.641
22.214
22.558
22.725
14.134
22.775
22.121
23.642
23.827
23.777
23.855
24.166
24.099
23.992
24.146
24.543
24.417
24.845
24.574
20.087
20.524
24.977
25.232
25.015
25.160
25.292
25.516
25.614
25.794
25.580
20.389
11.730
26.953
26.484
20.600
17.070
24.861
26.175
20.474
9.416
8.159
18.386
22.321
25.463
20.383
16.874
23.445
20.322
24.498
25.677
24.870
18.017
18.227
15.703
25.989
25.159
21.538
20.103
19.106
27.806
25.325
20.395
16.166
18.618
27.768
28.016
25.827
24.747
27.958
17.106
26.156
19.643
15.815
26.182
25.452
21.309
24.700
24.927
18.582
27.613
18.543
27.282
21.721
22.847
23.264
25.423
16.742
21.711
23.220
19.249
19.566
17.761
27.986
24.567
23.319
20.519
21.931
23.281
20.521
25.045
19.063
14.043
12.075
18.012
10.419
4.398
2.400
2.509
11.905
22.403
22.113
25.823
21.576
16.957
5.221
8.845
18.503
4.734
23.997
24.501
7.684
15.638
19.395
21.262
22.591
25.652
24.556
14.181
25.662
26.492
26.236
22.494
25.413
14.654
3.338
20.099
11.958
22.450
9.558
1.163
2.525
20.927
21.300
21.763
21.866
13.853
24.437
19.174
20.880
22.951
16.807
12.476
21.693
19.711
11.306
15.954
13.766
21.494
12.522
9.169
3.076
12.559
17.544
19.528
17.780
23.274
12.687
18.616
20.508
22.712
20.041
16.802
21.903
23.932
22.989
23.991
23.527
21.792
24.246
24.298
21.519
19.718
9.762
18.266
22.443
22.014
23.522
19.876
9.838
3.128
19.301
20.763
22.339
22.820
22.622
19.429
16.220
18.451
19.009
14.068
19.677
4.944
6.795
4.718
2.257
9.041
22.714
22.518
22.555
22.789
22.567
22.617
22.539
21.084
19.946
21.156
18.315
17.603
20.420
21.032
20.822
20.767
20.952
21.281
21.048
21.011
20.656
20.974
20.455
14.952
20.612
20.544
20.276
20.324
20.276
20.082
20.147
20.046
19.871
19.962
19.765
19.743
19.533
19.270
19.030
18.980
18.933
18.819
18.792
18.701
18.496
18.358
18.008
17.940
18.051
18.194
17.955
17.864
17.754
17.587
17.586
17.463
17.304
17.121
16.974
16.982
16.998
16.888
16.803
16.688
16.889
16.847
16.339
16.281
16.396
16.528
16.592
16.712
16.843
16.598
16.198
16.105
16.166
16.269
16.578
16.315
16.577
16.817
16.587
16.429
16.464
16.597
16.437
16.202
16.163
16.550
16.643
16.570
16.526
16.345
11.741
15.710
0.672
9.996
13.501
15.547
15.198
15.786
15.414
15.474
15.104
16.578
16.994
17.092
17.277
17.181
17.029
17.047
16.841
16.660
17.051
17.187
18.218
18.109
17.328
17.453
17.656
4.390
17.882
10.562
13.700
17.987
17.690
18.617
19.091
19.004
18.904
18.839
18.758
18.639
14.985
19.724
20.206
20.207
19.766
15.820
18.996
17.241
12.391
19.771
20.327
20.819
20.714
20.811
21.207
21.297
21.394
21.261
21.409
21.941
21.904
22.413
22.540
22.491
22.604
22.515
22.385
22.829
23.073
23.239
23.437
23.673
23.467
8.480
20.678
23.723
23.752
23.998
24.022
24.279
24.183
24.344
24.871
25.616
25.729
25.643
25.432
25.512
24.619
25.374
25.034
25.380
24.421
25.470
25.832
25.665
18.850
17.482
22.490
25.087
25.982
26.188
18.399
25.895
24.896
19.356
25.184
17.634
26.431
26.822
26.312
26.162
25.977
23.295
23.193
27.028
27.022
26.041
23.730
16.422
27.064
25.287
28.222
27.508
28.396
26.233
23.455
24.808
19.158
22.938
21.100
20.431
27.800
26.904
23.544
20.076
24.835
28.198
27.232
23.067
27.213
28.512
29.000
28.773
18.613
25.346
28.977
29.362
28.432
28.891
29.061
29.136
29.251
29.354
28.721
25.565
17.188
16.815
15.225
24.468
15.449
13.190
27.145
17.858
20.652
26.248
26.749
21.821
26.311
21.822
19.197
18.860
12.008
15.739
16.760
4.166
2.852
17.845
15.009
25.322
26.270
25.709
25.913
21.106
18.830
16.247
22.042
15.935
21.274
9.547
11.746
16.498
22.053
21.090
17.314
20.732
22.153
23.359
15.122
21.828
22.838
24.268
20.322
20.439
23.199
15.879
15.536
16.070
16.286
20.631
23.163
15.654
12.868
15.073
24.848
11.242
22.256
23.111
21.652
15.859
17.837
19.775
17.312
4.254
16.848
16.499
14.764
18.154
16.056
21.740
23.977
16.348
22.363
22.170
14.453
22.814
17.480
12.150
20.238
22.715
22.706
20.622
20.498
22.243
22.769
24.528
22.235
22.040
22.541
14.536
12.691
22.256
21.311
23.724
16.228
15.541
16.314
21.872
20.884
16.806
2.203
3.891
8.851
21.854
21.514
20.896
22.342
22.781
23.007
22.626
23.218
22.935
22.869
22.511
22.222
21.878
21.574
21.624
17.929
19.208
22.484
22.674
22.341
22.108
20.983
20.939
21.839
21.979
21.607
21.500
21.248
21.123
20.783
21.252
20.813
20.819
17.546
20.447
20.532
19.998
16.408
19.424
19.753
20.107
20.294
20.342
19.889
18.736
0.633
8.916
9.697
2.678
4.261
18.484
18.766
18.731
18.784
18.465
18.341
18.218
18.378
18.466
18.315
18.266
18.064
17.641
17.696
17.463
17.210
17.432
17.069
17.104
17.112
17.198
17.204
16.982
16.934
16.689
16.792
16.566
16.856
16.769
16.320
16.736
16.442
16.202
13.598
7.076
14.682
15.929
11.481
15.952
15.967
15.805
16.427
15.928
16.523
16.665
16.733
16.952
16.657
16.658
16.699
16.493
16.423
16.532
16.280
16.021
15.817
12.577
16.528
16.797
16.598
16.275
16.905
17.270
17.039
16.998
17.054
17.025
16.686
16.986
16.784
16.083
16.156
16.984
17.092
17.433
17.807
17.970
17.924
17.933
18.011
18.400
18.274
19.013
18.742
18.861
18.040
17.933
13.881
18.543
18.052
18.233
18.622
8.299
18.998
19.918
19.636
19.491
18.267
18.927
19.703
12.906
7.074
19.034
20.548
20.555
20.717
21.036
21.027
20.802
20.686
21.404
21.969
21.740
21.557
22.823
22.706
22.800
23.017
23.250
23.350
23.443
23.414
23.492
23.372
23.315
23.435
23.236
19.701
15.631
20.450
16.233
24.387
24.304
24.325
23.987
24.179
24.431
22.524
24.466
24.615
24.215
22.435
21.995
24.924
23.975
25.304
23.232
17.900
25.848
26.289
26.818
26.520
26.468
26.234
25.977
22.829
26.067
25.631
13.166
26.187
26.573
25.092
15.281
13.615
18.730
14.851
23.316
20.159
21.692
26.943
24.252
25.576
27.176
27.186
27.273
27.529
27.912
28.457
28.277
21.725
18.386
27.665
28.000
28.177
28.502
28.444
27.949
28.621
28.515
26.880
16.816
26.294
27.671
29.153
28.829
28.756
28.797
28.646
28.628
28.244
26.197
26.392
27.533
28.213
28.361
25.135
27.377
13.871
14.492
17.867
18.180
21.987
20.935
22.616
17.597
20.770
24.380
27.935
11.767
10.516
9.317
17.975
25.834
19.550
16.184
24.813
25.719
19.671
17.540
19.695
11.212
5.066
8.489
4.670
4.391
4.414
7.174
12.025
16.030
24.083
14.823
19.602
13.316
10.805
15.711
1.840
22.124
19.805
18.219
19.450
16.625
18.144
19.430
16.497
15.550
15.015
17.482
20.707
22.271
13.223
18.903
20.014
2.358
4.173
8.354
18.637
15.059
13.736
11.973
11.337
23.359
22.740
21.785
21.971
16.960
22.237
18.616
16.182
6.118
22.243
21.885
20.659
23.586
15.889
20.271
12.139
23.829
7.026
8.404
14.892
14.844
23.912
18.021
19.910
21.341
17.764
6.645
8.911
22.266
16.718
20.472
22.360
24.277
24.519
24.683
23.822
16.521
23.739
19.531
18.948
19.015
21.730
19.640
14.023
17.763
22.548
16.003
13.455
19.572
20.661
22.009
20.963
22.183
21.685
20.627
21.321
19.689
19.199
10.748
6.104
12.966
11.760
18.491
20.986
19.650
20.228
17.743
19.697
11.136
16.430
0.633
1.386
8.145
7.528
15.519
20.087
20.055
19.218
20.355
20.271
8.840
7.809
8.813
17.205
18.440
18.240
19.903
19.624
19.462
19.202
18.977
17.734
19.016
19.426
19.234
19.015
18.874
18.230
18.097
18.723
18.473
18.405
18.453
18.315
18.305
17.981
17.951
18.008
17.856
17.633
17.326
16.969
17.306
17.280
17.092
16.861
16.749
16.623
16.506
17.063
17.031
16.442
16.672
16.807
16.580
16.529
16.554
16.585
16.517
16.605
16.569
16.305
16.254
16.291
16.247
16.300
16.290
15.985
15.850
15.906
13.894
14.890
15.777
15.939
16.115
16.041
15.883
13.320
15.655
15.947
15.876
15.117
16.365
16.055
12.356
16.036
16.868
16.707
16.256
10.363
8.272
16.795
16.963
16.865
9.460
16.174
12.942
4.040
11.413
16.488
16.641
16.673
13.765
13.819
17.593
18.169
18.344
18.555
18.050
18.595
18.725
18.828
19.018
17.901
18.865
18.597
18.913
18.135
19.088
19.113
19.514
19.225
19.983
17.146
3.662
9.722
4.382
20.968
21.113
21.308
21.030
20.576
8.682
15.198
21.080
20.634
18.297
19.714
11.248
6.319
15.493
22.316
13.865
21.999
17.801
22.519
22.507
19.400
10.992
20.144
14.332
21.553
22.990
23.377
23.861
24.040
20.798
23.740
24.583
24.756
24.414
24.507
23.732
16.854
18.984
23.683
24.658
24.950
24.955
25.083
25.080
25.502
25.762
26.054
25.650
25.681
25.794
22.287
26.259
26.774
26.905
26.288
22.828
16.297
23.609
20.563
25.780
17.578
23.099
26.491
23.542
26.550
21.934
27.331
27.245
24.789
22.775
27.005
28.267
27.964
17.042
24.199
27.101
17.790
21.353
20.504
17.758
21.733
13.688
19.267
21.496
24.511
9.695
23.856
28.334
17.095
20.410
25.662
28.243
28.465
22.703
28.562
28.802
26.066
22.287
17.964
3.621
27.999
28.521
26.314
28.183
24.490
25.627
28.096
28.313
28.836
28.689
28.184
27.534
27.769
18.274
28.806
21.786
27.108
19.252
21.884
16.308
16.594
14.917
13.009
16.641
16.250
22.156
25.139
23.794
18.471
23.323
19.192
14.268
19.364
20.250
20.566
20.769
8.823
12.545
9.378
7.499
11.166
27.250
26.713
13.088
16.209
15.903
20.767
14.941
15.178
10.871
10.228
17.583
12.416
2.211
15.818
11.826
24.140
11.450
20.334
23.955
24.242
25.769
26.284
21.881
25.090
