20000101
25.961,5.256
24.194,2.981
22.923,1.337
23.720,0.203
23.946,0.887
21.705,-0.208
24.079,3.171
25.297,2.623
27.056,3.643
29.253,9.797
29.695,6.345
30.426,12.274
26.733,11.814
26.432,10.410
28.534,9.552
23.633,9.838
24.580,3.511
25.056,2.046
26.395,5.922
25.594,6.807
27.314,3.076
27.933,8.715
26.338,7.471
25.214,6.612
27.585,7.297
30.152,10.729
28.106,9.777
25.228,8.378
23.212,3.816
25.678,3.196
28.625,5.336
28.479,12.250
28.266,12.167
29.344,10.225
29.697,10.081
29.538,14.666
24.490,8.413
24.944,3.063
28.079,7.041
25.745,6.325
28.794,1.565
25.040,11.811
23.040,12.268
26.409,7.380
25.613,6.602
26.687,3.430
28.921,8.472
27.855,7.230
26.743,4.542
26.664,1.900
30.542,8.637
24.288,14.151
30.344,10.540
25.513,10.331
27.147,4.551
27.503,5.693
23.336,11.032
28.400,6.492
28.794,5.741
30.994,8.406
33.954,10.535
32.682,12.091
32.898,11.669
33.878,10.540
32.868,11.824
33.225,7.589
33.779,14.352
31.575,13.673
29.046,5.117
32.200,5.765
33.908,8.569
33.672,11.698
34.114,16.484
30.566,10.327
30.095,7.011
31.427,5.298
34.327,8.868
35.239,13.349
33.124,8.807
33.405,5.414
36.147,7.891
36.214,17.782
33.698,17.659
33.979,14.879
33.477,9.884
34.553,7.338
34.699,10.644
34.641,12.633
36.386,12.386
36.759,12.906
38.514,11.645
40.253,12.326
39.348,15.453
39.264,10.768
40.100,10.667
40.134,13.423
39.840,11.402
40.150,11.018
40.849,10.463
39.424,12.861
40.265,10.025
38.879,10.878
38.431,11.397
40.999,16.409
41.394,17.105
45.877,19.570
41.192,17.837
39.664,14.935
41.297,15.438
42.613,22.839
46.894,19.991
42.901,18.798
42.054,16.095
38.777,17.745
38.843,19.028
40.352,17.580
42.249,15.493
42.736,23.142
41.996,23.563
42.414,17.587
42.243,15.048
43.453,13.953
44.429,15.000
42.714,16.355
40.649,20.070
40.137,22.037
41.641,23.196
40.179,23.710
38.881,23.369
39.977,21.993
39.145,19.823
39.389,21.960
42.450,22.563
40.617,21.915
41.072,22.696
36.703,20.677
39.254,24.139
40.468,27.944
41.496,30.932
41.461,27.270
46.420,25.896
39.567,25.718
38.595,25.455
38.460,23.820
41.508,24.417
41.781,29.911
42.838,31.627
43.076,28.948
43.718,27.176
43.404,29.383
43.268,23.905
41.344,25.343
39.025,24.191
36.724,22.106
38.440,24.293
38.742,25.640
35.440,24.100
30.188,25.119
27.475,24.411
30.183,23.996
32.772,23.718
37.099,24.497
37.380,25.880
39.177,25.987
39.468,26.964
39.131,28.202
36.335,26.359
36.028,25.718
34.850,27.526
35.609,25.696
29.989,25.486
32.885,25.162
31.891,24.291
28.763,24.031
35.124,23.181
35.879,25.490
37.487,26.219
37.455,27.002
37.512,25.271
40.415,25.738
34.050,25.612
34.577,23.652
37.708,24.715
35.079,25.032
35.333,24.900
34.685,26.675
38.879,27.417
38.062,27.436
34.558,26.680
38.076,24.887
34.062,24.943
27.088,24.194
30.787,23.576
31.341,23.402
29.609,23.881
30.617,22.756
30.069,23.712
26.289,23.587
34.255,22.499
27.872,23.764
28.630,23.263
26.440,22.163
26.966,21.733
23.071,21.048
32.354,21.718
30.216,22.226
26.830,22.137
23.341,21.959
28.536,22.298
30.117,22.778
32.205,22.845
31.095,23.120
31.732,23.410
29.063,23.245
32.341,22.966
32.946,23.326
32.964,23.507
35.706,22.609
35.898,23.087
34.464,24.688
35.512,23.798
32.652,23.132
33.574,22.808
31.526,22.487
33.456,23.445
32.229,24.573
29.871,23.793
31.937,21.977
28.988,22.004
30.732,22.381
31.588,22.898
30.326,23.022
36.100,23.667
31.562,23.580
34.112,23.041
35.160,22.258
35.265,22.896
35.747,23.598
36.103,23.391
35.064,22.051
35.387,23.361
35.820,22.528
27.909,23.141
30.182,22.165
23.462,21.923
22.995,21.942
24.243,21.772
25.422,20.285
29.285,22.210
31.826,22.375
29.371,23.339
28.456,22.107
29.440,21.856
32.853,21.168
33.344,21.362
33.565,20.042
33.199,18.874
33.119,20.602
34.050,20.488
33.650,21.951
27.811,22.693
32.167,22.030
28.217,21.275
25.207,20.240
26.680,20.211
32.260,19.521
32.076,20.374
32.376,18.443
32.659,20.652
33.949,20.238
33.593,19.276
34.555,19.226
33.555,20.806
32.605,18.291
32.386,16.609
35.275,18.644
34.720,18.900
35.942,20.233
36.630,21.423
36.604,21.658
37.738,22.042
35.760,22.158
35.052,21.989
34.352,20.881
33.942,18.970
33.647,18.104
33.659,16.730
32.774,14.421
31.484,10.927
31.502,12.660
32.430,15.388
33.104,18.157
35.855,20.728
34.444,17.676
34.921,14.923
34.700,14.468
34.040,15.025
33.947,17.427
32.902,16.453
31.726,13.038
29.917,11.745
29.680,13.899
31.182,15.866
30.189,15.825
31.165,14.584
33.493,15.621
33.358,16.230
31.415,13.806
31.450,11.235
30.920,14.012
31.275,12.173
30.326,10.265
32.108,11.916
30.991,12.353
32.235,11.985
30.907,10.596
30.777,8.502
30.647,11.993
30.059,8.089
30.942,8.063
30.397,11.086
29.389,10.534
30.386,6.555
31.733,10.580
30.313,13.055
29.945,10.652
30.811,8.805
29.559,10.478
29.370,7.166
28.762,6.570
27.470,7.234
28.999,6.656
28.821,9.371
27.173,6.098
26.714,5.493
24.626,3.124
24.328,-0.744
24.052,0.757
23.889,-0.459
26.033,1.323
26.283,1.749
26.439,2.520
25.708,1.965
27.115,5.716
27.722,5.760
26.636,4.958
25.015,2.195
23.497,0.132
24.822,0.778
25.342,2.926
25.100,1.408
25.789,1.498
26.927,3.064
26.639,4.224
24.785,2.175
24.584,0.263
24.660,-0.653
23.588,-0.709
25.198,0.622
24.889,1.310
25.173,2.832
27.290,4.172
26.856,6.943
26.565,4.403
26.881,3.267
26.522,5.801
14.358,10.736
24.337,5.317
24.438,2.345
22.840,1.631
21.489,-0.908
23.958,-0.181
24.142,2.485
25.613,9.037
22.517,8.121
22.878,1.708
22.781,-0.538
26.372,1.953
25.620,8.850
24.155,2.423
25.631,2.094
26.991,5.282
25.514,5.497
25.973,4.473
26.306,2.042
27.470,3.993
28.945,6.170
29.057,12.047
26.018,10.164
23.129,1.440
23.890,1.763
25.383,0.532
26.215,5.254
26.746,2.054
28.914,2.175
29.884,5.779
31.959,5.924
31.462,6.630
28.813,8.619
28.225,3.502
28.989,6.824
30.376,9.632
27.745,5.236
28.227,1.686
28.907,3.147
27.342,4.731
27.946,1.678
28.119,2.439
29.854,2.662
30.681,3.498
36.395,7.754
32.870,17.033
33.216,13.486
31.684,9.424
30.049,6.075
31.397,6.939
30.879,5.887
32.812,11.639
29.986,6.980
31.184,7.669
33.890,10.688
35.064,11.569
31.075,9.566
30.991,6.361
35.918,13.130
31.290,14.029
29.712,9.387
33.151,6.724
35.085,13.029
30.284,12.788
30.504,7.590
32.806,9.758
36.541,11.442
31.839,12.248
32.751,12.085
32.737,10.401
33.049,11.537
33.452,12.007
37.787,13.482
34.924,14.156
34.662,12.405
34.370,11.742
34.367,10.131
35.411,8.936
39.460,13.302
36.645,14.909
41.442,16.789
33.376,16.950
34.715,13.048
33.467,13.836
37.320,15.626
37.388,14.953
38.604,14.552
38.602,21.367
37.930,23.014
36.442,19.970
35.324,17.715
36.895,14.584
38.799,13.906
37.955,15.282
39.525,15.015
39.280,20.428
38.645,16.745
38.100,15.250
40.901,17.845
39.687,17.819
41.884,22.242
43.600,18.047
33.960,22.516
41.060,18.759
38.551,18.409
36.603,21.634
36.805,20.019
32.800,19.163
36.073,20.719
34.987,18.998
35.177,18.037
35.949,17.158
37.796,16.668
39.729,17.166
40.579,17.672
42.917,19.315
41.569,21.271
42.093,21.763
42.698,23.443
42.005,25.479
43.255,24.575
44.347,25.606
44.254,25.306
43.664,24.055
41.030,22.776
42.560,22.122
43.651,23.822
43.482,23.119
42.941,22.987
42.860,24.652
43.260,27.007
40.631,21.561
39.645,21.816
40.428,22.274
41.387,21.069
41.357,25.029
40.117,20.335
38.070,20.951
37.842,18.222
37.171,20.345
36.096,21.605
37.622,19.972
39.283,20.126
42.194,17.455
43.922,22.459
44.283,22.177
40.418,24.010
41.394,24.397
40.579,21.448
40.136,19.142
39.207,20.581
36.955,22.091
38.226,24.801
39.944,20.787
39.592,24.477
36.513,25.957
37.740,25.560
39.447,27.113
37.732,28.163
42.054,26.240
40.045,27.533
39.479,26.078
37.080,26.168
32.983,26.177
28.224,23.886
29.761,23.477
25.548,23.240
26.765,23.058
32.316,23.190
33.620,23.890
33.861,24.123
30.730,24.447
25.963,23.075
33.709,22.860
28.568,24.111
25.441,23.438
30.599,22.594
27.864,23.645
27.392,23.046
33.267,22.792
27.664,24.204
26.535,23.970
28.109,23.199
31.669,22.692
31.730,23.657
32.220,23.374
34.828,23.926
35.109,24.088
32.638,24.264
30.293,23.271
31.349,24.412
26.228,22.696
23.771,22.519
23.069,22.519
24.855,23.112
26.081,23.007
29.126,21.879
27.513,22.166
27.947,23.325
31.924,23.540
32.589,23.234
32.131,23.331
28.631,24.041
28.675,23.893
29.686,23.272
31.001,22.614
31.343,23.134
28.282,23.148
30.844,22.915
30.793,24.277
31.485,23.616
32.091,23.517
32.414,24.001
32.938,24.256
32.582,23.382
32.787,22.815
31.872,22.564
30.962,22.792
32.468,23.249
35.872,23.253
34.106,23.459
31.055,23.945
33.552,22.693
35.523,23.401
34.256,23.941
30.721,23.571
31.523,23.506
34.088,22.932
31.253,24.005
32.401,22.886
27.784,24.036
29.409,24.116
30.435,23.964
31.994,23.535
27.730,24.665
25.237,23.975
31.123,22.678
30.291,22.758
32.399,22.914
33.316,21.578
33.686,22.020
31.029,22.796
25.356,22.860
25.937,23.154
29.869,22.985
29.157,22.880
30.043,22.697
30.651,22.359
33.437,21.824
32.285,21.297
33.142,21.442
31.138,21.838
34.033,21.797
34.371,21.729
33.202,20.832
32.758,22.320
32.143,21.288
33.577,20.628
32.277,20.502
33.625,19.427
33.335,18.484
34.243,19.845
34.694,19.410
33.901,16.045
34.339,18.970
35.810,19.243
35.895,20.756
35.259,22.245
35.903,22.182
35.095,22.698
34.976,20.417
33.600,20.943
31.183,20.934
27.575,21.891
29.970,22.765
29.452,22.647
29.078,23.257
27.149,21.824
31.597,21.139
34.107,20.572
32.532,21.538
29.979,21.837
35.132,22.081
33.661,21.956
32.148,17.140
32.278,17.625
32.673,17.781
31.530,18.202
32.617,17.317
34.083,16.936
30.834,13.971
31.356,13.014
32.066,15.771
31.490,14.880
33.106,13.296
31.925,17.351
30.655,14.720
31.414,13.832
31.665,15.497
33.301,15.802
29.483,15.879
29.664,16.459
30.823,14.547
31.286,14.786
32.714,15.460
33.470,16.928
32.598,13.961
33.376,16.940
32.410,14.289
33.948,17.281
30.353,16.341
30.168,16.317
29.164,16.355
27.887,14.525
26.528,12.285
27.315,9.469
28.103,11.428
30.715,12.608
32.105,15.019
30.792,17.458
28.006,16.813
29.980,13.138
28.021,10.221
27.993,10.366
29.032,12.930
28.701,13.571
27.714,11.021
28.391,6.164
28.479,9.539
28.455,9.192
27.059,9.710
26.409,8.365
27.933,6.595
25.813,3.993
26.128,3.482
26.417,4.936
26.422,5.503
27.113,5.680
27.668,5.319
28.128,5.543
27.014,5.875
27.982,6.448
28.351,9.809
28.223,7.524
28.892,8.309
28.248,8.756
27.414,6.534
26.551,4.962
26.380,5.578
25.759,3.802
26.464,5.132
25.102,3.829
25.274,5.720
24.349,4.902
23.264,2.652
23.291,0.515
25.283,1.418
23.769,3.660
24.705,1.777
25.951,3.297
27.327,4.289
26.267,6.818
25.674,6.445
24.179,3.372
23.515,3.037
22.467,0.175
22.731,-0.805
25.853,1.512
26.845,4.870
25.191,5.617
25.960,6.060
27.426,5.853
24.938,7.393
24.955,5.750
24.748,2.599
25.527,1.141
25.017,3.278
25.753,2.934
28.291,4.867
30.612,11.396
29.601,12.260
27.719,10.537
29.550,13.134
29.715,8.395
29.449,11.900
27.188,8.280
26.170,13.524
25.865,10.055
24.582,4.620
24.200,1.790
26.115,7.310
26.648,10.262
22.630,7.808
23.251,2.706
22.602,4.152
24.286,4.869
25.373,5.157
24.961,2.107
24.467,2.247
26.463,1.908
28.924,7.219
30.104,10.765
25.402,16.406
23.324,13.762
29.298,10.885
28.051,14.367
29.723,16.573
24.217,13.300
26.686,9.028
26.377,5.503
27.094,4.049
28.750,4.319
30.357,7.280
29.799,10.344
30.149,9.076
31.032,9.741
30.489,9.339
31.581,8.015
33.983,15.150
34.539,15.204
32.363,16.027
29.572,8.504
29.819,6.089
30.647,8.669
32.540,9.184
35.515,16.885
30.663,14.402
28.752,5.728
30.230,4.711
31.196,8.021
31.649,11.090
33.628,14.453
35.177,16.818
35.164,15.607
33.125,13.135
33.572,9.594
33.348,11.722
33.217,13.041
25.814,12.587
33.237,11.504
33.932,9.074
34.720,9.660
34.549,9.551
36.099,10.990
36.412,12.734
36.365,12.282
36.730,11.893
36.593,13.745
36.951,16.086
37.815,15.685
37.364,18.105
38.999,17.350
36.979,13.408
35.395,10.787
39.052,14.470
39.093,17.494
38.148,18.681
37.708,15.164
37.894,13.232
38.519,13.575
39.020,12.352
41.390,17.406
41.042,16.435
36.928,13.568
36.532,17.158
38.957,15.032
43.305,17.603
39.065,19.473
39.493,17.227
42.210,15.214
41.505,17.085
41.636,14.998
41.393,17.231
42.540,16.638
44.161,15.744
41.408,21.833
42.147,22.439
44.294,19.126
43.441,18.653
43.070,19.586
40.427,20.694
39.359,11.441
42.892,13.456
41.812,17.750
42.122,14.606
43.833,17.985
45.581,17.745
44.439,23.757
42.976,22.910
43.504,20.439
43.600,16.656
44.687,25.628
43.446,18.945
42.936,17.724
43.808,20.077
44.125,20.607
43.258,19.475
43.712,23.942
43.526,25.762
42.312,26.233
40.384,22.689
38.858,23.752
43.750,21.069
44.088,22.296
42.986,28.187
42.451,21.595
43.307,20.797
44.521,23.385
43.415,19.416
41.952,24.088
40.909,20.234
40.751,23.560
37.268,21.252
39.994,19.589
38.812,20.161
38.839,19.074
40.121,19.888
40.624,17.601
41.355,21.774
42.246,25.186
37.982,28.419
40.675,25.818
42.198,29.143
43.004,26.900
43.161,25.920
41.678,26.243
37.593,24.646
39.666,23.458
42.081,25.055
43.995,25.155
42.191,24.400
41.854,27.437
44.553,27.953
41.029,26.816
40.316,27.385
39.337,26.752
40.584,27.331
37.798,26.397
34.261,25.264
31.561,24.312
31.268,23.637
29.875,23.859
28.974,23.209
32.974,22.942
34.735,25.004
35.461,24.972
30.641,24.629
29.083,24.308
26.381,24.251
24.137,23.285
29.656,22.935
36.469,24.191
37.340,25.856
37.424,26.588
32.667,25.725
39.529,26.690
38.985,26.554
38.027,26.107
38.181,27.402
39.198,26.290
36.541,25.924
32.884,25.685
32.148,24.962
34.242,24.581
33.394,25.191
31.773,25.225
27.662,23.399
31.512,22.544
34.388,23.179
35.414,24.105
34.551,24.542
29.326,23.120
36.323,23.448
36.708,25.626
39.965,26.289
37.691,26.873
36.055,25.794
36.394,26.557
35.309,24.990
36.345,25.620
35.941,24.190
29.109,24.688
28.900,23.298
31.466,23.592
30.065,24.449
32.478,24.060
29.420,24.480
24.672,23.260
25.537,22.866
28.624,22.075
28.486,21.531
29.026,22.215
28.354,23.493
28.849,23.874
28.552,23.060
31.381,22.768
30.656,22.847
28.804,23.150
29.563,23.565
29.820,23.038
29.425,22.957
29.314,22.325
29.642,21.746
32.532,22.409
28.256,22.597
31.062,22.773
30.920,21.833
28.091,22.455
29.699,22.731
29.383,22.725
27.982,23.287
27.150,22.603
31.212,22.898
28.342,22.884
28.546,22.716
27.646,23.194
26.618,22.903
27.661,22.885
25.049,22.268
27.082,22.584
33.628,22.650
32.682,21.894
33.164,20.360
32.816,19.759
32.893,20.990
32.556,18.485
32.525,18.285
32.049,18.418
31.894,18.082
33.054,19.010
32.901,21.450
32.387,21.733
28.506,21.426
30.361,21.089
31.943,18.473
31.398,19.129
32.705,18.064
33.338,17.622
33.723,17.192
33.125,16.971
33.556,16.948
33.526,14.551
33.363,15.446
36.039,17.301
35.077,18.732
35.453,21.485
34.879,20.729
34.959,20.299
34.827,20.026
34.477,20.625
32.105,21.331
31.529,17.580
30.155,17.919
30.483,18.588
29.684,20.363
23.252,17.344
28.895,15.718
31.724,15.759
30.832,16.524
32.385,16.538
31.538,16.500
30.467,13.804
29.917,13.426
28.997,12.227
28.592,11.091
28.818,11.229
30.474,11.583
31.170,14.985
31.519,13.743
33.001,16.286
30.707,15.197
30.245,12.958
29.666,11.811
29.082,11.883
30.630,14.212
32.032,15.497
31.245,14.999
30.442,15.511
28.270,17.845
28.650,16.308
26.955,15.760
26.474,11.594
26.998,9.615
28.090,11.783
27.529,9.661
26.680,8.010
27.288,7.211
27.051,9.146
28.087,8.139
31.112,12.788
29.784,12.620
28.087,8.537
28.088,7.850
28.011,6.564
28.052,6.175
27.596,4.378
26.681,3.377
26.862,3.404
27.517,6.276
27.927,7.576
26.256,3.703
27.111,5.060
27.515,6.634
27.872,8.609
28.543,11.469
28.313,9.205
27.945,9.736
28.110,7.672
26.352,6.583
27.190,8.218
27.677,8.223
25.949,5.853
26.121,4.867
25.955,4.958
26.499,5.206
26.999,6.097
28.510,11.625
29.132,12.526
27.977,8.605
27.515,7.863
26.826,8.548
27.184,9.171
28.002,9.195
26.225,9.948
25.139,6.998
24.412,4.439
23.161,3.835
22.883,2.028
24.718,4.901
23.506,12.573
20.490,10.098
22.887,10.800
24.613,8.658
23.710,6.716
21.544,4.004
23.063,3.376
24.281,1.979
22.353,4.519
24.338,1.642
23.932,1.656
23.845,2.838
24.726,2.570
24.785,4.392
23.438,2.007
22.620,-0.154
22.169,-0.414
24.606,0.677
26.211,4.188
26.284,3.669
27.136,5.464
25.622,3.573
25.873,2.812
27.717,4.645
26.266,4.121
28.383,6.071
27.275,5.824
28.714,8.350
31.344,11.886
28.096,15.161
25.900,7.698
29.598,12.062
28.495,10.589
27.700,13.416
26.938,15.667
22.539,12.186
24.374,11.982
26.285,7.892
28.857,7.117
29.646,14.229
28.941,14.532
26.438,13.671
27.209,14.433
27.692,12.365
26.010,11.150
26.308,8.252
28.744,11.511
29.724,10.022
32.751,13.332
30.596,17.232
29.872,18.798
28.286,13.214
26.247,9.188
27.162,7.591
28.188,9.066
28.757,10.194
30.235,10.766
30.428,11.867
31.157,12.229
33.782,15.106
35.143,19.188
34.467,15.032
35.193,16.115
28.187,11.825
27.600,3.942
27.871,4.153
29.038,4.725
29.987,5.621
31.738,7.234
35.380,13.993
33.402,17.163
32.536,16.201
35.638,13.585
32.150,12.434
33.559,11.755
36.867,15.511
34.841,18.400
37.130,17.413
33.184,15.399
31.841,14.751
32.805,13.776
33.977,14.651
34.644,14.740
35.556,15.855
41.259,19.344
37.096,20.376
37.545,18.404
37.622,20.554
36.080,20.864
38.643,20.875
35.851,18.251
35.998,15.740
37.247,17.094
39.846,16.648
40.377,23.637
38.852,18.076
37.427,19.324
37.896,17.373
38.417,14.344
38.615,17.085
39.623,14.919
40.316,16.955
41.270,21.513
42.671,22.280
40.480,20.382
40.670,23.169
39.975,21.786
40.832,21.009
42.795,17.670
43.309,17.994
39.884,20.588
40.344,18.280
42.903,16.931
41.878,15.669
41.830,16.967
43.499,19.447
46.866,18.649
42.089,24.775
40.619,22.627
39.189,22.488
38.188,22.496
38.443,23.278
41.052,22.321
41.741,24.425
39.471,17.843
41.778,14.574
41.660,14.545
42.358,15.315
41.517,14.586
40.495,18.002
40.004,20.114
40.835,19.477
45.956,24.100
44.628,24.795
42.384,23.177
41.060,23.932
41.510,25.931
42.713,17.887
42.719,18.830
42.291,19.768
42.058,22.572
43.001,20.195
41.311,31.195
42.761,22.745
41.691,22.050
40.073,22.436
41.811,25.612
40.667,22.251
42.236,25.440
42.294,23.066
42.745,19.615
43.178,19.231
43.193,17.937
43.638,18.818
44.120,19.526
44.987,21.918
44.527,28.993
43.467,30.429
42.926,30.042
44.067,27.422
43.434,27.358
43.454,25.964
43.803,29.778
43.396,26.715
42.156,25.613
41.178,29.147
42.547,26.473
41.023,27.385
40.992,28.108
37.904,27.502
35.277,25.141
34.353,24.936
31.110,25.420
34.465,25.002
30.800,25.317
32.738,24.713
32.868,25.006
30.507,25.250
28.875,24.599
32.299,23.619
31.599,24.983
31.660,24.391
31.697,24.619
32.596,25.215
33.892,25.548
34.657,24.798
34.522,24.142
33.518,23.830
33.897,23.917
29.911,25.075
31.794,24.403
35.361,24.114
33.526,24.179
33.360,24.356
31.489,24.701
29.276,24.998
29.960,23.590
31.394,23.643
34.753,23.793
35.898,23.250
34.348,24.108
36.601,24.637
36.308,24.722
28.839,24.391
31.958,24.111
31.093,24.718
33.917,23.683
26.435,24.362
29.642,23.747
31.157,23.408
32.261,23.574
27.664,23.588
24.402,22.540
23.078,22.079
26.876,22.869
32.737,22.326
29.866,23.358
34.170,23.175
35.366,22.772
34.336,23.094
35.073,23.593
36.829,23.317
32.339,24.478
32.376,24.510
28.503,23.556
27.161,23.634
27.997,23.381
30.952,22.361
33.236,22.674
33.815,23.420
32.196,23.863
29.841,23.584
31.983,22.134
29.515,23.966
33.300,23.082
28.112,23.393
29.554,23.525
31.577,23.276
30.116,22.733
29.616,22.997
27.101,23.009
28.186,23.238
28.857,23.681
29.235,23.008
27.627,23.024
24.878,23.587
27.348,23.496
28.782,23.220
29.861,23.408
30.263,23.466
28.787,22.974
26.715,23.417
27.602,23.416
29.058,22.273
31.623,22.643
31.911,22.435
27.730,22.346
30.253,23.620
30.739,22.847
30.878,22.340
31.288,23.296
30.494,22.906
29.987,23.241
31.963,23.259
33.423,23.897
30.852,23.325
29.576,23.519
30.998,22.678
30.403,22.077
31.330,22.461
31.430,21.761
27.285,23.092
27.572,22.952
29.910,21.650
29.874,20.249
30.974,17.292
30.473,16.035
31.004,16.453
27.653,19.246
26.634,21.080
22.591,20.057
23.498,20.278
21.300,20.151
31.229,19.382
32.168,17.285
31.443,18.178
30.936,16.531
30.237,15.440
29.587,11.656
32.286,13.742
30.545,17.583
32.494,18.714
27.582,20.385
28.979,18.585
31.870,17.323
29.222,20.419
23.916,19.348
19.743,18.289
19.680,17.600
22.546,17.954
26.713,16.586
28.443,17.193
29.398,18.951
27.576,17.993
28.260,17.547
26.559,17.723
27.988,13.617
27.752,12.621
28.812,14.250
28.508,13.321
28.680,13.174
28.760,16.012
28.139,18.193
29.229,15.803
28.048,12.555
29.044,10.309
26.281,10.787
26.831,8.749
26.289,10.479
25.089,8.901
25.947,9.532
26.988,10.709
28.624,13.902
28.605,14.890
27.726,11.654
26.840,9.051
25.972,9.642
25.940,8.553
25.999,7.048
25.377,7.021
25.593,6.671
25.378,5.830
27.032,8.359
26.872,9.503
25.041,6.326
24.252,5.654
24.895,3.485
23.845,3.243
26.436,3.984
25.984,5.765
25.832,7.021
23.870,5.345
26.157,6.993
25.405,6.239
27.703,8.420
28.042,11.151
25.933,11.693
25.712,7.895
26.381,6.346
25.348,8.439
19.294,12.093
24.469,7.815
23.345,7.063
23.634,7.272
23.173,6.241
23.622,5.087
25.378,8.195
24.545,8.271
24.026,5.217
23.957,4.826
24.305,7.822
24.459,10.976
20.180,9.282
18.925,3.739
20.361,5.504
22.016,4.104
23.114,4.484
22.736,4.708
22.875,5.627
22.335,6.756
22.253,7.182
20.410,6.393
22.316,4.820
21.066,3.975
22.129,3.839
22.653,3.294
23.178,4.028
22.899,4.993
23.993,5.088
26.512,8.800
25.665,6.635
25.227,6.552
26.208,6.684
28.926,12.750
24.792,7.607
27.337,6.858
28.089,11.229
28.179,15.316
15.327,12.911
22.507,12.147
22.532,6.617
22.765,7.859
20.451,6.154
21.407,5.324
23.734,7.337
26.228,14.858
25.365,15.900
24.044,9.985
22.682,7.805
20.762,3.637
22.571,2.403
23.225,7.531
22.463,9.625
21.933,3.018
22.527,2.549
24.105,3.406
29.270,7.690
29.355,12.884
28.371,11.701
28.124,9.214
26.493,6.482
27.565,7.535
26.156,5.850
30.624,9.128
30.352,11.902
31.130,14.879
29.733,11.096
29.156,8.017
30.191,6.824
29.545,8.275
30.994,8.067
30.170,6.352
30.732,6.468
32.252,7.342
33.909,14.268
33.151,11.734
31.699,9.993
31.702,8.325
32.421,8.717
32.720,7.675
33.843,9.202
33.059,11.295
34.241,10.388
33.044,12.730
29.890,13.465
33.198,14.473
34.960,16.446
34.376,12.232
35.055,12.981
36.308,13.357
36.050,13.414
37.602,13.896
37.477,14.897
36.903,12.361
37.515,12.742
37.716,15.860
37.186,12.399
39.801,13.037
40.719,16.452
41.089,17.252
39.704,13.423
40.348,12.908
38.874,15.000
37.976,15.626
38.490,13.291
39.154,14.356
37.782,19.428
41.576,15.953
40.187,15.401
39.052,14.950
41.256,14.319
39.410,14.736
45.699,16.484
40.388,19.850
38.876,23.797
38.540,22.240
41.000,24.080
40.860,20.244
40.750,15.585
41.466,17.482
41.994,18.456
41.753,16.440
41.968,16.873
41.959,19.729
40.519,21.009
41.221,15.664
46.144,19.371
45.108,21.850
42.649,22.474
40.207,20.198
39.983,18.144
40.341,17.314
37.060,20.881
44.648,20.384
39.829,18.516
41.368,21.839
38.518,25.549
38.414,24.276
37.692,22.375
39.149,18.176
39.382,17.925
42.164,21.401
42.601,24.191
42.164,24.436
42.772,25.466
40.583,24.531
41.458,25.991
42.066,28.828
41.817,27.383
39.199,25.896
41.439,27.466
40.731,27.195
42.759,27.026
42.306,25.612
43.572,25.081
43.433,22.362
43.175,30.418
42.834,26.665
42.952,22.539
43.026,25.951
42.155,22.822
40.523,23.595
39.412,23.792
40.540,26.164
40.386,21.736
40.290,19.160
43.258,25.262
45.527,28.062
47.338,26.186
45.616,26.433
42.081,24.739
43.434,26.932
41.374,24.644
40.874,25.698
41.570,25.413
41.703,26.512
44.853,27.310
41.618,25.024
40.523,24.001
35.167,22.274
27.987,24.697
26.886,23.346
26.778,23.673
28.075,23.630
29.831,23.936
25.917,23.830
25.984,23.484
27.245,23.056
30.403,22.911
34.795,24.608
36.702,25.149
37.524,24.802
36.971,24.921
35.620,26.395
35.365,25.079
36.243,25.475
36.846,25.703
37.750,25.605
37.357,25.829
38.004,26.794
36.302,27.202
33.519,24.387
33.442,25.505
34.016,25.363
32.745,24.782
30.392,24.327
32.132,23.958
33.481,24.577
35.016,23.743
35.858,24.542
34.612,25.709
34.839,24.420
34.453,24.081
31.238,24.114
30.728,24.065
31.479,23.745
32.460,23.789
33.818,24.202
35.104,24.609
35.358,24.009
36.311,25.238
32.504,25.349
32.249,23.757
33.825,23.630
32.875,23.948
29.586,23.840
32.234,23.594
32.009,22.959
31.031,23.133
33.299,22.120
33.955,22.473
31.605,23.023
32.420,23.857
30.906,23.814
31.369,23.817
29.423,23.129
25.529,23.218
27.412,23.398
30.630,22.805
27.373,23.482
28.219,23.322
27.852,23.461
29.505,23.087
28.556,23.298
31.646,23.413
26.599,21.493
28.308,21.412
31.681,21.979
30.322,22.896
28.482,23.327
28.540,22.867
31.206,22.681
31.402,22.540
31.648,22.401
28.013,23.160
29.638,22.190
27.776,21.247
32.885,22.036
33.711,21.922
31.154,22.228
32.084,21.984
33.840,22.810
34.599,23.424
34.968,22.237
34.719,22.325
36.622,21.858
36.019,23.575
35.330,23.835
36.710,22.813
35.614,21.651
30.706,21.191
31.190,22.071
32.351,21.706
31.024,19.637
30.902,20.805
31.799,20.907
30.746,19.779
27.482,21.056
26.180,22.310
30.861,21.534
30.230,21.533
34.694,22.124
30.313,22.358
34.805,22.206
29.376,22.320
28.478,22.345
33.274,21.067
31.942,19.966
34.250,21.079
33.499,20.597
33.257,22.433
34.042,20.047
33.528,21.817
32.692,20.408
28.442,21.496
29.108,21.310
27.984,20.629
32.027,19.161
33.258,20.371
32.944,19.381
34.869,20.353
31.582,21.536
30.861,18.812
25.752,18.528
28.992,14.652
28.700,12.766
28.618,12.068
30.358,11.132
28.519,12.158
31.299,14.376
30.736,15.975
30.228,13.286
29.084,14.461
29.299,12.766
29.774,11.881
30.209,12.560
30.064,14.565
29.750,13.864
29.351,15.775
28.462,13.219
28.235,12.439
27.884,10.697
26.118,8.386
26.884,8.686
25.896,7.701
25.940,6.570
26.467,7.533
27.249,8.123
29.332,10.746
28.526,10.588
28.669,9.712
29.091,9.982
29.054,15.961
29.288,13.303
28.910,9.400
28.489,7.592
27.650,8.168
27.711,8.702
27.750,9.239
27.929,8.560
27.810,7.844
27.913,7.726
26.928,6.321
27.128,6.695
27.259,9.384
28.008,11.546
26.709,9.351
26.108,7.773
25.545,6.816
25.900,6.458
28.202,6.738
27.337,7.859
25.975,6.078
25.419,5.680
25.225,7.787
25.959,7.383
25.304,5.219
24.784,4.370
25.529,5.227
24.849,4.738
27.199,4.958
26.673,9.428
27.818,10.001
26.662,7.640
25.674,5.546
26.068,7.175
25.270,4.549
24.370,6.009
26.680,4.910
26.759,6.281
26.453,11.142
26.652,10.380
26.492,6.155
27.502,12.163
25.679,12.029
24.355,9.291
22.228,3.889
22.292,0.094
23.119,1.750
23.779,2.023
25.146,3.396
26.321,6.850
28.649,9.974
28.537,12.199
26.419,13.429
26.681,11.869
25.391,6.458
26.403,6.181
26.267,9.881
23.919,3.773
24.391,2.097
26.187,5.346
25.675,7.514
23.691,7.698
24.199,4.126
25.350,2.858
26.274,5.807
28.603,8.592
26.663,11.431
25.413,11.927
20.543,5.568
21.373,3.230
26.243,5.314
27.694,12.417
24.470,12.586
22.690,5.559
23.615,4.126
26.543,5.963
26.617,10.113
19.157,15.032
22.702,13.627
16.001,13.149
14.608,13.353
19.367,11.035
20.870,5.083
22.952,5.461
24.396,7.416
26.579,12.344
25.745,10.871
29.163,14.902
28.451,15.293
27.922,12.654
29.802,12.976
30.882,14.177
31.394,13.132
28.891,12.190
29.510,13.481
31.961,11.829
30.410,17.781
31.042,12.892
30.780,13.151
32.168,13.032
32.344,12.364
29.938,12.990
27.710,14.429
27.354,12.641
28.099,6.061
30.040,9.514
29.683,9.037
30.270,9.993
32.127,10.969
33.154,12.187
34.342,12.836
33.616,16.043
35.417,15.784
36.006,19.325
36.971,15.135
35.193,17.693
35.618,16.855
32.383,19.008
30.891,17.594
29.069,15.440
32.413,13.914
30.481,12.254
32.881,15.040
32.661,14.380
33.306,13.926
34.660,15.993
36.517,16.876
37.159,20.548
36.840,18.237
37.539,16.252
36.566,18.950
34.686,16.913
34.376,20.536
32.203,14.779
34.649,12.982
37.192,14.513
37.779,18.376
38.828,16.268
42.374,19.829
35.653,18.078
34.928,13.912
37.343,14.084
35.866,13.124
36.321,11.705
39.561,17.865
40.248,14.899
39.301,18.046
37.895,23.876
37.680,25.992
38.626,18.788
36.212,13.144
36.075,7.664
37.003,8.342
37.251,10.662
41.725,14.724
40.165,21.965
40.827,15.063
40.527,13.140
42.003,13.904
42.378,24.971
39.460,17.136
41.530,15.983
47.264,21.941
41.064,21.825
35.095,23.580
39.403,21.466
38.208,16.630
39.163,16.764
39.653,13.321
35.341,17.094
36.681,16.171
37.923,14.658
37.251,20.562
37.439,15.551
37.256,14.939
36.538,21.003
38.708,18.337
40.345,14.312
39.890,14.865
40.524,14.757
40.266,12.395
40.043,11.599
41.167,13.799
41.941,13.521
41.268,12.461
42.869,15.739
44.391,16.547
43.209,19.655
41.225,22.210
46.961,19.860
43.994,16.258
43.071,16.473
43.465,18.377
43.790,17.723
42.825,17.731
44.632,22.091
42.694,22.956
42.197,21.932
42.155,20.236
41.857,20.337
41.937,19.082
42.134,19.096
42.803,17.393
43.050,17.958
42.064,21.343
43.762,24.123
46.564,25.780
42.533,29.355
42.812,24.324
41.362,21.011
42.394,19.489
42.935,21.907
43.365,23.784
42.519,19.052
42.768,20.662
42.754,22.913
43.050,28.498
44.105,26.174
44.359,21.817
44.074,28.154
47.163,29.622
47.090,28.553
46.834,29.431
34.479,25.209
30.975,23.985
33.347,24.655
34.138,25.355
34.939,24.456
33.351,25.068
24.975,22.901
24.625,22.982
28.304,23.606
25.250,23.422
24.959,22.673
24.309,22.654
24.972,23.070
30.164,22.625
33.618,22.891
33.451,23.324
33.076,23.826
35.381,24.319
34.261,24.958
28.866,24.617
28.532,24.100
27.060,23.306
29.881,23.153
29.810,23.432
31.436,23.371
33.532,24.046
35.059,25.275
32.940,23.499
34.389,24.160
34.204,22.797
35.630,23.446
33.530,24.488
33.922,24.253
33.445,24.249
30.104,23.985
30.234,23.470
32.524,22.895
31.596,22.783
27.965,23.826
31.348,24.072
32.133,22.933
31.338,22.498
27.252,23.940
29.422,23.319
28.709,22.513
30.147,22.647
32.659,22.525
33.932,21.387
33.512,22.790
29.203,23.796
28.648,22.365
33.960,21.640
35.240,23.516
26.208,22.398
30.790,21.964
31.200,22.614
32.249,22.528
28.378,23.843
29.319,23.435
26.170,23.256
27.646,23.121
24.433,23.068
30.192,22.498
33.157,22.603
33.738,21.415
34.064,21.169
35.489,21.830
34.661,22.787
34.839,22.478
34.318,22.579
34.090,24.099
35.032,23.269
31.339,23.105
35.378,22.736
33.231,22.886
30.340,23.362
31.421,22.945
33.569,23.329
33.090,22.416
30.229,22.491
29.602,22.352
27.260,22.682
25.750,23.000
26.965,22.689
29.803,22.475
28.821,22.377
30.931,22.193
28.876,21.727
30.138,22.206
32.794,20.963
30.504,23.028
30.117,22.239
30.630,22.443
30.944,22.504
30.002,20.897
31.245,21.720
31.203,20.793
31.474,18.580
31.838,17.639
31.734,17.398
32.171,17.716
31.901,17.767
31.437,17.363
30.889,18.825
32.571,17.579
31.977,16.650
31.145,13.596
32.448,14.826
32.849,16.885
32.211,18.374
33.187,19.224
33.460,17.972
32.282,18.308
30.872,19.823
21.851,18.828
24.431,18.376
25.898,20.557
21.736,18.876
26.879,19.151
26.581,19.727
21.466,18.884
27.577,16.752
28.017,18.161
28.196,17.156
28.612,15.646
28.759,14.791
28.572,14.891
28.758,15.551
28.791,16.335
29.926,13.058
30.265,11.810
30.336,14.951
28.369,11.620
26.724,14.441
26.849,14.923
27.748,10.963
27.076,9.475
26.747,8.067
26.641,8.746
26.766,9.314
25.664,8.251
26.282,6.761
27.568,8.679
27.104,9.297
27.482,10.402
26.907,9.481
27.451,10.012
27.035,8.447
26.482,5.934
27.334,6.017
26.403,5.052
26.589,6.780
27.733,5.684
27.835,5.967
29.021,10.338
26.678,9.734
27.697,7.612
27.036,7.809
27.085,8.649
26.452,6.412
26.669,6.977
27.440,6.928
26.807,11.164
26.762,11.094
25.666,8.115
25.037,4.501
25.833,1.626
25.002,2.478
25.012,2.666
25.185,2.196
24.607,2.560
23.170,1.296
23.056,1.862
22.746,1.406
22.823,0.234
23.449,0.172
23.738,1.056
24.537,2.313
24.464,2.656
26.055,5.376
27.820,6.772
27.758,9.975
24.328,10.639
23.584,12.020
23.695,4.890
20.808,3.122
23.711,1.228
25.160,2.695
24.897,2.944
26.399,3.391
25.894,4.319
25.563,5.804
26.206,6.667
28.531,8.058
27.633,5.340
26.559,5.398
25.280,4.059
24.596,2.881
25.534,2.353
26.613,0.913
25.543,1.723
26.042,1.547
26.659,1.495
28.288,2.579
28.936,4.552
26.523,4.848
27.522,4.497
29.049,5.285
29.949,7.901
30.393,10.889
30.110,8.170
28.308,8.516
27.394,7.517
26.456,3.802
26.385,8.795
22.465,3.220
22.624,-0.807
23.543,-0.248
23.971,-0.173
25.956,1.163
26.936,3.472
29.081,4.374
29.780,5.961
30.146,4.406
30.344,4.576
29.385,4.985
27.260,5.108
28.147,5.304
30.046,7.661
28.366,4.957
29.344,4.541
29.421,6.326
28.923,6.455
29.098,6.075
30.173,6.810
31.817,8.737
32.942,11.686
33.438,13.045
32.695,12.677
32.917,8.877
33.443,9.404
33.414,9.196
33.702,11.126
34.148,8.025
34.554,10.248
34.429,10.243
35.015,8.218
34.491,9.202
35.534,11.057
35.918,10.721
34.009,11.445
33.753,15.839
30.505,11.470
33.010,14.124
31.746,14.643
35.945,13.334
37.211,12.876
38.180,16.582
33.914,16.279
37.191,15.890
22.809,17.180
24.065,16.192
25.598,15.103
29.234,14.997
33.128,17.396
32.107,18.689
28.271,15.651
29.284,15.983
29.641,12.775
30.909,11.251
32.176,12.553
34.078,17.652
31.985,13.853
31.972,12.724
35.258,14.942
37.386,20.473
37.206,17.007
35.549,15.648
34.795,17.305
37.132,16.265
33.766,13.116
35.165,12.293
36.164,14.637
38.035,17.140
38.528,17.828
37.640,19.131
37.233,16.316
38.226,16.067
42.126,16.635
40.466,17.730
42.945,20.779
40.354,21.243
40.670,20.258
40.601,18.845
42.780,19.089
45.992,22.753
42.266,24.122
33.823,23.328
31.562,20.545
36.560,19.832
34.149,17.508
35.625,18.222
37.598,19.520
37.998,22.397
37.925,21.407
39.972,19.975
42.190,25.737
42.727,23.970
40.717,20.594
40.139,22.370
38.979,22.241
39.482,18.643
43.834,23.462
43.417,22.513
43.852,23.996
43.943,26.305
42.246,24.778
43.477,22.936
42.947,23.757
43.521,23.019
42.570,24.321
41.918,24.404
41.885,25.492
43.053,26.523
42.492,27.842
42.030,24.865
41.712,23.615
37.226,21.106
34.972,19.079
43.615,22.389
40.824,26.551
38.454,20.755
38.381,20.525
37.934,22.397
39.682,21.670
39.361,22.959
40.155,22.417
39.296,25.749
37.840,25.362
40.075,26.071
43.069,26.368
41.666,30.031
41.331,29.606
42.666,30.443
41.223,28.853
35.870,27.126
37.605,26.279
36.995,24.798
26.450,24.180
31.201,23.747
28.703,24.260
35.659,23.695
40.745,26.007
36.622,27.347
37.787,29.202
40.820,26.046
39.782,26.521
39.772,25.819
38.530,26.313
38.565,27.452
40.520,24.148
42.784,25.809
42.792,26.253
39.082,26.314
33.973,26.371
36.269,25.137
36.492,26.380
37.516,25.736
38.181,26.675
36.107,26.935
34.689,26.641
34.339,25.738
32.704,25.602
34.632,25.916
33.104,25.050
28.750,24.223
29.399,24.190
27.569,23.944
30.726,24.649
29.603,24.435
29.341,24.459
25.054,23.456
23.998,22.752
27.875,22.748
32.181,23.182
30.925,23.834
26.234,23.391
30.114,22.774
31.393,23.248
31.084,23.595
32.551,23.609
29.818,23.622
28.938,22.485
28.095,23.698
27.543,23.345
28.915,23.140
33.208,21.730
32.206,23.574
33.642,23.792
28.423,23.817
28.407,23.043
27.150,22.624
26.676,23.068
32.017,23.190
29.887,23.190
26.665,23.080
30.076,23.561
24.119,22.422
29.704,21.866
30.519,22.095
30.055,22.766
30.998,23.049
29.685,22.498
35.230,22.909
32.832,23.082
33.273,22.989
30.783,23.536
34.801,22.821
34.252,22.824
31.937,23.505
24.351,22.864
27.859,23.080
31.470,22.784
32.602,23.288
29.230,23.363
26.789,23.599
26.680,22.614
27.908,22.801
27.375,22.472
26.394,22.940
29.924,21.440
29.193,21.279
27.853,22.374
27.463,22.929
25.754,21.944
31.246,20.065
32.256,20.667
32.453,21.119
31.325,22.267
30.327,21.829
31.460,23.259
32.273,23.047
29.571,22.824
33.183,22.221
33.421,20.460
32.918,22.610
33.026,22.300
35.353,22.311
35.265,23.204
34.309,23.938
32.457,23.577
33.905,23.026
30.963,23.122
33.475,22.601
29.453,22.918
23.009,21.489
25.685,20.190
23.507,20.052
26.765,20.993
30.013,20.867
27.118,20.221
31.462,19.461
32.463,18.488
31.452,21.196
29.280,22.276
34.153,22.691
33.675,21.305
33.503,21.450
32.891,21.473
34.143,19.942
34.416,20.295
33.280,18.910
32.805,18.603
33.343,16.999
32.779,18.458
33.804,18.590
32.728,16.435
33.049,16.720
32.480,17.066
32.262,17.723
33.021,17.668
33.072,15.712
33.764,18.589
32.845,18.145
29.553,17.575
31.084,14.432
31.882,16.400
33.703,16.630
31.861,16.034
32.708,14.802
32.293,15.996
33.174,17.227
31.125,17.608
22.715,18.777
28.580,15.661
29.963,16.478
29.428,18.214
31.120,19.469
24.570,18.378
24.661,18.661
28.874,16.809
29.739,14.999
30.225,13.702
32.004,16.460
27.522,16.437
28.534,16.786
28.387,12.537
28.292,13.393
28.161,12.626
28.814,11.559
28.689,10.667
28.413,9.861
28.840,11.101
28.878,11.167
29.093,10.649
28.390,11.349
28.188,11.275
27.981,9.830
29.691,10.894
28.869,13.508
26.965,10.749
27.764,13.328
28.351,7.698
27.722,8.776
28.668,8.791
27.741,12.173
25.611,7.439
25.988,5.709
26.378,6.770
27.314,6.687
28.360,9.291
29.486,9.674
29.489,12.071
30.709,12.787
28.181,13.134
27.905,11.890
28.524,14.403
24.670,9.593
24.842,4.985
25.256,3.771
25.133,5.513
25.262,4.107
25.395,4.489
24.972,4.342
25.500,3.861
27.114,10.046
28.598,10.515
26.277,8.718
25.213,7.602
25.684,5.289
25.913,4.029
26.615,5.276
27.106,8.168
24.616,8.245
23.957,3.038
23.786,2.189
25.981,3.642
26.668,5.492
24.639,4.344
24.153,4.622
23.526,3.167
24.026,1.558
24.722,2.918
24.168,3.791
24.557,4.341
25.549,4.167
26.443,3.579
26.098,5.545
25.766,7.411
25.229,4.969
24.347,2.604
25.220,1.438
26.023,5.137
25.236,4.580
24.237,1.655
25.706,4.826
26.823,3.633
28.715,7.476
25.497,5.134
25.722,1.190
26.114,2.073
27.062,3.535
30.112,5.121
31.293,6.913
31.477,9.461
29.756,9.384
31.093,12.779
29.742,11.165
29.440,9.798
29.001,8.765
30.650,8.189
30.075,14.063
29.687,8.356
29.522,8.231
31.186,13.900
28.005,8.137
30.029,11.797
29.453,16.265
27.426,14.467
27.369,14.191
18.431,14.188
20.689,11.354
22.989,8.156
25.304,9.770
24.461,10.720
24.923,9.751
25.534,9.231
25.816,8.385
26.433,7.722
28.386,8.807
30.332,10.321
32.067,16.074
28.458,14.661
29.833,13.359
31.348,12.781
32.307,15.955
32.466,23.503
28.558,16.536
28.815,10.511
30.815,10.335
29.650,9.096
29.255,7.120
29.755,9.276
31.556,9.823
33.056,17.871
32.594,17.875
34.727,18.454
33.595,18.563
29.937,17.894
31.055,18.398
28.449,14.946
29.685,9.806
30.806,11.907
33.798,13.390
34.607,14.323
35.450,17.533
38.952,20.372
37.458,21.917
36.879,18.582
35.858,17.526
35.134,13.906
33.396,13.405
35.143,11.403
35.533,12.357
36.752,13.790
40.300,14.797
42.758,17.611
39.027,16.407
39.208,17.417
38.570,15.770
37.145,14.404
37.568,13.091
38.772,15.500
40.747,17.274
41.043,21.389
38.453,21.484
37.238,15.613
38.159,15.947
40.101,18.969
39.637,21.679
39.118,21.820
38.801,22.273
40.834,22.976
40.288,24.086
37.036,24.414
44.296,22.649
44.864,25.634
40.375,25.580
38.294,23.690
40.017,24.797
39.858,22.776
41.283,25.264
42.048,26.703
41.061,26.079
40.573,22.311
40.370,23.118
44.082,24.873
41.722,22.108
42.260,22.051
42.201,23.624
41.832,24.641
41.230,22.545
41.312,23.968
36.361,23.015
36.428,22.228
38.031,22.053
39.240,24.573
41.734,25.285
42.518,26.708
40.075,22.526
39.657,24.690
39.200,24.266
40.568,25.166
39.677,24.895
39.654,24.764
38.177,24.902
39.616,23.993
40.955,25.241
37.820,26.911
41.185,24.635
41.501,22.689
43.769,24.300
41.187,27.091
40.695,25.028
40.521,23.847
41.852,24.333
40.499,21.123
40.669,22.317
42.291,22.866
43.278,22.041
43.684,25.229
42.388,25.787
40.213,25.879
41.828,28.532
41.582,24.271
41.678,28.581
43.434,29.931
43.134,29.902
41.145,27.579
42.112,28.561
40.109,28.664
35.590,28.022
34.123,27.386
34.473,24.668
36.438,26.529
37.856,27.406
35.971,27.381
37.081,26.487
35.778,26.526
36.068,24.805
34.908,25.333
33.008,24.939
33.058,24.330
33.826,25.436
31.063,25.228
35.550,25.169
26.821,24.651
29.812,24.499
28.297,24.256
32.605,22.825
35.713,24.430
30.457,24.028
29.845,23.847
27.838,23.809
24.969,23.137
25.531,21.610
26.635,21.169
31.117,21.544
35.618,23.244
36.213,24.337
29.731,23.910
29.426,24.006
28.685,24.416
26.966,24.118
26.702,24.244
31.071,23.458
31.872,24.003
33.389,23.681
35.678,22.948
31.404,23.509
32.118,22.741
31.491,23.806
26.138,23.884
30.927,23.470
30.767,23.547
27.018,24.091
31.539,23.695
32.022,23.657
30.634,23.982
29.305,24.051
29.243,23.604
31.655,24.111
33.742,23.211
28.856,23.438
28.866,23.542
26.674,23.272
30.138,23.393
31.084,23.277
33.814,23.183
33.164,24.144
29.479,23.221
24.585,23.238
26.294,23.090
27.262,21.935
23.282,20.967
28.403,21.597
28.589,22.160
30.168,21.431
25.768,22.583
30.620,23.121
34.724,22.126
29.896,23.271
33.742,22.176
33.328,22.904
33.027,23.221
31.920,23.074
29.251,23.860
32.906,22.530
34.222,23.011
33.573,24.058
30.798,24.144
31.485,23.017
35.550,23.185
33.702,24.007
28.778,24.013
32.601,22.915
25.804,23.114
29.697,22.517
24.321,22.984
27.615,22.305
32.465,22.274
32.857,21.698
33.410,21.523
33.375,21.200
29.724,22.376
31.195,21.513
30.673,23.111
33.511,23.192
24.787,23.279
31.926,21.935
29.573,23.294
28.535,21.919
22.211,20.390
26.154,20.590
26.502,21.370
28.568,22.710
23.823,22.992
27.633,22.371
26.303,22.648
28.984,21.756
29.430,21.120
30.793,21.606
26.227,22.178
28.251,22.710
29.981,22.911
28.219,22.664
31.339,19.422
31.326,18.400
30.745,18.578
30.850,15.939
30.914,16.572
31.038,15.796
30.644,13.524
30.884,13.331
32.031,16.695
32.222,20.841
29.966,20.146
30.773,16.356
30.962,16.453
30.246,15.459
31.932,12.903
32.463,15.225
31.427,15.023
31.327,15.815
32.754,14.887
30.306,14.968
30.981,14.946
30.874,14.955
31.010,14.138
31.607,15.908
28.233,18.611
25.383,18.200
30.331,15.940
31.123,16.565
30.982,12.864
30.198,12.367
29.313,12.388
30.246,12.296
32.270,13.888
30.336,12.899
30.696,13.651
31.763,13.987
28.726,11.781
28.111,8.580
28.120,9.370
26.774,10.353
28.155,9.765
27.991,9.278
29.359,12.543
28.801,15.029
27.741,11.097
26.761,8.168
25.785,4.906
26.369,6.654
26.884,9.902
29.342,11.706
29.353,10.176
27.650,8.157
26.165,6.820
26.242,7.484
26.912,7.682
27.070,9.762
27.154,10.147
25.817,7.527
26.653,8.546
25.591,6.016
25.221,8.162
26.153,8.588
25.432,7.615
24.825,6.058
25.588,8.125
27.568,11.029
29.434,12.603
28.781,10.851
28.689,11.947
25.305,9.855
26.023,8.687
24.119,5.133
24.737,2.200
25.310,3.453
26.446,4.144
25.907,5.760
26.912,7.897
25.505,6.759
25.895,5.131
25.978,7.761
26.603,6.739
26.347,6.858
26.380,6.629
25.909,4.927
25.283,3.329
25.266,0.555
25.758,0.640
27.499,4.714
28.270,6.810
27.436,9.497
27.350,8.071
28.035,7.352
27.824,6.531
28.418,6.173
28.572,6.884
28.965,10.071
27.773,7.861
25.399,7.071
25.059,3.895
25.129,3.188
25.593,4.271
26.843,2.624
27.541,6.476
30.742,5.735
29.215,12.561
27.636,7.788
26.256,8.709
28.049,9.203
21.175,13.330
17.210,11.386
15.861,11.208
21.462,10.787
21.341,5.966
21.988,4.526
20.914,7.545
19.232,11.051
20.817,8.323
19.999,1.927
22.694,0.530
25.523,6.310
26.146,11.410
27.356,15.372
20.030,14.578
27.223,16.215
18.924,15.738
22.001,12.095
22.788,5.945
24.352,5.840
23.798,7.869
22.885,2.266
23.767,1.253
25.779,3.879
26.540,6.166
27.888,9.213
28.672,7.315
29.267,7.795
26.164,8.154
27.889,8.510
30.755,10.983
33.070,13.404
32.252,15.481
30.215,10.437
27.665,7.708
29.369,7.839
28.619,7.052
30.406,7.140
31.075,7.975
31.981,8.328
34.324,14.179
33.604,10.579
33.916,10.442
34.228,10.264
34.549,14.025
36.538,14.003
35.104,16.124
33.312,11.806
34.675,14.227
35.418,13.604
33.377,16.629
34.407,16.540
33.137,14.600
35.198,17.547
34.858,12.287
38.163,14.017
36.766,20.449
37.150,23.324
37.055,16.820
40.081,13.676
38.680,21.140
37.827,20.092
40.670,18.876
36.571,19.960
36.087,15.381
37.949,12.889
37.172,19.017
37.578,20.109
36.940,19.781
40.637,16.315
34.881,17.467
36.840,16.564
38.503,17.755
34.296,18.221
32.224,18.199
33.414,16.624
33.742,13.710
36.026,15.026
36.479,17.201
37.342,17.567
42.029,20.383
44.110,23.228
41.248,19.198
43.396,23.179
41.422,22.113
39.871,21.669
39.266,16.911
39.925,15.002
39.569,14.708
39.802,14.693
40.199,15.648
40.947,17.214
41.471,17.380
46.028,18.385
44.647,21.270
42.271,16.717
42.219,20.085
43.298,16.542
44.118,21.065
43.450,18.816
41.199,19.422
41.558,19.417
41.330,24.080
43.234,19.285
40.377,17.914
43.230,17.418
39.335,20.168
39.628,15.118
40.428,21.261
39.609,20.979
39.277,16.816
39.097,19.688
40.361,20.041
40.742,17.446
40.876,18.586
40.545,21.057
41.376,23.103
41.943,22.793
41.058,21.846
40.236,18.793
36.820,20.233
38.331,23.220
37.461,22.514
36.395,21.265
39.499,21.335
41.061,24.444
40.086,20.668
42.243,20.740
41.680,20.830
42.920,19.935
40.109,25.099
42.070,24.527
42.446,26.285
38.063,25.271
38.038,25.343
37.650,26.359
34.225,25.061
34.263,24.596
38.081,24.352
33.318,25.185
34.813,24.859
33.029,24.616
30.787,24.636
33.875,24.097
32.206,24.322
29.455,23.758
25.820,23.452
24.378,22.294
30.025,22.295
32.492,20.978
24.932,22.911
25.210,22.079
28.791,22.301
31.438,22.977
32.155,24.308
34.439,24.683
33.398,25.247
25.898,23.721
28.141,22.662
27.928,23.139
29.214,23.402
31.058,23.597
28.444,23.721
27.272,23.443
32.070,23.457
29.683,23.359
31.053,22.571
32.265,23.298
27.716,24.194
28.938,24.023
29.586,23.271
30.471,23.687
32.461,22.830
32.346,23.902
31.844,24.152
31.821,23.232
33.643,23.702
31.578,24.231
32.054,24.952
28.011,24.195
31.084,23.672
32.793,23.893
27.698,23.972
30.327,23.231
30.666,23.481
31.628,23.941
32.414,23.586
31.732,23.350
26.859,23.396
29.994,23.403
33.430,23.596
29.911,24.097
30.488,23.293
34.405,24.157
34.296,24.040
35.055,23.521
32.249,24.068
29.551,24.510
26.102,23.652
29.803,24.031
27.531,24.111
27.977,23.790
29.379,23.066
32.061,23.998
30.105,23.483
30.007,23.364
29.098,23.326
30.561,23.128
31.329,23.200
29.485,22.948
23.951,21.545
25.903,20.837
31.391,20.537
30.137,20.991
33.586,22.787
36.191,23.735
35.888,23.248
32.062,23.142
29.467,23.764
32.298,23.475
32.692,23.002
32.868,23.049
27.435,23.170
31.445,23.012
35.568,22.542
34.849,23.243
34.336,23.044
33.096,21.914
33.803,22.368
33.924,21.867
33.006,22.289
32.043,23.425
32.295,21.447
29.901,22.025
33.791,22.017
34.556,23.005
30.147,23.099
31.097,23.375
24.729,22.887
24.749,23.002
27.627,22.499
32.613,21.867
32.744,22.013
30.754,22.236
31.493,21.068
31.250,20.066
31.083,19.251
31.555,19.828
32.593,19.641
32.281,20.840
31.756,19.972
33.660,21.995
35.228,20.128
36.507,21.853
33.721,22.368
29.637,22.001
34.413,22.087
34.161,21.609
34.441,21.794
33.855,19.886
34.066,20.346
34.492,20.408
35.917,19.776
33.560,17.892
33.202,16.680
36.299,18.873
35.636,19.550
34.806,21.831
33.508,17.713
32.596,18.284
33.107,14.751
33.498,15.686
32.335,15.823
32.120,15.734
31.407,14.103
30.558,15.360
29.190,13.562
28.392,13.930
29.584,13.539
31.911,14.971
30.257,12.528
29.576,11.587
31.401,12.568
29.865,12.941
29.916,12.158
30.599,9.834
33.627,14.217
29.531,12.196
29.397,10.166
32.514,14.656
29.925,16.709
30.887,13.827
29.923,12.942
31.237,14.231
31.542,13.986
28.905,11.659
29.672,14.475
29.365,11.623
20.708,12.437
31.558,12.632
26.327,15.369
29.693,12.872
32.368,16.724
27.284,12.140
27.653,7.947
27.375,6.268
25.933,4.911
25.966,3.868
26.057,5.016
26.531,7.280
27.910,8.455
27.605,8.203
27.561,7.713
29.140,9.889
27.741,9.693
26.632,6.349
26.183,4.912
25.830,5.126
25.760,4.017
26.892,5.137
30.119,10.285
29.078,12.530
28.343,7.780
29.253,8.203
30.468,9.890
30.708,14.520
27.708,9.868
25.687,7.145
27.749,8.453
27.078,3.769
27.614,5.081
28.792,5.449
28.410,7.301
26.438,10.226
27.262,9.110
24.056,11.340
24.531,4.117
23.468,2.274
25.295,1.857
25.845,4.052
26.565,5.958
25.119,3.629
26.373,5.254
26.039,5.459
25.410,4.784
25.220,5.861
27.170,7.300
27.437,6.301
28.185,9.396
19.613,9.698
26.134,14.011
26.282,13.979
27.929,12.169
27.924,11.269
25.522,10.610
25.662,9.739
26.288,9.889
27.045,9.479
25.753,9.096
26.380,7.696
26.880,7.111
27.460,7.725
28.179,8.389
26.742,9.345
25.501,6.687
27.177,4.593
28.175,7.540
30.496,7.128
31.644,9.798
32.630,10.977
31.220,11.855
29.458,9.730
28.471,7.362
29.498,7.724
28.452,8.456
27.276,6.005
27.827,5.909
28.620,5.903
29.075,6.590
32.289,11.182
31.183,12.745
30.469,10.753
28.790,8.082
29.352,8.460
30.680,10.240
31.760,14.673
27.625,10.448
28.219,5.569
30.033,7.143
30.236,8.720
31.543,9.861
30.620,8.915
31.208,8.943
30.645,7.482
32.450,9.012
31.668,8.022
32.063,8.017
33.241,9.559
34.074,12.489
33.897,10.881
32.627,10.363
32.437,10.481
31.611,8.330
31.495,7.925
33.568,8.703
34.690,10.088
35.843,11.844
35.308,11.757
34.430,10.666
36.517,10.190
35.841,11.722
37.043,12.167
32.119,15.883
33.863,13.361
33.578,7.195
34.803,9.699
35.448,14.079
32.649,11.536
38.029,16.983
35.940,18.734
35.114,15.558
36.399,16.017
36.552,19.854
35.164,17.266
35.584,13.846
34.635,16.090
36.037,14.580
35.353,14.381
37.654,17.332
34.148,12.159
39.165,18.452
37.985,15.984
37.447,18.884
35.600,16.239
35.581,13.479
36.863,13.897
38.089,17.041
38.812,18.178
41.994,17.120
37.371,15.787
38.114,17.369
33.554,19.385
35.485,18.680
34.945,19.263
36.542,14.740
37.789,13.347
38.558,14.900
38.875,17.216
40.742,17.084
43.623,17.992
39.173,18.278
39.264,18.746
40.774,20.232
41.240,20.988
41.798,20.798
40.778,24.041
40.007,15.545
38.879,12.099
40.003,12.655
40.146,14.147
40.273,12.351
42.655,17.652
44.396,17.374
43.345,17.011
43.884,18.494
45.034,17.792
43.794,20.847
45.578,18.033
43.843,23.376
41.457,20.445
40.417,16.191
41.388,15.026
43.414,15.206
45.473,20.151
41.314,21.688
38.769,19.701
39.612,21.120
41.728,21.156
44.261,23.086
42.184,25.610
42.684,23.091
40.209,24.154
41.033,25.915
42.203,24.929
41.700,26.839
43.509,27.261
40.850,24.401
40.391,24.043
32.259,19.841
39.931,17.450
42.586,24.867
41.986,24.330
42.257,23.064
40.260,24.615
39.082,24.471
37.822,24.279
39.328,26.183
39.769,27.962
40.939,28.782
41.202,29.809
39.185,27.665
41.548,27.154
42.180,25.441
41.791,23.151
43.593,26.134
41.461,23.752
41.329,28.122
42.448,26.951
40.710,30.007
40.473,26.907
40.875,26.633
41.305,26.852
40.747,22.931
41.940,22.445
43.884,27.020
42.298,24.679
44.160,25.256
43.124,23.985
43.460,25.655
39.833,27.784
40.706,27.550
40.623,27.692
36.007,27.327
33.723,25.948
31.410,25.076
31.552,25.934
31.352,25.261
32.892,24.636
28.835,24.360
32.366,23.870
33.131,24.696
31.072,25.148
31.738,24.261
31.648,23.593
33.356,23.711
30.542,24.422
30.802,24.097
34.159,24.739
33.003,23.492
27.098,23.425
29.991,24.112
31.518,23.496
31.408,23.477
31.219,23.770
28.305,24.704
29.182,24.181
31.086,23.491
27.772,23.316
33.336,22.883
33.433,22.439
32.151,24.695
28.990,24.769
32.024,23.753
32.888,22.895
29.199,24.360
33.127,24.132
33.407,23.458
34.452,23.154
36.048,25.133
35.987,25.803
35.828,26.236
36.770,25.782
35.950,24.624
34.028,25.268
31.372,24.410
30.515,24.055
33.325,24.031
32.516,24.555
33.495,24.242
27.521,24.806
29.478,24.204
30.815,23.057
32.933,22.903
31.453,23.452
30.091,23.602
30.802,23.572
28.043,22.864
30.555,22.882
33.723,22.925
32.329,22.913
29.406,23.249
28.393,21.748
28.908,22.235
29.674,22.969
32.073,22.596
35.162,23.355
31.557,23.259
29.362,23.903
32.222,23.757
34.609,23.071
31.637,22.576
30.515,21.908
23.622,22.244
23.321,21.443
29.020,20.625
29.635,22.669
26.167,21.673
32.505,20.869
31.341,20.471
33.365,20.918
32.016,21.708
32.605,21.014
33.253,19.920
33.250,19.431
34.080,19.437
30.975,22.902
35.672,22.191
35.391,22.426
36.300,22.999
35.026,23.233
30.054,22.523
31.592,21.827
31.591,20.862
34.401,21.416
30.115,22.322
32.925,22.709
32.708,21.954
31.410,22.480
25.397,22.688
28.413,21.772
28.833,21.501
29.020,22.648
29.323,22.703
28.529,22.281
29.838,19.284
31.323,19.259
31.740,18.166
33.029,15.886
30.987,16.432
31.731,16.986
32.434,17.147
30.842,16.087
30.631,15.333
31.268,16.192
31.676,15.766
30.660,15.774
32.018,15.844
31.317,14.420
29.799,12.842
29.613,11.668
30.008,9.805
30.496,9.240
31.515,9.054
29.520,9.284
30.165,8.862
30.070,8.996
30.248,11.155
30.671,14.113
30.794,11.188
31.385,13.893
30.085,13.914
33.777,15.958
30.846,16.598
33.026,16.403
33.178,15.877
30.157,16.377
33.191,17.297
29.828,19.899
28.151,19.836
30.889,19.203
24.803,20.350
32.741,18.677
27.846,19.667
25.254,18.716
18.893,16.750
24.249,15.538
23.685,10.607
23.124,5.930
22.866,5.707
23.307,5.224
23.756,5.461
23.415,5.739
24.067,7.243
25.724,6.426
24.506,7.303
24.742,6.676
24.549,6.321
25.730,5.596
24.872,6.274
25.390,7.153
25.951,6.405
25.322,6.032
24.920,6.794
25.158,7.268
26.919,9.814
26.819,12.589
25.187,10.316
25.181,9.083
25.242,10.629
26.124,7.153
27.550,11.205
27.479,11.008
28.796,11.744
27.732,11.646
26.989,12.508
28.137,13.506
24.109,9.662
24.392,9.179
24.161,6.358
22.450,5.234
22.061,2.327
22.032,5.671
22.866,8.317
23.270,10.459
23.745,7.201
23.888,7.529
24.031,5.407
14.748,8.906
20.323,7.820
21.836,2.549
21.833,2.310
21.736,2.296
22.590,5.115
21.011,4.247
21.228,2.057
24.214,4.819
24.756,6.586
23.819,4.957
23.832,7.031
24.112,4.113
25.907,7.003
21.625,12.890
24.186,12.305
24.498,6.760
22.574,7.478
23.161,6.686
23.004,3.846
22.501,2.787
22.653,3.362
23.286,1.603
24.465,2.533
24.849,3.393
27.945,5.914
26.320,9.738
26.126,7.025
25.265,4.740
26.281,5.439
25.797,5.396
25.709,5.404
25.735,5.628
26.660,9.089
25.558,11.670
26.335,9.049
24.620,8.638
26.788,5.145
27.202,5.150
28.229,6.771
30.442,7.208
29.053,15.492
23.954,15.463
32.218,14.314
32.901,12.435
30.351,11.851
28.695,12.002
31.617,13.606
23.162,16.044
29.342,12.658
28.268,7.638
28.510,7.558
29.623,6.959
28.993,5.482
30.769,7.828
31.829,10.340
31.016,12.577
30.838,9.682
30.419,10.570
31.613,9.977
33.073,13.339
33.970,11.510
33.747,11.673
34.407,13.496
35.150,13.373
34.652,16.427
34.369,12.039
34.412,13.673
34.441,13.148
34.142,12.558
34.354,12.807
34.114,14.068
34.717,14.121
34.360,12.143
35.076,11.392
36.870,12.233
39.355,14.747
39.201,18.229
36.759,16.795
35.808,14.030
37.380,14.385
39.381,13.911
40.681,15.045
39.937,14.669
39.649,14.199
41.389,16.961
39.825,17.472
39.305,19.252
39.182,18.496
38.995,15.327
39.954,15.654
39.704,19.823
39.696,22.730
41.585,19.159
42.571,16.131
40.715,13.922
40.438,14.537
41.396,12.829
40.876,12.346
41.463,15.346
41.692,14.835
41.336,21.928
42.444,18.945
43.696,18.879
42.454,19.967
43.018,17.250
42.349,14.994
47.335,21.253
47.620,19.321
46.120,18.382
42.993,24.345
42.001,24.761
41.392,24.592
41.712,20.467
42.683,17.089
42.911,17.409
41.736,17.820
47.661,14.990
45.837,21.311
44.877,22.122
47.486,19.831
42.693,22.895
39.895,19.797
41.184,19.648
42.141,22.437
40.008,24.939
39.496,23.846
43.173,24.391
43.173,24.781
41.274,25.257
41.583,22.411
42.028,22.692
43.049,23.900
42.711,23.908
44.006,22.810
44.311,24.937
42.034,26.777
44.502,21.688
46.954,26.464
46.459,27.711
43.563,27.528
32.623,25.176
36.464,25.874
42.054,23.129
43.877,22.098
43.944,26.248
44.434,25.923
44.691,24.313
43.965,22.623
43.087,25.200
43.267,25.882
43.589,25.073
42.981,22.905
42.962,19.806
43.015,23.874
42.609,26.390
39.649,27.282
40.481,26.854
40.787,27.359
41.478,25.643
41.344,27.751
40.884,28.911
41.325,22.749
42.517,25.502
45.834,27.186
46.051,26.186
41.448,27.124
43.210,28.249
39.625,29.035
33.185,25.412
38.927,25.217
39.503,26.834
42.573,27.029
39.101,26.674
37.768,28.115
41.098,27.200
40.240,28.136
37.290,27.845
37.366,27.199
39.477,26.412
38.486,26.510
40.681,27.284
37.608,28.260
37.922,26.504
35.397,25.284
32.887,25.240
32.909,24.833
32.436,24.340
32.623,24.390
34.239,23.868
33.487,24.453
36.559,23.709
35.084,26.513
30.138,24.606
28.875,24.212
28.569,23.414
29.470,23.774
32.682,24.051
34.254,23.799
33.750,24.639
36.079,24.343
35.311,26.900
34.427,24.919
35.951,25.181
33.343,24.245
31.141,24.707
26.576,24.455
29.724,23.202
29.205,23.561
26.558,23.443
30.685,22.660
34.952,23.750
32.741,24.250
30.643,23.925
31.366,23.182
31.382,23.580
31.246,22.994
32.146,22.888
32.388,23.617
31.222,23.549
30.962,23.888
31.076,21.880
36.986,21.487
35.116,24.658
36.498,23.893
37.057,23.902
30.649,24.637
32.914,23.708
29.638,24.630
32.223,24.491
34.574,23.473
33.760,24.342
32.258,24.445
31.825,24.309
32.698,23.245
29.512,23.189
28.762,23.966
31.474,23.594
30.347,23.800
32.651,23.073
33.716,22.768
35.869,23.417
34.146,23.625
32.688,23.762
28.543,23.442
31.651,23.306
30.017,23.280
30.156,23.364
34.501,22.647
32.736,23.183
33.984,23.391
30.715,23.512
32.330,22.442
31.340,22.793
30.552,23.058
33.155,23.095
33.386,23.078
29.245,23.299
29.737,22.172
25.995,23.434
31.447,21.991
28.997,23.764
29.812,22.859
30.458,21.944
28.442,22.692
31.474,22.081
31.869,20.563
32.596,20.435
32.585,20.643
32.294,19.104
32.484,19.145
32.411,20.036
32.034,18.132
32.742,17.091
34.684,16.152
35.686,18.877
36.291,21.041
32.852,22.078
26.107,20.803
32.064,19.020
29.902,20.393
27.199,20.697
28.815,19.896
31.971,17.480
32.815,17.833
32.811,18.244
31.860,14.919
31.545,15.617
31.273,15.259
28.733,18.917
23.822,21.683
31.328,19.088
28.335,20.333
31.953,20.455
29.793,21.268
26.898,21.324
29.230,20.934
30.578,18.176
31.222,18.125
30.849,15.657
29.247,12.827
28.873,13.141
29.247,11.552
30.537,11.359
30.687,13.418
20.180,15.878
21.240,14.352
27.256,14.281
27.679,15.335
28.129,13.035
27.985,11.430
28.872,13.138
29.073,14.849
31.111,17.233
30.492,20.187
25.289,18.373
28.937,16.486
28.236,15.551
29.062,12.890
29.495,14.215
29.190,14.736
32.385,16.208
31.090,15.648
32.717,16.287
31.112,16.633
27.631,14.223
27.035,10.330
27.913,7.426
29.399,9.499
29.353,11.265
30.105,15.127
29.565,15.080
30.606,14.912
28.600,16.533
28.092,15.085
26.438,10.082
26.575,8.749
25.767,10.350
24.560,8.651
24.892,4.967
23.720,8.641
22.389,11.847
18.978,12.171
19.674,16.546
20.356,15.748
24.342,14.675
24.188,10.077
21.403,8.558
23.628,7.140
22.019,8.964
22.108,3.661
22.688,3.511
22.508,4.327
23.300,4.541
22.772,3.396
21.820,3.829
21.663,2.480
22.209,3.051
24.847,6.289
25.374,10.611
23.388,5.167
24.114,5.635
23.113,4.591
23.200,4.440
25.299,5.177
22.911,11.186
27.715,12.770
21.361,8.785
20.620,1.859
20.159,2.742
19.760,1.300
19.722,0.916
21.180,-0.231
20.908,2.242
21.642,-0.155
21.733,1.060
19.931,0.788
21.509,-0.397
22.429,1.791
24.647,3.155
27.678,6.322
28.486,8.349
21.628,7.057
21.128,1.850
24.184,1.995
23.314,2.781
22.375,3.264
22.618,1.857
24.542,3.456
27.376,5.190
28.240,6.524
28.538,7.283
27.887,10.293
25.000,7.681
26.945,5.208
29.720,9.617
29.136,12.238
26.204,8.647
26.174,5.085
25.259,4.497
26.528,3.214
26.881,4.624
28.381,4.775
29.458,5.172
31.495,6.210
30.554,9.329
29.252,8.186
29.880,6.623
29.745,7.035
30.777,6.989
31.404,8.015
34.586,10.274
32.253,15.161
31.498,12.191
24.796,15.406
29.964,10.560
25.505,8.710
27.824,8.228
24.610,13.528
28.345,9.627
29.664,9.308
30.868,10.948
31.033,16.359
29.631,11.943
31.248,10.650
30.993,11.125
29.398,9.267
32.354,11.584
33.845,14.338
32.931,14.121
33.330,14.351
33.138,14.951
33.006,12.495
33.978,13.782
34.453,12.613
36.532,15.279
33.232,15.670
32.406,11.415
31.890,9.769
34.411,11.129
32.980,12.203
36.237,11.469
36.881,12.642
37.317,14.532
38.220,16.454
37.250,17.635
38.603,15.975
36.999,13.095
38.807,13.855
39.764,15.502
35.930,17.840
35.901,14.324
36.155,13.334
39.141,14.479
38.323,14.719
37.748,15.012
34.644,14.640
41.370,14.011
42.434,13.689
38.702,15.588
35.242,15.471
32.338,14.128
40.270,10.696
40.409,12.579
39.805,13.121
41.078,16.605
38.521,16.918
39.154,15.959
41.564,16.998
37.698,20.648
35.060,17.700
38.600,19.702
39.899,19.543
42.628,21.259
40.873,22.780
40.724,22.796
42.437,20.629
40.596,20.093
38.353,20.469
42.231,21.502
39.802,22.056
38.698,23.038
38.000,22.846
40.615,19.275
42.589,20.812
44.788,23.330
42.364,25.894
42.474,23.567
42.406,22.940
42.105,23.115
42.668,25.736
40.789,23.559
42.339,23.360
40.055,23.353
39.119,22.756
41.353,22.067
41.556,21.889
41.674,23.307
42.796,22.634
42.584,22.749
42.146,20.802
42.601,20.389
42.356,25.868
47.169,24.451
44.200,25.156
42.673,23.430
43.511,22.985
42.461,23.235
42.356,25.874
40.054,22.856
38.923,23.573
42.656,27.684
42.344,24.283
39.977,25.661
39.514,25.286
39.996,22.188
41.356,24.625
41.129,23.866
42.243,23.407
41.481,24.009
41.293,23.040
36.470,25.564
44.579,23.795
43.560,25.788
45.395,28.632
40.751,27.913
39.565,27.196
40.583,25.291
39.470,26.310
40.488,25.727
39.580,26.148
35.736,25.941
34.990,24.401
33.379,24.535
31.420,25.104
26.452,23.516
24.043,22.948
23.938,22.682
26.421,22.539
30.846,23.886
31.529,24.421
32.044,24.151
32.026,23.975
28.907,23.669
27.239,23.960
26.071,23.133
30.443,23.141
26.363,22.520
30.284,21.898
33.357,23.416
31.130,23.576
33.746,23.670
29.606,23.423
31.429,21.997
33.619,22.651
31.610,23.339
31.577,23.280
30.291,23.058
32.364,23.220
31.970,23.776
33.662,24.253
34.546,24.404
32.978,24.573
31.766,25.491
26.911,23.790
30.604,24.347
29.164,23.587
30.713,23.387
25.654,23.837
23.711,22.561
23.241,21.708
31.069,20.948
33.703,22.760
35.226,23.713
35.044,24.273
31.754,24.667
32.765,24.027
32.920,24.242
35.241,23.714
34.103,24.638
32.373,24.064
32.870,24.429
32.038,23.449
28.255,24.115
28.502,23.845
29.882,23.895
28.225,23.634
30.313,22.759
29.218,23.416
26.865,23.383
24.464,22.757
27.687,22.578
29.410,22.801
29.043,23.368
29.254,23.360
31.635,23.073
28.215,23.294
28.045,22.316
30.372,22.236
32.438,22.063
35.753,23.221
31.396,23.878
33.094,23.781
32.335,23.323
31.307,23.711
28.472,22.038
28.945,22.534
32.821,22.743
31.089,22.352
29.347,22.775
28.625,21.655
29.032,22.954
28.952,23.193
29.621,22.473
32.903,21.441
32.486,22.509
29.614,23.365
28.053,23.142
29.136,22.821
26.775,22.696
31.492,22.357
29.878,22.410
30.864,22.343
30.104,21.776
29.980,21.981
31.558,21.701
27.269,23.018
29.085,22.255
27.344,21.959
29.727,21.810
30.718,20.867
25.245,20.155
24.854,22.351
24.372,22.020
23.271,20.680
29.942,19.906
31.591,19.684
31.100,19.379
32.084,19.966
31.587,18.738
31.799,18.550
31.689,17.756
31.534,17.944
31.873,16.727
31.455,16.527
34.076,16.386
34.946,17.983
32.620,20.701
33.030,18.935
32.425,19.107
32.878,19.821
34.384,18.953
34.906,18.461
32.736,15.672
31.690,15.401
31.687,14.487
30.455,14.228
29.858,12.549
30.778,15.513
32.464,16.132
31.646,17.012
31.627,14.099
32.636,12.859
30.431,13.375
31.083,12.737
30.379,12.061
29.682,12.149
30.640,12.513
32.173,12.491
29.669,11.465
29.988,10.635
29.478,9.568
28.920,8.920
29.738,10.632
29.127,10.336
30.334,10.244
30.592,10.980
28.663,10.728
28.769,10.546
30.218,9.221
29.385,8.490
30.195,9.581
29.683,10.426
28.766,10.642
30.458,10.152
28.047,9.917
27.703,8.012
29.505,10.874
28.472,9.638
27.757,7.218
27.034,7.328
28.670,7.146
27.901,6.826
26.511,8.078
27.784,9.481
28.963,10.163
29.890,8.877
29.220,7.523
27.545,6.714
26.451,7.116
25.330,4.349
27.258,3.989
28.258,5.276
28.213,6.945
28.190,7.746
27.997,7.443
28.476,6.318
27.401,5.244
28.016,4.755
29.351,5.955
28.143,6.244
27.174,7.714
24.800,6.876
24.796,3.688
24.829,2.698
25.420,2.836
24.270,2.454
23.991,1.026
24.175,0.221
23.810,1.139
24.190,1.571
24.812,0.960
24.789,1.275
24.136,2.646
24.253,3.622
24.302,2.264
24.466,1.332
25.176,1.174
26.599,3.363
27.672,3.685
28.257,9.111
31.044,11.259
16.689,15.555
21.047,15.877
19.002,11.632
24.068,11.246
25.274,9.777
25.421,10.700
25.346,14.280
23.527,13.712
21.524,11.015
20.122,8.597
19.078,4.871
18.650,3.518
17.964,2.777
19.845,2.560
22.564,4.518
24.496,6.853
25.354,10.744
24.964,7.811
25.598,9.308
21.982,8.101
19.860,3.452
23.000,0.557
25.027,5.416
26.058,6.941
25.790,8.106
20.553,7.746
22.817,6.379
25.213,9.132
22.117,12.929
23.132,8.902
23.339,10.828
22.794,10.493
22.698,4.126
23.698,3.986
26.638,6.447
29.042,8.760
28.040,9.250
29.839,10.261
29.298,16.096
21.910,8.327
22.547,3.781
24.545,2.737
27.440,4.695
29.181,9.565
30.370,12.394
30.771,11.718
27.601,16.029
28.158,12.625
28.298,10.249
27.820,8.715
28.545,8.458
30.758,9.357
33.193,10.545
32.635,11.149
33.422,10.025
32.930,11.147
31.339,12.522
30.976,8.368
32.292,8.009
29.990,9.304
30.986,7.428
31.558,7.669
30.691,8.695
32.310,9.110
34.389,11.931
33.715,13.609
32.316,14.224
33.562,9.080
31.413,9.011
33.794,8.449
34.482,9.176
32.430,15.202
33.468,16.817
30.406,10.384
32.416,9.585
32.825,9.886
35.343,12.111
35.993,11.687
35.040,12.945
36.857,13.474
38.744,15.716
35.868,12.731
35.607,9.800
36.457,11.089
37.134,10.995
38.089,11.532
41.276,14.203
39.204,15.004
38.074,14.130
36.870,13.359
40.302,14.627
41.379,17.935
40.501,14.468
39.214,14.547
40.708,15.126
38.761,19.643
38.937,15.639
39.202,16.802
39.950,18.213
39.206,16.590
39.768,18.066
42.421,17.102
38.431,17.889
39.414,17.356
41.188,17.892
38.122,20.036
37.924,17.481
40.210,15.839
40.362,17.446
41.058,19.273
41.796,16.663
37.769,21.413
39.428,19.399
40.149,17.884
41.137,18.872
40.591,22.640
41.242,18.215
40.228,23.906
40.077,19.794
40.011,18.246
40.664,14.563
41.053,14.968
40.984,16.818
46.302,13.964
41.127,13.957
42.608,15.998
39.753,15.639
42.052,17.056
41.126,16.958
40.555,20.408
42.636,19.797
42.406,23.277
42.762,20.377
43.651,20.910
41.470,20.100
40.978,19.790
41.259,15.782
42.313,21.373
42.522,19.705
41.861,17.620
42.103,17.891
41.949,16.545
43.524,17.973
42.985,19.521
43.269,18.789
43.736,17.088
43.926,18.230
43.281,19.416
43.196,17.717
43.937,16.335
43.533,19.128
44.399,17.929
45.383,18.399
44.985,22.255
41.659,23.984
41.646,25.583
41.875,21.539
44.000,22.342
39.718,25.275
38.849,22.076
41.769,22.578
40.399,24.931
41.903,25.914
43.110,23.239
45.111,23.930
42.239,26.174
42.791,26.842
40.542,26.210
39.376,27.242
40.948,25.004
33.248,25.416
33.845,25.480
35.317,25.658
29.128,23.870
24.311,23.437
33.107,23.044
30.560,23.771
38.119,25.754
38.577,24.159
37.424,25.498
40.172,25.573
40.232,27.253
39.647,29.100
36.182,27.041
37.674,26.198
32.869,25.582
30.027,24.966
27.758,24.405
30.916,23.430
30.830,23.990
29.766,23.845
30.918,23.388
31.292,23.821
33.569,24.269
32.262,24.643
32.672,24.381
28.618,24.362
30.714,23.166
31.434,23.672
33.054,24.285
31.208,23.891
29.283,23.991
30.444,23.278
31.478,23.516
29.497,23.243
30.090,23.115
27.412,23.790
29.810,23.484
30.213,23.360
29.753,23.061
27.667,22.700
28.224,23.445
32.187,23.001
27.370,23.312
29.892,23.250
30.911,23.401
29.509,23.022
27.929,22.986
28.847,23.447
30.028,22.203
29.770,22.694
25.454,23.571
26.588,23.492
29.072,22.752
28.837,22.601
29.568,22.789
30.211,22.322
31.560,22.957
32.102,21.574
30.603,21.323
32.836,23.242
33.450,22.333
29.465,22.452
29.266,21.928
28.383,22.636
28.526,21.475
31.536,21.764
35.092,21.500
31.936,23.695
33.224,22.049
32.861,22.237
34.108,22.455
33.867,23.488
33.443,22.612
35.802,22.910
34.065,22.994
33.314,22.055
29.455,23.260
28.038,23.039
29.560,21.857
29.302,22.347
32.669,22.370
30.452,21.354
29.118,21.576
32.031,22.114
30.374,21.693
27.539,22.425
28.839,22.304
27.855,21.512
24.985,21.601
27.290,20.871
32.083,20.266
32.877,22.528
32.656,21.486
32.904,21.117
32.257,21.284
31.643,19.453
32.203,19.812
32.134,18.273
31.569,18.217
31.752,16.137
32.736,16.762
35.216,17.176
36.311,19.271
37.039,21.126
35.736,21.986
32.825,22.740
32.533,21.798
32.971,19.105
32.400,15.754
32.081,14.630
31.837,13.676
32.926,15.993
30.513,18.069
32.997,16.228
31.154,12.978
32.477,13.421
32.844,13.481
32.507,14.285
31.563,14.411
30.676,13.224
31.245,12.924
30.178,12.010
32.169,12.989
30.089,12.573
32.585,15.488
30.850,12.107
30.597,13.054
32.101,15.758
31.638,13.164
32.131,12.667
29.459,10.718
28.904,8.865
29.438,8.007
30.216,9.267
30.398,11.794
19.315,17.448
22.864,18.284
24.307,18.844
20.826,16.904
22.006,15.170
26.343,13.202
26.626,11.634
27.582,10.407
26.739,9.054
27.602,9.894
27.208,10.116
28.768,11.413
25.749,9.003
25.240,7.466
24.444,6.378
25.133,4.899
26.183,6.541
27.096,7.344
26.723,7.778
26.867,8.357
27.277,8.810
27.128,8.855
27.334,9.193
26.542,7.150
26.177,7.799
26.222,6.394
26.409,5.308
26.920,6.105
26.589,6.249
25.686,6.469
26.262,5.202
25.171,5.612
26.338,5.456
27.646,5.178
26.881,7.956
26.984,8.871
27.527,8.043
28.067,7.566
29.393,10.006
28.485,15.469
27.260,10.608
27.553,9.678
27.987,12.648
28.765,11.380
26.728,9.449
25.357,9.359
24.798,6.927
24.674,6.124
24.383,5.707
24.815,2.365
23.178,2.266
21.898,2.326
24.674,1.516
23.548,2.116
21.883,1.186
22.592,1.732
25.418,2.383
26.279,3.388
26.657,4.326
27.640,6.085
28.440,7.678
28.090,12.822
24.497,8.341
25.292,2.383
27.108,3.574
24.827,7.319
21.930,3.584
19.999,-1.625
21.433,-0.853
22.825,1.713
22.441,3.848
23.580,2.205
26.787,5.641
26.735,7.113
29.103,6.248
31.034,9.265
30.771,12.090
29.221,14.254
26.068,10.605
25.834,6.184
26.085,3.227
26.553,3.157
26.049,3.697
24.581,4.981
24.979,3.089
24.627,1.813
25.017,1.157
26.004,0.948
25.334,0.837
26.939,2.248
27.629,3.905
28.622,10.247
27.395,6.712
29.083,6.526
31.263,9.263
30.586,14.339
31.806,13.128
23.603,11.765
28.300,9.318
26.947,4.061
29.652,5.497
29.862,6.457
29.823,9.936
30.292,8.882
29.907,8.974
31.386,13.471
25.748,11.816
22.616,14.048
23.161,8.254
25.596,7.384
26.475,8.168
27.580,8.456
28.903,8.725
33.400,11.258
30.418,13.303
29.007,12.277
28.885,9.441
32.357,9.921
31.003,12.876
28.360,10.249
28.989,7.495
31.131,7.750
30.741,8.028
32.800,8.048
33.253,9.199
31.548,8.641
31.823,8.846
31.980,9.262
34.876,10.581
35.430,14.077
33.977,11.341
37.288,12.738
37.736,16.398
37.475,17.758
35.356,13.855
30.079,17.827
31.417,14.581
33.760,14.617
35.193,14.723
35.664,15.090
36.209,16.590
40.338,16.959
39.128,17.109
35.850,17.688
35.497,15.878
36.882,16.327
37.431,18.498
37.117,19.091
36.389,17.144
35.823,15.738
37.574,15.644
38.599,17.126
35.297,20.655
35.633,18.379
35.142,16.236
36.807,15.144
38.367,15.093
40.622,15.861
43.663,16.907
45.141,17.695
44.576,20.949
41.345,20.793
41.951,19.355
38.664,22.871
37.495,21.734
39.241,18.786
39.976,20.235
39.840,20.644
36.618,20.689
33.882,20.746
32.406,19.709
36.589,15.775
35.647,15.907
40.489,19.192
42.543,20.496
42.384,22.314
40.302,25.187
42.036,22.839
42.722,21.449
44.571,21.937
42.954,23.241
42.506,21.514
41.351,18.991
43.146,18.999
42.959,19.985
43.774,22.826
42.960,21.617
42.541,20.641
43.964,21.176
43.690,21.830
42.169,21.480
41.496,20.569
42.000,23.487
39.347,19.877
39.946,19.757
42.043,21.561
43.341,21.188
42.867,17.956
43.727,18.757
43.970,19.181
43.640,19.186
44.295,19.083
44.883,20.228
44.833,20.655
43.918,22.130
43.380,21.372
45.315,23.751
41.907,25.128
41.161,20.960
40.190,19.123
39.081,17.596
43.203,19.427
40.136,22.031
40.011,22.071
39.848,27.153
42.072,27.731
45.673,26.721
45.231,25.557
43.897,25.646
42.901,26.176
42.114,28.628
38.699,24.890
38.496,22.197
32.719,24.244
30.803,24.874
31.784,23.877
29.509,23.526
32.964,23.753
35.535,25.011
37.366,24.724
37.027,26.719
37.713,25.457
36.322,26.491
37.293,26.636
35.771,26.031
29.919,25.137
27.952,24.294
26.207,23.753
25.930,23.573
28.096,22.914
28.175,23.464
25.607,23.601
28.102,23.487
31.964,23.236
32.680,23.293
32.826,24.126
34.501,23.781
36.182,25.010
36.326,25.778
35.665,25.511
28.745,24.678
33.847,22.938
31.460,23.675
34.345,23.691
37.410,23.516
34.712,23.970
33.953,24.152
34.535,24.257
36.778,25.190
37.127,26.021
36.123,24.464
32.456,24.476
32.243,24.078
33.462,23.931
31.610,23.895
33.729,24.050
32.623,24.079
24.339,22.833
25.095,22.210
26.141,22.648
29.608,21.464
28.903,23.305
29.011,22.433
28.911,22.215
28.603,21.155
35.513,22.480
33.314,23.671
31.730,23.428
34.821,23.513
33.819,23.460
30.805,22.948
30.880,22.574
30.046,22.927
27.755,23.203
32.060,21.832
32.654,22.553
34.581,22.331
32.009,24.267
29.887,24.136
30.610,22.498
29.555,21.967
29.630,21.428
24.980,22.315
27.539,21.895
30.579,20.095
28.586,21.677
30.299,20.206
30.209,21.263
35.035,21.825
32.647,22.386
29.456,22.591
25.641,22.122
25.249,22.325
31.679,20.561
30.687,21.800
33.556,22.193
33.091,22.194
33.008,21.619
33.385,21.511
33.746,18.445
34.287,19.924
34.090,20.442
35.059,20.842
34.499,21.150
36.205,22.121
35.911,21.752
34.569,22.078
34.100,23.651
33.985,23.382
35.840,22.105
34.106,21.262
30.340,20.803
29.427,22.088
31.472,21.623
31.060,21.274
28.706,21.388
31.089,21.000
32.345,21.262
33.084,21.072
30.920,22.104
29.852,21.905
27.110,21.783
27.053,21.210
26.018,21.417
26.609,21.663
30.625,21.353
28.018,21.125
29.543,21.737
30.743,21.294
30.624,21.200
29.767,20.699
29.712,20.302
28.116,18.933
27.867,19.528
29.544,19.492
22.352,21.367
21.335,18.232
25.384,17.258
26.359,18.116
28.902,16.574
31.448,17.324
31.184,17.183
30.924,17.074
29.736,15.717
29.180,14.190
23.861,18.089
24.025,19.128
24.305,19.352
28.290,18.665
27.667,16.376
29.283,15.037
29.281,13.253
30.737,13.398
31.034,14.040
30.919,14.524
28.909,15.278
31.068,15.250
29.610,14.142
28.383,9.434
28.864,8.716
29.315,9.729
30.134,9.924
27.488,10.479
26.678,12.882
24.996,9.569
25.560,8.038
25.372,7.323
25.092,6.914
24.769,6.398
25.040,6.233
25.624,6.377
26.442,7.737
26.002,6.611
26.823,6.112
27.547,5.811
28.422,6.903
28.014,8.733
27.508,10.218
25.697,6.677
26.355,8.798
25.987,7.871
26.532,6.735
26.864,7.533
26.274,9.272
25.896,6.201
25.908,5.188
26.132,5.411
25.546,7.459
24.823,4.743
24.905,4.407
26.509,4.305
25.613,4.942
25.386,5.047
25.129,5.095
25.356,4.211
24.159,4.961
24.764,7.087
24.079,5.403
24.205,3.817
25.133,4.990
24.588,4.143
24.290,4.491
24.987,5.481
26.114,8.791
25.436,6.242
26.575,10.144
27.686,9.254
23.747,8.394
23.611,4.968
23.901,4.555
25.327,3.254
26.726,6.132
25.956,10.143
26.379,7.600
27.942,10.340
28.496,7.496
24.625,9.063
24.007,6.459
24.925,5.929
27.283,8.731
24.479,10.099
22.999,2.463
24.690,2.456
28.315,5.495
27.725,11.792
25.584,11.211
21.367,8.041
21.601,3.092
23.375,3.395
22.805,7.481
27.482,9.403
26.547,11.615
25.395,14.347
22.956,11.751
24.124,9.295
26.174,8.842
27.149,12.942
24.788,10.472
24.528,9.540
24.449,8.599
23.703,5.060
22.993,3.838
24.586,2.845
26.015,4.092
24.351,4.689
26.464,4.293
24.698,3.785
24.929,3.796
27.325,4.722
27.550,6.106
28.594,8.187
28.256,8.959
30.577,10.243
29.895,12.002
29.257,8.251
27.136,9.069
28.159,8.143
25.555,6.380
28.713,5.756
23.488,12.451
26.207,9.869
16.997,10.143
21.136,6.405
23.335,3.971
27.185,4.271
29.777,5.663
32.089,9.307
30.806,12.376
27.553,13.896
26.469,12.371
29.549,9.784
29.615,13.209
31.080,13.618
23.759,16.053
26.056,17.379
26.808,13.516
26.383,10.119
24.303,10.521
26.826,9.535
27.678,10.837
29.887,9.745
28.662,11.211
27.934,12.577
27.621,11.288
31.305,13.919
31.690,15.713
31.787,16.664
32.271,13.738
33.322,13.897
33.420,14.322
34.453,12.585
35.649,15.080
34.155,16.698
33.031,12.530
35.844,11.698
35.150,14.552
35.004,13.662
36.974,15.376
36.490,16.727
36.541,19.065
39.129,18.037
37.705,18.070
37.575,16.979
37.578,16.150
37.045,16.547
36.685,16.292
41.025,15.739
38.162,16.199
35.482,14.811
36.897,14.915
42.232,15.428
40.220,16.845
39.033,21.566
37.018,17.056
37.928,14.001
39.912,12.226
43.740,14.110
41.188,15.805
38.465,20.276
39.923,16.902
40.142,18.930
40.313,16.444
40.310,22.409
40.550,18.391
38.570,18.469
42.359,16.560
43.248,17.681
40.966,19.546
40.670,16.717
41.928,16.520
43.959,16.955
46.817,17.351
43.957,18.179
42.778,15.740
45.954,17.135
42.890,19.781
45.350,22.626
41.562,24.774
40.301,21.957
44.677,21.385
38.435,21.934
38.347,23.679
38.878,20.638
39.127,23.900
37.606,24.440
40.180,23.076
42.755,20.462
40.497,21.655
40.287,19.237
38.320,18.777
38.515,17.985
42.440,18.910
44.173,24.254
41.258,19.121
43.057,18.823
42.818,18.883
41.133,19.311
43.180,18.388
43.759,20.587
43.924,24.768
32.439,22.703
25.244,22.138
36.791,20.493
43.041,24.589
45.150,26.513
43.882,26.009
43.857,26.714
40.255,26.001
42.805,25.642
44.726,27.596
44.561,27.335
47.448,27.880
48.246,29.350
47.966,27.733
47.794,28.097
43.908,31.063
44.621,28.586
41.597,26.321
41.084,26.769
39.933,26.920
39.273,25.200
37.732,27.757
38.511,26.723
35.065,25.670
35.277,24.975
36.359,23.976
33.709,25.624
37.214,24.681
38.856,26.250
39.517,26.853
37.868,27.161
38.366,26.535
38.870,26.957
39.116,26.345
37.479,25.687
38.546,26.016
38.980,26.743
37.453,25.053
37.769,25.497
33.290,26.841
29.700,24.660
29.403,24.791
32.809,24.621
37.902,25.144
38.397,26.962
36.608,26.110
35.765,26.238
36.820,25.832
36.941,26.040
34.803,26.234
32.360,25.383
30.900,25.153
27.592,23.672
30.751,23.640
30.154,23.665
26.235,24.490
28.551,24.145
27.991,22.708
26.982,22.074
25.992,21.365
28.597,20.890
34.931,20.863
31.235,23.430
33.813,24.080
33.200,23.813
30.727,24.021
31.523,23.700
