20000101
26.590,4.603
24.649,2.959
23.595,1.089
24.357,1.092
24.712,1.186
22.611,1.882
24.733,4.111
26.093,4.024
27.513,4.231
30.149,9.415
30.507,7.036
31.906,11.272
28.417,9.450
27.175,11.248
29.958,9.045
24.432,8.293
25.043,1.987
25.818,4.767
27.252,9.043
26.582,7.417
27.801,4.314
29.341,5.534
27.354,6.754
25.832,6.556
28.628,5.641
31.008,9.823
30.022,8.328
25.957,9.073
24.343,6.362
26.584,4.759
29.609,5.416
30.247,10.660
28.998,9.665
30.954,10.362
31.009,9.622
31.141,10.963
25.142,9.367
25.503,3.433
29.695,5.211
26.686,6.843
30.309,2.133
27.855,11.474
24.781,12.760
27.438,6.040
26.424,5.585
27.514,2.628
30.208,5.905
28.722,6.287
29.471,3.264
27.905,2.441
29.935,5.916
25.747,9.582
31.350,11.922
27.623,8.884
29.658,3.367
28.642,5.158
27.039,7.628
29.512,5.604
30.074,5.249
32.179,7.960
35.349,9.825
33.656,10.945
34.312,10.401
35.680,10.665
34.047,11.402
35.330,7.452
35.712,13.778
32.964,14.337
30.299,6.043
33.362,9.985
35.109,10.392
35.193,10.339
35.254,12.895
31.503,10.736
31.522,7.713
32.746,8.743
35.806,8.388
36.509,10.380
34.302,10.126
34.784,5.695
38.638,6.807
37.987,17.440
34.783,16.073
34.901,13.064
34.314,8.349
35.520,7.478
35.718,8.642
35.924,10.944
37.867,12.171
38.148,12.698
39.770,14.018
41.479,14.831
40.359,17.530
40.141,12.658
41.338,12.525
41.196,12.261
41.029,12.479
41.228,10.538
42.101,12.166
40.498,17.926
41.978,11.527
39.818,12.364
40.518,12.323
42.657,16.259
43.168,16.858
50.309,23.676
42.722,19.262
40.995,14.259
42.545,16.405
43.746,23.947
49.513,22.330
44.131,19.980
43.279,18.169
40.281,19.073
39.745,21.171
41.838,17.851
43.491,15.464
43.822,21.019
43.191,20.845
43.640,18.192
43.606,17.097
44.871,16.346
46.238,18.742
42.206,20.650
42.080,19.042
41.403,20.925
43.086,22.232
44.857,24.188
41.215,23.213
41.520,21.944
40.680,19.256
41.748,22.596
43.926,23.620
42.576,25.946
41.670,25.237
37.554,24.265
40.272,26.825
41.763,29.519
42.779,31.807
42.170,27.169
47.672,24.361
40.261,23.306
39.749,26.457
39.190,25.325
42.551,25.347
43.161,31.122
44.207,32.982
44.273,28.325
44.651,27.996
44.923,28.270
44.039,25.201
42.368,27.228
39.736,26.485
39.149,24.255
40.302,25.411
39.449,27.019
36.491,25.641
31.797,26.167
30.492,25.601
33.035,25.086
34.759,25.148
38.821,25.947
38.695,27.300
40.626,27.001
41.025,28.362
40.447,29.111
37.574,27.865
37.017,27.177
36.002,28.655
37.456,26.948
30.614,26.482
35.283,26.212
33.948,25.428
30.966,25.117
36.481,24.139
36.910,26.386
38.860,27.551
39.180,28.539
39.159,26.134
40.464,26.514
36.076,26.859
36.393,24.932
38.425,26.203
36.633,26.817
38.320,26.398
36.675,27.505
41.784,27.484
39.312,29.668
36.545,28.300
40.539,26.590
36.164,26.337
29.553,25.205
32.580,24.387
32.783,24.527
31.266,24.794
31.869,23.557
32.817,24.386
25.596,24.222
36.439,23.117
29.214,24.596
28.716,24.210
30.056,23.370
27.715,22.920
24.750,22.017
33.858,22.726
31.999,23.578
29.372,23.033
24.872,23.402
30.927,23.314
33.071,23.501
33.118,23.879
32.403,24.200
32.642,24.381
30.577,24.171
33.994,23.864
33.827,24.666
34.588,24.509
37.167,23.910
38.083,24.536
34.959,25.679
36.428,25.241
34.117,24.179
34.710,23.697
33.626,23.674
35.235,24.490
33.932,25.854
31.693,24.819
32.916,22.865
31.064,23.122
32.151,23.329
32.722,23.403
31.941,23.526
37.309,24.386
33.490,24.399
35.594,23.859
36.507,23.418
36.587,24.039
37.367,24.505
37.474,23.838
36.662,22.991
36.621,24.048
36.980,23.694
28.354,24.165
31.518,23.007
24.368,22.634
24.287,22.940
26.848,23.229
28.276,21.562
30.797,22.960
33.236,23.108
30.275,24.216
29.889,23.105
30.464,22.800
34.118,22.207
34.815,22.823
34.899,22.322
34.627,20.025
34.424,21.395
35.321,20.790
33.888,22.734
28.753,23.594
32.971,22.803
30.297,22.034
25.646,21.137
25.962,22.220
32.122,20.299
32.858,20.396
34.150,20.211
34.469,21.664
35.428,21.355
35.301,20.286
36.176,19.807
35.391,21.404
34.064,19.150
33.511,17.404
35.367,18.206
35.494,19.312
37.860,21.147
39.220,21.157
38.426,22.400
39.603,23.198
37.540,23.112
38.157,23.552
35.497,21.209
35.221,20.347
34.942,18.740
34.909,17.120
34.176,14.514
32.732,11.753
32.824,12.722
33.362,14.053
34.894,17.925
37.197,21.212
35.780,17.869
36.175,15.839
35.759,15.521
35.808,16.074
35.576,17.308
34.091,16.476
33.068,13.555
31.185,12.167
30.654,13.956
32.201,16.293
31.378,15.788
32.382,14.970
34.702,16.004
33.877,16.073
32.960,15.705
32.792,12.552
32.806,14.165
33.615,13.138
31.513,11.287
33.899,12.596
32.314,13.015
33.606,13.058
31.965,11.353
31.910,10.406
32.522,10.934
31.951,8.812
32.391,10.768
32.333,11.840
31.497,10.663
31.681,7.297
33.255,11.537
31.565,11.439
31.220,10.163
32.801,8.860
30.673,10.268
30.478,8.820
30.038,7.408
28.187,6.436
29.708,5.985
29.682,8.035
27.847,4.840
27.521,5.067
25.486,3.682
24.801,0.932
24.511,0.251
24.736,0.277
27.123,4.964
27.431,2.608
27.119,2.981
26.533,2.834
28.213,7.665
28.549,7.140
27.300,4.695
25.478,3.374
24.526,1.634
25.868,2.983
26.317,4.776
26.158,3.242
26.720,3.137
27.945,5.123
27.980,7.464
25.781,3.523
25.160,0.865
25.109,0.242
24.232,0.169
26.243,1.469
25.553,2.219
25.771,3.135
28.089,4.426
28.074,6.074
27.084,4.313
27.811,3.237
26.402,5.120
14.372,11.244
25.374,7.146
25.215,3.196
23.480,2.088
22.083,3.043
24.554,0.403
24.931,2.859
26.257,8.313
23.230,6.534
23.509,1.292
23.589,0.152
27.046,2.260
26.183,7.750
24.862,2.190
26.135,1.557
27.571,4.794
26.015,4.553
26.465,3.968
27.037,1.786
28.315,4.470
29.861,6.845
30.351,12.125
26.942,11.986
23.969,6.065
24.941,5.722
26.484,4.565
27.270,8.609
27.610,6.410
29.613,4.581
31.028,6.735
33.135,8.671
32.013,7.257
29.531,10.402
28.739,5.398
29.162,3.808
30.870,8.162
28.501,4.589
29.057,5.640
29.899,7.516
28.262,6.036
28.726,3.856
28.781,4.244
30.810,2.572
31.616,3.412
37.192,7.848
34.558,16.781
31.959,15.155
32.918,8.688
31.227,7.368
32.312,8.306
31.832,6.841
33.794,11.034
31.074,9.525
32.365,10.293
35.037,12.318
36.109,12.411
32.245,9.491
31.882,7.041
34.037,12.539
32.271,12.452
30.969,9.483
33.769,6.925
37.017,12.124
31.733,13.433
31.914,7.689
33.775,9.435
37.449,9.346
32.937,11.715
33.968,11.456
33.775,9.510
34.074,10.703
34.530,11.515
40.856,12.076
36.141,12.095
36.000,11.516
35.408,11.315
35.541,9.826
37.206,9.528
40.593,13.367
38.757,15.694
42.666,17.490
35.180,17.083
36.010,13.173
35.174,14.119
37.998,16.360
38.263,15.050
39.807,14.940
41.143,21.607
39.569,23.692
38.073,20.550
36.869,19.349
39.104,14.267
41.410,13.433
39.344,14.137
41.551,15.748
40.710,20.541
40.260,19.293
39.841,17.603
42.620,21.044
41.002,20.704
43.898,22.711
45.107,20.682
35.834,23.951
41.280,19.128
40.154,20.069
38.056,22.310
38.010,21.011
34.146,19.589
37.374,21.756
36.403,21.550
36.548,20.609
37.314,20.369
39.208,20.414
41.363,19.594
42.313,18.869
43.619,20.784
43.098,23.628
43.511,24.687
44.392,24.907
43.797,26.262
43.898,23.793
45.291,25.809
45.035,24.894
45.159,24.286
42.105,21.793
43.411,19.564
44.914,24.120
44.638,24.130
44.268,25.099
44.317,26.197
44.547,27.954
41.562,21.658
40.573,22.170
41.415,25.397
42.492,20.830
42.672,24.764
41.484,19.985
39.688,20.758
39.781,18.420
37.917,23.341
37.436,24.061
39.328,21.382
41.025,23.808
43.628,20.818
44.920,23.023
45.265,21.464
42.006,26.761
42.619,25.000
41.729,24.579
40.931,21.186
40.843,23.577
37.923,27.348
39.492,25.227
40.864,21.755
42.711,25.352
38.463,26.867
39.984,24.458
41.723,24.270
41.410,26.760
44.279,24.164
44.818,23.453
41.202,25.816
39.098,24.810
34.955,27.517
30.025,24.768
30.833,24.199
27.328,24.417
29.945,24.186
34.295,24.649
35.110,25.239
35.666,25.188
32.253,25.625
26.730,24.099
34.732,23.631
29.459,25.373
27.134,24.486
33.036,23.615
29.403,24.847
29.850,24.104
35.118,24.234
28.871,25.419
29.556,24.984
29.031,24.080
33.692,23.793
33.283,25.024
32.406,24.614
36.149,25.054
36.569,25.856
34.194,25.502
31.285,24.209
33.200,25.258
27.183,23.876
26.113,23.542
24.564,23.789
26.906,24.034
27.951,23.900
30.552,22.683
29.303,23.199
29.335,24.221
32.991,24.134
34.003,24.418
33.087,24.480
30.252,24.817
29.632,24.756
32.432,24.151
32.427,23.732
32.349,24.271
30.356,24.345
31.785,23.983
31.525,25.365
32.413,24.144
31.829,24.477
33.826,24.867
34.629,25.248
33.910,24.016
33.914,23.817
33.691,23.406
33.191,23.779
35.414,24.134
36.884,24.101
35.961,25.244
32.705,24.965
34.045,23.365
35.990,24.199
36.144,24.546
32.557,24.680
32.428,24.258
35.789,23.575
33.541,24.768
34.294,23.800
29.105,25.032
31.508,24.899
32.921,24.836
32.961,23.685
29.341,25.245
27.335,24.902
32.246,23.426
32.319,23.887
33.790,24.090
34.731,22.753
35.223,23.303
32.114,24.075
26.905,23.686
27.682,24.088
30.679,23.800
29.395,23.504
30.573,23.553
32.617,22.993
34.869,23.367
33.820,22.480
34.575,22.747
32.319,23.192
35.328,22.556
35.750,23.320
34.696,21.845
34.090,22.408
32.392,22.342
34.194,21.917
33.792,22.147
34.865,20.653
34.685,20.062
35.450,20.483
35.946,19.560
35.217,16.534
35.571,20.317
37.160,19.649
36.546,21.262
37.957,23.098
37.442,23.122
36.047,23.245
35.886,21.521
35.309,21.449
32.618,21.620
28.077,22.359
31.520,23.462
29.800,23.034
30.855,23.858
28.564,22.496
32.230,21.739
33.596,21.176
35.048,21.846
31.856,22.701
35.951,22.770
34.301,22.644
33.892,17.966
33.639,18.720
34.257,18.951
32.612,18.105
33.806,17.795
34.954,17.764
32.224,14.709
32.711,14.358
33.210,16.999
32.511,16.093
32.555,13.329
32.171,16.570
31.721,16.142
32.648,15.857
32.244,17.053
34.105,15.931
30.684,15.469
30.862,16.235
31.911,15.219
32.407,15.997
34.751,16.688
34.677,17.235
33.703,15.557
34.609,17.610
33.445,15.070
34.870,17.879
31.326,16.678
30.734,14.583
30.289,16.319
28.865,14.820
27.370,10.781
27.975,9.219
28.704,10.489
30.692,11.824
32.593,14.404
32.230,17.316
30.939,16.325
30.835,13.789
28.572,8.924
28.519,10.309
31.112,12.426
30.111,13.743
28.870,11.900
29.369,6.955
29.303,8.973
29.748,9.862
28.960,11.101
27.586,8.441
28.625,6.324
26.735,4.666
27.079,7.207
27.534,8.653
27.434,8.375
27.928,7.480
28.682,7.719
29.503,8.158
27.846,6.793
28.759,8.257
29.089,10.912
29.206,7.264
29.518,7.969
29.693,8.268
28.215,7.259
27.311,5.409
27.281,4.882
26.435,4.841
27.251,5.382
25.966,4.511
26.073,5.837
25.112,4.820
23.981,1.687
23.811,0.976
25.109,1.645
24.160,3.231
25.287,1.939
26.457,4.115
27.614,4.327
26.904,6.479
26.639,5.172
25.066,3.456
24.481,2.785
23.108,0.816
23.252,0.119
24.921,0.834
27.016,4.182
25.777,4.778
27.499,5.898
27.424,5.414
26.231,6.145
25.768,4.355
25.388,2.998
26.396,2.327
25.981,5.857
26.678,4.424
28.762,5.141
31.328,10.700
30.429,12.454
25.846,9.409
30.951,11.561
29.131,8.020
29.688,12.154
26.819,8.905
25.256,14.701
26.929,10.436
25.342,5.189
25.001,4.407
27.827,6.823
28.662,9.455
23.163,9.957
23.262,4.981
22.991,5.701
24.295,5.474
25.443,5.039
25.560,4.492
25.241,6.478
27.123,4.484
28.738,7.191
31.215,12.424
24.820,16.221
21.944,15.859
29.761,14.857
27.841,15.122
31.325,16.987
24.645,15.052
26.446,9.921
26.455,6.915
27.180,7.455
28.775,6.681
30.922,9.529
29.888,12.196
31.418,10.699
31.888,14.359
31.239,11.396
32.462,9.952
34.654,15.310
35.517,15.697
32.640,20.246
30.260,10.611
30.688,9.163
31.306,9.499
33.353,10.790
36.741,16.529
31.351,16.511
29.318,8.404
31.060,8.170
32.064,8.661
32.329,9.495
37.880,12.839
36.513,15.948
36.181,16.558
34.418,16.012
34.312,12.282
34.666,14.257
34.333,14.470
26.222,16.432
34.325,13.393
35.397,11.732
36.012,10.811
35.938,11.709
37.848,14.157
37.814,15.448
38.425,14.535
38.137,13.787
37.803,16.136
38.186,17.811
38.840,18.593
38.702,18.983
42.079,21.791
39.579,15.414
36.981,12.739
40.144,17.587
40.589,18.566
38.064,17.587
38.985,16.758
39.059,14.263
39.787,14.033
40.856,13.229
43.691,18.358
44.009,16.576
38.416,16.604
37.877,18.055
41.657,14.504
44.637,19.024
41.474,19.668
40.519,16.015
43.643,17.955
42.587,19.047
42.811,16.694
42.575,19.406
43.925,20.328
45.331,16.441
43.179,27.253
43.888,24.588
45.011,21.598
45.523,20.721
45.681,21.793
41.721,19.166
40.703,14.031
44.586,15.948
43.068,18.862
43.225,14.403
44.811,20.051
46.480,15.913
47.906,21.861
43.750,22.361
44.795,19.441
44.795,17.306
46.860,25.724
44.805,19.784
44.301,20.530
45.175,19.946
45.557,23.338
44.583,23.647
45.249,22.666
44.467,25.744
43.765,26.333
41.083,22.116
40.190,24.070
45.033,22.033
45.646,26.003
44.389,30.134
43.798,23.237
44.760,22.912
45.773,24.209
44.675,19.888
43.180,20.450
42.063,21.572
42.183,21.000
38.143,20.030
40.683,18.093
40.021,18.621
39.638,19.421
41.651,21.713
42.187,19.651
42.648,24.510
43.379,27.137
41.449,29.161
41.968,27.176
43.536,31.046
44.568,27.900
44.403,27.957
42.426,26.543
39.397,24.891
41.280,22.034
43.805,25.301
45.491,23.209
43.543,24.414
43.212,27.017
47.089,26.181
42.369,25.195
42.283,27.924
42.859,27.398
42.059,28.875
39.878,26.827
35.444,25.031
32.907,25.214
33.606,24.848
32.563,24.580
31.945,24.214
35.042,24.474
36.694,26.351
37.042,26.462
32.764,25.793
30.283,25.440
27.268,24.945
25.077,23.987
31.029,23.687
37.549,25.609
38.953,27.337
38.752,28.208
36.630,27.463
41.863,28.485
40.757,28.459
40.465,27.544
39.742,29.140
40.527,27.495
38.075,27.469
35.173,27.314
33.923,26.554
35.775,25.659
35.478,26.437
34.984,26.251
29.529,24.205
31.405,23.581
35.757,24.070
36.887,25.431
36.534,26.102
31.250,24.305
38.386,24.585
38.604,27.541
41.680,28.378
38.429,28.189
38.784,26.378
38.312,27.771
38.573,26.281
37.747,27.692
38.671,25.522
32.563,25.947
31.789,24.546
32.878,24.984
32.594,25.539
35.826,25.144
31.215,25.446
25.742,24.044
26.096,23.609
30.221,22.712
30.576,22.356
32.456,23.215
28.783,24.056
31.532,24.495
31.266,24.363
32.907,24.012
34.314,23.581
28.666,23.912
30.522,24.265
31.327,23.772
31.663,23.766
30.231,22.887
31.564,22.612
34.212,23.425
30.048,23.702
32.191,23.214
32.112,22.485
29.601,23.076
31.916,23.557
30.742,23.380
28.929,24.319
27.386,23.170
32.757,23.385
28.933,23.564
29.573,23.429
29.446,23.340
27.609,23.937
28.373,23.531
25.473,23.254
27.531,23.254
35.415,23.076
34.038,23.056
34.834,21.674
33.377,21.241
34.059,22.572
33.802,20.757
33.767,20.421
33.354,20.178
33.150,19.650
33.873,20.118
33.970,22.167
32.465,22.639
28.840,22.376
31.398,21.940
32.920,20.155
32.163,20.536
33.699,20.270
34.422,19.661
34.948,19.479
34.180,18.736
34.621,19.339
34.745,16.786
34.598,17.070
36.816,17.871
36.479,19.287
37.562,21.956
35.729,21.367
35.179,21.125
35.738,20.850
35.592,21.295
33.578,21.944
32.339,18.582
32.760,18.469
32.362,18.835
24.374,20.842
25.162,18.133
30.444,16.988
33.540,17.523
32.154,17.678
33.867,18.036
33.315,16.734
31.697,14.686
31.437,13.999
29.812,13.100
30.197,14.014
30.036,14.407
32.350,14.216
33.072,15.741
33.712,14.894
34.241,16.509
31.762,15.705
31.757,13.923
30.938,12.477
30.086,13.928
30.228,14.801
32.944,16.126
32.753,15.441
31.212,15.714
29.512,18.188
29.242,16.509
27.732,14.858
27.459,13.051
28.226,12.414
29.131,13.610
28.913,10.899
27.852,8.906
28.278,9.441
28.073,11.790
29.399,10.889
31.063,13.365
29.942,12.962
28.933,8.920
29.213,8.704
28.647,7.443
29.025,8.130
28.289,6.972
27.492,4.754
27.780,4.498
28.164,6.366
28.595,7.154
27.073,4.769
28.142,5.935
28.801,6.079
28.888,7.740
29.535,10.119
28.957,8.494
28.843,10.082
29.098,8.190
27.101,7.333
27.811,7.938
28.415,7.406
26.188,6.279
26.759,6.038
26.814,6.889
27.171,7.378
27.904,8.582
29.321,10.771
30.234,12.506
29.071,10.572
28.661,9.993
27.936,8.719
28.117,8.978
29.195,9.341
26.790,10.151
26.030,7.531
25.232,5.507
23.935,5.474
23.414,2.530
25.440,4.776
25.359,13.016
18.927,10.243
22.130,11.038
25.339,8.863
24.384,8.041
22.223,6.507
23.023,4.258
24.449,2.203
22.665,5.176
23.666,2.316
24.156,1.799
24.445,3.137
25.086,2.381
25.289,4.853
23.992,2.323
22.931,-0.824
22.577,0.085
24.446,1.011
26.086,3.444
26.858,3.386
27.749,4.212
26.083,4.898
26.611,5.275
28.228,5.140
27.131,4.817
28.988,6.708
28.072,5.966
29.811,9.966
30.974,11.570
28.405,15.456
26.750,9.441
31.320,11.650
28.704,11.692
27.101,13.392
26.641,15.550
20.171,13.817
24.732,12.576
26.851,10.151
29.525,8.742
30.521,14.025
30.085,12.850
27.139,14.061
29.119,14.414
28.145,13.779
26.690,11.875
27.154,8.512
29.212,11.033
30.722,9.909
33.694,13.412
32.014,18.003
31.110,18.203
28.315,14.007
26.460,11.815
27.675,10.765
28.674,10.017
29.429,10.970
31.022,12.289
31.115,12.463
32.907,14.100
35.510,15.596
35.911,21.235
35.613,16.793
36.242,16.574
28.458,13.954
28.074,7.489
29.018,7.852
30.102,6.344
30.891,10.188
33.238,8.077
38.489,12.876
34.361,15.925
32.988,16.288
36.308,15.034
32.746,13.397
35.102,13.308
39.979,15.651
36.284,18.988
38.202,18.234
34.877,15.895
32.964,16.118
34.067,15.489
35.203,15.889
35.908,15.207
37.058,16.469
42.544,17.856
38.260,20.601
37.466,19.370
39.628,19.452
37.384,21.662
40.080,21.001
36.900,19.565
37.357,19.437
38.385,20.413
41.288,17.703
46.044,22.331
40.751,19.111
38.659,20.438
40.294,18.426
39.702,15.172
40.064,18.304
40.997,15.812
41.781,17.641
42.659,22.462
43.854,23.973
41.496,23.062
43.123,21.321
41.747,22.764
43.405,19.001
45.783,18.559
47.170,19.528
41.731,22.323
42.296,19.749
43.503,16.423
43.568,17.920
43.273,16.590
45.872,21.777
51.694,21.483
42.538,25.242
42.986,23.391
40.010,23.883
40.524,23.274
39.027,23.812
42.437,23.223
42.966,22.698
40.637,19.579
43.651,15.941
45.331,16.223
44.325,19.290
45.142,16.245
41.732,22.017
42.307,22.317
41.999,20.801
47.415,24.950
44.863,25.733
43.267,23.225
41.754,24.594
42.678,23.777
43.896,19.676
43.884,20.685
43.955,24.420
43.281,26.045
44.206,25.803
42.750,26.146
45.511,22.759
42.549,21.560
41.230,26.525
43.043,28.309
42.085,24.366
43.595,26.936
43.555,24.771
44.089,20.650
44.551,20.638
44.584,20.882
44.999,23.436
45.402,21.047
46.275,22.246
45.861,29.889
44.659,31.123
44.586,30.913
45.392,28.467
44.885,29.198
44.765,28.266
44.931,29.288
44.339,28.342
44.695,27.699
43.221,30.449
44.116,27.667
43.572,28.513
41.725,29.026
39.209,26.956
36.374,24.551
37.642,25.480
33.448,26.373
34.859,25.804
31.414,26.325
33.246,25.673
35.313,26.164
32.179,26.273
30.556,25.610
34.835,24.416
33.857,26.335
33.279,25.269
32.917,25.735
34.197,26.198
36.353,26.608
36.825,26.065
35.830,25.382
34.556,25.457
36.413,25.022
31.472,26.497
32.848,25.684
36.285,25.228
35.671,25.150
35.981,25.655
33.035,25.611
31.954,25.914
33.999,24.809
33.220,24.897
36.456,25.144
37.056,25.150
35.858,25.581
38.570,25.949
37.876,26.197
31.284,25.577
33.256,25.141
32.693,25.831
36.487,24.847
26.769,25.069
32.966,24.715
33.074,24.578
33.420,24.465
29.011,24.683
25.452,23.376
24.520,22.909
29.437,23.645
34.508,23.200
31.651,24.064
35.457,23.433
36.952,23.479
36.089,24.344
36.497,24.561
38.731,24.329
34.529,25.431
33.911,25.387
30.139,24.398
28.811,24.456
29.563,24.095
33.053,23.101
34.443,23.512
35.512,23.938
34.760,24.462
30.989,24.449
33.370,23.219
31.849,24.482
34.579,23.960
28.704,24.098
31.632,23.820
33.489,24.342
31.577,23.526
30.565,23.595
28.105,23.444
28.337,23.896
30.513,24.268
30.870,23.680
28.772,23.833
27.066,24.378
29.039,24.202
29.206,23.893
30.370,24.202
32.006,24.180
29.110,23.676
28.320,23.997
28.018,24.154
31.024,23.131
33.636,23.210
33.471,23.245
29.273,23.279
33.072,24.440
32.948,23.699
32.298,23.057
33.290,24.085
32.701,23.739
32.040,23.719
32.910,23.599
34.911,24.363
31.913,23.905
30.302,24.390
31.883,23.347
31.711,22.487
31.505,23.337
32.324,22.286
28.083,23.757
29.199,23.565
29.779,22.092
31.204,21.423
32.480,18.989
31.738,16.684
32.185,17.484
30.069,19.605
28.226,21.684
23.808,20.518
24.025,20.848
22.077,20.321
32.465,20.162
33.525,20.117
32.920,20.970
32.316,18.125
31.361,17.840
30.904,14.217
33.222,14.374
31.849,17.754
33.347,19.449
29.402,20.995
30.547,19.285
33.340,18.130
27.877,21.748
24.713,19.766
20.414,18.701
20.098,17.610
23.962,18.315
27.304,17.221
29.137,16.845
29.558,18.374
28.055,18.511
28.049,17.670
27.969,18.956
29.445,14.916
29.128,14.238
30.015,15.661
29.715,15.407
30.092,14.739
29.468,17.518
29.688,18.926
31.053,16.145
29.095,14.295
30.509,10.893
27.354,10.637
28.018,9.443
27.480,10.891
26.270,9.831
26.962,11.262
28.128,11.912
29.880,14.677
29.555,14.802
28.790,12.884
27.872,10.256
27.820,9.341
27.106,8.442
26.825,7.808
26.416,8.443
26.503,7.309
26.109,6.080
27.091,7.825
27.497,8.474
25.702,6.354
24.877,5.572
26.190,4.106
24.636,4.304
27.248,5.881
26.822,7.644
26.912,9.135
24.942,8.037
27.505,8.290
25.888,6.957
27.163,8.469
28.661,11.168
27.183,11.744
26.468,7.755
27.318,6.385
26.596,9.282
21.732,10.936
25.162,6.735
24.191,7.814
24.861,6.861
24.409,5.556
24.628,4.699
26.796,7.207
25.580,7.711
25.049,5.854
25.135,4.713
24.928,7.285
25.237,9.605
20.346,10.145
19.632,6.032
20.887,4.838
22.696,4.967
23.761,4.486
23.316,4.825
23.295,4.953
22.534,5.191
22.405,6.466
20.503,5.852
22.646,5.031
21.924,4.475
22.845,5.090
23.325,3.905
23.929,5.243
23.592,5.741
24.808,6.924
27.604,8.778
26.599,7.309
25.764,6.884
26.727,7.696
30.091,11.619
25.590,9.650
27.792,6.081
29.571,11.383
27.120,14.772
16.039,13.553
23.345,12.384
23.634,7.425
23.975,8.509
21.340,6.008
22.194,6.248
23.908,6.978
28.249,13.902
25.947,16.076
24.638,10.339
23.176,7.573
21.643,7.057
23.386,4.616
25.512,6.205
23.267,10.339
22.843,5.199
23.457,3.684
24.730,4.367
30.553,7.986
30.330,11.165
29.241,11.365
29.000,9.894
27.608,7.947
28.524,9.144
26.809,6.557
29.924,8.187
32.002,12.001
32.378,12.950
30.845,12.988
30.386,8.275
31.439,9.379
30.606,10.392
32.106,9.206
31.475,8.592
32.035,8.185
33.469,9.377
35.296,16.013
34.543,13.480
32.759,12.777
32.971,11.177
33.281,13.133
34.177,10.056
34.810,10.799
34.289,12.272
34.884,10.976
33.186,11.704
32.010,13.104
36.028,14.674
36.583,17.343
35.487,13.629
36.208,14.309
37.697,15.506
37.214,14.876
39.153,16.584
38.756,16.622
38.311,15.177
38.788,15.446
39.038,17.577
38.517,16.310
41.034,15.165
42.264,17.679
45.435,20.301
41.273,14.745
42.247,15.466
41.725,16.650
39.170,17.233
39.738,13.133
38.771,13.805
39.243,18.194
44.962,16.719
41.644,14.964
40.620,16.402
42.252,15.470
40.753,15.527
45.421,18.374
43.036,17.348
40.053,23.396
40.516,19.634
41.882,24.505
41.733,21.765
42.070,17.255
42.874,21.499
43.432,21.625
42.997,18.669
43.351,18.377
43.244,21.402
41.855,21.427
42.604,20.487
49.538,18.881
46.268,20.885
46.192,21.461
41.986,24.345
39.229,16.876
45.474,18.162
44.022,19.537
45.611,19.048
40.843,17.438
43.217,19.096
40.996,25.003
40.818,22.507
39.503,21.164
40.983,16.905
40.755,16.265
46.526,17.935
44.677,22.550
47.109,23.264
47.716,24.715
42.498,24.979
43.288,25.812
43.709,29.539
43.233,28.937
40.523,26.997
43.187,29.294
44.001,29.892
44.190,27.794
43.714,27.684
44.904,24.452
44.929,22.194
44.718,31.293
44.334,27.067
44.464,20.985
44.735,26.588
43.931,22.244
41.497,23.016
42.328,22.010
41.602,26.375
41.845,19.707
41.645,19.279
43.780,25.742
48.063,29.199
48.920,26.547
48.366,28.000
43.796,21.879
44.703,26.669
44.138,24.970
41.974,23.479
45.612,26.464
43.510,26.876
45.116,28.156
44.433,25.712
41.988,25.919
36.718,24.166
29.708,25.873
27.755,24.336
27.444,24.380
30.776,24.429
31.450,24.971
27.399,25.048
27.441,24.362
27.429,23.854
32.001,23.703
36.267,25.602
38.327,26.489
39.488,26.284
38.541,26.655
37.220,28.347
36.643,26.624
37.110,26.899
38.046,27.207
41.604,27.327
39.754,27.259
39.641,27.808
37.204,27.492
34.454,25.953
35.497,25.703
35.633,27.139
34.956,26.417
31.705,25.352
34.136,25.034
36.063,25.911
36.471,25.089
37.391,25.626
36.283,27.106
36.651,25.187
35.220,25.359
32.704,25.132
32.239,25.223
32.103,25.135
34.161,24.875
36.099,25.415
36.493,26.002
37.137,25.196
37.441,26.588
33.684,26.189
33.085,24.823
35.702,24.591
35.020,25.062
31.248,24.695
34.080,24.162
34.447,23.811
33.719,24.253
36.265,23.075
35.643,23.583
33.710,24.073
33.385,24.574
32.535,24.546
32.737,24.771
29.386,24.117
26.542,24.322
28.690,23.488
31.458,23.751
28.973,24.540
29.671,24.226
28.346,24.115
28.968,23.779
29.732,23.724
33.680,23.843
27.008,22.595
30.240,22.359
33.240,22.852
31.871,23.621
28.462,24.031
30.082,23.391
32.176,23.247
32.945,23.272
32.684,22.878
29.899,24.355
30.577,23.300
30.158,22.941
34.084,23.407
34.784,23.248
31.450,24.355
35.510,23.076
35.530,24.174
36.759,24.371
36.275,23.263
35.999,23.408
37.959,21.879
37.886,24.649
37.029,24.912
38.108,24.274
37.064,23.884
30.893,22.566
32.152,22.859
33.592,21.468
32.350,20.164
32.707,20.932
33.098,21.610
32.082,20.140
27.328,21.337
27.262,23.041
32.563,22.272
31.658,21.889
35.883,22.600
31.411,23.127
35.307,23.006
31.512,22.994
31.247,23.181
34.306,22.286
33.201,21.031
35.405,21.846
34.632,21.015
34.388,23.027
35.204,20.909
34.231,22.196
33.803,20.902
31.210,22.129
30.320,22.009
29.000,21.844
33.633,20.781
35.473,21.092
35.530,20.584
36.099,20.699
31.129,22.010
31.797,18.951
27.674,19.233
30.859,15.797
30.036,14.417
30.215,12.701
32.053,12.232
29.685,13.423
32.585,14.864
32.318,18.001
31.984,14.897
31.057,15.768
30.756,14.778
31.961,12.674
31.424,14.230
30.919,14.932
30.651,14.100
30.382,15.933
29.694,13.897
29.407,13.319
29.323,11.275
27.511,10.287
28.038,10.016
27.064,9.433
27.117,7.533
27.405,8.606
28.432,9.109
30.868,11.976
29.690,10.850
29.431,9.811
29.763,9.947
29.697,13.988
30.198,12.928
30.195,10.748
29.796,10.764
28.904,11.293
29.129,11.181
28.871,11.457
29.166,11.273
29.266,9.809
29.086,9.222
28.153,7.626
28.095,8.421
28.326,10.865
29.290,12.113
27.700,9.929
26.979,8.855
27.002,7.912
27.261,7.548
29.042,7.324
28.030,8.500
26.977,6.400
26.710,6.552
26.559,11.127
27.426,10.386
26.285,7.734
25.686,4.532
25.912,4.495
25.929,6.183
27.740,5.874
27.352,9.582
28.482,9.720
27.617,8.205
26.657,7.464
27.162,9.327
26.052,7.402
25.810,8.348
27.519,7.398
28.427,6.465
27.683,10.075
27.535,10.540
27.366,6.298
28.408,11.260
25.805,11.717
25.216,8.944
23.189,6.180
23.363,0.373
23.806,0.760
24.767,2.891
26.345,7.247
27.260,7.548
29.569,10.017
29.524,12.901
26.567,15.213
27.388,11.037
26.000,5.714
27.137,5.472
25.964,8.320
24.759,5.971
25.079,2.613
27.213,6.095
26.041,8.083
24.730,5.678
24.793,4.001
26.204,3.620
27.315,5.600
29.433,6.494
25.922,9.654
26.333,12.076
21.257,7.894
22.464,5.586
25.657,5.343
28.467,12.549
26.558,13.032
23.194,7.770
24.033,4.194
25.918,5.851
25.939,8.258
20.532,15.208
22.457,13.351
17.739,13.344
15.190,13.802
21.437,11.964
21.843,7.145
24.266,6.508
26.603,8.523
27.153,11.691
26.603,10.285
30.573,14.699
30.028,14.925
28.498,12.970
30.544,12.318
31.923,15.161
32.451,14.617
29.681,13.553
30.379,14.938
32.997,13.832
31.304,18.457
32.288,14.603
31.884,14.092
34.480,14.812
34.016,13.991
30.110,13.846
30.438,14.731
27.792,13.493
28.957,7.833
30.815,9.809
30.835,11.560
31.491,12.169
33.102,11.820
34.322,12.945
35.487,13.849
34.926,17.433
37.435,18.450
39.809,19.394
38.755,15.952
36.496,19.306
36.491,16.538
33.647,20.385
33.368,18.734
31.442,16.399
32.267,13.601
32.192,12.949
35.481,15.073
33.609,14.397
34.590,15.611
36.135,16.698
37.972,19.376
38.766,20.624
38.067,19.371
39.125,16.688
37.711,20.253
36.036,17.704
35.535,21.122
33.572,15.785
36.057,15.732
39.280,15.949
38.925,18.001
39.628,17.366
43.189,18.617
36.504,18.751
36.295,13.242
40.543,12.131
37.032,13.249
37.618,12.595
41.092,17.512
42.737,15.868
41.176,20.547
39.862,24.698
45.835,26.376
39.792,20.461
38.102,14.793
37.255,10.119
38.657,10.376
38.823,12.893
45.278,19.146
41.522,22.176
43.575,17.995
42.763,14.419
43.067,13.487
43.872,23.537
40.557,17.302
42.913,16.406
46.953,21.466
42.181,23.198
37.580,25.478
41.381,21.712
39.712,20.415
40.757,18.260
40.789,15.174
36.306,16.449
37.880,16.771
43.021,15.459
38.731,18.755
38.685,16.123
39.896,18.071
37.134,21.601
40.001,19.980
41.470,14.982
40.984,15.931
41.862,18.699
42.777,14.477
41.713,17.077
42.472,20.254
43.273,15.308
42.542,14.186
44.248,17.960
45.932,17.519
45.107,25.719
42.216,19.579
47.262,24.248
45.465,17.114
44.189,17.711
44.678,19.223
45.186,19.678
44.054,18.603
44.583,22.514
46.133,23.741
43.419,21.810
43.152,18.975
43.467,21.345
42.980,20.826
43.536,21.478
44.049,21.609
44.169,21.050
41.786,23.439
44.997,21.545
48.453,27.822
44.057,26.401
43.453,24.586
42.376,22.246
43.666,21.569
44.158,25.430
44.754,27.399
43.767,20.940
44.223,25.424
44.400,26.796
44.489,30.482
46.250,28.495
46.374,27.747
45.252,31.795
49.661,29.264
48.428,29.897
48.566,31.368
35.490,26.863
30.010,24.494
37.192,25.386
36.800,26.342
38.109,26.019
35.210,27.124
27.079,23.613
25.380,23.602
30.734,24.609
26.429,24.027
26.025,23.589
25.467,23.704
25.530,23.702
31.839,22.898
35.014,23.912
35.458,24.448
34.483,25.507
36.104,25.626
35.672,26.012
30.234,25.743
29.860,25.128
28.074,24.130
31.037,23.925
31.521,24.330
32.566,24.191
34.757,24.665
36.276,26.277
34.012,24.745
35.198,25.007
35.610,24.086
38.270,24.927
35.081,26.654
35.188,25.421
35.340,25.669
31.563,24.914
32.693,24.101
34.276,23.759
32.912,23.949
29.983,24.608
33.704,24.775
34.993,24.103
32.378,24.056
27.756,24.844
30.436,24.499
30.435,23.734
31.503,23.410
33.444,23.595
35.091,22.893
35.042,24.222
32.250,25.196
30.012,23.799
35.525,23.412
37.043,25.030
27.768,23.446
32.635,22.398
33.530,23.453
33.753,23.570
29.786,24.707
30.903,23.914
27.582,23.959
29.121,23.867
25.537,23.914
31.280,23.428
34.194,23.488
34.550,22.618
35.613,22.767
36.327,23.402
35.963,24.332
36.205,23.313
35.681,23.617
35.301,24.769
35.810,23.669
33.441,24.349
36.815,22.910
33.811,23.566
32.454,24.120
32.655,23.986
34.958,23.618
35.094,23.299
31.800,23.124
31.108,23.109
29.527,23.359
27.167,23.659
30.082,23.371
31.148,23.145
30.465,22.953
32.375,23.137
29.581,22.390
31.725,22.951
33.809,21.820
31.372,24.059
30.752,22.604
31.581,23.218
32.520,23.633
31.502,22.169
32.493,23.083
32.092,22.061
32.671,20.442
33.139,19.762
33.036,19.141
34.050,18.947
33.192,18.797
32.578,18.414
31.961,19.420
33.702,19.136
33.170,18.080
32.891,16.266
33.767,17.141
34.015,18.668
33.353,19.177
34.293,19.944
34.691,18.492
33.230,18.031
32.378,19.578
22.894,19.299
23.849,18.597
26.266,20.409
23.022,19.708
27.551,20.009
26.901,19.903
21.800,19.333
27.464,17.969
27.190,17.700
29.000,16.990
30.010,15.472
29.968,15.771
29.644,15.311
29.359,14.680
29.935,15.745
31.214,13.413
30.724,12.460
29.758,14.125
29.289,11.965
28.619,13.383
27.918,14.565
29.004,11.334
28.330,10.111
28.101,10.250
27.545,9.344
27.797,9.193
26.750,8.337
27.545,9.027
28.684,11.583
28.381,12.487
28.758,13.499
28.151,12.026
28.734,12.128
28.131,10.952
27.310,7.934
28.055,6.888
27.268,5.659
27.556,6.289
28.707,8.602
28.944,8.820
30.390,10.803
27.745,8.717
28.729,7.918
28.224,8.660
28.564,8.311
27.725,7.150
27.964,7.637
28.560,7.981
28.059,9.838
27.706,9.725
26.451,9.871
26.125,7.435
26.685,3.036
26.055,4.744
26.012,4.426
25.826,3.202
25.554,3.042
24.029,2.146
24.233,3.266
23.650,1.908
23.635,2.420
23.862,1.475
24.245,1.058
25.096,2.004
25.009,2.464
25.983,4.165
27.974,5.901
28.080,9.383
25.617,9.109
24.319,9.911
24.613,5.301
22.361,6.309
24.838,4.140
25.748,3.911
25.762,3.863
26.897,4.145
26.398,3.823
26.508,5.550
27.179,6.835
29.918,7.833
28.651,7.252
27.311,5.728
25.657,5.918
25.339,3.176
26.477,2.877
26.637,1.602
25.825,1.587
26.661,1.572
27.331,5.054
29.379,3.661
29.852,5.076
27.322,4.936
28.272,6.318
30.176,7.207
31.293,8.670
31.534,13.423
31.050,10.998
29.464,11.206
27.999,8.445
27.430,5.982
26.371,6.778
23.286,3.730
23.405,2.764
24.340,2.252
24.852,2.678
26.832,2.477
28.036,6.574
30.138,7.293
30.917,8.588
31.405,6.373
31.417,7.143
30.457,8.768
28.430,8.758
29.157,9.181
30.865,9.187
29.012,7.857
30.795,6.694
30.306,7.168
30.175,7.821
30.674,6.779
31.140,6.769
32.957,10.103
34.380,13.780
34.657,13.157
33.790,13.310
34.077,10.715
34.822,10.116
34.687,10.477
34.870,13.615
35.428,10.995
35.812,12.601
35.526,10.765
36.145,11.327
35.866,13.270
36.749,13.958
36.780,11.428
34.705,11.709
35.075,14.020
30.586,9.896
33.859,14.898
32.957,14.731
36.591,14.770
38.830,12.740
40.046,16.978
36.836,16.280
36.979,17.206
26.047,17.758
24.875,16.599
26.549,15.693
30.507,16.282
34.530,18.122
31.652,19.235
29.247,16.710
30.165,15.219
30.702,12.742
32.297,13.337
33.715,14.293
35.151,17.945
33.175,16.427
33.232,15.368
36.694,17.047
38.736,20.839
38.480,18.386
36.660,16.406
35.422,15.724
36.297,14.573
34.897,13.979
36.419,13.861
37.636,16.666
39.344,17.624
40.053,19.555
38.850,20.887
38.630,17.107
39.367,19.072
42.589,19.050
41.986,18.128
45.687,20.737
41.472,20.462
42.229,22.065
42.322,18.894
42.134,20.105
42.207,22.315
43.809,22.715
36.950,24.753
34.099,22.060
39.939,20.817
34.948,17.169
37.840,17.888
38.659,20.061
39.564,21.571
39.603,21.554
41.222,21.018
46.011,24.940
44.586,23.563
41.967,20.897
41.223,22.954
40.354,19.933
41.778,19.432
46.114,24.712
44.371,23.889
45.438,23.178
45.586,25.965
43.711,20.643
44.521,21.371
44.171,24.081
44.654,19.224
43.611,23.305
44.262,22.624
42.559,25.553
44.615,25.219
43.679,28.843
43.127,20.014
42.751,22.193
36.979,21.961
36.394,24.174
42.423,25.271
41.589,28.045
39.897,27.485
38.475,26.068
38.692,25.866
40.715,26.907
40.509,26.182
41.967,26.986
45.043,28.351
39.992,27.384
41.946,28.124
44.518,28.014
43.381,31.107
42.962,30.730
44.844,32.112
44.344,30.181
37.745,28.567
39.537,27.393
38.036,26.423
28.876,26.041
30.978,25.042
29.582,25.278
37.588,24.804
42.135,26.507
38.356,28.831
39.781,29.982
42.826,27.695
41.159,28.376
40.180,27.774
40.292,28.172
40.953,28.899
41.741,25.833
43.557,26.632
43.083,25.949
40.297,27.490
36.033,27.054
38.341,26.320
40.901,28.159
40.719,27.195
39.249,28.614
38.170,28.225
38.403,28.210
37.874,27.628
35.090,27.393
36.745,27.619
34.397,26.500
31.029,25.292
31.964,25.213
31.397,25.354
33.518,26.241
31.202,26.143
30.629,25.727
25.863,24.074
25.543,23.576
29.883,23.732
32.856,24.502
32.494,24.806
27.684,24.478
31.604,24.004
32.490,24.373
32.487,24.480
36.148,24.633
31.667,24.620
29.809,23.523
29.472,24.356
28.947,23.893
31.505,24.230
34.781,22.922
33.883,24.597
35.498,24.706
30.050,24.665
30.327,23.930
29.003,23.733
28.829,23.971
33.393,24.073
31.828,23.996
28.389,24.118
30.844,24.363
25.226,23.286
31.446,22.430
32.553,22.292
32.406,23.900
32.744,23.987
31.463,23.447
36.847,24.073
35.215,23.826
34.937,23.703
32.845,24.797
36.817,23.616
35.665,23.824
34.522,24.120
25.601,24.039
29.951,23.666
32.882,23.454
34.174,24.348
31.476,24.326
28.547,24.503
27.620,23.393
28.352,23.482
28.637,23.353
28.086,23.721
30.715,22.711
30.750,22.140
29.004,23.020
27.347,23.572
27.225,23.203
32.714,21.108
33.579,21.633
33.529,22.608
32.487,23.971
31.491,22.637
33.048,23.523
33.580,23.469
31.300,24.435
34.515,23.688
34.829,22.546
34.304,23.936
33.893,24.141
36.840,23.352
36.384,24.340
35.811,24.498
34.605,24.331
35.055,24.075
32.541,23.010
35.131,22.933
29.599,23.606
23.701,22.036
27.277,20.730
24.712,20.694
27.496,21.431
30.603,21.111
28.982,20.237
32.602,20.952
33.610,19.791
32.947,21.725
32.137,23.219
34.780,23.647
34.822,22.409
35.101,22.944
34.336,23.170
35.658,21.305
35.827,20.999
34.727,20.693
34.434,19.827
35.014,18.779
34.177,20.467
35.207,20.713
34.266,19.541
34.868,19.474
33.784,20.058
34.004,19.694
34.370,18.410
35.137,17.237
35.274,19.115
33.865,18.090
30.800,18.157
32.483,15.815
32.459,17.268
32.943,16.718
32.793,16.413
34.005,16.310
32.155,15.979
32.946,16.440
31.635,17.403
26.091,18.748
30.833,15.164
31.164,15.864
30.570,18.626
30.956,19.858
26.232,19.093
25.261,17.823
32.227,17.321
31.370,15.770
32.004,14.589
32.594,14.667
28.856,15.183
29.754,17.360
29.590,13.490
29.831,13.358
29.894,13.810
30.362,13.480
30.344,11.158
29.962,10.332
30.318,13.008
30.513,12.364
30.572,13.003
29.701,14.573
29.401,13.929
29.137,11.953
31.038,13.956
30.123,15.164
29.215,11.101
28.516,11.937
29.835,6.440
28.803,7.642
29.218,6.864
28.423,12.168
26.971,9.107
27.098,6.365
27.636,6.108
28.527,7.585
29.968,11.351
30.836,10.504
30.651,13.159
31.926,12.187
29.091,13.011
30.479,11.974
30.364,13.272
25.818,9.381
25.752,4.558
26.065,5.146
26.248,8.945
26.206,5.730
26.178,5.171
25.682,6.797
26.136,3.599
27.577,8.952
29.734,10.297
27.222,9.388
26.324,6.682
26.604,5.293
26.905,5.654
27.816,6.182
28.010,8.993
25.689,8.319
24.773,3.325
24.743,1.381
26.944,4.718
27.567,6.337
25.493,6.777
25.175,6.636
24.553,6.110
25.175,3.431
25.347,3.569
25.003,2.992
25.283,3.014
26.326,3.438
27.443,5.398
26.967,5.991
26.817,5.885
25.968,4.250
25.100,3.598
25.916,1.274
26.659,3.719
26.088,2.764
25.144,3.399
26.833,5.674
27.823,5.733
29.377,5.857
26.438,5.173
26.351,1.364
26.754,2.110
28.148,4.819
30.856,6.997
32.340,8.310
32.509,9.756
30.934,9.415
32.907,14.550
30.664,11.943
30.526,9.952
30.308,7.431
31.247,8.404
30.940,13.132
30.951,9.727
30.446,8.208
32.358,14.150
27.616,8.321
30.543,11.357
31.508,16.730
27.822,14.249
26.970,15.597
19.238,14.276
21.594,12.030
23.811,8.068
24.605,10.602
25.292,10.814
25.660,9.644
26.645,10.233
26.786,9.539
27.464,9.438
29.615,10.670
31.414,11.261
33.842,15.061
28.173,15.849
30.995,13.133
32.612,12.961
33.948,15.976
34.117,23.054
29.373,16.922
29.180,9.384
31.330,9.835
30.539,10.061
30.155,8.558
30.684,9.895
32.348,9.222
36.089,18.262
33.744,18.807
36.385,17.590
35.290,19.227
32.480,18.611
32.477,18.566
29.363,15.913
30.675,13.265
31.853,15.077
34.763,15.493
35.812,15.274
36.924,19.277
40.160,20.981
39.371,23.001
38.060,19.819
36.666,18.263
36.038,15.403
34.507,17.175
36.356,14.255
37.142,14.559
38.188,15.239
41.141,16.129
45.344,17.801
40.714,18.356
40.273,18.962
39.700,18.343
38.438,18.312
39.168,17.523
40.160,18.000
42.102,18.788
43.658,21.374
40.427,21.358
38.422,17.920
39.306,17.836
41.001,18.965
40.615,21.593
40.517,22.589
39.738,23.472
42.694,24.267
43.875,25.525
40.456,25.701
47.135,23.175
45.875,26.265
42.090,27.453
39.779,23.873
41.457,26.047
41.329,25.972
43.576,26.946
43.075,26.188
42.347,25.782
42.142,22.352
42.700,23.706
46.937,25.539
41.037,21.567
41.726,22.462
42.824,24.122
43.958,24.544
42.086,23.137
39.189,22.853
37.176,21.041
36.934,23.183
38.959,23.823
40.137,25.720
42.809,25.873
41.584,27.563
41.007,24.007
40.470,25.280
39.706,25.428
42.133,25.924
40.693,25.862
40.213,25.922
39.071,26.131
40.187,24.822
42.176,26.694
39.225,28.359
42.590,25.159
43.300,24.271
45.781,25.166
43.379,27.694
42.426,26.993
41.631,24.879
41.431,24.809
41.640,23.761
42.260,22.964
43.779,24.202
44.436,21.942
44.880,23.840
43.466,27.145
41.850,28.439
43.146,28.033
43.524,24.824
43.034,29.505
45.268,28.204
44.710,30.500
41.596,28.041
43.624,28.219
41.113,29.884
37.807,28.910
35.749,27.795
36.181,25.695
37.688,27.968
40.115,28.447
37.967,28.128
37.103,27.759
37.051,27.899
37.870,26.420
36.740,26.661
36.920,26.321
35.026,26.590
37.123,26.879
34.048,27.170
37.226,26.558
28.877,26.073
32.741,25.516
31.504,25.287
35.136,24.227
37.965,25.822
32.014,25.054
31.601,25.066
29.404,24.510
25.682,23.935
29.090,22.942
30.237,22.261
32.874,22.882
38.847,24.691
38.506,25.968
31.600,25.766
30.533,25.109
28.937,25.412
28.663,25.232
27.976,24.902
31.563,24.316
34.114,24.871
33.622,25.125
36.623,23.922
33.630,24.857
33.698,24.151
32.181,24.620
27.243,24.761
32.396,24.671
32.261,24.418
30.112,25.491
32.899,24.627
33.835,24.510
32.203,24.878
30.698,24.969
31.129,24.385
32.979,24.869
35.154,24.153
30.506,24.391
31.186,24.204
28.078,23.955
31.708,24.447
34.172,23.977
35.918,23.788
35.181,25.515
31.623,24.109
25.945,24.170
28.747,24.149
27.074,22.680
23.958,21.848
28.514,22.468
29.923,22.937
31.877,22.112
26.961,23.448
31.780,23.611
35.932,22.856
31.929,24.750
34.855,23.470
34.171,23.349
33.879,23.891
34.426,23.787
31.575,24.231
35.154,23.188
36.872,23.630
35.741,24.810
33.521,24.983
32.868,23.738
37.222,23.976
34.967,24.692
29.469,24.402
33.392,23.296
26.443,23.844
30.578,23.353
25.860,24.074
27.983,23.085
33.930,23.010
34.203,23.124
34.986,23.362
34.697,22.925
32.191,22.457
32.846,22.298
32.052,23.997
35.018,23.987
25.938,24.178
33.231,22.517
32.129,23.046
30.258,22.847
23.514,21.127
28.546,21.365
27.861,21.917
30.024,23.419
24.452,23.972
28.133,23.153
27.746,22.720
30.978,22.194
30.426,21.929
32.623,22.454
28.147,22.989
29.122,23.320
29.387,22.922
30.441,23.570
32.564,21.610
32.710,19.863
32.122,19.789
32.089,18.340
32.328,17.092
32.419,16.729
32.047,15.255
32.456,15.143
32.838,17.049
32.474,21.907
31.171,20.669
32.581,16.760
32.046,17.926
31.664,17.228
34.186,15.516
34.195,16.134
32.858,16.320
32.689,16.358
33.912,16.202
31.443,16.247
32.143,15.963
31.588,15.427
31.868,14.988
31.891,16.207
32.072,18.215
29.114,19.635
31.503,17.424
32.221,15.999
32.293,13.427
31.249,13.736
30.567,13.550
31.486,13.899
32.901,14.880
31.568,14.302
31.930,15.283
33.273,15.052
30.004,13.345
29.330,10.650
29.357,9.914
28.063,10.031
29.302,10.707
28.925,9.778
29.515,11.681
29.418,14.202
29.151,11.656
27.732,10.097
26.961,6.010
27.486,7.285
27.925,10.728
30.098,11.558
30.843,10.232
29.079,10.303
27.486,9.880
27.752,9.038
27.918,8.337
28.205,11.080
28.355,9.755
27.326,8.165
27.802,8.085
26.541,6.350
25.935,6.539
27.098,9.637
26.038,8.015
25.542,6.129
26.984,7.742
29.474,11.033
29.439,10.734
26.828,11.569
27.976,10.449
25.211,10.396
26.460,9.292
24.735,3.531
24.892,0.924
25.614,2.649
26.908,4.163
26.762,9.328
27.629,9.590
25.968,9.601
26.962,7.829
27.045,9.734
27.536,8.018
27.023,7.336
27.169,8.231
26.585,5.931
26.109,5.740
25.980,3.534
26.646,1.444
27.964,4.722
28.831,6.394
28.016,7.724
28.636,6.927
29.531,6.895
28.850,6.877
29.502,6.860
29.728,8.691
30.457,12.673
28.784,9.447
26.012,8.334
25.772,6.999
25.943,7.113
26.769,8.098
27.863,7.542
28.580,8.112
30.893,6.671
30.277,11.803
28.167,9.586
26.080,10.874
29.213,7.795
19.257,12.711
17.110,10.867
14.676,11.344
21.000,10.728
22.636,6.367
23.182,6.651
20.841,8.045
21.849,11.024
21.510,6.388
21.684,2.464
24.402,0.925
25.492,4.656
29.567,10.953
28.909,15.487
19.862,14.839
27.459,15.151
19.281,16.339
22.977,12.620
23.218,6.601
25.082,5.004
24.012,5.785
24.155,4.239
24.562,2.460
26.850,4.858
27.799,8.758
29.150,11.799
29.650,10.179
30.278,8.758
27.306,8.199
28.334,9.641
31.978,10.722
35.521,13.494
33.547,14.981
31.080,10.853
28.519,10.913
30.408,7.761
29.534,7.228
31.448,8.693
32.100,8.739
32.911,9.000
37.301,14.201
35.487,11.286
35.049,12.578
35.461,12.192
35.645,14.753
38.033,13.644
35.498,15.567
34.279,11.624
35.530,14.432
37.307,15.704
34.576,18.785
35.799,17.172
35.920,16.157
36.496,15.025
35.985,12.893
39.604,16.382
38.791,20.251
39.126,20.220
38.484,17.406
42.045,13.481
37.563,21.217
37.477,21.407
41.338,20.569
37.928,20.811
37.031,16.495
39.615,14.320
40.627,20.271
38.615,20.056
37.140,19.585
40.308,16.405
34.825,18.114
39.178,15.693
37.922,17.461
38.110,17.518
33.581,18.609
34.597,16.811
35.388,14.132
37.755,16.666
38.022,18.496
38.788,19.173
44.327,21.744
45.333,23.421
43.618,19.220
46.348,22.265
43.157,23.656
41.125,22.901
41.190,17.327
41.366,15.018
40.961,15.727
41.396,16.101
41.421,16.613
42.201,17.180
43.181,16.478
46.849,18.057
48.307,21.398
43.876,17.088
43.947,19.383
44.460,16.365
44.761,19.545
45.077,17.793
42.800,21.725
43.192,21.290
43.184,24.327
45.016,20.271
42.834,19.276
44.734,20.517
40.955,20.971
41.032,17.286
41.780,23.392
40.957,23.416
40.816,20.618
40.534,19.987
41.841,21.905
41.953,19.196
42.120,19.877
41.732,22.420
42.649,24.312
43.206,22.396
42.628,22.163
41.093,17.583
37.920,20.052
43.461,21.380
39.131,21.138
37.236,20.007
41.195,21.784
41.776,24.772
41.351,19.984
43.075,20.652
43.570,22.464
43.162,20.323
42.852,26.476
45.426,25.813
43.332,27.286
39.708,26.813
38.775,27.868
38.568,27.766
35.301,26.633
36.692,25.975
39.222,25.700
36.084,26.732
35.231,26.233
36.288,26.001
32.344,25.984
34.852,25.343
33.685,25.707
31.009,24.896
26.703,24.340
25.255,23.208
30.873,23.155
33.390,22.038
25.883,23.820
25.911,23.323
29.914,23.209
33.084,23.950
35.115,25.086
36.344,25.948
34.626,27.018
27.599,24.591
29.329,23.631
28.455,23.863
29.107,24.017
32.593,24.365
28.204,24.551
26.888,24.302
33.453,24.085
30.587,24.129
32.307,23.377
33.004,24.203
28.671,25.098
30.198,24.370
31.249,24.080
32.193,24.539
34.023,24.310
33.336,24.642
33.100,25.080
33.235,24.126
34.432,24.570
31.132,25.346
33.040,25.632
29.076,25.057
33.108,24.426
33.926,24.819
28.039,24.728
31.843,23.874
30.869,24.595
33.499,24.289
33.497,24.302
33.092,24.206
28.140,23.808
30.947,23.846
33.877,24.064
32.213,24.703
32.894,24.031
35.467,24.958
35.345,24.602
36.184,24.477
33.953,24.489
32.137,25.356
27.774,24.498
30.988,24.449
28.233,24.801
28.909,24.368
31.852,23.582
32.996,24.957
31.734,24.180
32.313,24.076
30.846,23.885
32.528,23.843
32.037,24.494
30.553,24.066
24.608,22.411
27.192,21.937
32.646,21.879
31.895,22.208
34.465,23.397
37.371,24.220
37.138,24.070
33.060,24.036
31.511,24.838
33.208,24.227
34.517,24.058
36.065,23.517
28.723,24.267
33.064,23.928
38.061,23.662
36.295,23.501
35.976,23.856
34.122,22.568
34.901,22.845
35.058,22.350
35.022,23.035
33.445,24.116
33.969,22.279
31.560,23.199
35.092,22.601
35.254,23.683
31.918,23.753
31.007,24.244
25.715,23.770
25.284,23.651
30.432,23.476
34.321,22.466
35.195,22.816
32.086,22.974
32.737,22.156
32.562,21.247
32.513,21.093
33.039,21.236
34.167,21.256
33.775,22.223
33.648,21.246
35.703,21.848
37.097,21.118
38.368,22.843
35.862,22.892
28.470,22.878
35.773,21.979
35.103,22.248
35.641,22.610
35.300,20.218
35.234,20.196
36.147,22.134
38.311,20.496
35.518,18.672
35.057,18.379
37.452,19.927
36.816,20.323
35.800,23.324
35.047,19.719
34.219,18.977
35.165,15.564
34.635,16.422
33.470,16.176
33.333,15.326
32.528,14.769
32.017,15.253
30.640,14.459
29.003,15.037
30.897,14.615
33.542,15.837
31.453,14.184
30.920,14.025
32.796,15.482
31.398,15.480
31.389,14.048
31.501,12.402
34.746,14.998
30.629,13.701
30.720,11.689
32.467,14.665
30.866,16.643
31.131,14.114
30.712,13.085
31.663,14.182
32.657,14.537
32.293,13.901
31.751,16.205
30.207,11.957
23.776,11.918
30.810,12.220
28.204,14.971
30.951,12.829
33.901,17.802
28.310,13.072
28.415,9.326
28.862,5.208
27.131,7.481
26.869,5.774
26.924,5.066
27.320,5.913
28.260,6.505
28.077,8.512
28.355,7.163
29.002,9.854
28.333,8.742
27.412,6.636
27.318,6.662
26.889,6.204
26.873,4.822
27.591,5.975
30.978,9.831
30.286,11.869
29.686,9.052
30.372,8.871
30.934,10.332
32.089,13.981
28.710,10.687
26.891,9.261
28.446,9.045
27.728,4.490
28.124,5.716
29.721,6.199
29.310,9.490
26.997,11.066
28.266,10.766
25.202,11.153
25.050,4.828
24.003,3.000
26.416,3.851
26.911,5.529
27.657,5.550
25.819,4.428
27.008,4.732
26.826,6.383
26.301,6.858
25.997,4.872
28.080,6.295
28.992,6.164
30.731,8.785
19.715,10.456
26.234,13.835
28.177,13.434
28.043,12.499
29.062,11.505
26.029,10.501
26.421,10.001
27.170,9.938
27.820,9.505
26.819,9.683
27.556,8.264
27.878,8.201
28.676,9.378
29.256,10.754
27.890,12.124
26.025,9.452
27.599,6.077
29.205,10.422
31.190,10.661
32.072,10.964
33.719,12.426
32.376,15.122
30.009,11.423
29.201,7.077
30.276,7.167
28.765,8.316
27.536,6.103
28.407,5.911
29.363,5.727
30.200,7.381
34.004,10.371
31.972,12.519
31.438,10.780
29.323,7.705
30.138,7.388
31.407,10.466
32.937,14.612
28.487,12.552
29.219,6.618
30.836,8.210
30.951,8.173
32.095,8.525
31.560,7.993
32.422,7.953
31.563,7.849
33.335,8.330
33.043,9.960
33.297,11.921
34.668,11.260
35.196,12.160
34.879,13.025
33.526,12.056
33.301,11.210
32.660,9.885
32.739,11.478
34.640,9.912
35.778,11.689
37.050,14.675
36.402,16.134
35.319,12.581
37.517,10.623
37.091,12.339
36.228,12.462
34.113,15.018
35.078,12.765
35.056,9.681
36.353,9.865
36.561,12.769
33.344,11.685
39.677,16.957
37.739,20.156
36.299,15.087
38.395,15.079
38.347,19.965
37.141,18.331
36.541,13.585
36.318,15.571
37.942,13.863
36.574,15.701
37.997,17.089
35.167,13.920
39.808,17.686
38.729,18.333
38.256,18.904
36.477,17.856
37.043,16.679
37.906,15.668
39.607,19.672
39.846,20.749
41.548,17.651
38.822,18.131
39.096,20.851
37.519,21.763
36.660,17.774
36.033,21.448
37.943,18.298
39.528,15.484
40.429,17.448
40.753,18.017
42.630,17.917
44.661,18.967
40.663,19.805
40.537,21.527
42.124,22.808
42.567,23.745
43.130,24.389
42.442,25.682
41.454,19.840
40.147,16.661
41.834,14.001
41.690,15.801
41.564,16.397
44.497,20.594
46.611,19.630
44.599,18.363
45.213,20.997
46.415,20.022
45.049,21.226
47.654,17.990
48.296,22.601
42.571,22.634
41.975,18.210
42.701,17.189
45.080,18.880
46.352,23.491
41.228,21.654
38.559,21.984
43.885,20.872
42.499,20.281
45.612,23.055
43.832,24.660
43.513,21.233
40.929,25.689
43.951,26.458
44.104,26.537
47.739,28.368
43.993,27.505
41.938,25.337
41.558,24.727
33.171,21.213
41.276,19.608
43.495,25.660
43.916,23.912
43.410,22.029
42.055,22.007
40.140,25.247
38.924,25.079
40.690,28.069
41.089,30.119
42.819,30.022
42.540,31.181
40.245,28.883
43.084,28.154
43.573,26.325
43.479,25.749
44.050,26.638
43.262,25.154
42.592,29.612
43.893,28.349
42.538,32.023
42.455,29.657
43.043,27.819
42.526,27.042
42.172,22.851
43.281,22.936
46.459,26.109
44.137,23.655
45.563,24.818
44.587,23.458
44.832,27.266
41.224,27.815
42.319,27.837
42.953,29.124
40.000,28.885
36.680,27.136
33.178,26.156
33.514,27.196
33.118,26.549
35.040,26.464
31.431,25.264
33.960,24.829
35.516,25.804
33.261,26.250
32.654,25.269
32.786,24.547
34.978,24.871
32.245,25.610
32.941,25.588
35.507,25.893
34.452,24.658
29.064,24.883
31.673,25.066
34.227,24.634
33.465,24.735
33.932,24.979
30.445,25.514
30.100,25.137
32.371,24.307
30.619,24.150
34.988,24.017
34.833,24.115
34.164,25.971
31.305,25.914
32.763,24.952
34.892,24.513
31.575,25.516
35.713,25.436
34.408,24.790
36.532,24.295
37.839,26.243
36.940,27.091
36.480,27.492
36.734,26.952
37.141,26.163
33.952,25.808
33.139,26.174
31.807,24.965
35.790,24.879
33.597,25.561
36.039,25.213
26.918,25.504
31.185,24.762
31.696,23.931
34.615,23.621
33.733,24.206
31.227,24.309
32.544,24.298
29.433,23.558
32.746,24.010
35.278,24.421
33.751,24.196
31.486,24.141
29.779,22.477
29.697,22.698
30.146,23.498
32.163,23.002
37.359,23.961
32.520,24.278
31.020,24.457
34.880,24.462
36.336,24.036
35.795,24.091
31.631,22.849
24.460,22.869
23.709,21.847
30.924,20.796
32.326,23.122
27.881,22.964
33.960,21.553
31.650,22.702
34.754,22.334
33.184,22.503
33.853,22.413
34.587,21.587
34.724,21.550
35.751,21.082
33.247,22.860
37.153,22.867
36.653,23.264
36.119,24.135
36.146,24.071
31.188,23.375
33.053,22.447
32.643,21.233
35.657,21.883
32.226,22.823
34.878,23.133
35.080,22.603
33.940,23.242
25.788,23.272
28.922,22.762
30.421,22.411
29.635,23.132
30.850,23.408
29.425,23.038
31.078,20.251
32.745,20.097
33.260,19.712
34.468,17.499
32.577,17.934
33.233,19.357
33.795,18.018
32.701,17.233
32.064,16.669
32.547,18.602
33.174,18.320
32.061,17.561
33.365,18.056
32.792,17.452
31.039,14.952
31.021,14.057
31.258,11.648
32.119,10.186
32.305,11.108
30.701,10.758
31.138,10.383
30.790,9.877
32.053,12.577
31.764,14.681
32.204,12.823
31.707,13.790
30.802,12.805
34.225,15.718
32.088,16.828
33.317,17.815
34.376,16.653
30.275,17.197
32.699,15.971
30.991,20.872
28.050,20.205
32.484,18.069
25.587,21.601
33.594,21.141
29.457,20.293
24.903,18.785
19.665,16.406
24.884,16.219
24.398,11.693
23.681,7.207
23.722,6.709
24.029,5.956
24.373,6.951
24.296,7.865
25.113,9.001
26.862,9.121
25.513,8.787
25.689,7.471
25.293,7.377
26.406,6.137
25.643,7.766
26.173,7.489
27.058,6.798
26.457,6.714
25.768,7.193
25.941,7.839
28.259,10.236
26.893,12.266
26.395,9.582
25.959,9.683
25.840,10.508
26.912,8.271
28.683,10.998
28.241,11.051
29.694,12.457
28.556,11.871
28.430,12.565
28.008,14.797
24.835,10.611
25.208,7.716
24.866,5.958
23.144,6.633
23.194,4.014
23.116,8.349
23.610,9.167
24.420,10.955
25.167,7.875
24.823,8.133
25.258,6.608
16.215,9.171
20.978,8.389
22.438,3.207
22.353,3.400
22.140,3.023
23.102,6.988
21.620,7.493
21.927,2.903
24.136,4.260
25.076,6.252
23.903,5.285
24.162,5.900
24.864,4.599
26.385,6.462
24.078,12.301
24.587,13.270
24.092,7.224
22.748,6.171
23.205,6.481
23.174,3.514
22.652,2.817
22.965,2.590
23.599,2.275
24.661,3.176
25.474,3.758
28.408,5.902
27.148,8.728
26.894,7.881
26.416,5.416
27.247,5.800
26.830,6.382
27.115,8.076
26.986,8.328
27.693,10.034
25.279,12.032
27.575,9.295
25.588,7.550
27.775,6.797
28.231,6.363
29.397,8.017
31.464,9.946
29.870,17.373
24.804,15.631
32.524,13.758
31.592,14.111
30.807,11.709
29.421,10.517
33.534,12.733
27.279,16.458
29.758,13.029
28.940,9.404
29.321,6.273
30.360,8.274
29.994,6.437
31.583,9.292
31.919,11.211
31.738,11.534
32.137,9.838
31.594,10.127
32.869,12.067
34.292,15.396
34.998,13.898
34.930,13.572
35.569,15.313
36.305,15.539
35.805,17.554
35.262,12.846
35.258,13.857
35.007,13.394
34.986,11.234
35.155,11.442
34.544,12.499
35.912,13.066
35.448,13.119
36.553,12.210
37.952,14.639
40.697,15.943
37.935,18.040
37.838,16.497
37.148,13.604
38.466,14.464
40.338,15.122
42.076,17.505
41.482,17.048
41.267,17.990
42.860,19.868
41.225,19.601
41.233,20.696
40.364,20.145
40.365,19.794
41.314,18.439
41.128,20.892
41.081,24.908
43.559,19.605
45.188,17.450
42.067,15.083
41.868,16.130
42.623,15.720
42.297,12.775
42.996,14.833
43.102,16.384
42.677,24.514
43.980,20.850
45.282,22.967
44.394,22.110
44.379,19.082
43.811,15.078
48.429,20.256
49.066,20.703
47.292,21.618
44.371,25.845
43.496,26.743
43.194,26.545
43.075,22.799
44.521,20.143
44.135,20.825
43.218,21.188
50.643,19.900
47.653,21.745
46.905,22.217
49.113,20.472
44.026,22.103
40.813,20.630
42.006,21.958
48.086,23.597
41.290,25.991
42.671,23.792
44.724,25.571
46.794,23.699
42.780,24.885
43.897,21.104
43.528,23.012
45.421,24.077
44.569,24.116
45.268,22.856
45.656,23.516
43.642,24.726
45.713,20.855
49.801,25.819
50.089,28.429
45.934,28.719
36.582,27.650
40.308,27.750
42.536,24.583
45.139,23.576
43.728,27.994
45.583,25.968
46.560,23.834
45.238,22.555
43.929,24.342
44.812,24.654
45.023,24.434
44.760,22.163
44.323,20.710
44.367,26.184
43.846,28.138
41.069,29.914
41.881,28.546
42.251,28.963
42.672,27.845
42.639,29.109
42.201,30.193
43.032,23.887
43.761,25.084
47.451,28.740
46.445,27.822
43.293,28.498
44.758,30.128
41.329,30.117
36.281,26.818
38.836,26.805
42.310,27.833
45.102,28.587
41.150,28.514
41.024,29.633
42.875,29.068
42.079,28.912
38.682,28.939
38.602,28.427
40.815,28.122
40.281,27.974
42.433,28.718
39.185,29.088
38.238,27.370
36.850,26.311
34.652,26.560
35.334,26.015
34.949,25.710
35.639,25.840
36.387,25.454
35.920,25.369
40.015,25.615
37.574,27.397
30.875,25.626
29.343,24.950
30.980,24.354
32.429,24.722
33.580,25.175
35.533,24.906
35.604,25.729
38.301,25.511
37.483,28.447
35.945,27.079
39.064,26.677
34.919,25.467
32.592,25.915
28.058,25.569
30.328,24.219
30.109,24.261
27.314,24.513
32.974,23.531
36.292,24.646
34.621,25.430
32.067,24.977
33.960,24.140
33.483,24.526
33.132,23.822
33.507,23.796
33.853,24.594
32.443,24.180
33.082,24.644
33.322,22.914
36.435,22.829
37.811,25.287
38.855,25.045
39.276,25.468
31.122,25.709
35.424,24.686
31.283,25.412
32.392,25.285
36.871,24.423
36.045,24.980
33.065,25.317
33.553,25.261
33.347,24.077
30.734,23.941
29.343,24.742
33.589,24.202
31.427,24.616
34.742,24.036
35.513,23.922
37.314,24.173
36.234,24.595
34.140,24.398
29.433,24.092
34.049,23.975
32.610,24.098
31.968,24.134
35.839,23.528
34.677,23.736
35.395,24.048
32.614,24.185
33.545,23.454
33.347,23.403
32.349,24.033
34.710,24.341
35.606,23.817
30.815,23.672
30.605,22.952
26.860,23.842
32.566,22.542
29.805,24.580
31.283,23.613
31.762,22.575
30.538,23.255
33.166,22.806
33.118,21.326
33.908,21.845
33.956,21.834
33.579,21.174
33.658,20.903
33.678,21.057
33.396,20.900
34.291,20.372
35.793,18.103
36.508,19.642
36.586,21.803
34.749,23.207
28.282,21.689
33.593,19.577
31.596,20.979
28.593,21.535
29.464,20.519
33.465,18.858
34.589,19.983
34.223,20.297
33.229,18.522
32.976,18.662
32.816,18.030
30.761,19.509
25.134,22.261
32.653,19.905
30.150,21.024
34.090,21.361
31.420,21.989
27.133,21.956
30.361,19.855
31.852,19.426
32.686,19.715
32.691,16.659
30.381,13.780
30.266,15.592
30.706,13.607
31.742,12.633
30.392,13.615
21.081,15.656
22.621,14.751
28.943,14.086
29.928,15.002
29.408,13.792
29.405,12.804
29.884,13.761
29.759,15.279
31.552,17.362
30.590,20.645
27.785,19.461
30.558,18.015
29.650,16.393
30.782,13.570
30.382,14.475
30.401,16.116
33.282,17.236
32.792,15.814
33.028,17.181
32.397,17.565
28.644,16.282
28.107,13.329
28.557,9.292
29.843,9.731
29.480,11.710
30.640,13.623
30.832,16.605
31.395,15.410
29.268,15.851
28.357,14.689
26.912,10.687
27.202,7.671
26.584,8.809
24.823,8.220
25.659,4.753
24.009,8.018
24.380,10.218
21.366,11.501
20.871,16.288
20.692,15.459
25.901,14.001
25.160,11.116
22.081,10.311
24.269,6.609
22.977,8.543
23.197,6.175
23.640,4.962
23.357,6.665
24.229,6.072
23.762,4.822
22.752,5.788
22.512,4.706
22.779,5.033
26.206,6.297
26.268,10.082
24.613,5.208
24.993,5.444
23.732,5.017
24.241,5.098
26.116,5.765
23.872,8.809
28.924,12.203
21.391,9.137
21.180,3.804
20.395,1.757
20.373,1.537
20.120,1.072
21.670,-0.233
21.127,0.451
21.726,-0.454
21.835,0.788
20.431,2.794
22.138,0.992
23.072,3.473
25.356,4.263
28.235,6.939
29.550,7.611
22.134,8.705
21.684,3.998
24.817,2.909
23.736,2.791
22.768,2.602
22.923,2.015
25.321,4.036
28.024,6.495
28.867,6.673
28.327,7.040
28.656,9.721
25.308,8.275
27.011,4.702
30.987,10.459
29.870,10.518
26.843,8.932
26.973,6.208
25.909,3.817
26.645,3.282
27.234,4.824
28.801,5.386
29.880,5.711
32.200,6.679
30.839,10.567
30.125,8.643
29.880,6.537
30.130,6.884
31.637,9.136
32.441,8.753
35.303,10.343
33.397,15.822
32.676,11.539
24.969,15.159
29.443,8.482
24.094,6.862
27.996,5.995
26.296,13.305
30.292,10.100
31.408,8.689
32.618,10.731
32.865,16.486
32.762,11.330
32.830,9.464
31.907,10.551
31.238,7.957
32.145,10.769
34.113,13.453
34.690,13.357
34.512,13.714
33.661,14.709
33.889,13.341
34.654,15.875
35.418,12.154
36.579,14.146
33.740,14.208
32.608,12.610
32.695,10.722
34.536,11.496
33.762,11.599
38.161,12.000
37.570,13.602
37.938,14.442
39.335,16.309
38.462,19.364
38.974,17.711
37.486,12.853
39.096,13.050
40.189,14.404
37.150,17.117
36.399,15.188
37.172,14.704
38.809,15.423
38.586,14.202
38.430,14.524
35.301,15.964
39.253,14.571
42.362,12.306
43.558,14.322
36.055,16.758
33.577,13.451
39.710,9.520
39.863,12.708
39.908,12.801
40.136,15.951
38.583,18.118
39.980,15.042
44.360,16.285
39.468,20.467
37.132,17.135
39.819,20.864
40.513,19.738
43.604,20.765
41.689,22.374
41.442,23.397
42.307,21.937
43.742,19.654
39.903,20.518
44.249,22.085
41.349,22.619
40.964,22.896
43.090,23.432
40.367,19.578
44.170,21.195
46.721,24.367
42.145,26.910
42.700,22.768
42.439,23.323
43.466,22.492
43.699,24.801
42.867,23.292
46.474,23.156
41.680,23.157
40.056,21.766
42.052,21.849
42.951,23.462
42.635,24.901
43.470,24.102
43.098,21.934
43.036,20.536
43.322,20.253
44.454,23.372
48.208,22.349
44.782,24.433
43.275,22.619
44.225,19.792
43.406,20.184
43.209,25.708
40.813,23.690
40.018,25.272
43.940,28.774
42.966,23.442
41.123,24.132
40.908,25.606
41.456,20.977
41.943,23.816
41.862,24.582
42.645,22.206
43.421,24.022
40.742,24.007
37.784,25.133
44.718,23.360
43.927,26.349
46.807,28.714
41.983,28.897
40.548,27.259
41.181,25.043
40.646,27.662
41.771,26.991
41.328,26.210
36.754,26.658
36.471,24.508
35.305,25.418
33.045,26.405
26.413,24.065
24.780,23.518
24.505,22.980
28.968,23.396
32.502,24.599
33.214,25.247
33.134,24.884
33.449,24.815
29.778,24.141
27.957,24.409
27.994,23.675
32.053,24.180
27.427,23.157
30.883,22.635
34.449,24.140
29.024,24.763
34.602,24.000
29.645,24.017
31.829,22.674
35.658,23.593
32.306,24.165
32.831,23.630
30.345,23.653
32.327,23.987
33.121,24.477
34.771,25.138
36.134,25.082
34.261,25.473
32.371,26.345
26.626,24.843
31.286,25.050
30.047,24.364
32.146,24.083
28.423,24.529
24.859,23.440
23.642,22.247
32.450,21.690
34.905,23.454
37.666,24.903
36.293,25.269
34.053,24.651
31.439,24.709
34.467,24.982
36.440,24.520
35.107,25.083
32.986,24.640
33.996,24.988
33.863,24.177
29.366,24.950
28.791,24.480
30.274,24.438
28.856,24.488
31.794,23.523
29.729,23.647
28.424,23.752
24.573,23.116
28.898,22.654
30.639,23.080
30.412,23.790
30.089,24.095
32.006,23.705
29.033,23.842
28.603,22.841
32.397,23.181
34.347,22.515
36.618,23.340
32.470,24.792
34.464,24.519
33.246,23.974
32.671,23.991
30.086,22.725
31.420,22.651
33.836,23.376
33.177,23.091
31.380,23.318
30.219,22.239
30.291,23.140
28.820,23.545
30.748,22.711
33.520,22.092
33.359,22.808
29.843,23.839
28.621,23.941
28.406,23.302
27.501,22.943
32.382,23.209
29.173,23.701
31.408,23.452
31.163,22.467
30.030,22.969
32.200,22.281
27.453,23.680
29.843,22.907
28.073,22.592
30.369,22.511
31.206,21.343
27.387,21.047
24.929,22.938
24.780,22.169
23.343,21.578
30.499,21.414
32.341,20.877
31.992,20.668
32.939,21.117
32.515,20.129
32.640,19.874
32.605,19.531
32.468,19.786
32.615,18.829
32.024,18.277
34.241,17.278
34.295,18.972
33.514,21.730
33.037,19.976
33.415,20.041
33.651,20.206
35.516,19.320
35.740,19.045
33.410,16.774
32.704,17.451
32.521,16.227
31.625,15.018
31.106,14.043
31.775,17.270
34.820,15.773
32.515,17.670
31.777,15.276
32.991,14.970
31.875,15.248
31.849,14.448
31.457,13.463
30.934,13.236
32.015,13.511
32.998,12.792
30.351,11.873
31.858,10.930
30.508,10.689
30.469,10.312
30.709,12.361
29.979,11.504
31.351,11.427
31.191,12.769
29.536,11.720
29.441,11.697
30.506,10.408
30.829,9.361
30.770,10.442
30.406,11.740
29.748,11.294
31.049,10.730
28.680,11.692
29.004,9.988
30.165,12.200
29.193,10.945
28.636,8.618
27.848,8.539
28.212,7.593
27.835,7.275
27.366,8.393
27.943,9.215
28.930,9.583
29.877,8.760
30.203,7.995
27.891,7.345
26.921,9.122
25.842,4.761
26.358,5.132
27.749,5.610
27.998,7.427
29.311,9.301
28.755,8.039
29.656,8.164
27.794,5.644
28.440,5.800
30.040,6.416
28.678,6.439
27.024,8.955
25.017,5.817
24.796,3.799
25.042,3.143
25.193,2.808
24.279,2.206
23.817,0.737
24.208,0.015
24.097,0.967
24.724,1.023
25.127,1.439
25.185,1.416
24.650,3.067
24.598,3.179
24.546,1.737
24.638,0.682
25.126,0.846
26.607,3.086
27.076,3.836
27.490,8.352
30.792,10.972
17.130,15.494
21.545,15.784
18.708,11.833
23.074,9.756
26.651,10.170
25.622,11.190
26.823,15.016
25.332,13.069
22.015,11.123
20.628,8.610
19.801,5.521
19.206,4.785
18.884,4.562
20.806,4.253
23.435,5.909
25.681,7.660
26.174,10.699
26.601,8.024
26.734,9.982
22.218,8.679
20.268,5.268
23.752,2.178
25.777,5.271
26.646,7.031
26.206,7.435
20.219,7.473
23.309,6.562
24.170,8.656
23.962,12.882
23.345,7.997
23.934,10.640
23.477,10.401
23.185,4.753
24.430,4.033
27.274,7.382
29.970,9.387
28.740,10.251
32.023,10.198
30.611,15.807
22.470,8.920
22.734,4.154
24.476,2.638
26.889,4.781
30.591,9.343
31.336,11.548
31.475,10.863
29.882,13.439
28.510,12.447
29.173,8.975
28.581,7.993
29.672,9.694
31.844,9.425
34.230,10.353
33.780,10.916
34.121,10.033
34.769,10.585
32.193,12.686
31.769,9.002
34.229,7.816
30.217,8.501
31.941,6.496
31.806,7.022
31.614,7.915
33.394,10.573
35.188,13.066
34.914,15.195
33.134,14.724
35.359,8.736
31.688,9.927
32.837,8.818
37.870,7.547
30.966,13.686
34.038,16.069
30.963,10.516
33.008,10.317
33.518,9.938
36.055,12.748
36.328,11.440
35.903,12.881
37.943,13.984
39.309,15.714
36.193,14.720
36.094,12.163
36.955,12.854
37.738,12.384
38.612,11.829
41.413,14.355
39.869,15.236
38.292,15.296
37.499,14.013
39.920,14.586
41.851,17.643
41.036,14.879
40.212,15.627
41.921,15.028
40.290,21.648
38.969,16.430
39.689,17.210
40.246,19.717
40.071,16.815
41.667,18.929
44.995,17.520
39.263,20.573
43.063,17.795
44.847,19.094
39.997,18.305
38.137,17.085
40.557,16.073
40.694,17.868
41.111,19.227
41.780,17.345
38.253,23.717
39.937,21.498
41.214,18.300
42.188,18.651
41.513,23.070
41.911,20.535
41.083,22.036
40.014,20.190
40.774,18.229
41.693,14.721
41.698,16.066
41.375,16.080
47.814,13.208
42.373,13.661
42.625,15.850
43.042,15.644
43.109,17.279
42.395,17.071
41.775,21.528
42.701,20.338
42.936,23.296
42.686,19.582
43.874,22.154
42.144,22.100
41.636,21.231
42.329,18.531
43.174,23.756
43.531,22.252
42.796,20.262
43.093,19.388
42.945,18.810
43.805,19.131
43.572,21.258
44.036,21.354
44.732,19.563
44.932,20.370
44.188,19.978
43.989,19.523
44.672,17.150
44.535,21.002
45.366,18.041
46.486,19.153
46.104,21.068
42.764,26.926
41.942,27.488
42.420,24.892
44.387,24.430
39.521,27.589
39.312,25.548
42.923,25.209
41.624,27.275
43.319,27.469
44.223,25.349
44.986,25.514
43.382,27.962
43.802,28.072
42.215,28.089
41.695,28.989
42.147,26.600
33.620,26.562
36.023,27.046
38.266,26.992
30.527,25.139
25.434,24.390
34.287,23.739
33.594,25.026
40.281,27.039
40.153,26.051
39.396,26.816
41.434,27.380
41.806,28.474
41.047,29.496
37.873,28.238
39.140,27.935
36.226,26.496
31.325,26.163
28.836,25.230
30.650,24.445
32.474,24.516
32.356,24.584
31.846,24.373
31.813,24.763
34.248,24.931
33.602,25.583
32.969,25.082
30.908,25.139
31.067,23.805
32.908,24.580
34.780,24.918
32.513,25.008
30.586,24.954
32.356,24.057
31.235,24.121
32.326,24.060
31.110,23.949
29.156,24.417
30.491,24.152
32.466,23.928
31.106,24.053
29.508,23.582
29.869,24.346
32.570,23.607
28.999,24.114
31.406,23.385
32.206,24.223
30.448,23.831
28.753,23.601
28.937,24.084
30.639,23.109
30.981,23.319
26.364,24.113
28.785,23.931
30.212,23.285
29.315,23.265
30.299,23.515
31.967,23.220
32.546,23.163
32.504,22.213
31.046,21.841
33.717,23.846
34.077,23.038
31.121,23.292
32.555,22.504
29.960,23.392
29.213,22.061
32.212,22.626
36.074,22.309
32.862,24.048
33.015,22.635
34.874,22.960
35.333,23.347
34.652,23.352
34.424,23.057
37.019,23.473
34.901,23.587
33.922,22.697
30.396,24.057
30.351,23.866
30.843,22.130
31.401,22.926
33.772,22.925
31.278,21.935
29.558,22.170
32.768,22.594
32.990,22.191
28.869,22.923
29.077,22.722
25.228,22.008
25.184,22.129
27.181,21.787
32.276,20.886
33.648,22.622
32.822,22.785
33.337,22.226
33.118,21.919
32.774,20.521
33.123,20.902
33.208,19.796
32.589,20.176
32.654,17.896
33.886,18.662
35.991,17.999
37.219,19.572
37.938,21.073
37.480,22.947
35.012,23.385
34.360,22.296
34.223,20.273
33.669,17.227
33.183,15.816
33.206,14.652
34.190,16.837
31.599,18.204
34.087,16.862
32.183,14.431
33.856,14.839
33.243,14.429
33.476,15.557
32.486,15.360
31.921,14.351
32.467,14.049
31.459,13.289
32.845,13.706
30.943,12.702
34.013,16.029
31.487,13.016
31.460,14.758
33.062,16.849
33.932,13.509
32.852,13.029
29.955,11.156
29.746,10.280
30.466,8.605
30.575,9.398
30.679,12.150
18.600,17.411
24.036,17.888
25.190,18.318
20.931,16.354
21.013,14.994
26.994,13.821
27.365,12.929
28.065,11.563
28.387,10.275
28.444,12.353
28.919,11.628
29.423,13.110
26.238,10.527
26.740,8.224
25.300,7.323
25.688,5.733
26.361,6.918
27.486,7.339
27.184,7.405
27.503,8.016
28.658,8.398
27.786,8.751
27.699,9.515
27.191,8.538
26.444,9.362
26.601,8.028
26.925,6.077
27.539,7.860
27.218,7.702
26.802,7.168
26.631,5.648
25.632,5.842
26.720,6.216
28.023,6.469
27.675,8.943
27.656,10.279
28.199,9.658
28.610,8.859
29.901,10.006
29.647,16.944
27.318,10.698
28.363,10.193
29.286,12.435
29.587,11.755
27.409,9.799
26.032,11.232
25.252,8.706
25.404,8.659
25.279,7.325
25.253,2.757
23.617,2.249
22.097,2.745
24.413,1.455
23.247,2.331
21.708,0.754
22.332,1.859
25.193,2.979
27.458,4.154
27.451,5.014
28.232,6.039
29.594,7.467
28.934,11.988
24.156,7.611
24.929,1.840
26.276,3.398
23.326,5.528
21.355,1.931
20.181,-1.043
21.761,-0.853
23.522,3.011
22.956,5.197
23.949,3.404
27.394,6.948
27.423,7.383
29.410,6.697
31.737,9.738
31.902,11.777
30.674,15.104
26.427,11.564
24.959,6.079
24.563,2.305
25.496,2.866
25.714,3.129
24.716,3.327
25.052,2.079
24.851,1.427
25.480,1.337
26.226,1.262
26.188,1.401
26.873,2.608
28.285,4.655
28.603,10.507
28.170,6.640
29.546,6.739
33.247,9.609
31.985,13.791
33.105,13.963
24.287,11.898
29.237,8.401
27.095,3.311
30.549,5.397
30.376,5.541
30.139,9.475
30.583,9.341
30.758,9.009
31.030,13.677
25.975,11.633
23.518,14.679
23.495,9.653
26.085,8.050
27.276,8.591
29.043,9.068
29.149,9.088
32.968,11.653
29.523,13.596
29.181,11.541
29.975,9.716
32.774,11.216
31.328,14.026
28.964,12.128
29.457,9.579
31.853,8.942
31.664,8.985
32.823,8.523
33.500,9.580
32.277,9.383
33.762,9.435
32.368,10.236
36.116,11.684
35.936,14.054
34.623,11.860
37.343,12.535
39.483,16.146
38.229,18.117
37.226,14.877
31.782,17.835
32.391,15.276
34.740,15.770
36.358,15.995
36.224,15.753
36.578,17.299
40.911,15.891
40.011,16.859
36.891,18.779
36.255,17.524
37.186,16.450
38.209,17.427
36.982,19.847
36.877,16.861
35.903,15.273
38.225,15.099
42.617,16.187
36.515,22.014
36.463,19.750
36.181,18.584
37.396,17.532
38.913,17.341
40.825,16.888
44.587,16.702
46.837,16.962
43.393,18.765
41.852,22.047
42.749,18.689
39.737,25.083
38.509,21.765
39.646,18.536
41.058,21.595
41.432,20.687
37.423,19.453
35.499,20.345
33.234,20.204
35.902,15.683
36.346,16.798
40.669,19.507
43.809,21.248
42.355,22.681
40.715,26.708
41.660,24.165
42.681,21.355
46.106,21.417
43.477,23.050
43.280,22.559
41.617,20.771
43.821,19.239
44.973,19.415
45.198,21.905
44.131,21.686
43.361,21.727
43.997,23.404
44.710,21.975
43.212,22.052
42.652,21.642
41.922,22.204
39.918,19.076
40.985,20.751
41.792,20.990
43.900,21.137
43.949,18.155
44.522,17.737
44.878,18.546
44.693,20.131
45.233,19.298
45.766,20.851
45.800,20.902
44.894,22.456
44.009,22.110
46.219,24.407
42.836,25.558
42.094,21.460
40.899,20.248
38.212,19.508
40.533,19.630
41.554,20.732
41.416,20.657
41.666,28.114
44.476,25.747
44.625,27.914
46.918,25.315
44.809,24.529
42.479,27.118
42.614,29.850
40.515,25.564
40.063,24.453
33.792,24.794
31.962,25.799
32.022,24.363
32.973,24.563
35.131,24.682
36.686,26.267
39.629,25.939
37.875,27.721
38.715,26.177
38.314,27.003
38.867,27.273
36.984,26.806
30.193,25.518
28.918,25.071
27.213,24.797
26.686,24.316
28.991,23.487
28.622,24.286
27.299,24.254
29.918,24.139
33.124,24.246
34.469,24.317
35.371,25.286
36.445,25.221
37.583,26.164
38.947,26.565
36.533,26.474
27.971,24.553
34.326,23.243
32.089,24.555
37.304,24.654
37.395,24.528
36.257,24.868
35.340,24.960
34.482,25.132
38.583,25.168
39.824,26.986
36.173,25.098
34.244,25.150
32.704,24.904
34.368,24.792
32.728,25.033
35.542,25.091
35.156,24.540
25.454,23.635
25.589,22.868
27.358,23.328
31.015,22.165
30.376,23.908
30.501,23.021
30.759,23.483
30.898,21.989
37.282,23.593
34.521,25.040
33.436,24.354
37.073,24.004
35.300,24.616
32.734,23.959
32.604,23.352
30.992,23.620
28.561,23.406
34.259,22.738
34.474,23.704
36.400,23.208
31.862,24.855
30.008,24.654
32.440,23.062
29.614,22.604
30.588,22.190
24.978,23.005
28.631,22.360
31.692,20.863
30.211,21.876
32.500,21.194
31.793,22.207
36.227,23.090
33.243,22.890
30.296,23.301
26.243,23.173
26.910,23.069
32.468,21.199
32.384,22.932
34.437,23.369
33.783,23.227
34.055,22.441
34.342,22.613
35.990,20.486
35.524,21.393
34.803,21.295
35.821,21.135
35.140,22.285
37.438,23.244
36.475,22.453
35.684,23.084
36.078,24.412
34.466,24.370
37.020,22.158
35.040,21.617
31.904,21.494
29.585,22.531
32.456,22.058
32.697,21.753
30.697,21.997
33.040,21.840
32.857,22.116
33.741,22.211
31.521,22.738
29.836,22.886
27.969,22.151
27.839,21.931
26.405,21.815
25.634,22.021
31.322,21.945
29.350,21.568
31.020,22.388
30.858,21.704
31.643,21.559
30.133,21.677
30.106,20.711
29.450,19.314
29.135,20.138
30.572,19.537
23.153,21.689
21.827,19.205
25.626,18.155
26.518,18.908
29.597,17.853
32.386,18.697
31.438,19.280
31.166,19.210
30.994,16.996
29.601,14.669
25.676,18.427
25.792,20.100
25.536,19.665
29.587,18.711
28.677,16.565
29.330,16.015
29.923,15.171
31.503,15.103
32.206,15.852
32.215,16.725
30.444,16.927
31.070,17.158
30.444,14.335
29.180,9.996
29.534,9.593
30.368,10.678
31.282,11.065
28.139,11.052
27.682,13.905
25.662,10.417
26.544,9.313
26.124,8.384
26.042,8.202
25.719,7.045
25.860,7.119
26.743,7.006
27.450,8.489
27.125,8.369
27.482,7.468
27.325,6.141
28.922,7.362
28.402,8.442
27.762,9.236
26.473,8.085
27.378,10.614
26.903,9.549
26.722,7.317
27.213,7.871
26.987,10.139
26.638,6.580
26.721,6.059
27.068,5.940
26.390,7.729
25.706,6.575
26.422,5.948
27.128,5.244
26.369,5.610
26.625,5.550
26.215,5.216
25.671,5.513
25.075,7.225
25.347,9.285
24.603,6.832
24.732,4.616
25.964,5.961
25.163,4.938
25.087,5.796
26.143,6.612
27.237,9.537
27.544,6.818
27.972,10.476
27.292,10.668
24.516,9.685
24.404,6.404
24.534,6.799
26.479,4.180
26.790,6.310
26.200,10.663
27.666,6.518
28.989,10.893
27.885,8.375
25.348,10.574
24.512,7.543
25.601,6.229
28.081,9.499
24.885,9.267
23.198,3.071
24.637,1.827
28.708,5.470
30.070,12.140
25.838,12.072
20.131,7.324
21.539,3.890
23.300,4.096
24.189,8.088
27.323,9.929
26.666,11.552
25.774,14.597
21.403,11.795
23.606,7.506
25.943,9.239
26.270,12.924
24.767,10.392
24.983,10.046
24.753,9.888
24.069,6.109
23.014,4.721
24.939,4.505
25.633,5.041
24.274,5.203
25.198,4.544
24.583,3.836
25.033,3.929
27.360,5.595
28.306,7.811
29.184,9.597
29.026,11.228
31.343,11.655
30.510,13.059
29.436,8.614
26.944,8.313
26.351,7.235
25.801,6.106
29.971,5.300
23.219,13.760
27.801,10.295
18.774,11.442
21.644,7.860
23.956,6.162
27.224,5.676
29.808,6.101
32.644,10.215
28.143,12.132
27.605,13.628
27.156,13.023
30.627,10.058
29.966,14.156
31.234,14.245
25.674,16.452
26.497,18.207
28.554,14.908
26.552,10.398
25.809,10.673
28.076,10.101
28.055,10.985
30.490,10.562
29.227,11.737
28.840,12.501
29.392,11.167
31.901,14.742
32.272,16.055
32.379,16.996
32.753,13.883
34.291,13.477
33.934,14.094
34.926,13.271
37.372,16.248
34.389,18.302
33.418,13.813
36.693,12.101
36.460,13.925
35.600,14.031
38.432,16.081
39.357,17.383
37.283,19.217
40.278,18.256
38.127,19.384
38.399,17.533
38.226,18.632
37.633,18.746
37.033,16.358
42.021,15.937
38.457,16.738
36.205,15.364
37.838,17.397
41.562,16.939
40.972,17.329
39.982,22.724
37.485,17.158
38.145,14.501
40.246,12.477
42.873,13.819
44.964,15.083
40.520,19.472
41.940,16.845
41.304,19.485
41.725,16.280
42.050,22.734
42.170,18.211
38.942,18.246
41.988,16.507
40.848,18.006
41.143,20.504
40.848,17.838
42.085,17.061
43.035,17.371
49.958,17.416
43.424,18.875
43.049,16.529
46.554,17.713
44.634,20.569
46.176,23.579
42.365,25.669
41.805,21.339
46.594,18.512
41.662,20.146
40.096,21.864
40.639,22.472
40.194,25.094
39.598,26.139
41.438,25.759
41.874,22.655
40.790,23.321
41.689,19.236
39.055,18.909
38.442,19.287
42.624,19.094
42.504,24.240
41.999,19.562
43.516,18.734
43.023,20.349
42.034,18.987
43.898,19.233
44.009,19.662
44.699,24.262
33.679,23.700
25.937,22.593
38.325,21.327
44.062,25.718
45.324,26.925
44.361,26.350
43.351,27.476
40.673,26.645
44.128,25.975
46.715,28.656
45.643,27.900
48.901,28.983
49.582,29.319
47.538,28.112
49.380,28.121
44.816,31.014
45.662,29.133
42.605,26.828
42.150,28.909
41.071,28.254
39.589,26.667
39.299,28.618
40.073,27.973
36.083,26.652
36.646,25.954
38.442,26.345
36.904,26.851
39.022,26.396
40.196,27.693
40.480,28.165
39.409,28.492
39.724,27.852
41.157,28.059
40.579,27.624
39.192,27.193
40.093,27.161
40.159,28.036
38.175,25.961
38.437,26.159
34.286,28.107
30.124,25.578
29.446,25.452
33.752,25.706
38.490,26.034
39.333,27.471
37.903,27.077
37.614,26.703
38.145,26.908
38.457,27.087
36.231,26.968
33.231,26.094
32.150,25.895
28.715,24.561
31.730,24.601
30.705,24.259
25.990,24.945
28.961,24.702
29.610,23.714
30.336,22.737
27.156,22.203
31.064,21.666
34.479,21.841
33.212,24.358
34.468,24.869
33.806,24.487
31.557,24.980
33.822,24.020
