20000101
1.718
1.793
1.559
1.372
1.317
1.816
1.869
1.556
1.732
2.394
1.860
2.248
2.327
2.641
1.873
2.640
1.816
2.089
2.409
2.475
1.412
2.073
2.238
2.155
1.911
2.185
2.322
2.254
1.935
1.509
1.677
4.529
2.486
2.425
1.775
3.392
1.567
1.931
2.035
2.072
1.253
4.205
1.573
2.084
2.430
1.840
2.150
1.842
1.658
1.781
1.869
2.083
1.928
0.949
1.300
2.230
2.087
2.050
2.437
2.269
3.154
2.279
2.013
2.656
2.381
1.416
3.429
3.706
2.169
1.942
2.968
3.927
3.933
2.692
2.049
2.254
2.449
2.587
2.094
1.716
1.853
3.404
3.787
2.500
1.867
1.566
2.031
2.249
2.239
2.281
2.177
2.304
2.594
2.122
1.546
1.831
2.245
1.880
1.608
2.875
1.891
2.777
2.155
2.313
2.487
2.133
1.991
2.241
2.305
2.966
2.007
2.379
2.060
2.679
2.747
2.623
2.413
3.076
3.351
3.098
2.434
1.928
1.814
2.834
2.736
2.497
2.978
2.409
2.494
2.338
1.567
1.874
1.831
2.546
2.312
2.091
2.707
2.911
3.170
2.575
1.371
2.674
2.279
2.253
2.220
3.796
3.412
3.339
2.845
2.621
2.016
2.551
2.218
1.826
1.989
2.039
2.650
3.889
3.775
3.863
3.070
2.332
2.118
2.036
2.401
2.841
2.278
2.090
2.161
1.582
1.206
1.574
3.088
2.717
2.882
2.569
2.457
2.296
1.556
1.347
2.158
2.045
1.813
2.514
1.882
1.789
1.181
2.056
1.745
1.829
1.740
1.328
1.477
2.343
2.240
2.702
2.052
1.862
1.235
2.212
1.657
4.318
3.093
2.501
2.705
2.699
1.966
1.990
0.952
1.297
1.007
1.609
1.975
2.726
3.408
3.149
2.672
2.050
1.546
1.630
1.811
1.643
2.710
2.171
2.515
3.179
2.435
2.593
2.664
2.564
1.286
1.289
0.768
1.149
1.987
1.846
2.275
2.423
2.323
2.075
2.087
2.003
2.367
3.213
3.049
4.893
1.848
2.848
2.082
1.930
1.297
1.477
2.828
2.930
2.265
1.783
1.711
1.740
1.456
1.384
1.518
1.878
1.794
1.655
1.552
1.601
1.477
1.310
1.280
1.649
1.838
1.798
1.758
1.567
1.698
1.509
1.531
1.195
1.397
1.790
1.486
1.755
1.897
1.872
2.004
1.951
1.759
2.286
1.853
1.983
2.395
1.764
1.368
2.002
1.929
1.620
2.106
2.413
2.292
2.042
2.207
2.125
1.877
1.929
1.733
1.719
1.939
1.727
1.272
1.588
1.295
1.694
1.587
1.857
1.331
1.720
1.497
1.874
1.362
1.405
1.865
1.847
1.214
1.598
2.534
1.815
1.021
1.656
1.500
1.585
1.864
1.372
1.976
1.882
1.763
1.942
1.696
1.778
1.259
1.538
1.491
1.445
1.150
1.955
1.663
1.939
1.531
1.438
1.704
1.809
1.737
1.403
1.533
1.823
1.536
1.404
1.383
1.227
1.205
1.609
1.779
1.730
1.740
1.644
1.454
1.930
1.163
1.252
1.599
1.816
1.573
1.037
2.039
2.385
2.263
1.809
1.395
1.613
2.135
1.827
2.040
1.829
1.819
1.899
2.133
1.648
1.656
2.911
2.936
2.718
2.375
2.351
2.833
1.775
1.479
1.748
1.620
1.842
2.060
2.011
2.324
2.187
2.327
1.767
2.433
2.726
1.669
1.539
1.826
1.887
1.593
3.830
2.473
1.839
2.100
2.101
1.558
3.509
2.166
2.247
2.856
3.022
2.379
2.086
2.485
2.334
2.237
1.836
1.922
2.265
1.753
1.928
1.754
2.210
2.198
2.157
2.411
2.812
1.639
1.457
1.841
1.975
1.840
2.128
1.670
2.132
1.542
2.021
1.714
1.155
1.078
1.406
1.384
2.546
3.136
2.360
2.094
1.542
1.638
1.937
1.420
2.001
2.570
1.792
1.884
2.689
2.114
1.697
3.146
1.595
1.492
2.421
2.242
2.412
2.078
2.103
2.593
1.923
1.881
1.833
1.445
1.461
1.996
2.653
2.883
2.862
2.697
2.440
2.255
2.326
2.725
2.759
2.981
3.308
3.069
3.383
3.616
2.846
2.740
2.203
2.733
2.099
2.117
2.387
1.872
2.588
2.391
1.938
2.134
2.057
2.649
2.327
2.222
1.739
2.461
2.715
2.322
1.787
2.287
1.646
1.626
2.081
2.316
1.520
2.283
1.416
1.515
1.972
2.466
3.724
3.225
1.463
3.824
3.483
2.296
1.837
3.009
3.404
2.381
1.812
1.869
2.031
1.485
2.443
2.546
1.212
1.484
2.490
2.054
1.534
1.763
1.848
1.940
2.216
2.428
2.148
1.583
2.898
3.009
3.335
2.682
3.475
3.015
2.423
2.205
1.811
0.993
1.670
1.452
1.441
1.522
2.071
1.925
2.377
2.808
2.909
2.349
1.804
2.237
1.745
2.014
2.161
1.871
1.162
1.085
1.595
1.355
1.813
1.455
1.387
1.311
2.104
1.073
1.298
1.462
1.840
2.058
2.185
1.880
1.352
1.681
0.761
1.915
2.501
2.248
2.217
2.330
2.023
2.123
2.487
2.461
2.918
2.616
2.071
2.084
1.699
1.766
1.923
2.570
1.985
1.515
1.721
1.707
1.536
1.297
1.888
1.427
2.079
2.233
2.030
1.879
1.399
1.392
1.460
1.562
1.981
1.814
1.612
2.467
2.913
2.181
2.361
4.096
2.464
1.491
1.521
1.145
1.610
1.396
1.303
1.303
1.754
1.553
2.160
2.053
1.406
1.294
1.418
1.856
2.011
1.513
1.717
1.442
1.481
1.986
1.613
2.169
2.078
1.859
1.779
1.613
2.058
1.773
1.812
1.853
1.691
2.290
2.092
2.433
2.772
2.583
2.271
2.303
1.649
1.683
1.639
1.882
1.557
1.885
1.994
1.524
1.689
1.629
1.185
1.629
1.372
1.723
1.661
1.187
1.251
1.642
2.021
1.287
1.501
1.306
1.380
1.341
1.635
2.000
1.879
1.703
1.654
1.746
1.621
1.598
1.870
1.687
1.521
1.803
1.804
1.584
1.624
1.365
1.676
1.616
1.538
1.569
2.039
1.615
1.587
1.861
1.969
1.734
1.543
1.748
2.005
1.892
1.576
2.385
1.721
1.490
1.313
1.754
1.428
1.725
2.369
3.141
1.637
3.298
1.677
3.109
1.703
1.293
1.580
1.905
1.691
2.249
2.489
2.466
1.620
1.922
1.936
1.908
1.551
1.604
1.329
1.858
3.256
2.383
1.387
1.868
2.624
4.137
2.067
1.969
1.911
1.734
1.418
1.641
2.321
1.708
1.715
2.151
2.013
2.479
1.579
2.387
2.358
1.968
2.245
2.033
2.723
2.962
2.054
1.723
2.222
2.175
2.414
3.009
2.307
2.293
2.069
2.110
2.072
2.104
2.303
1.569
1.934
1.995
1.757
2.165
1.810
1.232
1.731
2.612
2.383
2.266
1.628
2.052
1.926
2.026
2.740
2.599
2.063
2.099
2.246
1.979
1.941
2.102
1.704
1.834
1.670
2.034
2.526
2.341
2.086
2.452
2.317
2.853
1.943
1.603
2.984
2.867
2.156
1.938
2.498
3.342
2.120
2.730
3.586
1.924
2.093
2.780
2.194
2.588
2.888
2.356
3.016
2.569
2.627
2.901
3.072
2.968
2.561
2.746
2.990
2.562
2.266
2.584
3.981
4.033
3.707
3.094
3.020
2.801
2.969
3.061
3.086
3.201
2.253
2.292
2.211
2.090
2.035
2.370
1.742
2.971
2.621
3.571
2.124
2.255
2.888
1.739
2.260
1.920
2.123
2.399
2.695
1.796
2.331
2.422
2.069
2.664
2.508
2.036
2.194
2.313
3.436
3.578
2.990
2.547
2.874
2.445
2.473
2.221
3.084
2.656
3.011
3.185
2.948
3.157
2.921
3.591
2.232
1.986
1.854
2.379
2.452
1.599
2.039
1.230
1.712
2.810
3.606
3.989
3.353
2.796
2.724
2.628
2.453
1.920
1.992
1.565
1.245
1.563
2.049
1.861
1.529
1.519
1.253
1.514
1.382
1.979
2.940
2.496
2.565
2.772
1.855
1.050
1.049
2.568
1.577
1.410
0.671
2.182
3.318
3.418
2.803
2.129
2.160
1.675
1.583
2.215
1.813
1.478
1.073
1.904
2.620
3.493
1.874
0.760
0.861
1.182
1.677
1.516
1.646
1.700
1.643
1.640
2.303
2.215
1.744
1.680
1.955
1.490
1.312
1.075
1.488
1.573
1.949
1.620
1.493
1.337
1.241
1.603
1.905
2.161
1.632
1.619
1.243
1.733
1.695
1.876
1.676
1.748
1.490
1.949
2.277
1.319
1.270
1.402
1.488
1.355
1.423
1.678
1.575
1.661
1.309
1.426
1.235
1.267
1.610
1.615
1.879
1.729
1.941
1.900
1.692
1.431
1.704
1.600
1.657
1.658
1.812
1.957
2.279
2.344
2.151
1.938
1.752
1.465
1.100
1.391
1.550
1.886
1.620
1.804
1.373
1.085
1.156
1.611
1.588
1.163
1.119
1.231
1.413
1.295
1.333
1.421
1.705
2.060
1.683
2.050
1.544
1.663
1.708
1.646
1.425
1.312
1.270
1.466
1.475
2.525
2.094
2.249
1.616
1.656
2.047
2.213
2.839
1.724
1.498
1.495
1.297
2.155
3.283
2.218
1.932
1.897
1.992
1.646
1.471
1.479
1.812
1.529
1.664
1.858
1.492
1.755
1.732
1.894
1.679
1.533
1.672
1.494
2.003
2.097
2.018
1.696
1.864
1.967
1.878
2.065
1.851
2.033
1.716
2.398
1.785
2.815
1.930
2.851
1.827
1.173
0.764
2.267
2.625
1.881
2.171
1.374
2.059
1.614
1.754
1.541
1.364
2.773
3.576
1.958
2.167
1.630
1.650
2.000
1.985
1.331
1.701
1.725
2.102
1.801
2.520
2.848
2.173
1.709
1.406
1.909
1.586
2.470
2.460
2.262
1.174
2.075
1.437
1.296
2.298
1.880
1.973
1.892
1.526
2.349
2.041
1.953
1.989
2.091
2.019
1.668
2.416
2.873
2.363
2.609
2.241
1.735
1.973
1.786
2.343
1.461
1.831
1.841
1.619
2.042
2.381
2.171
2.040
2.299
2.697
2.408
1.755
1.329
2.723
2.070
1.826
1.812
2.409
1.738
1.839
3.288
3.287
2.470
3.166
3.373
3.195
3.558
2.952
1.265
1.283
1.533
1.462
2.145
2.046
2.609
2.531
2.887
2.564
2.007
2.896
2.614
2.623
2.787
2.441
2.673
2.981
1.994
1.962
1.860
2.131
2.877
3.125
3.181
2.505
2.597
2.264
2.418
2.681
2.211
2.677
3.746
2.848
2.893
3.080
3.508
3.266
2.915
2.930
2.907
2.415
2.226
2.258
2.053
1.854
0.867
1.082
1.971
2.044
1.563
1.354
2.067
3.117
3.360
2.761
2.538
2.070
1.039
1.384
1.671
2.143
2.162
2.662
1.858
1.693
1.486
1.971
2.014
1.868
1.386
1.160
1.827
1.962
1.382
1.557
1.707
1.339
1.699
0.833
1.681
1.507
2.814
3.560
2.260
2.722
2.620
2.579
2.740
2.312
1.306
1.698
2.123
1.272
1.652
1.776
1.444
1.179
1.787
2.481
2.236
1.714
1.361
1.567
1.386
1.509
1.774
1.465
1.220
1.989
2.691
2.319
1.760
1.304
2.161
2.730
2.296
1.504
2.286
2.105
2.306
1.192
1.333
1.263
1.718
1.584
1.481
1.160
1.825
1.324
1.345
1.178
1.082
1.677
1.765
1.412
0.915
1.107
1.142
1.251
1.420
1.410
1.989
1.584
1.382
0.894
1.301
1.524
2.934
1.187
1.962
1.570
1.651
1.709
2.478
3.954
2.672
2.384
1.639
1.577
1.836
1.589
1.644
1.218
1.068
1.450
1.342
1.291
1.403
0.934
1.111
1.412
2.396
2.891
2.002
1.557
2.199
1.417
1.272
1.166
1.705
1.177
1.403
1.634
1.316
1.575
2.147
1.734
1.711
1.350
0.977
1.688
1.279
1.752
1.579
1.580
1.723
1.569
1.769
1.564
1.239
1.277
1.574
1.497
1.430
1.264
1.653
1.716
1.710
1.221
1.113
0.836
1.161
1.083
1.350
1.523
1.599
1.331
1.378
1.604
2.113
2.177
1.777
1.710
1.432
1.941
2.112
2.072
2.097
1.977
1.931
1.694
1.905
1.568
1.531
2.196
2.279
2.673
1.800
1.659
1.165
1.463
1.546
1.629
2.079
2.028
1.873
1.427
1.739
1.452
1.360
1.264
1.217
1.297
1.890
1.508
1.539
1.727
2.358
1.866
1.534
2.335
2.508
1.956
2.583
1.219
1.430
1.806
1.605
1.672
1.754
2.392
2.092
2.107
2.111
1.529
2.008
2.263
1.647
1.385
1.649
1.803
2.008
1.933
1.856
1.758
1.889
1.712
1.475
2.193
3.082
1.928
1.888
2.025
1.728
1.588
1.575
1.891
1.614
2.650
1.979
2.224
2.252
2.136
1.710
2.043
1.737
1.671
2.288
1.972
1.899
2.325
2.200
2.258
1.964
2.239
2.430
2.717
2.146
2.728
2.627
2.445
2.276
2.202
1.777
1.580
1.487
1.382
2.041
1.624
1.678
3.040
1.443
1.473
1.596
1.468
1.763
1.480
1.874
3.070
2.278
2.705
2.105
2.420
3.051
3.142
2.986
2.837
2.661
3.280
2.087
1.663
2.138
2.104
3.063
1.891
1.729
2.255
1.893
2.279
2.286
3.265
2.603
1.981
1.572
1.640
1.296
2.369
1.605
1.632
1.773
1.894
2.653
2.620
2.284
2.152
2.435
2.275
2.522
2.823
2.791
3.665
3.057
2.556
2.300
2.214
2.341
1.860
2.563
1.861
2.351
2.122
2.360
2.105
1.896
2.040
2.180
2.689
2.722
2.209
2.376
1.549
1.160
1.690
2.755
4.602
3.547
2.270
4.720
4.568
3.854
3.812
3.490
3.217
3.489
3.423
2.258
1.864
1.653
1.927
2.013
2.455
2.195
2.055
2.115
1.893
1.461
1.976
2.841
3.323
3.032
3.306
3.653
2.413
2.106
1.822
1.774
1.804
1.652
2.484
3.356
3.262
3.171
2.398
2.112
1.570
1.558
1.056
1.085
0.936
1.632
1.609
1.530
2.430
1.653
1.275
1.657
2.864
2.244
2.226
1.900
2.156
0.937
1.034
1.998
1.421
1.822
1.367
1.783
1.577
2.131
1.412
1.769
2.217
2.947
1.726
2.105
2.222
2.095
2.382
2.588
2.519
1.942
1.640
2.018
1.487
1.393
2.029
2.179
1.797
1.576
2.141
2.069
2.583
2.065
2.301
1.874
2.095
2.245
2.627
2.850
3.021
2.380
1.548
1.959
2.103
1.944
1.166
1.102
1.481
1.455
1.095
1.571
1.960
1.548
1.948
1.690
1.743
1.909
1.829
2.398
1.989
1.212
1.595
1.609
1.584
1.933
1.939
1.560
1.126
1.205
1.184
1.020
1.655
0.940
0.980
1.367
1.402
1.436
1.466
1.634
1.660
1.571
1.801
2.058
1.626
1.376
1.881
1.403
1.219
1.336
1.566
1.461
1.480
1.479
1.270
1.405
1.846
1.530
1.355
1.669
1.577
1.620
1.813
1.727
1.364
1.510
1.283
1.449
2.015
2.110
2.001
1.415
1.541
1.500
1.138
1.385
1.422
1.786
2.063
1.993
1.801
1.463
1.583
1.375
1.098
1.959
1.605
1.459
1.215
1.728
1.615
1.357
0.866
1.287
2.660
2.615
1.216
2.064
1.833
1.822
2.003
1.319
1.517
1.737
1.660
1.509
2.295
2.167
1.852
1.894
1.729
1.747
1.321
1.700
1.379
1.685
2.269
2.400
1.573
1.369
1.391
1.536
1.808
2.780
2.036
1.570
1.573
2.005
3.960
1.769
1.573
1.453
2.054
2.184
1.656
1.531
2.042
2.182
1.431
1.279
1.568
1.963
1.862
3.224
2.447
1.765
1.724
1.792
2.128
2.706
3.478
2.758
3.462
1.986
2.301
2.232
1.664
2.042
2.378
2.463
1.495
1.674
2.189
1.795
1.524
1.145
2.145
2.337
1.503
1.469
1.808
1.612
1.908
2.331
1.728
1.767
1.817
1.727
1.596
1.765
1.768
1.893
1.871
2.564
2.838
2.288
2.587
2.013
2.599
2.066
1.833
1.877
2.854
1.844
2.259
2.529
1.836
1.750
2.346
1.935
1.869
1.535
2.836
3.100
2.445
2.647
2.148
1.817
1.611
1.961
1.803
3.122
2.110
1.836
1.911
3.006
2.584
1.838
1.630
3.084
2.699
2.518
2.174
2.525
1.939
2.295
1.920
1.677
2.507
2.384
1.322
1.969
2.787
2.562
2.420
2.435
1.360
1.874
2.038
2.283
1.842
2.010
2.051
2.008
2.240
1.884
2.663
1.675
1.875
1.948
2.007
1.917
2.053
2.520
2.159
2.101
2.017
1.950
2.325
2.095
2.951
1.074
1.936
2.791
2.051
1.592
2.313
2.883
2.887
2.893
2.429
2.893
2.507
1.948
2.511
1.597
2.489
2.364
2.204
2.146
1.662
1.830
1.312
1.300
2.486
2.633
3.974
4.541
4.745
3.740
4.125
3.727
2.155
0.819
1.346
1.752
1.671
1.032
1.797
2.399
1.738
2.618
2.725
1.913
1.819
2.286
2.093
1.905
2.091
1.222
1.980
2.123
2.816
1.988
1.735
1.590
2.373
3.170
2.690
2.863
1.862
1.779
1.546
2.362
2.608
2.373
2.253
2.706
2.131
1.282
1.712
1.627
1.979
1.092
1.495
1.524
1.524
1.649
1.877
2.137
2.548
2.446
2.472
1.815
1.311
0.907
1.591
2.195
2.320
1.973
1.262
1.533
1.529
1.969
1.323
1.639
1.511
1.626
1.921
2.368
3.005
3.356
3.842
3.548
1.849
1.694
2.269
2.988
2.853
2.250
2.607
2.621
3.243
2.206
2.538
2.272
1.805
1.583
1.596
1.710
1.836
1.856
2.239
1.718
1.608
1.469
1.234
1.644
2.118
1.664
1.278
2.187
2.318
1.551
1.142
1.543
0.815
2.056
3.007
2.308
1.671
1.764
1.505
1.743
1.845
2.274
2.219
1.640
0.826
1.039
0.883
1.578
1.915
2.122
1.612
1.434
1.470
1.702
1.506
1.542
1.230
1.956
2.162
2.375
2.600
2.251
1.930
1.362
1.241
1.085
1.458
1.625
1.527
1.796
1.813
1.780
1.683
1.882
1.573
1.377
1.644
1.864
2.177
2.130
1.717
1.430
1.625
1.365
1.319
1.245
1.467
1.701
1.754
1.611
1.677
1.594
1.740
1.504
1.884
1.658
2.017
1.532
1.655
1.817
1.922
1.329
1.190
1.461
1.359
1.668
1.741
2.121
1.167
1.712
2.011
1.743
1.582
1.479
1.524
1.681
1.363
1.677
1.140
1.314
2.048
1.359
1.238
1.455
2.521
1.748
1.826
1.758
1.855
2.410
2.517
1.556
1.602
1.684
1.325
1.831
1.789
1.714
1.595
1.826
2.048
2.420
1.873
1.907
1.798
1.380
1.949
1.899
1.327
1.597
1.519
2.131
2.831
2.863
1.436
1.654
2.204
2.684
2.206
2.188
1.918
1.942
2.074
2.039
1.795
1.858
2.119
3.130
1.440
1.926
1.376
1.300
1.592
2.015
1.624
1.950
2.707
2.035
1.578
1.295
2.042
2.182
2.103
1.748
1.591
1.521
2.243
1.947
1.937
1.884
2.401
2.114
2.029
2.417
1.851
2.014
1.576
2.094
2.677
1.989
2.377
1.983
2.081
1.488
2.178
1.848
2.615
2.074
1.548
1.769
2.019
2.250
3.884
3.431
1.919
2.672
2.641
2.610
2.312
2.299
1.946
2.081
1.950
2.470
2.973
1.969
2.035
2.150
1.968
1.750
2.193
2.482
2.654
3.284
2.754
2.766
2.787
2.582
1.696
2.988
2.901
2.462
1.746
1.787
1.780
2.249
2.724
2.014
1.907
1.560
1.747
1.344
1.698
2.253
2.763
3.114
3.895
3.324
3.136
2.374
2.413
1.827
2.343
1.557
1.662
1.902
2.174
2.289
3.246
3.227
2.388
2.151
1.382
2.198
1.734
2.354
2.297
1.617
2.467
1.823
1.353
2.401
1.888
2.108
2.525
2.540
1.517
1.476
1.453
2.674
3.943
3.831
3.190
3.324
3.407
2.403
3.438
2.936
1.989
2.486
2.562
2.738
2.396
2.330
1.584
1.412
2.190
2.087
1.867
2.604
1.843
1.863
1.559
1.060
1.849
1.496
1.874
1.742
2.179
1.689
2.319
3.346
3.926
3.120
3.178
3.378
3.151
2.009
1.429
1.349
1.994
2.201
1.279
1.431
2.509
4.240
2.358
2.248
2.126
1.458
2.632
1.954
1.765
1.959
2.751
2.461
2.061
3.131
4.313
4.274
3.054
1.842
1.982
2.893
3.073
2.831
2.252
1.639
1.974
1.492
1.705
1.589
1.409
1.758
1.875
1.028
1.559
1.452
1.468
2.422
3.468
4.174
3.212
2.180
2.025
1.673
2.035
1.799
1.912
1.822
1.116
1.359
1.053
1.389
1.904
2.335
1.877
1.731
1.458
1.714
2.236
2.030
1.764
1.767
1.937
1.877
1.252
1.833
1.676
1.769
1.954
1.938
1.473
1.520
1.385
1.745
1.512
1.761
0.746
1.787
1.417
0.986
1.114
0.885
0.955
0.859
1.582
1.560
1.761
1.962
2.012
2.112
1.888
1.811
1.486
1.542
1.449
1.665
1.607
1.767
2.051
1.669
1.791
1.661
1.923
1.590
1.736
1.299
1.505
1.680
1.592
1.734
1.745
1.611
1.815
1.945
1.766
1.772
1.533
2.036
1.298
2.787
2.116
1.446
1.658
2.274
2.237
1.785
1.411
1.624
2.097
1.566
1.897
1.941
1.494
1.525
1.647
2.071
1.763
1.493
1.356
1.574
1.998
1.854
1.925
1.939
1.918
1.904
2.152
1.823
1.783
1.617
1.594
1.655
1.821
1.677
1.639
1.729
2.154
1.512
1.769
1.638
1.788
1.857
1.629
1.758
1.588
1.657
1.815
2.256
1.514
1.738
2.051
1.682
2.114
1.834
2.337
2.137
1.980
2.869
2.714
2.291
3.272
2.174
2.304
1.806
2.604
1.775
1.849
1.997
1.971
1.845
1.782
1.683
1.770
1.755
1.618
1.931
1.725
1.978
3.226
4.344
2.885
2.198
1.889
2.335
2.091
1.948
1.800
1.741
1.803
2.293
2.487
2.917
2.190
2.610
2.414
2.272
2.032
1.888
2.417
1.965
2.401
1.984
2.397
2.165
2.687
1.661
1.692
1.548
1.292
1.357
1.794
1.856
2.050
2.084
1.896
1.947
1.862
2.116
1.801
2.315
2.300
2.589
2.589
2.609
2.359
1.506
2.926
2.665
2.204
2.858
3.188
2.140
3.283
2.854
2.203
2.138
2.804
2.809
2.705
2.642
2.207
2.236
1.953
2.131
1.816
1.868
1.887
2.375
2.763
2.374
2.368
2.334
2.356
2.852
2.642
2.352
2.638
1.732
2.480
2.550
2.553
2.728
2.616
2.360
1.545
1.642
2.990
2.657
1.890
1.585
1.559
1.979
2.349
2.113
3.000
2.443
2.902
2.356
2.588
3.925
3.307
2.026
1.843
2.093
2.766
2.701
3.005
2.402
1.949
1.466
1.538
2.103
3.034
3.314
2.677
2.145
2.209
1.690
2.128
4.524
4.208
3.387
3.358
3.147
2.251
2.460
3.517
4.193
5.180
4.013
2.235
1.626
1.898
2.178
1.878
2.328
2.261
3.578
2.808
3.488
2.806
2.581
2.033
2.159
2.727
3.180
3.273
3.140
3.121
2.927
2.025
1.845
2.223
1.177
1.485
1.574
1.631
3.815
4.329
3.000
1.511
1.638
1.835
2.517
1.876
2.833
3.616
3.559
2.504
2.403
1.748
2.107
3.252
1.554
1.425
1.808
1.508
1.433
0.941
1.468
2.020
1.474
1.433
1.095
1.209
1.473
1.228
1.357
1.616
2.751
1.560
2.150
1.840
2.087
1.809
1.781
1.935
1.798
1.473
1.205
1.208
1.259
1.312
2.599
4.066
4.253
2.071
2.622
1.755
1.702
1.347
1.293
1.487
1.642
1.211
1.219
1.169
1.069
1.249
2.467
2.257
2.650
1.691
1.943
1.760
1.536
1.576
1.713
1.672
1.592
1.631
2.281
1.772
1.225
1.654
1.905
1.959
1.754
1.958
1.715
1.660
1.793
1.790
1.740
1.213
1.406
1.643
1.416
1.588
1.504
1.442
1.151
1.814
2.055
1.653
2.132
2.010
2.219
2.559
1.974
1.577
1.642
1.826
1.632
1.599
1.704
1.934
1.793
1.416
1.296
1.249
1.323
1.655
1.851
1.624
2.026
2.100
1.780
1.625
2.301
1.835
1.933
1.889
2.029
2.172
1.541
1.636
1.985
2.377
1.623
1.760
1.910
1.805
1.398
2.439
3.269
2.530
2.407
2.254
1.792
1.611
2.001
1.599
1.801
1.573
1.833
1.936
1.861
2.009
1.706
1.879
1.859
1.561
1.427
2.206
2.004
1.797
1.777
2.098
2.308
1.736
1.954
1.260
2.868
1.729
2.159
2.247
1.774
2.611
1.948
2.088
1.658
1.323
1.087
1.879
1.979
1.466
1.214
1.535
2.558
2.776
1.756
2.046
1.378
1.840
1.767
1.571
2.138
1.196
1.423
1.447
1.654
2.147
1.538
1.611
2.200
2.044
1.788
1.861
2.758
1.862
2.218
1.847
2.033
1.715
1.887
1.861
1.777
1.437
1.777
2.073
2.072
1.855
2.395
2.273
2.093
1.515
1.830
2.035
1.445
1.707
1.828
1.631
4.118
3.713
2.582
1.373
2.519
2.430
2.023
1.284
2.162
1.583
2.497
2.993
2.706
1.795
1.894
2.273
1.877
2.067
1.936
2.014
1.853
1.539
2.060
2.159
1.467
1.794
1.576
1.662
2.375
3.009
1.829
1.818
1.742
1.897
2.341
2.212
2.245
1.638
2.234
1.627
2.304
2.142
2.257
1.725
3.335
2.228
2.623
2.124
1.906
1.433
2.675
1.971
2.531
2.220
1.712
2.530
2.333
2.162
2.409
2.792
3.228
3.039
2.509
2.421
2.341
1.863
2.348
2.304
2.459
2.084
2.080
1.475
2.061
1.226
2.143
1.843
1.942
2.384
2.197
1.798
2.160
1.615
1.657
1.289
1.448
2.291
2.369
2.307
2.273
2.440
3.072
4.985
5.596
3.749
3.230
1.498
1.728
1.650
1.501
1.557
1.371
1.771
3.413
3.275
3.796
3.326
3.094
3.180
3.072
2.487
1.804
2.173
1.913
2.743
3.230
3.045
2.394
2.052
2.695
2.429
2.237
2.230
1.549
2.455
2.097
2.869
3.078
2.227
2.281
2.137
2.019
2.568
2.755
1.615
1.051
1.780
1.731
1.622
2.254
1.359
1.280
1.740
1.477
1.912
2.812
2.566
3.297
2.605
1.887
1.774
2.088
2.806
2.803
2.281
2.146
2.100
1.726
1.343
0.820
1.735
1.546
2.490
2.491
2.103
2.023
0.994
1.120
1.331
1.710
2.130
1.696
1.879
1.761
1.625
1.546
1.512
2.110
2.019
1.966
1.425
1.628
2.419
3.735
3.230
4.303
2.915
2.080
1.544
2.070
1.906
2.092
2.691
2.569
2.559
1.794
0.913
1.176
1.378
1.531
1.478
1.509
1.460
2.317
1.663
1.285
1.244
1.513
1.324
1.268
1.182
1.610
1.401
1.592
1.437
1.524
1.490
1.741
1.647
1.875
1.946
1.988
2.520
1.622
1.669
1.770
1.738
1.924
1.955
1.796
1.339
1.283
1.532
1.673
1.696
2.071
1.754
1.861
1.474
1.276
1.575
1.936
2.029
1.188
0.729
1.579
1.608
1.274
1.874
1.453
1.326
1.444
1.561
1.712
1.904
1.598
1.696
1.571
1.601
1.590
1.426
1.413
1.389
1.258
1.523
1.258
1.692
1.255
1.420
1.498
2.037
1.944
1.648
1.676
1.419
1.603
1.138
1.609
1.584
1.897
1.609
1.334
1.240
1.103
1.427
1.577
1.571
1.519
1.816
1.974
1.791
1.550
1.633
1.700
1.442
1.491
1.493
1.490
1.592
1.678
1.634
1.798
1.693
1.437
1.543
1.512
1.201
1.637
2.153
1.872
1.580
1.732
1.507
1.347
1.741
2.266
2.013
1.781
1.716
1.968
1.731
1.797
1.740
1.980
1.555
1.885
2.111
2.105
2.053
2.310
2.922
2.295
1.504
1.560
1.997
1.842
2.094
2.179
1.907
1.953
1.933
2.174
1.593
2.116
2.251
2.000
2.130
2.603
1.889
2.176
2.430
2.255
2.477
2.133
1.656
2.024
2.252
1.976
2.045
1.729
2.040
2.133
2.595
1.554
2.243
2.875
1.760
2.473
2.171
1.704
1.958
1.575
2.091
1.748
2.231
1.513
1.905
2.148
2.184
2.275
2.206
2.324
2.421
1.960
2.699
2.345
1.910
2.586
2.822
1.917
1.465
1.910
1.871
1.987
1.924
2.412
3.274
3.105
3.107
3.142
3.144
2.155
2.240
1.952
2.072
2.096
2.093
2.029
2.726
2.560
1.583
1.572
1.869
1.707
2.961
2.373
2.051
1.713
1.766
3.231
3.283
2.753
2.526
2.143
2.112
2.557
2.882
1.872
2.779
3.001
3.070
2.484
2.199
2.878
2.539
3.276
2.270
2.670
1.598
1.776
1.809
2.375
2.825
2.930
3.323
2.256
2.204
2.546
2.356
2.169
2.254
2.108
2.355
2.102
3.049
2.705
2.807
2.280
1.704
1.558
2.166
2.698
2.499
2.295
2.402
1.735
2.562
2.328
2.335
3.130
3.028
2.406
1.662
1.318
1.358
1.202
1.344
2.293
2.072
1.194
1.457
1.805
2.106
1.944
2.774
2.299
2.304
1.527
2.084
2.011
2.672
2.996
3.605
2.585
2.775
2.823
2.985
2.960
3.129
3.368
2.891
2.916
2.560
2.840
2.501
2.439
1.917
1.993
1.963
2.188
1.554
1.038
1.201
1.443
1.214
1.956
2.628
2.319
2.849
2.252
2.274
1.773
2.506
1.871
2.090
1.636
2.337
2.720
2.213
2.024
2.032
1.587
1.104
1.677
1.560
0.965
2.055
3.536
2.520
2.376
3.830
3.790
2.423
1.657
1.734
1.857
2.161
2.223
1.681
1.371
1.854
1.371
1.409
1.794
2.272
1.647
1.485
1.551
1.771
2.143
2.043
2.754
3.727
2.983
1.842
1.561
1.364
1.468
2.982
2.856
2.413
1.886
1.041
1.589
1.563
1.321
1.413
1.333
1.571
1.665
1.985
1.953
1.557
1.936
2.112
1.382
1.120
1.174
1.194
1.332
1.355
1.403
1.849
1.444
1.943
2.046
1.668
1.343
1.124
0.920
2.230
1.603
1.005
1.742
2.380
1.459
1.065
1.525
2.079
1.879
1.472
1.749
1.254
1.175
1.254
1.258
1.305
1.437
1.209
1.384
1.403
1.508
1.221
1.446
1.369
1.218
0.962
1.061
1.237
1.385
1.646
1.487
1.433
1.566
1.310
1.848
1.721
1.358
1.680
1.371
1.494
1.569
1.751
1.621
1.476
1.437
1.910
1.970
1.822
1.845
1.508
1.590
1.702
2.105
1.743
1.445
1.246
1.925
1.671
1.372
1.332
1.784
1.367
1.669
1.328
1.606
2.574
1.836
1.478
1.861
1.813
1.633
1.566
1.703
1.490
1.244
1.503
1.407
2.058
1.804
1.519
1.437
1.774
1.487
1.319
2.098
2.176
1.503
2.223
1.732
1.732
1.438
1.519
3.112
1.864
1.846
2.214
2.422
1.811
2.156
2.611
2.425
2.087
1.778
1.810
1.327
1.647
1.916
2.075
1.587
1.998
2.129
2.833
2.095
2.193
2.497
1.567
2.724
1.856
1.916
1.978
1.966
2.108
2.094
1.856
2.041
1.947
1.810
1.830
2.534
2.474
2.048
2.068
1.964
2.342
2.022
1.952
1.736
2.082
2.450
3.028
2.674
3.195
2.768
2.937
1.886
1.901
1.545
1.666
1.510
1.926
1.974
2.221
2.628
2.323
2.029
2.262
2.142
2.202
1.899
1.762
2.206
3.841
3.667
3.438
2.871
1.829
2.296
2.411
1.673
1.665
2.139
2.382
2.434
1.799
2.127
2.286
2.774
2.978
2.276
2.130
1.977
1.600
1.785
2.146
2.337
1.784
2.345
2.349
1.694
1.985
3.005
3.490
4.633
4.745
3.255
2.188
3.070
2.935
2.673
2.672
2.718
2.175
2.774
2.154
2.299
2.694
3.204
2.444
3.381
3.053
2.292
2.018
2.408
1.688
2.277
3.021
2.883
2.652
2.733
2.932
1.533
1.454
1.458
2.151
2.898
3.411
2.901
1.918
2.024
1.552
1.772
2.863
2.103
2.291
2.136
1.306
1.716
2.123
2.627
1.845
2.251
2.644
2.196
2.333
2.765
3.031
2.698
1.735
1.508
1.870
1.678
2.313
2.486
2.094
1.822
1.585
1.441
1.514
2.288
2.321
1.766
1.100
1.381
1.912
2.036
2.297
2.227
2.737
1.891
2.370
3.666
2.771
3.114
1.252
1.469
1.234
1.083
1.189
1.352
1.427
1.471
2.537
2.160
1.482
1.930
2.557
2.255
1.317
1.078
1.084
1.378
1.009
1.123
0.891
1.559
1.305
1.143
0.873
1.655
1.454
1.327
1.007
1.698
2.369
2.859
2.763
1.746
1.316
1.158
1.134
0.924
1.104
1.720
1.991
2.658
3.554
2.559
1.492
1.338
1.659
1.546
1.344
1.574
1.891
1.661
1.013
0.801
1.673
1.595
1.851
1.189
1.853
2.347
2.366
1.188
1.563
2.349
1.980
2.353
1.636
1.925
2.793
1.910
1.463
1.679
1.090
1.126
1.253
1.883
1.733
1.390
1.287
1.736
1.407
1.346
1.699
1.291
1.261
1.359
1.168
1.715
1.915
1.802
2.050
1.539
0.852
0.843
1.480
1.080
1.233
1.736
1.800
1.465
1.392
1.160
1.559
1.877
1.472
1.136
1.530
1.394
1.790
1.384
1.559
1.534
1.939
1.674
1.543
1.585
1.787
1.457
2.243
2.195
1.476
1.144
1.544
0.906
1.806
1.875
1.414
1.562
1.511
0.927
1.340
1.243
1.224
1.399
1.488
1.381
1.665
2.305
1.388
1.466
1.513
1.511
1.421
1.067
2.642
2.705
1.331
1.630
1.536
1.334
1.592
1.666
1.371
1.629
1.744
1.181
1.512
1.117
1.164
2.095
2.533
1.863
0.896
1.667
1.565
1.386
1.155
0.728
1.145
1.443
2.393
1.771
1.480
1.761
2.245
1.895
1.329
1.528
1.411
1.397
1.276
1.342
0.897
1.883
1.696
1.499
1.659
1.273
1.263
1.142
2.399
2.614
3.211
1.619
2.074
1.488
1.876
0.843
0.975
1.274
1.156
1.062
1.462
1.488
1.573
1.336
1.660
1.610
1.575
2.009
2.398
1.872
1.789
1.697
1.939
1.670
1.597
1.351
2.145
1.116
1.169
1.385
2.012
2.723
1.543
1.534
1.281
1.312
2.128
1.410
1.786
1.158
1.437
1.954
2.194
1.090
1.105
1.902
1.776
1.869
0.875
1.104
1.446
1.846
1.386
1.168
1.287
2.154
1.988
1.829
1.221
1.218
2.280
1.900
0.770
2.152
1.302
1.425
2.037
2.710
2.318
1.262
1.397
1.619
2.373
1.416
1.336
2.403
1.726
1.769
0.882
1.230
1.805
1.846
2.169
2.144
1.610
1.427
1.820
1.466
1.442
1.486
1.679
2.317
2.478
2.326
1.734
2.162
2.081
2.415
2.392
2.258
2.233
1.846
1.723
1.895
2.096
1.549
1.105
1.938
1.340
2.339
1.653
2.781
2.684
1.847
2.097
2.052
2.129
1.991
2.165
2.040
2.046
3.427
4.705
2.606
3.156
4.021
3.292
2.330
2.128
2.074
2.299
3.035
3.665
4.030
2.391
2.189
1.817
1.854
2.407
1.385
1.345
3.186
3.496
2.181
1.579
1.507
1.522
1.081
1.105
1.324
1.265
1.646
2.716
2.064
2.509
3.734
3.550
2.383
1.378
1.396
1.663
1.219
1.144
1.199
1.268
1.665
1.356
1.120
1.751
1.908
1.700
1.546
1.900
3.555
2.429
1.504
2.127
2.637
3.132
2.786
2.611
2.637
1.871
1.627
1.698
1.674
1.355
1.401
1.202
0.907
1.531
1.717
1.410
1.458
1.524
1.973
1.545
2.096
2.443
2.033
1.213
1.490
1.290
1.800
1.131
1.966
2.647
1.024
1.041
1.105
1.285
1.015
1.470
1.835
1.512
1.696
2.255
2.042
2.505
2.003
2.191
2.311
2.192
2.087
2.164
2.198
2.171
1.936
1.965
1.706
1.394
1.077
0.804
1.008
1.078
1.040
1.040
0.991
0.952
1.082
1.375
1.446
1.356
1.477
1.460
1.477
1.798
1.249
1.043
1.274
1.260
1.128
1.235
1.266
0.898
1.299
1.069
0.884
1.090
1.556
1.361
0.991
1.260
1.679
1.375
0.896
1.079
1.118
1.300
1.398
1.102
1.454
1.205
1.281
1.742
1.229
1.595
1.384
1.456
2.009
1.551
1.325
1.114
0.985
1.101
1.313
1.143
1.088
1.026
1.101
1.130
1.273
1.453
1.269
1.176
1.046
1.564
1.344
1.775
1.354
1.365
1.154
1.343
1.414
1.318
1.152
1.340
1.248
1.424
1.470
1.537
1.483
1.635
1.471
1.660
1.505
1.326
1.887
1.934
1.709
1.455
1.018
1.044
0.967
1.941
1.689
1.696
1.648
1.329
1.633
1.777
1.433
1.400
1.916
1.741
1.359
1.692
2.021
1.743
0.927
1.134
0.860
1.540
1.666
1.206
1.209
1.189
1.698
1.651
1.860
0.759
0.946
0.883
1.158
1.251
1.380
3.955
2.220
1.348
1.179
1.118
2.394
1.704
1.678
2.238
1.848
1.695
1.509
1.426
1.001
1.511
1.204
0.959
1.489
1.751
1.252
1.417
1.735
1.440
1.457
1.538
1.186
1.218
2.539
2.104
1.100
1.372
1.627
1.524
2.304
3.004
1.905
1.369
1.604
1.274
1.814
1.842
1.707
1.821
1.914
1.802
1.645
0.989
1.273
1.263
1.273
1.426
1.531
1.319
1.611
1.537
1.805
1.700
2.669
1.972
2.165
1.580
1.913
1.520
1.454
1.844
1.227
1.361
2.022
1.830
1.002
1.523
1.667
1.726
3.009
1.676
1.739
1.512
2.021
1.668
2.752
2.070
1.813
1.845
2.009
1.907
1.264
1.504
1.220
2.154
1.642
1.796
1.882
1.493
2.030
1.597
1.525
1.679
1.961
1.681
2.100
2.111
2.019
1.859
1.992
1.182
1.691
1.849
1.980
2.157
1.987
2.022
1.711
2.166
1.943
1.729
2.472
2.447
2.345
2.226
1.943
2.034
2.031
2.333
2.513
2.558
1.947
2.005
3.026
3.088
3.221
4.110
2.570
1.692
1.432
1.907
1.100
3.133
3.482
4.473
4.077
2.993
2.607
2.547
2.095
1.927
1.848
1.205
1.777
2.425
3.076
4.062
2.577
2.215
2.164
1.965
1.880
2.321
2.641
1.913
1.663
2.097
2.935
2.545
1.862
1.086
1.201
2.043
2.044
1.412
1.126
1.378
1.786
2.426
0.920
1.217
1.561
1.680
1.442
2.001
2.843
1.914
2.684
2.260
0.965
0.862
1.575
2.989
3.786
2.309
1.071
1.340
1.179
2.259
1.840
1.642
2.046
2.665
2.094
1.666
0.791
0.960
0.902
1.335
1.511
1.267
1.505
1.293
1.801
2.399
3.510
2.612
2.423
1.132
0.820
1.527
1.677
1.389
1.907
1.305
1.569
1.694
2.316
2.106
1.507
0.919
1.048
1.214
1.434
1.566
1.857
1.676
1.506
1.338
1.065
0.717
0.938
1.066
1.490
1.610
1.489
1.589
1.622
1.091
1.052
1.156
1.512
1.055
0.987
0.822
1.062
1.210
1.327
1.219
1.017
1.279
1.188
1.304
1.219
0.956
1.425
0.876
0.808
0.861
1.108
1.123
1.402
1.527
1.644
1.375
1.462
1.416
1.345
1.278
1.154
1.153
0.866
1.131
1.397
1.497
1.405
1.260
1.286
1.522
1.418
1.246
1.162
1.214
1.178
1.003
1.128
1.256
0.930
1.225
1.038
1.081
1.067
1.177
1.119
0.988
1.071
0.985
0.947
1.401
1.601
1.510
1.215
1.482
1.716
1.017
1.455
2.060
1.309
1.510
1.687
1.770
1.677
1.320
0.981
1.317
1.802
1.242
1.410
1.639
1.518
1.267
1.147
1.331
1.178
1.348
1.654
1.810
1.269
1.333
1.862
1.721
1.467
1.041
1.377
1.692
1.401
1.518
1.515
1.313
1.406
1.676
3.122
2.209
1.678
1.359
1.528
1.452
1.664
1.352
1.337
1.161
1.259
0.827
1.049
1.332
1.541
1.367
1.246
1.613
2.617
1.794
2.534
1.042
1.437
1.412
1.514
1.905
1.465
1.330
1.984
3.081
1.868
1.101
1.048
1.214
1.278
1.386
1.251
2.199
1.622
1.303
1.529
1.817
2.114
1.666
1.485
1.118
1.129
1.042
1.223
1.247
1.073
1.581
1.451
1.346
1.057
1.756
1.802
1.040
2.212
2.052
1.784
1.438
0.986
1.390
1.329
1.545
2.139
2.238
1.654
1.779
1.771
1.542
1.669
1.396
1.668
1.998
2.698
2.487
2.030
1.502
0.977
1.050
0.935
1.406
1.484
1.449
2.200
2.158
1.502
2.321
1.357
1.710
2.976
2.170
1.256
0.968
1.250
1.292
1.301
1.864
1.590
1.243
1.195
1.702
1.945
1.652
1.255
2.046
1.577
1.765
2.024
1.811
1.907
2.270
2.039
1.445
1.814
1.752
1.315
1.721
1.870
2.569
2.214
2.013
2.295
1.602
2.199
1.965
2.015
1.850
2.400
2.234
2.899
2.422
1.634
1.978
2.130
2.759
2.457
2.064
2.008
1.919
1.655
1.751
1.901
2.254
3.144
3.666
2.243
3.811
3.692
3.015
0.968
1.183
1.589
1.522
1.524
2.856
3.296
1.264
2.700
2.276
2.309
2.388
2.320
1.467
2.556
2.985
2.053
1.638
1.587
1.565
1.340
1.525
1.875
2.406
1.904
1.488
0.890
1.088
1.038
0.928
1.325
0.992
1.087
2.031
2.359
1.289
0.957
1.097
2.798
3.967
1.943
2.439
3.300
2.050
2.419
1.613
0.866
1.552
1.618
0.935
1.198
1.615
1.489
0.898
0.842
1.439
1.422
1.076
0.857
1.164
1.370
1.519
2.185
2.226
1.690
2.301
2.075
2.109
1.321
1.181
1.140
1.654
1.938
1.325
1.576
1.649
1.452
1.758
1.805
1.589
1.140
1.364
1.201
1.084
1.091
1.092
1.152
1.376
1.211
1.126
0.757
1.011
1.521
1.660
2.385
1.622
1.878
1.995
1.148
1.114
1.516
1.779
1.885
1.853
1.990
1.710
1.454
2.181
3.754
2.004
1.064
1.501
1.581
1.093
1.253
2.369
6.506
3.200
1.634
0.979
1.145
0.987
1.049
1.177
1.277
1.574
1.462
1.405
1.173
1.149
1.299
0.966
1.157
1.064
1.047
1.203
1.787
1.342
1.131
0.795
0.780
0.892
0.838
1.355
1.842
1.258
0.962
0.894
1.070
1.199
1.448
1.114
1.164
1.110
0.844
0.981
0.894
0.848
1.102
1.542
2.035
1.608
1.057
1.003
1.303
1.111
0.832
1.206
1.788
1.428
1.031
0.800
1.037
1.289
1.445
0.963
1.777
1.964
1.605
1.020
1.082
0.959
1.094
1.760
1.768
1.731
1.975
1.345
1.477
1.424
1.484
0.871
1.411
1.515
1.205
1.379
1.408
1.575
1.273
1.658
0.909
1.712
1.382
1.145
1.042
1.401
1.577
2.033
1.324
1.354
1.323
0.890
1.938
3.151
1.554
1.511
1.401
1.330
1.664
1.540
1.639
1.381
1.444
1.244
1.100
1.623
1.372
1.510
1.321
1.039
1.356
1.576
1.372
1.499
2.135
1.871
1.827
2.186
1.787
1.807
1.753
1.907
1.328
2.369
1.638
1.115
1.070
1.180
1.799
1.400
1.350
1.211
1.511
1.543
2.148
2.396
1.698
1.286
1.510
1.373
1.292
0.700
1.485
1.268
1.118
1.180
1.161
1.587
1.272
1.309
1.317
1.143
1.717
1.837
1.477
0.954
1.859
1.724
1.444
2.147
1.505
1.358
1.750
1.738
1.682
2.110
1.609
1.507
1.921
1.952
1.758
0.806
1.944
2.299
1.875
1.258
0.905
0.935
1.591
2.437
1.503
2.011
1.027
1.779
1.514
1.643
1.146
1.245
1.342
1.443
1.152
0.968
1.284
1.174
1.001
1.219
1.668
2.092
3.267
2.361
1.505
2.183
2.283
2.478
2.922
4.380
2.966
1.363
1.410
1.515
1.847
1.218
0.949
1.141
1.702
1.436
1.405
1.931
1.561
1.667
2.344
2.691
2.238
1.526
2.075
2.192
1.518
1.604
2.096
1.430
1.396
1.786
2.011
1.594
1.659
1.487
2.508
1.995
2.475
2.982
1.844
1.673
1.651
2.088
1.806
1.823
2.507
3.816
2.881
2.427
2.285
1.667
2.106
1.696
1.831
1.924
1.991
1.990
2.332
1.673
2.415
2.877
2.964
2.532
2.852
2.248
1.761
1.641
1.345
1.640
1.125
1.468
1.955
3.428
2.236
2.328
1.795
3.974
3.243
3.687
3.025
1.789
1.064
1.722
1.537
2.162
1.771
1.598
