20000101
1.781
1.425
1.141
1.132
0.944
1.805
1.852
1.535
1.763
2.366
1.779
1.949
1.650
2.668
1.932
2.022
1.575
2.382
2.699
2.595
1.620
1.818
1.774
1.866
1.714
2.308
1.547
2.192
2.048
1.617
1.644
3.867
2.497
2.307
2.085
2.606
1.825
1.559
1.820
1.828
1.375
3.597
1.691
1.861
2.117
1.615
2.019
1.913
1.339
1.723
2.121
1.901
1.855
1.151
1.488
2.340
1.632
2.033
2.511
2.065
2.986
2.047
2.018
2.329
2.587
1.647
2.724
3.697
2.388
2.337
2.779
3.283
3.904
2.752
2.150
2.728
1.952
1.878
1.998
1.574
1.673
3.033
3.290
2.371
1.472
1.370
1.805
1.995
1.921
1.978
2.151
2.453
2.861
2.517
1.961
1.844
2.334
1.586
1.844
3.079
1.498
2.739
1.599
1.940
2.541
1.980
2.020
2.187
2.587
2.928
2.352
2.383
2.126
2.750
2.801
2.924
2.250
2.615
2.983
3.078
2.451
2.006
1.982
2.761
2.360
2.188
2.809
1.750
1.984
1.946
1.630
1.989
1.605
2.717
2.481
2.218
2.513
3.085
3.229
2.417
1.552
2.291
1.918
1.983
2.031
4.087
3.872
3.496
2.723
2.733
2.234
2.360
2.084
1.618
1.997
1.941
2.620
4.334
3.708
3.293
2.954
2.362
2.071
1.641
2.423
3.026
2.266
2.047
1.756
1.978
1.913
1.190
2.433
2.282
3.019
2.860
2.663
2.525
1.286
1.680
2.413
1.898
1.654
2.456
1.664
1.662
1.174
2.026
1.774
1.845
1.759
1.476
1.709
2.848
2.038
2.204
1.859
2.207
1.188
1.776
1.760
3.590
2.739
2.805
2.677
2.827
1.955
1.885
0.986
0.889
0.825
1.580
1.999
2.870
3.473
3.500
2.969
2.190
1.813
1.536
1.732
1.629
3.102
2.177
1.766
2.569
2.502
2.735
2.792
2.361
1.415
1.692
1.251
1.343
2.253
2.311
2.355
2.498
2.530
2.208
2.202
1.799
2.014
3.136
3.341
3.959
1.661
2.451
1.947
1.783
1.313
1.590
2.765
3.007
2.384
1.699
1.485
1.611
1.516
1.387
1.531
1.872
1.492
1.493
1.621
1.795
1.132
1.458
1.298
1.745
1.680
1.788
1.578
1.335
1.687
1.697
1.682
1.370
1.494
1.869
1.560
1.735
1.808
1.773
1.843
1.649
1.688
2.244
1.567
1.740
2.022
1.738
1.364
1.740
1.817
1.903
2.063
2.087
2.148
1.937
1.817
1.658
2.040
1.791
1.737
1.838
2.035
1.780
1.170
1.515
1.278
1.601
1.652
1.768
1.647
1.892
1.764
1.801
1.219
1.665
1.888
1.728
1.323
1.886
2.048
1.393
1.162
1.600
1.272
1.413
1.381
1.361
1.726
1.475
1.356
1.889
1.708
1.391
1.214
1.541
1.606
1.205
1.096
2.038
1.759
1.654
1.440
1.401
1.737
1.737
1.611
1.169
1.776
1.852
1.627
1.138
1.085
1.125
1.083
1.315
1.373
1.577
1.686
1.334
1.268
1.818
1.393
1.417
1.291
1.598
1.746
1.086
1.786
2.070
1.642
1.326
1.321
1.481
1.786
1.560
1.559
1.495
1.191
1.637
1.756
1.558
1.690
2.647
3.229
3.199
2.780
2.637
3.140
1.910
1.521
1.680
1.816
1.939
2.135
2.002
2.006
2.077
1.819
2.337
2.856
2.948
1.961
1.806
1.536
1.541
1.911
3.202
2.924
1.429
1.776
2.131
1.644
2.157
2.083
2.452
2.745
2.652
2.094
1.895
2.727
2.249
1.456
1.609
1.637
2.019
1.682
2.079
1.678
2.170
2.175
1.902
2.217
2.584
1.632
1.673
1.485
1.737
1.636
1.956
1.579
2.012
1.672
1.615
1.738
1.544
1.478
1.374
1.618
2.306
2.278
2.436
2.102
1.229
1.320
1.742
1.308
1.879
2.460
2.028
2.011
2.819
1.899
1.806
3.543
1.543
1.217
2.392
2.354
1.997
2.410
2.390
3.095
2.304
2.085
1.888
1.454
1.910
2.181
2.813
2.812
2.824
2.683
2.628
2.525
2.195
2.288
2.116
2.628
3.013
3.197
3.684
3.661
2.553
2.211
1.977
2.585
2.075
1.908
2.142
1.720
2.751
2.210
1.954
2.228
2.233
2.500
2.131
2.302
1.734
2.421
2.636
2.680
2.271
2.056
1.604
1.809
2.329
2.371
1.589
2.273
1.652
1.346
2.175
2.486
3.431
3.303
1.372
3.701
3.587
1.995
1.642
2.513
3.630
2.785
1.679
1.519
1.456
1.378
2.218
2.737
1.208
1.763
1.975
1.985
1.469
1.606
1.521
1.674
1.842
2.329
2.382
1.178
2.897
3.194
3.365
2.480
3.526
2.934
2.065
1.548
1.932
1.064
1.681
1.746
1.832
1.277
2.046
1.906
2.519
2.969
3.013
2.302
1.953
2.303
1.713
2.110
2.457
1.866
1.381
1.195
1.713
1.420
1.950
1.747
1.449
1.359
1.951
1.382
1.358
1.357
1.737
1.536
1.898
1.630
1.109
1.436
1.022
1.656
2.526
2.256
2.456
2.307
1.824
1.698
2.214
2.085
2.792
2.836
1.911
1.976
1.741
1.867
2.136
2.577
1.980
1.211
1.639
1.689
1.594
1.207
1.727
1.538
2.061
2.012
1.523
1.825
1.406
1.321
1.229
1.465
1.988
1.791
1.703
2.713
2.691
1.612
1.299
3.259
2.566
1.745
1.620
0.997
1.677
1.415
1.448
1.335
1.582
1.383
1.826
2.069
1.338
1.044
1.192
1.839
1.877
1.668
1.555
1.379
1.665
1.975
1.725
1.883
1.832
1.605
1.660
1.619
2.029
1.786
1.767
2.009
2.041
2.196
1.895
2.309
2.485
1.951
1.788
1.916
1.673
1.826
1.339
1.820
1.530
1.643
2.144
1.437
1.571
1.459
1.094
1.625
1.725
1.899
1.575
1.121
0.992
2.010
2.278
1.583
1.544
1.528
1.588
1.376
1.763
1.993
1.583
1.658
1.449
1.742
1.525
1.566
1.829
1.444
1.399
1.373
1.388
1.128
1.205
1.206
1.484
1.525
1.705
1.589
1.811
1.338
1.162
1.409
1.632
1.594
1.648
1.937
2.101
2.133
1.843
2.252
1.537
1.172
1.588
1.850
1.665
1.550
2.425
3.054
1.771
2.409
1.771
2.690
2.002
1.591
1.375
2.066
1.762
1.716
2.046
2.255
1.374
1.669
1.673
1.499
1.618
1.818
1.624
1.768
1.961
2.132
1.602
1.761
2.503
3.664
2.010
1.761
1.558
1.668
1.218
1.416
2.195
2.258
1.866
1.838
1.672
2.181
1.318
2.808
2.423
2.172
1.765
1.823
2.140
3.019
2.032
1.938
1.864
1.794
2.170
1.986
2.281
2.037
2.228
2.064
2.217
2.371
2.577
1.566
1.538
1.628
1.646
2.042
1.636
1.635
1.906
2.675
2.327
2.227
1.569
1.877
1.787
2.427
2.343
2.187
1.996
2.131
2.080
1.638
1.885
1.826
1.823
2.053
1.590
2.110
2.247
2.095
2.419
2.214
2.544
2.878
2.166
1.578
2.797
2.726
2.451
2.008
1.895
3.313
2.212
2.623
3.352
2.055
2.254
2.524
1.870
2.525
2.819
2.342
2.596
2.434
2.754
2.507
3.307
3.002
2.086
2.491
2.725
2.072
1.947
2.424
4.179
4.299
4.020
3.171
2.932
2.540
2.444
2.662
2.923
2.934
1.981
2.083
1.966
1.875
2.039
2.476
1.647
3.125
2.783
3.538
2.105
2.503
2.608
1.760
2.136
1.796
1.752
2.401
2.590
1.967
2.223
2.273
2.027
2.749
2.317
1.593
2.360
1.943
2.826
2.821
2.650
2.726
2.823
2.325
2.380
2.337
3.131
2.793
2.839
3.574
3.299
3.877
3.278
3.874
2.416
2.261
2.136
2.358
2.348
1.355
2.052
1.130
1.527
2.844
3.947
4.148
3.662
3.090
3.300
2.613
2.604
2.252
2.076
1.414
1.445
1.761
1.656
1.777
1.314
1.314
1.277
1.384
1.381
1.490
3.113
2.878
2.226
2.316
1.164
1.028
1.142
1.873
1.629
1.178
0.851
2.626
3.423
3.421
2.006
2.070
2.232
1.589
1.746
2.622
2.111
1.827
1.259
1.429
2.025
2.467
1.705
1.027
0.751
1.439
1.844
1.668
1.795
1.578
1.496
1.685
2.614
2.263
1.774
1.554
1.596
1.232
1.497
1.050
1.214
1.474
1.372
1.567
1.561
1.537
1.301
1.598
1.945
2.188
1.510
1.406
1.485
1.591
1.226
1.609
1.670
1.645
1.669
1.946
2.246
1.540
1.107
1.702
1.467
1.553
1.459
1.482
1.654
1.471
1.172
1.177
1.224
1.222
1.678
1.765
1.823
1.710
1.827
1.692
1.476
1.293
1.765
1.910
1.826
1.554
1.893
1.625
1.633
1.499
2.169
1.928
1.797
1.248
0.928
1.606
1.664
2.081
1.901
1.612
1.166
0.855
1.255
1.627
1.738
1.034
1.162
1.199
1.164
1.455
1.372
1.395
1.745
1.640
1.420
1.736
1.528
1.688
1.547
1.334
1.291
1.160
1.065
1.453
1.581
2.285
1.998
2.337
1.789
1.493
1.821
1.618
2.511
1.269
1.353
1.565
1.217
1.756
2.740
2.271
1.980
1.733
2.224
1.735
1.383
0.933
1.575
1.556
1.235
1.410
1.226
1.403
1.481
1.342
1.262
1.485
1.581
1.433
1.709
2.099
2.311
1.791
1.689
1.723
1.520
1.874
2.201
2.064
1.605
1.765
2.110
2.619
1.891
2.024
1.872
1.324
0.825
2.189
1.689
1.564
1.517
1.797
1.701
1.331
1.439
1.268
1.724
1.945
2.823
1.627
2.399
1.658
1.128
1.621
1.781
1.281
1.687
1.461
2.036
1.739
2.477
3.023
2.413
1.807
1.626
2.156
1.202
1.534
2.196
2.192
1.303
1.711
1.306
1.271
2.386
1.766
1.783
2.133
1.753
2.146
1.413
1.726
1.800
1.939
2.252
1.699
2.240
2.535
2.441
3.010
2.469
1.700
1.825
1.741
2.184
1.572
1.609
1.869
1.576
2.229
2.571
2.363
2.036
1.920
2.492
1.645
1.416
1.359
2.436
2.048
1.540
1.785
2.144
1.786
1.427
3.436
3.084
2.621
2.575
2.892
2.698
3.513
3.072
1.307
1.508
1.582
1.364
2.085
1.947
2.418
2.513
2.717
2.197
1.727
2.946
2.656
2.463
2.708
2.406
3.035
2.603
1.913
2.294
2.398
2.327
2.994
3.290
3.158
2.417
2.749
2.375
2.237
2.437
2.146
2.664
3.498
2.663
2.776
3.132
3.747
3.246
3.043
2.757
2.930
2.373
2.201
2.501
1.962
1.946
0.881
1.210
2.262
1.333
1.555
1.085
1.947
3.317
3.166
2.834
2.598
1.964
1.298
1.220
1.660
1.983
1.693
2.258
1.894
1.795
1.513
1.894
1.911
1.661
1.090
1.231
1.859
1.877
1.467
1.555
1.995
1.398
1.458
1.033
1.328
1.615
2.837
3.494
1.616
2.735
2.992
2.613
2.626
2.472
1.257
1.407
2.102
1.638
2.080
1.998
1.559
1.304
1.633
2.434
2.531
1.673
1.309
1.396
1.419
1.402
1.740
1.376
1.104
2.080
2.935
1.815
1.462
1.202
1.615
1.911
2.425
1.081
2.240
1.914
1.470
1.262
1.074
1.347
2.047
1.356
1.204
1.154
1.353
1.168
1.273
1.213
1.201
1.212
1.275
1.201
0.966
1.186
1.275
1.375
1.181
1.077
1.783
1.629
1.458
1.109
1.220
1.081
2.354
1.234
1.689
1.330
1.621
1.736
2.386
3.544
2.954
2.308
1.569
2.017
1.900
1.591
1.713
1.392
1.386
1.481
1.344
1.278
1.310
1.209
1.096
1.290
2.086
2.980
1.472
1.160
1.895
1.355
1.119
1.221
1.787
1.301
1.472
1.547
1.658
1.832
2.116
1.818
1.625
1.431
1.094
1.594
1.332
1.737
1.604
1.569
1.772
1.653
1.495
1.727
1.289
1.001
1.131
1.183
1.430
1.284
1.541
1.646
1.370
1.068
0.904
0.786
1.213
1.326
1.378
1.724
1.601
1.376
1.577
1.843
2.104
1.996
1.443
1.291
1.344
2.003
1.751
1.867
1.590
1.374
1.555
1.689
1.697
1.487
1.187
2.066
1.786
2.572
1.706
1.254
0.945
1.374
1.444
1.333
1.595
1.741
1.338
1.349
1.511
1.462
1.111
1.175
1.084
1.237
1.784
1.268
1.312
1.663
1.490
2.003
1.403
1.816
2.039
2.114
2.563
1.185
1.559
1.349
1.284
1.698
1.674
2.238
2.001
2.001
2.518
1.722
1.484
2.022
1.709
1.168
1.463
1.758
1.871
1.698
1.517
1.481
2.104
1.474
1.933
1.899
2.425
1.805
1.505
2.413
2.020
1.519
1.529
1.878
1.679
2.425
1.856
2.482
2.600
2.550
2.077
2.217
1.674
2.054
2.332
2.004
1.965
2.413
2.053
2.022
2.167
2.237
2.670
2.533
1.718
2.882
2.958
2.312
2.297
2.415
1.777
1.720
1.792
1.326
2.352
1.601
1.492
2.520
1.294
1.715
1.815
1.544
1.873
1.613
1.973
2.980
2.112
2.942
2.263
2.562
3.080
3.169
3.475
3.030
2.694
3.134
2.461
1.842
2.019
1.752
2.852
1.627
1.574
1.812
1.949
1.985
2.075
2.651
2.423
1.797
1.317
1.357
1.348
1.896
1.619
1.652
2.207
2.184
2.682
2.763
2.774
2.434
2.753
2.548
2.484
2.668
3.187
3.910
3.080
2.238
2.525
1.999
2.362
1.440
2.255
1.810
2.060
2.557
2.587
2.384
1.671
2.133
2.087
2.002
2.534
2.030
2.433
1.648
1.180
1.504
2.849
4.469
4.274
2.644
4.018
3.646
3.145
3.652
3.498
3.785
3.865
3.681
2.531
2.034
1.623
2.193
2.035
2.450
2.210
2.156
2.204
1.836
1.524
1.789
2.633
3.334
3.089
3.598
3.864
2.689
2.181
1.735
1.653
1.890
1.837
2.203
3.624
3.547
3.772
2.555
2.429
1.414
1.976
1.384
1.142
1.521
1.854
2.256
1.238
1.534
1.330
1.222
1.873
3.132
2.981
1.588
1.714
1.173
0.610
1.257
1.252
1.349
1.976
1.471
1.216
1.367
2.258
1.491
1.756
1.863
2.621
2.149
1.163
1.752
2.057
2.277
2.834
2.713
2.225
1.751
2.039
1.715
1.471
1.983
2.115
1.602
1.501
2.017
1.987
2.493
2.217
1.936
1.695
1.850
2.284
2.226
2.380
2.451
1.964
1.557
1.612
1.664
1.690
1.234
1.237
1.420
1.451
1.332
1.639
1.838
1.440
1.886
1.748
1.763
1.998
1.639
1.893
1.761
1.404
1.606
1.479
1.823
1.798
1.879
1.651
1.084
1.339
1.107
1.178
1.701
1.180
1.100
1.479
1.250
1.656
1.447
1.655
1.735
1.642
1.734
1.847
1.462
1.218
1.969
1.444
1.239
1.331
1.494
1.391
1.394
1.250
1.083
1.159
1.650
1.323
1.562
2.054
1.765
1.633
1.855
1.702
1.271
1.539
1.427
1.554
1.914
1.956
1.666
1.282
1.306
1.278
1.221
1.410
1.148
1.140
2.193
2.171
1.735
1.130
1.174
1.259
1.179
1.911
1.720
1.336
1.406
1.799
1.669
1.320
0.976
1.244
1.945
2.643
1.301
2.120
1.897
1.459
2.432
1.398
1.233
1.773
1.835
1.451
2.145
1.959
1.632
1.787
1.498
1.458
1.091
1.823
1.654
1.438
2.550
1.888
1.248
1.320
1.361
1.481
1.829
2.913
2.109
1.709
1.823
1.942
3.280
2.213
1.231
1.529
2.071
1.911
1.619
1.199
1.945
1.793
1.647
1.376
1.229
1.668
1.368
2.448
2.080
1.263
1.251
1.590
2.292
3.060
4.017
2.677
3.096
1.896
2.156
1.797
2.105
1.926
2.058
2.308
1.449
1.866
2.510
1.986
1.759
1.399
2.288
2.657
2.065
1.574
1.504
1.467
1.672
2.267
2.129
1.677
1.505
1.496
1.481
1.554
1.410
1.557
2.169
2.107
2.698
2.116
2.415
1.351
2.697
2.230
2.136
1.597
2.616
1.860
2.234
2.225
1.542
1.420
2.437
1.788
2.009
1.710
2.733
2.732
2.071
2.599
2.145
1.864
1.774
2.095
1.829
3.043
1.862
1.667
2.005
2.572
2.539
1.777
1.803
2.932
2.752
2.559
2.166
2.530
2.198
2.163
2.215
1.638
2.305
1.904
1.745
2.179
2.477
2.294
2.117
2.437
1.335
1.957
2.302
2.419
2.167
2.143
1.982
1.946
1.746
2.327
2.417
1.967
1.859
1.920
1.957
2.052
1.408
2.369
1.736
2.250
2.123
2.355
2.716
2.345
2.710
1.484
1.882
1.916
2.031
1.748
2.321
2.994
2.999
2.902
2.534
2.961
2.353
2.095
2.639
1.602
2.161
2.177
2.344
2.595
1.705
1.900
1.418
1.683
2.412
2.435
3.891
3.944
3.612
2.623
2.900
2.713
1.641
1.259
1.472
1.779
1.838
1.162
1.724
2.458
2.292
2.245
2.177
1.567
1.705
2.230
2.229
2.159
1.897
1.247
1.745
1.959
3.074
2.431
1.620
1.287
2.048
3.134
2.389
2.276
1.854
1.294
1.183
2.414
2.726
2.330
2.386
2.777
2.712
1.872
1.788
1.555
1.990
0.934
1.416
1.345
1.275
1.280
1.794
2.113
2.430
2.797
2.421
1.853
1.529
1.186
1.556
2.203
2.307
1.675
1.323
1.472
1.309
1.835
1.175
1.711
1.537
1.873
2.223
2.606
3.229
3.998
3.765
2.735
1.592
1.568
1.893
2.595
2.870
2.214
1.676
2.018
2.507
2.257
2.764
2.155
1.641
1.581
1.398
1.269
1.416
1.667
1.954
1.475
1.526
1.322
1.412
1.701
1.723
1.648
1.355
2.106
2.114
1.133
0.776
1.595
0.818
1.812
2.783
1.903
1.653
1.514
1.410
1.324
1.653
1.800
1.818
1.169
0.735
1.129
1.043
1.555
1.617
1.255
1.396
1.426
1.549
1.415
1.207
1.181
1.215
2.018
2.271
2.483
2.754
2.483
2.062
1.480
1.222
0.955
1.069
1.783
1.591
1.456
1.198
1.554
1.256
1.136
1.056
0.936
1.409
1.264
1.426
2.088
1.932
1.327
1.616
1.364
1.047
1.049
1.099
1.420
1.635
1.678
1.373
1.012
1.406
1.125
1.783
1.729
2.101
1.326
1.759
1.731
1.973
1.357
1.247
1.245
1.318
1.431
1.528
1.772
1.304
1.676
1.624
1.743
1.476
1.435
1.542
1.361
0.953
1.852
1.366
1.389
1.723
1.303
1.367
1.559
2.621
1.956
2.075
1.480
1.787
2.051
2.144
1.666
1.547
1.517
1.127
1.999
1.910
1.793
1.385
1.694
2.330
2.862
1.859
1.955
1.770
1.206
1.736
1.662
1.160
1.540
1.631
2.348
2.497
3.060
1.505
1.348
2.409
2.547
2.317
2.302
1.928
2.293
2.270
2.375
1.848
1.850
1.671
2.456
1.952
2.004
1.488
1.384
1.411
1.966
1.833
2.262
2.038
2.195
1.816
1.436
2.024
1.868
1.738
1.710
1.706
1.658
2.222
2.137
2.193
2.212
2.358
2.139
2.026
1.991
1.489
1.955
1.523
2.068
2.146
1.757
2.126
1.867
2.450
1.648
2.142
1.319
2.314
1.784
1.653
1.981
2.081
1.701
3.380
3.306
1.876
2.393
2.007
2.544
2.162
2.232
2.384
1.984
1.982
2.537
2.552
1.791
1.585
2.076
2.284
1.963
2.329
2.151
3.094
2.584
2.411
2.693
2.590
2.305
1.796
2.934
2.642
2.419
1.793
1.924
1.753
2.443
2.490
2.127
1.910
1.205
1.977
1.229
1.728
1.997
2.466
2.718
3.560
3.645
3.016
2.155
2.246
1.773
2.216
1.482
1.494
1.964
2.359
1.934
3.436
3.769
2.474
2.133
1.724
2.157
1.706
2.209
2.083
1.480
2.433
2.163
1.320
2.046
1.669
1.934
2.020
2.052
1.598
1.579
1.140
2.341
3.635
3.899
2.922
3.198
3.703
2.696
3.803
3.403
2.364
2.832
2.515
2.873
2.476
1.908
1.501
1.192
1.888
2.069
1.186
2.077
1.424
1.705
1.644
1.129
1.539
1.544
1.845
1.517
1.614
1.676
1.955
2.940
4.170
2.856
2.499
2.418
2.616
1.625
1.785
1.321
2.127
2.404
1.312
1.806
2.777
4.027
2.542
2.063
1.966
1.204
2.249
1.699
1.489
1.839
2.559
2.408
1.731
2.469
4.504
3.630
2.441
1.669
1.868
2.670
2.836
1.827
2.012
1.841
2.029
1.815
1.971
1.817
1.656
1.631
1.770
1.024
1.646
1.458
1.552
2.036
3.231
3.838
2.890
2.422
2.314
1.604
1.997
1.673
1.866
1.854
1.040
1.420
1.133
1.446
1.942
2.287
1.842
1.758
1.648
1.838
2.359
2.143
1.766
1.660
1.854
1.710
1.269
1.795
1.725
1.402
1.859
1.995
1.823
1.620
1.725
1.840
1.389
1.745
1.151
1.523
1.934
1.458
1.624
0.958
0.987
1.048
1.762
1.515
1.847
1.920
1.833
1.982
1.650
1.615
1.586
1.442
1.358
1.773
1.681
2.212
2.612
1.766
2.005
1.880
1.982
1.487
1.594
1.248
1.049
1.205
1.422
1.894
1.741
1.464
1.905
1.943
1.584
1.946
1.644
1.945
1.155
2.220
1.770
1.183
1.849
2.469
1.936
1.260
1.320
1.333
2.355
1.692
1.570
1.334
1.177
1.520
1.681
2.019
1.507
1.241
1.108
1.816
1.871
1.918
2.302
2.260
1.770
1.668
1.696
1.387
1.516
1.664
1.524
1.394
1.434
1.636
1.673
1.482
1.677
1.595
2.143
1.949
1.395
1.500
1.321
1.238
1.479
1.644
1.832
2.085
1.093
1.634
1.864
1.350
1.657
1.933
2.437
2.003
1.865
2.812
2.420
2.088
2.995
2.442
2.576
1.670
2.435
1.666
1.729
1.609
1.718
1.584
1.721
1.925
1.640
1.462
1.606
2.406
1.913
2.028
2.810
4.305
2.736
1.737
1.813
2.497
2.098
2.026
1.537
1.409
1.688
1.843
2.402
2.534
2.000
2.453
2.826
2.349
1.818
1.513
2.032
1.936
1.972
1.666
2.178
2.174
2.923
1.831
1.424
1.064
1.322
1.474
1.616
1.966
2.159
2.217
1.949
1.888
1.888
1.846
1.893
2.255
1.981
2.541
2.553
2.309
2.305
1.647
2.764
2.472
1.929
2.709
3.226
2.455
3.415
3.000
2.302
2.289
2.510
2.526
2.482
2.438
2.324
2.194
1.788
1.716
1.822
1.831
1.649
2.235
2.360
1.965
2.126
2.424
2.222
2.555
2.334
2.228
2.418
1.942
2.208
2.310
2.746
3.070
2.470
2.126
1.483
1.614
3.043
2.398
1.685
1.974
1.595
1.906
2.293
2.137
3.064
2.389
2.604
2.255
2.592
3.362
2.560
1.537
1.712
2.278
2.086
2.666
3.068
2.372
1.948
2.090
1.458
2.180
2.946
2.977
2.249
2.216
1.740
1.355
2.541
4.356
3.803
2.656
3.048
2.813
2.096
2.396
3.334
4.059
3.943
3.552
2.499
1.570
1.914
2.203
1.528
1.713
1.882
3.957
2.994
3.502
3.027
2.869
2.157
1.969
2.605
3.162
3.231
3.013
3.104
2.560
1.777
1.743
2.160
0.915
1.403
1.674
1.471
3.228
4.476
2.212
1.191
1.678
1.998
2.541
2.105
2.871
3.743
3.878
2.925
2.466
1.623
2.588
2.525
1.496
1.486
1.933
1.601
1.393
1.063
1.403
1.700
1.646
1.363
1.108
1.140
1.421
1.444
1.350
1.866
2.875
1.683
1.568
2.260
2.261
1.895
1.692
1.824
1.579
1.370
1.187
1.448
1.292
1.378
2.460
3.559
3.870
1.684
2.028
1.388
1.600
1.414
0.977
1.517
1.293
1.217
1.128
1.312
1.113
1.177
2.452
2.599
3.089
2.023
1.989
1.756
1.656
1.544
1.662
1.700
1.391
1.488
2.119
1.796
1.497
1.691
1.868
1.934
1.884
1.883
1.683
1.782
1.792
2.002
1.636
1.344
1.126
1.500
1.326
1.619
1.331
1.427
1.510
1.800
1.907
1.753
1.769
1.787
1.629
1.789
1.697
1.600
1.748
2.024
1.340
1.545
1.785
1.820
1.800
1.795
1.411
1.118
1.335
1.664
1.724
1.770
1.913
1.715
1.465
1.371
2.097
1.856
1.738
1.502
1.785
2.272
1.765
1.803
1.790
2.003
1.453
1.342
1.606
1.446
1.452
2.929
3.639
2.441
2.227
2.112
1.536
1.649
2.131
1.580
1.914
1.779
1.288
1.620
1.659
1.752
1.359
1.591
1.356
1.307
1.333
2.261
1.924
1.871
2.249
2.308
2.500
1.857
2.078
1.976
2.650
1.480
1.922
2.182
2.349
2.113
1.949
1.951
1.626
1.667
1.215
1.933
1.635
1.220
1.063
2.009
1.795
1.933
1.718
2.238
1.202
1.634
1.767
1.298
1.656
1.513
1.437
1.808
1.850
2.325
1.758
1.486
1.926
2.079
1.882
1.641
2.180
1.487
2.338
1.796
1.830
1.789
1.707
1.626
1.905
1.395
1.971
2.074
2.124
1.743
2.195
2.018
1.906
1.614
1.326
1.538
1.310
1.686
1.685
2.015
3.629
2.843
2.479
1.309
2.512
2.543
2.270
1.241
2.350
1.714
1.995
3.258
3.142
1.817
2.173
1.784
1.832
1.839
2.446
1.883
1.564
1.769
2.085
2.201
1.858
1.568
1.195
1.836
2.126
2.852
1.752
1.709
1.836
1.991
2.156
1.890
1.823
1.905
2.054
1.775
2.206
2.076
2.338
1.754
3.517
2.347
2.629
2.160
1.713
1.607
2.630
1.872
2.487
2.262
1.913
2.273
2.122
2.040
2.270
2.733
3.184
2.986
1.838
2.324
2.226
1.444
2.279
2.141
2.433
2.041
2.223
2.014
2.236
1.574
2.162
1.523
2.204
2.686
2.042
2.127
2.359
1.605
1.722
1.217
1.469
1.963
2.340
2.371
2.163
2.426
3.148
4.696
4.642
3.271
2.673
1.499
1.710
1.374
2.005
1.580
1.252
1.663
3.421
2.190
3.572
3.124
3.129
3.290
2.961
2.344
1.708
1.821
2.157
2.105
2.918
2.701
2.126
2.062
2.800
2.713
2.396
2.645
1.607
2.371
2.149
2.891
3.223
2.590
1.888
1.588
2.284
2.764
2.904
2.136
1.439
2.205
1.660
2.027
2.336
1.790
1.266
1.695
1.127
1.360
2.690
2.560
2.421
2.060
1.696
1.479
1.859
2.566
3.041
2.472
2.269
1.990
1.399
1.201
1.050
1.773
1.470
2.184
2.748
2.417
2.100
1.007
1.471
1.814
1.721
1.922
1.777
1.879
1.833
1.759
1.710
1.711
2.399
1.918
1.934
1.454
1.411
1.951
3.396
4.041
3.946
1.953
1.770
1.524
1.808
1.763
2.106
2.662
2.819
2.679
1.733
0.976
1.201
1.441
1.565
1.573
1.538
1.654
2.326
1.389
1.525
1.653
1.506
1.165
1.176
1.339
1.799
1.564
1.450
1.189
1.232
1.641
1.820
1.545
1.749
1.527
1.855
2.081
1.594
1.728
1.743
1.587
1.997
2.038
1.911
1.571
1.336
1.443
1.497
1.772
2.106
1.754
1.593
1.667
1.643
1.353
1.837
1.812
1.341
1.192
0.941
1.305
1.527
1.743
1.540
0.879
1.516
1.565
1.512
1.623
1.283
1.415
1.518
1.894
1.432
1.120
1.181
1.222
1.043
1.489
1.659
1.569
1.158
1.340
1.456
1.894
1.541
1.541
1.506
1.007
1.045
1.116
1.712
1.384
1.795
1.190
1.359
1.218
1.228
1.446
1.395
1.310
1.379
1.724
1.679
1.502
1.569
1.608
1.376
1.325
1.972
1.368
1.630
1.438
1.284
1.335
1.433
1.322
1.077
1.360
1.445
1.232
1.827
2.634
2.259
1.807
1.994
1.862
1.384
1.977
2.466
1.884
1.236
1.268
1.515
1.547
1.452
1.511
1.674
1.823
1.893
2.038
1.579
1.576
2.146
2.550
2.237
1.480
1.372
1.469
1.555
1.509
1.588
1.772
1.518
2.118
2.663
1.512
1.770
2.448
2.152
1.901
2.848
2.397
2.281
2.212
2.407
2.562
2.405
1.734
2.050
2.117
1.774
2.166
1.855
1.684
1.705
2.386
1.560
2.070
2.923
1.937
2.196
2.189
1.682
1.822
1.356
2.378
1.593
2.129
1.848
1.911
2.095
1.929
2.189
2.282
2.088
2.334
1.619
2.579
2.549
2.337
2.282
2.873
1.941
1.195
2.006
1.538
1.629
1.711
2.700
3.517
3.461
3.400
3.332
3.090
2.269
2.450
1.713
1.944
2.463
2.139
1.928
2.467
2.582
1.697
1.688
1.778
1.769
2.955
2.456
2.231
1.926
2.155
3.409
4.018
2.390
2.743
2.009
1.944
2.201
2.754
2.192
2.843
2.777
2.736
2.392
2.289
2.584
2.841
3.008
2.320
2.378
1.456
1.828
2.078
2.262
2.839
3.041
3.237
1.941
2.314
2.576
2.487
2.371
2.236
2.484
2.403
2.146
3.192
2.744
2.922
2.103
1.925
1.568
2.476
2.603
2.455
2.728
2.226
1.377
2.253
2.147
2.118
3.550
3.480
2.812
1.737
1.891
1.493
1.229
1.624
2.016
1.734
1.044
1.135
1.525
2.176
2.023
2.883
2.433
1.547
1.561
1.912
1.374
2.682
2.749
2.768
2.820
3.028
2.820
3.004
3.075
3.067
3.575
3.087
3.046
2.934
2.976
2.748
2.756
2.173
2.158
2.379
2.373
1.560
1.088
1.119
1.280
1.113
1.644
2.133
1.853
2.601
2.608
2.447
2.083
2.874
1.853
1.957
1.986
2.226
2.677
2.414
1.565
1.800
1.603
0.969
1.700
1.634
1.078
1.741
3.320
2.641
1.804
3.083
3.269
2.130
2.114
1.998
1.899
2.066
2.203
1.545
1.130
1.786
1.533
1.524
1.892
2.263
1.314
1.138
1.300
1.859
1.859
2.110
2.647
3.946
3.357
1.787
1.699
1.689
1.125
2.030
3.179
2.490
1.898
1.157
1.588
1.560
1.394
1.150
1.234
1.771
1.882
2.286
2.152
1.705
1.962
2.119
1.456
0.999
1.227
1.192
1.337
1.143
1.319
1.911
1.316
2.018
1.884
1.820
1.376
1.336
1.081
1.849
1.454
1.121
1.588
1.887
1.200
1.174
1.647
2.102
1.807
1.136
1.998
1.476
1.058
1.105
1.312
1.566
1.739
1.339
1.375
1.200
1.246
1.052
1.353
1.162
0.965
0.696
0.980
1.128
1.366
1.389
0.978
1.262
1.184
1.296
1.775
1.579
1.465
1.553
1.370
1.442
1.623
1.297
1.527
1.628
1.788
2.089
1.792
1.718
1.686
1.469
1.386
1.578
1.645
1.383
1.195
1.176
2.137
1.834
1.106
1.315
1.577
1.194
1.455
1.411
1.258
2.137
1.893
1.496
1.452
1.644
1.306
1.138
1.275
1.013
1.095
1.033
1.765
1.903
1.575
1.160
1.259
1.446
1.666
1.586
1.935
1.970
1.564
1.759
1.950
1.618
1.416
1.706
3.121
2.034
1.733
2.574
2.330
1.482
2.049
3.417
2.733
2.359
1.393
1.962
1.302
1.689
1.885
1.864
1.415
1.562
2.475
3.130
2.170
2.424
2.603
1.546
2.846
1.972
1.678
1.667
1.493
1.722
1.657
1.443
1.981
1.890
2.031
2.183
2.433
2.136
1.300
1.640
1.858
2.833
2.204
2.190
2.127
2.147
2.522
3.077
2.624
3.272
2.858
2.987
1.900
1.642
1.448
1.826
1.849
1.669
1.641
2.638
2.591
2.314
2.003
2.245
2.092
1.667
2.029
1.888
2.405
3.860
3.840
3.435
2.972
1.791
2.391
2.479
1.800
1.830
2.163
2.582
2.220
1.853
2.148
1.966
3.001
2.982
2.365
1.709
2.021
1.496
1.948
2.229
2.037
1.776
2.153
1.996
1.790
1.977
2.272
2.721
4.755
4.411
2.976
2.038
2.776
2.297
2.284
2.551
2.457
2.164
2.278
2.020
2.503
2.824
3.317
2.841
3.429
3.240
2.468
2.257
2.402
1.702
2.147
2.911
2.364
2.079
2.744
3.376
1.989
1.684
1.488
2.060
2.680
3.034
3.087
1.859
1.986
1.595
1.671
2.618
2.330
2.129
1.966
1.473
2.134
1.971
2.123
1.975
2.513
2.097
2.150
2.420
2.734
3.164
2.806
1.474
1.653
1.596
1.348
2.006
1.917
1.888
1.391
1.534
1.296
1.235
2.371
2.657
1.552
1.044
1.577
2.108
1.425
1.662
1.700
1.908
1.628
2.315
3.799
2.377
2.543
1.949
1.224
1.396
1.403
1.393
1.340
1.293
1.326
2.240
1.709
1.356
1.574
2.054
2.205
1.373
1.160
1.104
1.204
1.169
0.979
1.019
1.516
1.473
1.534
1.263
1.339
1.393
1.511
1.464
2.120
2.499
2.195
2.307
1.750
1.362
0.977
1.181
1.023
1.192
1.668
2.427
2.568
2.798
2.384
1.426
1.476
1.529
1.650
1.391
1.705
2.027
1.695
1.117
1.235
1.707
1.633
1.295
1.382
1.862
2.205
1.950
1.063
1.768
2.159
1.767
2.038
1.722
1.611
2.780
1.918
1.119
1.619
1.177
1.103
1.080
1.871
1.601
1.268
1.241
1.704
1.397
1.337
1.771
1.357
1.206
1.321
1.294
1.647
1.779
1.838
2.023
1.313
1.254
0.947
1.194
1.124
1.227
1.579
1.579
1.582
1.265
1.214
1.649
1.970
1.779
1.308
1.452
1.097
1.327
1.189
1.396
1.226
1.630
1.599
1.251
1.128
1.250
1.031
1.721
1.951
1.159
1.028
1.324
1.181
1.943
2.155
1.397
1.409
1.575
1.111
1.372
1.339
1.314
1.519
1.749
1.389
1.444
2.074
1.032
1.287
1.101
1.153
1.004
0.828
2.549
2.623
1.479
1.093
1.232
1.249
1.180
1.141
1.087
1.193
1.902
1.445
1.673
1.203
1.435
1.914
2.939
2.194
1.458
1.363
1.103
1.264
1.228
1.094
1.114
1.303
2.164
1.582
1.397
1.680
2.206
1.681
1.572
1.091
1.203
1.134
1.214
1.247
1.427
2.336
1.856
1.555
1.607
1.773
1.637
1.443
2.140
2.410
2.351
1.524
1.295
1.403
1.813
1.255
0.802
1.286
1.555
1.020
1.645
1.164
1.283
1.482
1.907
1.731
1.824
1.958
2.831
2.514
1.533
1.928
2.010
1.874
1.760
1.715
2.010
1.131
1.711
1.896
2.349
3.168
1.880
1.829
1.501
1.505
2.252
1.891
2.269
1.951
1.847
2.008
2.186
1.695
1.549
1.267
1.905
1.315
1.214
1.632
1.264
2.043
1.691
1.448
1.370
1.973
1.757
1.826
1.172
1.468
2.602
1.966
1.420
1.964
1.445
1.622
1.839
2.601
1.887
1.160
1.596
1.687
2.528
2.039
2.178
2.678
1.612
1.766
1.083
1.557
2.069
2.366
2.467
2.571
2.031
1.443
2.097
1.915
1.224
1.530
1.534
2.505
2.807
2.554
2.181
2.622
2.627
2.730
2.067
2.216
2.025
1.849
1.894
2.104
2.236
1.275
1.539
2.344
1.301
2.374
1.876
2.415
3.016
1.900
2.343
2.280
1.656
1.733
1.625
1.584
1.810
3.272
4.632
2.570
2.586
2.914
2.715
2.080
1.616
2.253
1.933
2.736
3.005
4.268
2.749
2.709
2.083
1.958
2.446
1.900
0.930
2.199
2.887
2.380
1.557
1.623
1.982
1.437
1.122
0.983
0.982
1.448
2.532
1.658
2.182
2.938
2.555
1.674
1.365
1.157
1.837
1.306
0.921
1.324
1.545
1.626
1.486
1.189
1.355
2.022
1.837
1.436
1.909
3.042
2.492
1.532
2.136
1.751
2.077
2.345
2.255
2.332
1.864
1.258
1.252
1.499
1.406
1.327
1.151
0.980
2.130
2.235
1.968
2.147
2.273
2.460
2.382
1.737
1.670
1.410
1.228
1.649
1.271
1.349
1.430
1.361
1.827
1.177
0.948
0.853
1.028
1.220
1.444
1.759
1.349
1.442
2.028
1.809
2.241
2.144
2.422
2.401
2.462
2.234
2.277
2.486
2.545
2.386
2.343
1.751
1.468
1.088
0.900
1.030
1.116
0.965
1.148
1.015
1.041
1.191
1.415
1.472
1.261
1.345
1.503
1.536
1.903
1.521
1.179
1.061
1.233
1.221
1.158
1.208
1.094
1.378
1.212
1.027
0.902
1.714
1.325
1.077
1.589
1.636
1.471
1.134
1.007
1.135
1.393
1.248
1.028
1.487
1.038
1.754
1.702
1.204
1.428
1.558
1.644
1.887
1.671
1.369
1.434
1.135
1.214
1.402
1.057
1.467
1.346
1.337
1.298
1.273
1.502
1.236
1.329
1.244
1.465
1.306
1.492
1.089
1.309
1.045
1.111
1.166
1.263
0.888
1.039
1.108
1.028
1.488
1.182
1.012
1.272
1.550
1.785
1.763
1.624
1.863
1.890
1.539
1.678
1.430
1.439
1.301
1.494
1.410
1.614
1.426
1.222
1.931
2.028
1.594
1.657
1.767
2.153
1.390
1.548
2.116
2.096
1.117
1.388
1.273
1.250
1.626
1.126
1.481
1.317
1.478
1.355
1.745
1.287
1.078
1.214
1.159
1.571
0.805
3.753
2.160
1.473
1.199
1.390
1.923
1.808
1.631
2.230
1.726
1.448
1.670
1.889
1.552
1.672
1.400
1.196
1.588
1.806
1.760
1.304
1.787
1.295
1.576
1.589
1.696
1.467
2.743
2.157
1.147
1.272
1.517
1.617
1.893
3.018
1.890
1.791
1.754
1.779
2.030
1.598
1.958
1.901
2.150
1.971
2.045
1.611
1.353
1.335
1.420
1.726
1.874
1.615
2.074
1.636
1.697
1.903
2.700
2.140
2.165
1.897
2.145
1.688
1.902
2.090
1.333
1.561
2.088
1.988
1.316
1.650
1.895
2.151
3.057
2.285
1.763
1.414
2.195
1.995
2.946
2.477
1.984
2.237
1.950
1.855
1.420
1.449
1.582
2.215
1.854
1.804
1.876
1.664
2.400
1.768
1.801
2.204
2.399
2.339
2.786
2.348
2.503
2.063
2.350
2.087
2.421
2.510
2.551
2.536
2.108
2.231
1.724
2.045
1.957
1.861
2.702
3.129
3.057
2.507
2.156
2.222
2.323
2.687
3.257
2.835
1.880
2.372
3.629
3.611
3.696
3.967
2.442
1.535
1.244
1.601
1.615
2.413
3.137
5.117
4.696
3.627
2.885
2.763
2.183
1.688
2.304
2.094
1.264
2.261
2.809
2.360
1.743
1.610
1.441
1.986
1.728
1.996
2.397
2.136
1.854
2.421
3.260
2.440
1.731
1.967
1.573
1.153
2.062
1.431
0.944
1.060
1.566
1.700
1.065
1.273
1.288
1.436
1.678
1.776
2.479
2.215
1.715
1.388
0.837
1.453
1.239
1.919
2.553
2.060
0.899
1.395
1.174
2.250
2.360
1.309
1.533
2.169
1.822
1.842
0.859
1.566
1.491
1.215
1.499
1.581
1.675
1.392
2.044
2.481
3.722
3.318
1.962
1.319
1.438
1.534
1.642
1.648
1.465
1.364
1.601
1.715
2.548
1.884
1.592
0.900
1.281
1.440
1.445
1.839
2.337
2.132
1.667
1.395
1.109
0.875
1.106
1.053
1.379
1.398
1.493
2.030
1.790
1.196
1.085
1.418
1.668
0.937
1.095
1.147
1.147
1.402
1.141
1.124
1.024
1.439
1.344
1.305
1.223
1.241
1.782
1.095
1.049
0.903
0.913
1.069
1.336
1.687
1.839
1.519
1.740
1.625
1.095
0.993
1.068
1.621
1.123
1.009
1.516
1.514
1.478
1.284
0.906
1.230
1.142
1.375
1.208
1.060
1.182
1.153
1.296
1.336
1.239
1.459
1.240
1.254
1.282
1.348
0.883
0.862
0.674
1.142
1.310
1.668
1.957
1.811
1.595
1.316
1.593
1.581
1.688
1.524
1.474
1.420
2.005
2.106
2.054
1.675
1.087
1.189
1.788
1.538
1.468
1.601
1.774
1.758
1.427
1.477
1.245
1.607
1.335
1.562
1.332
1.767
2.228
1.466
1.334
1.206
1.730
1.894
1.327
1.817
1.483
1.580
1.736
1.717
2.688
2.277
1.438
1.432
1.948
1.842
1.744
1.321
1.277
1.154
1.235
1.036
1.350
1.563
1.436
1.453
1.725
1.850
1.825
2.013
1.885
1.056
1.275
1.587
1.346
1.544
1.314
1.129
2.265
2.279
2.027
1.453
1.175
1.349
1.335
1.344
1.755
2.298
1.258
0.972
1.671
2.139
2.482
1.765
1.570
1.108
1.007
1.204
1.164
1.007
1.417
1.689
2.053
1.505
1.232
1.728
2.309
1.034
2.123
2.576
2.107
1.706
1.360
1.776
1.532
1.763
2.652
2.747
1.980
1.563
1.581
1.804
1.639
1.477
1.633
2.369
3.016
3.084
2.744
2.149
1.471
1.095
1.288
1.160
1.734
1.267
2.977
2.415
2.103
2.720
1.503
1.668
3.007
1.894
1.408
1.194
1.320
1.557
1.590
2.273
1.738
1.437
1.229
1.964
2.089
2.003
1.457
1.983
2.068
2.017
2.436
2.254
2.042
2.314
2.041
1.991
1.904
1.911
1.910
2.276
2.290
2.716
2.286
2.273
2.568
2.002
2.526
2.182
2.175
1.779
2.514
2.193
2.993
3.218
2.378
1.485
1.849
2.438
1.994
2.347
1.938
1.917
2.118
2.045
1.976
2.677
3.660
4.096
2.534
3.238
2.834
2.301
1.119
1.404
1.699
1.259
1.862
2.821
2.730
1.249
2.618
2.484
2.799
2.858
2.357
1.111
1.593
2.014
1.198
1.316
1.468
1.167
1.225
1.857
2.093
3.050
1.489
1.442
1.135
1.280
1.706
1.137
1.840
1.695
1.277
2.243
2.938
1.821
0.658
1.315
2.984
3.282
1.532
2.230
3.187
2.404
1.834
1.323
1.124
1.686
2.057
1.050
1.387
1.102
1.287
0.927
0.945
0.912
1.214
1.089
0.929
1.206
1.004
1.206
2.012
1.980
1.832
1.564
1.488
1.750
1.617
1.309
1.312
1.693
1.968
1.718
1.808
1.895
1.818
2.307
2.357
2.036
1.176
1.461
1.267
1.079
1.427
1.145
1.309
1.589
1.362
1.232
1.120
1.010
1.686
2.145
2.544
1.560
1.459
1.323
1.305
1.342
1.676
1.556
1.582
1.998
2.513
1.849
1.814
1.401
3.075
1.843
0.899
1.657
1.645
1.383
1.180
2.224
6.212
3.571
1.990
1.054
1.111
1.174
1.240
1.445
1.187
1.703
1.518
1.500
1.580
1.436
1.078
1.320
1.590
1.213
1.437
1.480
2.042
1.665
0.962
0.931
1.157
1.237
1.115
1.070
1.531
1.306
1.083
1.127
1.178
1.185
1.301
0.827
1.014
1.129
1.091
1.157
1.208
0.802
0.969
1.568
2.073
1.394
1.231
0.876
1.350
0.989
0.851
1.109
1.522
1.671
0.939
1.016
1.003
0.938
0.905
1.217
2.207
2.378
1.687
1.064
1.064
0.979
1.106
1.253
1.589
1.158
1.412
1.860
1.541
1.705
1.704
0.895
1.350
1.210
1.136
1.628
1.593
1.956
1.639
1.525
1.135
1.712
1.334
1.031
1.379
1.553
1.386
1.956
1.228
1.167
1.388
1.227
1.885
3.023
1.468
1.131
1.590
1.509
1.459
1.046
1.723
1.552
1.169
1.382
1.130
1.461
1.406
1.408
1.034
1.224
1.785
1.755
1.669
1.935
2.287
1.642
1.523
2.120
1.415
1.471
2.086
1.682
1.264
2.728
1.895
1.252
1.338
1.453
2.016
1.523
1.701
1.126
1.566
1.797
2.487
2.180
1.737
1.363
1.170
1.350
1.188
1.079
1.649
1.147
1.204
1.594
1.472
1.780
1.458
1.471
1.477
1.514
1.853
2.391
1.890
1.245
1.929
1.756
1.545
2.010
1.768
1.437
2.206
2.314
2.404
2.343
1.748
1.161
2.077
2.290
2.457
1.470
2.244
2.510
2.230
1.632
1.256
1.199
1.145
2.521
1.397
2.065
1.176
1.788
1.682
1.566
1.522
1.511
1.872
1.649
1.645
1.496
1.170
1.524
1.687
1.663
1.940
2.240
3.014
2.560
1.494
1.834
2.525
2.912
3.522
4.448
3.458
1.956
1.760
1.915
2.413
1.698
1.420
1.801
2.023
1.829
1.899
2.326
2.033
2.070
2.170
2.248
1.720
1.225
2.176
2.162
1.730
1.851
2.043
1.488
1.300
1.732
1.846
1.801
1.896
1.322
2.376
2.293
2.923
3.421
2.351
2.143
1.774
2.051
1.671
2.037
2.822
4.061
3.244
3.478
3.010
1.679
1.895
1.636
1.857
2.132
2.234
1.899
2.419
1.681
2.502
2.878
3.071
2.715
3.162
2.442
1.696
1.309
1.332
2.141
1.933
2.003
1.412
2.799
2.137
1.977
1.995
3.608
3.689
3.082
2.300
1.343
1.365
1.621
1.990
2.337
2.086
1.965
