20000101
1.662
1.389
1.166
1.130
0.976
1.821
1.927
1.603
1.691
2.325
1.707
1.837
1.411
2.520
1.928
2.260
1.636
2.437
2.675
2.562
1.522
1.707
1.887
1.869
1.699
2.254
1.601
2.277
2.084
1.640
1.613
3.885
2.214
2.236
1.942
2.838
1.632
1.558
1.798
1.859
1.264
3.549
1.777
1.945
2.132
1.632
1.992
2.022
1.236
1.626
2.028
1.982
1.911
1.131
1.332
2.173
1.544
1.877
2.410
2.195
3.067
2.001
1.848
2.389
2.458
1.412
2.843
3.620
2.311
2.160
2.713
3.390
3.917
2.660
2.106
2.594
1.990
2.026
2.093
1.517
1.582
3.183
3.373
2.340
1.531
1.302
1.703
1.896
1.950
2.090
2.179
2.458
2.770
2.431
1.863
1.799
2.276
1.553
1.728
3.061
1.750
2.657
1.815
2.000
2.421
1.930
2.055
2.019
2.289
2.880
2.081
2.424
2.152
2.946
2.718
2.799
2.315
2.582
3.054
3.060
2.551
2.002
1.647
2.651
2.347
2.332
2.857
1.869
2.073
2.000
1.462
1.837
1.722
2.728
2.442
2.042
2.558
2.958
3.171
2.476
1.505
2.255
1.960
2.060
2.030
3.933
3.686
3.326
2.766
2.684
2.134
2.284
2.176
1.670
1.919
1.950
2.651
4.144
3.721
3.608
2.922
2.351
1.996
1.734
2.376
2.930
2.196
2.045
1.871
1.944
1.891
1.156
2.621
2.470
2.956
2.699
2.614
2.387
1.342
1.478
2.078
1.843
1.748
2.543
1.821
1.815
1.211
1.998
1.754
1.900
1.800
1.461
1.762
2.701
2.139
2.468
1.930
1.924
1.163
1.957
1.650
3.909
2.843
2.503
2.822
2.841
1.867
2.163
0.927
0.958
0.834
1.571
2.069
2.801
3.441
3.381
3.013
2.233
1.690
1.524
1.753
1.517
2.771
1.836
2.007
2.777
2.441
2.688
2.802
2.461
1.370
1.563
1.083
1.216
2.067
2.023
2.267
2.371
2.246
2.096
2.215
1.897
2.202
3.294
3.228
4.442
1.644
2.503
2.005
1.875
1.361
1.590
2.862
3.024
2.417
1.804
1.524
1.675
1.434
1.437
1.586
1.897
1.504
1.603
1.434
1.881
1.269
1.386
1.172
1.650
1.746
1.764
1.736
1.426
1.659
1.599
1.627
1.265
1.208
1.826
1.602
1.661
1.771
1.729
1.906
1.744
1.681
2.289
1.493
1.729
2.022
1.674
1.454
1.656
1.959
1.732
2.028
2.085
2.022
1.805
1.827
1.751
1.919
1.778
1.689
1.727
1.934
1.721
1.269
1.465
1.231
1.566
1.608
1.768
1.519
1.775
1.706
1.712
1.137
1.596
1.818
1.619
1.171
1.738
1.939
1.279
1.044
1.557
1.316
1.471
1.445
1.331
1.705
1.385
1.452
1.913
1.638
1.444
1.175
1.534
1.515
1.211
1.089
2.047
1.696
1.692
1.472
1.470
1.779
1.837
1.691
1.263
1.748
1.935
1.655
1.174
1.172
1.179
1.096
1.298
1.350
1.513
1.595
1.359
1.245
1.909
1.402
1.354
1.261
1.602
1.699
0.977
1.786
2.033
1.773
1.372
1.291
1.442
1.912
1.534
1.667
1.617
1.256
1.696
1.808
1.628
1.501
2.613
3.140
3.177
2.715
2.613
3.132
1.917
1.531
1.759
1.793
1.832
2.136
2.086
2.043
2.038
1.898
2.225
2.807
2.929
1.900
1.695
1.427
1.481
1.844
3.373
2.702
1.449
1.796
2.038
1.623
2.623
2.242
2.404
2.774
2.667
2.142
1.884
2.692
2.422
1.576
1.568
1.627
2.160
1.627
1.994
1.676
2.142
2.158
1.931
2.270
2.644
1.465
1.499
1.600
1.714
1.615
1.974
1.427
1.751
1.418
1.833
1.672
1.322
1.295
1.397
1.479
2.214
2.512
2.352
2.100
1.292
1.392
1.695
1.255
1.739
2.498
1.998
2.001
2.775
1.954
1.711
3.097
1.500
1.270
2.299
2.344
2.040
2.242
2.238
2.894
2.183
2.016
1.886
1.391
1.781
2.102
2.651
2.771
2.850
2.611
2.404
2.252
2.194
2.293
2.231
2.590
3.052
3.175
3.555
3.658
2.584
2.375
1.961
2.541
1.872
1.998
2.220
1.724
2.593
2.365
1.851
2.104
2.127
2.464
2.215
2.230
1.519
2.438
2.607
2.674
2.259
2.171
1.601
1.714
2.258
2.233
1.549
2.126
1.492
1.278
1.949
2.504
3.530
3.299
1.398
3.718
3.472
1.851
1.809
2.853
3.545
2.568
1.695
1.674
1.766
1.428
2.415
2.730
1.222
1.732
1.962
1.942
1.597
1.625
1.670
1.796
1.942
2.298
2.301
1.257
2.930
3.157
3.274
2.565
3.593
3.046
2.280
1.783
1.857
0.946
1.618
1.664
1.717
1.395
2.075
2.026
2.524
2.967
3.015
2.307
1.891
2.303
1.906
2.011
2.228
1.833
1.269
1.031
1.653
1.440
1.948
1.684
1.316
1.338
1.983
1.218
1.289
1.470
1.812
1.704
1.968
1.654
1.204
1.563
0.920
1.747
2.583
2.370
2.426
2.407
1.939
1.929
2.296
2.200
2.816
2.666
2.090
2.091
1.724
1.767
1.973
2.607
2.020
1.097
1.533
1.687
1.626
1.346
1.802
1.552
2.096
2.159
1.536
1.802
1.282
1.364
1.270
1.458
2.042
1.844
1.630
2.650
2.562
1.662
1.447
3.542
2.446
1.757
1.627
1.122
1.640
1.365
1.450
1.252
1.490
1.477
1.922
1.927
1.292
1.053
1.108
1.750
1.872
1.545
1.514
1.293
1.583
1.969
1.603
1.910
1.911
1.570
1.601
1.545
1.937
1.745
1.716
1.864
1.873
2.196
1.764
2.230
2.395
2.006
1.766
1.905
1.589
1.736
1.280
1.617
1.415
1.522
2.054
1.356
1.451
1.404
1.058
1.532
1.550
1.786
1.502
1.008
1.068
2.032
2.297
1.523
1.557
1.508
1.485
1.317
1.725
1.967
1.542
1.635
1.378
1.657
1.422
1.429
1.790
1.424
1.344
1.522
1.445
1.132
1.186
1.119
1.479
1.462
1.608
1.504
1.864
1.334
1.235
1.392
1.635
1.565
1.582
1.827
2.030
2.065
1.677
2.266
1.479
1.137
1.537
1.942
1.565
1.505
2.238
3.043
1.728
2.384
1.682
2.628
1.894
1.775
1.582
2.072
1.756
1.708
1.893
2.564
1.472
1.793
1.752
1.485
1.641
1.740
1.432
1.871
2.211
2.182
1.620
1.648
2.485
4.067
1.857
1.765
1.520
1.730
1.243
1.416
2.280
2.011
1.752
1.909
1.680
2.210
1.366
2.741
2.414
2.080
1.878
1.784
2.188
3.085
2.047
1.927
1.890
1.769
2.090
2.274
2.229
2.187
2.132
2.035
2.164
2.254
2.450
1.536
1.612
1.671
1.680
2.066
1.738
1.360
1.792
2.627
2.345
2.087
1.521
1.769
1.805
2.260
2.429
2.245
1.930
1.924
2.013
1.668
1.793
2.027
1.744
1.987
1.628
2.116
2.256
2.114
2.319
2.310
2.436
2.884
2.009
1.523
2.804
2.849
2.310
1.786
1.878
3.193
2.235
2.779
3.355
1.963
2.108
2.387
1.897
2.456
2.816
2.347
2.756
2.431
2.771
2.794
3.271
3.015
2.224
2.368
2.714
2.175
1.931
2.483
4.110
4.144
3.842
3.164
2.984
2.444
2.387
2.722
2.927
2.731
2.003
1.961
1.954
1.885
2.042
2.470
1.683
3.110
2.687
3.389
2.008
2.267
2.741
1.867
2.161
1.970
1.834
2.380
2.569
1.633
2.209
2.395
1.860
2.685
2.357
1.836
2.302
1.987
3.032
3.143
2.767
2.541
2.730
2.431
2.379
2.267
2.942
2.672
2.995
3.383
3.244
3.715
3.117
3.811
2.328
2.394
2.216
2.515
2.507
1.525
2.027
1.209
1.595
2.982
3.863
4.130
3.662
3.129
3.175
2.718
2.578
2.204
1.985
1.567
1.466
1.478
1.706
1.851
1.598
1.316
1.327
1.485
1.330
1.747
2.982
2.701
2.490
2.530
1.222
1.238
1.115
2.118
1.616
1.230
0.995
2.369
3.359
3.324
2.210
2.051
2.283
1.886
1.714
2.552
2.046
1.696
1.194
1.241
2.139
2.768
1.673
0.708
0.561
1.303
1.886
1.510
1.606
1.701
1.616
1.790
2.604
2.336
1.785
1.687
1.745
1.412
1.451
1.147
1.371
1.505
1.555
1.583
1.540
1.426
1.346
1.746
1.998
2.262
1.639
1.440
1.345
1.507
1.307
1.562
1.589
1.630
1.460
1.756
2.126
1.426
1.089
1.621
1.482
1.473
1.372
1.437
1.542
1.296
1.133
1.072
1.124
1.319
1.647
1.648
1.767
1.648
1.781
1.669
1.397
1.225
1.704
1.879
1.765
1.478
1.818
1.844
1.655
1.861
2.206
1.926
1.712
1.253
0.939
1.579
1.692
1.970
1.847
1.590
1.021
0.901
1.318
1.660
1.723
1.100
1.114
1.123
1.179
1.356
1.266
1.257
1.567
1.664
1.388
1.789
1.437
1.619
1.561
1.357
1.356
1.185
1.174
1.431
1.417
2.215
1.841
2.323
1.764
1.397
1.807
1.456
2.517
1.420
1.258
1.553
1.217
1.873
2.608
2.183
1.929
1.709
2.214
1.713
1.421
1.124
1.667
1.535
1.311
1.563
1.223
1.530
1.532
1.369
1.259
1.394
1.523
1.332
1.690
2.131
2.239
1.703
1.679
1.772
1.517
1.903
2.029
2.113
1.526
1.897
2.079
2.723
1.849
2.098
1.735
1.331
0.871
2.145
1.505
1.574
1.409
1.852
1.806
1.255
1.454
1.295
1.510
1.997
2.697
1.804
2.319
1.629
1.226
1.588
1.810
1.228
1.693
1.417
2.081
1.691
2.407
3.055
2.414
1.782
1.601
2.140
1.218
1.664
2.137
1.973
1.388
1.882
1.278
1.163
2.278
1.647
1.644
2.067
1.622
2.222
1.650
1.685
1.760
1.908
2.042
1.632
2.227
2.515
2.364
2.848
2.345
1.515
1.433
1.611
2.220
1.432
1.518
1.681
1.416
2.059
2.409
2.275
1.930
1.874
2.452
1.676
1.432
1.188
2.578
1.912
1.497
1.735
2.207
1.665
1.492
3.318
3.080
2.791
2.539
2.956
2.743
3.489
2.913
1.021
1.189
1.440
1.241
1.998
1.842
2.453
2.416
2.724
2.284
1.688
2.808
2.586
2.482
2.822
2.430
2.826
2.721
1.843
2.049
2.117
2.054
2.927
3.285
3.132
2.398
2.691
2.298
2.497
2.463
2.049
2.497
3.643
2.826
2.869
3.279
3.497
3.330
2.930
2.627
2.995
2.304
2.197
2.450
1.787
1.694
0.861
1.322
2.204
1.439
1.646
1.179
2.054
3.175
3.239
2.833
2.638
1.981
1.189
1.159
1.658
2.054
1.782
2.413
1.981
1.822
1.511
1.928
1.967
1.745
1.307
1.177
1.780
1.919
1.443
1.466
1.868
1.451
1.654
0.869
1.549
1.536
2.747
3.687
1.916
2.709
2.947
2.725
2.641
2.589
1.328
1.480
2.096
1.397
1.930
1.920
1.535
1.302
1.757
2.483
2.431
1.832
1.297
1.495
1.414
1.450
1.855
1.529
1.157
1.891
2.820
2.102
1.620
1.289
1.726
1.944
2.359
1.170
2.277
2.075
1.881
1.317
1.193
1.208
1.960
1.457
1.460
1.168
1.494
1.228
1.418
1.310
1.097
1.271
1.402
1.283
0.897
1.103
1.190
1.337
1.184
1.119
1.940
1.651
1.368
0.981
1.166
1.104
2.621
1.224
1.801
1.334
1.587
1.732
2.301
3.590
2.931
2.266
1.688
1.880
1.988
1.552
1.812
1.352
1.231
1.408
1.207
1.168
1.235
1.024
1.228
1.045
1.936
2.861
1.605
1.292
1.906
1.385
1.165
1.189
1.843
1.135
1.321
1.632
1.628
1.675
1.986
1.719
1.644
1.376
0.978
1.362
1.174
1.599
1.490
1.562
1.709
1.547
1.545
1.650
1.337
1.060
1.258
1.314
1.448
1.262
1.433
1.595
1.285
1.067
0.888
0.714
1.237
1.314
1.454
1.725
1.775
1.252
1.421
1.789
2.051
1.963
1.496
1.324
1.300
2.009
1.767
1.874
1.605
1.457
1.543
1.598
1.696
1.467
1.201
2.122
1.772
2.581
1.765
1.316
0.978
1.280
1.359
1.399
1.714
1.848
1.442
1.332
1.510
1.485
1.116
1.126
1.131
1.333
1.876
1.258
1.328
1.672
1.705
1.956
1.365
2.095
1.940
2.144
2.469
1.112
1.601
1.399
1.358
1.756
1.679
2.117
2.106
2.052
2.451
1.657
1.479
2.189
1.770
1.227
1.485
1.687
1.722
1.634
1.665
1.582
2.020
1.458
1.706
1.846
2.594
1.809
1.541
2.344
1.908
1.545
1.633
1.912
1.618
2.523
1.849
2.478
2.532
2.469
1.961
2.098
1.543
1.754
2.248
2.046
1.810
2.338
2.095
2.107
2.109
2.093
2.604
2.662
2.075
2.967
2.907
2.481
2.290
2.374
1.699
1.509
1.545
1.032
2.289
1.484
1.517
2.460
1.132
1.379
1.632
1.404
1.781
1.363
1.782
2.910
2.010
2.915
2.193
2.506
3.042
3.147
3.300
2.938
2.735
3.150
2.337
1.620
1.936
1.646
2.853
1.793
1.655
1.582
1.743
1.944
2.174
2.908
2.351
1.807
1.327
1.361
1.101
1.666
1.566
1.579
1.867
1.986
2.603
2.691
2.599
2.262
2.634
2.372
2.478
2.702
2.968
3.772
3.057
2.434
2.327
1.975
2.329
1.573
2.374
1.845
2.110
2.463
2.502
2.073
1.542
1.930
2.047
2.312
2.632
2.091
2.434
1.562
1.070
1.676
2.736
4.490
4.155
2.570
4.225
3.964
3.387
3.799
3.435
3.514
3.791
3.688
2.421
2.014
1.601
2.030
2.069
2.408
2.297
2.058
2.257
1.795
1.530
1.709
2.690
3.320
3.000
3.411
3.809
2.666
2.095
1.787
1.632
1.741
1.875
2.190
3.334
3.364
3.540
2.458
2.328
1.492
1.945
1.242
1.121
1.235
1.871
2.093
1.335
1.856
1.447
1.340
1.785
2.906
2.768
1.741
1.762
1.532
0.629
1.182
1.604
1.419
1.776
1.375
1.350
1.441
2.228
1.547
1.836
1.893
2.671
2.110
1.388
1.971
2.041
2.423
2.776
2.779
2.217
1.893
2.093
1.798
1.554
1.980
2.207
1.751
1.396
2.154
2.162
2.602
2.123
2.007
1.603
1.616
1.835
2.170
2.416
2.292
1.989
1.694
1.600
1.698
1.731
1.178
1.267
1.498
1.491
1.454
1.560
1.850
1.329
1.876
1.768
1.707
1.968
1.760
2.069
1.853
1.263
1.388
1.258
1.693
1.856
1.789
1.583
0.850
1.105
0.855
0.925
1.529
1.027
1.027
1.275
1.074
1.389
1.237
1.629
1.630
1.607
1.675
1.775
1.481
1.264
1.942
1.440
1.328
1.266
1.435
1.364
1.295
1.146
1.062
1.109
1.655
1.332
1.560
2.018
1.710
1.714
1.934
1.678
1.215
1.535
1.272
1.452
1.933
1.914
1.705
1.198
1.393
1.201
1.079
1.242
1.138
1.298
2.235
2.185
1.838
1.105
1.184
1.195
0.985
1.774
1.544
1.255
1.405
1.800
1.797
1.257
0.964
1.081
2.074
2.584
1.122
1.988
2.002
1.595
2.391
1.324
1.248
1.782
1.824
1.408
2.158
2.043
1.719
1.752
1.458
1.532
1.278
1.816
1.536
1.369
2.586
1.909
1.304
1.332
1.283
1.462
1.572
2.756
2.103
1.654
1.739
1.834
3.432
2.071
1.242
1.496
1.936
1.849
1.466
1.447
1.945
2.028
1.564
1.229
1.301
1.639
1.363
2.672
2.026
1.390
1.389
1.569
2.149
2.891
3.799
2.609
3.147
1.910
2.102
1.862
1.905
1.961
2.008
2.415
1.445
1.697
2.440
1.897
1.618
1.136
2.238
2.401
1.814
1.515
1.580
1.587
1.702
2.257
1.923
1.628
1.692
1.400
1.387
1.507
1.551
1.574
2.082
2.144
2.610
2.183
2.532
1.516
2.708
1.991
2.095
1.676
2.518
1.715
2.170
2.341
1.423
1.329
2.212
1.708
1.858
1.511
2.763
2.722
1.803
2.630
2.140
1.863
1.670
2.037
1.718
2.986
1.940
1.554
1.683
2.526
2.457
1.798
1.669
3.118
2.753
2.449
2.055
2.505
2.071
2.103
2.065
1.345
2.177
1.898
1.656
1.942
2.643
2.398
2.276
2.440
1.245
1.874
2.241
2.332
1.937
2.057
2.040
1.742
1.754
2.121
2.512
1.858
1.647
1.823
1.875
2.104
1.570
2.286
1.793
2.193
2.148
2.269
2.549
2.248
2.604
1.273
1.672
2.280
1.932
1.820
2.178
3.037
3.023
2.952
2.476
3.022
2.443
1.942
2.597
1.788
2.285
2.190
2.402
2.149
1.891
1.813
1.379
1.561
2.245
2.257
3.830
4.184
3.902
2.860
3.008
3.032
1.895
1.059
1.329
1.753
1.775
1.168
1.764
2.465
1.962
2.143
2.345
1.657
1.646
2.307
2.253
2.091
2.038
1.226
1.898
1.878
2.953
2.276
1.668
1.296
1.979
3.085
2.621
2.616
1.857
1.403
1.309
2.407
2.801
2.484
2.426
2.876
2.361
1.661
1.817
1.678
2.042
0.932
1.475
1.596
1.445
1.529
1.892
2.125
2.489
2.628
2.518
1.940
1.474
1.265
1.584
2.328
2.402
1.784
1.234
1.496
1.271
1.957
1.197
1.616
1.445
1.688
2.116
2.589
3.073
3.872
3.875
3.193
1.701
1.724
1.977
2.688
2.834
2.199
1.959
2.192
2.888
2.208
2.701
2.171
1.733
1.644
1.524
1.321
1.543
1.644
2.020
1.545
1.576
1.448
1.355
1.629
1.834
1.641
1.299
1.999
2.165
1.206
0.849
1.424
0.912
1.863
2.790
1.950
1.673
1.480
1.401
1.310
1.583
1.818
1.837
1.304
1.015
1.213
1.137
1.409
1.691
1.567
1.349
1.402
1.483
1.330
1.197
1.233
1.302
2.106
2.349
2.568
2.806
2.524
2.073
1.467
1.283
1.005
1.185
1.807
1.555
1.547
1.378
1.552
1.412
1.334
1.185
1.026
1.552
1.328
1.590
2.118
1.983
1.380
1.687
1.390
1.003
1.134
1.175
1.482
1.722
1.687
1.378
1.080
1.359
1.167
1.760
1.656
2.064
1.231
1.746
1.712
2.023
1.399
1.278
1.260
1.306
1.407
1.580
1.876
1.291
1.698
1.729
1.782
1.534
1.475
1.568
1.415
1.014
1.887
1.307
1.304
1.723
1.326
1.339
1.402
2.546
1.940
2.046
1.507
1.814
2.142
2.288
1.677
1.558
1.541
1.142
2.047
1.972
1.868
1.485
1.807
2.320
2.771
1.966
2.048
1.761
1.142
1.749
1.640
1.157
1.505
1.583
2.285
2.594
2.928
1.535
1.405
2.405
2.702
2.340
2.252
1.827
2.198
2.208
2.302
1.759
1.792
1.789
2.551
1.798
1.947
1.295
1.388
1.423
1.925
1.779
2.090
2.026
1.980
1.723
1.342
2.182
1.944
1.765
1.610
1.676
1.500
2.226
2.046
2.123
1.990
2.332
1.977
1.880
2.000
1.534
1.982
1.498
2.010
2.268
1.772
2.170
1.792
2.288
1.698
2.111
1.341
2.336
1.874
1.498
1.945
2.115
1.517
3.762
3.417
1.842
2.357
2.151
2.420
2.171
2.144
2.271
1.925
1.878
2.331
2.587
1.620
1.710
2.045
2.213
1.727
2.143
1.946
2.930
2.850
2.378
2.618
2.545
2.462
1.752
2.734
2.634
2.348
1.854
2.040
1.781
2.555
2.489
2.158
1.966
1.319
1.746
1.212
1.393
2.100
2.530
2.807
3.501
3.566
2.967
2.120
2.372
1.872
2.525
1.405
1.558
1.776
2.323
1.982
3.153
3.552
2.393
2.164
1.582
2.023
1.626
2.184
2.059
1.558
2.292
2.098
1.301
2.150
1.777
1.952
2.091
2.146
1.590
1.542
1.339
2.258
3.492
3.988
3.167
3.135
3.623
2.671
3.634
3.141
2.223
2.703
2.571
2.814
2.470
2.082
1.574
1.253
1.979
2.093
1.160
2.202
1.645
1.737
1.584
1.079
1.786
1.524
1.809
1.548
1.827
1.662
1.988
2.953
4.104
2.896
2.847
2.812
2.735
1.790
1.579
1.324
2.115
2.253
1.274
1.732
2.525
4.045
2.519
2.057
2.067
1.317
2.294
1.694
1.584
1.902
2.790
2.523
1.938
2.542
4.378
3.898
2.627
1.715
1.887
2.694
2.719
2.145
2.098
1.867
2.122
1.675
1.816
1.733
1.370
1.622
1.716
0.985
1.526
1.513
1.484
2.077
3.313
3.818
2.931
2.218
2.184
1.668
2.000
1.703
1.788
1.745
1.071
1.411
1.064
1.335
2.003
2.371
1.861
1.639
1.501
1.856
2.491
2.112
1.671
1.798
1.753
1.842
1.206
1.747
1.678
1.480
1.918
1.946
1.677
1.505
1.521
1.797
1.413
1.726
1.200
1.507
1.595
1.230
1.532
0.918
1.008
0.885
1.556
1.496
1.840
1.939
1.765
1.981
1.675
1.590
1.475
1.301
1.270
1.667
1.472
2.029
2.418
1.758
1.976
1.856
1.916
1.390
1.577
1.194
1.223
1.325
1.448
1.880
1.787
1.449
1.848
2.001
1.577
1.830
1.580
1.878
1.276
2.417
1.917
1.202
1.844
2.494
2.003
1.372
1.480
1.320
2.228
1.548
1.583
1.469
1.274
1.549
1.654
2.014
1.477
1.303
1.134
1.710
1.816
1.860
2.204
2.225
1.811
1.688
1.654
1.399
1.519
1.646
1.509
1.293
1.528
1.651
1.598
1.500
1.711
1.588
2.024
1.838
1.473
1.617
1.319
1.321
1.515
1.649
1.810
2.139
1.219
1.636
1.952
1.420
1.609
1.754
2.346
1.967
1.749
2.816
2.423
2.192
3.235
2.389
2.409
1.811
2.391
1.719
1.841
1.655
1.731
1.606
1.672
1.850
1.620
1.440
1.411
2.273
1.807
1.939
2.952
4.150
2.799
1.763
1.747
2.378
2.044
1.920
1.527
1.353
1.670
1.704
2.201
2.628
1.856
2.570
2.686
2.325
1.909
1.577
2.024
1.839
1.945
1.798
2.221
2.163
2.876
1.799
1.439
1.136
1.226
1.238
1.560
1.841
2.150
2.210
1.977
1.836
1.809
1.785
1.904
2.213
2.106
2.481
2.399
2.301
2.276
1.433
2.804
2.439
1.905
2.618
3.283
2.263
3.421
2.982
2.107
2.033
2.560
2.476
2.480
2.491
2.329
2.301
1.753
1.932
1.809
1.892
1.894
2.160
2.490
1.954
2.061
2.309
2.207
2.555
2.266
2.194
2.359
1.785
2.276
2.299
2.581
2.918
2.356
2.131
1.536
1.270
2.811
2.406
1.868
1.911
1.574
1.776
2.187
2.105
3.033
2.396
2.796
2.133
2.523
3.734
2.717
1.856
1.677
2.171
2.322
2.545
2.962
2.263
1.875
1.925
1.520
2.055
2.751
3.016
2.422
2.085
2.002
1.463
2.403
4.315
4.055
3.015
3.087
2.704
2.010
2.346
3.271
4.039
4.490
3.761
2.314
1.612
2.049
2.268
1.621
1.763
2.001
3.939
2.880
3.462
2.936
2.745
2.161
1.947
2.617
3.025
3.321
3.103
3.098
2.640
1.863
1.770
2.060
0.998
1.400
1.665
1.508
3.292
4.433
2.541
1.394
1.775
2.111
2.694
1.996
2.966
3.616
3.694
2.735
2.419
1.553
2.351
2.692
1.385
1.526
1.856
1.612
1.456
1.048
1.513
1.763
1.528
1.425
1.120
1.188
1.419
1.343
1.430
1.836
2.764
1.625
1.739
2.041
2.214
1.943
1.683
1.731
1.646
1.520
1.133
1.350
1.223
1.332
2.446
3.490
3.903
1.768
2.031
1.435
1.407
1.379
1.062
1.501
1.456
1.112
0.995
1.250
0.998
1.274
2.551
2.548
2.969
1.942
2.032
1.799
1.546
1.509
1.675
1.570
1.428
1.493
2.222
1.823
1.399
1.549
1.834
1.816
1.783
1.849
1.571
1.649
1.714
1.978
1.587
1.380
1.180
1.401
1.241
1.451
1.322
1.345
1.399
1.722
1.912
1.618
1.893
1.924
1.719
1.924
1.624
1.395
1.707
1.872
1.452
1.547
1.699
1.777
1.703
1.551
1.155
1.183
1.305
1.618
1.736
1.716
1.819
1.586
1.498
1.294
2.041
1.744
1.702
1.587
1.826
2.189
1.527
1.760
1.694
2.117
1.508
1.392
1.576
1.481
1.400
2.862
3.606
2.573
2.351
2.190
1.623
1.635
2.166
1.647
1.939
1.802
1.424
1.711
1.643
1.695
1.373
1.613
1.392
1.426
1.373
2.236
1.970
1.852
2.176
2.343
2.529
1.882
2.117
1.888
2.662
1.573
1.983
2.099
2.444
2.284
1.982
2.070
1.722
1.533
0.957
2.130
1.814
1.273
1.074
1.853
1.855
2.063
1.693
2.182
1.314
1.729
1.711
1.298
1.748
1.423
1.366
1.603
1.796
2.315
1.732
1.464
1.909
2.032
1.746
1.692
2.300
1.545
2.328
1.686
1.789
1.676
1.719
1.688
1.724
1.246
1.828
1.985
2.015
1.714
2.136
1.977
1.833
1.466
1.585
1.664
1.378
1.581
1.682
1.793
3.664
2.834
2.259
1.313
2.466
2.416
2.166
1.243
2.318
1.456
1.959
3.067
2.974
2.032
1.990
1.981
1.772
1.796
2.164
1.832
1.595
1.676
2.058
2.206
1.638
1.643
1.276
1.603
2.316
2.874
1.701
1.686
1.742
1.931
2.225
1.917
1.879
1.732
1.999
1.477
2.187
1.963
2.247
1.527
3.483
2.192
2.604
2.118
1.769
1.476
2.827
2.036
2.566
2.248
1.986
2.186
2.288
1.871
2.293
2.719
3.292
3.185
1.980
2.168
2.278
1.327
2.069
2.191
2.408
2.192
2.026
1.662
2.066
1.424
2.109
1.543
2.026
2.394
1.971
2.039
2.215
1.702
1.755
1.239
1.532
2.081
2.365
2.297
2.237
2.436
3.101
4.566
5.126
3.427
2.825
1.337
1.747
1.454
1.702
1.531
1.378
1.772
3.292
2.510
3.549
3.203
3.048
3.223
3.058
2.535
1.833
1.889
2.066
2.338
2.957
2.908
2.296
2.155
2.829
2.628
2.416
2.349
1.700
2.309
2.095
2.964
3.107
2.463
2.083
1.737
2.201
2.692
2.845
1.960
1.336
2.069
1.589
1.791
2.321
1.606
1.244
1.687
1.416
1.511
2.606
2.560
2.812
2.222
1.721
1.696
1.965
2.728
2.907
2.505
2.225
2.140
1.652
1.278
0.888
1.782
1.484
2.239
2.638
2.321
2.060
1.127
1.594
1.827
1.702
1.973
1.688
1.708
1.732
1.588
1.571
1.519
2.234
1.890
1.969
1.400
1.426
1.907
3.244
3.835
4.202
2.253
1.840
1.559
2.082
1.908
2.160
2.751
2.777
2.672
1.951
1.028
1.189
1.386
1.496
1.428
1.516
1.528
2.288
1.470
1.326
1.472
1.427
1.196
1.132
1.283
1.708
1.571
1.612
1.202
1.312
1.600
1.651
1.449
1.728
1.499
1.799
2.075
1.622
1.571
1.749
1.709
2.053
2.094
1.976
1.510
1.221
1.488
1.482
1.707
2.009
1.742
1.688
1.555
1.463
1.476
1.882
1.673
1.254
1.152
1.043
1.373
1.569
1.825
1.527
0.931
1.579
1.543
1.415
1.491
1.265
1.414
1.406
1.755
1.344
1.116
1.312
1.203
1.089
1.423
1.500
1.410
1.081
1.248
1.366
1.863
1.659
1.622
1.585
1.079
1.131
1.064
1.711
1.322
1.866
1.230
1.352
1.185
1.135
1.421
1.368
1.258
1.329
1.723
1.743
1.443
1.461
1.634
1.407
1.309
1.888
1.422
1.608
1.519
1.360
1.367
1.513
1.351
1.099
1.392
1.396
1.179
1.729
2.524
2.179
1.841
2.013
1.843
1.350
1.924
2.359
1.934
1.332
1.382
1.617
1.577
1.512
1.523
1.639
1.649
1.825
1.972
1.705
1.570
2.146
2.733
2.378
1.391
1.378
1.549
1.558
1.636
1.690
1.711
1.557
1.999
2.474
1.278
1.716
2.376
2.008
1.942
2.732
2.218
2.166
2.302
2.326
2.542
2.311
1.640
2.004
2.177
1.569
2.114
1.856
1.732
1.699
2.369
1.503
1.993
2.832
1.664
2.129
2.024
1.679
1.849
1.378
2.197
1.528
2.097
1.604
1.916
2.071
1.970
2.215
2.243
2.078
2.303
1.689
2.570
2.400
2.158
2.454
2.908
1.941
1.294
1.882
1.519
1.601
1.661
2.592
3.486
3.349
3.279
3.293
3.100
2.272
2.393
1.663
1.996
2.458
2.127
1.913
2.404
2.592
1.596
1.510
1.637
1.707
2.838
2.384
2.183
1.775
2.066
3.363
3.879
2.392
2.632
2.049
1.937
2.336
2.623
1.980
2.711
2.706
2.785
2.330
2.103
2.683
2.617
3.065
2.310
2.273
1.358
1.753
1.943
2.261
2.710
3.127
3.326
1.941
2.102
2.534
2.420
2.176
2.186
2.285
2.594
2.278
3.034
2.644
2.823
2.095
1.748
1.542
2.255
2.764
2.570
2.723
2.315
1.435
2.474
2.254
2.142
3.206
3.299
2.711
1.816
1.810
1.370
1.266
1.320
1.955
1.961
1.035
1.214
1.652
2.057
1.808
2.787
2.198
1.836
1.558
2.046
1.708
2.608
2.738
3.026
2.676
3.065
2.947
3.081
3.057
3.080
3.568
3.023
3.185
2.895
3.227
2.801
2.767
2.059
2.151
2.337
2.359
1.706
1.068
1.087
1.437
1.106
1.629
2.284
1.955
2.678
2.449
2.308
2.030
2.767
1.966
1.968
1.838
2.213
2.734
2.378
1.694
1.774
1.600
1.023
1.614
1.706
1.118
1.757
3.356
2.759
1.980
3.343
3.394
2.205
1.877
1.817
1.880
2.176
2.358
1.699
1.324
1.756
1.474
1.442
1.704
2.271
1.356
1.316
1.379
1.763
1.895
1.977
2.510
3.740
3.351
1.809
1.602
1.661
1.169
2.202
3.000
2.504
1.945
1.240
1.431
1.555
1.503
1.147
1.200
1.805
1.720
2.165
2.145
1.727
2.057
2.168
1.460
1.043
1.313
1.226
1.380
1.160
1.405
1.903
1.329
1.902
1.843
1.791
1.289
1.212
0.836
1.931
1.446
1.022
1.612
1.879
1.261
1.131
1.516
1.903
1.743
1.144
1.898
1.385
1.091
1.138
1.241
1.536
1.651
1.312
1.301
1.251
1.283
0.998
1.278
1.181
0.937
0.681
0.926
1.093
1.300
1.376
1.015
1.292
1.253
1.253
1.709
1.522
1.430
1.515
1.179
1.524
1.633
1.366
1.520
1.564
1.704
2.056
1.718
1.717
1.765
1.445
1.438
1.637
1.693
1.367
1.201
1.198
2.154
1.817
1.064
1.248
1.571
1.255
1.492
1.320
1.269
2.276
1.813
1.456
1.450
1.589
1.293
1.147
1.293
1.007
1.066
1.016
1.608
1.857
1.573
1.153
1.237
1.519
1.676
1.440
1.921
1.759
1.390
1.671
1.824
1.639
1.383
1.657
3.080
1.795
1.720
2.553
2.281
1.457
1.970
3.192
2.627
2.281
1.393
1.933
1.266
1.677
1.883
1.784
1.367
1.595
2.359
3.032
2.134
2.316
2.537
1.480
2.852
1.825
1.732
1.709
1.591
1.784
1.704
1.507
1.903
1.842
1.912
2.061
2.450
2.251
1.487
1.790
1.976
2.743
2.087
2.102
1.963
2.152
2.442
3.006
2.582
3.212
2.732
2.959
1.825
1.746
1.385
1.879
1.761
1.632
1.691
2.454
2.582
2.373
2.122
2.281
2.138
1.712
1.883
1.666
2.393
3.855
3.760
3.406
2.966
1.887
2.424
2.487
1.790
1.550
2.151
2.405
2.215
2.041
1.955
2.002
2.807
2.789
2.282
1.729
1.932
1.530
1.869
2.231
2.084
1.855
2.243
1.984
1.776
1.923
2.407
2.947
4.964
4.579
3.139
2.161
2.906
2.392
2.259
2.540
2.395
1.934
2.523
1.983
2.369
2.824
3.360
2.683
3.388
3.144
2.366
2.254
2.330
1.671
2.160
2.914
2.558
2.507
2.734
3.056
1.764
1.635
1.466
2.148
2.833
3.062
3.041
1.832
2.019
1.573
1.765
2.660
2.221
2.372
2.132
1.515
1.972
2.145
2.398
1.928
2.417
2.292
2.094
2.357
2.660
3.142
2.682
1.699
1.519
1.759
1.491
2.069
2.026
1.960
1.370
1.637
1.329
1.348
2.263
2.563
1.409
1.071
1.372
2.032
1.581
1.907
1.847
2.312
1.755
2.222
3.560
2.507
2.842
1.593
1.425
1.332
1.304
1.388
1.286
1.353
1.226
2.262
1.757
1.354
1.681
2.154
2.148
1.342
1.114
1.097
1.217
1.030
0.897
0.912
1.482
1.450
1.378
1.177
1.301
1.341
1.321
1.190
1.971
2.437
2.382
2.486
1.710
1.390
1.056
1.213
1.021
1.217
1.579
2.141
2.412
2.996
2.394
1.390
1.395
1.611
1.650
1.475
1.761
2.099
1.809
1.087
0.982
1.655
1.646
1.740
1.354
1.847
2.217
2.155
1.152
1.791
2.359
2.079
2.342
1.629
1.535
2.714
1.847
1.131
1.704
1.114
1.083
1.027
1.831
1.578
1.208
1.334
1.816
1.417
1.320
1.761
1.492
1.254
1.336
1.167
1.598
1.753
1.776
2.009
1.412
1.103
0.668
1.302
1.295
1.197
1.572
1.613
1.538
1.039
1.355
1.591
1.933
1.696
1.295
1.378
1.171
1.396
1.240
1.408
1.207
1.687
1.595
1.183
1.298
1.324
0.999
1.799
1.908
1.348
0.992
1.300
1.079
1.874
2.088
1.309
1.415
1.613
1.118
1.379
1.366
1.295
1.608
1.739
1.355
1.394
2.067
1.032
1.217
1.164
1.159
1.045
0.872
2.545
2.719
1.523
1.219
1.337
1.256
1.251
1.226
1.101
1.362
1.950
1.441
1.731
1.241
1.385
1.980
2.943
2.167
1.382
1.480
1.199
1.344
1.335
1.044
1.140
1.344
2.273
1.735
1.428
1.784
2.126
1.818
1.645
1.211
1.172
1.204
1.237
1.176
1.294
2.347
1.901
1.536
1.641
1.747
1.632
1.267
1.909
2.405
2.385
1.628
1.335
1.292
1.605
1.143
0.813
1.216
1.411
1.096
1.662
1.306
1.437
1.532
1.863
1.601
1.794
2.086
2.850
2.504
1.602
1.874
2.034
1.995
1.766
1.547
1.911
0.918
1.476
1.842
2.253
3.117
1.829
1.849
1.381
1.425
2.141
1.895
2.304
1.837
1.802
2.088
2.369
1.579
1.364
1.642
2.099
1.305
1.053
1.543
1.255
2.014
1.701
1.373
1.255
2.083
1.586
1.740
0.909
1.266
2.468
2.218
1.159
1.936
1.559
1.497
2.023
2.532
1.965
1.049
1.516
1.703
2.711
1.664
1.803
2.556
1.688
1.797
1.006
1.539
2.088
2.255
2.449
2.639
2.026
1.514
2.047
1.609
1.317
1.627
1.746
2.434
2.717
2.380
2.295
2.611
2.401
2.962
2.132
2.190
2.235
2.050
1.886
2.083
2.353
1.589
1.593
2.277
1.232
2.277
1.727
2.467
2.835
1.705
2.212
2.332
1.676
1.876
1.785
1.828
2.036
2.968
4.233
2.535
2.529
3.201
2.841
2.192
1.787
2.083
2.042
2.855
3.172
3.939
2.582
2.538
1.838
1.815
2.461
1.692
0.963
2.465
2.959
2.208
1.637
1.597
1.790
1.273
1.160
1.052
0.958
1.291
2.422
1.865
2.217
3.022
2.959
2.055
1.340
1.210
1.886
1.449
1.062
1.109
1.400
1.638
1.442
1.133
1.399
1.878
1.693
1.413
1.650
3.119
2.326
1.526
2.196
2.012
2.383
2.439
2.268
2.305
1.725
1.374
1.568
1.587
1.248
1.346
1.155
0.891
1.886
2.018
1.784
1.891
1.968
2.272
2.173
1.990
1.904
1.736
1.225
1.484
1.270
1.757
1.368
1.280
2.065
1.120
0.931
0.957
1.155
1.150
1.518
1.932
1.550
1.699
2.259
2.155
2.463
2.355
2.375
2.322
2.488
2.288
2.391
2.505
2.483
2.303
2.301
1.784
1.495
1.087
0.942
1.037
1.135
1.060
1.136
1.086
1.045
1.346
1.569
1.647
1.424
1.470
1.545
1.357
2.013
1.540
1.189
1.156
1.292
1.223
1.311
1.165
1.032
1.328
1.119
0.932
0.925
1.711
1.373
1.158
1.542
1.676
1.561
1.099
1.002
1.102
1.363
1.267
1.179
1.558
1.179
1.689
1.811
1.193
1.376
1.390
1.501
1.793
1.601
1.284
1.274
1.052
1.214
1.482
1.108
1.366
1.249
1.218
1.291
1.364
1.501
1.225
1.288
1.238
1.578
1.536
1.607
1.202
1.294
1.024
1.187
1.258
1.222
0.963
1.094
1.090
1.185
1.522
1.303
1.123
1.284
1.530
1.637
1.644
1.524
1.859
2.086
1.643
1.694
1.358
1.341
1.359
1.532
1.437
1.701
1.730
1.329
1.941
2.019
1.658
1.682
1.707
2.046
1.273
1.551
2.304
2.080
1.060
1.293
1.162
1.385
1.550
1.154
1.441
1.165
1.507
1.397
1.877
1.249
1.046
1.158
1.197
1.539
0.818
3.642
2.127
1.508
1.166
1.348
2.097
1.586
1.433
1.924
1.871
1.563
1.660
1.908
1.396
1.631
1.310
1.080
1.685
1.797
1.711
1.205
1.812
1.292
1.466
1.539
1.607
1.386
2.706
2.154
1.012
1.428
1.700
1.465
1.936
3.003
1.965
1.781
1.787
1.661
1.976
1.657
1.888
1.852
2.284
2.186
2.116
1.577
1.319
1.138
1.530
1.828
1.833
1.585
2.007
1.633
1.871
1.759
2.572
2.354
2.001
1.907
2.131
1.619
1.789
2.077
1.152
1.663
1.899
1.994
1.281
1.789
1.863
2.156
3.392
2.157
1.787
1.491
2.238
1.794
2.481
2.470
1.974
2.068
2.000
2.009
1.325
1.636
1.451
2.132
1.774
1.892
1.870
1.552
2.406
1.889
1.710
2.083
2.312
2.126
2.592
2.541
2.562
2.257
2.438
1.763
2.265
2.460
2.528
2.609
2.306
2.349
1.864
2.366
2.119
2.003
2.788
2.968
2.813
2.494
2.276
2.632
2.321
2.754
3.044
2.851
2.226
2.316
3.736
3.543
3.714
4.243
2.228
1.750
1.094
1.941
1.449
2.872
3.189
4.814
4.332
3.347
2.967
3.010
2.165
1.741
1.935
1.703
1.389
2.081
2.694
2.932
1.878
1.819
1.649
1.972
1.556
2.136
2.536
2.063
1.880
2.495
3.294
2.546
1.971
1.671
1.542
1.289
2.072
1.619
1.057
1.035
1.606
2.068
0.845
1.243
1.348
1.637
1.501
1.636
2.423
2.103
2.093
1.696
0.781
1.274
1.271
2.236
2.895
2.088
1.004
1.493
1.426
2.130
2.128
1.539
1.767
2.328
1.820
1.859
0.838
1.237
1.292
1.285
1.586
1.470
1.571
1.329
1.933
2.359
3.569
3.134
2.228
1.355
1.083
1.420
1.714
1.592
1.653
1.369
1.639
1.666
2.471
1.971
1.644
1.203
1.338
1.516
1.568
1.924
2.234
2.116
1.845
1.618
1.196
0.635
0.860
0.824
1.438
1.540
1.645
2.040
1.869
1.190
1.030
1.227
1.506
1.136
1.041
0.904
1.302
1.459
1.386
1.124
0.924
1.290
1.212
1.195
1.206
1.282
1.753
1.194
0.935
1.015
1.181
1.130
1.305
1.602
1.756
1.402
1.588
1.479
1.119
0.932
1.051
1.480
1.136
1.061
1.530
1.506
1.418
1.336
0.954
1.137
0.984
1.272
1.062
0.995
1.113
0.960
1.051
1.300
1.135
1.504
1.267
1.293
1.262
1.305
0.936
0.974
0.789
1.182
1.372
1.726
1.967
1.887
1.579
1.286
1.648
1.362
1.531
1.677
1.457
1.431
2.089
2.152
2.070
1.723
1.089
1.157
1.681
1.434
1.349
1.528
1.668
1.654
1.327
1.415
1.151
1.563
1.462
1.633
1.223
1.645
2.064
1.507
1.478
1.231
1.718
1.924
1.355
1.741
1.570
1.549
1.628
1.775
2.912
2.382
1.585
1.307
1.736
1.665
1.621
1.263
1.262
1.151
1.178
0.920
1.195
1.462
1.479
1.318
1.528
1.813
2.204
2.088
2.069
1.326
1.248
1.490
1.356
1.593
1.440
1.179
2.223
2.524
2.022
1.409
1.081
1.315
1.247
1.314
1.747
2.285
1.311
0.978
1.619
2.109
2.557
1.891
1.676
1.165
1.037
1.174
1.128
1.056
1.391
1.675
1.878
1.539
1.078
1.811
2.019
1.052
2.373
2.462
1.993
1.759
1.327
1.809
1.489
1.540
2.578
2.750
1.980
1.473
1.622
1.694
1.676
1.501
1.583
2.061
2.934
2.996
2.632
1.996
1.369
1.070
1.190
1.191
1.605
1.300
2.505
2.153
1.895
2.615
1.558
1.539
2.927
1.810
1.291
1.155
1.294
1.371
1.424
2.032
1.745
1.401
1.000
1.809
2.208
1.956
1.391
1.759
1.833
1.933
2.367
2.232
2.113
2.305
2.057
2.028
1.822
1.980
1.464
2.075
2.162
2.607
2.348
2.232
2.606
1.866
2.544
2.112
2.065
1.907
2.526
2.158
2.917
3.153
2.302
1.342
1.831
2.534
2.021
2.342
1.913
1.873
1.874
2.137
1.807
2.461
3.399
3.997
2.505
3.571
3.326
2.539
1.056
1.439
1.736
1.630
1.421
2.605
2.766
1.366
2.441
2.411
2.684
2.758
2.452
1.231
2.058
2.611
1.576
1.525
1.655
1.342
1.335
1.463
1.853
2.825
1.629
1.489
1.020
1.156
1.636
1.067
1.487
1.528
1.132
2.121
2.742
1.746
0.847
1.229
2.699
3.258
1.549
2.182
3.109
2.298
1.976
1.407
1.016
1.612
1.900
0.996
1.296
1.254
1.359
0.890
0.914
1.187
1.369
1.001
0.917
1.216
1.079
1.306
1.943
2.051
1.667
1.780
1.763
1.842
1.571
1.480
1.463
1.743
1.782
1.424
1.825
1.929
1.746
2.159
2.275
2.031
1.294
1.468
1.103
1.377
1.377
1.147
1.232
1.392
1.318
1.211
0.984
1.039
1.617
1.922
2.465
1.604
1.766
1.636
1.280
1.299
1.714
1.806
1.637
1.864
2.187
1.863
1.632
1.630
3.163
1.775
1.016
1.596
1.501
1.294
1.114
2.068
6.014
3.651
2.041
1.137
1.198
1.153
1.302
1.390
1.198
1.563
1.734
1.519
1.442
1.305
1.172
1.150
1.536
1.273
1.235
1.275
1.881
1.611
1.039
0.807
0.999
1.131
1.084
1.333
1.808
1.470
1.201
1.145
1.340
1.107
1.227
0.992
1.179
1.307
1.185
1.036
1.034
0.939
1.094
1.744
2.278
1.726
1.205
0.888
1.527
1.153
0.997
1.239
1.792
1.769
1.085
0.905
0.940
1.043
1.060
1.282
2.214
2.333
1.775
1.024
1.082
1.058
1.135
1.376
1.580
1.221
1.528
1.772
1.671
1.799
1.767
0.878
1.349
1.400
1.161
1.646
1.684
1.955
1.647
1.671
1.068
1.850
1.346
1.017
1.348
1.438
1.585
2.045
1.287
1.231
1.416
0.965
2.062
2.937
1.593
1.239
1.467
1.420
1.417
1.241
1.792
1.603
1.254
1.498
1.080
1.446
1.295
1.363
1.058
1.285
1.746
1.776
1.647
1.815
2.284
1.680
1.584
2.094
1.619
1.428
1.603
1.656
1.273
2.704
1.909
1.210
1.247
1.443
2.030
1.456
1.714
1.123
1.702
1.747
2.636
2.351
1.720
1.288
1.029
1.324
1.004
0.990
1.610
1.112
1.105
1.384
1.384
1.828
1.417
1.432
1.466
1.487
1.591
2.407
1.836
0.983
1.777
1.801
1.472
1.810
1.592
1.387
2.187
2.163
2.262
2.436
1.708
1.167
2.168
2.299
2.362
1.145
2.146
2.604
2.311
1.575
1.068
1.133
1.191
2.451
1.252
2.103
0.929
1.718
1.633
1.680
1.377
1.400
1.636
1.635
1.533
1.392
1.133
1.444
1.561
1.413
1.659
2.150
2.969
2.347
1.520
1.869
2.132
2.648
3.369
4.352
3.399
1.644
1.729
1.801
2.368
1.484
1.395
1.697
2.050
1.962
1.707
2.412
1.990
1.891
2.105
2.623
1.512
1.293
2.120
2.095
1.610
1.755
2.034
1.365
1.419
1.792
1.935
1.806
1.829
1.370
2.261
2.382
2.872
3.347
2.336
2.131
1.818
2.216
1.725
2.034
2.811
3.948
2.903
3.172
2.765
1.888
2.139
1.969
1.954
2.137
2.353
2.057
2.449
1.689
2.564
2.949
2.942
2.690
3.140
2.538
1.964
1.503
1.151
1.908
1.611
1.931
1.518
2.825
2.086
1.950
1.851
3.543
3.551
3.366
2.492
1.639
1.181
1.716
1.864
2.219
1.982
1.726
