20000101
0.000
0.000
0.000
0.000
0.000
0.000
0.000
0.000
0.000
0.000
0.000
0.000
0.000
0.000
0.000
0.000
0.000
0.000
0.000
0.000
0.000
0.000
0.000
0.000
0.000
0.000
0.000
0.000
0.000
0.000
0.000
0.144
1.346
0.000
0.000
0.120
4.062
0.216
0.000
0.000
0.000
0.003
1.614
0.000
0.000
0.000
0.000
0.000
0.000
0.000
0.000
0.000
0.000
0.000
0.000
0.000
0.000
0.000
0.000
0.000
0.000
0.000
0.000
0.000
0.000
0.000
0.000
0.000
0.000
0.000
0.000
0.000
0.000
0.000
0.000
0.000
0.000
0.000
0.000
0.000
0.000
0.000
0.141
0.000
0.000
0.000
0.000
0.000
0.000
0.000
0.000
0.000
0.000
0.000
0.000
0.000
0.000
0.000
0.000
0.000
0.000
0.000
0.000
0.000
0.000
0.000
0.000
0.000
0.000
0.000
0.000
0.000
0.000
0.000
0.000
0.000
0.000
0.000
0.000
0.000
0.000
0.000
0.000
0.000
0.103
0.000
0.000
0.000
0.000
0.000
0.000
0.000
0.000
0.000
0.000
0.000
2.221
0.003
0.000
0.906
7.546
3.547
0.642
0.364
0.069
0.089
0.000
0.000
0.000
0.000
0.045
0.584
0.000
0.144
0.113
0.051
0.316
0.762
4.815
3.928
6.324
4.056
3.601
0.000
0.000
0.824
2.177
2.791
5.517
15.762
5.661
9.783
14.512
25.107
9.328
6.681
1.095
0.000
0.000
0.045
2.544
0.000
0.108
6.775
0.275
0.000
0.203
0.000
5.796
11.539
3.389
6.567
5.945
4.874
4.002
12.050
15.860
18.448
2.481
6.102
7.579
13.160
57.173
3.474
2.221
6.698
24.552
12.523
4.310
6.866
21.973
24.546
22.077
22.663
6.137
0.726
0.000
0.223
0.656
0.577
7.489
9.565
1.801
0.033
0.912
10.110
2.378
11.984
13.184
14.316
10.061
1.715
3.225
0.889
0.000
0.000
0.000
0.044
0.000
0.000
0.000
3.298
13.482
20.003
36.814
7.492
2.183
0.308
7.938
34.631
17.140
14.158
12.207
8.983
0.730
0.027
0.000
9.767
11.997
11.627
22.486
16.241
3.716
19.132
35.882
24.965
12.457
12.061
0.000
0.000
0.000
0.000
0.000
0.000
0.000
0.316
0.000
0.000
0.377
0.783
0.174
0.096
0.951
0.000
0.000
0.000
0.000
0.000
0.000
0.000
0.000
0.000
0.000
0.000
0.000
0.000
0.000
0.000
0.000
0.000
0.000
0.518
0.000
0.000
0.000
0.000
0.000
0.000
0.000
0.000
0.000
0.000
0.000
0.000
0.000
0.000
0.000
0.000
0.000
0.000
0.000
0.000
0.000
0.000
0.000
0.000
0.000
0.000
0.000
0.000
0.000
0.000
0.000
0.000
0.000
0.000
0.000
0.000
0.000
0.000
0.000
0.000
0.000
0.000
0.000
0.000
0.000
0.000
0.000
0.000
0.000
0.000
0.000
0.000
0.000
0.000
0.000
0.000
0.000
0.000
0.000
0.000
0.000
0.000
0.000
0.000
2.975
0.637
0.000
0.000
0.000
0.000
0.000
0.000
0.000
0.000
0.000
0.000
0.000
0.000
0.000
0.000
0.000
0.000
0.000
0.000
0.000
0.000
0.000
0.000
0.000
0.000
0.000
0.000
0.000
0.000
0.000
0.000
0.000
0.000
0.000
0.000
0.000
0.000
0.000
0.000
0.000
0.000
0.000
0.000
0.000
0.000
0.007
0.000
0.000
0.000
0.000
0.000
0.000
0.000
0.000
0.017
0.000
0.000
0.000
0.038
0.000
0.000
0.000
0.881
0.000
0.000
0.000
0.000
0.000
0.000
0.000
0.000
0.000
0.000
0.000
0.000
0.000
0.000
0.000
0.000
0.017
0.086
0.000
0.000
0.000
0.000
0.000
0.000
0.022
11.443
2.427
0.000
0.000
0.000
0.000
0.000
0.000
0.000
0.000
0.000
0.000
0.000
0.000
0.000
2.065
0.857
0.209
3.995
0.000
0.000
0.000
0.000
0.000
0.000
0.000
0.000
0.000
0.000
0.000
0.000
0.000
0.003
0.000
0.079
0.074
0.288
0.197
0.347
0.034
0.000
0.328
0.026
0.000
0.000
1.873
0.050
0.000
0.000
0.027
0.003
0.000
0.000
0.000
0.000
0.000
0.089
3.006
0.022
0.000
1.897
0.017
0.755
1.883
2.233
5.392
1.615
0.393
0.036
0.000
0.038
3.531
1.100
0.120
0.465
9.117
13.256
32.636
10.502
8.759
17.364
8.336
10.022
34.197
30.916
18.409
4.601
9.175
18.161
14.983
7.381
7.553
18.586
38.181
22.889
21.870
15.254
1.754
11.337
0.591
1.384
12.622
2.590
1.600
3.639
3.430
19.549
15.558
23.171
6.118
0.944
3.680
14.018
6.789
7.076
4.693
7.167
13.657
34.061
16.572
11.925
4.178
2.271
0.295
8.097
11.350
5.851
13.546
13.275
14.912
0.031
0.000
6.499
2.647
3.292
0.304
4.269
2.898
4.346
1.831
12.458
5.684
9.604
1.899
5.261
33.907
30.524
54.624
13.482
6.693
6.558
11.776
17.582
17.872
5.912
12.861
25.289
12.746
12.286
7.538
16.849
7.959
16.045
13.827
2.266
12.080
13.896
17.559
17.533
8.350
12.494
0.736
0.000
0.000
0.021
0.371
0.000
2.211
12.351
0.597
9.903
10.888
16.138
16.586
8.583
15.487
18.522
25.535
18.127
5.164
0.003
0.000
0.000
0.000
0.000
0.000
0.000
2.783
0.000
0.000
0.000
0.000
0.000
0.000
0.000
0.000
0.000
0.000
0.000
0.000
0.000
0.000
0.081
0.175
0.010
0.000
0.000
0.000
0.000
0.000
0.000
0.000
0.000
0.000
0.000
0.000
0.000
0.000
0.000
0.000
0.000
0.000
0.000
0.000
0.000
0.000
0.000
0.000
0.000
0.000
0.000
0.000
0.000
0.000
0.000
0.000
0.000
0.000
0.000
0.000
0.000
0.000
0.000
0.000
0.000
0.000
0.000
0.000
0.000
0.000
0.000
0.000
0.000
0.000
0.000
0.000
0.000
0.000
0.000
0.000
0.000
0.000
0.000
0.000
0.000
0.000
0.000
0.000
0.000
0.000
0.000
0.000
0.000
0.000
0.000
0.000
0.000
0.000
0.000
0.000
0.000
0.000
0.000
0.003
0.000
0.045
0.000
0.010
0.239
0.000
0.000
0.000
0.867
5.314
0.079
0.000
0.000
0.000
0.000
0.000
0.000
0.000
0.000
0.000
1.917
0.034
0.000
0.000
0.000
0.000
0.000
0.000
0.000
0.000
0.000
0.000
0.000
0.000
0.000
0.000
0.000
1.859
0.127
0.000
0.000
0.000
0.043
1.548
0.000
0.000
0.000
0.000
0.000
0.000
0.000
0.000
0.000
0.000
0.000
0.000
0.000
0.000
0.000
0.000
0.000
0.000
0.000
0.000
0.000
0.000
0.000
0.340
0.000
0.000
0.000
0.000
0.000
0.000
0.048
0.000
0.000
0.000
0.000
0.000
0.000
0.000
0.000
0.000
0.000
0.000
0.000
0.000
0.000
0.000
0.000
0.000
0.000
0.000
0.000
0.000
0.000
0.021
0.038
0.000
0.000
0.000
0.000
0.000
0.041
0.010
0.000
0.000
0.000
0.000
0.000
0.000
0.000
0.000
0.000
0.113
1.907
0.000
0.000
2.812
0.000
0.000
0.000
0.000
0.000
0.096
1.373
0.302
0.089
0.031
0.316
0.021
0.003
0.000
0.000
0.007
0.000
1.875
0.841
0.027
0.000
4.704
1.816
10.650
12.619
0.199
1.030
0.182
2.153
0.158
0.556
0.189
0.065
0.003
0.031
49.171
0.000
0.285
3.148
0.034
0.000
0.065
5.033
19.244
28.308
8.574
26.926
6.495
2.917
0.029
0.000
0.000
0.000
0.000
0.000
0.000
1.528
9.345
7.708
0.592
3.720
5.325
21.004
20.876
2.779
0.915
0.000
0.000
0.000
0.000
0.000
0.310
0.046
2.453
0.690
2.456
25.157
14.317
28.228
24.640
31.697
12.600
11.367
21.899
55.079
53.970
25.567
20.384
30.817
10.643
25.021
22.484
11.924
16.013
31.225
17.068
7.237
0.058
1.363
1.830
9.656
21.095
4.343
5.103
6.484
5.856
22.425
44.787
9.512
12.658
11.961
7.598
6.709
14.165
12.679
7.666
9.107
7.788
4.805
0.534
0.000
0.000
3.756
0.000
0.000
16.313
12.602
44.505
41.561
1.796
30.345
7.697
12.160
9.510
1.166
0.000
0.000
0.000
0.000
0.000
0.000
0.000
5.989
1.440
0.651
0.000
0.000
1.075
2.343
0.000
0.000
20.992
38.203
2.083
0.021
0.000
0.000
0.000
0.000
0.000
0.000
0.000
0.000
0.000
0.000
0.000
0.000
0.000
0.000
0.000
0.000
0.000
0.000
0.000
0.000
0.000
0.000
2.134
0.000
0.000
0.000
0.000
0.000
0.000
0.000
0.000
0.000
0.000
0.000
0.000
0.000
0.000
0.000
0.000
0.000
0.000
0.000
0.000
0.000
0.000
0.000
0.000
0.000
0.000
0.000
0.000
0.000
0.000
0.000
0.000
0.000
0.000
0.000
0.000
0.000
0.000
0.000
0.000
0.000
0.886
0.076
0.000
0.000
0.000
0.000
0.000
1.178
0.007
0.031
0.000
0.000
0.000
0.000
0.000
0.000
0.000
0.000
0.000
0.000
0.000
0.000
0.000
0.000
0.000
0.000
0.000
0.000
0.000
0.000
0.000
0.000
0.000
0.000
0.000
0.000
13.523
0.000
0.000
3.145
3.210
0.082
0.340
5.253
1.184
0.000
0.223
0.110
0.000
0.683
3.275
0.000
0.000
0.000
0.000
0.000
0.000
4.161
1.851
0.000
0.000
0.000
0.000
0.000
0.000
0.000
0.000
0.000
0.034
0.000
0.000
0.000
0.000
0.000
0.000
0.000
0.000
0.000
6.255
0.038
0.000
0.000
0.000
0.000
0.000
0.000
0.000
0.000
0.000
0.000
0.000
0.017
0.000
0.000
0.000
0.000
0.000
0.348
0.000
0.000
0.000
0.000
0.000
0.000
0.000
0.000
0.000
0.000
0.000
0.000
0.000
0.000
0.000
0.000
0.000
0.000
0.000
0.000
1.068
0.000
0.000
0.000
0.000
0.000
0.103
0.007
4.288
4.412
0.007
0.000
0.000
0.000
0.000
0.000
0.000
0.000
23.524
0.000
0.000
0.000
0.000
0.000
0.908
0.000
0.000
0.000
0.000
0.000
0.000
0.000
0.000
0.000
0.000
0.000
0.000
0.000
0.000
0.000
0.000
0.000
0.000
0.000
0.000
0.000
0.323
0.086
0.000
8.367
0.069
0.000
0.000
0.062
0.000
0.189
2.592
0.000
2.031
3.886
6.643
4.910
21.070
46.009
61.771
2.977
41.645
52.127
9.227
3.165
23.686
11.369
22.777
27.697
30.128
2.886
4.398
4.253
1.272
26.331
12.867
10.491
4.920
19.020
31.351
13.786
10.905
17.386
0.410
0.043
6.581
10.971
25.008
13.124
9.972
45.895
9.345
9.170
6.945
25.172
15.601
32.072
37.895
19.932
16.256
3.946
0.652
7.155
4.031
2.953
8.669
28.781
19.363
40.907
44.917
19.514
29.641
15.728
7.285
16.239
29.128
21.925
2.898
8.700
2.934
1.142
3.883
15.062
7.512
1.274
2.414
5.219
17.158
15.961
2.855
2.130
11.009
20.115
5.402
8.274
5.578
11.994
5.201
0.724
9.714
10.023
12.641
25.461
14.813
15.226
7.608
7.557
9.337
9.610
13.505
15.729
15.369
12.415
28.590
13.929
12.567
15.309
19.171
5.162
0.618
0.000
0.666
8.101
10.200
37.879
21.097
8.267
1.116
0.000
0.000
0.000
0.000
0.000
0.000
0.000
0.573
2.860
0.398
0.000
0.000
32.763
84.440
61.463
29.395
4.489
0.172
0.055
0.000
0.038
0.000
0.000
0.000
0.000
0.000
0.000
0.000
0.000
0.000
0.000
0.000
0.000
0.000
0.000
0.000
0.000
0.000
0.000
0.000
0.000
0.000
0.000
0.000
0.000
0.000
0.000
0.000
0.000
0.000
0.000
0.000
0.000
0.000
0.000
0.000
0.000
0.000
0.000
0.000
0.000
0.000
0.000
0.000
0.000
0.000
2.512
0.000
0.000
0.000
0.000
0.000
0.000
0.000
0.000
0.000
0.000
0.105
4.269
0.000
0.000
0.000
0.000
0.000
0.000
0.000
0.000
0.000
0.000
0.000
0.000
0.000
0.000
0.000
0.000
0.000
0.000
0.000
0.000
0.000
0.000
0.000
0.000
0.000
5.512
14.708
0.000
0.000
0.000
0.000
0.000
0.000
0.410
0.000
0.000
0.000
0.000
0.000
0.000
0.000
0.000
0.000
0.000
0.000
0.000
0.000
0.000
0.000
0.000
0.000
0.000
0.000
0.000
0.000
0.000
0.000
0.000
0.000
0.000
0.000
0.000
0.000
0.000
0.000
0.000
0.000
0.000
0.000
0.000
0.000
0.000
0.045
0.000
0.000
0.000
0.000
0.000
0.000
0.000
0.000
0.000
0.000
0.000
0.000
0.000
0.000
0.000
0.000
0.000
0.000
0.000
0.000
0.000
0.000
0.000
0.000
0.000
0.000
0.000
0.000
0.000
0.000
0.000
0.000
0.000
0.000
0.000
0.000
0.000
0.000
0.000
0.017
0.000
0.000
0.000
0.000
0.000
0.245
0.003
0.000
0.000
0.096
0.000
0.000
0.000
0.000
0.000
0.000
0.000
0.000
0.000
0.000
0.000
0.000
0.000
0.000
0.000
0.000
0.000
0.000
0.000
0.000
0.000
0.000
0.000
0.000
0.000
0.000
0.251
0.000
0.185
0.000
0.000
0.000
0.000
0.058
0.244
0.000
0.072
0.000
0.415
0.003
0.000
0.021
0.182
2.608
13.012
11.527
4.958
9.261
11.361
10.921
27.634
38.452
27.926
3.905
0.000
0.014
1.820
1.761
0.069
0.000
0.000
0.000
0.090
19.115
4.546
24.798
8.854
14.675
19.387
15.855
1.866
1.735
0.000
0.029
5.091
2.989
27.028
19.786
21.525
3.354
1.176
0.225
0.487
1.258
3.524
5.057
1.717
2.937
4.920
7.877
13.463
13.123
14.058
12.114
3.282
9.671
11.171
2.934
5.953
16.905
7.993
9.571
16.716
15.559
14.626
14.422
2.980
13.178
12.071
10.583
4.377
12.351
21.547
5.079
9.116
11.639
34.837
16.814
1.078
9.785
4.376
7.354
0.906
0.249
0.000
0.000
0.003
0.000
0.000
0.007
0.000
0.264
0.046
22.762
4.750
0.412
0.371
16.795
26.831
20.824
17.880
66.759
12.605
9.544
2.319
9.525
1.763
5.255
0.024
4.259
0.000
0.014
0.007
0.041
11.258
5.924
9.097
6.132
25.184
16.859
18.634
1.015
0.000
0.007
0.000
0.120
5.555
13.632
5.093
0.000
0.000
0.000
0.000
0.000
0.000
0.000
0.000
0.000
0.000
0.000
0.000
0.000
0.000
0.000
0.000
0.000
0.000
0.000
0.000
0.000
0.000
0.000
0.000
0.000
0.000
0.000
0.000
0.000
0.000
0.000
0.000
0.000
0.000
0.000
0.000
0.000
0.000
0.000
0.000
0.000
0.000
0.000
0.000
0.000
0.000
0.000
0.000
0.000
0.000
0.000
0.000
0.000
0.000
0.000
0.000
0.000
0.000
0.000
0.000
0.000
0.000
0.000
0.000
0.000
0.000
0.000
0.000
0.000
0.000
0.120
0.000
0.000
0.000
0.000
0.000
0.000
0.000
0.000
0.000
0.000
0.000
0.000
0.000
0.000
0.000
0.000
0.110
0.000
0.000
0.000
0.000
0.000
0.206
2.582
0.048
0.000
0.000
0.000
1.360
0.055
0.000
0.000
0.000
3.131
0.027
1.864
4.458
7.199
0.000
0.000
0.000
0.000
0.168
0.000
0.010
0.000
0.000
0.000
0.000
0.000
0.000
0.000
0.000
0.000
0.041
0.457
0.050
0.172
0.611
0.072
0.000
0.000
0.000
0.000
0.000
0.000
0.000
0.000
0.000
0.000
0.000
0.000
0.000
0.000
0.000
0.100
0.000
0.000
0.000
0.000
0.000
0.000
0.000
0.000
0.000
0.000
0.000
0.096
0.711
0.000
0.000
0.000
0.000
0.000
0.000
0.000
0.000
0.000
0.000
0.000
0.000
0.000
0.000
0.000
0.000
0.000
0.000
0.000
0.000
0.000
0.000
0.000
0.000
0.000
0.000
0.000
0.000
0.000
0.000
0.000
0.000
0.000
0.003
0.000
0.000
0.000
0.318
0.000
0.003
0.000
0.000
0.000
0.000
0.070
0.000
0.000
0.000
0.000
0.000
0.000
0.000
0.000
0.000
0.000
0.326
0.000
0.007
0.007
0.000
0.000
0.000
0.000
0.000
0.000
0.000
0.000
0.000
0.000
0.000
0.000
0.000
0.082
0.000
0.003
0.000
0.000
0.000
0.000
0.000
0.000
0.000
0.000
0.000
0.000
0.000
0.000
0.000
0.100
0.007
0.015
2.390
0.000
1.406
0.972
1.702
9.270
1.494
11.915
0.266
8.750
9.847
12.857
21.059
0.220
0.021
0.021
4.966
11.882
90.726
51.335
53.620
19.157
32.053
6.606
0.419
0.954
4.867
4.405
0.386
0.021
2.826
0.509
0.643
1.684
0.115
5.205
1.492
0.199
4.154
0.309
13.778
4.151
1.672
14.644
15.398
2.160
9.268
2.333
2.498
2.295
0.920
6.331
4.642
1.967
5.742
9.483
6.279
11.522
9.817
21.842
8.628
11.278
3.399
3.086
4.741
3.014
3.272
0.189
0.000
0.000
0.000
3.651
11.759
18.103
14.039
5.156
2.597
12.607
6.698
12.599
5.801
2.329
32.127
0.848
1.318
12.384
17.250
0.197
0.144
6.921
2.496
10.305
17.580
0.010
9.107
0.936
0.000
0.000
0.000
0.197
2.223
3.081
2.247
0.189
0.189
0.082
0.000
0.000
0.034
0.014
0.058
1.748
1.765
10.262
5.153
6.485
6.297
20.798
30.920
1.809
0.618
0.307
0.268
2.300
0.206
0.010
0.000
0.000
0.000
0.000
0.865
2.353
0.000
0.000
0.000
0.000
0.000
0.000
0.000
0.000
0.000
0.000
0.000
0.000
0.000
0.000
0.000
0.000
0.000
0.000
0.000
0.000
0.000
0.000
0.000
0.000
0.000
0.000
0.000
0.000
0.000
0.000
0.000
0.000
0.000
0.000
0.000
0.000
0.000
0.000
0.000
0.000
0.000
0.000
0.000
0.000
0.000
0.000
0.000
0.000
0.000
0.000
0.000
0.000
0.000
0.000
0.000
0.000
0.000
0.000
0.000
0.000
0.000
0.000
0.000
0.000
0.000
0.000
0.000
0.000
0.000
0.000
0.000
0.000
0.000
0.000
0.000
0.000
0.000
0.000
0.000
0.000
0.000
0.000
0.000
0.000
0.000
0.000
0.000
0.000
0.000
0.000
0.000
0.000
0.000
0.000
0.000
0.000
0.000
0.000
0.000
0.000
0.000
0.000
0.000
0.000
0.000
0.000
0.000
0.000
0.000
0.000
0.000
0.000
0.000
0.000
0.000
0.000
0.000
0.000
0.000
0.010
0.007
0.000
0.000
0.000
0.000
0.000
0.000
6.880
23.789
3.042
0.014
0.000
0.972
0.347
0.000
0.000
0.000
0.000
0.000
0.000
0.000
0.000
0.000
0.000
0.000
0.000
0.000
0.000
0.000
0.000
0.000
0.000
0.000
0.000
0.000
0.000
0.000
0.000
0.000
0.000
0.000
0.000
0.000
0.000
0.000
0.000
10.864
2.405
0.000
0.000
0.189
0.003
0.000
0.000
0.000
0.000
0.000
0.000
0.000
0.000
0.000
0.000
0.000
0.000
0.000
0.421
0.039
1.208
0.295
0.039
0.007
0.054
0.151
0.144
0.000
0.000
0.060
0.069
0.000
0.000
0.080
1.409
0.158
0.350
1.269
2.216
0.082
0.742
0.000
0.000
0.000
0.000
0.216
2.743
0.175
9.493
21.322
36.876
2.731
0.017
0.433
0.062
0.000
0.000
0.000
0.179
0.601
0.000
0.000
0.000
0.079
6.285
0.249
0.038
11.864
42.558
38.229
25.499
11.546
19.846
15.997
2.088
2.917
2.551
1.473
1.729
5.598
6.681
30.988
18.598
53.102
15.416
5.704
28.107
29.225
7.248
8.009
8.249
2.814
11.817
3.268
3.392
7.466
27.534
12.390
14.289
9.027
23.842
5.376
3.552
11.530
14.360
5.095
6.661
0.418
1.183
17.249
6.631
7.150
6.709
13.027
0.000
0.175
1.687
1.663
9.565
6.442
1.111
5.203
42.761
19.438
16.450
4.468
3.754
2.913
7.658
30.401
12.433
29.400
13.120
1.926
1.447
0.050
0.000
24.838
0.700
0.645
4.443
6.327
14.559
0.769
1.087
2.233
5.627
1.846
4.621
5.740
8.593
10.629
13.970
12.193
6.159
13.535
102.874
18.675
30.717
7.745
0.681
2.977
10.118
16.656
17.436
0.129
0.451
0.192
0.321
0.010
0.000
0.000
0.000
1.344
0.000
2.230
0.065
0.184
0.000
0.000
0.000
0.000
0.000
0.312
1.895
11.417
0.573
0.000
0.000
0.000
0.000
0.000
0.024
0.556
0.288
0.000
0.000
0.000
0.000
2.359
0.010
0.000
0.000
0.053
0.007
0.053
0.117
0.000
0.000
0.000
0.000
0.000
0.000
0.000
0.000
0.000
0.000
0.000
0.000
0.000
0.000
0.000
0.000
0.000
0.000
0.000
0.000
0.000
0.000
0.000
0.000
0.000
0.000
0.000
0.000
0.000
0.000
0.000
0.000
0.000
0.000
0.000
0.000
0.000
0.000
0.000
0.000
0.000
0.000
0.000
0.000
0.000
0.000
0.000
0.000
0.000
0.000
0.000
0.000
0.000
0.000
0.000
0.000
0.000
0.000
0.000
0.000
0.000
0.000
0.000
0.000
0.000
0.000
0.000
0.000
0.000
0.000
0.000
0.000
0.000
0.000
0.000
0.000
0.000
0.000
0.000
0.000
0.000
0.000
0.000
0.000
0.000
0.000
0.000
0.203
1.402
0.000
0.003
19.820
10.962
23.119
6.911
0.148
0.117
0.000
0.000
0.000
0.000
0.000
0.000
0.000
0.000
0.257
0.036
0.167
0.000
0.294
0.094
0.000
0.000
0.000
0.000
0.000
0.000
0.000
0.000
0.000
0.021
10.219
5.842
0.122
0.000
0.000
0.000
0.000
0.000
0.000
0.000
0.000
0.000
0.000
0.000
0.000
0.000
0.000
0.000
0.000
0.000
0.000
0.000
0.000
0.000
0.000
0.000
0.000
0.000
0.000
0.000
0.000
0.000
0.699
0.018
0.000
0.587
2.215
0.578
1.074
0.833
0.721
0.000
0.000
0.000
0.000
0.220
0.014
1.481
0.389
5.400
2.795
2.812
0.165
0.000
1.260
12.375
5.414
1.404
1.263
0.072
1.840
0.639
0.941
0.165
0.000
0.141
0.027
1.851
0.549
1.790
0.000
0.000
0.000
0.000
0.000
0.007
0.000
0.000
0.000
0.000
0.000
0.000
0.000
18.727
0.000
0.003
0.000
0.000
0.000
3.601
0.082
0.240
2.970
15.456
35.774
8.312
16.734
1.432
15.951
2.905
4.267
1.514
2.884
0.209
3.567
7.677
15.528
3.850
2.182
3.536
27.622
10.688
50.776
32.059
68.311
14.947
1.838
0.378
0.094
4.994
18.163
16.383
21.695
37.944
21.898
27.068
21.362
11.297
1.330
10.454
39.230
7.211
4.256
28.307
82.391
25.207
8.490
7.376
19.357
19.086
15.001
26.971
25.205
28.235
4.072
14.337
7.615
0.958
0.601
5.804
0.994
9.258
8.042
17.072
25.560
4.958
30.309
5.189
17.535
19.333
4.195
0.000
0.007
9.603
2.612
4.237
11.639
15.549
3.188
4.434
19.954
22.875
3.233
10.555
2.364
0.963
5.919
43.997
37.067
9.124
0.652
3.576
0.007
1.100
2.995
6.022
17.180
10.533
10.404
1.674
11.936
13.910
1.595
0.357
17.150
32.810
56.138
24.954
31.433
83.353
21.459
29.428
19.972
1.009
3.365
11.606
10.008
7.986
0.000
0.000
0.000
0.000
0.000
0.000
0.000
1.171
18.399
12.133
0.740
0.000
0.000
0.000
0.000
0.000
0.000
0.000
0.000
0.000
0.000
0.000
0.000
0.000
0.000
0.000
0.000
0.000
0.000
0.000
0.091
0.616
0.156
5.176
3.861
0.000
0.000
0.000
0.000
0.000
0.000
0.000
0.000
0.000
0.000
0.000
0.000
0.000
0.000
0.000
0.000
0.000
0.000
0.000
0.000
0.000
0.000
0.000
0.000
0.000
0.000
0.000
0.000
0.000
0.000
0.000
0.000
0.000
0.000
0.000
0.000
0.000
0.000
0.000
0.000
0.000
0.000
0.000
0.000
0.000
0.000
0.000
0.000
0.000
0.000
0.000
0.000
0.000
0.000
0.000
0.000
0.000
0.000
0.000
0.000
0.000
0.000
0.000
0.000
0.000
0.000
0.000
0.000
0.000
0.000
0.000
0.000
0.027
21.894
22.383
1.517
0.130
0.000
0.000
0.000
0.206
0.000
0.000
0.000
0.000
0.000
0.000
0.000
0.014
4.256
0.288
0.000
0.000
0.000
0.000
0.000
0.000
0.000
0.000
0.000
0.000
0.000
0.000
0.000
0.000
0.000
0.000
0.000
0.000
0.000
0.000
0.000
0.000
0.000
0.000
0.000
0.000
0.000
0.000
0.000
0.000
0.000
0.000
0.000
0.000
0.000
0.000
0.000
0.000
0.000
0.000
0.000
0.000
0.000
0.000
0.000
0.000
0.000
0.000
0.000
0.000
0.000
0.000
0.000
2.513
1.954
3.189
4.597
0.018
0.000
0.000
0.000
0.000
0.000
0.007
0.000
0.000
0.536
0.000
0.000
0.000
0.000
0.000
0.000
0.000
0.000
0.000
0.000
0.000
0.000
0.000
0.000
0.000
0.027
0.000
0.000
0.515
0.000
0.000
0.041
0.000
0.000
0.027
0.017
0.000
0.000
0.082
0.093
0.275
0.000
0.000
0.000
0.000
0.000
3.474
4.910
4.360
0.209
0.000
0.000
0.000
0.000
0.000
0.000
0.000
0.838
2.894
0.663
0.810
2.946
12.284
4.556
2.633
2.930
23.130
21.447
13.853
21.894
25.838
52.037
56.916
37.958
2.568
4.525
20.191
14.347
15.892
10.894
6.760
17.533
8.157
35.508
9.342
19.767
8.894
16.445
8.240
18.335
24.217
19.635
23.719
6.211
6.298
39.792
15.212
9.848
18.206
11.977
18.309
36.113
30.032
30.511
52.734
12.301
10.753
21.943
10.435
5.836
36.092
5.979
20.761
0.467
7.682
6.966
12.555
13.665
6.858
1.396
15.357
10.013
19.626
21.190
23.840
4.878
13.057
17.547
10.315
20.805
26.733
21.054
17.386
8.506
22.841
24.414
24.111
6.978
8.260
0.520
6.336
0.802
26.214
19.724
21.792
6.037
4.958
0.663
0.079
0.144
8.878
7.316
12.902
0.436
2.341
11.649
13.987
1.191
8.556
5.301
6.736
17.794
17.019
4.944
3.663
7.227
0.209
12.713
18.385
14.227
16.723
0.154
0.086
0.000
5.792
4.321
1.734
0.257
1.142
0.314
9.426
5.790
4.611
3.547
3.507
1.243
0.050
0.000
0.000
0.000
0.000
0.000
0.000
0.000
0.000
0.000
0.000
0.000
0.000
0.000
0.000
3.090
0.014
0.199
0.000
0.000
0.000
0.000
0.000
0.000
0.000
0.000
0.000
0.000
0.000
0.000
0.000
0.000
0.000
0.000
0.000
0.000
0.000
0.000
0.000
0.000
0.000
0.000
0.000
0.000
0.000
0.000
0.000
0.000
0.000
0.000
0.000
0.000
0.000
0.000
0.000
0.000
0.000
0.000
0.051
0.000
0.000
0.000
0.000
0.000
0.000
0.000
0.000
0.000
0.000
0.000
0.000
0.000
0.000
0.000
0.000
0.000
0.000
0.000
0.000
0.000
0.000
0.000
0.000
0.000
0.000
0.000
0.000
0.000
0.000
0.072
0.000
0.000
0.000
0.000
0.000
0.000
0.000
0.000
0.000
0.000
0.000
0.000
0.000
0.000
0.000
0.000
0.000
0.000
0.000
0.000
0.000
0.000
0.000
0.000
0.000
0.000
0.000
0.000
0.000
0.000
0.000
0.000
0.000
0.000
0.000
0.000
0.000
0.000
0.000
0.000
0.000
0.000
0.000
0.000
0.000
0.000
0.000
0.000
0.000
0.000
0.000
0.000
0.000
0.000
0.000
0.000
0.000
0.000
0.000
0.000
0.000
0.000
0.000
0.000
0.000
0.000
0.000
0.000
0.000
0.003
0.010
0.007
0.000
1.555
0.000
0.000
1.057
0.148
0.000
0.000
0.000
0.601
0.076
0.000
0.000
0.000
0.000
0.000
0.000
0.000
0.189
0.010
0.000
0.000
0.000
0.000
0.000
0.000
0.000
0.000
0.000
0.000
0.000
0.000
0.000
0.000
0.000
0.000
0.000
0.000
0.000
0.000
0.000
0.000
0.000
0.031
0.045
0.000
0.000
0.000
0.000
0.000
0.000
0.076
10.947
0.450
4.782
0.000
0.000
3.207
0.680
0.000
3.008
5.541
0.364
0.000
0.021
30.092
8.393
2.650
0.694
2.822
0.429
0.953
0.017
0.000
0.282
2.987
0.103
0.045
0.003
0.000
0.000
0.000
0.000
0.000
0.000
0.000
0.000
0.000
0.000
0.000
0.000
0.000
0.000
0.000
0.000
0.000
0.240
0.000
0.007
25.433
6.956
24.153
27.011
9.534
4.540
6.097
28.937
19.418
10.931
10.114
0.551
6.842
0.853
0.007
0.627
0.100
0.189
2.820
2.238
0.015
50.235
19.629
2.568
10.504
0.476
0.223
0.798
1.507
76.661
23.149
6.984
3.201
7.430
11.090
33.570
4.086
0.024
1.296
14.450
2.632
7.218
13.166
14.662
6.741
2.274
12.943
61.350
11.850
31.711
23.787
14.418
9.956
2.185
9.560
10.504
10.640
42.642
3.816
11.642
3.595
4.441
10.272
13.197
4.980
8.442
0.089
0.457
7.742
22.618
24.936
7.841
8.858
37.530
2.602
2.383
4.029
0.295
0.000
6.547
9.719
7.138
0.000
1.899
0.336
0.577
6.787
2.032
7.035
9.213
2.379
0.079
6.279
10.592
5.668
0.146
1.311
6.053
29.831
27.737
16.071
34.827
23.157
0.000
0.000
0.000
0.000
0.000
0.000
0.000
0.014
0.000
0.000
0.000
0.000
0.000
0.000
0.000
0.000
0.000
0.000
0.000
0.000
0.000
0.000
0.000
0.000
0.000
0.000
0.000
0.000
0.000
0.000
0.000
0.000
0.000
0.000
0.000
0.000
0.007
0.000
5.261
55.664
0.055
0.000
0.000
0.000
0.000
0.000
0.000
0.000
0.000
0.000
0.000
0.000
0.000
0.000
0.000
0.000
0.000
0.000
0.000
0.000
0.000
0.000
0.000
0.000
0.000
0.000
0.000
0.000
0.000
0.000
2.482
1.909
0.000
0.000
0.000
0.000
0.000
0.000
0.000
0.000
0.000
0.000
0.024
0.024
0.000
0.000
0.000
0.000
0.000
0.000
0.000
0.000
0.000
0.000
0.000
0.000
0.024
0.089
0.000
0.000
0.000
0.000
0.000
0.000
0.000
0.000
0.000
0.000
0.000
0.000
0.000
0.000
0.000
0.000
0.000
0.000
0.000
0.000
0.000
0.000
0.000
0.000
0.000
0.000
0.146
0.007
0.000
0.000
0.000
0.000
4.556
0.120
0.000
0.000
0.000
0.000
0.000
0.000
0.000
0.000
0.000
0.000
0.000
0.000
0.000
0.000
0.000
0.000
0.000
0.000
0.000
0.000
0.000
0.000
0.000
0.000
0.000
0.000
0.000
0.000
0.000
0.000
0.000
0.000
0.000
0.000
0.000
0.000
0.000
0.000
0.000
0.000
0.000
0.000
0.000
0.000
0.000
0.000
0.000
0.000
0.000
0.000
0.000
0.000
0.000
0.000
0.000
0.000
0.000
0.000
0.000
0.000
0.000
0.000
0.000
0.000
0.000
0.000
0.000
0.000
0.000
0.000
0.031
0.000
0.000
0.652
0.100
0.192
0.014
1.772
0.031
0.003
0.000
0.000
0.000
0.000
0.000
0.000
0.000
0.000
0.000
0.000
0.285
1.263
0.457
0.069
0.000
0.439
1.610
0.000
0.034
0.621
0.000
0.000
0.000
0.000
0.000
0.000
0.000
0.000
0.000
0.000
0.000
0.031
0.007
0.007
1.633
0.536
0.297
0.003
0.000
0.287
10.209
3.988
0.621
2.760
0.290
0.777
1.311
10.004
8.854
1.849
0.000
0.388
0.045
14.224
17.496
2.151
7.417
0.450
0.750
0.874
0.000
0.000
1.917
41.267
50.767
30.511
14.636
0.700
1.233
10.456
6.429
3.401
3.758
0.958
10.528
16.540
16.797
2.436
4.166
11.831
0.029
0.544
12.452
25.263
40.452
15.168
5.764
0.371
10.248
1.427
0.014
0.000
0.000
1.092
0.690
5.322
26.676
2.235
4.813
19.672
4.829
15.185
19.501
16.315
8.154
19.082
23.627
14.904
5.140
1.851
7.656
3.296
6.449
4.024
4.800
6.901
6.224
0.230
0.996
22.058
4.755
6.794
8.768
5.493
20.538
16.466
25.416
5.758
17.063
15.631
10.602
19.293
3.419
3.934
6.654
5.050
6.763
2.417
7.042
2.403
3.574
0.000
0.000
0.000
0.000
0.973
4.305
15.621
7.944
8.290
10.142
0.958
0.939
0.031
0.000
0.000
0.102
0.010
0.724
24.431
8.374
7.920
6.951
0.027
0.462
1.420
0.628
0.197
0.000
0.000
0.000
0.000
0.000
0.000
0.000
0.000
0.482
0.000
0.000
0.000
0.000
0.000
0.000
0.000
0.000
0.021
0.065
0.000
0.000
0.000
0.000
0.000
0.000
0.271
0.486
0.072
0.000
0.000
0.000
0.000
0.000
0.000
0.003
0.367
0.000
0.000
0.000
0.000
0.000
0.000
0.000
0.426
4.755
10.006
5.636
0.000
0.000
0.000
0.000
0.000
0.000
0.000
0.000
0.000
0.000
0.000
0.000
0.000
0.000
0.000
0.000
0.000
0.000
0.000
0.000
0.000
0.000
0.230
0.000
0.000
0.000
0.000
0.000
0.000
0.000
0.000
0.000
0.000
0.000
0.000
0.000
0.000
0.024
0.000
0.000
0.000
0.000
0.000
0.000
0.000
0.000
0.000
0.381
0.027
0.003
0.000
0.060
0.000
0.000
0.000
0.002
0.000
0.000
0.000
0.000
0.000
0.000
0.000
0.002
0.002
0.000
0.000
0.000
0.000
3.842
0.000
0.000
0.000
0.367
0.000
0.000
0.000
0.000
0.003
0.000
0.000
0.000
0.002
0.000
0.000
0.000
0.000
0.000
0.000
0.000
0.000
0.033
0.000
0.002
0.002
0.000
0.000
0.000
0.000
0.000
0.000
0.000
0.000
0.000
0.002
0.002
0.000
0.002
0.000
0.000
0.000
0.005
0.000
0.000
0.000
19.861
0.786
0.000
0.000
0.000
0.000
0.000
0.000
0.000
1.406
0.003
0.000
0.000
0.000
1.008
0.390
0.000
0.000
0.000
0.002
0.000
0.827
0.110
0.000
0.000
0.213
0.000
0.000
0.000
0.000
0.000
0.007
0.007
0.233
1.442
0.000
0.000
0.000
0.000
0.000
0.000
0.000
0.000
0.000
0.252
1.902
1.418
0.000
0.000
0.000
0.000
0.000
0.364
0.003
1.511
0.000
1.311
0.118
0.168
0.010
0.000
0.000
0.000
0.000
0.000
0.010
0.000
0.065
0.774
1.662
0.275
5.466
31.780
17.109
13.496
52.800
78.044
29.004
2.755
1.516
5.222
14.612
39.032
30.624
92.100
10.825
50.887
41.010
16.833
7.378
21.660
23.221
5.569
2.994
9.222
18.436
12.016
9.555
6.042
8.169
4.661
12.610
23.535
4.376
12.667
39.389
29.131
10.543
9.798
9.558
0.766
2.451
1.905
1.336
0.302
25.377
60.933
29.019
24.242
17.338
8.525
20.253
24.566
42.860
37.213
4.003
19.896
13.626
19.748
11.738
5.414
16.665
9.447
36.794
166.391
10.080
68.692
16.414
0.240
2.609
12.281
28.187
11.773
4.944
8.652
8.638
5.909
1.758
5.780
6.466
6.211
13.472
10.214
8.494
2.805
7.052
12.425
13.239
3.480
8.317
7.773
11.398
0.954
14.962
5.696
15.360
1.387
1.615
1.121
17.300
41.267
22.920
35.324
6.544
26.628
7.110
0.817
1.047
4.489
2.393
1.306
0.000
2.285
9.757
3.680
0.000
5.651
5.256
5.497
0.149
0.000
0.000
0.000
0.000
0.000
0.002
0.220
4.786
6.877
0.803
16.074
2.372
0.007
0.000
0.000
0.000
0.000
0.000
0.002
0.000
0.000
0.000
0.002
0.000
0.000
0.000
0.000
0.000
0.000
0.000
0.000
0.000
0.000
0.000
0.000
0.000
0.000
0.000
0.000
0.000
0.000
0.000
0.000
0.000
0.000
0.000
0.002
0.000
0.000
0.000
0.000
0.000
0.000
0.000
0.000
0.000
0.000
0.000
0.000
0.000
0.002
0.000
0.000
0.000
0.000
0.000
0.000
0.000
0.000
0.000
0.000
0.000
0.000
0.000
0.000
0.000
0.000
0.000
0.000
0.000
0.000
0.000
6.187
8.714
0.007
0.000
0.000
1.088
0.333
0.041
0.184
0.000
0.000
0.000
0.000
0.000
0.000
0.002
0.000
0.000
0.014
0.021
0.027
0.000
0.000
0.000
0.000
0.000
0.000
0.003
0.000
0.000
0.000
0.000
0.000
0.000
0.000
0.000
0.000
0.000
0.000
0.000
0.000
0.000
0.000
0.000
0.000
0.093
5.498
0.433
0.000
0.000
0.000
0.000
0.000
0.000
0.000
0.000
0.000
0.000
0.000
0.002
0.000
0.000
0.000
0.000
0.000
0.000
0.000
0.000
0.000
0.000
0.000
0.000
0.000
0.000
0.000
0.000
0.002
0.000
0.000
0.000
0.000
0.000
0.000
0.000
0.000
0.000
0.000
0.000
0.000
0.000
0.000
0.000
0.000
0.000
2.087
0.254
0.000
6.705
0.000
0.031
0.000
0.026
0.000
0.000
0.000
0.000
0.000
0.000
0.000
0.000
0.000
0.000
0.000
0.000
0.000
0.000
0.000
0.000
0.000
0.000
0.000
0.000
0.000
0.000
0.000
0.093
0.000
0.000
0.000
0.000
0.002
0.000
0.007
0.003
0.000
0.000
0.000
0.000
0.067
0.000
0.000
0.000
0.000
0.000
0.000
0.000
0.000
0.000
0.000
0.000
0.000
0.000
0.000
0.000
0.000
0.000
0.000
0.000
1.926
0.000
0.000
0.000
0.000
0.000
0.000
0.000
0.000
0.000
0.007
1.004
0.324
6.276
8.871
9.596
3.838
17.228
0.148
3.234
0.000
0.055
0.000
0.000
1.713
0.237
2.544
21.746
88.208
39.286
38.766
18.891
7.824
23.555
15.930
26.831
4.195
6.369
7.589
27.505
0.051
0.223
14.691
0.261
13.153
3.595
4.353
33.910
12.909
5.208
6.255
3.897
9.596
7.474
0.707
0.312
0.000
14.653
4.233
12.126
3.665
0.953
0.930
6.290
0.541
20.644
7.177
2.503
0.954
0.165
0.002
8.212
2.688
0.003
0.546
8.250
3.510
1.274
0.000
0.003
0.209
2.129
0.318
0.000
0.002
0.000
0.000
0.089
0.065
1.954
7.244
17.961
3.121
0.000
17.540
26.367
0.697
1.116
9.582
14.238
21.976
18.488
36.698
2.547
0.021
1.078
0.002
0.000
0.000
0.000
0.000
0.000
0.000
0.000
0.000
0.000
0.000
0.000
0.021
0.000
0.000
0.000
0.000
0.000
0.364
0.137
0.000
0.000
0.000
0.000
0.000
0.000
0.000
0.000
0.000
0.000
0.000
0.000
0.000
0.002
0.000
0.000
0.000
0.000
0.000
0.002
0.000
0.000
0.007
20.067
0.000
3.100
0.003
0.000
0.000
0.000
0.002
0.000
0.000
0.000
0.000
0.000
0.002
0.000
0.000
0.000
0.000
0.000
0.002
0.000
0.000
0.000
0.000
0.000
0.000
0.000
0.000
0.000
0.000
0.003
0.000
0.000
0.000
0.000
0.000
0.000
0.000
0.354
1.833
0.002
0.000
0.000
0.000
0.000
0.000
0.000
0.000
0.000
0.000
0.000
0.000
0.000
0.002
0.000
0.000
0.000
0.000
0.000
0.000
0.000
0.007
0.000
0.000
0.000
0.000
0.000
0.000
0.000
0.000
0.000
0.000
0.000
0.000
0.000
0.000
0.000
0.000
0.000
0.000
0.002
0.000
0.000
0.002
0.000
0.000
0.000
0.000
0.000
0.000
0.000
0.000
0.000
0.000
0.000
0.000
0.000
0.000
0.000
0.000
0.000
0.000
0.000
0.000
1.020
0.041
6.767
0.000
0.000
0.000
0.000
0.000
0.000
0.003
0.000
0.000
0.000
0.000
0.000
0.000
0.000
0.000
0.000
0.000
0.000
0.000
0.000
0.000
0.000
0.002
0.002
0.000
0.000
0.000
0.000
0.000
0.000
0.000
0.000
0.000
0.002
0.000
0.000
0.000
0.000
0.000
0.548
0.029
0.000
0.000
0.000
0.003
0.000
0.000
0.000
0.000
0.000
0.000
0.000
0.000
0.000
0.000
0.000
0.000
0.000
0.010
0.038
0.120
0.192
0.196
0.680
0.000
0.000
0.000
0.000
0.000
0.000
0.000
0.000
0.003
0.000
0.000
0.000
0.000
0.000
0.000
0.000
0.000
0.000
0.000
0.000
0.000
0.000
0.000
0.000
0.000
0.000
0.000
0.000
0.000
0.000
0.000
0.002
0.000
0.000
0.000
0.000
0.000
9.259
72.589
0.247
0.290
0.000
0.000
0.393
0.057
0.235
0.015
0.000
0.000
0.000
2.179
6.940
6.096
66.277
11.125
3.686
0.096
1.802
0.002
0.000
0.000
0.216
15.828
6.200
27.002
6.702
7.304
6.640
1.469
3.601
1.756
5.184
0.422
0.577
0.041
0.240
0.070
1.517
13.235
5.164
0.954
1.645
9.320
3.965
0.335
0.652
1.863
7.677
16.081
12.672
5.721
8.408
5.608
11.575
48.999
71.737
1.490
0.086
5.878
5.064
18.177
6.216
0.000
9.575
0.144
2.832
5.744
1.555
1.095
1.341
8.202
9.273
2.208
0.282
3.739
4.233
11.529
3.152
15.556
28.901
15.618
9.922
0.639
0.000
0.000
0.000
0.151
17.918
6.808
4.316
0.474
1.627
1.049
0.512
0.000
0.000
0.000
0.000
0.000
1.643
0.458
1.540
2.328
0.000
0.000
0.076
0.003
0.000
0.261
24.197
21.362
0.453
0.003
0.031
5.263
11.556
12.675
12.964
21.916
12.039
2.300
3.892
26.161
13.832
9.407
14.591
12.586
3.341
0.062
0.144
4.419
0.000
0.261
66.800
18.059
0.553
1.267
1.210
0.002
1.579
3.588
0.000
0.014
0.000
0.000
3.492
3.555
0.156
0.002
0.000
0.000
0.000
0.000
0.000
0.000
0.000
0.000
0.000
0.000
0.000
0.000
0.000
0.001
0.000
0.000
0.000
0.000
0.000
0.000
0.000
0.000
0.000
0.000
0.000
0.000
0.000
0.000
0.000
0.000
0.000
0.000
0.000
0.000
0.002
0.000
0.000
0.000
0.000
0.000
0.002
0.000
0.000
0.000
0.000
0.000
0.003
0.002
0.000
0.000
0.002
0.000
0.000
0.000
0.000
0.000
0.000
0.000
0.000
0.002
0.000
0.000
0.000
0.000
0.000
0.000
0.000
0.000
0.007
0.053
0.000
0.000
0.000
2.376
1.662
0.690
0.000
0.000
0.000
0.000
0.000
0.051
0.539
0.000
0.000
0.000
0.000
0.002
0.000
0.000
0.000
0.000
0.000
0.000
0.000
0.000
0.000
0.000
0.000
0.000
0.000
0.000
0.000
0.000
0.000
0.000
0.000
0.000
0.003
1.893
8.257
0.051
0.000
0.000
0.000
0.000
0.000
0.031
0.007
0.000
0.000
3.433
24.790
9.174
0.436
0.000
0.002
0.000
0.000
0.000
0.000
0.000
0.003
0.000
0.000
0.000
0.000
0.000
0.000
0.000
0.000
0.000
0.000
0.000
0.002
0.000
0.000
0.000
0.000
0.000
0.000
0.000
0.000
0.000
0.000
0.000
0.000
0.003
0.002
0.000
0.000
0.000
0.000
0.000
0.000
0.000
0.000
0.000
0.000
0.000
0.000
0.000
0.103
0.000
0.000
0.000
0.000
0.000
0.000
0.000
0.000
0.000
0.000
0.000
0.003
0.000
0.000
0.000
0.000
0.055
0.088
0.002
0.000
0.000
0.000
0.000
0.000
0.000
0.000
0.000
0.000
0.000
0.000
0.000
0.000
0.000
0.000
0.000
0.124
39.606
41.123
116.956
0.000
0.000
0.000
0.002
0.000
0.003
0.000
0.000
0.002
0.000
0.000
0.000
0.000
0.000
0.000
0.000
0.000
0.000
0.360
0.003
0.093
0.783
1.823
4.127
0.766
0.000
0.000
0.065
0.694
1.346
1.207
2.426
0.965
0.896
8.298
142.021
269.383
59.596
27.150
7.405
0.398
0.000
0.158
1.071
0.220
0.000
4.614
10.681
7.442
38.229
15.810
4.851
7.375
3.351
5.558
0.142
0.443
25.619
9.810
3.289
0.433
5.969
5.414
2.541
