20000101
0.000
0.000
0.000
0.000
0.000
0.000
0.000
0.000
0.000
0.000
0.000
0.000
0.000
0.000
0.000
0.000
0.000
0.000
0.000
0.000
0.000
0.000
0.000
0.000
0.000
0.000
0.000
0.000
0.000
0.000
0.000
0.031
0.532
0.000
0.000
0.110
4.213
0.154
0.000
0.000
0.000
0.000
0.316
0.000
0.000
0.000
0.000
0.000
0.000
0.000
0.000
0.000
0.000
0.000
0.000
0.000
0.000
0.000
0.000
0.000
0.000
0.000
0.000
0.000
0.000
0.000
0.000
0.000
0.000
0.000
0.000
0.000
0.000
0.000
0.000
0.000
0.000
0.000
0.000
0.000
0.000
0.000
0.100
0.000
0.000
0.000
0.000
0.000
0.000
0.000
0.000
0.000
0.000
0.000
0.000
0.000
0.000
0.000
0.000
0.000
0.000
0.000
0.000
0.000
0.000
0.000
0.000
0.000
0.000
0.000
0.000
0.000
0.000
0.000
0.000
0.000
0.000
0.000
0.000
0.000
0.000
0.000
0.000
0.000
0.027
0.000
0.000
0.000
0.000
0.000
0.000
0.000
0.000
0.000
0.000
0.014
2.939
0.000
0.000
0.759
5.991
3.457
0.336
0.124
0.007
0.869
0.000
0.000
0.000
0.000
0.007
0.000
0.017
0.165
0.000
0.017
0.501
0.759
2.728
3.179
7.272
1.984
1.274
0.285
0.021
2.046
1.473
1.387
1.360
12.876
4.340
15.673
15.645
26.000
10.329
6.142
0.742
0.000
0.010
0.211
2.494
0.000
0.017
2.956
0.158
0.000
0.125
0.000
7.781
11.460
3.689
6.031
4.673
3.840
3.321
13.772
13.273
19.054
1.295
5.489
7.565
16.691
39.128
2.626
0.738
5.579
25.151
17.051
5.081
6.988
26.139
32.386
19.075
21.398
3.897
0.877
0.000
0.049
0.766
1.174
7.687
9.794
2.271
0.011
0.338
7.707
3.337
9.282
11.575
11.670
10.316
1.809
3.490
1.084
0.000
0.000
0.000
0.000
0.000
0.000
0.000
1.626
8.921
18.311
43.369
7.951
1.045
0.698
10.423
29.567
14.983
14.783
11.192
9.265
0.215
0.014
0.000
7.183
18.630
5.968
27.203
12.267
2.800
16.910
28.707
19.926
11.779
9.368
0.000
0.000
0.000
0.000
0.000
0.000
0.000
0.000
0.213
0.000
0.436
0.000
0.000
0.112
0.618
0.000
0.000
0.000
0.000
0.000
0.000
0.000
0.000
0.000
0.000
0.000
0.000
0.000
0.000
0.000
0.000
0.000
0.000
1.392
0.000
0.000
0.000
0.000
0.000
0.000
0.000
0.000
0.000
0.000
0.000
0.000
0.000
0.000
0.000
0.000
0.000
0.000
0.000
0.000
0.000
0.000
0.000
0.000
0.000
0.000
0.000
0.000
0.000
0.000
0.000
0.000
0.000
0.000
0.000
0.000
0.000
0.000
0.000
0.000
0.000
0.000
0.000
0.000
0.000
0.000
0.000
0.000
0.000
0.000
0.000
0.000
0.000
0.000
0.000
0.000
0.000
0.000
0.000
0.000
0.000
0.000
0.000
0.000
3.157
0.640
0.000
0.000
0.000
0.000
0.000
0.000
0.000
0.000
0.000
0.000
0.000
0.000
0.000
0.000
0.000
0.000
0.000
0.000
0.000
0.000
0.000
0.000
0.000
0.000
0.000
0.000
0.000
0.000
0.000
0.000
0.000
0.000
0.000
0.000
0.000
0.000
0.000
0.000
0.000
0.000
0.000
0.000
0.000
0.000
0.010
0.000
0.000
0.000
0.000
0.000
0.000
0.000
0.000
0.000
0.000
0.000
0.000
0.017
0.000
0.000
0.000
0.512
0.000
0.000
0.000
0.000
0.000
0.000
0.000
0.000
0.000
0.000
0.000
0.000
0.000
0.000
0.000
0.000
0.014
0.029
0.000
0.000
0.000
0.000
0.000
0.000
0.216
5.445
2.573
0.000
0.000
0.000
0.000
0.000
0.000
0.000
0.000
0.000
0.000
0.000
0.000
0.000
1.090
0.500
0.841
2.470
0.000
0.000
0.000
0.000
0.000
0.000
0.000
0.000
0.000
0.000
0.000
0.000
0.000
0.000
0.000
0.045
0.017
0.426
0.062
0.120
0.000
0.000
0.000
0.000
0.000
0.000
1.142
0.039
0.000
0.000
0.000
0.000
0.000
0.000
0.000
0.000
0.000
0.000
0.972
0.010
0.000
2.577
0.007
1.016
1.593
0.580
5.917
0.809
0.349
0.036
0.000
0.024
1.657
0.266
0.000
0.585
7.005
12.124
26.515
6.645
3.837
17.259
6.777
10.198
18.830
21.475
16.828
5.624
12.226
18.121
19.080
6.671
10.192
22.030
34.708
18.505
21.243
11.187
2.077
11.148
0.621
0.855
14.727
3.692
2.781
1.725
2.403
24.482
11.337
20.409
5.878
0.371
3.268
13.462
4.597
9.005
7.625
12.003
11.477
28.310
16.603
11.688
4.079
2.441
0.061
2.822
9.627
9.758
14.473
15.389
19.295
0.089
0.000
7.701
2.168
3.339
0.373
4.922
1.358
3.675
1.536
16.546
11.082
8.562
1.566
4.501
30.864
32.538
77.386
8.509
8.578
5.283
6.927
7.565
17.000
11.388
18.617
21.921
8.432
3.655
6.413
8.589
7.652
14.713
7.460
0.673
5.988
9.217
11.036
12.576
9.280
11.513
0.000
0.000
0.000
0.000
1.037
0.000
0.812
7.356
0.161
9.663
11.505
14.322
12.504
8.675
15.238
16.052
23.238
18.718
1.311
0.000
0.000
0.000
0.000
0.000
0.000
0.000
0.878
0.000
0.000
0.000
0.000
0.000
0.000
0.000
0.000
0.000
0.000
0.000
0.000
0.000
0.000
0.000
0.000
0.000
0.000
0.000
0.000
0.000
0.000
0.000
0.000
0.000
0.000
0.000
0.000
0.000
0.000
0.000
0.000
0.000
0.000
0.000
0.000
0.000
0.000
0.000
0.000
0.000
0.000
0.000
0.000
0.000
0.000
0.000
0.000
0.000
0.000
0.000
0.000
0.000
0.000
0.000
0.000
0.000
0.000
0.000
0.000
0.000
0.000
0.000
0.000
0.000
0.000
0.000
0.000
0.000
0.000
0.000
0.000
0.000
0.000
0.000
0.000
0.000
0.000
0.000
0.000
0.000
0.000
0.000
0.000
0.000
0.000
0.000
0.000
0.000
0.000
0.000
0.000
0.000
0.000
0.000
0.000
0.000
0.038
0.000
0.051
0.144
0.000
0.000
0.000
0.795
3.747
0.058
0.000
0.000
0.000
0.000
0.000
0.000
0.000
0.000
0.000
2.913
0.130
0.000
0.000
0.000
0.000
0.000
0.000
0.000
0.000
0.000
0.000
0.000
0.000
0.000
0.000
0.000
1.562
0.096
0.000
0.000
0.000
0.022
1.090
0.000
0.000
0.000
0.000
0.000
0.000
0.000
0.000
0.000
0.000
0.000
0.024
0.000
0.000
0.000
0.000
0.000
0.000
0.000
0.000
0.000
0.000
0.000
0.055
0.000
0.000
0.000
0.000
0.000
0.000
0.041
0.000
0.000
0.000
0.000
0.000
0.000
0.000
0.000
0.000
0.000
0.000
0.000
0.000
0.000
0.000
0.000
0.000
0.000
0.000
0.000
0.000
0.000
0.000
0.000
0.000
0.000
0.000
0.000
0.000
0.031
0.010
0.000
0.000
0.000
0.000
0.000
0.000
0.000
0.000
0.000
0.007
1.020
0.000
0.000
0.920
0.000
0.000
0.000
0.000
0.000
0.024
1.119
0.096
0.027
0.014
0.223
0.288
0.033
0.000
0.000
0.000
0.000
1.857
0.742
0.014
0.000
3.203
2.300
6.485
8.022
0.199
0.609
0.051
0.748
0.103
0.721
0.271
0.076
0.007
0.069
49.923
0.000
0.100
1.057
0.007
0.000
0.038
1.789
21.461
27.098
8.230
22.612
13.214
1.416
0.010
0.000
0.000
0.000
0.000
0.000
0.000
1.308
9.917
5.660
0.827
3.825
7.086
21.250
19.145
2.465
0.803
0.000
0.000
0.000
0.000
0.000
0.184
0.026
1.567
0.568
2.596
22.695
18.509
27.758
23.981
36.763
4.522
10.073
22.129
54.640
40.567
18.739
22.977
36.851
9.500
23.068
16.902
7.517
11.515
42.648
13.323
5.438
0.045
0.388
1.346
9.443
16.510
9.682
4.873
6.188
4.640
21.531
22.657
8.113
19.842
14.524
9.900
4.983
11.151
13.582
5.679
8.056
10.377
4.032
0.182
0.000
0.000
2.786
0.000
0.000
13.278
13.175
68.146
32.784
0.913
18.075
5.073
6.592
6.307
0.312
0.000
0.000
0.000
0.000
0.000
0.000
0.000
5.467
0.512
0.000
0.000
0.000
0.280
1.792
0.000
0.000
21.679
30.638
2.345
0.018
0.000
0.000
0.000
0.000
0.000
0.000
0.000
0.000
0.000
0.000
0.000
0.000
0.000
0.000
0.000
0.000
0.000
0.000
0.000
0.000
0.000
0.000
2.378
0.014
0.000
0.000
0.000
0.000
0.000
0.000
0.000
0.000
0.000
0.000
0.000
0.000
0.000
0.000
0.000
0.000
0.000
0.000
0.000
0.000
0.000
0.000
0.000
0.000
0.000
0.000
0.000
0.000
0.000
0.000
0.000
0.000
0.000
0.000
0.000
0.000
0.000
0.000
0.000
0.000
1.270
0.117
0.000
0.000
0.000
0.000
0.000
1.665
0.041
0.051
0.000
0.000
0.000
0.000
0.000
0.000
0.000
0.000
0.000
0.000
0.000
0.000
0.000
0.000
0.000
0.000
0.000
0.000
0.000
0.000
0.000
0.000
0.000
0.000
0.000
0.000
16.572
0.000
0.000
1.016
3.468
0.106
0.275
3.299
0.625
0.000
0.264
0.103
0.000
0.076
2.630
0.000
0.000
0.000
0.000
0.000
0.000
4.604
1.339
0.000
0.000
0.000
0.000
0.000
0.000
0.000
0.000
0.000
0.031
0.000
0.000
0.000
0.000
0.000
0.000
0.000
0.000
0.000
3.536
0.031
0.000
0.000
0.000
0.034
0.007
0.000
0.000
0.000
0.000
0.000
0.000
0.024
0.000
0.000
0.000
0.000
0.000
0.000
0.000
0.000
0.000
0.000
0.000
0.000
0.000
0.000
0.000
0.000
0.000
0.000
0.000
0.000
0.000
0.000
0.000
0.000
0.000
0.000
0.498
0.000
0.000
0.000
0.000
0.000
0.007
0.014
0.858
2.688
0.000
0.000
0.000
0.000
0.000
0.000
0.000
0.000
11.663
0.000
0.000
0.000
0.000
0.000
0.443
0.000
0.000
0.000
0.000
0.000
0.000
0.000
0.000
0.000
0.000
0.000
0.000
0.000
0.000
0.000
0.000
0.000
0.000
0.000
0.000
0.000
0.000
0.000
0.000
5.349
0.041
0.000
0.000
0.264
0.000
0.065
1.368
0.000
1.147
2.843
10.794
7.680
13.572
52.522
65.094
2.269
35.644
31.464
10.377
3.615
16.658
7.812
24.784
30.803
27.932
1.401
5.111
4.601
1.408
16.764
11.658
3.510
2.827
19.899
26.323
11.184
17.063
20.131
0.478
0.022
7.076
12.032
26.403
12.873
8.856
32.025
7.963
10.749
6.271
26.916
14.375
29.372
30.352
21.818
16.390
4.801
0.082
7.244
4.698
2.228
6.842
31.538
19.432
38.538
43.829
19.137
26.824
15.855
5.483
10.712
30.415
18.751
4.899
6.873
2.226
1.416
8.120
16.689
10.320
1.893
2.135
7.145
18.363
27.734
2.973
2.268
16.473
20.193
6.600
8.566
5.175
9.951
6.999
0.191
11.873
11.405
10.212
15.292
12.744
16.660
7.534
5.481
5.782
9.067
14.109
15.031
21.516
11.800
18.994
14.941
11.185
12.984
18.960
0.875
0.000
0.000
0.278
3.419
9.472
31.490
23.742
6.472
0.566
0.000
0.000
0.000
0.000
0.000
0.000
0.000
0.827
1.363
0.130
0.000
0.000
38.505
111.230
53.836
26.074
2.690
0.199
0.048
0.000
0.230
0.000
0.000
0.000
0.000
0.000
0.000
0.000
0.000
0.000
0.000
0.000
0.000
0.000
0.000
0.000
0.000
0.000
0.000
0.000
0.000
0.000
0.000
0.000
0.000
0.000
0.000
0.000
0.000
0.000
0.000
0.000
0.000
0.000
0.000
0.000
0.000
0.000
0.000
0.000
0.000
0.000
0.000
0.000
0.000
0.000
2.223
0.000
0.000
0.000
0.000
0.000
0.000
0.000
0.000
0.000
0.000
0.204
2.777
0.000
0.000
0.000
0.000
0.000
0.000
0.000
0.000
0.000
0.000
0.000
0.000
0.000
0.000
0.000
0.000
0.000
0.000
0.000
0.000
0.000
0.000
0.000
0.000
0.021
4.252
12.857
0.000
0.000
0.000
0.000
0.000
0.000
0.144
0.000
0.000
0.000
0.000
0.000
0.000
0.000
0.000
0.000
0.000
0.000
0.000
0.000
0.000
0.000
0.000
0.000
0.000
0.000
0.000
0.000
0.000
0.000
0.000
0.000
0.000
0.000
0.000
0.000
0.000
0.000
0.000
0.000
0.000
0.000
0.000
0.000
0.000
0.017
0.000
0.000
0.000
0.000
0.000
0.000
0.000
0.000
0.000
0.000
0.000
0.000
0.000
0.000
0.000
0.000
0.000
0.000
0.000
0.000
0.000
0.000
0.000
0.000
0.000
0.000
0.000
0.000
0.000
0.000
0.000
0.000
0.000
0.000
0.000
0.000
0.000
0.000
0.000
0.000
0.000
0.000
0.000
0.000
0.000
0.041
0.000
0.000
0.000
0.055
0.000
0.000
0.000
0.000
0.000
0.000
0.000
0.000
0.000
0.000
0.000
0.000
0.000
0.000
0.000
0.000
0.000
0.000
0.000
0.000
0.000
0.000
0.000
0.000
0.000
0.000
0.137
0.000
0.093
0.000
0.000
0.000
0.000
0.007
0.144
0.000
0.055
0.000
0.381
0.003
0.000
0.014
0.089
1.706
11.234
9.328
3.474
7.098
8.350
6.966
14.399
50.585
27.483
4.237
0.000
0.000
1.734
1.995
0.017
0.000
0.000
0.000
0.039
13.996
4.701
22.572
9.220
11.703
16.081
13.000
1.366
1.881
0.000
0.000
2.146
0.216
15.759
18.109
20.376
1.856
0.446
0.167
0.076
0.049
1.701
6.310
1.627
1.054
4.237
8.742
14.173
11.927
13.318
9.983
2.297
12.667
11.615
2.296
9.661
22.546
5.925
6.939
18.648
17.257
15.492
7.963
2.111
10.679
15.099
13.285
3.341
8.305
14.888
4.001
7.221
11.358
24.808
11.436
1.349
5.828
4.407
3.756
1.174
0.000
0.000
0.000
0.000
0.000
0.000
0.003
0.000
0.053
0.014
19.847
5.021
0.585
0.223
4.825
21.398
16.843
11.155
60.183
11.204
11.679
3.559
8.851
0.680
3.416
0.146
1.950
0.000
0.000
0.000
0.007
9.095
4.461
8.523
5.641
16.335
18.670
18.483
0.273
0.000
0.000
0.000
0.021
4.935
11.438
5.102
0.000
0.000
0.000
0.000
0.000
0.000
0.000
0.000
0.000
0.000
0.000
0.000
0.000
0.000
0.000
0.000
0.000
0.000
0.000
0.000
0.000
0.000
0.000
0.000
0.000
0.000
0.000
0.000
0.000
0.000
0.000
0.000
0.000
0.000
0.000
0.000
0.000
0.000
0.000
0.000
0.000
0.000
0.000
0.000
0.000
0.000
0.000
0.000
0.000
0.000
0.000
0.000
0.000
0.000
0.000
0.000
0.000
0.000
0.000
0.000
0.000
0.000
0.000
0.000
0.000
0.000
0.000
0.000
0.000
0.000
0.084
0.000
0.000
0.000
0.000
0.000
0.000
0.000
0.000
0.000
0.000
0.000
0.000
0.000
0.000
0.000
0.000
0.000
0.000
0.000
0.000
0.000
0.000
0.378
1.092
0.003
0.000
0.000
0.000
0.913
0.027
0.000
0.000
0.000
4.460
0.021
1.037
4.602
8.003
0.000
0.000
0.000
0.014
0.158
0.000
0.000
0.000
0.000
0.000
0.000
0.000
0.000
0.000
0.000
0.000
0.007
0.189
0.033
0.106
0.484
0.058
0.000
0.000
0.000
0.000
0.000
0.000
0.000
0.000
0.000
0.000
0.000
0.000
0.000
0.000
0.000
0.034
0.000
0.000
0.000
0.000
0.000
0.000
0.000
0.000
0.000
0.000
0.000
0.048
0.388
0.000
0.000
0.000
0.000
0.000
0.000
0.000
0.000
0.000
0.000
0.000
0.000
0.000
0.000
0.000
0.000
0.000
0.000
0.000
0.000
0.000
0.000
0.000
0.000
0.000
0.000
0.000
0.000
0.000
0.000
0.000
0.000
0.000
0.014
0.000
0.000
0.000
0.972
0.000
0.003
0.000
0.000
0.000
0.000
0.000
0.000
0.000
0.000
0.000
0.000
0.000
0.000
0.000
0.000
0.000
0.000
0.000
0.000
0.000
0.000
0.000
0.000
0.000
0.000
0.000
0.000
0.000
0.000
0.000
0.000
0.000
0.000
0.007
0.000
0.003
0.000
0.000
0.000
0.000
0.000
0.000
0.000
0.000
0.000
0.000
0.000
0.000
0.000
0.086
0.014
0.000
1.620
0.000
1.998
1.274
1.099
11.803
3.686
13.156
0.089
4.832
6.036
10.427
20.605
0.026
0.007
0.003
5.522
12.619
71.470
52.305
45.659
20.639
23.810
6.520
0.136
0.402
3.806
3.553
0.529
0.000
2.077
0.330
0.500
2.063
0.050
4.234
0.656
0.165
2.970
0.103
15.525
2.335
1.923
14.277
16.579
1.923
7.922
0.882
2.254
1.749
0.333
2.235
4.195
1.322
2.894
5.933
7.121
8.185
6.770
19.799
7.278
9.582
3.114
2.132
3.145
2.084
3.780
0.065
0.000
0.000
0.000
1.324
7.632
17.016
11.350
2.628
6.157
9.459
3.894
16.296
4.949
2.057
39.332
3.059
4.493
11.452
16.033
0.191
0.007
6.200
1.646
6.662
12.277
0.168
5.268
0.381
0.000
0.000
0.000
0.000
0.805
1.569
1.167
0.110
0.062
0.027
0.000
0.000
0.027
0.000
0.038
1.579
1.263
7.402
3.584
3.964
7.601
13.276
21.921
1.562
0.450
0.343
0.100
2.050
0.196
0.000
0.000
0.000
0.000
0.000
0.616
1.392
0.000
0.000
0.000
0.000
0.000
0.000
0.000
0.000
0.000
0.000
0.000
0.000
0.000
0.000
0.000
0.000
0.000
0.000
0.000
0.000
0.000
0.000
0.000
0.000
0.000
0.000
0.000
0.000
0.000
0.000
0.000
0.000
0.000
0.000
0.000
0.000
0.000
0.000
0.000
0.000
0.000
0.000
0.000
0.000
0.000
0.000
0.000
0.000
0.000
0.000
0.000
0.000
0.000
0.000
0.000
0.000
0.000
0.000
0.000
0.000
0.000
0.000
0.000
0.000
0.000
0.000
0.000
0.000
0.000
0.000
0.000
0.000
0.000
0.000
0.000
0.000
0.000
0.000
0.000
0.000
0.000
0.000
0.000
0.000
0.000
0.000
0.000
0.000
0.000
0.000
0.000
0.000
0.000
0.000
0.000
0.000
0.000
0.000
0.000
0.000
0.000
0.000
0.000
0.000
0.000
0.000
0.000
0.000
0.000
0.000
0.000
0.000
0.000
0.000
0.000
0.000
0.000
0.000
0.000
0.048
0.024
0.000
0.000
0.000
0.000
0.000
0.000
13.702
31.898
4.968
0.051
0.000
1.150
0.266
0.000
0.000
0.000
0.000
0.000
0.000
0.000
0.000
0.000
0.000
0.000
0.000
0.000
0.000
0.000
0.000
0.000
0.000
0.000
0.000
0.000
0.000
0.000
0.000
0.000
0.000
0.000
0.000
0.000
0.000
0.000
0.000
17.575
2.786
0.000
0.000
0.082
0.000
0.000
0.000
0.000
0.000
0.000
0.000
0.000
0.000
0.000
0.000
0.000
0.000
0.000
0.407
0.033
0.630
0.144
0.027
0.007
0.032
0.072
0.053
0.000
0.000
0.000
0.000
0.000
0.000
0.045
0.853
0.024
0.455
0.905
1.063
0.048
0.457
0.000
0.000
0.000
0.000
0.017
3.588
0.072
8.466
18.742
45.315
1.081
0.000
0.323
0.034
0.000
0.000
0.000
0.244
0.371
0.000
0.000
0.000
0.007
4.001
0.172
0.010
8.926
37.371
22.489
21.976
9.332
17.659
8.092
2.570
1.725
1.502
2.029
0.745
4.889
7.190
23.239
39.999
53.103
14.054
5.517
20.358
24.463
8.964
8.020
7.217
5.682
11.884
2.596
3.577
6.067
23.325
7.042
11.034
9.204
28.123
5.024
5.303
7.920
19.726
4.625
6.557
0.427
1.280
17.127
6.161
6.995
4.178
8.696
0.000
0.038
1.679
1.680
9.115
5.859
0.627
3.919
41.367
25.387
17.819
3.342
3.342
2.051
8.696
33.071
13.057
16.828
11.312
0.872
0.448
0.026
0.000
21.897
0.412
0.228
5.627
3.902
16.107
0.324
0.000
1.689
5.124
2.583
3.821
5.499
10.954
8.085
10.686
12.133
5.395
12.397
71.326
16.960
34.986
5.454
0.845
5.306
4.130
7.589
17.107
0.080
0.257
0.101
0.089
0.000
0.000
0.000
0.000
0.652
0.000
0.759
0.000
0.316
0.062
0.000
0.000
0.000
0.000
0.000
4.793
14.313
0.566
0.000
0.000
0.000
0.000
0.000
0.851
0.204
0.146
0.000
0.000
0.000
0.000
2.762
0.003
0.000
0.000
0.000
0.000
0.000
0.031
0.000
0.000
0.000
0.000
0.000
0.000
0.000
0.000
0.000
0.000
0.000
0.000
0.000
0.000
0.000
0.000
0.000
0.000
0.000
0.000
0.000
0.000
0.000
0.000
0.000
0.000
0.000
0.000
0.000
0.000
0.000
0.000
0.000
0.000
0.000
0.000
0.000
0.000
0.000
0.000
0.000
0.000
0.000
0.000
0.000
0.000
0.000
0.000
0.000
0.000
0.000
0.000
0.000
0.000
0.000
0.000
0.000
0.000
0.000
0.000
0.000
0.000
0.000
0.000
0.000
0.000
0.000
0.000
0.000
0.000
0.000
0.000
0.000
0.000
0.000
0.000
0.000
0.000
0.000
0.000
0.000
0.000
0.000
0.000
0.000
0.000
0.000
0.125
2.174
0.000
0.026
16.754
9.462
18.828
5.514
0.096
0.179
0.000
0.000
0.000
0.000
0.000
0.000
0.000
0.000
0.048
0.003
0.110
0.000
0.255
0.017
0.000
0.000
0.000
0.000
0.000
0.000
0.000
0.000
0.000
0.031
12.185
5.847
0.285
0.000
0.000
0.000
0.000
0.000
0.000
0.000
0.000
0.000
0.000
0.000
0.000
0.000
0.000
0.000
0.000
0.000
0.000
0.000
0.000
0.000
0.000
0.000
0.000
0.000
0.000
0.000
0.000
0.000
0.396
0.033
0.000
0.512
1.163
0.554
1.054
0.485
0.433
0.000
0.000
0.000
0.000
0.105
0.000
1.548
0.399
3.475
2.262
2.915
0.051
0.000
2.173
12.140
7.484
0.577
0.834
0.014
1.813
1.167
0.841
0.292
0.034
0.106
0.051
1.356
0.192
1.366
0.000
0.000
0.000
0.000
0.000
0.000
0.000
0.000
0.000
0.000
0.000
0.000
0.000
7.646
0.000
0.000
0.000
0.021
0.110
2.650
0.096
0.518
2.005
10.289
28.207
5.490
11.512
2.451
24.654
0.196
1.195
0.522
2.788
0.206
3.045
9.297
14.440
6.176
1.681
2.585
27.802
10.528
43.747
22.040
70.297
11.778
1.167
0.046
3.282
8.001
15.934
15.455
32.355
25.150
23.421
31.213
35.767
6.999
1.538
14.972
34.772
8.327
3.449
25.988
111.123
19.557
8.748
4.427
18.447
15.201
13.664
25.097
25.608
19.786
8.061
13.493
5.943
0.633
1.227
3.418
0.879
9.663
9.591
15.216
26.063
4.262
34.179
5.217
15.527
17.688
5.013
0.000
0.000
10.502
2.234
2.031
11.028
14.332
4.280
2.846
20.587
23.552
4.029
15.007
0.245
0.125
6.695
47.511
35.148
12.382
0.978
4.130
0.000
1.367
1.157
2.498
26.865
10.365
10.185
3.679
6.913
10.919
1.657
0.247
14.503
33.376
38.541
22.709
28.362
85.682
24.175
40.511
19.803
0.134
2.918
12.318
8.374
7.182
0.000
0.000
0.000
0.000
0.000
0.000
0.000
0.501
15.127
6.334
0.167
0.000
0.000
0.000
0.000
0.000
0.000
0.000
0.000
0.000
0.000
0.000
0.000
0.000
0.000
0.000
0.000
0.000
0.000
0.000
0.144
0.503
0.017
6.539
2.750
0.000
0.000
0.000
0.000
0.000
0.000
0.000
0.000
0.000
0.000
0.000
0.000
0.000
0.000
0.000
0.000
0.000
0.000
0.000
0.000
0.000
0.000
0.000
0.000
0.000
0.000
0.000
0.000
0.000
0.000
0.000
0.000
0.000
0.000
0.000
0.000
0.000
0.000
0.000
0.000
0.000
0.000
0.000
0.000
0.000
0.000
0.000
0.000
0.000
0.000
0.000
0.000
0.000
0.000
0.000
0.000
0.000
0.000
0.000
0.000
0.000
0.000
0.000
0.000
0.000
0.000
0.000
0.000
0.000
0.000
0.000
0.000
0.041
18.697
21.367
0.752
0.100
0.000
0.000
0.000
0.189
0.000
0.000
0.000
0.000
0.000
0.000
0.000
0.055
4.340
0.336
0.000
0.000
0.000
0.000
0.000
0.000
0.000
0.000
0.000
0.000
0.000
0.000
0.000
0.000
0.000
0.000
0.000
0.000
0.000
0.000
0.000
0.000
0.000
0.000
0.000
0.000
0.000
0.000
0.000
0.000
0.000
0.000
0.000
0.000
0.000
0.000
0.000
0.000
0.000
0.000
0.000
0.000
0.000
0.000
0.000
0.000
0.000
0.000
0.000
0.000
0.000
0.000
0.000
3.526
1.459
3.945
4.829
0.003
0.000
0.000
0.000
0.000
0.000
0.039
0.003
0.000
0.103
0.000
0.000
0.000
0.000
0.000
0.000
0.000
0.000
0.000
0.000
0.000
0.000
0.000
0.000
0.000
0.000
0.000
0.000
0.129
0.000
0.000
0.045
0.000
0.000
0.024
0.003
0.000
0.000
0.007
0.148
0.182
0.000
0.000
0.003
0.000
0.000
2.647
3.529
5.037
0.268
0.000
0.000
0.000
0.000
0.000
0.000
0.000
0.340
1.468
0.374
0.546
1.538
9.675
2.259
2.242
2.908
22.536
16.215
15.851
16.116
20.369
69.550
69.399
39.987
2.448
6.063
12.931
15.601
12.940
11.989
9.091
26.741
6.877
35.282
3.643
11.608
5.416
13.213
12.807
17.846
23.290
20.356
21.914
5.287
10.286
35.712
9.649
4.142
15.538
15.274
16.897
34.097
26.197
30.858
55.603
8.128
9.414
17.271
12.193
2.166
31.752
4.803
20.952
0.233
3.598
7.498
9.023
12.564
13.348
2.213
11.391
8.336
24.336
12.385
23.421
4.078
7.071
16.677
5.234
17.952
18.035
15.146
13.585
6.298
17.800
16.505
15.828
7.133
6.642
0.254
4.353
0.366
22.694
21.262
19.429
7.000
6.767
0.759
0.048
0.103
8.190
7.526
8.508
0.027
2.829
6.496
13.932
1.693
9.359
2.654
5.517
19.961
16.703
5.857
2.695
3.450
0.134
8.391
17.190
10.070
17.465
0.058
0.027
0.000
3.083
2.475
0.827
0.048
1.279
0.163
10.346
3.763
4.829
1.698
0.692
0.489
0.101
0.000
0.000
0.000
0.000
0.000
0.000
0.000
0.000
0.000
0.000
0.000
0.000
0.000
0.000
1.617
0.021
0.127
0.000
0.000
0.000
0.000
0.000
0.000
0.000
0.000
0.000
0.000
0.000
0.000
0.000
0.000
0.000
0.000
0.000
0.000
0.000
0.000
0.000
0.000
0.000
0.000
0.000
0.000
0.000
0.000
0.000
0.000
0.000
0.000
0.000
0.000
0.000
0.000
0.000
0.000
0.000
0.000
0.000
0.000
0.000
0.000
0.000
0.000
0.000
0.000
0.000
0.000
0.000
0.000
0.000
0.000
0.000
0.000
0.000
0.000
0.000
0.000
0.000
0.000
0.000
0.000
0.000
0.000
0.000
0.000
0.000
0.000
0.000
0.003
0.000
0.003
0.000
0.000
0.000
0.000
0.000
0.000
0.000
0.000
0.000
0.000
0.000
0.000
0.000
0.000
0.000
0.000
0.000
0.000
0.000
0.000
0.000
0.000
0.000
0.000
0.000
0.000
0.000
0.000
0.000
0.000
0.000
0.000
0.000
0.000
0.000
0.000
0.000
0.000
0.000
0.000
0.000
0.000
0.000
0.000
0.000
0.000
0.000
0.000
0.000
0.000
0.000
0.000
0.000
0.000
0.000
0.000
0.000
0.000
0.000
0.000
0.000
0.000
0.000
0.000
0.000
0.000
0.000
0.000
0.000
0.000
0.000
1.150
0.000
0.000
1.864
0.233
0.000
0.000
0.000
0.958
0.117
0.000
0.000
0.000
0.000
0.000
0.000
0.000
0.007
0.000
0.000
0.000
0.000
0.000
0.000
0.000
0.000
0.000
0.000
0.000
0.000
0.000
0.000
0.000
0.000
0.000
0.000
0.000
0.000
0.000
0.000
0.000
0.000
0.024
0.000
0.000
0.000
0.000
0.000
0.000
0.000
0.076
6.777
0.323
5.943
0.110
0.000
1.751
1.432
0.003
4.261
4.460
0.525
0.000
0.000
31.986
5.397
1.521
0.393
2.081
0.316
0.591
0.541
0.000
0.179
2.197
0.017
0.024
0.003
0.000
0.000
0.000
0.000
0.000
0.000
0.000
0.000
0.000
0.000
0.000
0.000
0.000
0.000
0.000
0.000
0.000
0.664
0.000
0.104
19.097
6.836
20.164
22.361
12.265
3.921
4.506
19.107
18.018
11.298
7.629
1.583
8.332
0.704
0.007
0.481
0.079
0.034
2.723
2.807
0.083
37.323
21.077
2.702
9.146
0.259
0.038
0.594
0.913
66.282
26.204
3.964
1.475
8.059
11.569
31.241
4.393
0.041
1.406
9.462
1.336
4.207
11.191
12.956
6.429
1.748
10.580
77.938
13.896
26.807
21.415
13.420
6.202
1.140
7.308
7.203
7.565
28.867
3.160
10.155
2.094
2.561
9.150
14.679
6.834
10.987
0.076
0.227
7.684
20.514
20.689
7.735
10.463
23.092
2.827
0.965
4.161
0.000
0.003
5.871
7.629
1.696
0.000
0.000
0.000
0.000
3.076
1.845
4.238
4.346
2.372
0.865
8.768
9.424
6.286
0.060
3.196
14.073
26.014
28.207
14.171
42.620
35.891
0.000
0.000
0.000
0.000
0.000
0.000
0.000
0.000
0.000
0.000
0.000
0.000
0.000
0.000
0.000
0.000
0.000
0.000
0.000
0.000
0.000
0.000
0.000
0.000
0.000
0.000
0.000
0.000
0.000
0.000
0.000
0.000
0.000
0.000
0.000
0.000
0.000
0.000
5.852
51.427
0.062
0.000
0.000
0.000
0.000
0.000
0.000
0.000
0.000
0.000
0.000
0.000
0.000
0.000
0.000
0.000
0.000
0.000
0.000
0.000
0.000
0.000
0.000
0.000
0.000
0.000
0.000
0.000
0.000
0.000
2.589
0.333
0.000
0.000
0.000
0.000
0.000
0.000
0.000
0.000
0.000
0.000
0.082
0.089
0.000
0.000
0.000
0.000
0.000
0.000
0.000
0.000
0.000
0.000
0.000
0.000
0.000
0.110
0.000
0.000
0.000
0.000
0.000
0.000
0.000
0.000
0.000
0.000
0.000
0.000
0.000
0.000
0.000
0.000
0.000
0.000
0.000
0.000
0.000
0.000
0.000
0.000
0.000
0.000
0.076
0.003
0.000
0.000
0.000
0.000
6.293
0.003
0.000
0.000
0.000
0.000
0.000
0.000
0.000
0.000
0.000
0.000
0.000
0.000
0.000
0.000
0.000
0.000
0.000
0.000
0.000
0.000
0.000
0.000
0.000
0.000
0.000
0.000
0.000
0.000
0.000
0.000
0.000
0.000
0.000
0.000
0.000
0.000
0.000
0.000
0.000
0.000
0.000
0.000
0.000
0.000
0.000
0.000
0.000
0.000
0.000
0.000
0.000
0.000
0.000
0.000
0.000
0.000
0.000
0.000
0.000
0.000
0.000
0.000
0.000
0.000
0.000
0.000
0.000
0.000
0.000
0.000
0.003
0.000
0.000
0.038
0.086
0.055
0.007
0.419
0.000
0.000
0.000
0.000
0.000
0.000
0.000
0.000
0.000
0.000
0.000
0.000
0.058
0.793
0.168
0.007
0.000
0.093
0.017
0.000
0.000
0.237
0.000
0.000
0.000
0.000
0.000
0.000
0.003
0.000
0.000
0.000
0.000
0.000
0.000
0.000
0.778
0.333
0.237
0.000
0.007
0.168
6.302
1.162
0.041
0.724
0.100
0.692
1.778
10.106
3.596
0.736
0.000
1.203
0.841
16.028
17.776
1.650
4.297
0.707
0.630
0.306
0.000
0.000
3.448
47.761
44.617
17.782
8.734
1.087
0.549
10.243
3.480
0.228
2.474
0.089
11.546
13.637
17.889
2.086
2.980
8.025
0.003
0.251
7.997
29.932
36.409
13.827
8.003
0.282
10.876
0.702
0.024
0.000
0.000
0.790
0.371
5.582
25.409
4.635
3.571
18.536
4.122
10.808
15.855
15.635
5.974
14.972
20.009
16.140
6.588
1.723
7.756
4.154
6.556
5.026
5.524
6.413
7.333
0.242
1.057
13.915
3.979
5.287
8.006
6.341
11.175
7.478
17.939
4.999
15.982
12.799
11.455
16.286
2.585
3.186
10.454
4.322
6.111
3.687
5.974
0.858
2.966
0.000
0.000
0.000
0.000
0.476
1.430
18.445
12.576
7.886
11.287
2.621
0.469
0.000
0.000
0.000
0.000
0.000
1.221
22.733
6.911
7.074
9.604
1.365
1.195
2.899
0.395
0.065
0.000
0.000
0.000
0.000
0.000
0.000
0.000
0.000
0.433
0.000
0.000
0.000
0.000
0.000
0.000
0.000
0.000
0.034
0.000
0.000
0.000
0.000
0.000
0.000
0.000
0.257
0.311
0.103
0.000
0.000
0.000
0.000
0.000
0.017
0.021
0.903
0.000
0.000
0.000
0.000
0.000
0.000
0.000
0.309
2.513
9.246
5.902
0.000
0.000
0.000
0.000
0.000
0.000
0.000
0.000
0.000
0.000
0.000
0.000
0.000
0.000
0.000
0.000
0.000
0.000
0.000
0.000
0.000
0.000
0.244
0.000
0.000
0.000
0.000
0.000
0.000
0.000
0.000
0.000
0.000
0.000
0.000
0.000
0.000
0.000
0.000
0.000
0.000
0.000
0.000
0.000
0.000
0.000
0.000
0.144
0.010
0.003
0.000
0.031
0.000
0.000
0.000
0.002
0.000
0.000
0.000
0.000
0.000
0.000
0.000
0.002
0.002
0.000
0.000
0.000
0.000
3.490
0.000
0.000
0.000
0.357
0.000
0.000
0.000
0.000
0.003
0.000
0.000
0.000
0.002
0.000
0.000
0.000
0.000
0.000
0.000
0.000
0.000
0.009
0.000
0.002
0.002
0.000
0.000
0.000
0.000
0.000
0.000
0.000
0.000
0.000
0.002
0.002
0.000
0.002
0.000
0.000
0.000
0.002
0.000
0.000
0.000
18.261
0.089
0.000
0.000
0.000
0.000
0.000
0.000
0.000
0.812
0.000
0.000
0.000
0.000
1.385
0.409
0.000
0.000
0.000
0.002
0.000
0.347
1.222
0.003
0.000
0.179
0.000
0.000
0.000
0.000
0.000
0.000
0.000
0.189
2.345
0.000
0.000
0.000
0.000
0.000
0.000
0.000
0.000
0.000
0.086
0.000
1.250
0.000
0.000
0.000
0.000
0.000
0.412
0.000
0.656
0.000
1.270
0.106
0.182
0.027
0.017
0.000
0.000
0.000
0.000
0.000
0.000
0.014
0.467
3.008
0.076
4.103
26.784
16.982
9.752
58.028
73.425
31.939
4.535
0.137
2.534
5.407
35.323
17.619
96.635
22.361
45.583
33.699
14.732
6.801
18.550
34.157
8.501
3.447
4.152
21.506
4.800
8.885
6.578
9.179
4.686
14.650
22.007
13.196
11.807
29.684
43.279
16.946
10.780
7.944
3.581
0.992
1.954
1.044
2.513
55.229
40.668
22.318
14.931
9.184
6.678
12.147
19.835
40.766
42.356
2.777
24.263
17.690
24.681
16.593
4.758
12.384
10.023
42.084
171.007
9.606
32.175
17.640
0.426
2.946
6.844
19.278
11.501
5.061
9.091
9.630
5.297
1.603
5.814
7.757
6.008
7.371
13.925
11.172
5.558
8.683
14.243
11.498
3.026
7.685
6.472
10.221
2.400
15.199
2.795
14.179
0.621
4.760
0.730
10.650
40.407
28.774
23.439
12.542
10.032
3.337
0.869
2.362
2.281
0.285
0.863
0.000
0.427
4.903
1.346
0.000
2.269
6.592
5.006
0.007
0.124
0.000
0.000
0.000
0.000
0.002
0.000
1.885
5.514
0.000
11.670
2.877
0.014
0.000
0.000
0.000
0.000
0.000
0.002
0.000
0.000
0.000
0.002
0.000
0.000
0.000
0.000
0.000
0.000
0.000
0.000
0.000
0.000
0.000
0.000
0.000
0.000
0.000
0.000
0.000
0.000
0.000
0.000
0.000
0.000
0.000
0.002
0.000
0.000
0.000
0.000
0.000
0.000
0.000
0.000
0.000
0.000
0.000
0.000
0.000
0.002
0.000
0.000
0.000
0.000
0.000
0.000
0.000
0.000
0.000
0.000
0.000
0.000
0.000
0.000
0.000
0.000
0.000
0.000
0.000
0.000
0.000
11.577
10.681
0.024
0.000
0.000
0.625
0.436
0.203
0.412
0.000
0.000
0.000
0.000
0.000
0.000
0.002
0.000
0.000
0.007
0.003
0.012
0.000
0.000
0.000
0.000
0.000
0.000
0.003
0.000
0.000
0.000
0.000
0.000
0.000
0.000
0.000
0.000
0.000
0.000
0.015
0.000
0.000
0.000
0.000
0.000
0.120
4.530
0.312
0.000
0.000
0.000
0.000
0.000
0.000
0.000
0.000
0.000
0.000
0.000
0.002
0.000
0.000
0.000
0.000
0.000
0.000
0.000
0.000
0.000
0.000
0.000
0.144
0.024
0.000
0.000
0.000
0.002
0.000
0.000
0.000
0.000
0.000
0.000
0.000
0.000
0.000
0.000
0.000
0.000
0.000
0.000
0.000
0.000
0.000
0.975
0.463
0.192
3.955
0.000
0.007
0.000
0.000
0.117
0.000
0.000
0.000
0.000
0.000
0.000
0.000
0.000
0.000
0.000
0.000
0.000
0.000
0.000
0.000
0.000
0.000
0.000
0.000
0.000
0.000
0.000
0.007
0.000
0.000
0.000
0.000
0.002
0.000
0.000
0.000
0.000
0.000
0.000
0.000
0.000
0.000
0.000
0.000
0.000
0.000
0.000
0.000
0.000
0.000
0.000
0.000
0.000
0.000
0.000
0.000
0.000
0.000
0.000
0.000
2.850
0.048
0.000
0.000
0.000
0.000
0.000
0.000
0.000
0.000
0.003
0.000
0.745
3.787
4.044
13.033
5.304
15.000
0.086
5.222
0.000
0.137
0.000
0.000
0.268
0.096
4.268
23.524
59.144
97.181
40.770
13.202
10.368
26.196
5.878
21.887
2.959
5.521
12.090
11.167
0.000
0.385
7.848
0.079
4.834
2.225
1.531
25.674
12.600
2.336
1.202
0.645
6.406
5.373
0.271
0.051
0.000
9.380
3.704
7.155
3.723
0.712
0.285
4.329
0.451
16.452
6.985
3.704
0.244
0.151
0.002
2.750
1.459
0.000
0.566
6.029
2.341
0.793
0.000
0.003
0.000
1.181
0.069
0.000
0.002
0.000
0.000
0.003
0.000
0.700
5.994
15.956
1.921
0.000
3.066
23.212
0.347
0.373
9.362
15.807
8.830
20.584
42.150
0.645
0.007
0.158
0.002
0.000
0.000
0.000
0.000
0.000
0.000
0.000
0.000
0.000
0.000
0.000
0.000
0.000
0.000
0.000
0.000
0.000
0.669
0.439
0.000
0.000
0.000
0.000
0.000
0.000
0.000
0.000
0.000
0.000
0.000
0.000
0.000
0.002
0.000
0.000
0.000
0.000
0.000
0.002
0.000
0.000
0.306
13.187
0.000
3.644
0.000
0.000
0.000
0.000
0.002
0.000
0.000
0.000
0.000
0.000
0.002
0.000
0.000
0.000
0.000
0.000
0.002
0.000
0.000
0.000
0.000
0.000
0.000
0.000
0.000
0.000
0.000
0.003
0.000
0.000
0.000
0.000
0.000
0.000
0.000
0.347
0.615
0.002
0.000
0.000
0.000
0.000
0.000
0.000
0.000
0.000
0.000
0.000
0.000
0.000
0.002
0.000
0.000
0.000
0.000
0.000
0.000
0.000
0.000
0.000
0.000
0.000
0.000
0.000
0.000
0.000
0.000
0.000
0.000
0.000
0.000
0.000
0.000
0.000
0.000
0.000
0.000
0.002
0.000
0.000
0.002
0.000
0.000
0.000
0.000
0.000
0.000
0.000
0.000
0.000
0.000
0.000
0.000
0.000
0.000
0.000
0.000
0.000
0.000
0.000
0.000
2.008
0.203
12.291
0.000
0.000
0.000
0.000
0.000
0.000
0.003
0.000
0.000
0.000
0.000
0.000
0.000
0.000
0.000
0.000
0.000
0.000
0.000
0.000
0.000
0.000
0.002
0.002
0.000
0.000
0.000
0.000
0.000
0.000
0.000
0.000
0.000
0.002
0.000
0.000
0.000
0.000
0.000
0.472
0.029
0.000
0.000
0.000
0.021
0.000
0.000
0.000
0.000
0.000
0.000
0.000
0.000
0.000
0.000
0.000
0.000
0.000
0.017
0.017
0.000
0.021
0.031
0.110
0.000
0.000
0.000
0.000
0.000
0.000
0.000
0.000
0.003
0.000
0.000
0.000
0.000
0.000
0.000
0.000
0.000
0.000
0.000
0.000
0.000
0.000
0.000
0.000
0.000
0.000
0.000
0.000
0.000
0.000
0.000
0.002
0.000
0.000
0.000
0.000
0.000
0.632
21.044
0.079
0.108
0.000
0.000
0.530
0.081
0.228
0.015
0.000
0.000
0.000
0.165
2.968
0.752
67.923
16.529
0.788
1.044
0.179
0.000
0.000
0.000
0.048
2.367
1.150
15.264
7.311
8.490
4.985
1.363
4.619
2.134
2.827
0.288
0.326
0.007
0.283
0.149
0.803
4.896
3.828
0.299
0.637
3.495
3.938
0.192
0.220
0.484
2.674
10.300
7.862
1.270
5.153
3.880
4.546
27.164
49.155
0.542
0.007
2.479
3.680
11.999
2.843
0.000
6.581
0.443
1.775
3.282
1.353
0.848
1.152
6.815
6.688
0.738
0.003
1.514
4.601
8.027
1.366
11.786
13.211
11.939
5.234
0.886
0.000
0.007
0.000
0.003
16.888
3.526
3.831
0.038
0.575
2.197
0.385
0.000
0.000
0.000
0.000
0.000
1.808
0.565
1.174
4.185
0.000
0.000
0.089
0.000
0.000
0.336
13.839
16.857
1.154
0.000
0.007
10.804
17.736
9.198
5.490
17.525
11.215
1.579
5.594
22.999
15.618
19.573
7.623
7.194
4.003
0.031
0.137
4.480
0.000
0.048
67.841
15.786
0.357
2.139
1.451
0.000
1.061
2.328
0.000
0.017
0.017
0.000
5.411
2.468
0.139
0.002
0.000
0.000
0.000
0.000
0.000
0.000
0.000
0.000
0.000
0.000
0.000
0.000
0.000
0.001
0.000
0.000
0.000
0.000
0.000
0.000
0.000
0.000
0.000
0.000
0.000
0.000
0.000
0.000
0.000
0.000
0.000
0.000
0.000
0.000
0.002
0.000
0.000
0.000
0.000
0.000
0.002
0.000
0.000
0.000
0.000
0.000
0.003
0.002
0.000
0.000
0.002
0.000
0.000
0.000
0.000
0.000
0.000
0.000
0.000
0.002
0.000
0.000
0.000
0.000
0.000
0.000
0.000
0.000
0.010
0.084
0.000
0.000
0.000
2.357
2.190
0.740
0.000
0.000
0.000
0.000
0.000
0.045
1.178
0.000
0.000
0.000
0.000
0.002
0.000
0.000
0.000
0.000
0.000
0.000
0.000
0.000
0.000
0.000
0.000
0.000
0.000
0.000
0.000
0.000
0.000
0.000
0.000
0.000
0.010
2.177
3.876
0.000
0.000
0.000
0.000
0.000
0.000
0.000
0.000
0.000
0.000
3.371
28.872
7.572
0.282
0.000
0.002
0.000
0.000
0.000
0.000
0.000
0.003
0.000
0.000
0.000
0.000
0.000
0.000
0.000
0.000
0.000
0.000
0.000
0.002
0.000
0.000
0.000
0.000
0.000
0.000
0.000
0.000
0.000
0.000
0.000
0.000
0.003
0.002
0.000
0.000
0.000
0.000
0.000
0.000
0.000
0.000
0.000
0.000
0.000
0.000
0.000
0.000
0.000
0.000
0.000
0.000
0.000
0.000
0.000
0.000
0.000
0.000
0.000
0.003
0.000
0.000
0.000
0.000
0.038
0.043
0.002
0.000
0.000
0.000
0.000
0.000
0.000
0.000
0.000
0.000
0.000
0.000
0.000
0.000
0.000
0.000
0.000
0.041
16.016
18.210
76.685
0.000
0.000
0.000
0.002
0.000
0.003
0.000
0.000
0.002
0.000
0.000
0.000
0.000
0.000
0.000
0.000
0.000
0.000
0.518
0.007
0.100
0.700
1.748
3.852
2.094
0.000
0.000
0.010
0.793
0.402
1.888
0.373
0.673
0.113
5.871
164.946
154.076
65.559
29.533
4.199
0.179
0.000
0.000
0.096
0.000
0.000
1.864
8.250
5.716
41.769
4.346
11.275
10.173
1.878
4.975
0.137
0.560
13.846
6.310
4.947
0.283
3.928
6.183
2.578
