20000101
0.383
0.436
0.378
0.355
0.391
0.368
0.383
0.439
0.479
0.445
0.464
0.533
0.516
0.502
0.398
0.304
0.277
0.337
0.385
0.349
0.446
0.402
0.479
0.434
0.438
0.514
0.486
0.431
0.461
0.390
0.358
0.412
0.612
0.609
0.444
0.585
0.858
0.714
0.555
0.346
0.357
0.662
0.728
0.634
0.411
0.275
0.329
0.330
0.204
0.205
0.196
0.312
0.474
0.265
0.138
0.155
0.160
0.201
0.192
0.205
0.234
0.312
0.331
0.262
0.290
0.265
0.178
0.192
0.123
0.115
0.115
0.193
0.379
0.457
0.293
0.112
0.108
0.144
0.163
0.113
0.093
0.109
0.257
0.334
0.169
0.160
0.161
0.195
0.114
0.132
0.100
0.093
0.112
0.091
0.087
0.077
0.068
0.047
0.064
0.078
0.081
0.089
0.227
0.304
0.248
0.399
0.307
0.210
0.257
0.257
0.263
0.250
0.300
0.192
0.262
0.388
0.490
0.539
0.474
0.438
0.379
0.196
0.418
0.547
0.528
0.338
0.339
0.342
0.328
0.243
0.204
0.211
0.250
0.295
0.202
0.233
0.351
0.282
0.240
0.327
0.546
0.550
0.665
0.645
0.518
0.421
0.434
0.427
0.470
0.509
0.579
0.468
0.408
0.424
0.460
0.424
0.514
0.648
0.707
0.606
0.670
0.597
0.573
0.432
0.312
0.301
0.464
0.611
0.621
0.712
0.848
0.704
0.716
0.785
0.692
0.610
0.503
0.443
0.486
0.528
0.586
0.535
0.506
0.505
0.488
0.466
0.424
0.412
0.630
0.666
0.647
0.685
0.760
0.790
0.810
0.794
0.782
0.775
0.709
0.751
0.836
0.838
0.934
0.754
0.850
0.804
0.809
0.851
0.806
0.808
0.838
0.824
0.821
0.841
0.774
0.682
0.583
0.554
0.576
0.629
0.754
0.800
0.756
0.789
0.706
0.744
0.735
0.799
0.750
0.780
0.814
0.782
0.757
0.751
0.687
0.654
0.652
0.665
0.646
0.649
0.650
0.743
0.836
0.880
0.926
0.913
0.819
0.734
0.819
0.887
0.875
0.880
0.886
0.893
0.805
0.751
0.705
0.819
0.916
0.858
0.909
0.930
0.914
0.944
0.901
0.909
0.897
0.876
0.766
0.708
0.741
0.719
0.704
0.672
0.645
0.744
0.818
0.727
0.712
0.707
0.684
0.648
0.650
0.626
0.619
0.658
0.551
0.501
0.622
0.599
0.592
0.616
0.594
0.590
0.597
0.610
0.611
0.508
0.557
0.659
0.654
0.788
0.694
0.665
0.650
0.635
0.604
0.509
0.498
0.545
0.497
0.508
0.471
0.464
0.392
0.482
0.486
0.516
0.530
0.544
0.534
0.498
0.508
0.471
0.473
0.479
0.522
0.578
0.556
0.436
0.396
0.353
0.337
0.339
0.368
0.320
0.310
0.373
0.269
0.293
0.381
0.463
0.477
0.436
0.439
0.478
0.453
0.474
0.375
0.478
0.561
0.503
0.390
0.378
0.444
0.388
0.472
0.480
0.478
0.570
0.638
0.627
0.597
0.555
0.575
0.504
0.708
0.702
0.562
0.500
0.471
0.520
0.404
0.452
0.311
0.353
0.361
0.349
0.366
0.314
0.395
0.381
0.376
0.294
0.353
0.397
0.294
0.323
0.320
0.290
0.270
0.295
0.303
0.354
0.393
0.310
0.319
0.296
0.208
0.154
0.188
0.219
0.210
0.185
0.170
0.211
0.229
0.233
0.254
0.252
0.252
0.186
0.280
0.309
0.371
0.313
0.202
0.263
0.391
0.291
0.321
0.319
0.348
0.276
0.196
0.254
0.175
0.104
0.139
0.356
0.278
0.116
0.135
0.149
0.138
0.137
0.134
0.143
0.153
0.191
0.195
0.141
0.110
0.115
0.132
0.154
0.191
0.275
0.199
0.087
0.135
0.141
0.151
0.133
0.309
0.452
0.422
0.146
0.150
0.127
0.090
0.100
0.110
0.125
0.096
0.080
0.085
0.093
0.155
0.330
0.364
0.348
0.260
0.395
0.278
0.179
0.159
0.131
0.112
0.115
0.123
0.129
0.188
0.141
0.273
0.402
0.487
0.389
0.359
0.357
0.326
0.578
0.545
0.557
0.493
0.407
0.534
0.453
0.381
0.306
0.404
0.396
0.367
0.304
0.261
0.245
0.283
0.265
0.211
0.182
0.288
0.453
0.479
0.364
0.284
0.475
0.351
0.353
0.448
0.576
0.618
0.569
0.440
0.422
0.368
0.432
0.473
0.533
0.507
0.583
0.780
0.852
0.824
0.787
0.819
0.750
0.794
0.728
0.814
0.834
0.839
0.775
0.789
0.829
0.796
0.770
0.823
0.783
0.786
0.743
0.738
0.711
0.649
0.707
0.705
0.739
0.854
0.819
0.818
0.820
0.801
0.790
0.863
0.829
0.799
0.782
0.810
0.860
0.827
0.785
0.789
0.783
0.808
0.839
0.846
0.860
0.829
0.770
0.707
0.757
0.833
0.818
0.848
0.833
0.800
0.689
0.675
0.753
0.753
0.786
0.688
0.770
0.815
0.785
0.702
0.701
0.777
0.781
0.790
0.798
0.847
0.850
0.864
0.841
0.830
0.818
0.839
0.877
0.901
0.886
0.865
0.884
0.879
0.894
0.937
0.922
0.904
0.931
0.921
0.867
0.946
0.881
0.881
0.886
0.858
0.885
0.819
0.751
0.650
0.699
0.795
0.705
0.777
0.804
0.749
0.770
0.834
0.840
0.857
0.871
0.897
0.875
0.879
0.891
0.891
0.838
0.756
0.722
0.751
0.715
0.690
0.692
0.783
0.694
0.642
0.635
0.622
0.639
0.678
0.699
0.700
0.590
0.596
0.625
0.624
0.559
0.700
0.679
0.726
0.679
0.584
0.598
0.672
0.577
0.548
0.548
0.630
0.468
0.513
0.474
0.497
0.572
0.545
0.520
0.545
0.554
0.528
0.579
0.557
0.586
0.582
0.564
0.529
0.535
0.518
0.507
0.556
0.548
0.533
0.400
0.399
0.410
0.463
0.463
0.428
0.513
0.554
0.503
0.490
0.553
0.561
0.540
0.553
0.622
0.567
0.596
0.573
0.584
0.591
0.522
0.409
0.451
0.490
0.478
0.523
0.563
0.554
0.566
0.591
0.494
0.399
0.408
0.449
0.490
0.530
0.565
0.540
0.522
0.529
0.518
0.546
0.446
0.464
0.497
0.462
0.507
0.464
0.554
0.532
0.557
0.572
0.520
0.706
0.696
0.394
0.368
0.394
0.426
0.825
0.745
0.522
0.554
0.464
0.429
0.364
0.312
0.392
0.372
0.412
0.731
0.623
0.547
0.415
0.541
0.525
0.511
0.491
0.474
0.436
0.425
0.363
0.315
0.322
0.312
0.359
0.347
0.445
0.451
0.234
0.282
0.331
0.328
0.425
0.353
0.246
0.194
0.192
0.232
0.456
0.337
0.221
0.158
0.157
0.188
0.283
0.295
0.163
0.155
0.173
0.163
0.172
0.168
0.167
0.170
0.210
0.322
0.538
0.333
0.232
0.221
0.221
0.222
0.417
0.521
0.472
0.353
0.314
0.310
0.195
0.168
0.159
0.137
0.224
0.311
0.245
0.312
0.386
0.364
0.284
0.098
0.099
0.219
0.243
0.322
0.440
0.418
0.398
0.318
0.249
0.388
0.397
0.393
0.495
0.464
0.518
0.451
0.488
0.415
0.305
0.363
0.346
0.322
0.400
0.436
0.439
0.487
0.459
0.414
0.372
0.296
0.162
0.109
0.177
0.345
0.454
0.428
0.436
0.507
0.488
0.497
0.485
0.383
0.324
0.344
0.366
0.368
0.448
0.392
0.310
0.341
0.507
0.579
0.670
0.662
0.516
0.523
0.526
0.574
0.510
0.457
0.422
0.434
0.456
0.537
0.817
0.589
0.555
0.631
0.496
0.423
0.448
0.471
0.631
0.773
0.779
0.878
0.868
0.738
0.514
0.398
0.381
0.375
0.299
0.265
0.291
0.349
0.588
0.673
0.606
0.640
0.710
0.754
0.798
0.776
0.684
0.530
0.452
0.489
0.520
0.483
0.459
0.590
0.657
0.667
0.721
0.806
0.807
0.827
0.809
0.787
0.731
0.759
0.881
0.890
0.944
0.899
0.899
0.902
0.894
0.909
0.897
0.869
0.872
0.927
0.895
0.861
0.812
0.760
0.713
0.794
0.840
0.837
0.841
0.831
0.826
0.865
0.934
0.854
0.854
0.833
0.834
0.846
0.862
0.849
0.878
0.897
0.839
0.825
0.743
0.685
0.681
0.714
0.695
0.635
0.774
0.890
0.900
0.917
0.904
0.915
0.880
0.891
0.871
0.807
0.676
0.601
0.679
0.722
0.688
0.703
0.686
0.811
0.804
0.760
0.702
0.712
0.772
0.798
0.781
0.701
0.730
0.912
0.807
0.723
0.619
0.624
0.605
0.590
0.498
0.507
0.544
0.568
0.527
0.581
0.543
0.528
0.552
0.542
0.581
0.611
0.654
0.647
0.571
0.552
0.509
0.550
0.741
0.699
0.474
0.467
0.479
0.500
0.519
0.488
0.490
0.539
0.593
0.543
0.565
0.552
0.476
0.487
0.453
0.430
0.382
0.348
0.321
0.415
0.472
0.470
0.437
0.336
0.361
0.319
0.320
0.265
0.311
0.374
0.452
0.589
0.578
0.532
0.518
0.578
0.505
0.417
0.400
0.548
0.534
0.562
0.561
0.471
0.488
0.505
0.591
0.532
0.707
0.767
0.620
0.545
0.580
0.509
0.535
0.521
0.470
0.399
0.487
0.429
0.338
0.371
0.340
0.444
0.456
0.440
0.429
0.323
0.356
0.345
0.300
0.371
0.452
0.397
0.363
0.450
0.668
0.662
0.493
0.740
0.831
0.718
0.735
0.730
0.652
0.498
0.455
0.499
0.514
0.480
0.529
0.296
0.286
0.282
0.290
0.311
0.362
0.545
0.675
0.538
0.410
0.393
0.418
0.380
0.336
0.288
0.328
0.345
0.329
0.303
0.212
0.135
0.185
0.156
0.150
0.174
0.166
0.333
0.700
0.648
0.447
0.273
0.360
0.385
0.337
0.270
0.316
0.198
0.264
0.260
0.250
0.306
0.308
0.250
0.267
0.275
0.269
0.386
0.150
0.217
0.105
0.296
0.424
0.315
0.129
0.074
0.099
0.092
0.119
0.107
0.103
0.163
0.208
0.226
0.282
0.176
0.136
0.336
0.269
0.179
0.219
0.369
0.353
0.293
0.311
0.402
0.527
0.527
0.484
0.417
0.402
0.294
0.072
0.059
0.070
0.170
0.571
0.494
0.333
0.299
0.324
0.375
0.368
0.306
0.222
0.308
0.279
0.351
0.303
0.483
0.412
0.339
0.267
0.208
0.129
0.110
0.174
0.197
0.176
0.223
0.257
0.327
0.320
0.323
0.406
0.537
0.448
0.475
0.409
0.387
0.300
0.294
0.328
0.404
0.435
0.405
0.475
0.588
0.564
0.591
0.783
0.840
0.853
0.645
0.733
0.825
0.800
0.685
0.765
0.777
0.829
0.788
0.782
0.737
0.659
0.584
0.641
0.762
0.760
0.759
0.707
0.774
0.843
0.820
0.792
0.735
0.678
0.589
0.639
0.731
0.786
0.763
0.738
0.844
0.843
0.847
0.817
0.852
0.817
0.892
0.890
0.876
0.820
0.769
0.695
0.730
0.698
0.712
0.764
0.801
0.849
0.872
0.900
0.875
0.876
0.828
0.788
0.829
0.862
0.837
0.768
0.825
0.878
0.859
0.811
0.809
0.831
0.811
0.827
0.823
0.872
0.875
0.911
0.874
0.865
0.863
0.830
0.892
0.898
0.903
0.841
0.787
0.811
0.893
0.862
0.869
0.870
0.851
0.861
0.847
0.854
0.839
0.808
0.832
0.877
0.882
0.883
0.865
0.856
0.898
0.866
0.841
0.775
0.738
0.742
0.816
0.888
0.910
0.950
0.957
0.908
0.788
0.746
0.745
0.598
0.678
0.728
0.740
0.696
0.802
0.789
0.611
0.551
0.830
0.954
0.952
0.944
0.902
0.870
0.856
0.788
0.818
0.687
0.751
0.703
0.692
0.655
0.627
0.626
0.681
0.675
0.671
0.610
0.569
0.567
0.618
0.665
0.628
0.615
0.597
0.565
0.551
0.539
0.521
0.555
0.579
0.572
0.537
0.551
0.441
0.493
0.530
0.561
0.520
0.515
0.524
0.531
0.554
0.563
0.655
0.678
0.618
0.572
0.546
0.568
0.557
0.554
0.697
0.789
0.750
0.599
0.470
0.473
0.461
0.466
0.431
0.493
0.429
0.422
0.737
0.759
0.683
0.599
0.519
0.599
0.539
0.565
0.529
0.494
0.519
0.539
0.512
0.574
0.593
0.558
0.537
0.593
0.573
0.578
0.627
0.618
0.563
0.549
0.530
0.562
0.805
0.817
0.678
0.547
0.537
0.539
0.557
0.521
0.517
0.616
0.526
0.523
0.477
0.426
0.412
0.467
0.464
0.465
0.459
0.449
0.440
0.452
0.469
0.436
0.414
0.422
0.424
0.421
0.417
0.409
0.334
0.291
0.302
0.371
0.398
0.393
0.322
0.231
0.177
0.156
0.169
0.162
0.150
0.142
0.152
0.267
0.242
0.318
0.371
0.268
0.257
0.256
0.207
0.202
0.219
0.240
0.230
0.130
0.418
0.355
0.175
0.149
0.123
0.128
0.128
0.145
0.105
0.111
0.135
0.112
0.291
0.195
0.410
0.369
0.248
0.195
0.293
0.285
0.408
0.379
0.291
0.145
0.176
0.224
0.112
0.268
0.202
0.495
0.449
0.329
0.315
0.355
0.379
0.421
0.374
0.300
0.344
0.359
0.397
0.304
0.218
0.112
0.127
0.126
0.126
0.168
0.177
0.177
0.199
0.161
0.146
0.307
0.272
0.294
0.346
0.336
0.330
0.325
0.407
0.405
0.415
0.455
0.445
0.349
0.345
0.320
0.376
0.296
0.290
0.338
0.392
0.477
0.359
0.362
0.400
0.375
0.452
0.373
0.360
0.363
0.409
0.494
0.753
0.862
0.808
0.712
0.667
0.664
0.750
0.786
0.868
0.646
0.477
0.406
0.457
0.449
0.417
0.404
0.372
0.421
0.437
0.635
0.633
0.731
0.762
0.752
0.801
0.829
0.751
0.752
0.593
0.576
0.688
0.694
0.845
0.874
0.828
0.775
0.713
0.683
0.663
0.778
0.781
0.817
0.797
0.750
0.805
0.808
0.824
0.868
0.850
0.831
0.799
0.791
0.815
0.856
0.827
0.874
0.881
0.851
0.859
0.842
0.860
0.929
0.865
0.862
0.838
0.816
0.793
0.782
0.879
0.864
0.871
0.849
0.866
0.860
0.780
0.854
0.828
0.874
0.839
0.744
0.723
0.666
0.671
0.618
0.654
0.739
0.692
0.712
0.686
0.850
0.877
0.874
0.864
0.823
0.910
0.922
0.933
0.950
0.905
0.884
0.830
0.823
0.788
0.760
0.703
0.782
0.735
0.742
0.768
0.791
0.854
0.831
0.831
0.853
0.895
0.928
0.935
0.849
0.761
0.735
0.708
0.687
0.773
0.836
0.873
0.659
0.626
0.613
0.691
0.698
0.620
0.579
0.633
0.585
0.564
0.556
0.649
0.628
0.601
0.569
0.544
0.486
0.492
0.363
0.357
0.475
0.513
0.481
0.464
0.487
0.535
0.488
0.491
0.425
0.394
0.446
0.431
0.488
0.527
0.534
0.597
0.571
0.598
0.630
0.623
0.615
0.632
0.612
0.551
0.499
0.537
0.484
0.488
0.575
0.563
0.492
0.505
0.610
0.638
0.610
0.624
0.640
0.628
0.581
0.525
0.571
0.398
0.552
0.627
0.574
0.571
0.486
0.603
0.597
0.568
0.525
0.333
0.318
0.353
0.374
0.356
0.395
0.433
0.491
0.512
0.525
0.429
0.355
0.346
0.404
0.373
0.383
0.500
0.627
0.573
0.503
0.450
0.546
0.538
0.716
0.668
0.456
0.396
0.410
0.532
0.690
0.669
0.539
0.495
0.614
0.655
0.687
0.847
0.894
0.626
0.429
0.422
0.422
0.376
0.401
0.540
0.535
0.401
0.337
0.372
0.350
0.280
0.353
0.397
0.512
0.463
0.478
0.373
0.265
0.520
0.461
0.348
0.268
0.238
0.226
0.251
0.248
0.259
0.257
0.274
0.239
0.259
0.228
0.285
0.341
0.392
0.386
0.403
0.313
0.258
0.265
0.314
0.425
0.378
0.354
0.297
0.239
0.211
0.249
0.428
0.472
0.223
0.219
0.326
0.408
0.305
0.250
0.131
0.109
0.150
0.125
0.197
0.227
0.198
0.205
0.296
0.329
0.236
0.061
0.065
0.090
0.102
0.119
0.148
0.099
0.093
0.241
0.205
0.177
0.151
0.211
0.161
0.172
0.154
0.169
0.149
0.215
0.278
0.308
0.267
0.295
0.176
0.223
0.303
0.414
0.325
0.175
0.105
0.080
0.096
0.121
0.159
0.164
0.215
0.315
0.520
0.562
0.417
0.408
0.384
0.417
0.302
0.282
0.278
0.229
0.165
0.114
0.160
0.113
0.082
0.089
0.164
0.356
0.333
0.342
0.395
0.264
0.165
0.133
0.120
0.209
0.197
0.124
0.166
0.287
0.223
0.303
0.369
0.325
0.390
0.436
0.482
0.418
0.516
0.500
0.664
0.825
0.766
0.731
0.597
0.645
0.798
0.784
0.778
0.684
0.602
0.568
0.684
0.762
0.892
0.870
0.912
0.865
0.858
0.856
0.708
0.620
0.684
0.693
0.663
0.599
0.726
0.683
0.720
0.744
0.746
0.730
0.747
0.734
0.730
0.627
0.756
0.828
0.809
0.804
0.849
0.762
0.761
0.726
0.755
0.721
0.685
0.738
0.832
0.830
0.790
0.780
0.794
0.851
0.884
0.861
0.846
0.877
0.834
0.816
0.775
0.716
0.719
0.696
0.678
0.684
0.645
0.714
0.797
0.810
0.848
0.833
0.778
0.842
0.827
0.875
0.840
0.852
0.869
0.766
0.741
0.737
0.895
0.819
0.768
0.831
0.833
0.845
0.858
0.736
0.796
0.751
0.708
0.667
0.644
0.700
0.804
0.924
0.856
0.793
0.789
0.749
0.704
0.653
0.668
0.700
0.648
0.729
0.744
0.888
0.772
0.859
0.799
0.943
0.952
0.928
0.900
0.887
0.820
0.834
0.792
0.765
0.731
0.730
0.658
0.625
0.713
0.721
0.660
0.573
0.575
0.523
0.590
0.634
0.569
0.580
0.525
0.543
0.481
0.478
0.534
0.448
0.390
0.393
0.400
0.440
0.514
0.530
0.551
0.539
0.544
0.494
0.472
0.495
0.520
0.414
0.378
0.388
0.363
0.304
0.279
0.371
0.431
0.508
0.585
0.522
0.430
0.411
0.284
0.314
0.360
0.397
0.443
0.454
0.494
0.479
0.524
0.622
0.643
0.592
0.390
0.436
0.401
0.444
0.520
0.564
0.610
0.523
0.458
0.487
0.418
0.406
0.345
0.356
0.299
0.277
0.301
0.324
0.308
0.321
0.337
0.444
0.402
0.480
0.416
0.392
0.339
0.321
0.292
0.316
0.271
0.306
0.380
0.382
0.347
0.351
0.396
0.497
0.556
0.598
0.413
0.295
0.344
0.460
0.414
0.460
0.415
0.388
0.414
0.341
0.407
0.361
0.385
0.320
0.277
0.315
0.379
0.439
0.389
0.231
0.218
0.200
0.192
0.159
0.188
0.206
0.169
0.181
0.343
0.221
0.206
0.181
0.195
0.191
0.271
0.514
0.749
0.641
0.444
0.345
0.385
0.411
0.300
0.177
0.141
0.174
0.193
0.197
0.161
0.148
0.175
0.159
0.141
0.147
0.132
0.146
0.160
0.156
0.155
0.155
0.234
0.205
0.337
0.379
0.393
0.352
0.406
0.237
0.132
0.097
0.076
0.102
0.135
0.291
0.528
0.594
0.419
0.283
0.288
0.287
0.246
0.214
0.204
0.186
0.260
0.222
0.176
0.176
0.216
0.279
0.219
0.201
0.191
0.388
0.451
0.416
0.366
0.390
0.369
0.507
0.478
0.422
0.380
0.317
0.263
0.248
0.274
0.307
0.311
0.353
0.344
0.378
0.376
0.463
0.502
0.458
0.402
0.278
0.301
0.366
0.393
0.515
0.537
0.599
0.837
0.855
0.772
0.739
0.499
0.337
0.263
0.322
0.293
0.250
0.328
0.416
0.341
0.337
0.445
0.592
0.579
0.585
0.652
0.750
0.759
0.786
0.784
0.773
0.722
0.676
0.691
0.753
0.744
0.661
0.663
0.790
0.799
0.880
0.919
0.918
0.862
0.859
0.857
0.875
0.861
0.832
0.775
0.839
0.824
0.799
0.820
0.860
0.809
0.846
0.838
0.806
0.858
0.816
0.807
0.814
0.838
0.842
0.785
0.780
0.827
0.755
0.730
0.697
0.794
0.707
0.697
0.740
0.748
0.756
0.768
0.801
0.854
0.880
0.826
0.825
0.809
0.886
0.850
0.855
0.889
0.882
0.874
0.890
0.874
0.808
0.737
0.664
0.833
0.782
0.808
0.792
0.793
0.814
0.758
0.741
0.808
0.749
0.754
0.852
0.833
0.843
0.839
0.841
0.836
0.854
0.943
0.962
0.958
0.953
0.941
0.931
0.898
0.890
0.927
0.899
0.871
0.857
0.805
0.774
0.748
0.714
0.747
0.756
0.743
0.709
0.729
0.770
0.816
0.754
0.712
0.730
0.699
0.622
0.707
0.774
0.876
0.845
0.750
0.644
0.684
0.706
0.701
0.652
0.684
0.659
0.625
0.644
0.688
0.615
0.746
0.727
0.592
0.609
0.701
0.800
0.800
0.775
0.775
0.707
0.656
0.685
0.588
0.543
0.616
0.547
0.496
0.487
0.485
0.527
0.495
0.438
0.509
0.425
0.426
0.494
0.367
0.304
0.295
0.313
0.300
0.332
0.444
0.567
0.550
0.554
0.601
0.562
0.482
0.424
0.395
0.406
0.486
0.521
0.546
0.526
0.595
0.571
0.581
0.524
0.339
0.371
0.355
0.371
0.477
0.569
0.523
0.563
0.387
0.450
0.429
0.372
0.334
0.351
0.377
0.394
0.329
0.314
0.401
0.542
0.392
0.267
0.273
0.294
0.356
0.391
0.315
0.347
0.443
0.385
0.428
0.401
0.340
0.363
0.505
0.450
0.452
0.372
0.390
0.367
0.389
0.363
0.401
0.488
0.502
0.729
0.737
0.610
0.508
0.706
0.880
0.928
0.842
0.679
0.591
0.564
0.460
0.446
0.398
0.371
0.378
0.378
0.387
0.372
0.497
0.480
0.389
0.427
0.677
0.411
0.315
0.258
0.220
0.228
0.240
0.246
0.237
0.292
0.351
0.501
0.655
0.452
0.266
0.303
0.324
0.270
0.246
0.277
0.332
0.288
0.210
0.169
0.166
0.142
0.178
0.193
0.186
0.180
0.165
0.129
0.116
0.111
0.096
0.119
0.166
0.183
0.174
0.197
0.298
0.448
0.467
0.462
0.433
0.380
0.389
0.397
0.377
0.330
0.333
0.327
0.181
0.249
0.395
0.524
0.498
0.519
0.389
0.484
0.470
0.433
0.419
0.374
0.336
0.356
0.479
0.509
0.517
0.529
0.394
0.425
0.397
0.437
0.448
0.399
0.382
0.414
0.458
0.458
0.412
0.298
0.216
0.169
0.177
0.291
0.475
0.315
0.179
0.173
0.191
0.154
0.140
0.251
0.641
0.524
0.465
0.438
0.443
0.551
0.667
0.629
0.496
0.605
0.676
0.801
0.758
0.714
0.567
0.647
0.714
0.698
0.678
0.643
0.618
0.654
0.608
0.673
0.607
0.736
0.720
0.787
0.723
0.775
0.807
0.866
0.899
0.852
0.726
0.606
0.611
0.700
0.683
0.809
0.829
0.824
0.833
0.851
0.818
0.836
0.911
0.938
0.856
0.841
0.895
0.926
0.879
0.861
0.862
0.901
0.870
0.850
0.922
0.872
0.871
0.775
0.835
0.811
0.791
0.784
0.747
0.664
0.732
0.813
0.882
0.915
0.891
0.947
0.890
0.889
0.911
0.883
0.778
0.759
0.775
0.778
0.781
0.807
0.865
0.845
0.824
0.861
0.848
0.787
0.814
0.799
0.792
0.865
0.912
0.926
0.869
0.811
0.868
0.793
0.780
0.773
0.827
0.867
0.850
0.822
0.861
0.868
0.885
0.829
0.792
0.927
0.942
0.949
0.926
0.928
0.929
0.913
0.890
0.901
0.837
0.832
0.840
0.831
0.836
0.812
0.671
0.731
0.722
0.686
0.707
0.723
0.755
0.860
0.896
0.855
0.754
0.720
0.687
0.683
0.638
0.690
0.689
0.703
0.755
0.755
0.756
0.744
0.734
0.709
0.675
0.720
0.617
0.665
0.681
0.640
0.682
0.729
0.814
0.794
0.685
0.698
0.638
0.541
0.609
0.790
0.713
0.674
0.550
0.458
0.501
0.605
0.636
0.614
0.572
0.548
0.517
0.577
0.589
0.594
0.557
0.554
0.580
0.558
0.620
0.678
0.608
0.484
0.462
0.498
0.489
0.487
0.494
0.558
0.522
0.357
0.358
0.338
0.302
0.307
0.329
0.355
0.453
0.469
0.480
0.475
0.447
0.384
0.319
0.336
0.318
0.302
0.365
0.360
0.385
0.425
0.397
0.326
0.427
0.425
0.427
0.450
0.371
0.348
0.364
0.390
0.440
0.486
0.520
0.507
0.614
0.453
0.339
0.654
0.888
0.853
0.830
0.669
0.414
0.414
0.630
0.676
0.455
0.413
0.430
0.402
0.649
0.562
0.639
0.786
0.739
0.422
0.369
0.382
0.282
0.291
0.342
0.324
0.385
0.415
0.433
0.505
0.514
0.445
0.386
0.356
0.323
0.267
0.228
0.327
0.358
0.321
0.345
0.337
0.349
0.361
0.457
0.418
0.330
0.311
0.289
0.175
0.173
0.221
0.260
0.276
0.232
0.201
0.202
0.208
0.267
0.269
0.175
0.175
0.271
0.309
0.234
0.174
0.135
0.144
0.133
0.138
0.224
0.235
0.290
0.338
0.397
0.511
0.443
0.235
0.178
0.155
0.170
0.217
0.232
0.215
0.319
0.410
0.316
0.200
0.076
0.081
0.082
0.096
0.117
0.102
0.121
0.138
0.138
0.181
0.234
0.232
0.249
0.240
0.291
0.312
0.373
0.332
0.277
0.296
0.229
0.194
0.345
0.278
0.271
0.293
0.305
0.337
0.329
0.308
0.365
0.358
0.422
0.372
0.428
0.430
0.457
0.475
0.368
0.301
0.189
0.225
0.270
0.342
0.350
0.504
0.509
0.490
0.498
0.555
0.675
0.623
0.667
0.728
0.709
0.673
0.703
0.765
0.750
0.845
0.922
0.905
0.750
0.753
0.784
0.779
0.762
0.720
0.680
0.776
0.779
0.872
0.852
0.823
0.772
0.776
0.828
0.783
0.824
0.770
0.809
0.819
0.795
0.859
0.795
0.826
0.812
0.855
0.862
0.895
0.855
0.878
0.938
0.837
0.829
0.874
0.885
0.844
0.877
0.847
0.863
0.833
0.848
0.838
0.814
0.781
0.780
0.721
0.782
0.821
0.805
0.828
0.857
0.904
0.894
0.872
0.864
0.863
0.861
0.887
0.851
0.856
0.921
0.911
0.895
0.882
0.864
0.814
0.821
0.785
0.853
0.886
0.890
0.836
0.797
0.743
0.745
0.707
0.809
0.831
0.821
0.805
0.768
0.851
0.851
0.777
0.787
0.780
0.786
0.823
0.868
0.874
0.868
0.859
0.768
0.716
0.822
0.892
0.908
0.884
0.808
0.761
0.830
0.907
0.867
0.773
0.733
0.762
0.834
0.794
0.829
0.816
0.832
0.780
0.744
0.737
0.709
0.627
0.659
0.682
0.672
0.693
0.679
0.647
0.660
0.661
0.623
0.578
0.611
0.732
0.820
0.722
0.635
0.732
0.704
0.634
0.640
0.617
0.580
0.602
0.593
0.669
0.653
0.671
0.672
0.603
0.593
0.590
0.597
0.608
0.607
0.587
0.547
0.586
0.620
0.606
0.678
0.504
0.391
0.407
0.544
0.659
0.661
0.619
0.595
0.598
0.608
0.632
0.630
0.609
0.640
0.638
0.633
0.691
0.634
0.665
0.652
0.551
0.561
0.600
0.524
0.411
0.542
0.594
0.570
0.520
0.553
0.614
0.575
0.451
0.548
0.581
0.597
0.626
0.589
0.575
0.587
0.501
0.573
0.549
0.562
0.513
0.481
0.721
0.703
0.695
0.634
0.599
0.640
0.617
0.566
0.544
0.546
0.506
0.508
0.532
0.445
0.478
0.575
0.569
0.539
0.454
0.542
0.490
0.485
0.482
0.436
0.425
0.360
0.403
0.476
0.472
0.486
0.435
0.417
0.427
0.368
0.423
0.355
0.374
0.402
0.460
0.362
0.312
0.311
0.296
0.272
0.350
0.284
0.190
0.262
0.319
0.334
0.273
0.226
0.164
0.157
0.245
0.327
0.372
0.282
0.240
0.161
0.217
0.185
0.232
0.207
0.157
0.155
0.161
0.152
0.184
0.221
0.199
0.170
0.203
0.302
0.326
0.289
0.197
0.228
0.273
0.217
0.261
0.375
0.365
0.251
0.180
0.242
0.320
0.263
0.245
0.179
0.157
0.223
0.271
0.173
0.164
0.129
0.124
0.192
0.162
0.276
0.303
0.104
0.077
0.085
0.200
0.321
0.079
0.044
0.052
0.071
0.049
0.066
0.218
0.246
0.283
0.393
0.368
0.289
0.301
0.229
0.142
0.102
0.116
0.139
0.460
0.664
0.591
0.506
0.433
0.443
0.506
0.547
0.536
0.515
0.524
0.461
0.387
0.424
0.785
0.661
0.614
0.471
0.467
0.490
0.463
0.408
0.346
0.313
0.389
0.408
0.422
0.305
0.202
0.118
0.146
0.281
0.349
0.408
0.369
0.338
0.219
0.213
0.177
0.160
0.185
0.182
0.295
0.307
0.393
0.425
0.397
0.473
0.594
0.636
0.756
0.815
0.790
0.690
0.728
0.751
0.695
0.750
0.784
0.732
0.752
0.727
0.626
0.604
0.599
0.622
0.700
0.642
0.565
0.722
0.707
0.709
0.735
0.645
0.572
0.548
0.541
0.890
0.862
0.814
0.747
0.729
0.679
0.817
0.824
0.680
0.682
0.778
0.757
0.768
0.760
0.827
0.808
0.766
0.820
0.924
0.895
0.871
0.866
0.839
0.853
0.818
0.832
0.836
0.818
0.951
0.865
0.872
0.879
0.883
0.873
0.841
0.815
0.838
0.778
0.726
0.833
0.905
0.947
0.885
0.908
0.941
0.848
0.845
0.785
0.759
0.670
0.793
0.848
0.823
0.755
0.738
0.787
0.801
0.829
0.795
0.827
0.882
0.824
0.746
0.782
0.843
0.828
0.782
0.850
0.870
0.919
0.899
0.911
0.909
0.912
0.776
0.752
0.723
0.696
0.693
0.673
0.736
0.755
0.690
0.666
0.637
0.572
0.584
0.627
0.662
0.589
0.519
0.573
0.551
0.558
0.561
0.580
0.572
0.613
0.685
0.722
0.689
0.663
0.703
0.608
0.550
0.563
0.564
0.583
0.517
0.633
0.665
0.627
0.767
0.932
0.782
0.667
0.435
0.474
0.513
0.526
0.559
0.561
0.489
0.524
0.531
0.520
0.519
0.567
0.626
0.610
0.636
0.531
0.459
0.455
0.459
0.423
0.430
0.502
0.595
0.556
0.502
0.497
0.467
0.574
0.734
0.676
0.504
0.437
0.479
0.445
0.443
0.457
0.470
0.561
0.514
0.528
0.530
0.631
0.578
0.709
0.646
0.561
0.689
0.663
0.600
0.576
0.500
0.512
0.579
0.482
0.583
0.681
0.684
0.690
0.658
0.567
0.586
0.525
0.530
0.505
0.490
0.535
0.519
0.443
0.478
0.556
0.586
0.489
0.465
0.514
0.467
0.386
0.352
0.362
0.462
0.569
0.558
0.464
0.528
0.478
0.555
0.545
0.552
0.493
0.592
0.538
0.340
0.333
0.401
0.435
0.414
0.398
0.392
0.420
0.407
0.393
0.394
0.425
0.383
0.259
0.280
0.289
0.299
0.261
0.295
0.225
0.267
0.246
0.203
0.215
0.211
0.243
0.277
0.288
0.256
0.238
0.261
0.246
0.212
0.186
0.127
0.130
0.195
0.246
0.139
0.176
0.297
0.401
0.183
0.130
0.125
0.159
0.123
0.105
0.096
0.124
0.107
0.092
0.097
0.111
0.255
0.214
0.291
0.292
0.304
0.367
0.328
0.194
0.175
0.255
0.136
0.208
0.110
0.181
0.452
0.403
0.397
0.419
0.422
0.524
0.420
0.280
0.348
0.438
0.484
0.359
0.261
0.182
0.197
0.196
0.147
0.166
0.240
0.290
0.433
0.357
0.352
0.382
0.443
0.488
0.407
0.482
0.534
0.514
0.582
0.466
0.411
0.353
0.294
0.313
0.325
0.343
0.394
0.273
0.251
0.191
0.317
0.354
0.347
0.366
0.397
0.444
0.425
0.371
0.341
0.485
0.666
0.616
0.689
0.616
0.564
0.714
0.651
0.660
0.720
0.732
0.627
0.597
0.603
0.693
0.728
0.713
0.698
0.610
0.589
0.610
0.533
0.427
0.503
0.863
0.859
0.838
0.837
0.740
0.704
0.663
0.691
0.746
0.712
0.650
0.689
0.739
0.773
0.732
0.833
0.832
0.710
0.672
0.817
0.821
0.852
0.828
0.754
0.714
0.764
0.721
0.678
0.610
0.536
0.577
0.539
0.667
0.780
0.750
0.781
0.816
0.735
0.786
0.861
0.843
0.823
0.854
0.868
0.902
0.816
0.786
0.784
0.774
0.812
0.790
0.775
0.794
0.805
0.713
0.725
0.834
0.808
0.832
0.842
0.767
0.785
0.850
0.878
0.819
0.879
0.898
0.890
0.902
0.893
0.854
0.811
0.854
0.894
0.896
0.862
0.796
0.788
0.741
0.685
0.687
0.692
0.688
0.739
0.772
0.756
0.785
0.838
0.818
0.878
0.772
0.659
0.672
0.707
0.689
0.784
0.881
0.893
0.871
0.833
0.791
0.803
0.919
0.851
0.803
0.737
0.675
0.647
0.624
0.634
0.691
0.691
0.658
0.776
0.716
0.700
0.652
0.704
0.687
0.653
0.623
0.631
0.694
0.667
0.602
0.619
0.644
0.622
0.613
0.598
0.611
0.697
0.649
0.473
0.449
0.498
0.509
0.551
0.607
0.698
0.690
0.567
0.472
0.405
0.366
0.394
0.463
0.516
0.562
0.890
0.899
0.883
0.715
0.550
0.498
0.497
0.480
0.489
0.515
0.426
0.601
0.473
0.465
0.413
0.474
0.475
0.528
0.614
0.659
0.553
0.576
0.472
0.521
0.501
0.751
0.703
0.756
0.801
0.799
0.728
0.796
0.846
0.808
0.614
0.626
0.636
0.693
0.693
0.715
0.687
0.523
0.602
0.580
0.613
0.631
0.641
0.641
0.651
0.679
0.755
0.693
0.533
0.585
0.586
0.635
0.523
0.601
0.610
0.598
0.593
0.595
0.581
0.533
0.470
0.394
0.456
0.447
0.526
0.593
0.523
0.465
0.684
0.591
0.480
0.426
0.538
0.466
0.408
0.388
0.362
0.345
0.311
0.300
0.245
0.294
0.333
0.362
0.391
0.287
0.227
0.226
0.273
0.250
0.275
0.313
0.295
0.296
0.327
0.268
0.216
0.343
0.310
0.263
0.203
0.163
0.149
0.231
0.308
0.247
0.277
0.406
0.408
0.450
0.437
0.299
0.275
0.310
0.605
0.522
0.218
0.140
0.176
0.199
0.275
0.262
0.270
0.412
0.417
0.349
0.263
0.283
0.310
0.384
0.292
0.257
0.251
0.223
0.232
0.440
0.467
0.366
0.351
0.377
0.386
0.373
0.360
0.413
0.530
0.390
0.375
0.427
0.428
0.255
0.250
0.356
0.414
0.393
0.403
0.312
0.326
0.337
0.400
0.548
0.576
0.520
0.433
0.385
0.302
0.483
0.483
0.423
0.416
0.381
0.441
0.431
0.415
0.352
0.341
0.283
0.331
0.386
0.390
0.377
0.339
0.350
0.378
0.529
0.500
0.555
0.781
0.704
0.832
0.926
0.941
0.886
0.770
0.697
0.725
0.760
0.874
0.928
0.897
0.880
0.893
0.914
0.884
0.840
0.860
0.940
0.863
0.819
0.854
0.832
0.833
0.836
0.821
0.810
0.842
0.841
0.896
0.880
0.868
0.890
0.904
0.923
0.923
0.900
0.832
0.845
0.797
0.749
0.771
0.862
0.920
0.915
0.864
0.838
0.909
0.923
0.926
0.919
0.931
0.939
0.939
0.945
0.926
0.901
0.919
0.937
0.883
0.889
0.917
0.900
0.945
0.917
0.833
0.794
0.901
0.911
0.889
0.881
0.884
0.879
0.883
0.851
0.846
0.835
0.871
0.916
0.883
0.844
0.829
0.873
0.896
0.924
0.910
0.897
0.920
0.890
0.783
0.854
0.909
0.898
0.934
0.891
0.938
0.950
0.925
0.946
0.941
0.933
0.900
0.935
0.904
0.885
0.878
0.860
0.877
0.811
0.856
0.869
0.840
0.853
0.802
0.820
0.845
0.817
0.780
0.775
0.789
0.766
0.778
0.748
0.791
0.858
0.861
0.807
0.902
0.864
0.829
0.775
0.692
0.674
0.617
0.647
0.682
0.614
0.584
0.671
0.703
0.711
0.729
0.727
0.690
0.721
0.757
0.697
0.671
0.668
0.715
0.757
0.730
0.690
0.703
0.656
0.670
0.696
0.711
0.679
0.644
0.657
0.656
0.648
0.676
0.639
0.654
0.657
0.646
0.660
0.686
0.680
0.644
0.613
0.655
0.696
0.696
0.679
0.655
0.609
0.454
0.578
0.619
0.623
0.592
0.593
0.602
0.627
0.596
0.589
0.552
0.509
0.457
0.565
0.586
0.625
0.611
0.619
0.563
0.508
0.693
0.889
0.837
0.838
0.765
0.747
0.756
0.656
0.647
0.481
0.543
0.611
0.569
0.550
0.621
0.591
0.588
0.614
0.511
0.703
0.667
0.529
0.566
0.527
0.529
0.457
0.476
0.544
0.471
0.432
0.417
0.472
0.419
0.460
0.504
0.488
0.434
0.465
0.428
0.539
0.369
0.431
0.504
0.426
0.407
0.489
0.662
0.672
0.436
0.311
0.354
0.429
0.481
0.394
0.306
0.280
0.276
0.247
0.234
0.292
0.292
0.272
0.253
0.286
0.354
0.343
0.325
0.258
0.210
0.231
0.182
0.177
0.310
0.459
0.290
0.223
0.219
0.258
0.357
0.301
0.271
0.178
0.113
0.137
0.168
0.174
0.191
0.171
0.179
0.156
0.222
0.319
0.215
0.227
0.278
0.363
0.484
0.470
0.499
0.556
0.562
0.650
0.500
0.407
0.348
0.314
0.246
0.179
0.179
0.203
0.267
0.384
0.218
0.177
0.165
0.144
0.247
0.224
0.200
0.169
0.198
0.338
0.403
0.407
0.348
0.379
0.284
0.199
0.217
0.337
0.349
0.360
0.347
0.296
0.152
0.148
0.119
0.191
0.432
0.326
0.274
0.241
0.180
0.152
0.121
0.172
0.263
0.287
0.306
0.243
0.268
0.304
0.311
0.293
0.297
0.378
0.339
0.287
0.398
0.326
0.288
0.271
0.227
0.329
0.275
0.226
0.263
0.364
0.563
0.649
0.595
0.553
0.706
0.828
0.806
0.772
0.696
0.574
0.462
0.516
0.451
0.423
0.517
0.573
0.664
0.827
0.905
0.862
0.875
0.836
0.871
0.837
0.786
0.861
0.782
0.775
0.824
0.844
0.758
0.695
0.827
0.869
0.886
0.841
0.830
0.905
0.884
0.870
0.869
0.898
0.928
0.900
0.894
0.888
0.739
0.849
0.881
0.910
0.900
0.841
0.859
0.865
0.832
0.895
0.857
0.821
0.762
0.720
0.689
0.781
0.776
0.793
0.794
0.825
0.820
0.827
0.749
0.690
0.754
0.810
0.786
0.746
0.728
0.700
0.666
0.722
0.694
0.877
0.888
0.919
0.885
0.751
0.839
0.912
0.859
0.819
0.835
0.870
0.867
0.895
0.949
0.898
0.801
0.752
0.764
0.737
0.650
0.668
0.666
0.643
0.628
0.610
0.616
0.604
0.605
0.680
0.683
0.687
0.653
0.557
0.556
0.624
0.655
0.706
0.600
0.628
0.644
0.625
0.603
0.630
0.652
0.621
0.587
0.591
0.548
0.475
0.569
0.586
0.565
0.535
0.450
0.426
0.446
0.437
0.520
0.475
0.376
0.868
0.851
0.832
0.598
0.562
0.598
0.476
0.486
0.580
0.476
0.422
0.460
0.447
0.414
0.377
0.428
0.419
0.346
0.351
0.401
0.494
0.475
0.445
0.491
0.404
0.396
0.441
0.414
0.479
0.450
0.411
0.353
0.367
0.350
0.365
0.443
0.460
0.453
0.417
0.565
0.393
0.351
0.474
0.519
0.486
0.513
0.434
0.487
0.533
0.503
0.488
0.435
0.464
0.457
0.489
0.462
0.490
0.423
0.356
0.501
0.542
0.468
0.443
0.398
0.305
0.300
0.333
0.320
0.426
0.547
0.558
0.506
0.500
0.505
0.494
0.501
0.419
0.332
0.353
0.402
0.297
0.276
0.350
0.316
0.358
0.413
0.399
0.332
0.340
0.328
0.315
0.322
0.299
0.328
0.309
0.322
0.487
0.437
0.286
0.293
0.249
0.203
0.261
0.272
0.456
0.620
0.751
0.652
0.518
0.424
0.413
0.365
0.296
0.296
0.443
0.349
0.289
0.255
0.239
0.318
0.316
0.330
0.301
0.201
0.175
0.229
0.217
0.243
0.233
0.200
0.225
0.229
0.234
0.232
0.262
0.279
0.211
0.259
0.263
0.238
0.228
0.273
0.228
0.178
0.142
0.163
0.279
0.270
0.215
0.208
0.181
0.208
0.196
0.146
0.116
0.115
0.133
0.155
0.140
0.182
0.204
0.184
0.115
0.212
0.200
0.386
0.347
0.416
0.508
0.663
0.647
0.533
0.363
0.275
0.252
0.233
0.217
0.186
0.186
0.156
0.134
0.089
0.082
0.384
0.497
0.437
0.383
0.334
0.376
0.264
0.301
0.246
0.221
0.240
0.342
0.293
0.227
0.359
0.362
0.290
0.246
0.260
0.353
0.337
0.344
0.350
0.295
0.570
0.797
0.941
0.785
0.663
0.379
0.311
0.389
0.398
0.448
0.428
0.358
0.298
0.397
0.462
0.687
0.794
0.843
0.795
0.666
0.664
0.676
0.564
0.412
0.401
0.524
0.731
0.856
0.861
0.756
0.775
0.866
0.829
0.797
0.780
0.748
0.681
0.673
0.665
0.727
0.663
0.666
0.719
0.799
0.814
0.795
0.799
0.780
0.749
0.749
0.745
0.805
0.877
0.884
0.870
0.874
0.881
0.870
0.935
0.924
0.859
0.811
0.825
0.895
0.907
0.870
0.755
0.819
0.780
0.863
0.873
0.857
0.855
0.889
0.859
0.863
0.849
0.807
0.774
0.818
0.834
0.868
0.876
0.925
0.942
0.902
0.846
0.780
0.726
0.718
0.736
0.931
0.905
0.875
0.789
0.772
0.814
0.772
0.658
0.650
0.660
0.670
0.644
0.731
0.789
0.806
0.804
0.719
0.664
0.718
0.680
0.602
0.644
0.909
0.907
0.836
0.815
0.810
0.773
0.833
0.873
0.895
0.913
0.921
0.941
0.941
0.936
0.911
0.908
0.880
0.906
0.887
0.872
0.857
0.857
0.807
0.832
0.938
0.925
0.920
0.900
0.891
0.864
0.814
0.839
0.837
0.815
0.824
0.831
0.901
0.909
0.882
0.774
0.706
0.696
0.716
0.727
0.708
0.724
0.734
0.666
0.696
0.715
0.717
0.748
0.715
0.609
0.585
0.656
0.665
0.711
0.716
0.716
0.684
0.677
0.686
0.666
0.650
0.640
0.639
0.660
0.680
0.660
0.731
0.729
0.722
0.658
0.631
0.588
0.543
0.551
0.605
0.667
0.653
0.636
0.658
0.674
0.561
0.546
0.566
0.644
0.611
0.630
0.679
0.636
0.643
0.628
0.578
0.625
0.601
0.515
0.507
0.447
0.511
0.656
0.649
0.590
0.528
0.689
0.578
0.530
0.534
0.583
0.446
0.481
0.558
0.654
0.714
0.803
0.801
0.752
0.683
0.659
0.616
0.602
0.784
0.723
0.688
0.703
0.664
0.597
0.575
0.600
0.562
0.598
0.685
0.618
0.574
0.551
0.460
0.435
0.424
0.529
0.497
0.563
0.579
0.542
0.464
0.441
0.412
0.345
0.406
0.723
0.840
0.632
0.523
0.612
0.554
0.495
0.439
0.673
0.616
0.536
0.525
0.729
0.792
0.812
0.677
0.600
0.515
0.510
0.482
0.387
0.451
0.399
0.372
0.377
0.434
0.418
0.349
0.340
0.314
0.340
0.339
0.339
0.257
0.301
0.257
0.275
0.336
0.326
0.339
0.286
0.221
0.197
0.213
0.211
0.185
0.199
0.190
0.205
0.222
0.287
0.333
0.237
0.133
0.094
0.093
0.118
0.131
0.194
0.211
0.204
0.197
0.211
0.218
0.189
0.157
0.149
0.129
0.158
0.148
0.145
0.160
0.174
0.138
0.204
0.211
0.283
0.286
0.369
0.361
0.292
0.280
0.248
0.200
0.264
0.241
0.149
0.184
0.164
0.142
0.168
0.177
0.165
0.159
0.169
0.186
0.148
0.137
0.293
0.402
0.632
0.892
0.930
0.651
0.612
0.644
0.547
0.528
0.441
0.354
0.320
0.321
0.360
0.394
0.374
0.323
0.282
0.253
0.206
0.182
0.230
0.308
0.365
0.452
0.512
0.551
0.616
0.550
0.422
0.399
0.396
0.471
0.542
0.583
0.545
0.606
0.649
0.803
0.936
0.968
0.944
0.868
0.806
0.727
0.710
0.746
0.789
0.760
0.789
0.836
0.891
0.919
0.889
0.918
0.883
0.884
0.928
0.915
0.796
0.813
0.917
0.867
0.836
0.831
0.859
0.845
0.825
