20000101
0.460
0.466
0.385
0.422
0.425
0.377
0.411
0.512
0.527
0.474
0.551
0.585
0.526
0.535
0.448
0.291
0.281
0.422
0.441
0.412
0.478
0.414
0.507
0.511
0.564
0.588
0.521
0.468
0.494
0.452
0.389
0.393
0.605
0.649
0.482
0.576
0.853
0.753
0.542
0.369
0.400
0.589
0.778
0.649
0.407
0.283
0.460
0.419
0.220
0.219
0.217
0.258
0.507
0.258
0.140
0.161
0.151
0.172
0.197
0.209
0.235
0.332
0.335
0.273
0.281
0.232
0.167
0.123
0.127
0.110
0.111
0.180
0.315
0.454
0.316
0.103
0.106
0.147
0.148
0.101
0.097
0.090
0.210
0.287
0.173
0.149
0.148
0.176
0.118
0.121
0.103
0.097
0.105
0.079
0.073
0.072
0.060
0.051
0.053
0.064
0.072
0.083
0.159
0.215
0.170
0.323
0.285
0.187
0.248
0.246
0.230
0.208
0.266
0.165
0.181
0.374
0.414
0.450
0.386
0.374
0.367
0.161
0.308
0.480
0.465
0.299
0.292
0.295
0.287
0.205
0.179
0.188
0.218
0.223
0.181
0.248
0.331
0.257
0.222
0.292
0.476
0.497
0.581
0.545
0.457
0.390
0.411
0.433
0.427
0.464
0.493
0.409
0.345
0.380
0.393
0.367
0.439
0.562
0.650
0.571
0.558
0.542
0.504
0.402
0.284
0.270
0.425
0.541
0.549
0.613
0.758
0.687
0.650
0.744
0.646
0.546
0.452
0.411
0.434
0.487
0.521
0.480
0.437
0.465
0.444
0.421
0.389
0.379
0.630
0.592
0.590
0.603
0.683
0.706
0.719
0.712
0.681
0.704
0.630
0.645
0.743
0.764
0.872
0.708
0.739
0.757
0.749
0.776
0.744
0.757
0.795
0.758
0.772
0.804
0.751
0.638
0.536
0.500
0.486
0.536
0.647
0.735
0.710
0.701
0.625
0.635
0.661
0.719
0.695
0.710
0.745
0.704
0.690
0.693
0.626
0.576
0.578
0.586
0.568
0.560
0.565
0.619
0.758
0.841
0.942
0.887
0.789
0.677
0.760
0.862
0.850
0.859
0.867
0.862
0.783
0.729
0.666
0.780
0.906
0.824
0.890
0.887
0.859
0.931
0.893
0.874
0.879
0.838
0.725
0.664
0.717
0.694
0.717
0.654
0.593
0.663
0.787
0.662
0.645
0.661
0.638
0.599
0.598
0.578
0.606
0.622
0.535
0.515
0.587
0.577
0.524
0.527
0.513
0.496
0.568
0.574
0.612
0.511
0.493
0.564
0.506
0.704
0.635
0.619
0.592
0.539
0.498
0.457
0.530
0.507
0.450
0.476
0.434
0.397
0.373
0.410
0.459
0.462
0.512
0.478
0.499
0.449
0.489
0.474
0.438
0.422
0.472
0.538
0.547
0.413
0.361
0.327
0.349
0.315
0.352
0.294
0.262
0.334
0.262
0.284
0.370
0.462
0.518
0.412
0.447
0.472
0.404
0.446
0.371
0.528
0.562
0.498
0.381
0.386
0.439
0.412
0.542
0.463
0.509
0.640
0.671
0.635
0.622
0.600
0.616
0.496
0.713
0.700
0.611
0.525
0.504
0.553
0.501
0.485
0.355
0.387
0.387
0.448
0.501
0.361
0.530
0.484
0.417
0.337
0.428
0.495
0.446
0.366
0.335
0.310
0.316
0.348
0.400
0.463
0.501
0.466
0.431
0.318
0.213
0.171
0.286
0.238
0.212
0.205
0.187
0.225
0.281
0.287
0.387
0.410
0.333
0.192
0.353
0.351
0.443
0.344
0.208
0.315
0.433
0.290
0.402
0.335
0.334
0.276
0.221
0.209
0.166
0.108
0.140
0.371
0.253
0.120
0.144
0.153
0.148
0.140
0.141
0.164
0.168
0.194
0.204
0.118
0.101
0.124
0.132
0.151
0.175
0.250
0.151
0.087
0.135
0.137
0.136
0.145
0.228
0.394
0.372
0.146
0.159
0.117
0.077
0.094
0.116
0.113
0.088
0.079
0.086
0.098
0.163
0.334
0.332
0.330
0.266
0.398
0.265
0.173
0.159
0.127
0.108
0.106
0.118
0.124
0.164
0.142
0.287
0.339
0.427
0.336
0.316
0.325
0.274
0.500
0.472
0.464
0.414
0.361
0.474
0.412
0.330
0.275
0.335
0.342
0.340
0.277
0.245
0.241
0.277
0.242
0.209
0.146
0.224
0.403
0.405
0.305
0.250
0.391
0.304
0.333
0.434
0.510
0.535
0.517
0.372
0.323
0.304
0.332
0.407
0.449
0.454
0.489
0.649
0.768
0.763
0.693
0.724
0.678
0.720
0.697
0.774
0.756
0.768
0.727
0.724
0.757
0.736
0.690
0.753
0.748
0.726
0.683
0.680
0.614
0.567
0.592
0.621
0.645
0.788
0.738
0.729
0.745
0.688
0.731
0.819
0.785
0.743
0.706
0.693
0.777
0.736
0.699
0.708
0.702
0.724
0.779
0.808
0.854
0.800
0.730
0.651
0.647
0.744
0.760
0.774
0.788
0.744
0.616
0.558
0.640
0.658
0.673
0.584
0.661
0.691
0.676
0.603
0.590
0.727
0.734
0.721
0.736
0.837
0.813
0.843
0.792
0.800
0.759
0.778
0.810
0.870
0.871
0.860
0.865
0.872
0.899
0.889
0.882
0.889
0.917
0.866
0.802
0.915
0.873
0.860
0.866
0.849
0.853
0.757
0.714
0.628
0.673
0.777
0.661
0.706
0.743
0.675
0.732
0.801
0.810
0.808
0.859
0.888
0.854
0.888
0.907
0.872
0.824
0.741
0.709
0.735
0.679
0.686
0.710
0.750
0.670
0.640
0.631
0.612
0.699
0.681
0.689
0.686
0.635
0.670
0.666
0.645
0.528
0.577
0.582
0.608
0.604
0.579
0.577
0.652
0.646
0.579
0.537
0.581
0.484
0.505
0.502
0.486
0.483
0.469
0.488
0.531
0.487
0.450
0.480
0.532
0.560
0.571
0.546
0.492
0.522
0.456
0.475
0.535
0.509
0.463
0.375
0.380
0.401
0.428
0.459
0.408
0.495
0.531
0.497
0.467
0.537
0.587
0.525
0.500
0.619
0.578
0.615
0.557
0.562
0.589
0.500
0.410
0.542
0.500
0.553
0.582
0.582
0.592
0.631
0.626
0.505
0.445
0.489
0.534
0.525
0.578
0.609
0.612
0.598
0.600
0.609
0.595
0.484
0.529
0.520
0.590
0.577
0.476
0.590
0.574
0.549
0.550
0.599
0.805
0.675
0.415
0.409
0.487
0.459
0.851
0.799
0.637
0.626
0.534
0.481
0.379
0.392
0.537
0.493
0.470
0.829
0.738
0.613
0.497
0.625
0.617
0.575
0.544
0.545
0.547
0.503
0.423
0.330
0.340
0.358
0.479
0.452
0.483
0.489
0.253
0.315
0.406
0.355
0.438
0.378
0.261
0.216
0.205
0.221
0.350
0.329
0.223
0.169
0.157
0.191
0.312
0.304
0.160
0.178
0.180
0.171
0.182
0.179
0.170
0.187
0.234
0.307
0.447
0.312
0.215
0.181
0.180
0.224
0.394
0.461
0.435
0.334
0.274
0.282
0.197
0.170
0.154
0.123
0.149
0.261
0.224
0.227
0.326
0.326
0.247
0.101
0.116
0.197
0.242
0.303
0.387
0.376
0.379
0.240
0.222
0.368
0.368
0.354
0.438
0.432
0.461
0.388
0.426
0.383
0.272
0.302
0.312
0.285
0.359
0.386
0.360
0.432
0.410
0.364
0.341
0.301
0.137
0.119
0.149
0.318
0.404
0.379
0.386
0.449
0.443
0.411
0.415
0.357
0.281
0.284
0.311
0.304
0.380
0.320
0.293
0.309
0.425
0.494
0.573
0.580
0.430
0.458
0.437
0.477
0.432
0.394
0.361
0.366
0.378
0.467
0.729
0.530
0.495
0.554
0.454
0.407
0.423
0.412
0.558
0.713
0.722
0.870
0.873
0.681
0.464
0.373
0.343
0.338
0.256
0.246
0.270
0.317
0.523
0.577
0.530
0.569
0.628
0.678
0.759
0.776
0.628
0.484
0.433
0.469
0.486
0.484
0.395
0.501
0.568
0.576
0.643
0.704
0.738
0.775
0.788
0.747
0.649
0.639
0.781
0.853
0.914
0.873
0.866
0.867
0.846
0.871
0.870
0.832
0.842
0.908
0.843
0.805
0.738
0.671
0.630
0.731
0.781
0.785
0.775
0.768
0.744
0.807
0.858
0.796
0.812
0.780
0.778
0.771
0.795
0.809
0.833
0.850
0.815
0.775
0.682
0.639
0.630
0.670
0.635
0.579
0.699
0.838
0.908
0.886
0.856
0.886
0.850
0.832
0.779
0.722
0.617
0.567
0.617
0.653
0.634
0.618
0.617
0.770
0.748
0.724
0.667
0.634
0.643
0.738
0.729
0.628
0.701
0.864
0.775
0.662
0.559
0.558
0.579
0.538
0.410
0.472
0.507
0.492
0.458
0.473
0.451
0.496
0.515
0.450
0.533
0.532
0.592
0.584
0.512
0.490
0.474
0.430
0.638
0.656
0.403
0.435
0.430
0.455
0.475
0.433
0.432
0.459
0.486
0.432
0.461
0.473
0.393
0.417
0.377
0.355
0.328
0.280
0.299
0.385
0.455
0.482
0.453
0.314
0.334
0.304
0.306
0.241
0.281
0.331
0.481
0.588
0.557
0.515
0.510
0.566
0.520
0.403
0.403
0.562
0.577
0.602
0.566
0.471
0.490
0.528
0.608
0.544
0.748
0.762
0.634
0.573
0.568
0.530
0.566
0.519
0.523
0.485
0.548
0.432
0.368
0.391
0.417
0.573
0.518
0.502
0.508
0.395
0.393
0.374
0.417
0.488
0.519
0.459
0.459
0.474
0.702
0.676
0.504
0.689
0.866
0.744
0.828
0.747
0.693
0.523
0.469
0.506
0.522
0.401
0.524
0.300
0.320
0.338
0.348
0.361
0.366
0.548
0.643
0.559
0.422
0.495
0.500
0.407
0.348
0.310
0.334
0.359
0.338
0.301
0.194
0.140
0.191
0.164
0.159
0.171
0.169
0.222
0.635
0.579
0.417
0.292
0.305
0.323
0.348
0.291
0.320
0.183
0.238
0.258
0.242
0.252
0.279
0.237
0.248
0.252
0.270
0.349
0.164
0.186
0.129
0.238
0.368
0.236
0.122
0.067
0.092
0.097
0.114
0.108
0.100
0.172
0.206
0.163
0.271
0.150
0.146
0.312
0.225
0.153
0.184
0.313
0.326
0.271
0.315
0.344
0.412
0.421
0.409
0.348
0.344
0.235
0.068
0.060
0.061
0.111
0.434
0.425
0.286
0.274
0.283
0.325
0.312
0.250
0.202
0.298
0.274
0.313
0.240
0.426
0.358
0.292
0.230
0.186
0.124
0.105
0.161
0.187
0.152
0.159
0.225
0.258
0.290
0.293
0.330
0.464
0.397
0.387
0.344
0.323
0.255
0.285
0.330
0.309
0.368
0.357
0.407
0.521
0.492
0.524
0.695
0.768
0.877
0.629
0.670
0.794
0.749
0.664
0.771
0.738
0.776
0.751
0.717
0.684
0.610
0.540
0.539
0.703
0.758
0.694
0.624
0.692
0.784
0.765
0.741
0.713
0.625
0.509
0.558
0.641
0.707
0.706
0.650
0.777
0.781
0.793
0.756
0.796
0.762
0.853
0.864
0.835
0.775
0.691
0.606
0.660
0.609
0.623
0.660
0.697
0.788
0.828
0.887
0.831
0.850
0.800
0.730
0.804
0.858
0.796
0.753
0.781
0.833
0.800
0.771
0.797
0.758
0.770
0.766
0.807
0.846
0.843
0.850
0.804
0.828
0.813
0.796
0.856
0.838
0.883
0.815
0.753
0.730
0.868
0.833
0.846
0.842
0.839
0.814
0.794
0.799
0.775
0.752
0.800
0.841
0.841
0.851
0.829
0.832
0.859
0.840
0.799
0.720
0.670
0.615
0.724
0.824
0.887
0.936
0.950
0.868
0.762
0.728
0.711
0.589
0.670
0.693
0.714
0.673
0.746
0.732
0.583
0.544
0.858
0.947
0.942
0.946
0.887
0.819
0.844
0.761
0.803
0.706
0.721
0.662
0.645
0.635
0.594
0.602
0.645
0.666
0.612
0.529
0.524
0.514
0.544
0.575
0.573
0.561
0.531
0.526
0.474
0.483
0.454
0.480
0.553
0.528
0.504
0.507
0.388
0.420
0.519
0.521
0.480
0.473
0.475
0.475
0.505
0.559
0.587
0.655
0.602
0.535
0.510
0.560
0.526
0.553
0.649
0.744
0.673
0.590
0.437
0.472
0.506
0.502
0.421
0.495
0.449
0.447
0.714
0.700
0.691
0.631
0.563
0.617
0.615
0.638
0.571
0.543
0.534
0.554
0.578
0.634
0.653
0.634
0.616
0.638
0.618
0.641
0.685
0.675
0.649
0.649
0.579
0.581
0.822
0.828
0.703
0.604
0.604
0.624
0.625
0.608
0.569
0.632
0.556
0.553
0.549
0.568
0.520
0.569
0.541
0.561
0.569
0.588
0.548
0.547
0.583
0.530
0.542
0.563
0.506
0.542
0.485
0.506
0.407
0.322
0.394
0.472
0.535
0.472
0.388
0.251
0.188
0.164
0.174
0.172
0.153
0.154
0.167
0.226
0.245
0.284
0.393
0.280
0.272
0.267
0.213
0.207
0.219
0.230
0.218
0.145
0.357
0.331
0.160
0.162
0.117
0.121
0.140
0.133
0.098
0.111
0.128
0.122
0.211
0.208
0.348
0.326
0.220
0.183
0.215
0.281
0.378
0.312
0.271
0.140
0.168
0.175
0.113
0.220
0.183
0.406
0.414
0.304
0.278
0.316
0.304
0.354
0.323
0.263
0.293
0.314
0.371
0.259
0.165
0.096
0.112
0.110
0.108
0.151
0.152
0.154
0.174
0.134
0.139
0.261
0.258
0.264
0.295
0.308
0.283
0.290
0.356
0.382
0.374
0.386
0.394
0.320
0.322
0.277
0.318
0.247
0.234
0.299
0.340
0.414
0.312
0.287
0.360
0.325
0.381
0.322
0.305
0.287
0.359
0.431
0.656
0.801
0.757
0.669
0.603
0.602
0.687
0.771
0.824
0.633
0.444
0.392
0.450
0.402
0.359
0.355
0.328
0.339
0.368
0.547
0.559
0.660
0.723
0.650
0.737
0.805
0.716
0.694
0.581
0.538
0.604
0.592
0.756
0.824
0.802
0.727
0.641
0.636
0.593
0.650
0.684
0.748
0.717
0.668
0.702
0.742
0.778
0.808
0.767
0.766
0.730
0.741
0.777
0.787
0.762
0.814
0.814
0.784
0.796
0.782
0.793
0.863
0.792
0.779
0.761
0.753
0.696
0.657
0.791
0.809
0.827
0.803
0.802
0.803
0.746
0.806
0.808
0.844
0.765
0.688
0.686
0.619
0.586
0.552
0.579
0.642
0.613
0.627
0.656
0.811
0.799
0.791
0.765
0.717
0.793
0.834
0.848
0.917
0.882
0.869
0.780
0.751
0.717
0.701
0.635
0.718
0.667
0.655
0.654
0.689
0.788
0.775
0.759
0.790
0.828
0.889
0.929
0.790
0.690
0.663
0.638
0.620
0.693
0.816
0.768
0.582
0.546
0.544
0.592
0.642
0.570
0.538
0.541
0.541
0.493
0.521
0.560
0.588
0.603
0.583
0.471
0.451
0.386
0.296
0.331
0.425
0.415
0.415
0.395
0.444
0.492
0.398
0.415
0.360
0.332
0.353
0.363
0.382
0.432
0.505
0.470
0.466
0.526
0.582
0.568
0.564
0.530
0.555
0.476
0.419
0.453
0.470
0.510
0.544
0.501
0.409
0.381
0.551
0.608
0.561
0.599
0.564
0.587
0.530
0.515
0.503
0.373
0.458
0.573
0.555
0.554
0.548
0.603
0.601
0.554
0.447
0.307
0.311
0.356
0.390
0.387
0.439
0.486
0.482
0.521
0.530
0.423
0.343
0.339
0.433
0.379
0.390
0.476
0.639
0.610
0.492
0.476
0.583
0.552
0.729
0.659
0.457
0.427
0.384
0.635
0.740
0.693
0.559
0.601
0.700
0.744
0.748
0.851
0.927
0.621
0.477
0.564
0.481
0.380
0.424
0.579
0.541
0.441
0.355
0.414
0.349
0.269
0.358
0.425
0.554
0.410
0.433
0.363
0.279
0.548
0.443
0.341
0.267
0.241
0.237
0.258
0.253
0.261
0.256
0.287
0.238
0.258
0.217
0.283
0.337
0.380
0.341
0.384
0.333
0.273
0.284
0.296
0.397
0.334
0.317
0.300
0.245
0.219
0.212
0.330
0.385
0.170
0.218
0.300
0.386
0.236
0.138
0.116
0.108
0.110
0.118
0.175
0.188
0.176
0.186
0.249
0.247
0.137
0.056
0.061
0.080
0.095
0.106
0.095
0.086
0.086
0.195
0.168
0.161
0.141
0.174
0.153
0.157
0.142
0.154
0.139
0.211
0.274
0.251
0.232
0.235
0.162
0.212
0.261
0.373
0.294
0.179
0.097
0.078
0.080
0.124
0.155
0.157
0.202
0.291
0.295
0.491
0.383
0.390
0.359
0.371
0.261
0.292
0.279
0.224
0.125
0.105
0.136
0.103
0.070
0.092
0.163
0.297
0.285
0.277
0.316
0.225
0.144
0.118
0.121
0.160
0.162
0.120
0.146
0.239
0.174
0.297
0.301
0.282
0.309
0.386
0.448
0.370
0.388
0.432
0.519
0.692
0.728
0.666
0.545
0.560
0.685
0.720
0.713
0.593
0.509
0.507
0.576
0.673
0.880
0.868
0.906
0.846
0.776
0.864
0.709
0.586
0.678
0.639
0.594
0.484
0.633
0.595
0.605
0.655
0.619
0.584
0.585
0.617
0.627
0.527
0.617
0.712
0.683
0.707
0.804
0.720
0.661
0.608
0.640
0.655
0.584
0.622
0.747
0.775
0.698
0.677
0.716
0.774
0.815
0.809
0.798
0.817
0.812
0.774
0.712
0.676
0.657
0.608
0.605
0.633
0.585
0.613
0.717
0.740
0.828
0.803
0.739
0.787
0.774
0.843
0.806
0.787
0.850
0.756
0.742
0.707
0.878
0.785
0.703
0.801
0.789
0.809
0.808
0.686
0.767
0.721
0.687
0.629
0.643
0.662
0.694
0.800
0.813
0.731
0.722
0.681
0.658
0.586
0.565
0.627
0.585
0.559
0.698
0.828
0.693
0.808
0.731
0.846
0.901
0.865
0.862
0.851
0.814
0.779
0.734
0.651
0.637
0.651
0.596
0.601
0.616
0.713
0.602
0.527
0.530
0.481
0.546
0.563
0.554
0.525
0.517
0.511
0.424
0.418
0.477
0.389
0.338
0.308
0.332
0.378
0.461
0.479
0.478
0.526
0.523
0.487
0.441
0.484
0.518
0.385
0.355
0.347
0.331
0.289
0.258
0.340
0.393
0.507
0.578
0.463
0.419
0.362
0.261
0.301
0.321
0.371
0.428
0.479
0.490
0.482
0.516
0.590
0.644
0.546
0.415
0.434
0.394
0.490
0.558
0.593
0.626
0.530
0.510
0.514
0.453
0.410
0.358
0.367
0.310
0.291
0.349
0.347
0.401
0.455
0.423
0.543
0.533
0.536
0.450
0.418
0.354
0.336
0.320
0.320
0.256
0.400
0.490
0.417
0.466
0.469
0.472
0.566
0.604
0.616
0.431
0.323
0.398
0.516
0.535
0.567
0.511
0.549
0.445
0.454
0.483
0.390
0.438
0.390
0.358
0.377
0.430
0.453
0.409
0.261
0.309
0.213
0.201
0.168
0.198
0.210
0.167
0.200
0.400
0.269
0.210
0.178
0.190
0.198
0.295
0.591
0.824
0.688
0.509
0.381
0.373
0.412
0.314
0.173
0.146
0.179
0.194
0.192
0.171
0.154
0.171
0.160
0.137
0.150
0.137
0.144
0.151
0.145
0.143
0.137
0.220
0.156
0.267
0.334
0.358
0.340
0.382
0.193
0.124
0.083
0.079
0.085
0.171
0.275
0.537
0.598
0.411
0.285
0.272
0.282
0.235
0.181
0.178
0.167
0.233
0.205
0.157
0.154
0.184
0.210
0.182
0.148
0.155
0.322
0.405
0.364
0.336
0.361
0.334
0.471
0.423
0.373
0.338
0.299
0.261
0.235
0.243
0.272
0.277
0.282
0.293
0.328
0.338
0.405
0.434
0.389
0.381
0.299
0.273
0.291
0.346
0.500
0.514
0.516
0.746
0.765
0.747
0.655
0.479
0.314
0.223
0.298
0.243
0.238
0.305
0.357
0.290
0.292
0.382
0.530
0.493
0.508
0.557
0.735
0.693
0.722
0.739
0.695
0.623
0.587
0.585
0.636
0.658
0.566
0.564
0.709
0.751
0.873
0.902
0.891
0.863
0.828
0.822
0.825
0.807
0.782
0.747
0.796
0.774
0.762
0.750
0.781
0.735
0.782
0.774
0.754
0.789
0.745
0.736
0.733
0.773
0.784
0.714
0.716
0.765
0.684
0.641
0.596
0.700
0.642
0.596
0.658
0.656
0.648
0.694
0.708
0.757
0.813
0.778
0.764
0.751
0.825
0.782
0.821
0.854
0.854
0.866
0.858
0.831
0.772
0.696
0.646
0.758
0.733
0.764
0.750
0.739
0.766
0.702
0.663
0.735
0.688
0.701
0.780
0.795
0.804
0.790
0.789
0.791
0.789
0.904
0.951
0.951
0.947
0.936
0.941
0.887
0.852
0.864
0.877
0.824
0.835
0.760
0.742
0.711
0.701
0.703
0.712
0.700
0.680
0.699
0.732
0.791
0.723
0.699
0.690
0.683
0.644
0.676
0.733
0.837
0.806
0.690
0.570
0.636
0.637
0.617
0.588
0.641
0.599
0.556
0.599
0.649
0.580
0.788
0.639
0.530
0.528
0.610
0.748
0.657
0.691
0.685
0.652
0.594
0.620
0.491
0.478
0.530
0.472
0.448
0.440
0.444
0.466
0.398
0.402
0.406
0.341
0.358
0.388
0.318
0.258
0.267
0.286
0.269
0.329
0.443
0.554
0.518
0.551
0.556
0.507
0.493
0.395
0.379
0.385
0.439
0.501
0.535
0.528
0.552
0.539
0.585
0.503
0.343
0.372
0.342
0.376
0.501
0.556
0.550
0.608
0.410
0.493
0.423
0.372
0.340
0.377
0.401
0.404
0.371
0.370
0.458
0.562
0.366
0.304
0.378
0.487
0.507
0.494
0.362
0.398
0.464
0.454
0.508
0.499
0.420
0.499
0.526
0.532
0.522
0.427
0.456
0.523
0.456
0.439
0.473
0.565
0.521
0.706
0.679
0.613
0.498
0.776
0.913
0.933
0.859
0.716
0.657
0.589
0.480
0.487
0.427
0.415
0.488
0.428
0.451
0.416
0.549
0.514
0.404
0.411
0.640
0.393
0.313
0.267
0.218
0.246
0.255
0.232
0.173
0.241
0.305
0.534
0.663
0.467
0.278
0.308
0.348
0.298
0.288
0.330
0.328
0.291
0.205
0.172
0.167
0.147
0.185
0.196
0.190
0.165
0.152
0.127
0.115
0.098
0.095
0.105
0.146
0.187
0.162
0.171
0.242
0.396
0.403
0.404
0.365
0.335
0.351
0.349
0.352
0.314
0.286
0.308
0.169
0.274
0.339
0.470
0.412
0.457
0.344
0.422
0.413
0.372
0.372
0.325
0.314
0.321
0.515
0.504
0.456
0.462
0.352
0.383
0.369
0.398
0.406
0.371
0.360
0.375
0.416
0.376
0.342
0.253
0.192
0.130
0.182
0.224
0.382
0.250
0.144
0.156
0.186
0.139
0.134
0.230
0.557
0.452
0.391
0.389
0.405
0.533
0.656
0.584
0.450
0.529
0.609
0.677
0.714
0.583
0.502
0.613
0.598
0.579
0.620
0.571
0.526
0.565
0.542
0.677
0.571
0.662
0.629
0.716
0.666
0.701
0.782
0.815
0.839
0.780
0.657
0.551
0.582
0.650
0.622
0.751
0.774
0.781
0.818
0.854
0.785
0.804
0.879
0.923
0.855
0.798
0.895
0.933
0.848
0.816
0.807
0.843
0.833
0.789
0.904
0.819
0.839
0.753
0.784
0.791
0.758
0.725
0.681
0.618
0.664
0.751
0.831
0.886
0.882
0.936
0.844
0.855
0.898
0.880
0.758
0.709
0.727
0.734
0.704
0.750
0.843
0.828
0.793
0.823
0.819
0.775
0.808
0.770
0.782
0.837
0.896
0.905
0.813
0.759
0.838
0.753
0.741
0.710
0.742
0.837
0.826
0.796
0.876
0.820
0.856
0.790
0.746
0.882
0.928
0.937
0.919
0.928
0.952
0.915
0.904
0.889
0.791
0.776
0.810
0.777
0.817
0.785
0.658
0.666
0.675
0.645
0.697
0.691
0.713
0.842
0.868
0.896
0.762
0.736
0.662
0.624
0.603
0.680
0.647
0.687
0.711
0.720
0.692
0.684
0.696
0.674
0.621
0.650
0.599
0.640
0.672
0.623
0.649
0.671
0.805
0.792
0.645
0.658
0.617
0.477
0.517
0.706
0.630
0.566
0.489
0.420
0.494
0.603
0.598
0.574
0.548
0.538
0.532
0.545
0.526
0.532
0.517
0.588
0.604
0.522
0.579
0.627
0.492
0.454
0.446
0.469
0.488
0.417
0.448
0.535
0.489
0.313
0.341
0.323
0.305
0.303
0.319
0.345
0.436
0.457
0.480
0.523
0.453
0.375
0.323
0.349
0.326
0.327
0.457
0.416
0.417
0.436
0.451
0.340
0.478
0.474
0.474
0.511
0.387
0.375
0.386
0.457
0.523
0.597
0.580
0.459
0.615
0.488
0.454
0.767
0.858
0.850
0.817
0.652
0.414
0.455
0.657
0.645
0.547
0.552
0.486
0.419
0.685
0.571
0.726
0.840
0.730
0.410
0.425
0.453
0.310
0.346
0.473
0.375
0.534
0.549
0.534
0.575
0.575
0.488
0.476
0.417
0.399
0.298
0.263
0.451
0.413
0.380
0.384
0.414
0.351
0.398
0.458
0.434
0.393
0.320
0.285
0.176
0.173
0.233
0.282
0.258
0.227
0.194
0.221
0.218
0.254
0.211
0.176
0.165
0.257
0.277
0.199
0.131
0.135
0.133
0.128
0.138
0.199
0.237
0.275
0.333
0.363
0.529
0.474
0.242
0.168
0.144
0.167
0.213
0.192
0.178
0.240
0.345
0.312
0.188
0.063
0.069
0.078
0.084
0.101
0.097
0.099
0.124
0.128
0.153
0.179
0.212
0.226
0.248
0.220
0.299
0.323
0.308
0.234
0.263
0.194
0.177
0.308
0.252
0.232
0.254
0.268
0.316
0.333
0.286
0.334
0.327
0.385
0.369
0.394
0.388
0.453
0.495
0.342
0.270
0.180
0.215
0.255
0.295
0.299
0.429
0.447
0.417
0.424
0.541
0.581
0.547
0.582
0.646
0.649
0.631
0.651
0.732
0.719
0.811
0.902
0.876
0.715
0.678
0.733
0.734
0.717
0.691
0.674
0.748
0.751
0.847
0.812
0.787
0.739
0.740
0.826
0.753
0.796
0.730
0.771
0.780
0.777
0.818
0.740
0.772
0.788
0.845
0.860
0.877
0.852
0.855
0.926
0.814
0.800
0.864
0.891
0.853
0.857
0.819
0.845
0.800
0.817
0.816
0.799
0.781
0.786
0.707
0.756
0.790
0.793
0.811
0.838
0.849
0.860
0.842
0.838
0.840
0.826
0.860
0.836
0.854
0.905
0.889
0.888
0.845
0.843
0.776
0.784
0.756
0.830
0.873
0.876
0.828
0.779
0.724
0.732
0.699
0.782
0.789
0.778
0.769
0.733
0.775
0.830
0.768
0.783
0.757
0.740
0.787
0.846
0.855
0.824
0.813
0.737
0.680
0.785
0.855
0.890
0.848
0.753
0.717
0.808
0.883
0.804
0.746
0.717
0.733
0.811
0.748
0.778
0.815
0.816
0.750
0.735
0.695
0.691
0.627
0.651
0.675
0.672
0.691
0.652
0.635
0.649
0.651
0.583
0.615
0.580
0.718
0.755
0.664
0.570
0.669
0.640
0.608
0.589
0.575
0.532
0.537
0.551
0.612
0.632
0.612
0.638
0.577
0.547
0.561
0.562
0.553
0.550
0.522
0.531
0.537
0.609
0.678
0.660
0.443
0.367
0.393
0.511
0.604
0.624
0.551
0.550
0.560
0.551
0.597
0.580
0.559
0.561
0.565
0.540
0.642
0.597
0.622
0.607
0.532
0.525
0.583
0.464
0.416
0.563
0.543
0.531
0.513
0.525
0.588
0.550
0.449
0.575
0.584
0.606
0.634
0.618
0.600
0.626
0.533
0.624
0.568
0.581
0.545
0.475
0.626
0.685
0.685
0.651
0.659
0.668
0.639
0.614
0.601
0.593
0.567
0.576
0.548
0.465
0.550
0.632
0.595
0.598
0.576
0.607
0.553
0.539
0.555
0.551
0.487
0.401
0.513
0.525
0.537
0.524
0.487
0.504
0.488
0.490
0.472
0.369
0.407
0.484
0.530
0.445
0.362
0.369
0.338
0.352
0.439
0.326
0.215
0.281
0.413
0.422
0.295
0.242
0.168
0.187
0.289
0.365
0.401
0.290
0.240
0.181
0.255
0.205
0.204
0.190
0.165
0.167
0.165
0.178
0.162
0.183
0.184
0.167
0.199
0.283
0.245
0.256
0.199
0.237
0.264
0.191
0.257
0.336
0.342
0.242
0.185
0.234
0.320
0.252
0.227
0.169
0.159
0.195
0.262
0.152
0.165
0.120
0.131
0.183
0.188
0.199
0.234
0.109
0.074
0.083
0.156
0.255
0.065
0.041
0.050
0.062
0.044
0.062
0.167
0.221
0.262
0.356
0.328
0.258
0.249
0.220
0.126
0.092
0.107
0.129
0.414
0.635
0.541
0.486
0.384
0.390
0.439
0.475
0.453
0.463
0.499
0.436
0.361
0.370
0.746
0.644
0.550
0.422
0.417
0.405
0.388
0.382
0.315
0.291
0.349
0.367
0.361
0.289
0.170
0.100
0.157
0.256
0.323
0.378
0.328
0.310
0.198
0.166
0.160
0.143
0.136
0.144
0.243
0.250
0.357
0.384
0.345
0.411
0.546
0.595
0.739
0.819
0.819
0.641
0.644
0.701
0.645
0.699
0.725
0.678
0.688
0.642
0.559
0.535
0.530
0.568
0.608
0.575
0.510
0.620
0.683
0.635
0.669
0.603
0.536
0.521
0.526
0.790
0.823
0.776
0.706
0.667
0.608
0.761
0.757
0.628
0.556
0.659
0.665
0.667
0.671
0.718
0.748
0.686
0.751
0.890
0.818
0.820
0.805
0.782
0.807
0.749
0.735
0.762
0.735
0.901
0.801
0.819
0.796
0.806
0.801
0.775
0.773
0.794
0.722
0.657
0.763
0.875
0.925
0.852
0.862
0.918
0.817
0.797
0.749
0.718
0.655
0.752
0.771
0.716
0.623
0.604
0.693
0.684
0.749
0.719
0.767
0.812
0.743
0.689
0.700
0.765
0.770
0.714
0.839
0.829
0.873
0.869
0.879
0.887
0.879
0.707
0.716
0.670
0.640
0.661
0.667
0.724
0.690
0.623
0.617
0.589
0.532
0.554
0.609
0.621
0.539
0.481
0.541
0.495
0.494
0.503
0.520
0.554
0.637
0.649
0.670
0.621
0.587
0.592
0.555
0.487
0.466
0.431
0.510
0.461
0.582
0.611
0.588
0.739
0.916
0.769
0.582
0.396
0.430
0.449
0.478
0.534
0.510
0.453
0.472
0.450
0.474
0.479
0.520
0.586
0.569
0.590
0.474
0.431
0.439
0.428
0.370
0.403
0.474
0.542
0.535
0.484
0.462
0.457
0.554
0.672
0.609
0.459
0.406
0.472
0.436
0.446
0.451
0.510
0.561
0.541
0.534
0.548
0.657
0.598
0.703
0.654
0.582
0.696
0.667
0.627
0.604
0.534
0.560
0.585
0.504
0.555
0.689
0.698
0.707
0.657
0.629
0.634
0.590
0.610
0.571
0.585
0.599
0.590
0.556
0.568
0.595
0.607
0.566
0.522
0.576
0.523
0.434
0.428
0.434
0.526
0.605
0.559
0.490
0.606
0.541
0.611
0.619
0.606
0.559
0.599
0.509
0.359
0.400
0.457
0.482
0.495
0.482
0.438
0.478
0.470
0.443
0.405
0.505
0.460
0.277
0.289
0.315
0.310
0.252
0.298
0.239
0.287
0.265
0.208
0.214
0.217
0.250
0.262
0.301
0.246
0.270
0.267
0.249
0.210
0.171
0.128
0.136
0.200
0.191
0.144
0.153
0.250
0.338
0.161
0.125
0.111
0.133
0.123
0.105
0.092
0.133
0.105
0.086
0.088
0.112
0.209
0.196
0.214
0.268
0.265
0.343
0.317
0.185
0.142
0.217
0.143
0.153
0.116
0.189
0.407
0.351
0.365
0.392
0.363
0.426
0.333
0.219
0.272
0.405
0.442
0.312
0.227
0.164
0.194
0.164
0.124
0.118
0.245
0.277
0.418
0.337
0.290
0.328
0.345
0.372
0.346
0.422
0.485
0.463
0.480
0.405
0.372
0.297
0.260
0.271
0.286
0.336
0.355
0.240
0.212
0.161
0.277
0.330
0.286
0.306
0.330
0.387
0.361
0.317
0.327
0.464
0.659
0.541
0.530
0.523
0.489
0.577
0.550
0.571
0.601
0.597
0.521
0.540
0.526
0.599
0.712
0.659
0.609
0.538
0.523
0.550
0.472
0.355
0.463
0.829
0.824
0.800
0.775
0.697
0.663
0.630
0.681
0.668
0.662
0.578
0.645
0.684
0.750
0.658
0.751
0.789
0.659
0.596
0.744
0.781
0.794
0.767
0.706
0.639
0.690
0.640
0.588
0.539
0.480
0.493
0.453
0.587
0.787
0.711
0.716
0.755
0.687
0.720
0.814
0.826
0.803
0.809
0.843
0.862
0.806
0.754
0.762
0.732
0.793
0.747
0.751
0.738
0.769
0.685
0.678
0.792
0.735
0.776
0.789
0.748
0.733
0.799
0.845
0.762
0.827
0.846
0.878
0.889
0.866
0.823
0.786
0.806
0.856
0.845
0.807
0.725
0.747
0.719
0.664
0.684
0.656
0.668
0.673
0.731
0.738
0.761
0.802
0.798
0.783
0.715
0.658
0.640
0.698
0.653
0.731
0.861
0.850
0.854
0.824
0.753
0.869
0.945
0.826
0.792
0.729
0.685
0.707
0.638
0.661
0.649
0.637
0.661
0.727
0.689
0.665
0.605
0.663
0.633
0.553
0.558
0.618
0.677
0.659
0.570
0.559
0.604
0.586
0.585
0.552
0.611
0.677
0.610
0.423
0.426
0.451
0.557
0.535
0.602
0.670
0.669
0.518
0.431
0.387
0.357
0.398
0.446
0.521
0.515
0.758
0.868
0.770
0.663
0.496
0.455
0.452
0.461
0.448
0.464
0.450
0.553
0.460
0.445
0.410
0.487
0.508
0.563
0.617
0.639
0.571
0.580
0.472
0.557
0.661
0.744
0.707
0.760
0.800
0.817
0.729
0.784
0.790
0.764
0.607
0.662
0.643
0.712
0.712
0.791
0.696
0.559
0.630
0.590
0.640
0.659
0.669
0.679
0.687
0.695
0.755
0.652
0.587
0.597
0.615
0.645
0.595
0.661
0.664
0.655
0.649
0.649
0.645
0.594
0.520
0.479
0.548
0.525
0.613
0.639
0.588
0.475
0.737
0.596
0.465
0.495
0.527
0.508
0.458
0.438
0.465
0.382
0.328
0.326
0.273
0.323
0.352
0.383
0.416
0.272
0.235
0.233
0.307
0.238
0.256
0.335
0.299
0.320
0.322
0.289
0.226
0.293
0.318
0.286
0.182
0.158
0.171
0.231
0.306
0.220
0.229
0.360
0.369
0.401
0.394
0.281
0.260
0.257
0.546
0.518
0.199
0.128
0.160
0.183
0.238
0.231
0.252
0.361
0.380
0.307
0.221
0.219
0.288
0.327
0.240
0.189
0.200
0.140
0.178
0.373
0.432
0.343
0.322
0.316
0.337
0.335
0.353
0.378
0.448
0.358
0.298
0.328
0.368
0.219
0.236
0.331
0.368
0.358
0.363
0.292
0.289
0.297
0.357
0.483
0.558
0.475
0.375
0.310
0.264
0.409
0.422
0.366
0.379
0.352
0.373
0.380
0.375
0.332
0.323
0.266
0.267
0.302
0.323
0.332
0.312
0.329
0.324
0.442
0.430
0.478
0.668
0.618
0.733
0.874
0.921
0.896
0.754
0.658
0.638
0.683
0.827
0.854
0.904
0.862
0.869
0.901
0.885
0.818
0.864
0.918
0.866
0.814
0.834
0.833
0.802
0.804
0.772
0.790
0.814
0.832
0.890
0.865
0.848
0.874
0.895
0.898
0.882
0.900
0.827
0.828
0.776
0.710
0.711
0.928
0.911
0.905
0.861
0.853
0.897
0.894
0.900
0.912
0.927
0.900
0.921
0.922
0.919
0.888
0.878
0.910
0.876
0.885
0.934
0.886
0.935
0.912
0.822
0.755
0.879
0.886
0.869
0.888
0.882
0.876
0.869
0.832
0.825
0.832
0.859
0.896
0.883
0.832
0.824
0.851
0.875
0.914
0.896
0.891
0.902
0.890
0.788
0.858
0.899
0.885
0.940
0.918
0.942
0.934
0.920
0.957
0.938
0.943
0.930
0.935
0.891
0.887
0.875
0.869
0.865
0.818
0.863
0.869
0.847
0.823
0.788
0.838
0.837
0.808
0.775
0.775
0.786
0.779
0.793
0.772
0.783
0.836
0.858
0.750
0.883
0.857
0.821
0.740
0.664
0.648
0.594
0.597
0.681
0.608
0.614
0.679
0.666
0.706
0.730
0.687
0.664
0.682
0.677
0.656
0.603
0.626
0.665
0.714
0.717
0.645
0.655
0.637
0.641
0.658
0.652
0.601
0.577
0.568
0.578
0.565
0.615
0.577
0.560
0.582
0.569
0.613
0.666
0.659
0.600
0.575
0.591
0.678
0.664
0.627
0.606
0.549
0.399
0.544
0.553
0.576
0.568
0.519
0.584
0.614
0.586
0.552
0.527
0.465
0.431
0.566
0.565
0.619
0.559
0.623
0.558
0.485
0.770
0.886
0.859
0.856
0.755
0.709
0.780
0.635
0.568
0.464
0.576
0.631
0.576
0.599
0.660
0.609
0.591
0.576
0.519
0.725
0.663
0.580
0.600
0.618
0.574
0.508
0.539
0.590
0.507
0.507
0.505
0.506
0.493
0.547
0.599
0.580
0.491
0.516
0.448
0.629
0.408
0.520
0.604
0.462
0.436
0.515
0.639
0.691
0.472
0.355
0.432
0.500
0.551
0.429
0.344
0.320
0.282
0.278
0.262
0.310
0.305
0.307
0.287
0.309
0.363
0.359
0.344
0.263
0.202
0.212
0.178
0.187
0.354
0.461
0.298
0.235
0.224
0.267
0.327
0.299
0.274
0.171
0.111
0.135
0.185
0.178
0.212
0.167
0.174
0.146
0.183
0.306
0.209
0.204
0.227
0.333
0.463
0.455
0.458
0.501
0.498
0.578
0.452
0.342
0.277
0.218
0.231
0.185
0.183
0.195
0.225
0.334
0.221
0.171
0.149
0.138
0.211
0.214
0.170
0.168
0.185
0.302
0.365
0.340
0.319
0.367
0.262
0.189
0.193
0.248
0.290
0.291
0.321
0.280
0.145
0.143
0.117
0.189
0.383
0.313
0.226
0.213
0.164
0.132
0.120
0.184
0.236
0.281
0.269
0.212
0.195
0.261
0.286
0.271
0.306
0.298
0.313
0.265
0.335
0.270
0.259
0.240
0.194
0.266
0.230
0.230
0.248
0.372
0.489
0.534
0.502
0.484
0.579
0.713
0.717
0.728
0.632
0.508
0.400
0.491
0.406
0.368
0.440
0.511
0.551
0.716
0.892
0.890
0.853
0.821
0.855
0.829
0.757
0.843
0.752
0.748
0.783
0.818
0.765
0.700
0.747
0.813
0.858
0.774
0.822
0.870
0.850
0.784
0.774
0.831
0.874
0.838
0.791
0.781
0.647
0.748
0.784
0.841
0.823
0.768
0.774
0.750
0.698
0.825
0.808
0.792
0.668
0.620
0.630
0.671
0.673
0.706
0.727
0.747
0.765
0.757
0.688
0.615
0.609
0.722
0.690
0.643
0.604
0.587
0.516
0.526
0.535
0.762
0.844
0.894
0.838
0.666
0.731
0.871
0.814
0.751
0.788
0.845
0.847
0.870
0.913
0.845
0.744
0.720
0.718
0.697
0.633
0.632
0.642
0.621
0.603
0.578
0.588
0.579
0.576
0.613
0.611
0.642
0.594
0.504
0.512
0.533
0.653
0.733
0.605
0.608
0.625
0.624
0.619
0.635
0.649
0.628
0.590
0.574
0.525
0.499
0.585
0.590
0.539
0.449
0.425
0.414
0.445
0.431
0.514
0.413
0.372
0.815
0.817
0.680
0.459
0.501
0.486
0.403
0.438
0.555
0.469
0.422
0.436
0.400
0.396
0.357
0.414
0.384
0.327
0.333
0.328
0.349
0.335
0.352
0.398
0.372
0.351
0.367
0.352
0.438
0.414
0.368
0.320
0.322
0.327
0.336
0.351
0.366
0.354
0.350
0.599
0.368
0.300
0.409
0.480
0.471
0.464
0.433
0.449
0.485
0.479
0.487
0.440
0.427
0.473
0.508
0.502
0.486
0.420
0.345
0.472
0.472
0.414
0.418
0.403
0.305
0.307
0.335
0.350
0.456
0.555
0.593
0.543
0.505
0.513
0.515
0.516
0.423
0.296
0.384
0.482
0.373
0.383
0.408
0.380
0.467
0.511
0.484
0.436
0.472
0.385
0.344
0.352
0.368
0.355
0.299
0.355
0.551
0.451
0.374
0.374
0.338
0.287
0.311
0.296
0.539
0.833
0.795
0.702
0.596
0.506
0.461
0.416
0.359
0.363
0.483
0.401
0.359
0.268
0.269
0.360
0.355
0.418
0.402
0.233
0.210
0.241
0.238
0.249
0.208
0.202
0.221
0.227
0.237
0.257
0.257
0.268
0.216
0.253
0.238
0.242
0.207
0.263
0.232
0.178
0.153
0.168
0.279
0.281
0.214
0.210
0.185
0.202
0.183
0.135
0.107
0.112
0.128
0.141
0.133
0.160
0.167
0.137
0.109
0.188
0.162
0.354
0.301
0.319
0.389
0.538
0.575
0.481
0.318
0.240
0.225
0.211
0.191
0.169
0.160
0.151
0.128
0.086
0.080
0.347
0.447
0.404
0.334
0.274
0.323
0.203
0.177
0.173
0.150
0.168
0.301
0.234
0.194
0.265
0.292
0.231
0.202
0.222
0.296
0.290
0.277
0.305
0.213
0.447
0.604
0.826
0.709
0.628
0.339
0.278
0.352
0.360
0.371
0.373
0.298
0.258
0.331
0.380
0.595
0.664
0.796
0.796
0.636
0.606
0.545
0.446
0.348
0.340
0.409
0.571
0.688
0.747
0.674
0.653
0.803
0.794
0.738
0.691
0.680
0.579
0.590
0.511
0.516
0.494
0.510
0.564
0.663
0.710
0.672
0.658
0.641
0.607
0.615
0.602
0.654
0.753
0.786
0.755
0.757
0.782
0.774
0.871
0.898
0.778
0.666
0.700
0.801
0.821
0.775
0.640
0.712
0.656
0.729
0.689
0.683
0.708
0.800
0.741
0.766
0.742
0.667
0.630
0.694
0.712
0.742
0.753
0.839
0.895
0.816
0.749
0.655
0.590
0.574
0.594
0.852
0.828
0.761
0.665
0.664
0.771
0.669
0.533
0.572
0.579
0.546
0.537
0.586
0.700
0.715
0.731
0.636
0.579
0.618
0.603
0.535
0.571
0.843
0.900
0.785
0.750
0.734
0.756
0.820
0.852
0.858
0.899
0.889
0.932
0.935
0.950
0.923
0.917
0.878
0.899
0.865
0.828
0.843
0.875
0.813
0.797
0.935
0.937
0.921
0.902
0.899
0.855
0.804
0.830
0.835
0.805
0.807
0.808
0.863
0.873
0.855
0.748
0.688
0.669
0.711
0.681
0.678
0.700
0.686
0.561
0.685
0.671
0.652
0.721
0.680
0.556
0.557
0.585
0.554
0.670
0.698
0.657
0.607
0.600
0.626
0.626
0.595
0.547
0.529
0.556
0.627
0.616
0.709
0.670
0.635
0.570
0.588
0.563
0.537
0.491
0.516
0.630
0.602
0.609
0.658
0.582
0.475
0.518
0.489
0.566
0.590
0.622
0.657
0.612
0.603
0.600
0.557
0.588
0.553
0.492
0.481
0.429
0.494
0.637
0.607
0.531
0.528
0.671
0.578
0.541
0.540
0.573
0.459
0.518
0.547
0.691
0.771
0.827
0.818
0.748
0.701
0.686
0.662
0.663
0.890
0.760
0.726
0.723
0.680
0.629
0.610
0.654
0.631
0.665
0.725
0.679
0.655
0.612
0.525
0.512
0.510
0.588
0.558
0.626
0.638
0.582
0.497
0.503
0.450
0.399
0.546
0.780
0.871
0.654
0.578
0.649
0.601
0.543
0.499
0.736
0.645
0.583
0.622
0.777
0.852
0.871
0.674
0.593
0.536
0.540
0.502
0.431
0.490
0.457
0.430
0.440
0.476
0.438
0.374
0.370
0.350
0.370
0.379
0.372
0.274
0.316
0.273
0.284
0.335
0.340
0.345
0.286
0.229
0.202
0.221
0.199
0.183
0.197
0.196
0.194
0.226
0.283
0.321
0.248
0.116
0.094
0.089
0.110
0.123
0.181
0.201
0.193
0.169
0.191
0.205
0.180
0.145
0.134
0.123
0.153
0.140
0.143
0.146
0.163
0.131
0.199
0.207
0.263
0.250
0.300
0.326
0.248
0.250
0.240
0.192
0.242
0.221
0.149
0.178
0.155
0.136
0.159
0.152
0.154
0.145
0.170
0.151
0.132
0.115
0.226
0.340
0.570
0.772
0.871
0.601
0.561
0.562
0.482
0.436
0.366
0.274
0.245
0.267
0.330
0.355
0.366
0.298
0.239
0.231
0.184
0.156
0.201
0.285
0.295
0.385
0.466
0.489
0.530
0.485
0.359
0.329
0.321
0.423
0.437
0.501
0.454
0.488
0.565
0.765
0.923
0.957
0.945
0.869
0.760
0.677
0.659
0.681
0.721
0.690
0.730
0.768
0.840
0.892
0.873
0.891
0.891
0.854
0.888
0.883
0.763
0.772
0.828
0.801
0.797
0.777
0.801
0.800
0.781
