20000101
0.425
0.398
0.379
0.360
0.398
0.370
0.394
0.474
0.511
0.487
0.542
0.581
0.520
0.518
0.400
0.269
0.272
0.384
0.440
0.398
0.468
0.419
0.490
0.508
0.535
0.569
0.511
0.448
0.468
0.451
0.382
0.408
0.601
0.662
0.489
0.555
0.831
0.719
0.540
0.320
0.345
0.583
0.702
0.615
0.394
0.270
0.382
0.410
0.195
0.197
0.201
0.255
0.481
0.242
0.132
0.150
0.142
0.159
0.188
0.194
0.231
0.331
0.338
0.329
0.298
0.258
0.177
0.150
0.121
0.114
0.119
0.196
0.371
0.415
0.289
0.107
0.105
0.153
0.160
0.110
0.097
0.095
0.221
0.321
0.154
0.150
0.146
0.178
0.113
0.126
0.101
0.092
0.106
0.080
0.078
0.071
0.062
0.050
0.066
0.079
0.079
0.092
0.211
0.270
0.255
0.352
0.294
0.206
0.282
0.292
0.271
0.266
0.299
0.187
0.250
0.426
0.479
0.516
0.449
0.451
0.387
0.200
0.462
0.541
0.504
0.321
0.315
0.335
0.318
0.238
0.199
0.208
0.242
0.267
0.199
0.224
0.333
0.274
0.258
0.361
0.517
0.534
0.619
0.590
0.493
0.419
0.486
0.465
0.509
0.545
0.550
0.455
0.383
0.433
0.439
0.384
0.469
0.585
0.705
0.592
0.600
0.549
0.545
0.422
0.289
0.280
0.473
0.606
0.580
0.668
0.781
0.680
0.690
0.768
0.679
0.594
0.491
0.469
0.484
0.506
0.548
0.501
0.467
0.482
0.469
0.459
0.442
0.428
0.585
0.621
0.615
0.672
0.735
0.749
0.766
0.765
0.743
0.738
0.654
0.670
0.776
0.793
0.923
0.732
0.829
0.806
0.761
0.799
0.747
0.754
0.796
0.787
0.794
0.815
0.769
0.642
0.543
0.514
0.532
0.587
0.692
0.751
0.728
0.750
0.675
0.705
0.691
0.742
0.707
0.732
0.752
0.718
0.702
0.703
0.645
0.590
0.597
0.624
0.597
0.586
0.585
0.683
0.791
0.868
0.925
0.883
0.791
0.695
0.785
0.866
0.855
0.852
0.860
0.879
0.795
0.731
0.678
0.802
0.899
0.831
0.902
0.895
0.885
0.938
0.905
0.890
0.877
0.839
0.743
0.687
0.723
0.700
0.679
0.650
0.623
0.705
0.788
0.684
0.666
0.657
0.633
0.613
0.609
0.580
0.599
0.639
0.534
0.479
0.590
0.546
0.550
0.513
0.530
0.541
0.545
0.572
0.587
0.495
0.570
0.658
0.616
0.734
0.645
0.640
0.631
0.613
0.572
0.457
0.488
0.508
0.464
0.499
0.468
0.454
0.426
0.434
0.464
0.488
0.527
0.553
0.543
0.478
0.487
0.493
0.469
0.497
0.535
0.579
0.533
0.449
0.370
0.319
0.337
0.313
0.343
0.308
0.307
0.363
0.262
0.297
0.403
0.458
0.466
0.488
0.488
0.479
0.428
0.456
0.374
0.485
0.579
0.499
0.393
0.376
0.442
0.395
0.478
0.473
0.499
0.610
0.633
0.620
0.595
0.582
0.595
0.513
0.674
0.713
0.605
0.537
0.488
0.515
0.434
0.466
0.332
0.364
0.377
0.383
0.448
0.344
0.442
0.448
0.398
0.322
0.421
0.444
0.389
0.392
0.316
0.311
0.293
0.374
0.413
0.504
0.481
0.403
0.398
0.321
0.213
0.165
0.253
0.233
0.202
0.211
0.190
0.231
0.253
0.271
0.325
0.301
0.342
0.185
0.278
0.323
0.391
0.324
0.215
0.294
0.410
0.313
0.367
0.342
0.336
0.245
0.204
0.220
0.164
0.103
0.135
0.352
0.267
0.121
0.137
0.144
0.141
0.139
0.141
0.149
0.156
0.179
0.192
0.116
0.097
0.116
0.127
0.157
0.194
0.260
0.161
0.082
0.127
0.134
0.144
0.146
0.262
0.418
0.371
0.126
0.158
0.118
0.080
0.098
0.111
0.120
0.092
0.077
0.078
0.100
0.142
0.319
0.355
0.345
0.257
0.390
0.272
0.173
0.162
0.129
0.110
0.119
0.119
0.134
0.201
0.183
0.348
0.420
0.492
0.367
0.345
0.354
0.332
0.536
0.500
0.529
0.474
0.412
0.518
0.427
0.360
0.285
0.385
0.377
0.356
0.288
0.251
0.238
0.267
0.247
0.211
0.181
0.302
0.464
0.443
0.326
0.285
0.459
0.365
0.367
0.459
0.549
0.609
0.563
0.423
0.378
0.365
0.421
0.450
0.501
0.492
0.528
0.705
0.809
0.789
0.731
0.781
0.707
0.746
0.691
0.794
0.784
0.794
0.726
0.732
0.773
0.740
0.708
0.786
0.759
0.744
0.686
0.674
0.621
0.581
0.642
0.633
0.665
0.813
0.765
0.749
0.762
0.716
0.739
0.823
0.788
0.751
0.709
0.726
0.805
0.753
0.700
0.717
0.696
0.753
0.795
0.808
0.838
0.789
0.717
0.657
0.699
0.774
0.773
0.791
0.790
0.745
0.624
0.588
0.669
0.674
0.700
0.607
0.688
0.720
0.711
0.624
0.624
0.699
0.704
0.710
0.750
0.824
0.822
0.832
0.809
0.799
0.801
0.815
0.832
0.860
0.856
0.842
0.867
0.859
0.872
0.911
0.895
0.890
0.909
0.897
0.850
0.931
0.876
0.863
0.868
0.828
0.861
0.803
0.727
0.636
0.670
0.762
0.683
0.741
0.760
0.701
0.731
0.806
0.804
0.817
0.862
0.886
0.862
0.891
0.894
0.875
0.828
0.739
0.714
0.729
0.704
0.682
0.706
0.763
0.681
0.658
0.633
0.597
0.650
0.684
0.683
0.668
0.587
0.605
0.623
0.624
0.539
0.648
0.611
0.671
0.642
0.583
0.621
0.689
0.611
0.559
0.584
0.617
0.444
0.487
0.489
0.474
0.522
0.471
0.463
0.554
0.552
0.504
0.542
0.536
0.536
0.548
0.543
0.526
0.523
0.499
0.506
0.552
0.523
0.481
0.392
0.390
0.412
0.493
0.488
0.458
0.537
0.560
0.510
0.535
0.587
0.587
0.550
0.550
0.614
0.569
0.625
0.558
0.577
0.596
0.526
0.409
0.463
0.492
0.492
0.556
0.572
0.571
0.613
0.586
0.466
0.426
0.431
0.455
0.461
0.523
0.585
0.589
0.555
0.562
0.542
0.561
0.497
0.566
0.513
0.548
0.540
0.497
0.573
0.555
0.544
0.557
0.527
0.784
0.671
0.415
0.394
0.460
0.442
0.800
0.793
0.587
0.580
0.475
0.458
0.377
0.345
0.480
0.468
0.434
0.783
0.699
0.587
0.453
0.547
0.576
0.552
0.533
0.507
0.483
0.465
0.405
0.325
0.318
0.329
0.404
0.394
0.476
0.480
0.254
0.302
0.364
0.341
0.424
0.351
0.260
0.216
0.207
0.212
0.387
0.325
0.210
0.160
0.161
0.187
0.282
0.307
0.170
0.170
0.171
0.169
0.180
0.179
0.165
0.187
0.274
0.366
0.511
0.332
0.210
0.234
0.235
0.255
0.450
0.511
0.462
0.359
0.311
0.319
0.232
0.162
0.150
0.126
0.222
0.289
0.237
0.326
0.388
0.371
0.322
0.114
0.123
0.271
0.304
0.343
0.438
0.411
0.415
0.328
0.291
0.438
0.401
0.394
0.494
0.463
0.519
0.453
0.485
0.412
0.315
0.348
0.342
0.317
0.396
0.416
0.427
0.466
0.429
0.383
0.376
0.333
0.200
0.127
0.206
0.413
0.470
0.416
0.429
0.506
0.492
0.466
0.465
0.377
0.312
0.341
0.362
0.376
0.445
0.383
0.327
0.373
0.484
0.540
0.628
0.623
0.510
0.513
0.515
0.541
0.506
0.451
0.423
0.437
0.451
0.523
0.749
0.541
0.531
0.621
0.479
0.405
0.405
0.443
0.571
0.742
0.720
0.863
0.843
0.733
0.499
0.390
0.385
0.383
0.278
0.268
0.304
0.368
0.587
0.606
0.557
0.596
0.659
0.704
0.764
0.790
0.665
0.491
0.452
0.478
0.514
0.496
0.477
0.561
0.612
0.631
0.693
0.743
0.754
0.786
0.784
0.747
0.670
0.701
0.835
0.866
0.927
0.876
0.877
0.875
0.873
0.896
0.890
0.862
0.874
0.912
0.855
0.839
0.778
0.709
0.652
0.740
0.796
0.797
0.776
0.774
0.753
0.809
0.894
0.809
0.806
0.791
0.784
0.790
0.809
0.811
0.847
0.861
0.793
0.772
0.682
0.647
0.647
0.673
0.648
0.566
0.740
0.855
0.885
0.907
0.898
0.913
0.858
0.868
0.830
0.765
0.627
0.571
0.642
0.677
0.656
0.659
0.645
0.785
0.772
0.725
0.656
0.673
0.717
0.753
0.738
0.638
0.683
0.863
0.769
0.684
0.590
0.579
0.581
0.604
0.492
0.456
0.499
0.526
0.500
0.528
0.499
0.508
0.522
0.517
0.558
0.587
0.625
0.596
0.512
0.552
0.487
0.488
0.684
0.659
0.431
0.437
0.451
0.474
0.499
0.459
0.468
0.529
0.583
0.504
0.519
0.475
0.419
0.477
0.425
0.397
0.342
0.308
0.313
0.382
0.428
0.480
0.456
0.321
0.333
0.307
0.306
0.255
0.320
0.377
0.453
0.585
0.555
0.517
0.527
0.610
0.543
0.428
0.461
0.580
0.527
0.588
0.548
0.465
0.482
0.533
0.605
0.537
0.705
0.759
0.616
0.560
0.568
0.498
0.532
0.508
0.460
0.409
0.512
0.445
0.363
0.381
0.349
0.468
0.456
0.434
0.428
0.333
0.364
0.371
0.347
0.464
0.484
0.439
0.478
0.464
0.691
0.692
0.532
0.686
0.843
0.722
0.771
0.727
0.676
0.516
0.470
0.508
0.556
0.445
0.507
0.297
0.312
0.308
0.344
0.345
0.367
0.536
0.648
0.545
0.416
0.420
0.432
0.401
0.348
0.306
0.341
0.361
0.324
0.292
0.185
0.135
0.188
0.163
0.152
0.166
0.170
0.290
0.693
0.633
0.400
0.281
0.366
0.373
0.366
0.268
0.317
0.212
0.275
0.254
0.246
0.289
0.280
0.231
0.277
0.265
0.253
0.387
0.176
0.252
0.142
0.293
0.415
0.276
0.118
0.067
0.090
0.100
0.115
0.114
0.100
0.184
0.238
0.211
0.305
0.164
0.166
0.371
0.245
0.209
0.278
0.373
0.349
0.302
0.354
0.412
0.510
0.456
0.427
0.381
0.381
0.299
0.076
0.062
0.067
0.189
0.511
0.460
0.327
0.312
0.311
0.347
0.332
0.285
0.249
0.349
0.311
0.342
0.309
0.481
0.408
0.339
0.269
0.236
0.161
0.122
0.220
0.241
0.193
0.226
0.246
0.306
0.313
0.318
0.405
0.515
0.437
0.487
0.426
0.394
0.327
0.340
0.351
0.362
0.423
0.379
0.444
0.541
0.521
0.554
0.745
0.848
0.853
0.618
0.687
0.816
0.791
0.664
0.786
0.770
0.810
0.776
0.769
0.748
0.655
0.574
0.611
0.748
0.777
0.737
0.681
0.770
0.828
0.809
0.776
0.741
0.661
0.568
0.608
0.692
0.736
0.717
0.668
0.795
0.785
0.812
0.777
0.815
0.775
0.857
0.870
0.839
0.772
0.714
0.636
0.679
0.633
0.656
0.712
0.746
0.795
0.841
0.874
0.848
0.842
0.789
0.752
0.814
0.836
0.806
0.752
0.793
0.831
0.791
0.770
0.766
0.774
0.749
0.752
0.787
0.840
0.818
0.839
0.812
0.812
0.805
0.784
0.845
0.851
0.865
0.784
0.721
0.747
0.870
0.816
0.835
0.842
0.816
0.812
0.805
0.812
0.798
0.761
0.803
0.850
0.846
0.854
0.828
0.823
0.872
0.829
0.818
0.732
0.690
0.662
0.734
0.804
0.890
0.934
0.948
0.888
0.759
0.699
0.704
0.564
0.637
0.687
0.689
0.627
0.737
0.717
0.560
0.529
0.820
0.942
0.938
0.944
0.879
0.815
0.814
0.742
0.787
0.672
0.709
0.663
0.651
0.608
0.597
0.604
0.649
0.653
0.634
0.577
0.537
0.529
0.556
0.594
0.581
0.582
0.555
0.521
0.487
0.484
0.506
0.499
0.536
0.525
0.486
0.502
0.408
0.467
0.497
0.529
0.477
0.478
0.494
0.509
0.561
0.554
0.637
0.649
0.592
0.542
0.518
0.557
0.524
0.540
0.652
0.747
0.712
0.559
0.397
0.448
0.447
0.455
0.396
0.481
0.417
0.423
0.741
0.734
0.677
0.593
0.518
0.601
0.557
0.589
0.535
0.487
0.511
0.528
0.524
0.596
0.608
0.572
0.538
0.614
0.584
0.588
0.646
0.660
0.597
0.600
0.576
0.586
0.839
0.843
0.684
0.568
0.545
0.592
0.614
0.589
0.564
0.608
0.529
0.529
0.508
0.530
0.501
0.501
0.485
0.485
0.492
0.527
0.499
0.506
0.502
0.490
0.505
0.487
0.484
0.483
0.443
0.453
0.373
0.307
0.330
0.441
0.438
0.446
0.332
0.234
0.178
0.157
0.172
0.166
0.146
0.142
0.149
0.229
0.231
0.283
0.384
0.268
0.258
0.266
0.210
0.208
0.218
0.250
0.228
0.196
0.446
0.344
0.228
0.211
0.112
0.125
0.125
0.136
0.096
0.110
0.115
0.103
0.306
0.226
0.410
0.370
0.267
0.218
0.275
0.310
0.426
0.395
0.340
0.213
0.235
0.262
0.137
0.309
0.261
0.487
0.436
0.329
0.314
0.357
0.374
0.388
0.339
0.301
0.331
0.365
0.400
0.300
0.173
0.099
0.115
0.115
0.118
0.181
0.169
0.159
0.217
0.179
0.172
0.344
0.297
0.326
0.352
0.338
0.312
0.330
0.413
0.422
0.430
0.473
0.432
0.360
0.381
0.316
0.364
0.285
0.299
0.353
0.383
0.481
0.350
0.357
0.395
0.363
0.431
0.355
0.348
0.335
0.387
0.477
0.703
0.829
0.760
0.666
0.626
0.630
0.722
0.735
0.867
0.643
0.451
0.388
0.454
0.435
0.389
0.381
0.347
0.395
0.430
0.625
0.607
0.690
0.756
0.723
0.775
0.811
0.751
0.733
0.595
0.601
0.666
0.671
0.825
0.855
0.826
0.758
0.688
0.649
0.639
0.743
0.762
0.788
0.764
0.717
0.760
0.776
0.807
0.843
0.824
0.803
0.759
0.769
0.799
0.806
0.784
0.830
0.823
0.803
0.807
0.791
0.798
0.888
0.806
0.806
0.770
0.754
0.729
0.710
0.835
0.798
0.812
0.793
0.830
0.820
0.746
0.810
0.778
0.865
0.854
0.713
0.697
0.645
0.635
0.597
0.616
0.688
0.640
0.691
0.717
0.796
0.826
0.819
0.802
0.769
0.862
0.879
0.901
0.920
0.885
0.861
0.789
0.764
0.733
0.709
0.644
0.737
0.685
0.697
0.713
0.751
0.815
0.790
0.791
0.812
0.859
0.907
0.923
0.818
0.734
0.729
0.687
0.659
0.719
0.788
0.819
0.603
0.611
0.569
0.627
0.641
0.590
0.550
0.581
0.543
0.522
0.541
0.628
0.587
0.587
0.580
0.486
0.460
0.456
0.325
0.321
0.445
0.470
0.444
0.425
0.453
0.519
0.489
0.473
0.396
0.368
0.417
0.415
0.449
0.509
0.502
0.586
0.553
0.599
0.609
0.591
0.589
0.623
0.587
0.516
0.466
0.505
0.500
0.511
0.532
0.546
0.477
0.470
0.594
0.617
0.587
0.609
0.614
0.608
0.546
0.513
0.542
0.379
0.529
0.630
0.573
0.551
0.506
0.628
0.624
0.558
0.495
0.320
0.309
0.338
0.373
0.402
0.423
0.461
0.486
0.499
0.520
0.430
0.355
0.345
0.407
0.386
0.390
0.500
0.660
0.589
0.521
0.528
0.576
0.552
0.726
0.668
0.471
0.414
0.403
0.576
0.725
0.686
0.559
0.524
0.639
0.693
0.700
0.846
0.909
0.622
0.431
0.517
0.443
0.353
0.394
0.575
0.526
0.408
0.345
0.374
0.343
0.266
0.354
0.404
0.545
0.445
0.447
0.339
0.248
0.520
0.452
0.364
0.271
0.241
0.223
0.249
0.254
0.258
0.253
0.268
0.243
0.251
0.215
0.271
0.336
0.371
0.352
0.358
0.302
0.253
0.269
0.300
0.403
0.359
0.340
0.306
0.233
0.224
0.232
0.371
0.459
0.202
0.234
0.342
0.404
0.277
0.220
0.112
0.109
0.122
0.137
0.201
0.218
0.204
0.208
0.289
0.300
0.229
0.056
0.063
0.085
0.100
0.116
0.127
0.090
0.092
0.201
0.198
0.174
0.155
0.203
0.166
0.167
0.143
0.169
0.148
0.214
0.270
0.286
0.265
0.281
0.161
0.221
0.320
0.406
0.329
0.203
0.104
0.085
0.102
0.137
0.184
0.206
0.272
0.324
0.431
0.563
0.417
0.430
0.404
0.409
0.328
0.328
0.328
0.250
0.179
0.146
0.183
0.122
0.081
0.099
0.213
0.354
0.294
0.337
0.357
0.242
0.165
0.136
0.131
0.226
0.214
0.132
0.187
0.285
0.237
0.318
0.363
0.321
0.376
0.444
0.474
0.406
0.463
0.467
0.571
0.726
0.732
0.688
0.562
0.591
0.749
0.771
0.714
0.623
0.546
0.533
0.647
0.732
0.898
0.838
0.904
0.843
0.845
0.872
0.699
0.595
0.649
0.666
0.613
0.553
0.663
0.622
0.642
0.669
0.672
0.640
0.651
0.652
0.654
0.561
0.651
0.734
0.730
0.755
0.806
0.738
0.717
0.694
0.725
0.700
0.645
0.704
0.790
0.782
0.756
0.745
0.757
0.805
0.840
0.839
0.810
0.848
0.833
0.808
0.756
0.708
0.697
0.675
0.653
0.669
0.607
0.649
0.748
0.771
0.834
0.822
0.737
0.818
0.790
0.845
0.796
0.795
0.826
0.729
0.697
0.684
0.850
0.784
0.717
0.812
0.809
0.820
0.823
0.701
0.747
0.715
0.665
0.626
0.611
0.660
0.747
0.862
0.821
0.770
0.755
0.712
0.679
0.614
0.623
0.651
0.610
0.650
0.701
0.861
0.716
0.803
0.728
0.887
0.926
0.893
0.885
0.857
0.804
0.812
0.754
0.715
0.675
0.684
0.605
0.610
0.654
0.676
0.633
0.522
0.532
0.486
0.579
0.601
0.548
0.527
0.495
0.542
0.464
0.468
0.504
0.413
0.374
0.377
0.355
0.378
0.448
0.488
0.540
0.544
0.536
0.495
0.465
0.500
0.511
0.401
0.364
0.373
0.355
0.281
0.268
0.365
0.439
0.534
0.578
0.515
0.450
0.407
0.277
0.301
0.359
0.411
0.460
0.472
0.503
0.462
0.556
0.621
0.643
0.575
0.395
0.442
0.395
0.469
0.553
0.580
0.639
0.543
0.517
0.497
0.422
0.414
0.374
0.384
0.319
0.296
0.326
0.355
0.387
0.466
0.384
0.528
0.482
0.532
0.453
0.396
0.325
0.312
0.292
0.314
0.277
0.381
0.460
0.388
0.367
0.440
0.496
0.558
0.590
0.628
0.460
0.329
0.427
0.531
0.478
0.523
0.424
0.418
0.433
0.442
0.485
0.402
0.443
0.384
0.299
0.367
0.415
0.442
0.402
0.296
0.241
0.203
0.191
0.162
0.197
0.199
0.165
0.182
0.353
0.252
0.204
0.179
0.209
0.205
0.245
0.514
0.800
0.641
0.477
0.357
0.375
0.388
0.313
0.169
0.142
0.177
0.195
0.207
0.168
0.148
0.175
0.164
0.129
0.147
0.130
0.142
0.159
0.150
0.146
0.148
0.257
0.222
0.374
0.380
0.401
0.374
0.418
0.236
0.125
0.094
0.072
0.086
0.151
0.260
0.537
0.596
0.429
0.288
0.284
0.292
0.238
0.207
0.193
0.182
0.248
0.211
0.168
0.164
0.211
0.263
0.213
0.183
0.203
0.381
0.422
0.403
0.360
0.385
0.376
0.534
0.478
0.394
0.366
0.307
0.252
0.239
0.270
0.295
0.297
0.319
0.322
0.357
0.347
0.412
0.466
0.454
0.418
0.312
0.297
0.361
0.396
0.512
0.519
0.566
0.780
0.789
0.710
0.708
0.487
0.330
0.262
0.346
0.289
0.285
0.358
0.405
0.339
0.326
0.416
0.545
0.526
0.541
0.586
0.723
0.743
0.749
0.767
0.726
0.671
0.618
0.606
0.672
0.680
0.605
0.595
0.718
0.742
0.841
0.883
0.902
0.859
0.832
0.838
0.834
0.815
0.795
0.743
0.803
0.770
0.760
0.783
0.824
0.776
0.812
0.805
0.768
0.805
0.745
0.757
0.771
0.781
0.781
0.725
0.727
0.776
0.723
0.686
0.618
0.731
0.635
0.624
0.677
0.678
0.671
0.689
0.718
0.785
0.804
0.745
0.763
0.739
0.805
0.777
0.809
0.853
0.844
0.834
0.856
0.827
0.785
0.699
0.623
0.796
0.727
0.744
0.731
0.741
0.776
0.719
0.703
0.763
0.720
0.729
0.825
0.802
0.817
0.823
0.803
0.796
0.804
0.923
0.951
0.951
0.949
0.940
0.936
0.887
0.857
0.900
0.876
0.849
0.851
0.776
0.754
0.713
0.712
0.713
0.744
0.725
0.699
0.719
0.763
0.800
0.719
0.692
0.699
0.700
0.628
0.693
0.739
0.891
0.824
0.721
0.605
0.675
0.695
0.679
0.607
0.646
0.622
0.615
0.611
0.666
0.574
0.767
0.666
0.563
0.601
0.691
0.769
0.770
0.729
0.743
0.691
0.654
0.682
0.575
0.572
0.613
0.534
0.487
0.478
0.466
0.491
0.442
0.411
0.442
0.372
0.424
0.492
0.368
0.294
0.291
0.321
0.299
0.347
0.447
0.572
0.549
0.544
0.588
0.553
0.462
0.418
0.396
0.398
0.471
0.495
0.517
0.515
0.573
0.549
0.562
0.523
0.342
0.373
0.352
0.371
0.487
0.569
0.541
0.597
0.409
0.459
0.424
0.387
0.364
0.411
0.398
0.402
0.348
0.353
0.414
0.533
0.365
0.279
0.323
0.403
0.433
0.416
0.341
0.388
0.464
0.406
0.485
0.441
0.402
0.492
0.536
0.513
0.491
0.423
0.456
0.501
0.487
0.421
0.464
0.607
0.540
0.745
0.713
0.606
0.497
0.746
0.904
0.940
0.859
0.719
0.623
0.578
0.461
0.455
0.421
0.392
0.417
0.400
0.408
0.380
0.518
0.510
0.407
0.457
0.716
0.404
0.314
0.265
0.219
0.240
0.253
0.251
0.188
0.226
0.285
0.452
0.624
0.432
0.275
0.311
0.330
0.277
0.262
0.300
0.336
0.318
0.204
0.168
0.170
0.146
0.178
0.192
0.184
0.173
0.157
0.124
0.111
0.105
0.097
0.112
0.186
0.216
0.159
0.200
0.311
0.437
0.426
0.433
0.394
0.353
0.369
0.370
0.361
0.347
0.341
0.342
0.183
0.333
0.431
0.505
0.480
0.514
0.367
0.478
0.439
0.397
0.390
0.348
0.316
0.323
0.449
0.464
0.463
0.502
0.391
0.416
0.391
0.429
0.425
0.369
0.365
0.397
0.432
0.431
0.390
0.318
0.199
0.151
0.212
0.305
0.429
0.307
0.162
0.161
0.187
0.145
0.148
0.302
0.649
0.525
0.452
0.436
0.470
0.603
0.763
0.647
0.534
0.573
0.660
0.742
0.736
0.629
0.528
0.598
0.670
0.621
0.655
0.627
0.580
0.618
0.589
0.629
0.574
0.682
0.657
0.762
0.710
0.713
0.753
0.806
0.835
0.775
0.684
0.552
0.595
0.694
0.659
0.766
0.811
0.797
0.813
0.841
0.799
0.805
0.881
0.921
0.838
0.801
0.880
0.920
0.875
0.865
0.844
0.864
0.856
0.810
0.922
0.849
0.846
0.750
0.807
0.793
0.765
0.734
0.697
0.616
0.679
0.766
0.848
0.890
0.875
0.930
0.872
0.855
0.894
0.865
0.755
0.726
0.730
0.753
0.728
0.777
0.839
0.823
0.800
0.836
0.820
0.783
0.805
0.784
0.780
0.844
0.899
0.908
0.840
0.782
0.834
0.780
0.754
0.735
0.798
0.830
0.832
0.794
0.858
0.842
0.865
0.779
0.744
0.897
0.932
0.946
0.920
0.923
0.934
0.901
0.886
0.885
0.808
0.796
0.800
0.775
0.790
0.792
0.677
0.751
0.725
0.698
0.681
0.715
0.731
0.841
0.888
0.868
0.763
0.729
0.703
0.663
0.604
0.703
0.690
0.685
0.735
0.727
0.717
0.735
0.732
0.680
0.646
0.683
0.609
0.686
0.686
0.636
0.668
0.717
0.820
0.794
0.673
0.682
0.616
0.492
0.569
0.720
0.662
0.628
0.528
0.464
0.512
0.602
0.595
0.580
0.551
0.551
0.538
0.558
0.576
0.576
0.540
0.611
0.595
0.535
0.630
0.666
0.553
0.463
0.495
0.524
0.516
0.500
0.475
0.515
0.494
0.335
0.375
0.346
0.303
0.320
0.335
0.365
0.519
0.489
0.508
0.535
0.459
0.402
0.343
0.364
0.336
0.323
0.427
0.367
0.392
0.429
0.398
0.336
0.453
0.466
0.456
0.476
0.384
0.368
0.407
0.468
0.529
0.567
0.587
0.463
0.601
0.439
0.374
0.697
0.857
0.841
0.807
0.656
0.421
0.433
0.630
0.661
0.471
0.541
0.499
0.402
0.666
0.555
0.633
0.798
0.720
0.408
0.388
0.419
0.300
0.320
0.415
0.386
0.503
0.497
0.474
0.535
0.536
0.478
0.451
0.409
0.363
0.278
0.255
0.363
0.427
0.354
0.352
0.364
0.358
0.392
0.476
0.433
0.358
0.324
0.295
0.178
0.176
0.219
0.264
0.261
0.232
0.207
0.220
0.242
0.277
0.236
0.176
0.192
0.267
0.269
0.217
0.149
0.131
0.134
0.121
0.145
0.200
0.225
0.285
0.329
0.375
0.506
0.464
0.240
0.173
0.148
0.159
0.217
0.222
0.189
0.283
0.374
0.331
0.176
0.067
0.073
0.078
0.095
0.118
0.105
0.124
0.145
0.145
0.189
0.233
0.257
0.248
0.289
0.307
0.314
0.351
0.334
0.282
0.300
0.221
0.216
0.361
0.283
0.261
0.286
0.300
0.336
0.343
0.313
0.384
0.362
0.426
0.375
0.421
0.403
0.445
0.478
0.364
0.315
0.192
0.259
0.301
0.354
0.373
0.493
0.490
0.486
0.493
0.538
0.649
0.597
0.605
0.703
0.686
0.647
0.680
0.755
0.727
0.800
0.901
0.893
0.728
0.690
0.760
0.746
0.733
0.682
0.650
0.761
0.746
0.854
0.841
0.814
0.755
0.738
0.806
0.765
0.814
0.734
0.770
0.781
0.753
0.835
0.779
0.807
0.785
0.841
0.842
0.878
0.831
0.847
0.914
0.815
0.803
0.855
0.871
0.821
0.858
0.805
0.838
0.793
0.807
0.808
0.793
0.764
0.770
0.695
0.758
0.786
0.772
0.788
0.819
0.854
0.860
0.853
0.847
0.842
0.848
0.876
0.816
0.831
0.929
0.886
0.872
0.843
0.835
0.780
0.795
0.765
0.834
0.869
0.881
0.822
0.786
0.736
0.730
0.693
0.787
0.795
0.796
0.788
0.739
0.810
0.842
0.761
0.776
0.778
0.755
0.784
0.847
0.840
0.851
0.842
0.752
0.677
0.802
0.864
0.878
0.861
0.785
0.756
0.833
0.901
0.851
0.747
0.724
0.743
0.817
0.765
0.824
0.815
0.819
0.780
0.741
0.735
0.701
0.617
0.657
0.689
0.676
0.691
0.680
0.640
0.655
0.655
0.592
0.588
0.607
0.701
0.790
0.679
0.626
0.715
0.690
0.629
0.630
0.611
0.568
0.569
0.591
0.642
0.626
0.657
0.659
0.572
0.556
0.577
0.587
0.595
0.590
0.573
0.552
0.580
0.626
0.638
0.708
0.490
0.400
0.416
0.531
0.644
0.651
0.596
0.569
0.591
0.580
0.608
0.597
0.584
0.622
0.599
0.583
0.653
0.640
0.657
0.650
0.570
0.562
0.586
0.516
0.429
0.561
0.601
0.570
0.527
0.584
0.627
0.604
0.450
0.603
0.585
0.599
0.648
0.626
0.597
0.620
0.490
0.568
0.569
0.589
0.559
0.520
0.666
0.701
0.704
0.630
0.641
0.657
0.643
0.614
0.584
0.585
0.549
0.565
0.586
0.485
0.549
0.628
0.613
0.586
0.508
0.614
0.553
0.521
0.546
0.535
0.490
0.392
0.505
0.520
0.526
0.534
0.497
0.497
0.476
0.484
0.461
0.365
0.389
0.450
0.517
0.414
0.341
0.341
0.332
0.331
0.440
0.315
0.216
0.303
0.407
0.401
0.315
0.278
0.191
0.180
0.286
0.345
0.416
0.311
0.259
0.215
0.252
0.201
0.199
0.190
0.161
0.165
0.168
0.160
0.175
0.201
0.191
0.161
0.205
0.293
0.289
0.264
0.193
0.224
0.257
0.192
0.270
0.365
0.366
0.247
0.209
0.274
0.335
0.304
0.285
0.191
0.180
0.192
0.264
0.155
0.170
0.129
0.125
0.199
0.170
0.250
0.280
0.099
0.074
0.105
0.246
0.333
0.100
0.040
0.047
0.063
0.043
0.062
0.216
0.247
0.302
0.397
0.352
0.280
0.276
0.241
0.171
0.094
0.110
0.159
0.441
0.690
0.579
0.500
0.414
0.415
0.447
0.498
0.486
0.494
0.553
0.464
0.374
0.397
0.731
0.668
0.578
0.440
0.445
0.436
0.432
0.396
0.320
0.303
0.375
0.382
0.394
0.300
0.196
0.113
0.187
0.305
0.372
0.427
0.380
0.355
0.241
0.242
0.210
0.170
0.195
0.201
0.303
0.296
0.395
0.404
0.370
0.438
0.583
0.616
0.755
0.821
0.814
0.662
0.699
0.730
0.651
0.700
0.753
0.681
0.697
0.662
0.569
0.546
0.546
0.568
0.640
0.580
0.506
0.663
0.673
0.631
0.693
0.602
0.548
0.515
0.519
0.875
0.840
0.790
0.740
0.699
0.628
0.791
0.794
0.661
0.653
0.759
0.720
0.718
0.713
0.779
0.778
0.735
0.782
0.912
0.860
0.859
0.844
0.824
0.828
0.799
0.780
0.797
0.792
0.936
0.833
0.847
0.832
0.844
0.846
0.811
0.789
0.806
0.741
0.686
0.793
0.878
0.929
0.854
0.874
0.932
0.829
0.808
0.750
0.727
0.646
0.747
0.797
0.774
0.705
0.669
0.737
0.765
0.797
0.755
0.787
0.847
0.768
0.691
0.706
0.796
0.789
0.740
0.817
0.845
0.887
0.871
0.890
0.895
0.906
0.758
0.730
0.690
0.679
0.675
0.662
0.731
0.718
0.649
0.647
0.625
0.570
0.590
0.639
0.656
0.572
0.510
0.574
0.541
0.559
0.575
0.569
0.582
0.645
0.683
0.719
0.675
0.652
0.689
0.603
0.533
0.525
0.495
0.568
0.511
0.604
0.614
0.591
0.718
0.913
0.767
0.611
0.409
0.458
0.503
0.503
0.536
0.532
0.478
0.535
0.524
0.506
0.492
0.536
0.585
0.597
0.643
0.508
0.458
0.467
0.433
0.392
0.421
0.490
0.584
0.557
0.511
0.496
0.467
0.568
0.690
0.664
0.484
0.442
0.510
0.474
0.479
0.486
0.555
0.594
0.538
0.565
0.542
0.640
0.607
0.735
0.675
0.593
0.690
0.673
0.628
0.595
0.527
0.548
0.617
0.557
0.633
0.702
0.710
0.750
0.706
0.633
0.646
0.572
0.579
0.560
0.547
0.602
0.556
0.498
0.536
0.603
0.627
0.556
0.524
0.566
0.500
0.415
0.423
0.423
0.531
0.608
0.570
0.500
0.552
0.496
0.597
0.592
0.623
0.552
0.576
0.496
0.376
0.384
0.474
0.501
0.504
0.491
0.423
0.445
0.439
0.446
0.437
0.506
0.447
0.287
0.316
0.325
0.309
0.256
0.293
0.241
0.291
0.282
0.236
0.243
0.227
0.274
0.290
0.297
0.236
0.250
0.272
0.265
0.238
0.213
0.124
0.149
0.226
0.241
0.139
0.243
0.344
0.430
0.167
0.129
0.136
0.141
0.112
0.100
0.092
0.174
0.119
0.102
0.099
0.130
0.257
0.221
0.282
0.305
0.305
0.392
0.354
0.246
0.244
0.302
0.201
0.215
0.139
0.247
0.464
0.382
0.420
0.431
0.401
0.495
0.388
0.255
0.348
0.478
0.482
0.359
0.272
0.210
0.249
0.210
0.171
0.178
0.302
0.331
0.486
0.377
0.337
0.369
0.410
0.457
0.395
0.489
0.552
0.524
0.573
0.457
0.408
0.341
0.316
0.342
0.374
0.393
0.421
0.305
0.298
0.228
0.369
0.366
0.353
0.343
0.373
0.438
0.403
0.367
0.366
0.527
0.682
0.615
0.659
0.608
0.574
0.715
0.632
0.619
0.670
0.684
0.599
0.592
0.575
0.645
0.722
0.684
0.670
0.587
0.572
0.585
0.499
0.402
0.514
0.864
0.881
0.827
0.817
0.717
0.682
0.646
0.678
0.731
0.699
0.626
0.673
0.720
0.739
0.679
0.781
0.815
0.682
0.639
0.800
0.807
0.829
0.809
0.722
0.673
0.734
0.676
0.620
0.573
0.496
0.552
0.497
0.649
0.760
0.727
0.734
0.788
0.706
0.752
0.829
0.836
0.807
0.849
0.846
0.882
0.816
0.769
0.775
0.752
0.802
0.771
0.752
0.749
0.769
0.693
0.711
0.806
0.773
0.815
0.816
0.758
0.761
0.827
0.861
0.789
0.850
0.871
0.876
0.889
0.876
0.835
0.784
0.841
0.881
0.889
0.831
0.761
0.757
0.713
0.656
0.682
0.677
0.664
0.693
0.722
0.717
0.741
0.799
0.772
0.804
0.733
0.647
0.666
0.692
0.653
0.771
0.860
0.857
0.856
0.799
0.755
0.784
0.918
0.833
0.780
0.714
0.675
0.656
0.626
0.644
0.673
0.653
0.631
0.725
0.680
0.676
0.631
0.700
0.653
0.591
0.582
0.601
0.677
0.649
0.546
0.584
0.628
0.620
0.616
0.586
0.598
0.701
0.623
0.450
0.438
0.489
0.530
0.545
0.585
0.694
0.686
0.539
0.441
0.390
0.366
0.420
0.459
0.518
0.531
0.803
0.866
0.813
0.671
0.517
0.455
0.466
0.481
0.472
0.517
0.435
0.614
0.514
0.474
0.420
0.502
0.563
0.567
0.642
0.683
0.610
0.647
0.511
0.609
0.617
0.760
0.709
0.770
0.809
0.832
0.748
0.816
0.851
0.835
0.651
0.655
0.662
0.724
0.751
0.780
0.712
0.541
0.625
0.640
0.676
0.665
0.674
0.667
0.678
0.699
0.787
0.662
0.591
0.577
0.582
0.637
0.574
0.629
0.639
0.621
0.622
0.640
0.627
0.579
0.493
0.436
0.521
0.501
0.609
0.632
0.567
0.467
0.692
0.606
0.475
0.456
0.508
0.483
0.418
0.402
0.420
0.377
0.305
0.303
0.260
0.304
0.336
0.362
0.394
0.269
0.230
0.234
0.291
0.235
0.251
0.314
0.299
0.305
0.326
0.263
0.210
0.331
0.355
0.319
0.176
0.161
0.167
0.235
0.296
0.210
0.295
0.387
0.397
0.426
0.410
0.355
0.320
0.286
0.549
0.512
0.211
0.130
0.165
0.191
0.253
0.244
0.264
0.374
0.406
0.317
0.230
0.256
0.324
0.371
0.293
0.250
0.213
0.199
0.257
0.457
0.475
0.341
0.338
0.346
0.358
0.353
0.390
0.431
0.498
0.383
0.340
0.382
0.410
0.251
0.278
0.364
0.415
0.381
0.401
0.301
0.315
0.321
0.401
0.570
0.618
0.526
0.438
0.379
0.312
0.489
0.454
0.396
0.415
0.372
0.429
0.441
0.433
0.388
0.343
0.303
0.331
0.351
0.359
0.358
0.320
0.357
0.358
0.516
0.469
0.508
0.730
0.625
0.760
0.874
0.910
0.875
0.740
0.647
0.668
0.730
0.826
0.855
0.872
0.831
0.872
0.912
0.878
0.839
0.862
0.923
0.856
0.795
0.834
0.824
0.822
0.810
0.785
0.779
0.810
0.828
0.891
0.871
0.836
0.871
0.885
0.902
0.895
0.901
0.850
0.829
0.772
0.717
0.760
0.880
0.924
0.916
0.878
0.847
0.914
0.914
0.917
0.922
0.914
0.914
0.916
0.938
0.933
0.893
0.891
0.916
0.885
0.895
0.917
0.897
0.947
0.910
0.824
0.762
0.886
0.899
0.884
0.870
0.865
0.862
0.861
0.832
0.821
0.829
0.857
0.887
0.868
0.808
0.796
0.830
0.863
0.905
0.884
0.879
0.887
0.857
0.748
0.824
0.887
0.871
0.917
0.887
0.945
0.946
0.911
0.936
0.922
0.934
0.910
0.927
0.902
0.883
0.876
0.856
0.880
0.815
0.856
0.856
0.817
0.813
0.785
0.804
0.818
0.793
0.761
0.771
0.779
0.757
0.780
0.739
0.795
0.830
0.838
0.779
0.911
0.851
0.828
0.746
0.676
0.663
0.609
0.625
0.672
0.607
0.571
0.639
0.703
0.703
0.700
0.677
0.664
0.710
0.716
0.691
0.634
0.641
0.697
0.742
0.729
0.658
0.667
0.645
0.647
0.662
0.698
0.632
0.597
0.616
0.623
0.614
0.663
0.606
0.595
0.604
0.611
0.650
0.671
0.662
0.606
0.599
0.620
0.699
0.680
0.665
0.642
0.582
0.410
0.550
0.606
0.633
0.589
0.579
0.596
0.630
0.592
0.573
0.561
0.505
0.460
0.588
0.599
0.630
0.571
0.616
0.579
0.487
0.689
0.872
0.843
0.863
0.757
0.717
0.746
0.597
0.559
0.483
0.586
0.631
0.575
0.581
0.652
0.602
0.615
0.571
0.523
0.706
0.678
0.552
0.580
0.614
0.568
0.483
0.488
0.580
0.493
0.443
0.436
0.497
0.467
0.500
0.567
0.512
0.471
0.484
0.409
0.579
0.380
0.464
0.584
0.424
0.416
0.463
0.622
0.681
0.452
0.336
0.400
0.464
0.542
0.422
0.317
0.282
0.275
0.265
0.257
0.305
0.309
0.308
0.268
0.304
0.348
0.349
0.353
0.252
0.194
0.211
0.166
0.162
0.332
0.448
0.314
0.235
0.230
0.270
0.325
0.288
0.279
0.175
0.113
0.144
0.190
0.186
0.206
0.181
0.176
0.150
0.203
0.295
0.210
0.213
0.245
0.357
0.511
0.505
0.518
0.562
0.553
0.656
0.481
0.412
0.362
0.295
0.238
0.182
0.191
0.217
0.318
0.383
0.205
0.168
0.142
0.164
0.249
0.277
0.215
0.176
0.222
0.376
0.460
0.389
0.370
0.384
0.268
0.190
0.209
0.288
0.316
0.346
0.339
0.312
0.146
0.182
0.144
0.252
0.418
0.325
0.274
0.236
0.178
0.185
0.158
0.232
0.285
0.317
0.313
0.263
0.265
0.296
0.321
0.305
0.325
0.400
0.385
0.311
0.447
0.345
0.320
0.283
0.233
0.311
0.285
0.255
0.301
0.439
0.580
0.620
0.540
0.517
0.654
0.757
0.734
0.719
0.699
0.572
0.487
0.567
0.476
0.414
0.509
0.569
0.609
0.768
0.921
0.882
0.857
0.825
0.860
0.838
0.781
0.875
0.776
0.761
0.791
0.832
0.763
0.691
0.813
0.877
0.878
0.819
0.823
0.872
0.861
0.818
0.814
0.877
0.903
0.877
0.853
0.841
0.687
0.816
0.832
0.863
0.858
0.813
0.826
0.809
0.762
0.870
0.849
0.801
0.718
0.671
0.660
0.738
0.726
0.742
0.759
0.786
0.783
0.780
0.716
0.647
0.668
0.750
0.726
0.693
0.662
0.629
0.569
0.594
0.599
0.816
0.874
0.905
0.845
0.689
0.801
0.885
0.829
0.786
0.798
0.847
0.838
0.862
0.942
0.865
0.757
0.730
0.728
0.707
0.635
0.639
0.642
0.615
0.582
0.561
0.577
0.577
0.581
0.607
0.621
0.625
0.572
0.502
0.523
0.548
0.638
0.694
0.569
0.573
0.585
0.609
0.589
0.611
0.613
0.583
0.530
0.526
0.501
0.451
0.529
0.547
0.519
0.441
0.402
0.393
0.421
0.409
0.464
0.389
0.335
0.771
0.788
0.710
0.457
0.485
0.506
0.433
0.454
0.526
0.423
0.371
0.420
0.401
0.350
0.348
0.400
0.397
0.343
0.347
0.346
0.352
0.349
0.378
0.441
0.388
0.387
0.398
0.369
0.458
0.399
0.366
0.332
0.335
0.350
0.341
0.410
0.431
0.445
0.378
0.536
0.340
0.310
0.410
0.490
0.461
0.501
0.437
0.466
0.509
0.478
0.483
0.419
0.437
0.460
0.462
0.444
0.468
0.419
0.339
0.501
0.526
0.424
0.425
0.378
0.298
0.287
0.323
0.338
0.473
0.563
0.560
0.539
0.516
0.545
0.548
0.539
0.448
0.329
0.357
0.426
0.296
0.305
0.368
0.345
0.403
0.456
0.413
0.320
0.339
0.335
0.353
0.315
0.300
0.359
0.321
0.331
0.499
0.434
0.316
0.338
0.262
0.225
0.267
0.275
0.472
0.679
0.772
0.647
0.528
0.434
0.441
0.385
0.311
0.297
0.421
0.361
0.300
0.244
0.241
0.325
0.322
0.344
0.315
0.209
0.188
0.237
0.224
0.258
0.215
0.200
0.225
0.230
0.220
0.221
0.243
0.274
0.208
0.241
0.256
0.247
0.233
0.279
0.229
0.175
0.145
0.159
0.262
0.257
0.208
0.201
0.178
0.194
0.192
0.135
0.111
0.115
0.128
0.155
0.132
0.165
0.186
0.158
0.097
0.167
0.180
0.383
0.319
0.384
0.444
0.623
0.638
0.521
0.352
0.269
0.251
0.233
0.205
0.178
0.179
0.159
0.132
0.098
0.090
0.413
0.493
0.441
0.386
0.351
0.394
0.240
0.247
0.199
0.178
0.212
0.337
0.279
0.238
0.328
0.348
0.274
0.237
0.253
0.363
0.335
0.314
0.327
0.255
0.536
0.744
0.924
0.771
0.649
0.358
0.306
0.379
0.381
0.428
0.410
0.329
0.275
0.392
0.419
0.649
0.707
0.810
0.808
0.630
0.599
0.560
0.472
0.377
0.363
0.470
0.649
0.771
0.818
0.721
0.726
0.834
0.825
0.773
0.741
0.746
0.665
0.642
0.580
0.625
0.586
0.596
0.655
0.751
0.764
0.752
0.730
0.699
0.669
0.686
0.688
0.744
0.825
0.836
0.801
0.805
0.828
0.822
0.906
0.909
0.813
0.758
0.763
0.851
0.847
0.818
0.712
0.774
0.714
0.806
0.802
0.799
0.821
0.861
0.810
0.832
0.803
0.757
0.711
0.781
0.778
0.813
0.816
0.876
0.917
0.842
0.789
0.715
0.635
0.636
0.663
0.918
0.870
0.821
0.720
0.698
0.747
0.713
0.589
0.609
0.618
0.607
0.571
0.658
0.736
0.774
0.754
0.647
0.583
0.623
0.608
0.547
0.591
0.882
0.898
0.810
0.777
0.757
0.729
0.798
0.866
0.876
0.893
0.896
0.930
0.935
0.924
0.896
0.909
0.885
0.906
0.872
0.851
0.843
0.846
0.781
0.800
0.931
0.942
0.944
0.900
0.885
0.871
0.817
0.839
0.853
0.799
0.817
0.810
0.873
0.881
0.860
0.764
0.702
0.693
0.733
0.725
0.719
0.739
0.709
0.645
0.707
0.713
0.702
0.734
0.682
0.599
0.567
0.603
0.630
0.687
0.686
0.682
0.629
0.637
0.677
0.661
0.642
0.606
0.621
0.652
0.663
0.640
0.725
0.695
0.687
0.635
0.618
0.568
0.519
0.524
0.588
0.660
0.631
0.632
0.669
0.644
0.517
0.537
0.535
0.651
0.610
0.618
0.657
0.623
0.604
0.596
0.560
0.610
0.582
0.527
0.521
0.474
0.519
0.671
0.645
0.545
0.533
0.680
0.595
0.557
0.541
0.577
0.474
0.536
0.586
0.680
0.765
0.817
0.811
0.749
0.695
0.682
0.667
0.665
0.802
0.754
0.717
0.710
0.675
0.620
0.583
0.615
0.597
0.636
0.711
0.655
0.634
0.569
0.499
0.485
0.488
0.583
0.536
0.622
0.619
0.556
0.466
0.453
0.439
0.378
0.478
0.754
0.836
0.654
0.568
0.650
0.584
0.528
0.493
0.717
0.627
0.559
0.569
0.759
0.828
0.852
0.683
0.587
0.507
0.502
0.493
0.401
0.470
0.426
0.400
0.411
0.454
0.432
0.361
0.358
0.329
0.364
0.357
0.363
0.283
0.323
0.268
0.276
0.350
0.341
0.350
0.281
0.220
0.196
0.212
0.199
0.178
0.191
0.182
0.195
0.237
0.330
0.338
0.266
0.124
0.092
0.100
0.111
0.129
0.190
0.204
0.192
0.168
0.187
0.204
0.178
0.143
0.133
0.122
0.154
0.143
0.143
0.152
0.189
0.137
0.247
0.236
0.294
0.273
0.327
0.356
0.286
0.271
0.262
0.205
0.238
0.224
0.153
0.178
0.157
0.139
0.150
0.143
0.149
0.175
0.207
0.215
0.143
0.132
0.271
0.372
0.566
0.851
0.926
0.675
0.637
0.645
0.541
0.504
0.434
0.345
0.313
0.348
0.394
0.415
0.417
0.343
0.307
0.288
0.212
0.206
0.240
0.279
0.346
0.454
0.507
0.543
0.627
0.574
0.470
0.448
0.407
0.471
0.527
0.578
0.525
0.603
0.645
0.769
0.922
0.962
0.938
0.873
0.786
0.711
0.723
0.741
0.770
0.727
0.779
0.815
0.872
0.908
0.893
0.920
0.882
0.867
0.901
0.890
0.781
0.808
0.859
0.825
0.819
0.816
0.812
0.800
0.785
