20000101
16.261
16.251
16.395
16.417
16.482
16.636
16.474
16.274
16.040
16.046
16.205
16.199
14.610
16.234
15.113
16.615
17.787
17.208
17.024
17.331
17.148
17.056
17.031
17.310
17.577
17.709
17.555
17.493
17.032
17.962
18.060
16.969
17.454
17.943
18.246
6.660
3.446
16.763
18.734
18.932
19.427
6.676
9.965
16.839
19.468
20.322
19.987
20.161
20.668
20.755
20.870
15.883
20.517
20.827
21.962
21.717
21.197
22.027
22.014
21.922
21.597
19.200
22.068
22.224
22.083
22.726
22.550
22.811
23.831
23.780
23.908
23.375
23.058
22.942
23.883
24.805
24.560
24.375
24.427
25.196
25.288
24.286
9.570
20.544
24.884
25.337
23.403
25.462
25.728
25.901
26.240
26.286
26.143
26.621
26.835
26.794
27.190
27.410
27.330
27.203
27.124
27.200
26.638
26.886
27.169
25.812
26.153
26.969
27.076
26.943
26.973
27.008
27.019
23.250
26.802
25.279
27.024
26.235
26.865
27.235
27.756
28.502
27.912
26.548
25.108
27.626
27.347
22.028
20.923
28.041
27.551
25.797
23.816
25.297
25.805
16.363
17.090
27.382
27.837
21.992
19.902
14.145
7.554
17.111
25.796
23.563
27.237
25.362
27.390
28.279
26.259
25.735
21.353
15.077
22.830
24.743
11.019
16.627
24.344
10.982
14.486
22.064
26.578
27.507
19.521
24.338
22.150
20.789
9.362
25.000
8.549
24.066
18.701
22.622
26.016
22.392
23.808
22.748
15.698
11.907
21.180
20.489
15.286
12.201
11.748
14.307
9.358
18.308
3.430
14.572
17.709
18.772
25.720
20.411
20.695
20.013
22.131
23.972
20.582
24.330
19.725
20.626
4.391
24.558
7.945
10.673
24.257
22.986
22.018
19.275
23.068
25.422
24.462
22.492
23.377
21.773
26.241
10.950
22.560
11.553
23.468
23.559
25.306
16.077
22.184
23.416
22.074
22.331
22.321
18.886
24.195
24.015
24.764
23.021
24.951
24.945
24.796
20.069
20.472
23.812
24.653
21.260
22.774
19.584
1.877
9.692
20.266
24.194
21.724
21.474
21.950
21.895
13.725
19.113
23.460
23.712
23.192
20.233
15.937
20.037
19.842
9.265
10.584
9.069
20.321
14.945
18.878
22.167
22.582
22.570
22.519
22.626
13.829
22.463
22.337
13.953
4.763
21.509
21.072
21.056
21.013
20.860
20.427
20.886
20.834
21.042
21.681
21.686
21.078
20.675
20.407
19.794
19.895
19.876
20.466
19.916
20.021
20.002
20.023
19.470
19.576
18.292
18.624
19.057
19.025
18.839
18.702
18.551
18.120
18.349
18.494
18.412
18.359
18.332
18.125
17.927
17.833
17.882
17.858
17.230
17.599
17.195
17.285
17.022
17.073
16.827
16.574
16.487
16.614
16.877
16.829
16.808
16.368
16.758
16.336
16.742
17.085
16.892
16.771
16.547
16.475
16.228
16.047
16.013
15.968
15.806
16.145
15.920
15.931
15.913
15.630
15.755
15.809
15.863
16.078
16.043
15.934
15.823
15.614
15.433
15.246
15.351
15.627
15.863
15.842
15.675
1.680
13.582
15.859
16.119
16.283
16.415
16.510
16.184
16.463
16.781
16.918
17.131
16.752
17.308
17.265
17.160
17.334
17.662
17.454
17.756
17.567
17.001
17.218
18.111
18.231
18.296
18.264
18.338
18.316
18.178
18.271
17.959
17.444
19.385
19.272
16.470
19.622
19.927
19.965
19.912
19.957
19.939
20.498
20.416
20.289
19.961
18.496
19.921
19.950
20.569
20.742
17.327
20.842
20.818
20.856
16.557
20.805
21.578
19.605
18.223
21.705
22.096
22.125
9.263
23.110
23.442
22.989
23.329
23.654
23.892
23.866
23.847
23.597
23.445
23.794
19.755
24.678
24.774
24.229
24.132
18.667
22.273
25.079
24.955
25.054
25.245
25.452
25.016
18.624
10.632
17.808
25.971
26.120
26.222
22.812
23.384
26.570
25.297
26.909
27.164
26.986
27.055
17.498
17.606
20.883
22.081
19.938
24.022
26.609
27.309
27.777
28.038
28.104
28.101
28.027
27.722
27.679
28.222
27.704
26.917
26.959
24.564
27.385
21.944
23.518
23.831
19.074
23.519
27.081
28.037
27.229
26.741
27.101
21.106
19.987
25.449
19.001
25.122
26.277
18.416
15.746
23.041
26.369
28.654
28.775
27.293
15.265
19.773
19.367
15.119
28.254
20.375
14.556
19.440
25.476
17.113
19.908
24.465
28.261
26.864
20.257
19.571
14.247
16.413
15.134
7.261
20.492
15.831
15.095
19.901
14.057
24.180
11.121
22.949
24.615
20.403
25.594
26.051
26.362
26.469
18.776
21.607
24.865
27.085
26.917
26.849
27.013
25.786
23.380
16.219
19.739
25.222
25.720
10.846
17.970
23.554
9.788
21.613
25.486
21.507
22.799
18.631
25.182
26.321
26.191
24.913
20.578
25.524
24.136
10.037
15.262
25.421
25.406
20.542
22.136
25.031
21.694
23.072
25.094
25.777
20.620
25.429
25.054
18.129
24.297
24.820
18.377
24.309
22.524
24.124
23.979
24.073
9.118
14.696
18.222
19.906
17.552
17.627
21.945
23.069
22.910
17.800
18.343
17.214
22.148
21.530
15.996
11.374
11.869
18.083
19.867
12.709
18.332
21.695
9.046
22.305
20.919
21.649
21.695
19.236
23.298
23.882
23.450
22.351
12.621
22.607
22.323
22.005
22.064
21.918
21.456
19.242
20.220
18.059
17.258
17.679
15.676
10.543
17.664
20.659
20.788
20.427
20.606
20.566
20.869
20.870
20.237
20.585
21.178
20.482
18.903
20.238
20.181
19.939
19.736
19.848
19.140
19.523
19.738
19.502
17.697
18.727
18.559
18.734
18.798
18.573
18.447
18.448
18.359
18.321
17.865
18.025
18.096
18.184
17.376
17.870
17.687
17.614
17.743
17.041
15.671
17.150
17.321
16.919
16.691
16.588
16.471
16.757
16.712
16.687
16.340
16.323
16.188
16.674
16.704
16.504
16.376
16.122
16.192
16.055
15.937
15.864
15.918
15.777
16.027
15.858
15.629
15.688
15.748
15.320
15.653
15.616
15.553
15.725
15.433
16.116
16.030
16.015
16.065
15.901
15.855
15.852
15.544
15.620
16.185
16.225
16.382
16.181
15.639
16.174
16.205
16.153
15.973
16.363
16.314
16.587
16.626
16.524
16.330
16.348
16.170
15.073
16.061
16.330
16.289
11.152
7.651
11.814
17.752
17.943
17.696
13.813
4.692
16.928
18.287
18.070
18.764
18.535
18.917
19.087
19.357
17.239
14.039
3.654
17.660
18.708
13.811
6.363
19.656
19.953
19.818
19.804
20.106
17.227
20.464
20.165
20.256
20.783
20.519
20.608
7.807
20.993
21.525
21.506
21.432
21.114
19.240
22.399
22.472
22.853
23.335
22.493
14.606
22.306
22.870
23.393
20.945
22.494
11.295
23.883
24.389
24.351
24.277
24.423
24.554
24.471
24.528
24.541
23.698
24.357
10.823
20.071
13.724
26.016
25.488
25.613
24.611
22.934
25.623
25.501
25.708
25.902
26.078
26.283
24.244
21.455
24.565
26.456
26.660
26.756
26.523
26.834
27.013
27.690
27.165
24.944
26.672
26.637
26.393
21.189
18.887
27.912
28.024
27.886
27.879
27.556
27.096
27.303
27.556
27.657
27.148
27.578
28.042
27.568
27.432
27.899
27.523
26.369
20.494
16.768
20.566
15.356
16.689
28.704
29.023
27.378
30.415
28.669
27.643
25.747
20.199
18.624
25.832
17.996
15.973
14.601
28.578
27.978
18.366
20.572
25.375
23.266
25.463
28.165
23.752
14.967
19.599
18.806
26.124
21.868
18.841
19.438
26.690
18.572
19.736
18.832
21.153
23.474
2.067
24.725
12.768
11.287
10.236
15.238
10.828
17.472
22.036
14.298
13.043
3.017
9.559
21.843
26.241
26.968
25.631
22.862
26.258
24.709
23.903
21.678
19.628
20.487
14.941
25.483
22.126
23.888
22.963
14.800
19.294
20.823
26.039
19.827
20.765
7.615
19.822
17.524
11.795
18.690
14.165
23.766
23.439
24.729
22.617
24.892
25.699
22.511
16.494
13.434
5.362
8.337
13.740
17.991
20.950
17.582
18.782
21.799
22.122
11.923
15.453
22.841
21.160
24.789
24.828
22.597
22.718
21.797
23.614
24.246
23.936
23.225
8.551
21.737
21.901
23.094
23.239
21.811
22.644
21.331
19.575
16.269
18.595
22.244
23.368
23.721
19.839
21.798
23.249
22.916
22.081
17.227
11.751
19.883
14.295
19.955
18.540
20.902
21.230
21.659
21.715
22.435
21.972
21.975
21.492
19.418
19.342
20.683
20.763
20.613
20.922
18.080
20.624
20.178
20.092
20.485
16.913
5.492
18.795
20.236
20.198
19.966
19.898
19.532
20.226
20.011
19.855
19.730
19.499
19.269
19.241
18.188
18.890
18.842
18.483
18.166
18.045
17.852
17.812
17.371
16.390
13.060
10.244
16.898
17.751
17.790
17.586
17.486
17.375
17.358
17.000
16.930
16.590
16.560
16.232
16.352
16.717
16.462
16.327
16.480
16.671
16.700
16.777
16.434
16.371
16.214
16.114
16.049
16.216
16.178
16.315
16.498
15.962
15.708
15.534
15.486
15.328
15.260
15.285
15.311
15.514
15.506
15.834
15.709
13.860
15.021
15.470
15.390
15.666
15.927
15.911
15.126
14.162
14.528
16.062
16.054
15.885
16.149
16.381
16.252
16.806
16.809
16.744
16.900
16.847
17.218
17.271
17.064
17.137
17.187
17.448
17.730
17.591
17.655
17.583
17.663
17.438
17.826
17.558
17.162
14.240
17.520
16.495
3.211
5.135
16.953
10.578
15.487
18.355
18.702
18.510
17.881
18.191
13.753
17.836
18.263
19.879
20.046
19.990
16.540
19.165
12.556
15.828
20.405
20.802
20.546
20.748
20.789
21.278
20.982
21.065
16.525
19.259
21.445
22.494
23.312
23.156
23.388
23.471
23.092
23.203
20.340
13.351
22.484
22.919
22.839
22.888
21.333
23.662
22.082
23.897
24.482
24.330
24.327
24.100
16.278
22.071
24.603
24.482
24.297
18.208
24.484
25.983
25.983
25.973
23.283
16.973
25.675
26.393
26.818
26.984
27.100
26.957
26.959
26.888
25.156
25.377
26.654
18.942
26.923
26.513
26.444
26.646
27.437
28.037
27.273
26.883
26.525
21.524
24.268
13.727
16.964
18.600
27.186
25.732
28.397
29.532
29.300
29.181
28.774
11.658
27.886
28.097
27.863
27.939
18.620
13.543
28.188
29.522
28.614
28.710
19.165
28.570
24.875
28.074
24.323
28.459
28.925
29.153
29.584
29.268
29.608
29.632
29.098
28.612
25.843
20.662
23.926
27.550
26.526
21.765
16.871
23.714
28.269
27.406
22.414
15.155
18.126
17.006
20.563
16.845
15.819
15.516
21.211
13.347
18.852
4.495
21.929
24.799
8.535
13.556
17.395
17.305
21.063
23.178
26.172
21.642
23.969
19.424
23.153
13.510
14.370
24.367
23.016
21.318
24.927
19.054
24.381
22.724
22.823
22.576
25.290
10.424
22.267
18.601
26.140
26.231
17.043
13.090
17.795
23.366
19.253
20.210
6.009
18.305
21.110
25.853
23.996
25.899
25.822
25.448
25.497
17.399
25.206
23.100
22.869
14.178
21.041
17.398
23.602
19.650
18.703
18.615
23.394
24.535
22.723
8.310
8.262
19.136
24.272
24.472
17.751
21.405
22.501
19.471
21.563
7.319
11.630
20.853
22.657
23.306
16.093
18.289
10.209
22.255
20.209
22.146
10.008
22.203
21.210
22.139
21.528
20.467
21.116
19.758
20.604
22.115
21.733
20.360
19.858
19.845
19.115
20.283
18.350
19.464
20.604
21.837
21.721
18.382
16.578
1.923
1.618
2.786
1.883
16.940
21.129
21.383
21.284
21.768
20.829
20.484
19.935
19.614
17.898
15.064
19.869
17.600
0.629
0.831
1.487
7.995
15.916
7.634
6.932
18.298
9.634
11.933
2.032
18.647
18.526
18.524
18.585
18.270
18.259
18.159
18.101
17.060
18.034
17.922
17.727
17.690
17.405
17.242
17.122
17.074
17.071
17.630
17.560
17.203
17.005
16.718
17.014
16.979
17.168
17.040
16.805
16.510
16.440
16.443
16.170
16.132
15.914
15.939
15.625
15.280
15.529
15.638
15.792
15.765
15.759
9.424
2.076
14.991
15.238
15.405
15.686
15.817
15.824
15.763
15.799
15.851
15.866
15.272
10.939
15.342
15.645
15.454
16.001
15.945
16.039
16.288
16.337
16.096
16.146
16.247
16.261
16.215
16.111
16.333
16.341
16.310
16.392
16.364
16.511
16.628
16.824
16.976
16.694
15.448
2.595
14.795
17.382
17.273
17.779
18.017
18.080
17.625
16.816
17.711
18.113
18.752
18.888
18.979
18.411
19.005
19.232
19.247
19.388
19.451
19.425
19.190
19.543
19.753
20.059
20.238
19.896
20.023
20.307
20.790
20.911
21.135
21.213
21.064
21.157
21.470
21.407
21.926
22.405
22.674
22.946
22.753
22.821
19.679
20.743
22.211
22.112
18.526
22.805
23.190
23.046
23.545
23.649
23.709
23.717
23.813
23.972
24.865
24.221
24.197
24.731
24.898
25.368
25.093
24.824
25.060
25.113
24.291
24.367
26.084
25.776
25.874
25.391
25.381
25.780
24.842
25.407
25.835
25.782
26.114
26.702
26.986
26.810
26.918
27.028
26.841
27.406
26.242
26.392
26.524
25.677
24.340
25.445
16.695
20.056
24.282
24.516
24.215
26.988
21.644
27.975
29.134
28.855
28.931
28.592
28.675
28.310
25.879
27.938
28.447
28.711
19.269
20.603
27.843
27.468
21.857
27.479
25.008
28.103
28.386
26.968
27.010
27.576
28.418
26.769
26.795
23.499
28.696
28.823
28.528
26.486
26.101
27.022
28.597
24.633
19.613
21.922
26.046
26.743
25.553
22.516
11.713
12.061
2.980
8.159
15.964
22.439
22.796
24.218
14.032
19.164
27.633
27.263
27.792
22.638
22.825
22.588
21.450
23.537
16.095
19.152
20.217
14.172
18.339
19.241
24.582
23.580
15.936
24.848
8.802
26.338
26.963
15.447
13.789
23.987
13.830
22.790
25.214
25.474
17.894
24.661
20.970
22.274
18.838
21.324
24.954
19.776
25.321
25.059
23.510
22.724
23.730
25.995
25.079
25.064
16.080
21.063
22.728
18.148
23.392
23.113
24.396
23.532
3.624
20.514
23.659
24.369
24.645
21.629
24.469
22.207
15.046
16.651
24.469
23.023
23.735
24.365
19.421
23.432
17.872
19.807
24.578
16.614
22.983
24.178
24.189
23.784
23.738
22.278
19.392
22.860
18.023
14.282
11.128
10.029
17.637
16.471
14.125
14.455
2.300
19.654
19.064
22.293
22.187
22.285
22.151
21.160
16.708
22.031
20.410
19.652
21.391
20.409
21.077
21.178
19.323
19.782
15.252
3.696
18.377
21.169
20.946
20.323
19.665
20.292
15.215
9.604
21.058
20.948
20.657
20.236
20.232
20.320
19.783
18.933
19.655
19.709
19.357
16.648
16.415
10.895
18.937
19.061
19.133
19.343
19.312
19.307
18.814
18.406
18.144
17.250
17.823
18.008
17.901
17.574
17.705
17.753
17.708
17.643
17.205
17.023
16.856
16.969
16.711
16.449
16.256
16.184
16.109
16.312
16.134
15.929
16.248
16.147
15.877
16.042
16.008
15.877
15.896
16.052
15.598
15.419
15.403
15.410
15.368
15.121
15.263
15.349
15.345
15.618
15.424
15.269
15.212
13.966
15.307
15.245
7.444
6.842
5.285
15.953
16.005
15.901
15.916
16.012
15.479
14.770
14.671
5.992
15.385
16.239
16.257
16.026
16.295
16.320
16.154
15.497
16.307
16.211
16.523
16.189
16.448
15.626
14.102
16.662
16.925
15.500
16.486
3.047
16.888
16.895
16.494
15.245
4.799
16.475
5.878
5.447
1.522
18.689
18.817
18.697
18.426
18.140
14.104
18.023
18.644
19.386
18.886
19.196
19.214
19.701
19.367
19.342
19.408
19.008
19.230
19.535
19.385
9.267
20.388
21.293
21.179
21.406
21.380
21.439
21.177
21.531
21.572
21.699
21.921
20.006
22.039
18.305
16.900
8.803
14.837
16.932
23.037
23.298
23.237
23.080
19.263
23.097
22.091
23.806
23.969
20.805
16.872
15.763
15.612
24.918
24.829
20.356
24.231
16.595
25.270
26.347
26.521
26.515
26.471
26.260
26.168
26.298
22.066
9.518
25.735
27.195
28.086
28.017
26.722
27.263
26.988
27.585
26.099
26.724
23.321
27.074
27.492
27.293
26.055
22.718
25.521
27.385
24.266
26.022
20.429
19.077
23.194
17.274
22.102
22.374
22.530
25.191
25.763
28.151
28.984
29.530
29.609
29.294
28.881
29.143
29.008
28.628
27.899
19.170
27.560
28.361
27.891
27.981
23.870
28.569
28.780
26.878
28.403
28.909
29.120
28.469
29.252
30.130
29.673
26.657
14.681
28.678
21.422
23.288
26.298
29.144
29.365
29.409
29.333
28.842
29.265
25.933
28.594
28.874
24.466
24.825
26.142
21.523
11.978
10.925
19.519
18.286
16.724
8.463
5.363
12.937
20.345
14.820
17.095
12.610
19.597
24.957
24.521
26.962
18.585
21.303
15.974
10.028
5.450
2.417
10.983
15.160
10.027
22.273
24.945
22.435
25.617
12.243
24.957
21.437
19.226
19.419
19.306
20.069
26.266
22.869
22.539
26.048
24.421
16.493
7.912
24.064
21.719
19.395
25.541
23.425
22.065
19.299
19.267
25.423
16.083
20.786
5.649
23.663
21.992
23.854
20.713
15.111
20.020
17.615
19.880
24.471
24.529
24.744
24.874
23.634
24.829
18.755
24.210
24.109
18.889
17.454
22.925
15.356
19.519
23.337
22.466
20.305
15.803
14.762
11.750
10.034
16.868
17.393
22.811
3.979
19.964
22.151
19.077
21.889
21.538
21.782
20.481
21.919
22.196
22.236
21.873
21.960
19.591
21.406
12.253
17.164
20.979
20.353
17.454
21.238
20.099
20.551
20.385
20.244
16.437
6.051
2.113
15.449
5.527
15.855
3.482
1.882
5.240
12.546
8.241
6.480
17.137
19.027
18.938
18.637
18.849
18.884
18.954
5.020
15.875
17.563
18.369
18.691
18.683
18.514
18.407
18.036
18.101
18.234
17.940
18.011
17.914
17.704
17.717
18.041
17.915
17.638
17.495
17.012
16.953
16.701
16.669
16.513
16.994
16.642
16.545
16.437
16.138
16.143
15.661
15.772
14.297
16.630
16.539
16.203
15.944
15.847
15.971
16.047
16.006
16.336
16.184
16.086
15.682
14.431
15.566
15.675
15.803
15.247
14.970
11.508
15.215
15.441
15.828
15.727
15.682
15.948
15.905
15.991
15.954
16.205
16.034
16.095
16.477
16.244
16.407
16.439
16.744
16.716
16.772
16.779
16.598
16.806
16.457
16.780
16.735
16.643
16.728
17.006
16.779
17.691
17.185
11.891
18.090
17.799
17.957
17.918
17.920
17.953
17.934
18.073
18.138
18.704
18.772
18.819
18.906
18.822
18.864
18.840
18.850
19.429
19.357
19.326
19.498
19.445
19.723
20.021
19.851
19.940
19.922
20.625
21.035
20.936
21.207
21.426
21.591
21.009
21.163
20.913
18.777
22.429
21.911
20.470
22.217
21.334
21.874
20.028
17.562
10.169
17.555
22.150
18.397
14.782
22.830
23.894
24.723
24.637
24.511
22.601
24.892
25.024
24.941
24.427
24.733
25.233
25.116
25.596
25.775
25.821
25.507
24.785
25.175
25.413
26.271
26.120
25.883
25.576
25.605
25.550
26.262
26.632
26.800
27.221
26.634
19.978
12.926
15.018
24.592
26.725
26.760
15.344
24.097
26.996
25.973
27.629
27.580
27.061
27.675
27.826
27.496
27.050
27.291
26.986
22.184
28.249
25.310
24.965
26.117
24.849
20.360
26.691
26.709
27.654
27.530
14.776
19.957
26.124
15.970
25.393
20.218
17.931
18.646
21.989
17.735
12.979
11.791
10.511
25.331
27.879
26.338
21.530
20.234
17.134
8.826
7.419
12.823
6.921
19.629
11.531
25.087
28.186
25.983
28.104
21.466
16.387
24.147
27.073
28.284
25.432
26.517
22.701
16.344
17.711
14.244
15.737
14.715
23.459
25.203
22.205
23.259
25.400
23.819
21.407
17.720
9.680
16.238
22.696
3.697
20.551
4.512
4.968
5.046
9.035
22.551
23.577
16.998
25.411
26.275
25.103
20.136
22.958
22.922
23.067
23.880
25.411
23.491
25.102
25.363
15.305
20.917
24.864
25.415
18.881
14.047
21.415
22.414
24.042
24.402
25.907
25.449
24.920
22.880
25.563
25.214
24.924
25.255
24.950
12.306
16.645
17.680
22.522
19.558
24.556
6.861
21.461
17.872
23.031
16.184
19.306
19.707
16.541
22.386
24.675
24.685
20.597
24.063
19.875
17.951
23.633
22.870
20.374
19.112
12.894
23.088
22.661
20.223
20.208
21.829
20.996
21.569
22.215
20.688
3.371
0.963
3.425
4.438
3.430
5.294
19.272
18.418
16.232
20.543
18.252
18.431
21.323
21.011
21.698
21.606
21.476
21.506
20.867
20.937
20.643
20.915
19.116
20.514
20.385
20.503
20.698
20.675
19.196
16.984
17.999
16.150
19.460
20.077
19.879
19.684
18.197
15.970
17.275
18.701
13.591
12.636
16.548
12.842
4.783
14.993
17.847
17.924
17.811
6.434
14.513
16.986
17.092
17.210
17.209
17.174
17.353
17.200
17.162
16.860
16.944
16.861
16.473
16.599
14.865
16.433
16.562
16.743
16.759
16.295
15.943
16.512
16.624
16.775
16.404
16.024
15.559
15.554
15.354
15.271
14.214
15.053
15.457
15.932
15.803
15.792
15.568
15.376
15.334
15.277
14.965
15.126
15.275
15.440
16.129
15.838
15.856
15.439
15.552
15.588
15.849
15.729
15.938
15.865
16.069
16.368
16.305
16.329
16.089
16.264
16.610
16.697
16.145
15.868
16.517
16.960
16.042
16.064
16.936
16.939
16.959
17.000
16.747
17.301
17.765
17.602
17.453
17.570
17.614
17.624
17.361
16.531
16.249
18.119
18.389
18.343
18.245
18.437
18.387
12.370
16.652
18.148
14.529
16.111
6.810
2.405
18.204
18.879
11.517
18.972
20.099
20.355
20.789
20.831
20.690
20.583
20.405
20.363
20.717
20.864
21.119
12.970
11.699
22.116
22.254
22.863
23.064
23.265
23.137
22.376
22.543
17.872
18.892
7.975
9.777
23.469
24.013
23.527
23.797
23.876
23.894
22.787
23.214
23.932
24.352
24.774
25.455
25.562
25.159
25.211
25.284
25.434
25.457
25.803
26.172
26.693
26.630
26.442
26.108
25.363
21.842
26.183
26.261
25.573
24.652
23.871
23.996
23.091
12.876
16.588
15.657
21.780
19.771
19.193
27.123
27.295
26.301
19.564
23.370
22.484
25.268
12.819
19.715
13.213
13.546
14.918
15.940
14.401
7.118
16.126
16.399
21.927
27.655
24.481
26.597
25.611
15.115
14.218
17.143
13.841
17.274
19.246
27.512
28.059
28.560
27.995
24.465
16.775
19.863
16.554
28.325
28.673
23.452
29.017
29.149
28.750
10.879
23.032
21.369
19.115
21.121
19.168
14.697
16.552
14.970
18.561
18.879
7.537
10.906
25.867
26.833
14.051
24.159
15.127
12.920
20.955
19.892
17.982
22.563
16.145
13.313
5.922
18.528
21.068
20.138
23.393
18.494
18.250
2.572
12.955
26.151
26.555
20.301
20.414
21.075
16.809
19.591
20.350
15.609
15.596
16.612
8.855
9.228
1.249
10.758
22.466
9.607
1.123
15.437
18.245
18.170
16.802
20.654
18.785
4.978
24.829
18.461
25.514
25.305
25.089
23.069
21.990
25.480
25.930
24.826
22.933
20.589
14.565
14.595
1.853
22.322
14.915
17.062
17.617
25.325
25.119
23.817
23.254
17.748
22.949
21.197
23.187
20.630
22.981
23.146
22.987
23.224
23.370
19.319
21.748
18.403
19.576
22.034
22.635
20.754
23.195
22.727
23.230
17.337
18.965
20.927
20.934
9.333
21.689
19.922
17.714
22.343
2.142
2.630
5.005
20.216
9.588
5.783
16.006
16.342
19.686
21.313
18.158
20.807
20.826
20.664
21.064
20.438
19.531
20.706
20.936
20.579
20.985
19.734
19.575
19.530
11.780
20.198
20.433
20.161
20.198
20.564
20.184
20.047
19.601
19.341
19.065
19.124
19.004
18.921
10.934
18.531
17.882
18.422
17.988
18.060
14.707
17.470
16.801
16.784
17.184
17.840
17.617
17.837
17.658
17.168
16.368
16.957
16.920
17.156
17.304
17.045
16.809
16.633
16.642
16.770
16.373
16.146
15.157
16.271
16.105
16.191
15.947
15.823
15.980
15.682
15.531
15.473
15.649
16.122
16.091
15.607
15.407
14.858
15.057
14.904
15.160
16.271
16.298
16.307
16.091
15.974
15.970
15.666
15.378
15.845
15.999
15.793
15.854
16.224
16.252
16.456
16.491
16.320
15.908
15.852
16.026
16.035
16.012
16.010
16.303
15.920
16.116
16.306
16.676
16.777
16.885
16.628
16.292
16.480
16.412
13.636
16.916
12.710
3.165
5.100
10.914
10.720
17.474
17.911
8.610
8.957
12.667
18.751
18.839
18.278
16.718
17.078
6.198
10.038
1.042
16.782
19.751
19.765
20.210
20.636
20.495
20.362
20.419
20.177
20.142
20.147
20.205
20.518
20.429
20.655
20.784
21.148
21.922
21.979
21.783
21.868
22.089
21.932
22.130
21.931
22.104
22.164
22.382
22.782
22.892
22.922
23.337
22.327
19.667
19.697
22.250
23.755
23.888
24.105
23.993
22.892
23.777
24.644
23.856
23.052
23.419
20.961
25.347
25.259
25.308
25.547
25.208
21.958
25.247
20.298
25.219
12.423
19.463
25.916
26.557
26.614
26.739
26.334
25.867
22.097
24.451
12.173
23.097
24.923
26.785
28.280
28.174
28.208
28.345
28.174
28.211
28.284
27.974
28.177
27.974
28.707
28.009
27.543
27.617
26.523
23.385
21.998
23.309
28.041
20.235
27.919
26.012
25.059
16.451
26.199
19.218
18.019
19.273
21.135
22.772
21.568
18.716
25.181
14.603
17.216
18.399
10.524
24.115
28.156
29.030
28.782
25.953
28.603
21.840
22.231
18.613
14.066
14.616
13.333
19.726
18.874
17.027
10.764
16.939
26.389
15.602
16.787
18.791
21.120
11.537
1.049
6.766
17.202
15.390
19.363
25.647
26.170
21.711
25.526
26.294
17.934
20.770
9.284
21.249
24.127
24.758
13.183
23.302
20.877
27.076
25.852
25.502
17.904
21.820
25.543
23.904
23.867
17.207
22.417
18.536
24.729
20.339
2.421
25.952
25.916
8.620
12.706
15.576
23.677
24.435
21.583
21.323
11.510
25.080
25.990
25.307
22.336
24.819
25.378
25.146
22.974
18.216
23.771
6.542
13.171
23.179
18.095
24.338
23.600
22.644
22.275
15.248
15.849
17.660
18.803
24.779
21.999
22.451
24.553
23.297
23.379
17.579
21.917
24.110
24.244
24.527
24.292
24.304
24.013
23.819
23.910
23.962
22.717
23.327
22.722
23.022
23.019
22.448
22.944
22.401
17.479
11.794
19.664
21.877
20.559
22.536
21.962
17.597
18.181
3.206
20.775
22.297
16.020
9.512
21.059
21.516
21.376
21.260
20.651
20.967
20.891
20.668
20.295
20.862
21.029
21.066
20.289
20.577
18.285
20.466
20.370
20.373
19.460
19.898
20.182
20.250
20.123
19.817
18.578
10.979
18.351
15.977
19.123
19.047
18.792
18.679
18.563
18.638
18.567
18.190
17.314
10.968
17.813
18.153
17.908
17.731
17.592
17.426
17.493
17.175
15.225
17.029
17.259
14.679
16.581
13.747
13.774
16.767
17.108
16.993
16.688
15.957
16.255
16.215
15.745
16.081
15.562
15.501
15.823
15.818
15.665
15.389
14.178
11.799
15.091
15.180
15.197
15.408
14.958
15.075
15.668
15.531
15.417
15.564
14.924
15.243
15.025
14.838
12.884
15.681
15.679
15.390
15.506
15.633
15.758
15.689
15.644
15.663
15.835
15.918
15.926
15.765
14.996
4.196
15.290
14.504
15.486
15.842
16.242
16.477
16.471
16.670
16.676
16.736
16.619
16.657
16.930
16.893
16.943
17.067
17.298
15.847
17.282
17.322
17.590
18.036
18.180
17.981
18.672
18.517
18.728
18.872
18.985
18.852
19.049
19.074
19.356
19.457
19.080
19.481
19.590
19.802
20.217
20.092
20.303
20.359
20.824
20.583
20.852
20.873
17.772
20.960
21.014
21.278
21.197
21.086
22.443
21.991
21.836
22.201
22.295
22.803
23.242
23.039
20.520
17.975
22.732
24.104
23.805
23.697
23.461
21.160
19.107
23.816
24.284
20.576
19.797
21.364
23.277
24.497
19.506
21.549
24.983
23.842
17.625
18.021
25.114
26.004
25.633
25.233
25.790
25.813
26.032
26.176
21.588
25.594
26.211
27.043
27.387
26.637
26.583
26.792
26.633
26.341
28.072
27.924
28.148
27.706
26.939
28.890
29.229
28.543
28.157
29.330
28.480
27.763
27.648
27.751
27.227
25.122
27.583
20.279
14.927
29.226
28.714
28.620
27.628
11.817
14.602
26.044
27.156
26.609
16.212
15.953
17.775
15.468
13.350
18.583
17.929
12.703
15.991
2.956
24.654
27.346
28.119
25.393
22.252
19.897
18.066
23.065
17.981
26.226
15.852
22.065
28.646
29.134
29.560
29.195
23.122
28.604
24.143
24.732
22.870
27.677
24.296
29.174
29.458
29.144
28.953
29.075
28.661
13.696
14.456
25.618
10.239
22.594
8.190
9.156
6.583
12.751
22.212
19.862
22.702
24.029
22.594
26.138
18.862
23.218
21.137
22.302
24.525
23.265
19.426
20.960
26.517
24.050
22.410
22.271
24.816
20.797
22.944
22.066
23.884
18.612
11.898
16.302
7.447
16.613
22.095
23.745
10.047
11.595
24.319
20.131
18.062
17.441
11.029
23.732
25.209
23.879
22.838
18.758
4.558
16.419
20.555
21.345
22.734
19.086
24.870
24.280
20.944
24.132
2.966
22.767
22.286
19.880
17.843
23.783
22.543
22.563
22.140
22.567
23.937
22.633
11.741
2.147
18.808
20.461
6.737
22.697
10.107
23.453
23.427
22.421
20.903
20.632
21.870
22.980
22.798
10.166
22.821
21.666
21.172
19.998
19.217
20.137
21.863
21.440
20.834
20.895
21.499
5.388
16.829
15.376
15.864
15.743
16.882
11.943
21.548
21.104
21.197
21.042
21.435
20.886
20.568
20.274
20.272
20.675
20.675
20.508
20.791
20.649
20.077
20.667
20.401
20.182
20.152
19.783
19.655
18.189
17.606
19.063
18.616
18.362
18.300
18.266
15.009
17.599
17.889
16.963
10.452
4.932
16.167
13.823
15.123
15.332
1.665
0.675
15.080
16.860
17.599
17.264
17.173
16.846
16.926
16.769
16.950
16.676
16.650
16.163
16.241
15.945
16.066
16.012
15.950
15.980
15.904
15.859
15.468
15.993
15.794
15.467
15.470
15.495
15.441
15.283
15.033
14.923
11.479
15.121
15.587
15.984
15.815
15.903
15.799
15.760
15.741
15.852
15.851
15.865
13.293
14.649
15.965
16.094
16.088
15.509
15.954
16.375
16.529
16.496
16.346
16.335
16.088
16.229
13.006
15.634
16.124
16.629
16.931
16.932
17.108
17.177
17.292
17.345
17.489
17.364
17.569
17.722
17.806
17.747
17.930
18.147
18.078
17.995
17.992
18.468
17.004
18.848
18.635
18.546
18.545
11.749
13.480
18.762
15.640
18.879
15.275
17.613
16.612
18.492
20.507
20.481
20.454
20.687
20.386
16.413
20.593
20.901
21.060
21.140
21.265
21.473
21.666
15.386
21.874
21.822
21.869
21.957
22.239
22.861
22.952
22.608
23.260
23.478
23.581
23.512
21.680
22.617
23.253
23.647
23.968
24.236
24.394
24.487
24.874
24.597
24.475
24.651
25.087
25.391
25.333
25.021
25.154
25.694
25.863
25.768
26.143
26.278
27.017
27.008
22.769
25.902
26.488
27.092
26.323
26.633
26.896
26.711
26.665
26.413
26.747
27.258
27.326
27.386
27.548
27.562
27.920
24.834
26.606
26.863
18.549
26.648
21.208
10.712
23.940
17.449
15.571
15.387
18.090
27.267
28.196
28.153
28.424
28.585
27.455
24.769
27.498
28.097
28.011
26.344
26.837
14.524
15.490
25.632
26.268
24.949
27.671
27.579
26.915
27.756
28.039
20.685
27.438
28.980
28.921
28.410
20.737
28.094
28.243
28.803
27.769
16.230
28.078
14.482
19.854
25.609
18.585
24.442
22.269
10.799
10.504
15.838
18.212
19.533
14.613
21.939
21.995
14.626
24.118
23.978
22.495
21.062
12.639
16.822
13.661
16.913
18.161
20.687
15.712
18.633
15.024
24.685
8.692
8.878
10.482
20.486
21.572
21.341
16.394
23.895
19.524
11.461
17.643
22.673
21.243
22.798
17.949
25.648
11.540
20.481
26.401
26.080
15.687
23.370
20.350
21.058
25.214
25.600
20.381
25.291
25.604
21.917
24.832
17.294
19.605
10.594
15.787
15.223
22.370
22.363
24.343
22.128
19.112
16.624
19.933
12.708
22.863
9.384
22.367
21.369
22.444
24.155
22.947
24.093
21.410
23.862
22.307
23.477
22.282
22.820
22.772
23.182
23.072
22.780
22.658
20.175
17.416
20.857
21.778
19.491
15.829
21.300
19.599
20.478
22.324
21.910
15.330
21.818
21.594
22.100
22.149
22.285
22.586
22.195
21.494
21.605
21.405
19.821
21.074
20.973
20.688
12.007
6.712
20.813
21.244
21.074
20.909
20.548
3.227
17.508
14.504
17.567
15.802
15.908
3.042
1.421
17.044
19.168
19.508
19.749
19.511
19.554
19.614
19.617
18.221
10.915
3.761
18.298
18.517
18.547
18.336
17.950
17.720
17.385
17.103
13.137
17.217
15.749
17.070
16.881
15.855
16.668
16.338
16.271
13.338
16.447
16.913
16.933
16.521
15.906
15.697
13.204
15.286
14.622
15.863
16.403
16.700
16.584
16.450
16.204
16.047
13.863
1.752
5.555
5.851
15.109
15.493
15.733
15.837
15.891
15.643
15.576
15.508
15.438
15.816
16.083
16.073
15.931
15.940
15.585
15.728
15.714
15.771
15.490
15.768
13.921
14.744
12.721
15.963
15.865
15.805
15.989
15.897
16.053
16.171
16.320
16.652
16.392
16.577
16.424
16.316
16.108
15.602
16.877
16.856
17.138
17.128
16.999
16.908
16.774
16.890
16.907
14.105
17.309
17.883
6.762
17.022
17.893
18.412
18.566
18.390
18.530
18.544
18.808
18.947
18.667
19.241
19.393
19.283
19.475
19.402
19.157
16.666
19.299
5.078
19.754
19.482
19.938
4.053
20.761
20.977
21.272
12.273
20.721
21.478
21.732
22.326
21.359
21.466
21.325
21.413
22.174
22.730
22.616
21.798
22.688
22.404
23.060
23.342
23.317
23.334
23.897
23.678
23.550
23.752
24.205
24.383
24.833
24.609
23.708
18.574
24.010
25.024
24.324
24.502
23.485
25.102
25.661
25.590
22.977
20.552
24.732
26.897
26.356
24.642
23.908
25.034
25.943
24.632
22.218
20.909
26.088
26.465
26.497
24.504
21.856
26.495
26.960
20.284
27.717
27.688
26.660
19.376
17.982
26.842
24.760
22.790
27.301
25.163
27.499
26.546
26.680
22.791
18.102
21.702
28.240
28.414
27.350
20.637
27.841
23.129
27.791
27.724
27.793
23.653
25.780
25.794
27.026
25.203
27.776
28.576
26.081
22.353
13.917
15.687
20.389
25.431
20.417
26.085
24.769
17.633
27.431
28.840
22.807
26.972
21.511
20.789
26.909
17.204
13.672
23.049
14.662
22.562
20.655
7.962
1.742
2.164
10.847
27.275
27.436
26.768
26.806
19.022
4.873
14.862
15.893
19.108
12.870
14.873
24.854
17.170
8.585
26.590
27.095
20.711
24.636
26.526
25.788
23.918
26.215
20.612
26.247
23.937
23.968
24.926
24.517
14.944
7.254
16.568
13.106
23.942
21.510
26.160
26.104
18.113
1.859
9.917
19.166
20.697
24.454
9.202
15.269
14.710
14.210
8.542
9.044
2.614
13.243
9.741
16.688
18.622
8.409
17.614
21.941
6.407
18.653
8.872
17.900
24.870
24.898
5.755
20.500
21.500
14.467
23.528
24.335
24.469
24.533
24.377
24.245
20.703
8.899
19.608
23.143
23.488
22.287
23.145
15.116
12.590
18.633
14.375
21.227
23.230
22.431
18.402
20.571
7.311
4.451
12.718
15.742
19.781
5.011
10.316
12.865
8.071
3.859
20.138
21.900
21.823
21.860
21.652
21.874
21.459
21.238
21.170
10.235
20.910
20.656
20.176
20.535
20.667
20.758
20.490
20.925
20.530
20.563
19.505
19.763
19.556
17.623
17.673
17.562
19.502
19.623
19.785
19.547
19.400
19.758
19.420
19.546
19.149
18.926
18.767
18.683
18.350
18.106
18.278
18.320
17.947
18.197
17.857
17.675
17.455
17.309
16.338
17.156
17.113
17.127
16.880
16.727
16.932
16.705
16.650
16.578
16.661
16.654
16.573
16.534
16.330
16.315
16.390
15.951
15.604
15.440
15.583
15.713
15.695
15.620
15.770
15.724
15.418
15.414
13.988
15.502
15.923
15.906
15.820
16.057
15.852
15.808
15.972
16.040
15.831
15.770
16.010
15.897
15.957
15.778
15.753
15.689
15.156
15.288
2.655
8.004
12.239
14.077
15.367
15.183
14.364
15.052
10.354
16.116
16.334
16.464
16.571
16.640
16.466
16.369
16.335
16.260
16.453
16.262
17.166
17.403
17.093
17.522
17.448
17.161
17.604
17.544
17.593
18.068
18.024
18.045
18.686
18.666
18.356
18.575
18.203
18.382
15.681
18.411
19.931
19.777
19.425
13.197
17.860
19.021
13.732
19.275
20.222
20.463
20.395
20.269
20.400
20.789
21.095
21.120
21.503
21.873
21.564
21.943
22.245
22.305
22.481
22.073
21.943
22.079
22.446
22.897
23.026
23.364
23.464
22.367
20.763
23.245
23.679
24.104
23.954
23.860
23.484
24.049
24.236
25.401
25.602
25.402
25.137
25.304
24.985
25.134
25.056
25.484
25.085
25.100
23.711
25.499
23.050
23.210
25.256
25.446
25.469
24.150
25.239
24.717
25.446
26.244
26.044
19.581
26.739
27.102
26.749
26.725
26.741
24.721
27.328
27.141
27.431
25.612
27.281
25.795
27.583
20.366
28.307
23.286
27.807
22.331
26.758
25.081
27.863
28.023
28.061
24.334
27.936
27.669
26.781
24.875
28.515
28.615
29.088
28.741
25.990
26.733
28.510
28.458
26.530
28.804
29.658
29.519
28.850
28.118
27.939
29.063
28.927
28.490
28.425
27.475
27.853
19.463
23.277
27.904
19.086
14.104
28.380
28.888
29.047
28.782
28.432
28.574
28.463
21.750
24.720
20.844
10.257
10.228
12.738
10.912
11.589
22.407
18.267
27.347
27.842
22.609
27.329
24.539
20.845
14.472
15.979
15.372
6.210
15.366
20.805
25.122
16.816
26.191
24.616
12.758
20.626
20.660
17.466
14.052
21.912
23.628
18.158
19.739
12.154
20.666
14.549
7.836
17.193
20.938
23.608
20.678
6.686
17.830
15.373
7.870
21.826
21.892
23.098
13.551
19.632
24.946
20.705
20.620
25.108
19.444
19.946
13.410
21.861
19.035
21.193
20.630
24.661
24.174
18.535
19.272
19.902
21.387
16.648
23.962
24.273
23.280
23.795
24.580
24.465
23.976
24.276
22.990
23.941
15.062
9.048
13.789
19.086
23.863
7.906
19.860
19.427
23.105
22.619
20.482
20.660
20.316
16.685
19.673
22.270
22.292
22.414
22.452
21.350
22.908
23.060
22.730
21.998
22.233
22.020
21.884
21.527
21.410
21.189
21.153
21.907
22.168
21.576
20.990
10.166
6.258
20.908
21.216
21.368
21.388
21.118
20.843
20.859
20.721
20.881
20.839
19.671
20.057
20.282
19.984
19.529
19.524
19.617
19.952
19.975
19.772
19.518
18.668
15.014
4.550
9.628
6.317
5.131
17.787
18.234
18.162
18.191
18.006
17.822
17.862
17.949
18.091
18.158
17.585
17.296
16.879
17.194
17.276
17.258
17.009
16.856
16.763
16.543
16.709
16.771
16.576
16.464
16.234
16.432
16.085
16.227
16.340
15.956
16.116
15.955
15.887
15.666
14.111
15.306
15.354
15.223
15.362
15.594
15.262
15.836
15.562
15.782
15.973
16.152
16.188
15.600
15.980
16.034
16.051
16.231
16.124
15.958
15.589
15.589
15.388
15.792
16.253
16.408
16.052
16.402
16.687
16.604
16.555
16.586
16.563
16.352
16.624
16.679
16.074
16.207
16.608
16.602
17.132
17.380
17.569
18.058
17.945
18.079
18.192
18.035
18.440
18.176
18.272
18.571
13.889
16.574
18.525
18.030
18.236
18.316
15.988
18.607
19.807
20.151
19.661
19.816
19.449
19.833
11.168
10.512
17.922
19.989
20.211
20.422
20.912
20.850
20.885
20.369
20.987
21.583
21.913
21.583
22.458
22.215
22.374
22.441
22.684
23.100
23.349
22.765
23.256
23.343
23.001
23.373
23.439
22.364
23.161
22.763
13.039
24.114
23.923
23.890
23.916
24.291
24.448
24.218
24.428
25.175
23.641
15.181
22.715
24.876
24.407
25.596
25.480
17.657
25.679
26.655
26.864
26.773
26.631
26.505
26.594
25.326
23.635
26.552
26.789
21.187
26.654
26.142
25.150
17.790
17.178
12.295
15.372
16.212
27.005
27.286
27.119
27.155
27.489
27.600
27.685
27.880
28.087
28.739
28.724
27.663
27.276
27.244
27.855
28.371
28.065
28.166
27.116
28.473
28.615
27.858
24.549
26.964
28.790
28.187
28.227
28.532
28.213
28.344
28.147
28.079
26.013
26.644
28.548
17.325
3.153
1.194
25.908
13.894
25.774
26.791
18.157
22.451
26.954
26.742
21.325
27.110
25.627
22.769
11.898
8.432
13.032
25.336
20.411
12.047
25.955
15.118
27.493
23.460
20.304
16.223
10.548
15.877
22.017
14.598
9.494
7.429
18.354
19.465
23.985
22.712
20.110
21.888
16.129
11.408
14.575
14.300
25.709
21.445
25.382
24.297
26.412
24.442
21.824
22.278
20.900
14.633
15.109
19.707
18.657
15.622
24.104
11.325
9.476
12.829
26.026
25.689
10.281
15.263
23.788
22.252
12.743
22.736
24.942
22.918
17.311
20.040
9.377
20.920
22.887
23.865
25.136
19.644
21.833
23.091
16.227
16.481
12.608
6.054
21.200
21.644
24.931
20.549
18.449
17.037
3.834
21.110
22.852
22.432
22.498
12.139
21.698
22.511
24.394
23.869
24.564
24.229
23.690
23.460
23.419
23.383
23.468
22.920
22.920
22.852
22.954
22.154
11.897
16.348
22.472
22.563
22.063
21.972
21.659
20.887
21.111
17.355
15.353
7.132
4.817
3.668
18.890
17.614
10.891
20.664
20.066
19.614
18.765
15.233
20.446
14.548
2.975
8.156
5.445
9.758
19.372
19.887
19.744
19.508
19.911
19.496
19.117
13.584
6.595
18.382
16.269
18.972
19.426
19.334
19.039
18.824
18.446
16.672
18.241
18.822
18.755
18.490
18.447
18.062
17.806
18.173
18.160
17.944
17.920
17.476
17.409
17.362
17.306
17.394
17.258
17.201
16.938
16.867
16.944
16.625
16.440
16.328
15.665
15.798
15.934
16.377
16.391
16.421
16.287
16.242
15.824
15.777
15.852
15.723
15.719
15.740
15.838
15.703
15.580
15.729
15.512
15.389
15.268
15.265
15.209
14.934
15.042
15.052
15.356
15.644
15.585
15.489
15.379
15.218
15.563
15.292
15.256
15.360
16.223
16.408
14.524
15.514
16.404
16.516
16.358
10.186
11.917
7.648
16.049
16.373
16.367
16.288
16.305
15.432
11.152
17.282
16.958
16.333
16.432
15.659
16.953
17.800
17.881
17.953
17.690
18.174
18.414
18.551
18.796
18.162
18.638
18.176
18.686
18.403
18.544
18.825
19.140
19.114
19.724
19.648
11.395
16.139
9.902
20.407
20.307
20.597
20.537
20.502
19.986
13.185
20.321
19.305
19.270
18.737
17.503
10.013
19.640
21.344
15.104
22.044
21.887
22.361
22.495
22.157
22.747
22.511
21.618
21.712
23.267
23.535
23.953
23.594
23.407
23.589
24.315
24.274
24.092
24.264
23.901
23.916
24.211
24.324
25.005
25.063
24.982
24.777
25.377
24.821
25.521
26.139
25.781
25.593
25.587
25.554
26.436
27.111
27.056
25.680
24.328
26.263
26.516
22.507
26.619
22.028
25.959
26.804
27.119
27.378
27.346
27.333
27.706
27.482
24.057
27.749
28.499
28.066
27.692
26.996
27.412
23.620
27.379
25.485
18.451
27.670
26.846
21.787
27.920
28.091
24.026
28.288
28.851
28.356
27.559
28.519
28.838
29.449
28.785
28.951
29.558
28.602
21.445
3.616
8.735
2.439
28.144
28.085
27.595
27.888
24.696
27.430
28.394
28.755
28.860
28.384
28.506
28.576
26.468
28.734
28.768
28.531
28.904
27.287
20.015
23.443
15.461
13.943
7.522
15.640
27.057
27.207
21.096
15.157
15.911
15.281
17.175
22.827
13.167
11.117
4.643
1.321
0.825
2.464
19.114
25.925
25.913
20.779
26.534
21.484
25.895
21.753
24.132
18.412
13.362
13.286
8.683
9.511
21.703
8.026
8.367
25.964
18.616
5.974
25.539
25.514
25.927
17.770
20.556
25.043
