20000101
16.287
16.243
16.400
16.443
16.509
16.666
16.523
16.286
16.092
16.086
16.209
16.229
15.371
16.260
15.490
16.608
17.825
17.231
17.050
17.346
17.183
17.028
17.048
17.324
17.599
17.741
17.587
17.470
16.603
18.020
18.049
17.311
17.411
17.960
18.270
6.790
3.299
16.313
18.567
18.842
19.451
7.504
11.731
16.060
19.486
20.335
20.048
20.186
20.672
20.756
20.912
15.816
20.515
20.854
21.977
21.760
21.137
22.062
22.056
21.961
21.605
19.135
22.084
22.221
22.043
22.744
22.593
22.794
23.875
23.809
23.906
23.371
23.032
22.958
23.826
24.853
24.619
24.423
24.408
25.246
25.320
24.588
9.659
19.493
24.915
25.314
22.827
25.499
25.766
25.935
26.265
26.376
26.209
26.691
26.880
26.855
27.229
27.423
27.400
27.207
27.218
27.103
26.497
26.689
27.083
25.550
26.170
26.927
27.123
26.907
26.919
26.939
26.939
21.185
25.861
24.524
26.955
26.213
25.231
26.099
27.701
28.463
27.620
25.644
23.659
27.779
27.230
20.328
20.685
28.024
27.671
25.008
25.763
22.116
25.670
18.728
15.638
27.848
27.980
20.987
20.047
15.721
5.929
17.525
25.280
23.697
26.591
26.268
27.126
28.124
24.228
24.969
21.914
14.588
19.506
23.246
11.188
15.801
23.966
12.908
8.525
23.347
24.953
28.217
22.380
24.791
17.732
20.763
8.375
24.951
6.812
25.455
18.591
22.349
22.694
21.222
25.556
22.348
14.869
12.440
21.154
20.783
14.411
11.748
10.781
12.483
8.619
17.904
3.956
13.110
17.348
17.941
24.659
19.747
16.890
20.828
19.962
25.167
21.961
23.115
17.959
19.699
2.314
23.736
5.557
8.312
24.187
20.792
21.750
19.040
22.546
25.480
24.125
22.463
23.617
20.483
26.447
9.936
20.301
15.172
23.154
23.303
25.332
12.434
22.520
24.072
21.049
22.669
23.008
18.455
24.101
23.411
24.843
22.975
25.036
25.008
24.929
19.040
22.079
24.309
24.625
21.212
21.483
18.951
4.448
8.805
21.864
24.225
21.146
21.740
21.141
21.687
13.992
17.182
22.601
23.751
23.162
19.089
15.044
20.322
17.615
7.514
6.722
8.453
19.789
12.288
19.580
22.127
22.566
22.590
22.548
22.666
20.451
22.506
22.332
9.452
3.981
21.538
21.197
21.041
21.014
20.885
19.633
20.853
20.858
21.029
21.708
21.687
21.133
20.658
20.403
19.021
19.985
19.523
20.519
19.947
19.974
20.014
20.027
18.944
19.551
17.044
18.528
19.055
19.060
18.832
18.639
18.553
18.209
18.344
18.509
18.445
18.363
18.321
18.145
17.957
17.796
17.894
17.902
17.238
17.564
17.080
17.203
17.032
17.088
16.793
16.541
16.501
16.657
16.866
16.865
16.898
16.398
16.777
16.366
16.683
17.094
16.878
16.792
16.572
16.485
16.250
16.062
16.006
15.982
15.816
16.131
15.914
15.935
15.931
15.630
15.760
15.827
15.920
16.055
16.020
15.934
15.815
15.589
15.455
15.269
15.341
15.599
15.886
15.848
15.668
1.741
13.373
15.894
16.122
16.316
16.423
16.610
16.221
16.103
16.827
16.958
17.154
16.781
17.319
17.285
17.286
17.346
17.708
17.461
17.734
17.649
17.037
17.215
18.151
18.230
18.310
18.267
18.322
18.314
18.150
18.318
17.998
17.725
19.375
19.276
16.514
19.590
19.951
20.000
19.932
19.959
19.952
20.494
20.408
20.333
20.049
17.368
19.922
19.997
20.588
20.801
17.887
20.824
20.864
20.861
17.372
20.236
21.579
21.096
16.851
21.696
22.092
22.151
7.630
23.076
23.465
23.019
23.303
23.700
23.917
23.885
23.903
23.666
23.494
23.857
20.331
24.705
24.824
24.304
24.134
19.775
21.293
25.056
24.991
25.120
25.279
25.474
25.071
19.101
11.861
14.923
25.999
26.151
26.264
23.504
22.936
26.628
25.320
26.930
27.110
27.030
27.102
18.298
17.233
21.416
20.271
20.393
22.929
26.677
27.349
27.799
28.090
28.175
28.090
28.100
27.777
27.683
28.289
27.309
25.815
26.323
24.028
27.412
22.181
18.230
17.909
14.701
23.279
25.671
27.934
27.038
27.246
27.400
23.476
15.353
23.809
20.408
26.187
25.207
17.327
16.128
24.953
26.833
28.251
28.709
26.139
14.224
20.214
17.637
14.562
28.467
20.902
13.847
22.053
24.862
18.827
16.991
21.272
28.192
24.366
22.608
18.582
13.566
17.743
11.939
7.182
20.540
12.327
14.661
19.661
10.550
24.942
12.022
22.225
24.074
21.007
24.867
26.106
25.953
26.330
15.916
21.789
25.303
27.228
27.091
26.959
27.181
24.646
22.749
17.187
18.608
24.742
25.272
13.755
13.118
23.468
12.492
23.383
25.900
21.559
21.580
17.568
24.308
26.447
26.230
25.096
20.007
25.089
24.123
12.400
16.439
25.519
25.692
20.531
21.957
24.885
21.541
23.674
25.226
25.827
20.794
25.453
24.994
15.432
24.882
24.960
21.089
24.525
23.798
24.085
24.104
24.110
12.357
14.833
19.625
19.919
18.340
16.016
21.470
22.552
22.613
18.356
19.337
16.994
22.230
22.117
17.622
15.299
7.354
17.614
19.348
12.269
15.856
22.047
6.514
21.951
20.664
21.371
21.713
18.476
23.136
23.854
23.491
22.322
14.380
22.558
22.283
21.737
22.087
21.948
21.451
19.217
20.032
18.143
17.486
17.273
15.953
9.608
16.871
20.479
20.821
20.528
20.679
20.637
20.896
20.857
20.261
20.551
21.137
20.623
17.618
20.253
20.178
19.881
19.807
19.897
18.592
19.571
19.751
19.589
15.207
18.651
18.497
18.682
18.823
18.547
18.435
18.516
18.378
18.342
17.883
18.094
18.130
18.183
17.278
17.794
17.631
17.630
17.824
17.123
15.007
17.161
17.318
16.847
16.743
16.621
16.486
16.799
16.742
16.722
16.391
16.375
16.188
16.702
16.722
16.536
16.385
16.144
16.186
16.089
15.947
15.872
15.948
15.824
16.037
15.893
15.662
15.685
15.786
15.363
15.666
15.619
15.558
15.706
15.296
16.144
16.001
15.983
16.061
15.912
15.851
15.873
15.583
15.641
16.209
16.263
16.399
16.151
15.516
16.160
16.213
16.122
15.992
16.426
16.331
16.599
16.628
16.543
16.336
16.371
16.150
15.120
15.654
16.361
16.311
8.967
7.337
11.596
17.784
17.977
17.707
14.424
4.716
16.565
18.347
18.053
18.826
18.577
18.928
19.106
19.424
18.109
14.990
4.170
18.032
18.757
14.940
8.081
19.703
20.018
19.831
19.797
20.100
18.764
20.524
20.062
20.238
20.821
20.563
20.660
7.352
20.981
21.569
21.545
21.476
21.155
17.274
22.366
22.508
22.890
23.324
22.548
13.955
22.366
22.926
23.401
20.680
22.475
13.175
23.843
24.433
24.390
24.320
24.445
24.591
24.550
24.537
24.537
24.328
24.163
11.532
18.988
12.475
25.962
25.456
25.584
24.601
22.637
25.598
25.506
25.652
25.896
26.130
26.299
24.602
22.495
23.646
26.336
26.625
26.642
26.458
26.779
27.036
27.780
27.338
24.705
26.706
26.431
25.642
21.205
18.243
27.903
28.001
27.697
27.914
27.567
26.936
27.259
27.278
27.594
26.561
27.563
28.034
26.602
27.443
27.826
27.310
24.342
18.125
14.661
20.497
14.391
13.287
28.629
29.051
25.579
30.350
28.501
27.560
26.266
17.420
17.682
24.509
16.808
15.796
14.034
28.316
26.219
17.098
18.024
23.516
21.103
22.854
27.618
19.274
12.792
21.586
16.638
24.784
21.295
14.220
13.586
26.207
15.759
18.151
15.474
18.451
19.414
2.136
26.272
13.731
13.377
10.471
12.278
9.506
15.402
20.285
13.293
13.164
3.423
10.154
20.659
25.441
26.863
25.593
23.831
26.007
25.609
20.715
19.922
18.823
21.821
13.678
24.655
21.049
23.525
23.060
15.104
18.048
21.463
25.905
20.134
19.153
9.266
16.660
12.591
14.203
18.678
14.261
23.386
23.927
24.690
22.747
25.020
25.628
23.397
12.351
14.735
5.062
9.846
15.123
17.393
20.558
17.073
18.644
22.247
21.911
9.236
14.024
21.778
19.218
24.809
24.847
22.734
22.942
21.108
22.962
24.275
23.660
23.407
5.402
21.583
21.104
22.451
23.444
21.319
22.148
21.730
17.873
13.272
18.969
21.460
23.373
23.747
19.146
22.692
23.231
22.926
21.838
16.800
13.512
17.924
13.450
20.094
18.754
20.000
20.410
21.474
21.530
22.451
22.044
21.935
21.446
19.324
20.103
20.685
20.831
20.789
20.941
17.628
20.535
20.184
19.994
20.555
17.726
4.999
19.476
20.231
20.208
19.949
19.932
19.612
20.235
20.092
19.961
19.719
19.618
19.267
19.206
18.362
18.920
18.843
18.487
18.124
18.060
17.889
17.825
17.623
16.772
13.438
7.916
16.898
17.749
17.858
17.585
17.482
17.362
17.361
17.003
16.922
16.552
16.542
16.228
16.388
16.711
16.398
16.272
16.404
16.729
16.719
16.743
16.407
16.400
16.270
16.091
16.119
16.239
16.229
16.354
16.459
15.863
15.660
15.564
15.486
15.290
15.277
15.280
15.326
15.506
15.508
15.879
15.772
14.972
14.967
15.469
15.406
15.669
15.941
15.917
15.321
14.666
14.746
16.056
16.086
15.925
16.180
16.400
16.327
16.806
16.857
16.770
16.901
16.883
17.249
17.293
17.082
17.153
17.220
17.466
17.771
17.636
17.679
17.623
17.689
17.477
17.843
17.602
17.263
14.006
17.533
16.798
2.690
6.576
17.109
14.850
14.183
18.333
18.698
18.500
18.057
18.220
13.026
18.192
18.386
19.867
20.047
20.029
16.513
19.441
13.639
15.752
20.404
20.837
20.611
20.765
20.810
21.254
21.013
21.115
16.061
20.313
21.442
22.508
23.356
23.168
23.406
23.517
23.098
23.214
17.521
13.509
22.065
22.905
22.885
22.770
20.755
23.685
21.504
23.923
24.490
24.256
24.354
24.086
15.931
21.491
24.655
24.564
23.899
17.348
24.417
26.041
26.003
26.097
22.200
16.731
25.657
26.288
26.862
27.022
27.122
26.999
26.983
26.959
24.664
25.273
26.580
19.706
26.871
26.735
26.136
26.365
27.485
27.992
27.155
26.859
25.294
20.152
22.658
11.200
17.569
18.020
27.160
24.086
28.290
29.582
29.346
29.263
28.164
15.134
27.775
28.036
27.768
27.946
18.558
17.660
28.195
29.569
28.627
28.639
13.405
28.490
23.745
28.069
22.368
28.472
29.127
29.256
29.690
29.234
29.607
29.577
28.932
28.586
24.355
19.286
25.169
26.323
24.025
21.075
18.066
22.501
27.593
26.237
23.366
17.813
17.758
13.993
19.423
18.661
14.859
13.845
21.136
9.722
15.918
4.110
22.831
25.415
6.955
10.335
21.634
17.077
20.341
21.816
26.136
21.108
24.496
22.228
24.408
13.797
15.542
24.771
24.433
21.761
24.787
21.249
21.889
21.958
23.077
22.583
24.737
10.518
23.142
18.792
26.262
26.177
16.584
14.287
18.154
22.904
19.500
18.467
8.352
18.013
21.093
25.837
23.474
26.021
25.932
25.327
25.373
17.773
25.215
23.063
23.239
15.612
20.848
20.296
23.892
17.889
18.897
19.936
22.388
24.536
21.673
6.845
6.947
17.549
24.379
24.177
18.777
20.819
23.221
18.684
20.923
6.914
9.084
21.352
23.221
23.385
16.792
16.368
13.127
22.425
20.484
21.618
9.672
22.393
21.448
22.015
21.276
20.244
21.350
20.414
19.853
22.111
21.902
19.446
19.058
19.795
19.417
19.818
17.912
19.861
20.955
21.789
21.574
13.907
16.364
1.926
1.574
2.430
2.088
15.403
21.257
21.503
21.228
21.796
20.753
20.433
19.927
19.608
17.263
13.453
19.940
19.064
0.775
1.311
1.675
10.193
15.760
6.526
10.025
18.659
11.986
16.768
2.335
18.632
18.600
18.536
18.637
18.363
18.292
18.164
18.138
16.724
17.984
17.896
17.706
17.647
17.420
17.248
17.157
17.135
17.119
17.650
17.539
17.173
16.973
16.742
17.027
16.976
17.177
17.088
16.875
16.504
16.460
16.465
16.187
16.150
15.933
15.923
15.575
15.272
15.528
15.644
15.822
15.770
15.759
9.577
2.270
14.835
15.145
15.349
15.666
15.839
15.871
15.844
15.851
15.910
15.933
15.700
8.672
15.375
15.703
15.580
16.012
15.971
16.092
16.329
16.351
16.088
16.144
16.252
16.311
16.260
16.191
16.362
16.363
16.362
16.395
16.388
16.511
16.663
16.834
16.995
16.732
15.260
2.281
14.482
17.429
17.337
17.770
18.074
18.118
17.812
16.953
17.609
18.271
18.781
18.902
19.030
18.827
18.998
19.249
19.247
19.402
19.516
19.511
19.245
19.574
19.764
20.119
20.290
19.883
20.053
20.385
20.746
20.942
21.135
21.228
21.083
21.171
21.499
21.451
22.000
22.453
22.732
22.986
22.794
22.877
19.426
20.750
21.729
21.770
17.611
22.806
23.214
23.121
23.535
23.688
23.746
23.777
23.771
23.866
24.890
24.064
24.162
24.759
24.966
25.423
25.155
24.901
25.057
25.167
24.253
24.753
26.142
25.678
25.871
25.311
25.340
25.732
24.429
25.161
25.776
25.714
26.139
26.670
27.003
26.810
26.953
27.117
26.839
27.327
25.180
26.370
26.287
25.102
23.557
25.389
17.466
19.504
23.601
20.300
21.252
27.085
21.951
27.972
29.186
28.920
28.973
28.629
28.651
28.402
23.898
28.000
28.509
28.845
17.792
20.555
27.466
27.119
21.608
27.337
21.735
27.664
28.256
25.830
26.152
26.899
28.435
26.872
26.919
20.578
28.633
28.857
28.431
25.406
24.234
25.603
28.441
23.095
17.649
20.979
25.723
24.893
25.419
19.468
11.884
12.592
2.761
9.341
17.839
21.602
21.189
23.887
14.026
16.584
27.601
26.737
27.030
22.870
22.723
20.382
21.798
17.811
14.506
18.588
20.481
17.509
18.623
17.772
25.517
23.623
15.118
24.893
7.395
26.406
27.170
20.588
15.409
24.158
14.028
21.612
24.968
26.282
17.621
23.857
18.811
21.922
19.225
21.360
24.389
19.069
25.483
24.950
22.307
22.068
23.856
26.085
24.971
24.919
15.792
20.299
21.246
18.022
23.704
22.454
24.586
22.978
2.694
20.207
23.523
24.724
24.717
22.900
24.212
21.649
18.074
17.807
24.551
23.495
22.989
24.475
19.725
23.616
22.290
10.721
24.480
16.373
22.843
24.109
24.215
23.666
23.684
21.965
17.413
22.304
17.545
10.729
8.506
6.538
15.276
15.961
9.152
10.573
1.906
18.836
19.227
22.046
21.818
22.017
22.161
21.499
18.790
22.023
20.990
19.018
20.372
20.226
21.098
21.159
19.081
18.905
11.950
5.035
17.491
21.138
20.848
20.537
19.921
20.331
12.354
5.481
21.038
20.962
20.668
20.232
20.249
20.356
19.832
17.935
19.685
19.650
19.080
14.475
14.956
11.821
18.976
19.090
19.224
19.314
19.327
19.318
18.783
18.354
18.102
17.262
17.860
18.018
17.957
17.640
17.709
17.782
17.722
17.649
17.217
17.031
16.866
16.911
16.702
16.411
16.152
16.164
16.114
16.349
16.132
15.989
16.308
16.159
15.912
16.034
16.064
15.859
15.894
16.039
15.546
15.385
15.387
15.424
15.362
15.124
15.262
15.379
15.303
15.637
15.379
15.244
15.166
11.450
15.281
15.236
6.589
6.981
4.317
15.948
16.025
15.943
15.955
16.044
15.526
14.981
14.829
7.647
15.514
16.272
16.309
16.079
16.270
16.348
16.169
15.227
16.333
16.257
16.531
16.207
16.382
15.902
14.006
16.627
16.993
15.175
16.210
3.415
16.884
16.905
16.704
16.166
6.113
16.710
6.790
4.917
1.894
18.758
18.862
18.769
18.471
18.050
16.102
18.137
18.699
19.416
18.913
19.229
19.246
19.755
19.390
19.229
19.412
18.183
18.403
19.524
19.510
6.795
20.257
21.322
21.199
21.421
21.428
21.452
21.145
21.574
21.623
21.751
21.925
20.159
22.078
18.033
16.951
10.334
15.188
16.947
23.111
23.320
23.297
22.497
17.523
22.922
20.575
23.786
23.986
21.117
15.844
15.442
12.645
24.961
24.894
20.177
23.576
16.340
25.166
26.334
26.580
26.414
26.491
26.233
26.138
26.308
22.885
9.913
23.390
27.082
28.127
28.053
26.837
27.330
27.037
27.552
25.914
26.140
23.135
27.016
27.536
27.356
26.284
22.795
23.038
27.544
22.843
26.294
19.286
17.478
22.157
17.442
23.621
23.314
22.686
21.575
22.858
28.128
28.986
29.550
29.617
29.392
29.015
29.184
28.991
28.827
27.661
13.503
27.514
28.318
27.857
27.890
20.371
28.467
28.736
26.271
28.026
28.940
29.140
28.534
29.212
30.267
29.751
27.586
12.835
28.668
20.799
21.255
26.130
29.319
29.449
29.550
29.258
28.887
29.296
26.583
28.502
28.857
24.715
21.212
25.723
22.111
14.045
11.172
19.088
18.173
16.175
8.275
4.002
11.537
18.833
14.814
19.043
13.838
21.822
25.183
21.016
27.067
20.120
21.002
15.781
9.767
8.975
4.887
10.585
16.159
9.828
22.962
23.072
23.366
25.728
13.388
24.545
22.279
20.265
18.177
22.125
19.024
26.434
22.767
23.082
26.128
24.486
16.911
9.614
21.961
21.712
19.784
25.412
23.292
18.662
15.477
18.365
25.358
18.678
19.392
7.915
22.165
21.128
22.340
19.112
13.381
19.316
15.911
18.415
24.486
24.495
24.750
24.896
24.649
24.777
18.582
24.238
24.133
20.819
17.819
23.121
15.690
19.115
23.425
22.371
20.038
14.743
15.465
9.859
10.954
18.879
19.678
22.476
5.188
19.897
22.134
18.927
22.000
21.670
21.737
21.897
21.985
22.097
22.213
21.893
21.999
18.721
21.390
6.437
15.787
20.223
19.428
16.403
21.290
20.175
20.854
20.449
20.715
15.503
7.217
1.662
14.350
5.014
12.625
2.698
1.331
3.657
14.305
8.838
11.278
14.506
19.023
18.812
18.757
18.865
18.492
18.971
3.390
15.285
17.767
18.378
18.724
18.703
18.546
18.448
18.049
18.051
18.258
17.960
18.009
17.942
17.701
17.780
18.008
17.976
17.674
17.581
17.040
16.959
16.742
16.646
16.526
16.994
16.688
16.613
16.477
16.142
16.129
15.696
15.811
13.927
16.651
16.554
16.156
15.920
15.872
15.923
16.053
15.979
16.339
16.217
16.023
15.579
14.121
15.542
15.684
15.801
15.284
14.502
12.899
15.253
15.482
15.835
15.746
15.676
15.959
15.914
15.993
15.996
16.233
16.089
16.167
16.451
16.227
16.395
16.430
16.792
16.756
16.761
16.792
16.626
16.801
16.469
16.786
16.759
16.653
16.763
17.036
16.819
17.773
17.233
5.852
18.160
17.817
17.936
17.939
17.936
17.969
17.975
18.087
18.130
18.711
18.777
18.801
18.915
18.832
18.887
18.874
18.915
19.422
19.369
19.338
19.484
19.474
19.718
20.041
19.874
19.963
19.958
20.508
21.090
20.984
21.253
21.438
21.653
21.045
21.177
20.417
18.920
22.485
22.019
20.429
22.326
21.341
22.037
20.367
17.834
9.873
17.653
21.202
18.878
14.934
22.611
23.874
24.773
24.718
24.562
22.992
24.930
25.031
25.030
24.449
24.769
25.104
25.140
25.642
25.773
25.855
25.543
24.597
25.136
25.378
26.310
26.033
25.854
25.543
25.615
25.485
26.304
26.670
26.750
27.193
26.529
20.429
12.735
14.468
25.192
26.765
26.783
15.056
24.328
26.993
25.071
27.613
27.609
27.129
27.816
27.872
27.556
26.647
26.949
26.620
17.705
28.253
25.919
25.447
22.632
26.442
16.750
26.302
24.913
27.669
27.664
17.582
20.905
26.082
14.980
23.778
17.296
15.648
17.700
22.547
17.104
13.140
11.618
9.448
19.570
27.765
26.397
20.293
20.997
16.863
8.096
7.785
16.609
5.884
18.994
12.438
19.618
28.266
27.551
26.978
21.999
16.609
22.418
26.183
28.204
23.957
24.845
18.359
14.653
18.466
15.382
16.605
19.873
21.386
25.185
23.502
23.820
26.774
22.875
22.031
16.020
7.953
14.354
20.333
3.534
20.239
7.126
4.485
5.258
13.462
21.618
22.910
14.820
23.440
26.236
25.386
20.268
21.656
24.700
23.009
22.273
25.302
22.985
24.502
25.637
13.325
21.578
24.886
25.089
18.766
14.753
22.774
22.575
24.927
23.437
25.800
25.211
24.483
22.794
25.175
25.147
24.474
25.353
25.061
13.284
16.278
16.635
20.662
16.606
24.442
6.372
22.975
19.986
21.944
16.287
19.533
17.918
14.497
22.764
24.622
24.748
21.045
24.117
20.394
19.616
23.653
22.929
20.054
20.175
9.503
22.914
22.556
20.329
20.292
21.969
20.630
21.590
22.310
19.882
2.446
0.988
3.023
3.741
4.404
5.729
18.729
19.403
12.946
20.426
14.105
17.993
21.325
21.191
21.739
21.639
21.474
21.542
20.908
20.939
20.674
20.864
17.815
20.528
20.421
20.317
20.681
20.681
19.154
16.623
16.096
16.246
19.492
20.071
19.858
19.593
18.606
16.488
15.921
18.632
11.341
9.462
14.684
14.227
5.860
13.480
17.739
17.860
17.669
6.287
11.481
16.872
17.109
17.176
17.197
17.171
17.318
17.198
17.181
16.878
16.961
16.884
16.643
16.633
14.919
16.463
16.581
16.776
16.784
16.322
16.029
16.538
16.682
16.753
16.374
16.058
15.605
15.592
15.386
15.313
14.247
15.064
15.446
15.956
15.817
15.801
15.538
15.389
15.294
15.216
14.967
15.112
15.272
15.405
16.175
15.879
15.898
15.512
15.589
15.561
15.823
15.710
15.991
15.907
16.128
16.412
16.324
16.345
16.160
16.303
16.618
16.755
16.210
15.811
16.544
16.955
16.113
15.819
16.925
16.953
17.006
17.028
16.781
17.294
17.806
17.641
17.474
17.562
17.609
17.650
17.408
16.311
16.441
18.173
18.419
18.308
18.237
18.436
18.360
11.850
15.484
18.199
14.806
15.861
5.905
2.362
18.388
18.664
12.175
18.973
20.098
20.428
20.846
20.860
20.732
20.628
20.440
20.420
20.736
20.414
21.122
12.236
9.148
22.121
22.306
22.872
23.106
23.280
23.214
22.213
22.460
18.543
17.402
5.755
10.552
23.549
24.091
23.581
23.882
23.943
23.988
22.751
23.396
23.951
24.355
24.802
25.480
25.583
25.195
25.214
25.326
25.443
25.393
25.906
26.219
26.703
26.685
26.478
26.178
25.467
21.781
26.153
26.160
24.989
22.352
22.738
20.824
19.340
11.933
17.288
14.708
21.166
17.549
18.291
27.183
27.322
25.963
16.786
21.700
22.654
26.232
11.696
20.396
12.245
13.339
15.215
16.835
11.627
8.784
13.303
15.307
17.644
27.476
24.873
26.246
24.201
19.000
15.129
16.624
12.997
16.906
16.024
27.550
28.114
28.599
26.218
24.739
17.118
12.670
15.581
28.721
28.670
24.465
29.066
29.152
28.740
8.910
23.285
18.643
16.937
19.196
21.937
11.535
16.345
13.529
19.250
20.714
5.059
14.595
24.996
26.392
16.177
23.936
19.314
14.546
22.672
18.001
18.165
23.510
20.452
15.686
7.020
19.095
21.474
20.589
25.098
25.079
15.834
2.344
12.510
26.886
26.964
20.729
21.304
24.246
14.134
20.804
19.696
17.084
13.830
15.753
8.080
7.676
1.232
11.141
21.124
11.349
1.494
13.950
16.511
16.388
12.257
20.272
18.551
4.159
24.261
19.004
25.680
25.281
25.572
24.221
21.977
25.719
25.983
24.899
23.177
21.658
14.856
15.100
1.802
20.723
16.832
16.529
18.851
25.402
24.956
23.893
22.566
17.104
22.940
22.542
23.298
20.933
22.680
23.315
22.303
23.432
23.362
20.073
20.772
17.383
15.223
20.976
22.820
21.322
23.415
22.721
23.210
14.843
18.921
21.429
21.201
10.286
21.537
19.800
18.242
21.746
1.912
2.885
2.470
18.768
9.615
6.983
15.749
16.304
20.126
21.261
18.188
20.879
20.877
20.867
21.083
19.749
15.791
20.382
20.831
20.613
20.877
19.266
19.411
19.438
13.426
19.993
20.336
20.176
20.245
20.592
20.207
20.060
19.634
19.310
19.074
19.121
18.956
18.947
11.063
18.519
16.879
18.479
17.777
18.073
14.178
17.515
17.107
15.318
17.183
17.835
17.594
17.894
17.632
17.156
14.727
16.923
16.939
17.136
17.285
17.077
16.809
16.712
16.615
16.785
16.459
16.183
13.677
16.272
16.073
16.206
15.987
15.876
15.974
15.701
15.571
15.415
15.678
16.152
16.105
15.675
15.443
14.947
15.146
14.685
14.511
16.295
16.273
16.327
16.105
15.989
15.978
15.651
15.364
15.842
16.028
15.833
15.848
16.214
16.256
16.468
16.455
16.308
15.974
15.915
16.044
16.082
16.050
16.015
16.334
15.953
16.149
16.347
16.717
16.769
16.915
16.647
16.327
16.512
16.450
11.973
16.902
13.484
3.161
4.156
10.348
10.592
17.476
17.950
8.368
6.569
9.825
18.751
18.849
18.397
17.280
15.897
7.966
10.419
1.146
16.466
19.778
19.791
20.263
20.661
20.527
20.391
20.432
20.185
20.167
19.978
20.260
20.527
20.444
20.677
20.821
21.174
21.857
22.016
21.756
21.824
22.083
21.850
22.159
21.951
22.135
22.125
22.341
22.866
22.897
22.866
23.380
22.415
19.582
20.717
21.685
23.773
23.938
24.134
24.008
22.768
23.812
24.677
23.722
23.076
22.597
21.060
25.378
25.355
25.346
25.549
25.245
21.491
25.272
20.504
25.206
12.229
15.908
25.989
26.601
26.666
26.796
26.465
25.956
20.017
24.625
9.995
22.130
22.185
26.876
28.329
28.222
28.310
28.339
28.166
28.247
28.349
28.001
28.292
27.942
28.658
27.963
27.472
27.732
24.561
24.351
19.200
23.323
27.991
20.280
28.004
25.766
24.168
13.563
24.432
17.388
16.660
16.529
20.498
21.754
22.276
21.157
26.136
12.975
17.095
18.878
10.344
17.342
28.144
29.084
28.877
24.960
28.467
21.976
19.514
19.153
15.460
13.672
13.101
16.728
18.724
17.028
13.113
16.815
26.201
16.826
17.636
18.456
21.167
9.171
0.955
5.520
16.323
13.738
19.939
24.965
25.084
25.263
25.082
25.896
19.082
18.377
9.845
21.569
23.406
25.316
13.503
23.398
22.150
27.185
24.907
24.978
19.857
22.300
25.731
22.172
24.646
16.653
23.160
15.343
25.098
19.808
2.620
25.612
25.935
11.032
12.580
18.890
23.339
24.719
20.262
20.772
13.392
24.450
26.064
25.369
23.115
24.508
25.419
25.064
23.837
18.163
24.479
4.973
14.277
21.668
18.146
24.078
23.057
22.405
22.006
17.105
15.229
18.449
21.478
24.777
22.543
22.344
24.475
23.390
23.538
17.226
21.947
24.284
24.288
24.653
24.371
24.376
23.996
23.846
23.818
23.886
20.294
23.056
22.197
23.091
23.050
22.400
22.967
22.421
16.318
13.449
18.627
21.610
19.812
22.577
21.902
18.554
18.013
2.511
15.155
18.963
16.300
15.126
20.128
21.556
21.447
21.282
20.734
20.997
20.896
20.033
20.807
20.867
21.090
21.067
20.710
20.645
17.628
20.508
20.366
20.393
19.262
19.073
20.183
20.279
20.119
19.883
14.469
13.328
18.049
15.400
19.079
18.925
18.769
18.694
18.555
18.638
18.532
18.159
15.765
13.395
17.896
18.104
17.939
17.788
17.631
17.430
17.450
17.128
14.695
17.051
17.266
14.848
16.606
14.593
13.185
16.483
17.100
17.019
16.679
15.956
16.281
16.237
15.730
16.063
15.570
15.479
15.829
15.771
15.604
15.292
12.817
11.846
15.080
15.195
15.192
15.414
15.013
15.070
15.643
15.486
15.442
15.518
14.931
15.235
15.039
14.920
13.271
15.691
15.684
15.347
15.453
15.610
15.740
15.712
15.677
15.701
15.881
15.930
15.961
15.793
15.276
2.601
15.146
14.850
15.516
15.857
16.296
16.525
16.561
16.724
16.700
16.705
16.688
16.711
16.960
17.010
16.942
17.079
17.240
16.092
17.315
17.341
17.621
18.063
18.234
18.056
18.707
18.562
18.757
18.900
19.022
18.899
19.073
19.106
19.405
19.448
19.114
19.487
19.620
19.805
20.267
20.132
20.356
20.443
20.854
20.596
20.877
20.884
16.364
20.975
21.033
21.297
20.972
19.736
22.460
22.037
21.870
22.223
22.331
22.843
23.290
23.034
20.925
17.300
22.749
24.106
23.752
23.665
23.565
18.994
15.936
23.775
24.291
20.437
19.829
19.716
22.933
24.490
20.101
21.152
24.996
23.851
17.276
17.187
25.128
26.043
25.652
25.235
25.842
25.841
26.048
26.253
20.657
25.639
26.044
27.035
27.398
26.730
26.596
26.869
26.581
26.015
28.126
27.941
28.241
27.656
26.604
28.892
29.281
28.703
28.198
29.415
28.648
27.664
27.621
27.661
27.215
25.971
27.615
20.512
14.539
29.149
28.819
28.727
27.760
9.650
11.577
22.974
25.069
25.903
12.652
13.849
19.162
14.379
15.346
17.630
15.432
13.578
13.630
4.807
23.153
26.427
28.238
23.985
22.424
17.030
16.305
21.907
16.663
23.920
13.556
19.486
28.597
29.144
29.576
29.411
22.344
28.544
22.572
23.759
21.838
27.890
25.178
29.320
29.540
29.213
28.927
28.807
28.425
13.932
15.709
24.603
10.235
23.166
8.071
9.873
7.777
14.196
22.050
19.344
21.738
24.247
21.641
25.443
18.296
24.849
20.638
23.419
25.029
23.645
20.752
22.525
26.583
25.262
21.023
20.115
24.562
22.429
23.136
19.550
22.954
18.682
6.108
15.307
6.975
21.091
22.250
23.019
8.959
12.125
24.925
18.360
18.299
18.711
14.878
24.067
24.935
23.835
23.317
16.643
3.762
13.535
20.788
19.930
22.016
21.039
24.608
24.079
20.906
24.102
2.235
22.162
22.915
17.569
17.794
23.667
21.825
22.513
21.490
22.564
23.948
22.362
12.248
1.520
21.293
18.228
5.053
22.388
12.249
23.515
23.450
21.704
19.609
20.122
21.789
22.648
22.750
11.259
22.691
21.580
22.347
20.244
18.388
20.089
21.900
21.494
20.909
20.140
21.593
7.714
16.053
13.418
15.422
15.807
17.019
9.366
21.439
21.117
21.257
21.074
21.335
20.835
20.578
20.176
20.285
20.741
20.650
20.606
20.939
20.639
20.061
20.627
20.414
20.205
20.114
19.800
19.646
17.757
16.906
18.878
18.530
18.374
18.348
18.252
14.594
16.789
17.830
13.718
9.211
3.753
15.795
13.671
16.063
16.069
2.007
0.549
15.275
16.864
17.616
17.256
17.165
16.798
16.950
16.780
16.952
16.700
16.662
16.125
16.244
15.927
16.078
16.017
15.949
15.992
15.929
15.893
15.619
16.030
15.841
15.476
15.470
15.519
15.486
15.301
15.053
14.922
8.884
15.081
15.602
16.003
15.832
15.936
15.845
15.818
15.796
15.902
15.904
15.923
13.891
14.778
15.979
16.117
16.169
15.534
15.958
16.369
16.555
16.590
16.413
16.378
16.145
16.279
12.103
14.981
16.172
16.689
16.884
16.830
17.068
17.206
17.327
17.380
17.515
17.413
17.640
17.735
17.846
17.772
17.899
18.206
18.119
18.038
18.035
18.526
17.257
18.901
18.661
18.587
18.562
11.590
15.498
18.796
15.675
18.907
13.987
18.562
16.413
16.181
20.533
20.486
20.487
20.705
20.465
19.014
20.537
20.935
21.093
21.177
21.236
21.481
21.671
15.418
21.904
21.821
21.908
21.938
22.261
22.881
22.999
22.658
23.328
23.511
23.597
23.496
22.001
22.234
23.136
23.683
23.969
24.269
24.374
24.560
24.916
24.640
24.448
24.617
25.113
25.430
25.259
24.986
25.293
25.764
25.922
25.835
26.218
26.336
26.998
26.992
22.628
25.971
26.563
27.124
26.238
26.606
26.629
26.617
26.638
26.336
26.706
27.284
27.366
27.352
27.580
27.578
27.987
24.956
25.577
26.840
18.990
26.092
21.202
7.760
22.939
17.466
15.601
13.635
17.415
26.761
28.289
28.221
28.481
28.610
26.916
25.280
26.851
27.760
27.913
26.175
25.988
13.121
16.257
23.924
25.314
23.956
27.434
27.364
25.043
27.805
28.087
18.293
26.668
28.949
28.907
28.438
19.392
28.119
28.042
28.865
27.148
15.377
27.137
13.113
19.578
26.187
14.839
23.554
22.746
10.062
11.609
17.603
14.569
21.079
15.188
19.804
22.524
20.062
23.097
19.851
19.734
19.372
12.598
18.588
15.006
17.229
21.187
21.015
16.450
20.320
17.700
24.592
8.339
6.826
8.553
21.293
20.175
21.222
15.835
23.079
19.071
14.983
19.610
23.996
19.806
22.444
16.989
25.435
9.436
20.967
26.317
26.020
16.329
22.262
21.566
20.275
25.182
25.600
20.724
25.356
25.808
21.850
24.229
17.453
18.772
10.610
19.542
13.928
21.918
21.488
23.671
22.494
18.494
17.607
20.997
9.989
22.785
7.726
22.422
21.448
22.391
24.231
22.935
24.130
21.872
23.913
22.872
23.712
22.198
22.995
22.923
23.189
23.098
22.495
22.458
19.095
16.422
20.890
22.021
17.637
15.316
21.224
18.060
19.928
22.361
21.594
12.255
18.888
20.467
21.411
22.153
22.283
22.694
22.181
21.144
21.562
21.422
21.020
21.133
21.007
20.777
11.457
4.000
20.799
21.313
21.058
20.636
20.518
2.774
17.723
13.925
15.805
15.564
15.527
8.681
1.790
17.282
19.187
19.532
19.783
19.618
19.495
19.663
19.564
18.474
13.911
3.084
18.306
18.480
18.543
18.326
18.016
17.715
17.435
17.220
13.609
17.071
16.872
16.423
16.912
15.001
16.656
16.252
16.298
11.847
16.439
16.939
16.929
16.520
15.955
15.733
13.390
15.198
14.452
15.889
16.433
16.711
16.600
16.349
16.118
16.038
11.584
1.402
5.258
4.539
15.176
15.456
15.687
15.861
15.876
15.639
15.510
15.536
15.442
15.763
16.097
16.066
15.950
15.965
15.600
15.743
15.694
15.744
15.483
15.792
12.614
14.969
13.498
16.012
15.862
15.792
16.078
15.930
16.048
16.026
16.130
16.601
16.400
16.586
16.471
16.342
16.146
14.736
16.919
16.849
17.155
17.122
17.033
16.933
16.827
16.924
16.924
15.239
17.325
17.919
13.012
16.645
17.921
18.461
18.556
18.384
18.564
18.534
18.818
18.976
18.691
19.297
19.452
19.314
19.507
19.447
19.232
17.959
19.263
5.618
19.790
19.583
20.020
3.634
20.780
21.059
21.362
17.615
20.757
21.528
21.814
22.384
21.419
21.515
21.379
21.470
22.194
22.779
22.654
22.171
22.692
22.325
23.084
23.376
23.314
23.307
23.918
23.673
23.549
23.773
24.185
24.417
24.877
24.666
24.060
18.267
24.209
24.845
23.812
24.424
23.730
25.163
25.680
25.593
22.293
18.523
25.151
26.887
26.395
24.873
24.670
23.395
25.987
24.252
22.048
22.205
25.987
26.462
26.504
25.449
22.395
26.012
26.946
19.811
27.725
27.724
25.471
20.153
18.501
26.870
23.175
20.175
27.374
26.089
27.316
26.895
26.961
21.496
19.037
22.202
28.232
28.388
27.721
19.856
27.833
20.097
27.898
27.652
26.822
22.738
23.131
21.924
26.567
25.594
26.580
28.525
26.098
20.419
15.413
15.227
18.951
23.713
18.192
26.331
25.529
19.054
27.982
28.737
27.298
26.857
20.856
18.746
25.297
13.655
11.822
24.306
16.154
20.115
22.392
9.669
1.679
1.684
12.155
27.308
27.506
26.923
26.825
17.249
2.951
19.910
15.169
18.718
9.083
14.811
23.952
17.096
6.505
26.678
27.119
22.039
26.129
25.108
26.367
21.652
25.990
19.129
26.111
22.759
23.311
24.415
24.432
12.038
6.959
14.958
13.859
23.806
16.554
26.228
26.011
18.335
6.099
7.932
17.920
21.689
24.670
7.369
15.441
14.271
13.438
11.610
7.007
2.313
9.264
8.343
20.452
16.201
5.873
18.056
22.039
7.245
16.268
8.065
16.469
24.626
24.908
5.775
19.587
21.890
18.483
23.620
24.347
24.490
24.431
24.244
24.285
20.325
7.692
19.884
23.409
23.721
22.470
23.351
13.534
9.632
17.689
10.372
20.837
23.287
22.622
17.747
19.353
5.037
10.466
5.366
11.548
18.291
5.227
9.657
10.478
14.278
3.392
17.823
22.123
21.843
21.889
21.593
21.898
21.513
21.284
21.261
7.362
20.902
20.741
19.018
20.565
20.682
20.803
20.505
20.995
20.534
20.558
19.664
18.601
19.554
17.260
16.870
17.001
19.535
19.545
19.782
19.490
19.413
19.802
19.481
19.576
19.144
18.872
18.730
18.660
18.370
18.088
18.302
18.268
17.933
18.213
17.830
17.681
17.461
17.290
16.700
16.269
17.120
17.089
16.886
16.756
16.892
16.743
16.682
16.607
16.678
16.661
16.567
16.580
16.349
16.344
16.365
15.894
15.631
15.415
15.603
15.694
15.654
15.630
15.751
15.786
15.493
15.431
14.048
15.508
15.949
15.944
15.833
16.083
15.866
15.819
15.959
16.034
15.883
15.804
15.974
15.892
15.874
15.687
15.762
15.706
15.207
15.326
3.315
8.392
13.472
13.763
15.361
15.144
14.634
15.195
11.519
16.065
16.358
16.482
16.581
16.722
16.520
16.380
16.351
16.359
16.485
16.272
17.104
17.406
17.148
17.584
17.495
17.307
17.643
17.583
17.588
18.104
18.113
18.111
18.740
18.700
18.383
18.645
18.246
18.425
15.924
19.036
20.006
19.807
19.450
15.416
18.166
19.058
13.015
19.277
20.301
20.495
20.436
20.293
20.437
20.841
21.159
21.191
21.563
21.946
21.586
21.970
22.256
22.354
22.551
22.120
21.979
22.102
22.473
22.976
23.008
23.316
23.497
22.536
21.527
23.257
23.728
24.168
23.990
23.880
23.464
23.995
24.269
25.402
25.633
25.437
25.133
25.313
25.024
25.154
25.153
25.559
24.197
25.151
22.398
25.408
21.249
22.600
25.367
25.449
25.450
23.689
25.101
22.761
25.278
26.225
25.926
20.376
26.783
27.125
26.796
26.801
26.694
25.313
27.404
27.225
27.493
25.794
27.251
25.986
27.627
20.210
28.312
24.230
27.734
21.625
26.428
21.271
27.886
28.031
27.823
24.496
27.866
27.154
25.969
25.069
28.613
28.677
29.180
28.766
25.402
26.320
28.356
28.411
26.956
28.824
29.697
29.496
28.766
28.150
27.680
28.886
28.659
28.386
28.251
27.947
28.221
21.584
20.332
27.029
18.211
12.232
26.600
28.954
29.048
28.700
28.004
28.583
28.515
20.765
24.963
20.228
8.158
10.150
16.025
9.958
10.775
21.511
18.160
26.658
27.780
23.229
27.110
23.955
18.412
13.783
17.212
13.297
6.370
15.646
16.860
25.147
15.265
25.945
24.613
12.080
21.425
19.550
16.662
13.025
24.345
24.232
12.747
18.692
12.079
22.458
16.341
9.024
15.917
21.934
23.620
19.648
6.137
14.922
15.167
6.215
21.526
23.515
22.517
13.729
17.201
24.724
20.313
19.613
23.111
18.853
20.891
16.939
21.047
19.757
18.482
20.386
24.653
24.250
18.485
19.545
20.426
22.985
15.615
23.766
24.200
23.901
23.592
24.567
24.466
23.803
24.150
22.602
23.861
13.243
9.685
9.887
18.025
23.895
7.849
18.408
20.851
23.024
22.854
19.901
18.112
19.544
11.635
19.744
22.131
21.740
22.444
22.438
20.986
22.925
23.110
22.655
21.910
22.229
22.052
21.904
21.572
21.445
21.183
20.650
21.898
22.168
21.519
16.760
12.743
8.397
20.881
21.235
21.413
21.437
21.223
20.944
20.833
20.676
20.835
20.780
19.435
19.967
20.333
20.105
19.601
19.588
19.715
20.001
19.955
19.770
19.512
18.711
16.769
2.771
12.618
6.062
4.384
16.886
18.220
18.152
18.179
18.034
17.809
17.841
18.014
18.109
18.187
17.607
17.237
16.776
17.086
17.257
17.305
17.049
16.890
16.796
16.549
16.710
16.785
16.593
16.480
16.265
16.481
16.126
16.240
16.346
15.967
16.104
15.958
15.899
15.697
13.682
15.400
15.366
15.295
15.373
15.629
15.254
15.810
15.591
15.787
15.991
16.176
16.088
15.647
15.992
16.049
16.047
16.189
16.181
15.997
15.614
15.598
15.458
15.780
16.277
16.439
16.090
16.381
16.723
16.645
16.573
16.593
16.565
16.417
16.637
16.755
16.130
16.292
16.704
16.648
17.116
17.372
17.598
18.186
17.992
18.146
18.253
18.082
18.493
18.165
18.231
18.569
14.811
16.900
18.533
18.127
18.282
18.330
15.982
17.508
19.837
20.172
19.761
20.018
19.528
19.882
14.039
12.476
13.603
20.107
20.274
20.495
20.927
20.908
20.925
20.217
21.012
21.645
22.089
21.615
22.515
22.288
22.429
22.467
22.588
23.182
23.389
22.799
23.302
23.385
23.011
23.377
23.432
22.041
23.202
22.871
13.347
24.172
23.973
23.946
23.954
24.317
24.456
24.243
24.436
25.220
23.900
16.118
22.302
24.910
24.556
25.683
25.589
21.275
25.708
26.754
26.928
26.835
26.699
26.555
26.665
25.283
22.413
26.596
26.728
23.027
26.658
26.143
25.806
17.049
17.430
15.604
15.314
14.136
26.792
27.311
27.180
27.211
27.534
27.660
27.709
27.906
28.152
28.710
28.783
27.566
27.223
27.234
27.809
28.329
27.989
28.151
25.802
28.431
28.627
27.767
24.376
24.941
28.798
28.133
28.148
28.519
28.178
28.349
28.066
28.051
24.537
23.728
28.473
12.992
1.590
0.885
24.932
14.572
27.454
27.410
19.331
20.648
26.360
27.227
21.833
27.126
24.956
18.397
10.713
8.604
14.053
24.617
27.423
11.276
26.215
19.066
27.222
23.591
16.549
18.832
8.008
17.257
23.983
15.223
10.136
12.422
17.518
18.492
23.880
23.251
19.957
22.468
15.951
12.586
16.192
22.379
25.837
20.773
25.538
25.448
26.434
24.341
21.909
23.574
21.196
13.718
14.305
19.474
19.009
16.346
23.408
12.528
8.733
12.491
26.127
26.111
10.314
12.076
22.384
21.982
13.306
22.662
24.585
22.824
15.649
19.924
9.773
20.499
23.114
22.706
24.912
21.824
21.933
23.841
15.248
16.321
10.403
5.714
19.071
21.404
24.870
19.719
18.003
17.216
3.533
16.928
22.346
21.365
22.694
13.165
20.026
22.756
24.360
23.963
24.527
24.101
23.746
23.714
23.552
23.268
23.509
23.317
23.148
23.132
23.010
21.560
11.946
17.311
22.503
22.202
21.134
22.057
21.718
20.839
20.872
16.959
11.345
5.042
3.818
4.208
19.202
17.627
10.834
20.547
19.960
19.405
18.742
18.619
20.601
12.008
3.380
4.907
5.144
9.187
19.549
19.874
19.724
19.503
19.947
19.447
19.320
14.214
6.556
14.455
15.996
19.001
19.442
19.341
19.031
18.784
18.443
18.051
18.237
18.811
18.796
18.382
18.269
18.052
17.845
18.162
18.174
17.980
17.917
17.509
17.454
17.373
17.353
17.423
17.265
17.248
16.963
16.912
16.944
16.617
16.451
16.342
15.635
15.784
15.919
16.366
16.452
16.410
16.297
16.275
15.853
15.769
15.841
15.696
15.757
15.725
15.867
15.685
15.566
15.715
15.541
15.371
15.250
15.283
15.184
14.405
15.060
15.070
15.366
15.637
15.582
15.492
15.404
15.246
15.552
15.351
15.264
15.398
16.252
16.459
15.092
15.516
16.445
16.543
16.373
13.376
12.732
8.411
16.070
16.330
16.300
16.358
16.402
15.783
15.146
17.354
17.008
16.637
16.337
15.871
16.753
17.816
17.903
18.000
17.737
18.232
18.452
18.531
18.800
18.297
18.643
18.210
18.707
18.452
18.598
18.856
19.145
19.094
19.751
19.761
12.131
16.009
12.682
20.405
20.336
20.606
20.613
20.556
20.031
13.255
20.286
19.573
20.444
16.715
17.345
14.853
19.565
21.551
15.359
22.098
22.043
22.390
22.538
22.609
22.648
22.612
21.762
21.472
23.314
23.616
24.049
23.630
23.435
23.598
24.375
24.241
23.995
24.260
23.910
23.981
24.238
24.410
25.038
25.128
25.045
24.835
25.435
24.938
25.544
26.081
25.787
25.586
25.582
25.608
26.439
27.210
27.177
25.975
25.271
26.328
26.559
23.222
26.696
22.280
25.941
26.845
27.178
27.454
27.476
27.388
27.765
27.599
24.015
27.790
28.484
28.018
27.761
26.201
27.097
23.960
26.675
24.763
17.240
27.673
26.684
21.979
27.528
28.203
24.217
28.543
28.935
28.455
26.854
28.506
28.873
29.469
28.832
29.005
29.558
28.424
22.451
5.197
7.109
1.777
28.056
28.017
27.550
27.919
26.539
28.148
28.401
28.654
28.776
28.342
28.474
28.630
26.709
28.686
28.804
28.652
28.987
27.732
20.304
23.650
14.609
15.554
9.374
14.728
25.930
27.812
23.125
14.001
17.220
12.183
15.667
21.274
12.888
12.909
7.043
2.819
0.542
3.051
19.317
25.169
25.229
22.422
26.160
21.483
24.984
20.967
23.342
14.486
9.480
14.229
9.488
13.840
21.086
6.107
7.929
25.710
17.745
4.390
25.595
25.320
25.182
19.804
22.878
24.492
