20000101
23.766,6.203
24.481,6.596
23.781,7.777
23.933,8.437
24.080,7.315
22.332,6.898
22.781,7.427
22.812,6.633
24.148,5.434
26.830,7.077
27.203,7.952
27.426,8.375
26.888,10.341
27.235,11.919
27.622,10.472
24.658,13.526
23.236,8.605
23.298,7.540
23.944,8.487
25.662,10.310
25.086,6.471
27.046,9.637
27.022,9.445
25.666,9.315
25.477,8.731
26.629,5.905
27.497,8.934
27.365,8.974
25.419,12.325
25.278,9.602
27.195,9.045
29.438,12.873
26.420,13.804
26.937,9.075
28.302,9.774
26.819,14.692
20.629,16.396
24.905,12.189
25.699,9.767
27.024,9.640
26.678,8.676
24.691,12.848
25.040,14.577
26.977,11.851
27.029,12.579
26.593,10.403
27.451,8.077
28.517,9.892
27.938,10.809
28.047,9.164
28.196,8.594
27.286,10.902
29.256,11.254
29.101,9.863
27.974,11.453
27.871,11.240
28.341,12.286
28.223,11.078
28.772,9.595
29.920,12.133
32.307,14.109
31.537,17.466
33.160,13.329
34.662,15.406
36.171,16.298
34.181,15.561
37.119,14.709
34.102,18.334
30.708,16.323
31.561,14.804
36.441,14.023
35.242,15.675
35.049,17.127
33.318,18.441
31.751,15.806
32.441,15.271
33.792,15.757
36.337,14.376
34.472,15.770
34.111,15.803
35.483,13.503
38.776,15.621
31.844,20.522
35.373,17.781
35.095,17.353
36.578,16.338
38.059,17.332
36.385,19.596
37.921,16.632
38.325,16.996
40.942,22.001
41.141,20.733
41.266,24.394
40.639,21.826
40.491,21.333
40.976,21.659
41.254,20.622
40.730,19.516
42.149,21.612
41.504,19.044
39.925,21.931
42.156,19.368
39.874,22.456
41.614,24.127
41.610,22.436
41.128,25.609
39.954,25.723
41.574,24.952
41.301,22.102
42.643,22.673
43.317,24.604
45.495,25.194
43.320,26.087
42.880,24.721
41.132,29.885
44.367,25.570
42.010,23.618
40.728,23.812
43.352,25.296
45.261,25.477
43.501,26.162
43.986,24.641
41.916,24.092
38.202,25.428
38.387,25.338
39.257,25.145
40.097,26.218
41.344,24.977
44.017,26.616
44.506,26.398
45.078,27.708
43.487,28.617
44.174,29.232
44.516,29.701
44.219,31.700
42.701,30.068
41.394,28.348
44.394,29.075
44.807,28.723
44.307,29.878
43.446,26.886
38.488,27.109
30.998,25.840
36.139,25.036
40.885,25.224
42.079,28.703
41.090,30.250
43.441,27.902
45.069,28.416
44.906,28.683
40.802,26.592
41.788,27.883
41.091,28.920
40.137,28.434
39.810,28.527
41.273,29.122
38.397,28.428
33.602,27.801
35.899,26.857
38.661,27.071
34.711,27.923
37.448,27.552
37.240,27.645
41.328,26.569
41.976,29.249
42.737,28.482
37.626,29.154
38.099,27.300
39.914,27.820
34.899,27.571
29.001,26.323
34.762,25.907
34.749,26.381
33.418,26.619
36.862,26.274
38.613,26.262
38.366,27.007
39.112,29.285
38.316,28.185
37.979,28.370
37.129,27.623
37.563,27.098
39.124,27.197
37.324,28.840
37.594,28.776
40.808,27.613
43.853,30.044
44.645,30.339
32.570,27.810
37.194,27.025
38.447,26.783
39.106,27.571
35.151,26.432
34.191,26.893
31.814,26.059
33.921,25.964
34.666,26.388
33.488,26.374
35.835,25.972
33.736,26.210
30.833,25.267
31.491,25.425
26.420,24.242
33.151,24.054
28.597,24.775
30.756,24.836
32.310,24.781
31.650,25.048
32.139,24.926
31.821,25.104
31.841,25.267
33.341,25.044
33.193,26.385
31.634,25.892
33.029,25.384
34.140,25.082
36.431,25.417
36.178,27.112
36.205,27.209
38.438,26.548
34.668,26.673
33.102,26.185
34.024,25.365
32.248,25.018
35.929,26.086
36.699,26.178
39.208,25.286
34.725,25.346
34.402,25.022
34.831,25.193
32.961,25.677
33.184,25.112
34.692,25.585
34.009,25.830
35.573,25.857
35.788,25.496
36.308,25.615
37.306,26.194
36.914,25.721
37.245,25.350
37.035,25.329
35.354,24.748
32.409,25.386
31.532,24.812
27.193,24.559
28.086,24.594
31.205,24.928
34.256,24.203
33.177,24.414
31.337,24.764
31.591,25.525
30.350,25.032
32.130,24.636
30.088,24.431
32.211,23.476
32.854,22.803
32.926,21.888
30.139,22.620
28.979,24.568
33.413,24.042
31.243,25.258
27.612,22.891
26.399,22.344
25.840,22.851
29.479,23.629
29.423,23.973
29.338,23.686
29.458,23.286
32.304,21.744
31.897,21.447
32.034,19.623
33.004,19.499
32.779,18.801
32.703,18.558
32.747,19.209
29.318,21.789
28.211,21.576
34.561,21.348
35.529,22.062
35.844,23.041
35.573,23.325
36.090,24.173
35.927,22.995
35.542,23.010
33.610,20.995
32.518,20.311
32.955,18.892
32.001,17.071
32.840,15.230
32.441,16.004
33.559,17.943
33.814,20.601
34.625,19.564
33.774,20.139
33.255,16.674
33.130,16.120
33.288,18.112
33.550,16.710
33.456,16.624
32.515,18.110
31.872,16.182
29.570,19.697
29.266,17.262
30.331,14.515
30.986,14.822
31.660,16.203
32.996,15.362
32.007,16.932
32.018,16.182
30.913,16.428
31.008,16.126
31.361,14.512
31.278,14.594
30.907,14.178
32.663,13.823
31.606,13.229
30.201,14.239
30.065,12.026
29.367,11.094
30.956,13.710
29.237,11.686
29.225,12.730
29.784,12.359
29.210,13.973
32.002,13.007
31.035,14.772
31.793,14.360
30.512,13.485
29.064,12.597
29.616,13.545
28.226,11.341
28.064,8.382
28.870,10.035
28.150,11.625
28.718,10.064
26.033,10.303
24.641,8.274
24.433,6.318
24.413,8.397
24.750,6.759
25.406,7.694
25.717,6.897
25.357,6.457
26.798,7.767
26.759,10.203
26.179,8.027
24.534,6.857
23.618,4.938
24.355,6.479
24.388,6.262
24.957,6.064
26.232,6.848
26.880,9.097
27.488,10.747
24.599,10.544
24.172,7.374
24.572,7.179
25.113,7.916
25.489,8.004
25.735,8.648
26.343,9.252
26.520,9.222
25.171,8.191
25.104,8.197
25.232,6.609
25.535,8.110
17.241,13.774
25.564,12.257
25.418,10.318
23.177,9.206
22.233,8.670
22.516,4.399
23.153,3.617
24.622,3.827
23.795,9.639
23.355,6.232
22.683,4.826
22.960,3.455
24.243,4.883
24.285,6.675
23.920,3.642
25.698,5.627
25.992,6.245
25.256,6.567
25.577,6.487
26.530,4.638
27.350,6.723
30.165,9.754
27.763,13.417
23.846,10.834
23.449,7.808
24.887,5.088
25.508,7.770
25.975,7.164
27.103,4.726
28.432,8.506
30.916,7.977
30.648,12.439
30.488,16.170
28.649,10.593
28.043,6.742
28.798,13.744
28.377,9.997
28.766,10.815
28.686,9.858
27.750,9.153
27.645,9.510
28.369,9.418
29.004,9.053
30.963,8.219
32.714,8.875
35.099,14.218
33.141,17.658
33.895,13.033
32.233,11.796
32.842,15.774
32.034,13.296
29.750,11.430
31.222,12.302
31.424,14.062
32.834,11.905
36.672,14.538
33.296,14.181
33.470,15.720
32.720,12.937
32.186,18.941
33.630,16.719
34.074,14.815
34.649,13.708
28.187,17.591
32.405,16.316
33.716,12.648
34.154,11.713
33.358,12.373
34.587,12.725
34.413,14.624
34.415,13.349
34.584,13.692
37.412,13.836
35.871,15.388
36.146,17.893
36.052,18.770
36.004,17.096
36.894,15.410
38.199,16.328
39.665,17.911
38.821,21.684
36.498,22.605
36.400,19.792
37.481,19.822
37.233,19.972
37.955,20.867
38.693,20.882
40.788,20.791
39.844,23.745
37.565,22.608
35.988,22.706
37.381,20.000
37.708,19.482
38.685,17.965
39.725,21.059
40.227,24.092
41.561,20.250
39.989,23.320
42.001,23.396
43.220,21.035
42.216,20.088
42.112,24.367
39.153,25.103
37.144,25.781
39.687,23.294
38.547,24.476
40.201,24.728
37.295,21.360
38.512,21.131
38.694,23.275
38.091,23.730
39.069,22.207
40.560,22.334
42.010,21.578
42.354,21.879
44.048,22.870
43.799,23.908
44.279,23.777
45.095,25.109
43.600,26.137
40.352,27.205
43.477,27.880
44.991,28.013
46.030,27.714
43.714,27.111
36.587,27.046
39.469,26.031
41.726,27.239
43.756,27.977
44.145,27.285
41.062,27.968
40.286,26.209
40.771,27.084
44.303,28.958
40.503,29.986
41.992,27.163
40.916,28.374
41.082,28.270
41.556,27.713
41.045,28.267
39.065,27.019
40.814,29.751
43.305,29.181
44.772,30.941
45.710,30.139
46.074,29.616
40.408,29.545
42.712,29.041
41.645,30.470
39.273,29.229
42.668,27.685
39.964,30.394
38.099,28.906
37.571,27.615
36.984,28.266
38.210,27.686
40.127,28.470
40.332,28.227
41.923,27.688
40.997,29.699
40.602,28.773
39.568,28.029
38.668,28.770
36.889,28.381
30.613,26.286
28.987,25.291
32.870,24.755
31.775,24.663
31.757,25.468
36.720,25.616
31.640,26.690
35.099,25.600
32.082,26.537
32.195,25.622
31.984,25.816
33.668,25.682
32.528,25.684
32.258,26.003
32.948,25.751
33.864,26.465
31.947,26.194
32.608,25.711
34.362,25.671
33.974,26.802
33.524,26.727
36.845,26.526
38.416,26.836
34.468,27.357
35.770,26.465
33.556,26.231
31.765,26.384
32.451,25.764
31.814,25.135
30.918,25.119
34.119,25.166
34.349,25.841
30.182,25.456
32.659,25.519
33.244,25.335
32.548,25.098
31.982,25.767
31.173,25.165
32.817,25.561
33.482,25.575
33.686,25.747
33.779,25.687
35.037,26.365
33.580,26.306
31.814,26.198
30.420,25.477
30.961,25.221
33.333,25.023
35.141,25.193
34.310,25.950
32.424,26.141
32.946,25.681
31.238,25.432
32.024,25.491
32.427,25.077
36.264,25.159
35.992,25.867
33.885,25.405
34.177,26.066
33.176,25.691
36.932,25.712
34.822,26.368
32.447,26.022
33.839,25.393
38.593,25.002
37.588,25.805
34.429,26.401
36.184,26.247
33.788,25.752
34.109,26.363
32.988,25.651
34.187,25.810
30.997,26.258
31.536,25.500
31.842,25.342
32.867,25.261
32.290,25.108
31.188,25.584
29.901,25.172
29.877,25.242
31.488,24.951
31.482,24.884
29.832,25.285
29.039,25.177
28.536,24.451
29.497,23.913
30.204,23.410
27.954,23.220
29.393,24.316
31.443,23.811
26.364,23.686
32.201,23.848
30.657,24.362
31.064,23.904
31.946,25.000
31.291,24.408
31.769,22.084
32.435,20.642
34.438,21.923
33.714,21.537
32.706,22.989
36.093,21.786
33.279,23.921
33.789,23.577
36.108,23.563
34.340,23.857
31.891,23.575
31.804,24.805
31.367,24.724
31.326,24.447
30.352,24.131
31.759,24.503
31.140,24.888
29.041,24.236
29.477,23.616
31.367,21.711
32.610,22.884
33.781,21.779
32.897,21.391
32.613,20.693
33.266,20.656
32.194,18.734
31.943,19.847
32.936,19.243
33.236,16.668
32.892,16.534
31.808,20.510
32.023,17.188
32.708,16.216
31.491,17.290
31.221,17.880
32.356,16.134
31.911,19.456
32.235,18.445
32.572,16.253
31.760,17.747
30.801,17.658
32.707,18.793
32.132,19.149
31.899,18.827
32.619,18.665
33.263,17.824
32.721,16.425
33.505,18.728
33.816,16.616
32.697,17.020
30.510,18.499
30.324,16.957
30.469,14.756
29.436,13.796
29.054,14.576
28.725,14.070
29.275,13.560
29.089,13.861
29.755,12.014
30.513,13.435
31.974,18.724
29.613,15.266
28.347,11.887
28.896,12.522
28.790,12.900
29.186,13.913
28.907,15.252
28.206,12.240
28.064,11.432
27.850,10.936
28.484,11.030
27.499,10.951
27.670,11.060
26.292,11.655
25.879,10.674
25.467,10.117
26.195,9.829
26.404,9.553
26.905,10.903
27.199,9.738
26.102,8.281
26.838,8.628
27.746,8.930
27.020,8.342
25.865,9.127
26.601,8.416
25.880,7.298
25.204,8.019
24.937,7.953
24.225,10.179
25.916,7.614
24.640,8.704
24.306,7.562
25.362,9.838
24.169,9.095
24.594,7.068
25.340,6.395
24.688,5.922
24.691,5.437
24.247,5.471
25.482,6.338
24.509,7.383
25.310,8.102
25.150,8.762
23.397,8.037
22.885,3.745
23.314,5.672
24.356,4.989
24.150,7.159
24.933,5.559
24.786,5.231
25.312,6.075
26.105,7.643
23.970,5.362
24.417,8.410
25.994,9.549
24.332,7.388
26.486,8.364
27.619,8.127
27.890,9.947
30.826,15.445
28.769,15.231
30.700,15.540
28.843,13.571
29.808,13.714
25.147,12.116
21.263,14.263
24.388,13.525
24.387,10.251
24.030,8.516
25.849,7.530
28.423,12.112
19.368,10.605
22.315,10.008
22.997,7.158
23.871,8.740
24.357,5.975
25.946,9.124
26.041,10.579
26.612,9.316
25.939,6.427
29.538,9.382
30.706,14.353
19.717,16.878
30.199,15.064
29.788,14.346
31.200,12.347
24.773,15.419
27.399,13.294
26.664,11.687
28.227,11.892
29.926,11.584
30.690,11.828
31.420,11.762
32.004,15.714
32.935,16.423
32.615,15.901
32.594,12.808
33.924,11.935
34.654,15.824
30.120,18.379
30.937,16.232
31.409,14.702
31.770,14.751
32.626,14.126
36.189,16.564
34.511,18.961
30.658,15.158
31.396,14.569
31.973,14.765
31.980,12.499
35.571,13.851
36.965,20.675
36.790,18.993
36.147,18.455
34.847,18.411
35.451,19.337
36.001,21.056
32.061,19.647
35.269,19.611
34.834,16.840
36.577,16.197
38.063,16.692
37.726,17.392
37.982,18.326
38.545,18.670
38.544,20.793
38.817,19.715
39.276,18.807
38.970,22.472
37.266,22.922
38.256,21.450
35.562,20.010
36.980,18.867
41.153,20.015
40.836,22.230
38.447,24.154
36.321,21.789
36.333,19.314
40.605,21.497
39.612,24.011
42.346,23.929
41.346,22.543
39.606,25.363
39.979,25.449
39.277,23.076
40.177,23.992
39.294,23.012
39.723,23.604
40.781,22.995
41.950,24.792
43.629,25.340
43.091,24.689
43.763,25.791
44.965,22.718
43.527,25.020
43.665,25.902
43.444,26.188
39.925,26.045
44.254,25.945
39.399,27.143
40.482,23.676
43.437,23.667
45.709,25.424
41.038,23.507
42.314,23.383
43.812,25.995
43.527,24.779
40.762,24.838
42.364,24.937
41.973,27.147
42.813,26.331
43.513,27.897
43.875,28.696
42.826,29.664
45.300,28.966
43.492,28.947
42.935,29.494
42.373,30.072
39.233,27.477
39.371,27.755
39.674,28.650
44.951,31.145
46.670,29.804
46.332,28.087
45.797,30.591
45.304,25.392
47.957,28.548
42.759,28.774
41.137,28.263
41.860,27.281
39.445,27.286
39.155,25.521
37.469,27.119
37.557,26.810
39.986,26.452
41.603,27.424
41.707,28.124
42.829,28.727
43.858,30.990
42.652,29.183
42.350,29.207
43.157,29.937
44.361,29.039
41.099,30.276
41.082,28.499
36.643,27.009
35.326,26.138
41.268,26.885
42.494,28.130
42.533,29.598
43.313,29.193
43.216,28.983
42.980,29.646
43.356,30.037
44.633,30.598
43.064,29.598
41.191,28.810
30.505,26.098
38.835,25.706
36.377,27.552
35.681,27.507
38.454,28.265
39.041,29.058
39.962,30.332
41.096,29.702
40.794,28.437
34.899,27.774
32.410,26.617
27.870,24.608
29.347,25.617
36.465,25.346
38.871,28.294
39.981,28.924
41.086,28.332
41.654,30.478
43.503,31.203
42.070,32.300
42.808,30.207
41.805,28.775
37.393,27.756
37.916,26.945
36.505,27.427
36.929,27.312
35.790,27.107
35.742,27.123
32.796,26.621
31.217,25.127
35.192,25.707
37.266,27.537
38.105,29.095
37.766,28.474
37.333,26.239
34.146,26.312
44.219,27.773
38.882,28.594
38.403,25.923
37.851,26.559
33.904,27.355
34.067,26.290
32.898,25.477
32.588,25.291
33.068,26.171
32.853,26.308
36.364,26.021
36.680,26.681
29.876,26.396
30.738,26.079
27.076,25.297
29.294,24.297
30.101,24.590
29.838,25.365
30.830,24.987
30.003,25.298
30.613,25.328
32.034,24.861
31.873,25.261
28.139,25.078
29.832,24.729
31.269,24.901
31.345,24.808
34.004,23.770
33.903,24.906
32.661,25.024
32.094,24.862
32.155,25.333
30.809,24.122
30.972,24.152
32.149,23.860
30.503,24.422
28.810,24.567
31.326,25.013
31.874,24.773
31.520,24.866
31.694,24.435
31.880,24.733
30.636,24.710
31.847,24.725
30.220,24.213
29.353,24.527
32.079,23.996
33.235,23.802
32.817,24.320
32.873,22.691
33.071,22.535
32.379,23.315
33.162,21.417
35.551,22.710
34.653,23.664
30.564,24.597
28.763,24.862
30.307,23.381
28.212,22.429
30.024,22.367
30.863,23.603
30.479,23.307
30.304,23.464
32.472,22.398
33.801,21.185
31.549,20.322
32.195,20.594
33.310,19.244
34.512,21.468
34.625,22.717
34.730,22.847
31.058,22.141
31.830,20.655
33.187,20.564
33.122,20.968
32.923,19.195
31.850,20.478
30.434,21.111
31.852,20.925
33.044,20.417
32.765,20.188
24.147,20.510
29.398,17.727
31.300,19.665
31.045,19.147
32.123,18.868
32.245,16.955
32.351,17.240
30.832,17.688
29.754,15.920
29.145,15.743
29.761,16.083
31.019,15.728
31.816,15.792
32.189,17.042
32.411,16.433
31.201,14.790
31.343,15.853
31.588,15.317
30.923,15.783
30.083,15.855
31.797,16.261
31.369,17.557
31.383,19.513
31.422,18.720
30.538,17.940
27.369,19.624
29.252,17.040
28.992,16.058
28.027,14.521
28.679,13.860
28.257,14.002
28.432,13.176
28.018,13.962
28.940,13.297
29.800,13.031
28.660,13.146
29.486,14.102
29.389,13.643
29.089,13.234
28.126,13.855
28.947,14.593
28.355,13.262
28.202,13.736
27.655,12.155
28.126,10.979
27.164,11.107
27.177,9.905
27.317,8.852
26.940,8.875
27.494,9.434
28.653,11.932
27.210,11.256
27.615,10.744
26.327,10.427
25.928,7.395
26.403,7.219
26.242,7.863
25.899,8.247
26.228,9.333
26.992,9.948
26.932,10.340
27.212,10.799
27.679,11.194
28.632,10.333
27.976,13.096
26.942,11.702
25.514,8.544
26.011,9.396
26.705,14.135
25.476,10.604
25.250,10.732
24.338,11.337
22.695,7.928
22.651,6.084
26.288,7.083
22.322,11.613
22.663,8.655
24.312,6.898
22.933,10.273
22.856,8.836
22.734,6.789
22.736,5.775
22.435,7.328
21.952,4.859
22.142,3.525
22.529,6.280
22.816,7.312
22.925,4.667
22.121,6.157
22.753,4.457
23.456,4.268
24.180,4.806
25.129,4.668
25.487,6.671
25.417,7.512
23.075,6.640
24.130,6.484
24.974,6.802
24.961,5.381
26.315,6.052
26.717,7.228
28.841,9.893
28.716,8.635
22.759,13.745
26.087,9.683
28.443,11.171
18.901,15.759
23.422,11.883
26.381,15.246
24.571,15.114
27.592,16.179
27.564,14.179
28.576,12.253
29.997,13.133
29.606,13.506
30.083,14.312
31.194,14.861
28.864,16.648
28.639,15.930
28.629,12.041
29.313,11.033
29.804,10.212
29.862,11.217
32.548,13.929
33.429,14.851
29.151,14.753
27.405,14.826
28.246,12.917
29.173,11.513
29.876,12.042
31.961,16.510
31.827,16.613
32.873,15.151
34.082,14.891
35.153,19.053
36.566,18.431
37.107,17.192
32.730,18.407
29.273,12.539
30.023,12.346
31.110,13.725
30.938,13.197
33.459,12.167
34.084,13.450
35.472,18.892
32.449,19.394
31.877,17.823
33.371,18.525
32.815,17.673
37.676,18.952
35.757,18.949
35.325,17.900
35.776,18.903
34.005,17.879
34.395,17.716
37.122,17.838
37.559,17.271
39.224,21.322
37.665,20.184
37.758,19.151
37.464,19.227
37.749,19.584
37.488,20.096
39.182,19.796
37.642,24.298
38.008,22.558
39.192,17.956
41.128,20.231
39.829,23.697
39.290,24.265
39.416,22.583
40.288,23.169
39.720,21.200
40.492,19.651
40.726,21.255
41.639,19.742
42.567,20.996
43.300,24.303
42.699,22.145
43.056,24.969
42.803,24.799
40.827,22.780
42.706,23.125
43.801,24.317
42.217,24.523
41.719,25.861
42.159,21.509
42.486,20.700
44.222,25.162
43.251,27.081
44.295,29.103
48.353,27.122
43.094,28.145
39.502,25.531
38.405,24.284
37.554,23.539
39.876,24.471
43.292,25.500
42.547,27.289
41.545,24.765
42.784,22.707
42.946,22.325
43.275,22.727
40.578,24.197
41.182,22.209
42.483,24.455
42.778,26.194
41.632,27.317
41.508,27.806
46.429,28.382
44.306,29.777
45.115,26.302
44.545,27.274
44.716,28.343
45.295,28.746
45.871,28.880
42.346,29.650
41.668,27.229
43.322,28.854
43.644,28.783
44.160,24.969
43.548,30.487
44.447,27.926
44.344,22.751
45.122,26.490
45.884,26.576
44.931,28.082
45.063,30.671
44.876,31.184
44.515,32.049
47.272,30.874
45.388,30.684
40.596,29.165
45.927,28.666
42.602,30.465
44.580,30.611
44.826,29.450
45.452,32.674
47.609,31.406
41.922,30.190
43.195,30.318
42.480,29.477
41.615,30.109
39.943,28.813
38.792,27.740
36.988,27.500
38.565,27.030
30.657,26.445
33.691,25.963
29.692,26.372
39.397,25.840
35.164,27.768
32.605,26.623
32.362,26.039
35.718,25.783
32.088,26.569
35.144,26.319
32.187,26.675
33.702,26.247
34.706,27.003
35.495,26.383
37.337,26.639
39.722,26.737
38.613,27.720
33.044,27.443
36.385,26.378
34.743,26.188
37.982,26.582
34.379,27.780
33.713,27.183
33.168,26.555
33.980,25.597
35.104,26.189
36.734,25.832
38.243,26.372
38.255,27.385
36.013,27.178
33.311,26.154
34.571,26.076
36.144,26.930
32.010,27.142
32.328,26.208
31.769,26.239
33.646,25.771
30.593,25.666
31.676,25.244
28.645,25.588
32.300,25.069
31.107,25.639
31.936,25.051
34.423,25.453
35.667,25.655
34.107,25.610
36.266,25.692
36.007,26.167
35.872,26.054
35.817,26.096
31.692,26.254
32.241,26.018
31.425,25.906
32.406,26.675
30.580,26.035
32.803,25.852
35.539,25.792
33.815,26.406
31.466,25.613
33.632,25.507
35.173,25.556
33.696,25.620
27.769,25.629
29.468,25.597
33.791,25.413
34.334,25.091
32.417,25.249
31.345,24.644
31.429,25.506
31.784,25.407
30.970,25.811
31.455,25.901
28.656,25.011
29.685,24.461
30.927,25.065
31.517,25.147
32.001,25.304
30.034,24.405
29.505,24.829
29.027,25.105
31.587,24.293
35.830,25.009
34.468,24.985
29.647,25.484
30.853,24.921
31.163,24.831
31.621,24.834
32.913,25.515
31.785,24.703
33.229,24.977
33.117,25.195
34.677,25.350
35.198,24.051
33.568,24.180
31.088,25.003
30.012,24.414
31.314,23.851
31.545,24.169
31.693,24.023
31.309,24.545
31.972,23.994
31.969,23.343
31.605,22.854
31.456,21.781
30.178,19.689
32.351,22.651
25.948,22.953
23.008,21.430
23.090,21.931
23.948,21.694
29.493,21.325
31.976,20.213
31.017,19.647
30.878,19.582
29.276,16.243
29.268,16.471
31.788,15.818
32.285,19.119
32.102,19.277
31.383,23.161
29.809,21.919
30.883,18.515
28.750,19.817
22.951,20.555
21.823,19.598
20.369,19.300
25.224,20.218
26.654,19.468
27.827,17.702
27.348,20.258
30.155,19.442
27.417,19.897
28.874,18.697
23.600,17.959
28.599,16.917
28.616,16.405
28.451,16.621
27.627,16.121
28.554,15.776
27.828,14.998
29.330,16.413
28.090,15.606
27.591,15.131
27.082,13.665
27.368,13.139
26.622,12.504
26.275,13.300
25.839,13.454
26.189,13.463
27.495,14.599
27.814,15.454
27.801,16.152
25.454,12.841
24.759,10.646
25.731,10.305
25.249,9.845
25.725,12.956
25.155,10.723
24.499,10.254
23.947,9.019
23.385,6.706
23.805,7.123
23.561,9.199
23.608,7.436
23.914,10.132
24.204,9.172
24.486,9.204
24.863,9.742
23.699,10.015
25.202,8.449
25.077,10.131
26.049,9.258
26.440,9.541
24.948,8.554
25.687,8.378
25.779,9.123
25.250,10.958
18.630,14.886
24.561,13.482
24.658,10.701
25.386,10.785
25.239,11.302
24.563,10.333
24.085,8.098
24.346,8.408
23.659,9.627
24.086,10.121
23.215,7.537
23.786,4.939
19.806,11.701
20.438,9.714
20.011,5.515
20.739,7.811
21.701,7.328
21.663,6.013
22.165,7.080
20.475,5.767
20.883,3.827
20.938,5.839
21.991,7.623
21.891,8.175
22.095,7.120
22.442,8.024
23.380,6.942
23.654,7.899
22.884,6.658
24.360,7.333
24.558,7.825
23.635,6.929
23.995,6.951
24.655,7.322
23.863,11.761
25.433,8.878
26.371,8.437
26.444,13.315
16.919,13.203
24.100,13.006
22.818,11.105
23.572,9.205
21.627,8.459
21.430,7.660
22.615,5.661
24.076,5.539
25.621,12.637
24.880,10.257
23.790,10.675
21.893,9.315
21.872,7.065
24.260,6.701
23.398,8.113
22.382,7.737
23.565,6.999
25.503,6.548
27.905,7.340
27.847,8.222
29.108,8.898
28.854,11.654
27.336,10.679
27.962,10.801
27.002,10.909
28.648,8.874
30.725,11.577
30.735,12.129
30.704,12.604
29.976,12.011
29.746,12.814
30.181,14.076
30.537,13.274
29.676,13.225
29.927,12.089
30.945,12.008
35.075,16.475
34.070,16.773
33.980,18.247
32.850,16.077
31.991,14.846
33.255,13.736
33.853,15.842
34.260,17.828
34.760,16.790
32.768,14.282
35.289,14.500
31.843,17.862
34.166,17.359
35.438,18.900
35.878,18.881
36.404,18.660
36.853,18.693
37.145,19.049
38.740,19.215
40.203,20.115
38.544,19.674
38.708,21.358
36.770,20.335
39.727,20.070
41.901,22.238
41.942,22.646
40.579,22.859
40.712,20.818
41.502,21.076
39.715,23.420
39.539,21.754
38.337,20.362
39.370,21.718
39.540,19.846
39.233,19.842
40.313,20.193
39.761,22.146
39.052,22.842
41.375,22.682
39.208,24.953
39.550,22.780
39.752,22.699
41.394,22.296
41.010,22.617
42.171,22.167
42.985,20.218
43.449,21.423
42.970,20.715
43.812,24.853
43.400,22.632
43.559,23.281
41.139,24.508
39.900,23.857
44.680,25.258
42.678,25.585
44.707,27.460
38.899,24.665
40.560,23.359
41.647,21.747
38.769,24.357
39.812,24.740
44.645,25.219
40.399,24.924
43.006,26.613
40.869,24.433
40.971,21.514
40.929,20.261
42.337,21.628
42.413,21.534
42.941,23.591
45.652,25.629
44.368,26.769
44.206,27.565
45.123,28.776
44.923,24.079
42.516,28.689
43.370,28.414
45.429,27.452
45.225,28.325
44.143,30.557
43.117,31.958
45.501,30.337
47.062,29.021
44.863,29.307
47.878,27.931
44.834,27.940
45.773,25.938
42.064,27.202
40.445,26.260
41.639,28.735
41.851,27.864
42.315,28.690
43.971,25.042
43.201,29.347
44.469,29.599
42.551,29.683
44.023,28.486
43.262,30.575
42.904,28.584
42.256,28.908
41.628,28.300
41.810,28.950
42.267,29.509
42.084,29.321
41.150,29.650
36.148,29.186
32.522,26.865
27.493,25.646
31.334,25.768
34.690,25.970
37.043,26.318
36.270,26.465
34.168,26.546
33.244,25.475
31.224,24.647
36.283,25.680
38.725,26.833
39.398,28.314
38.458,28.707
39.246,27.930
39.937,28.667
39.481,28.603
40.815,30.401
40.071,28.702
41.228,29.496
38.187,28.512
37.639,27.089
33.935,26.864
34.092,26.346
35.003,27.284
33.010,26.881
31.548,26.133
33.644,25.751
32.307,25.436
35.571,25.275
37.076,26.048
35.698,25.917
37.675,26.390
31.537,25.848
29.898,25.441
32.160,25.772
33.053,25.701
34.224,25.297
35.665,25.975
36.151,25.812
34.021,26.474
33.852,25.123
31.539,25.790
33.626,25.493
34.652,25.524
32.534,26.004
33.129,25.668
33.596,25.547
31.163,25.411
32.290,25.289
33.949,25.955
33.637,25.053
34.434,25.579
33.369,25.862
30.986,25.508
32.592,25.724
30.334,25.355
31.300,24.914
31.381,24.537
31.120,25.224
32.289,25.802
31.391,25.646
26.069,24.707
31.876,24.624
31.244,24.962
32.527,24.597
32.810,25.823
34.777,25.695
33.190,24.770
30.958,25.211
31.085,25.427
30.324,25.009
31.307,24.526
33.195,25.966
30.985,26.378
32.761,24.865
30.560,24.581
31.426,23.967
30.775,24.936
31.435,25.258
33.385,24.675
32.502,25.540
35.153,25.809
34.575,25.367
34.964,24.552
37.426,24.641
35.504,25.233
37.713,25.226
34.746,26.269
36.481,25.719
30.448,24.657
28.932,23.357
27.566,22.813
28.726,21.009
27.800,20.869
27.988,21.028
28.039,22.680
26.847,22.565
25.684,23.710
29.687,24.193
30.057,24.157
31.786,23.486
32.251,24.044
35.310,23.719
33.219,24.066
34.797,24.115
32.654,23.796
34.894,23.349
32.651,23.109
34.735,24.080
35.130,23.457
31.175,23.255
31.492,23.006
31.704,23.473
30.955,23.205
31.376,22.992
28.230,23.553
25.246,21.334
29.962,20.464
32.702,20.729
32.653,20.760
33.189,20.881
32.529,21.783
31.224,20.135
28.462,20.288
25.953,19.410
28.948,16.499
29.278,15.960
29.498,16.458
30.974,18.035
30.444,16.559
30.248,17.023
30.667,17.389
30.820,18.894
31.763,17.469
31.288,17.272
31.950,15.263
29.521,17.603
32.084,15.405
29.116,17.556
29.562,15.012
29.784,16.239
29.038,14.780
27.982,14.595
28.175,13.541
27.485,12.851
28.937,13.172
28.668,14.413
29.936,14.891
30.083,15.744
29.201,15.807
29.522,13.957
29.299,14.579
29.794,14.893
29.878,15.608
29.260,14.871
29.057,14.560
28.709,13.654
28.849,13.069
28.941,12.297
28.823,15.073
29.268,13.106
29.741,12.661
29.021,13.944
28.750,13.613
27.894,13.568
27.915,13.626
27.978,13.058
27.796,12.191
28.106,13.843
28.043,13.255
28.405,12.012
28.606,13.341
27.649,13.139
27.160,10.636
26.391,12.404
26.238,11.619
26.160,10.680
26.860,9.390
26.159,11.436
25.559,12.474
26.264,10.029
26.450,10.389
27.273,11.105
27.315,11.724
26.492,12.019
26.928,13.019
25.739,11.037
27.114,9.346
27.141,10.246
27.585,11.596
27.224,14.876
27.860,12.956
26.377,12.515
24.503,12.077
23.295,14.182
22.320,12.761
23.957,10.224
22.670,7.060
22.374,4.926
23.013,7.322
24.629,8.319
25.126,9.048
27.049,9.588
29.330,11.659
24.283,13.584
28.070,13.500
24.923,11.006
26.186,8.153
26.411,9.841
24.367,10.033
24.729,8.806
26.211,9.831
23.602,12.191
23.869,7.702
23.840,8.254
25.272,8.669
26.601,9.500
26.681,9.605
26.834,9.474
26.002,14.818
23.945,12.469
23.188,9.094
23.819,6.747
25.259,10.040
25.500,11.694
23.321,7.840
22.914,7.077
25.334,10.449
26.897,11.703
21.608,14.040
24.954,9.947
22.994,14.698
18.995,15.228
17.541,13.990
22.999,9.649
24.185,9.738
25.458,7.344
27.511,7.908
28.133,14.068
30.919,11.749
29.665,13.724
29.681,14.140
30.210,14.760
32.100,15.182
32.611,15.076
31.399,17.676
31.311,16.611
31.042,17.067
32.309,15.055
32.888,15.615
33.279,16.569
35.027,17.419
34.973,17.933
33.238,16.873
24.717,17.620
30.280,17.362
29.259,13.380
31.831,15.205
31.941,15.990
31.735,15.624
33.580,15.664
35.276,17.949
36.035,19.201
36.551,20.501
37.829,20.422
36.672,20.562
37.094,20.598
37.284,20.435
35.057,20.546
33.540,21.379
29.046,20.991
33.686,19.567
32.865,16.537
32.362,16.081
33.652,16.291
35.456,16.004
35.986,19.033
37.818,21.145
36.966,22.495
40.250,22.319
38.329,21.350
39.263,21.215
39.413,20.618
37.311,21.711
33.621,21.333
32.967,18.307
35.130,19.642
37.456,18.152
37.814,22.409
37.689,20.487
40.034,23.204
38.768,22.017
36.549,18.660
37.261,18.709
38.504,18.535
37.842,18.790
39.438,20.502
39.763,23.551
41.989,22.332
41.332,23.791
41.042,29.027
41.515,25.512
38.348,23.869
37.835,19.500
38.389,19.387
38.995,21.348
41.610,21.316
42.663,21.194
42.032,23.245
40.982,22.115
41.529,22.491
45.304,24.223
41.767,26.921
41.733,22.793
43.381,24.197
42.900,23.565
41.317,27.797
41.282,26.794
41.170,26.581
41.794,25.847
40.085,23.323
37.878,26.025
40.447,22.218
39.971,25.691
38.036,26.044
39.333,23.186
39.133,26.486
38.400,23.923
41.528,24.482
40.531,25.464
41.066,23.609
42.824,24.538
41.182,24.876
41.818,23.854
42.964,24.496
44.006,22.717
43.124,22.619
44.166,23.890
46.024,25.638
44.897,29.615
41.409,29.338
42.236,26.014
43.580,23.755
45.795,26.580
44.246,28.480
43.277,28.562
45.247,29.202
44.725,26.318
45.296,28.044
44.598,28.866
45.308,25.528
44.766,26.329
45.715,26.625
45.025,31.689
44.905,28.951
44.633,27.124
45.062,29.789
44.650,30.527
44.267,26.476
43.477,30.400
43.603,30.363
43.917,30.148
44.959,26.182
45.211,27.310
46.677,27.165
45.423,28.835
45.461,24.944
45.954,30.523
45.606,29.472
45.632,31.134
46.381,29.798
45.646,30.474
45.272,31.964
46.426,31.518
41.639,32.300
38.964,31.032
39.721,29.595
43.291,29.070
40.655,30.416
37.661,28.321
32.134,27.152
26.981,25.743
30.524,25.824
34.823,25.921
38.289,26.090
35.124,28.115
32.085,25.861
31.900,25.606
32.396,26.125
35.103,26.303
37.825,27.174
37.306,26.754
34.915,27.880
34.276,26.849
29.726,26.019
30.055,25.380
27.389,24.755
30.330,24.950
31.771,24.977
29.355,25.307
35.175,24.596
36.246,26.188
33.941,27.475
34.586,25.951
35.323,26.885
37.841,25.795
34.543,26.851
35.213,26.036
32.873,26.005
32.446,25.807
34.337,25.530
35.004,25.712
34.226,24.739
34.654,25.322
34.422,26.196
38.628,25.427
32.353,26.730
30.554,25.712
32.763,25.393
34.652,25.378
30.958,25.846
33.448,24.857
32.785,25.097
34.439,25.706
32.902,25.669
33.635,24.897
35.170,24.779
34.552,26.824
31.836,25.590
30.905,25.062
34.234,24.666
34.357,25.072
33.196,25.367
31.061,25.020
29.587,24.938
33.431,24.490
31.859,25.582
30.170,24.914
31.799,24.282
32.296,24.198
33.597,23.814
34.359,24.838
33.489,24.965
34.693,24.546
35.465,23.593
35.391,24.720
37.121,25.762
35.208,26.072
34.540,25.185
34.165,24.635
31.560,25.566
32.115,25.047
35.028,24.898
32.355,24.537
32.565,24.731
29.704,24.601
30.140,24.162
28.455,25.172
29.182,24.204
33.998,24.771
33.595,24.946
33.262,24.297
28.217,24.597
32.757,23.211
33.632,24.250
32.200,24.698
32.317,23.725
31.720,24.425
31.099,24.022
34.071,23.288
31.294,23.368
32.391,22.973
32.826,22.408
33.506,23.293
33.505,22.548
35.669,21.654
32.478,22.545
26.291,21.513
28.514,21.596
32.012,21.788
31.569,21.423
32.061,21.466
34.163,20.102
33.599,20.321
33.560,23.300
34.295,21.419
34.244,21.496
32.185,21.372
30.431,22.457
24.368,21.803
31.426,20.168
27.014,22.137
29.251,22.444
24.582,21.338
21.212,19.502
20.919,18.737
26.477,17.377
25.984,20.206
27.530,20.157
29.737,19.928
29.737,19.277
30.357,18.670
30.471,18.992
30.502,17.502
30.157,16.252
29.926,17.413
26.833,17.674
27.932,18.777
29.138,16.144
29.312,14.746
29.435,15.814
28.628,15.395
28.071,13.936
28.965,11.961
28.551,13.925
28.076,15.096
27.584,13.277
28.295,13.653
27.862,14.295
27.804,13.956
27.300,13.825
28.144,14.028
27.607,13.273
26.626,11.613
27.697,10.166
27.181,9.561
27.124,9.713
28.104,12.515
27.138,12.504
28.918,13.352
27.563,11.609
27.139,9.948
26.796,8.910
28.152,9.584
27.682,10.642
28.308,10.699
28.198,11.196
28.487,14.116
27.534,13.413
26.949,13.559
25.146,9.939
25.607,8.691
25.862,8.855
25.782,10.803
25.991,8.878
26.343,10.986
24.954,10.203
25.362,10.079
24.365,9.427
23.512,8.183
24.658,8.506
25.309,9.146
24.826,9.143
25.240,8.232
25.024,8.169
25.892,5.709
27.707,8.237
26.864,9.619
25.598,11.109
26.248,9.890
24.580,12.004
24.787,9.660
25.141,9.413
24.834,6.395
24.751,6.675
24.749,6.090
24.602,5.816
26.550,7.415
27.060,8.000
27.291,6.825
27.545,10.443
25.349,12.248
24.567,9.875
25.522,10.150
25.436,9.471
25.518,8.944
24.858,6.676
24.967,7.987
26.353,8.069
27.765,6.937
26.125,8.733
26.102,6.624
27.172,9.773
29.209,8.190
30.268,12.496
30.498,12.812
30.388,15.682
29.131,14.441
26.764,12.349
26.567,8.339
21.992,11.641
24.776,7.689
24.518,7.078
25.506,8.825
25.721,7.487
27.374,9.798
28.081,9.499
29.305,10.074
29.534,10.560
29.969,10.879
30.411,12.243
28.879,12.704
28.833,12.234
30.649,12.151
30.619,10.693
30.057,10.847
31.382,12.356
29.767,11.907
30.325,11.589
30.706,11.484
30.539,11.414
33.663,15.863
35.186,14.299
35.074,14.432
33.939,16.863
34.035,16.126
34.095,17.727
33.878,15.224
35.164,18.345
35.961,18.632
35.926,14.958
36.776,17.028
36.252,18.225
37.780,18.073
37.963,20.622
35.700,20.853
35.196,21.360
32.169,16.387
32.288,15.116
34.469,15.012
34.631,16.508
35.574,14.896
35.910,17.196
36.725,17.040
36.056,20.290
34.237,19.743
26.798,18.843
29.900,18.249
32.660,19.081
35.296,21.502
35.450,20.352
32.284,17.727
32.859,18.168
33.262,17.003
34.004,16.482
35.170,17.337
36.930,19.652
35.025,20.195
35.327,19.905
36.877,19.591
39.455,20.732
40.197,19.027
38.566,22.183
36.539,19.730
37.199,19.847
36.709,16.616
37.030,17.918
38.513,18.418
40.361,18.634
39.764,20.740
39.059,20.041
39.356,18.410
40.337,22.017
41.122,21.420
41.712,22.425
44.133,24.174
41.737,25.609
42.139,22.847
41.808,24.137
42.306,21.222
42.892,21.444
42.708,22.781
42.168,24.327
36.059,26.908
32.195,21.303
33.667,20.100
36.627,19.243
39.275,23.444
38.260,24.731
39.182,24.383
40.722,24.541
42.506,29.280
42.801,26.216
43.337,26.448
40.561,27.265
41.403,26.741
43.103,25.684
44.421,27.661
44.961,27.058
43.699,26.834
43.693,26.116
44.401,30.038
43.985,26.050
42.193,28.228
40.519,26.228
40.062,28.565
41.819,27.538
39.068,28.153
45.852,27.760
38.293,27.931
40.186,25.067
40.022,25.933
37.940,27.685
41.549,27.155
44.268,28.690
46.535,31.291
43.393,29.061
42.412,29.639
41.499,29.051
40.676,29.715
41.802,31.021
40.970,29.921
40.165,29.666
39.598,29.426
39.032,29.296
42.813,29.569
44.373,28.128
44.921,29.365
44.356,29.826
42.809,30.764
40.627,30.782
39.588,29.554
36.974,28.014
35.668,27.985
29.028,26.349
31.572,25.806
31.228,25.103
36.038,26.827
40.490,26.852
41.822,29.038
42.592,27.782
40.902,26.749
43.012,29.925
41.991,28.870
42.598,29.556
41.790,28.957
44.844,28.142
41.901,28.964
37.597,29.609
34.792,27.994
37.176,27.395
37.357,28.374
34.815,27.269
34.894,27.346
34.311,27.532
35.175,26.615
34.553,27.016
34.567,27.435
35.449,27.531
35.670,27.291
34.725,27.307
33.052,26.813
33.247,26.820
35.723,27.195
34.560,27.623
29.254,26.443
33.765,25.711
28.281,25.424
27.381,25.190
27.784,25.198
30.082,25.222
31.786,25.972
33.025,25.961
29.529,26.030
31.287,25.691
32.417,25.784
33.865,25.779
30.853,25.501
30.918,25.141
31.748,24.461
32.522,24.737
32.783,25.323
34.392,25.495
31.470,26.348
31.997,25.572
33.225,25.859
29.018,25.020
32.178,24.975
32.955,25.428
33.396,25.398
31.873,25.650
31.048,25.448
31.939,24.151
31.681,23.973
31.421,23.832
34.783,25.079
33.992,25.235
37.172,25.412
33.037,25.899
35.584,25.316
35.132,25.755
33.481,25.552
33.755,25.500
34.053,25.674
32.983,25.363
30.374,25.695
30.100,25.233
30.987,25.362
32.659,25.113
32.293,25.253
32.122,25.024
28.091,24.869
31.683,24.401
31.764,24.903
32.454,25.019
30.363,25.010
32.044,24.280
29.168,25.312
28.902,24.999
32.161,24.713
32.242,22.997
33.237,22.976
30.114,24.465
32.017,23.378
31.541,24.547
31.897,24.503
32.306,24.949
31.545,25.441
34.094,24.956
33.070,24.828
31.295,24.617
34.705,24.235
34.709,24.529
33.503,24.883
32.782,24.861
32.486,24.225
32.947,25.122
31.776,24.229
32.634,24.040
31.618,24.555
24.724,22.707
24.347,22.609
25.311,23.394
26.006,24.186
26.187,23.904
25.056,22.638
30.682,22.518
30.607,23.420
29.310,24.106
29.865,23.959
31.276,24.513
32.463,23.967
33.281,22.913
33.094,23.691
33.098,21.814
31.971,21.029
32.169,20.753
32.104,19.326
31.950,21.433
32.529,22.264
32.274,21.672
32.599,20.963
31.613,23.404
31.716,21.332
32.328,19.917
32.315,19.910
32.096,19.074
32.930,17.537
31.672,19.172
29.956,19.570
27.526,20.264
28.773,19.232
29.583,17.825
29.627,16.238
30.102,15.528
30.934,15.774
31.444,16.753
30.861,19.916
31.959,21.441
31.148,20.340
27.852,16.571
27.482,18.374
29.657,17.407
29.428,18.332
23.391,19.095
28.716,19.804
30.721,19.652
30.904,16.772
31.043,16.573
26.337,19.487
26.380,17.253
27.955,18.172
28.028,15.854
29.126,16.330
29.398,16.050
29.174,15.507
29.499,15.935
28.774,14.754
28.724,14.220
29.253,15.047
28.777,16.882
28.192,15.372
27.762,14.565
29.417,14.144
30.089,15.257
28.485,15.422
27.491,12.855
26.359,11.233
26.007,9.397
25.827,8.381
27.532,11.336
26.065,11.974
26.012,11.523
25.285,9.893
25.890,8.447
26.596,9.498
28.678,12.349
29.604,12.569
29.853,12.412
28.541,12.686
29.342,13.429
29.333,13.929
25.238,13.809
25.230,10.978
24.422,9.464
24.340,9.933
25.173,8.268
25.981,9.061
26.311,11.979
27.122,10.681
27.618,12.835
27.406,12.865
26.977,11.208
26.798,13.684
25.591,9.267
25.431,10.111
26.929,11.315
26.661,9.900
26.463,12.856
24.543,8.610
24.045,6.711
24.285,7.904
25.029,8.095
24.464,9.551
23.480,10.007
22.940,9.032
23.376,7.829
24.009,7.321
25.276,9.483
24.309,9.372
24.266,7.848
25.076,8.809
26.471,11.321
26.385,9.591
25.664,9.861
24.016,8.616
24.363,6.405
24.706,6.064
25.797,5.871
24.615,7.965
25.630,9.871
26.078,11.637
28.134,9.337
26.708,10.300
25.554,7.977
26.256,6.352
26.784,8.983
28.522,9.963
29.807,9.486
30.903,11.832
30.477,11.206
31.621,13.604
30.384,15.954
29.895,12.778
29.718,10.972
29.775,11.650
30.958,10.506
29.103,9.948
29.709,13.271
28.747,14.744
25.468,15.668
28.803,13.388
30.043,16.960
27.933,16.599
19.308,13.984
16.899,13.904
21.739,13.023
23.806,12.629
22.511,10.438
25.431,8.933
26.519,11.526
26.815,10.388
27.791,12.061
27.621,11.610
29.570,11.631
31.980,14.803
32.741,14.688
32.063,16.523
29.643,13.500
31.533,13.736
33.770,15.474
35.590,20.670
26.514,16.383
28.543,14.165
30.469,13.933
30.455,15.239
30.345,14.349
29.844,14.608
32.128,13.468
33.262,15.772
36.021,17.559
36.117,17.938
36.518,19.693
23.729,18.831
32.998,16.800
29.945,17.777
29.874,15.398
31.261,15.333
33.109,14.727
35.345,17.124
37.599,18.548
37.250,21.249
38.133,21.785
38.277,22.676
37.194,22.112
36.544,21.084
35.777,20.351
36.136,19.307
38.141,17.637
41.151,19.554
42.563,20.780
43.973,22.598
41.402,24.221
41.872,24.872
40.907,23.772
40.050,22.279
40.829,20.990
40.844,19.834
41.646,21.251
42.295,21.185
40.343,24.255
39.470,21.621
39.693,22.665
38.420,23.649
37.654,24.113
38.300,24.622
39.042,25.591
39.325,25.323
40.111,26.248
37.968,25.815
41.062,25.083
40.969,25.531
40.171,25.986
41.358,26.049
43.361,27.766
43.724,25.843
42.430,27.412
38.138,25.766
39.510,26.223
38.518,26.100
41.440,26.171
38.092,25.632
38.267,23.722
37.894,26.390
40.826,26.690
39.981,27.005
41.980,28.104
38.177,27.747
32.802,26.600
35.435,26.002
36.325,25.507
38.750,26.268
43.788,27.798
40.995,28.516
40.663,27.568
39.166,27.096
39.913,26.974
37.599,27.327
39.326,27.573
37.774,29.701
42.046,26.638
39.489,28.844
41.675,28.046
42.387,29.133
43.482,30.532
43.280,28.637
42.897,27.069
44.089,27.449
42.419,29.387
42.432,26.811
42.724,27.418
43.552,29.388
43.207,28.485
44.888,29.112
45.017,27.404
46.153,28.933
45.444,27.733
44.006,26.761
41.620,29.415
45.771,28.716
43.523,30.432
41.271,29.482
34.767,28.222
40.906,28.069
42.833,30.251
37.744,29.516
35.754,28.298
31.825,26.730
33.334,26.546
35.464,27.312
39.665,27.319
34.428,27.628
36.451,27.050
37.293,27.415
38.136,27.530
38.386,27.397
35.747,27.788
36.326,27.582
39.798,26.852
34.672,27.823
38.207,27.845
32.181,27.509
34.914,26.978
34.182,26.881
38.878,26.682
33.486,27.765
31.712,26.607
30.586,26.638
27.703,25.961
29.309,25.586
33.951,25.301
36.219,24.869
39.818,26.298
35.969,27.512
36.732,27.253
32.325,26.926
34.288,26.864
32.535,26.879
32.069,26.759
32.365,26.638
32.143,26.262
29.285,24.898
27.927,25.069
25.874,24.735
29.562,24.258
31.526,24.480
29.042,25.472
25.741,24.574
30.058,24.519
30.638,24.980
30.633,25.203
30.584,25.375
31.599,25.760
33.324,26.040
27.598,25.687
33.131,25.299
30.336,25.913
34.941,25.862
32.055,25.821
32.872,26.231
32.656,25.413
33.126,25.139
34.641,25.705
36.876,26.003
35.578,26.673
33.044,26.501
30.669,25.910
30.413,25.266
29.871,24.457
24.924,24.067
31.192,24.213
29.763,25.182
29.294,25.174
29.736,24.057
32.307,24.145
33.164,23.294
32.887,24.394
33.351,25.178
35.531,25.517
35.444,25.199
31.543,25.650
31.296,25.054
32.560,25.383
32.860,25.107
33.601,25.918
35.368,25.678
32.364,24.806
34.224,25.105
33.099,25.095
32.265,24.816
30.029,24.499
29.766,24.512
31.891,24.090
34.094,23.583
31.268,24.620
33.301,24.114
33.423,24.419
32.535,24.191
31.572,24.586
30.832,24.818
32.939,24.521
33.869,25.314
30.486,24.798
31.946,24.552
32.313,24.806
33.194,24.660
31.068,23.322
23.139,21.436
25.456,22.969
26.586,24.570
29.764,24.558
29.056,25.063
28.005,24.727
29.992,24.202
31.048,25.135
29.631,24.556
31.656,23.691
32.296,23.875
31.523,24.256
32.134,23.873
31.799,24.353
31.966,23.538
29.156,19.941
27.321,19.396
29.122,19.237
29.537,18.674
30.573,19.044
30.431,19.970
32.270,18.551
30.473,22.607
29.776,21.110
28.244,22.078
29.891,20.884
30.249,18.307
31.160,17.965
30.783,18.389
30.140,16.526
30.570,15.875
30.954,15.520
31.400,16.004
30.356,17.689
30.438,18.280
30.891,17.311
30.227,17.589
30.668,18.277
29.370,19.060
32.324,18.195
30.113,18.826
30.530,17.200
31.440,18.062
30.817,17.000
30.943,18.827
30.573,20.303
30.227,18.617
27.791,19.157
29.305,16.674
29.330,14.085
29.174,14.260
28.052,12.784
28.691,13.911
28.752,14.631
26.173,13.186
28.165,13.898
28.976,13.799
28.087,13.801
26.961,13.572
27.597,12.986
26.808,11.778
28.007,14.018
27.886,13.786
27.849,11.968
29.892,13.276
28.767,13.792
26.562,14.640
26.617,11.284
26.704,11.454
26.877,13.941
27.293,12.934
26.922,10.820
27.128,11.807
26.678,10.574
26.295,10.408
26.432,11.060
25.497,9.521
25.050,9.933
25.813,9.910
26.314,9.351
26.970,9.349
28.074,11.799
28.943,14.940
24.552,16.364
25.651,11.878
24.006,9.455
23.597,8.321
24.280,6.414
24.858,10.330
24.248,9.652
24.827,10.542
23.843,9.567
24.385,10.528
24.861,9.917
25.390,8.665
24.575,9.958
24.943,9.932
23.954,7.250
23.892,8.704
24.548,8.743
23.620,7.761
24.997,5.099
26.179,8.130
27.324,12.175
26.707,11.759
26.336,7.342
26.434,10.617
26.633,10.999
29.005,12.060
30.018,14.380
28.135,13.717
25.762,13.452
23.922,10.161
24.287,9.851
24.300,9.824
24.939,8.823
25.490,9.234
27.089,9.226
29.191,10.896
23.691,11.661
25.450,12.344
24.436,7.855
17.467,11.123
16.225,11.958
19.652,12.094
20.111,9.904
22.214,9.370
21.776,8.977
20.749,11.232
17.617,8.593
20.510,8.350
21.089,6.035
21.637,3.950
23.176,5.295
26.296,11.677
28.062,13.304
28.020,16.710
25.613,15.277
18.663,16.330
25.250,14.149
23.028,10.449
24.265,8.885
24.467,7.527
23.182,8.536
23.640,7.634
25.019,7.512
26.952,8.727
27.187,7.481
29.010,9.439
29.627,10.398
26.730,10.218
27.348,9.580
30.594,13.200
32.154,13.537
32.924,13.124
32.090,15.137
29.747,14.544
28.873,9.517
28.996,10.171
30.841,10.992
31.055,10.497
33.407,13.193
33.486,14.314
34.286,14.800
34.267,14.946
32.890,16.586
33.342,16.452
35.002,16.425
34.254,15.936
34.700,17.523
35.221,18.051
36.535,20.205
36.057,20.351
35.677,22.891
36.567,20.348
37.218,18.732
36.481,18.535
37.679,17.498
38.981,18.431
38.726,19.667
38.406,19.668
38.443,19.637
38.466,19.326
36.904,21.958
37.610,21.598
37.859,22.402
37.917,20.645
39.150,22.090
39.981,20.244
39.185,20.362
39.376,18.355
36.061,21.432
37.245,22.747
37.922,22.574
36.668,21.763
34.199,22.455
35.118,21.951
34.084,18.778
35.615,20.579
38.127,20.816
39.163,22.132
40.142,23.517
41.804,23.518
41.720,25.293
40.950,23.560
41.882,26.067
43.915,25.523
42.592,25.501
42.028,25.202
41.811,23.331
41.651,22.973
42.220,24.289
42.866,21.141
42.712,22.202
43.494,23.017
43.888,24.372
44.520,25.315
44.712,24.246
44.202,25.729
43.860,24.356
43.929,25.834
43.891,26.399
44.218,24.754
45.801,26.917
44.788,27.503
42.658,28.884
41.594,27.094
43.037,27.748
42.324,27.773
42.346,27.390
42.394,27.449
43.785,27.143
43.653,28.911
41.840,27.046
42.640,28.127
43.319,30.121
41.420,28.399
42.319,28.162
43.977,28.054
43.329,29.146
39.260,28.286
40.640,25.406
43.171,26.960
39.916,26.769
38.354,27.986
38.560,27.869
38.726,25.612
42.459,27.224
42.190,27.610
43.769,26.302
43.915,25.740
43.315,26.961
45.497,29.439
44.916,29.945
41.206,29.173
41.423,26.929
41.775,28.742
42.394,28.876
36.260,28.113
36.460,26.710
35.316,26.612
32.448,27.659
34.433,26.484
35.384,26.559
40.291,26.954
36.676,27.512
37.042,26.958
34.816,27.153
31.891,25.916
25.943,25.015
28.165,24.113
37.499,24.947
32.558,25.947
33.685,25.234
34.235,25.900
34.715,25.926
35.980,25.765
39.076,26.818
33.755,27.207
33.760,26.088
30.387,26.018
29.383,25.745
32.606,25.988
35.317,25.898
33.482,26.594
31.951,26.028
34.622,25.872
33.360,26.101
33.565,25.981
31.748,25.701
31.969,25.372
32.403,25.690
31.156,26.388
33.529,25.899
31.396,25.724
31.858,25.342
30.293,26.336
30.963,25.404
29.969,26.046
31.900,25.167
31.570,26.046
26.917,25.258
33.658,25.150
32.873,26.089
31.712,25.862
28.985,25.135
31.202,25.065
32.710,26.527
31.538,25.862
31.636,25.596
31.961,24.924
31.035,25.076
32.176,24.900
32.546,25.547
33.802,25.401
32.879,25.508
33.874,25.706
33.100,26.303
32.790,25.268
32.702,25.930
31.785,25.898
32.541,25.929
27.302,25.579
30.302,25.453
33.079,25.430
31.168,25.318
32.270,25.227
31.946,25.688
31.288,25.111
32.642,25.370
30.589,25.401
29.922,25.470
30.928,25.069
30.218,24.670
30.482,23.934
31.999,24.201
33.150,24.493
33.264,25.293
35.357,25.005
33.183,25.204
30.572,26.036
30.723,25.348
31.670,24.968
34.272,25.164
34.616,24.297
34.424,25.128
34.318,25.078
32.448,24.450
31.878,24.694
32.799,23.974
32.389,23.327
34.151,23.541
31.849,24.023
31.622,24.546
33.939,23.691
33.611,24.285
35.342,24.427
33.612,24.105
32.766,24.038
30.810,23.812
29.797,24.571
29.779,25.323
31.876,24.984
35.057,24.631
34.143,24.376
33.522,24.063
30.106,24.033
29.255,23.394
25.800,24.114
30.971,23.375
31.828,22.502
31.250,24.101
28.289,22.809
31.570,22.776
33.085,22.475
34.107,23.099
33.195,22.813
32.519,23.203
33.105,23.442
31.420,22.287
34.769,22.944
30.667,20.844
34.683,21.672
33.004,21.339
33.231,19.795
33.387,20.515
33.500,21.938
33.128,21.882
32.406,21.076
34.086,19.908
31.737,18.936
31.706,19.300
31.357,19.646
31.154,16.670
30.966,14.767
32.505,16.721
33.010,16.818
30.319,16.011
29.293,21.136
28.220,17.805
28.587,17.440
31.178,17.606
30.115,17.909
30.512,19.097
31.602,18.838
30.509,18.647
31.181,17.298
30.929,16.810
33.002,18.156
31.022,19.142
30.857,18.722
31.256,18.188
30.071,14.799
31.007,15.270
31.906,16.255
30.718,15.492
30.865,16.260
31.180,16.528
30.797,17.076
29.785,17.012
30.472,16.666
29.900,16.734
28.593,15.309
30.045,14.059
29.020,16.841
29.212,18.937
28.833,16.282
27.349,12.597
26.485,12.161
27.144,10.877
27.666,11.812
28.389,11.907
28.529,12.830
28.275,13.852
27.775,11.360
27.991,12.477
28.266,14.068
27.763,13.830
27.195,12.926
27.890,11.685
28.014,12.117
27.021,15.177
28.592,13.139
29.399,14.737
28.352,15.093
28.968,14.500
29.546,14.436
29.680,14.499
28.135,12.622
26.721,12.870
26.470,10.439
26.406,9.746
26.347,11.015
26.142,8.430
27.693,10.982
26.659,11.631
25.832,10.453
25.271,12.724
24.563,10.814
23.472,9.688
25.074,10.257
25.460,10.859
25.955,8.540
25.302,9.360
25.181,6.773
25.775,8.940
25.643,10.135
24.360,7.489
25.074,6.883
25.246,6.699
25.750,7.945
27.958,11.520
19.500,14.544
27.097,12.250
27.385,13.966
27.365,11.248
26.994,12.772
26.221,12.060
26.085,9.975
26.625,10.133
26.741,8.383
27.452,9.737
27.497,11.146
28.901,12.266
29.715,13.776
28.830,14.790
25.513,11.963
27.091,9.706
27.672,11.213
28.383,12.105
29.633,11.940
31.973,11.256
32.171,13.294
29.494,14.553
28.094,11.003
28.297,11.007
29.262,12.081
27.640,11.912
28.029,9.920
28.064,8.309
28.480,7.736
30.122,7.725
31.123,11.351
31.510,10.151
30.395,12.038
29.795,11.567
30.704,9.322
32.773,13.800
30.657,14.986
28.502,13.153
30.787,11.132
31.728,13.716
32.089,13.678
31.635,13.564
32.434,12.361
31.406,13.439
33.426,10.924
33.365,14.424
34.897,16.956
33.826,18.557
34.935,13.977
35.312,14.312
34.836,17.149
34.967,17.243
34.210,16.797
33.159,16.135
32.863,12.238
33.366,14.699
35.812,14.739
36.808,18.706
35.704,18.959
36.695,17.090
37.582,14.943
38.165,18.548
37.497,21.323
36.604,19.411
35.062,17.662
35.633,16.318
38.310,18.289
38.284,16.954
36.290,19.747
38.704,15.882
38.625,19.941
36.957,17.999
37.766,19.165
37.815,21.924
37.207,21.866
39.436,19.762
37.375,23.482
38.957,20.401
37.731,23.141
34.978,19.465
37.256,22.764
39.895,22.166
38.139,22.105
38.030,22.912
37.758,20.657
37.645,20.258
39.791,22.741
41.658,22.331
41.172,22.129
40.121,23.142
39.994,23.461
39.804,22.205
42.328,20.815
39.540,25.117
38.544,22.656
40.131,21.132
42.251,22.290
41.821,22.993
42.396,25.987
45.616,27.209
43.105,27.607
41.918,26.795
43.077,27.141
42.668,25.532
44.229,22.970
43.581,25.959
42.119,26.825
41.397,23.788
42.042,23.639
42.950,22.459
43.023,22.758
43.413,21.605
44.111,24.830
44.170,26.907
46.959,27.842
44.177,28.302
43.309,28.163
44.336,27.602
42.942,28.236
43.340,28.176
43.309,28.876
43.142,25.492
44.159,26.838
45.442,28.686
35.621,27.847
29.018,23.716
37.329,22.135
36.978,24.019
39.748,25.559
40.125,27.907
38.332,28.071
39.572,26.883
38.941,27.677
39.315,28.348
43.025,28.506
39.171,29.249
40.274,29.345
38.761,29.475
29.170,22.771
35.641,22.366
40.102,24.290
42.321,26.351
40.394,27.807
40.368,27.538
38.766,28.406
38.153,28.363
40.516,27.160
39.269,29.338
44.765,28.712
41.080,29.503
40.437,29.984
42.585,28.703
44.759,29.280
45.969,28.800
45.701,25.902
44.406,29.152
44.782,29.256
45.108,30.193
46.440,30.414
44.049,30.206
44.893,29.668
44.038,28.658
44.725,27.103
44.731,28.588
45.586,28.125
45.697,27.253
46.092,29.983
48.137,30.799
41.861,32.302
39.314,31.029
42.312,30.378
40.464,31.324
36.970,29.875
37.541,29.105
33.290,27.772
32.380,26.594
32.680,26.977
36.598,27.137
36.645,27.103
33.942,27.056
35.914,27.024
33.781,26.962
33.856,26.519
35.142,26.440
32.361,26.025
33.972,25.972
38.103,25.949
37.353,27.349
39.518,27.206
36.710,27.555
35.113,26.798
37.048,26.906
40.013,28.357
34.719,28.621
35.107,27.200
35.341,25.991
34.726,26.791
37.113,25.898
37.168,27.125
38.192,27.683
38.812,29.219
30.676,26.393
31.676,26.109
32.657,25.945
33.202,26.375
34.413,25.661
37.759,26.650
34.041,26.734
31.642,26.499
37.749,26.147
37.994,27.554
34.264,27.858
39.251,26.870
34.671,26.928
36.998,25.866
33.726,26.755
34.261,26.613
37.179,27.039
34.559,26.813
30.477,26.827
31.287,25.908
32.356,25.572
33.207,25.821
32.791,25.792
32.350,25.186
33.026,24.640
32.268,24.946
31.842,25.100
33.092,24.652
26.349,25.058
31.390,24.388
30.415,24.553
29.510,24.581
30.782,25.033
31.225,24.618
35.171,25.093
34.885,25.263
33.008,25.277
33.779,24.760
37.608,24.405
32.289,25.251
29.981,25.361
25.620,24.816
30.859,24.761
31.767,24.787
27.533,24.436
31.528,24.431
32.645,24.490
32.800,23.698
33.336,23.584
36.102,22.972
33.425,25.599
31.064,24.366
32.410,24.175
33.636,24.718
34.794,24.447
32.647,24.893
35.424,23.440
32.892,24.135
34.173,23.889
32.545,24.169
30.686,24.276
33.427,23.821
34.797,23.969
33.793,24.843
34.033,24.551
33.605,24.036
33.916,24.398
30.453,25.258
31.635,24.995
30.110,24.655
30.028,24.515
29.885,24.536
30.689,24.837
28.345,22.997
30.860,21.099
31.279,20.983
31.758,20.661
31.398,20.703
30.861,19.172
31.361,18.068
31.690,18.260
32.363,19.000
31.055,21.322
31.012,19.420
30.610,18.668
31.420,17.942
30.309,15.748
29.010,16.076
29.695,16.241
29.211,15.793
28.924,14.729
29.698,14.720
29.279,15.741
30.089,15.737
30.128,15.252
30.143,17.021
29.522,17.973
30.776,16.361
30.604,15.011
31.138,16.365
32.159,16.563
31.434,15.448
30.266,18.143
31.611,17.228
31.278,17.449
31.089,16.362
29.330,20.126
25.673,17.031
33.077,16.586
31.602,22.389
31.901,22.545
31.221,21.255
24.817,19.871
19.860,17.887
27.382,16.938
27.164,15.963
24.535,12.395
24.089,11.461
25.756,10.222
25.441,12.254
25.444,12.615
25.610,12.183
26.616,11.801
25.918,11.137
26.090,10.360
25.687,10.975
26.626,10.448
26.550,11.141
26.366,11.204
26.468,10.612
26.462,10.987
26.061,11.851
26.422,11.243
26.820,13.019
27.462,10.706
25.890,9.473
25.788,8.443
25.776,10.121
26.371,10.862
27.820,12.347
27.306,13.181
27.325,11.029
28.011,14.422
28.481,14.803
24.972,14.114
27.041,16.229
25.271,11.443
24.193,8.790
23.492,8.767
23.559,9.188
23.167,9.497
23.716,9.193
24.337,7.865
24.034,6.931
24.286,6.936
23.947,7.319
24.333,5.826
22.693,11.485
21.741,8.473
21.853,6.908
22.093,6.845
22.445,9.506
22.274,9.719
21.790,8.153
23.531,4.083
24.404,5.097
24.452,8.906
24.265,9.324
24.038,9.242
24.034,8.364
25.177,9.866
26.049,12.975
24.971,11.338
23.002,8.779
23.252,5.873
24.301,8.008
23.167,8.092
24.871,7.905
24.140,7.370
25.124,8.752
25.109,8.116
25.406,8.091
26.328,5.338
26.632,9.189
27.147,9.014
26.742,8.968
26.716,8.175
27.793,10.998
27.400,11.749
27.744,9.971
28.930,10.008
27.935,10.942
26.395,10.542
27.482,9.448
27.360,10.143
28.174,9.197
29.662,11.579
30.866,16.272
30.796,13.251
31.612,14.394
31.328,13.861
30.169,13.379
29.389,13.072
29.624,10.884
29.820,15.723
30.658,15.516
28.673,14.300
29.873,9.814
29.594,12.334
29.815,11.734
30.296,12.714
32.839,12.279
33.336,18.050
32.554,15.762
32.409,14.291
32.831,15.835
33.743,17.300
34.291,16.011
35.587,17.576
33.952,18.813
36.238,18.353
38.017,19.256
36.174,19.190
36.169,19.462
36.336,19.584
35.388,17.804
35.479,16.649
35.264,15.867
35.991,18.635
35.704,17.856
36.096,17.106
37.861,17.810
37.201,20.773
37.858,21.311
39.075,21.058
38.008,19.752
39.171,20.668
39.709,20.480
42.851,23.422
41.785,24.373
41.852,23.656
42.827,21.226
41.593,21.944
42.282,21.880
42.034,21.396
40.781,21.251
41.419,22.113
41.890,22.853
42.578,21.889
42.147,21.472
42.333,20.393
42.109,21.202
41.939,20.953
42.767,24.058
42.871,23.223
42.191,22.211
42.503,22.860
43.724,25.485
43.967,26.388
44.670,22.733
44.275,23.999
44.131,24.881
43.847,24.429
44.906,27.117
45.877,27.760
45.773,26.089
44.621,28.264
45.066,23.747
46.010,25.336
45.044,24.740
44.472,23.961
45.110,23.457
44.349,25.104
44.207,22.882
41.372,26.711
42.829,26.449
44.461,28.268
43.790,26.221
42.147,28.069
38.241,29.484
44.758,26.115
45.073,28.612
41.552,29.606
37.359,27.929
41.158,25.834
41.815,26.992
43.829,27.523
44.532,26.986
45.775,25.532
45.938,26.047
45.610,25.101
48.679,24.141
46.549,28.245
45.623,30.191
45.735,29.064
44.777,29.533
49.197,30.020
41.860,31.467
39.386,30.169
40.976,28.003
40.753,27.039
41.410,28.754
43.655,27.422
44.281,28.724
38.498,27.810
40.810,24.932
42.519,27.480
44.175,29.215
45.045,29.207
45.337,28.774
48.021,28.220
46.562,30.456
43.417,31.007
43.327,31.462
44.746,31.527
44.730,30.701
45.370,29.578
43.940,31.541
44.447,29.611
45.937,31.310
43.050,30.718
42.235,29.359
46.936,29.022
44.556,29.745
44.616,30.691
40.640,30.943
35.702,28.085
39.751,27.568
35.731,29.326
41.896,27.293
42.890,29.341
36.478,28.748
38.250,26.983
37.428,27.443
36.689,27.429
34.917,26.416
44.553,26.823
41.561,28.328
40.318,28.687
35.944,27.424
35.219,26.553
33.653,26.989
37.426,26.751
38.693,26.040
37.955,27.243
36.426,26.674
38.658,26.547
44.907,28.887
40.896,29.873
30.131,26.844
31.550,26.405
33.140,26.370
32.975,26.699
35.590,25.935
34.783,27.103
36.506,27.018
38.373,27.187
36.526,27.121
35.888,27.567
36.877,27.181
35.003,27.305
35.079,26.527
33.146,26.706
34.878,25.587
29.387,26.259
31.654,25.785
36.842,25.365
36.031,26.014
33.256,26.400
32.686,26.261
32.605,25.930
34.461,26.274
34.581,25.586
36.453,25.246
35.134,26.539
35.384,25.069
36.380,25.608
37.710,25.702
37.242,27.809
38.206,26.690
41.024,26.269
33.385,27.903
32.349,26.973
32.997,26.580
34.098,25.905
32.889,25.990
36.024,26.087
36.213,26.608
31.482,26.544
32.287,25.879
32.210,24.999
31.358,25.919
31.337,25.088
31.556,25.969
33.252,25.302
34.075,25.188
33.777,25.321
35.051,25.087
33.040,25.410
33.616,25.118
33.165,25.210
33.325,25.274
33.005,25.190
35.402,24.989
35.876,25.575
32.333,25.294
33.281,24.899
32.017,25.246
32.215,25.237
34.640,25.467
35.454,25.076
32.641,25.969
33.386,25.535
33.894,25.404
30.998,25.290
30.241,24.916
29.486,24.391
29.936,24.789
29.493,24.494
30.422,24.435
31.668,23.651
31.783,24.118
29.173,23.297
29.366,22.449
30.575,21.935
32.528,22.684
32.187,22.794
33.008,22.904
32.933,22.296
33.308,23.143
35.024,21.779
33.807,22.008
33.797,23.141
33.643,24.122
32.893,23.505
33.607,22.581
30.079,23.223
28.040,23.146
24.589,20.493
31.986,17.559
33.493,19.209
34.274,19.732
32.498,20.651
32.252,20.453
25.110,20.359
29.578,21.838
29.122,23.426
29.162,23.151
30.583,22.599
32.320,22.358
28.884,22.442
25.457,20.904
29.752,20.675
30.588,19.242
31.919,19.787
31.339,18.273
30.387,16.076
30.537,16.751
29.537,16.507
30.140,14.670
29.633,14.438
28.478,19.336
20.909,17.339
29.475,15.430
29.560,15.699
30.108,16.835
29.926,14.164
30.206,16.415
31.262,16.093
33.278,19.135
33.611,19.322
31.881,20.273
30.131,19.980
30.471,18.628
31.196,16.978
31.890,18.339
31.892,19.987
32.247,19.332
31.674,19.716
31.951,18.771
30.921,19.579
30.047,17.526
28.483,15.478
29.223,13.797
28.516,12.872
28.189,15.175
30.042,17.129
29.587,19.955
29.817,19.250
28.637,18.175
28.859,17.075
26.918,13.459
25.393,11.055
25.541,8.922
25.916,8.750
26.979,11.321
26.478,10.809
26.207,13.378
19.768,17.036
23.066,17.512
22.836,17.750
27.377,15.682
26.826,15.616
22.897,13.289
23.561,9.291
23.623,9.949
23.895,10.073
24.761,10.525
24.968,11.440
26.019,13.357
24.844,11.217
23.463,9.888
22.837,7.212
22.018,7.627
24.124,7.963
25.472,6.881
24.336,8.308
24.087,6.692
24.382,8.778
24.489,10.452
25.569,10.652
25.832,11.517
28.405,14.024
22.277,13.170
20.477,8.888
20.405,6.087
21.205,8.404
19.378,7.121
20.965,6.995
21.248,7.972
21.009,5.839
20.598,7.443
20.089,8.200
20.450,6.703
19.933,5.992
21.518,5.364
24.016,6.228
26.146,9.136
22.076,11.113
20.155,6.633
21.746,5.266
22.638,5.088
22.368,4.481
21.345,5.960
22.637,5.706
24.472,8.022
25.655,9.204
25.547,9.505
26.481,12.051
25.306,11.491
24.929,6.944
24.452,8.676
28.374,14.014
26.067,11.018
25.244,10.259
23.857,6.749
26.237,7.366
26.272,8.976
27.944,9.422
27.882,9.428
28.981,10.115
29.890,10.089
28.111,13.764
27.858,10.035
28.124,9.550
28.307,9.759
29.547,11.019
30.316,11.800
31.018,16.371
32.702,14.896
21.900,12.095
28.078,11.865
27.747,9.526
28.202,8.691
21.394,13.663
27.884,10.410
29.270,11.732
29.632,11.428
26.060,11.967
30.261,13.658
30.535,11.650
29.856,13.559
29.922,11.322
31.304,12.572
33.634,14.793
31.883,16.703
34.948,17.255
34.804,18.379
34.016,15.980
34.849,16.926
35.053,18.445
34.696,19.076
34.893,18.344
32.687,16.355
33.925,14.481
33.280,15.433
34.316,16.659
35.577,15.538
38.151,16.853
36.237,17.993
39.228,18.604
40.020,19.600
38.380,18.049
38.016,18.767
37.914,16.822
36.990,18.237
40.633,21.443
37.495,19.453
37.210,18.169
37.843,21.596
36.381,21.135
38.885,21.692
36.393,21.366
37.685,19.546
39.469,19.699
39.398,22.999
33.906,22.446
34.589,19.226
35.360,18.278
38.782,17.851
38.436,19.264
38.110,22.188
39.898,21.914
39.890,23.532
39.389,24.283
39.633,24.591
38.708,22.014
38.522,21.935
40.841,23.963
40.670,24.310
41.430,25.133
42.397,27.124
40.106,25.336
40.469,22.347
39.938,26.206
40.319,22.205
40.577,21.351
39.209,25.702
37.172,24.815
37.800,24.064
38.808,24.720
43.121,25.477
42.262,26.691
42.354,26.335
42.628,26.337
43.505,26.252
38.876,26.302
39.586,26.016
41.345,26.942
45.103,26.552
39.470,26.754
43.320,26.342
43.898,25.626
43.923,27.883
46.953,28.402
44.172,26.901
43.282,28.632
44.242,28.100
44.443,30.198
48.384,30.778
43.675,30.505
40.530,27.252
34.937,26.473
42.314,24.615
47.297,28.660
41.857,29.381
43.275,27.829
42.382,28.223
41.710,29.418
40.772,28.318
43.333,28.266
39.657,29.325
41.711,27.414
41.394,27.669
44.635,28.273
44.345,28.934
44.669,29.559
42.804,28.545
46.446,28.185
43.357,30.665
46.708,30.034
46.041,29.971
43.620,29.431
42.629,28.817
46.831,30.051
40.127,30.376
40.627,27.732
37.629,28.216
32.520,25.965
34.140,25.277
29.950,24.561
26.609,24.292
25.859,24.519
29.880,25.400
34.893,25.462
36.246,26.030
37.384,26.990
36.467,28.513
32.476,26.973
28.052,25.940
31.065,25.728
30.259,24.981
32.739,24.264
29.810,25.387
30.493,24.498
32.740,25.414
30.649,25.263
27.467,25.204
30.885,24.911
31.859,23.945
30.485,24.321
31.157,25.074
32.547,25.524
33.353,25.837
35.200,25.993
33.153,26.994
32.713,25.892
32.951,25.650
30.507,25.867
31.383,25.670
31.572,25.428
31.979,25.701
29.767,26.140
29.186,25.983
29.393,25.061
29.550,25.182
31.393,23.858
30.763,24.673
32.962,24.481
34.813,24.944
36.711,25.884
28.051,25.053
30.436,24.664
30.995,25.636
34.210,26.427
34.376,26.657
30.102,26.238
30.715,25.941
30.091,25.767
32.986,26.086
29.692,25.533
27.158,24.565
27.480,24.189
28.485,24.586
28.640,24.607
30.857,24.852
28.497,23.963
26.769,24.351
30.768,24.410
32.355,24.802
28.330,24.386
31.075,24.748
28.283,24.887
29.033,24.512
32.598,23.463
34.424,23.934
29.584,25.348
32.066,24.864
31.802,25.038
31.056,25.194
29.985,24.051
30.518,24.231
30.430,24.096
31.618,23.880
31.848,24.427
32.126,24.888
30.128,24.434
28.850,24.624
30.492,24.803
32.388,24.844
32.195,25.242
30.581,24.490
30.251,24.243
28.904,24.780
28.352,24.361
30.610,24.751
28.862,24.127
30.306,23.752
35.075,23.286
31.294,24.487
30.189,24.573
31.307,24.089
27.225,24.471
27.860,23.493
25.939,23.006
28.424,22.802
30.682,23.865
26.601,23.330
27.599,24.081
28.090,24.380
28.816,23.388
25.592,22.171
28.993,21.185
28.857,21.441
29.613,21.933
30.398,21.933
29.940,22.128
30.543,21.178
29.208,21.023
30.273,20.434
30.445,21.402
29.777,20.271
33.474,20.847
32.030,22.240
31.752,21.744
33.172,22.301
32.120,22.204
32.427,19.976
32.363,20.435
30.491,18.614
30.456,17.031
31.585,16.682
31.662,16.998
30.398,21.020
29.031,20.128
32.033,20.501
26.644,20.341
30.295,18.840
29.741,17.892
30.593,18.803
31.245,16.485
30.705,17.248
29.958,16.686
28.804,14.631
29.566,13.460
28.792,14.127
28.994,14.450
28.093,13.673
29.239,13.646
29.702,15.255
29.114,13.567
30.416,14.555
28.931,15.630
28.141,15.782
27.945,14.376
28.085,13.946
29.667,13.337
27.891,14.792
27.936,14.089
28.275,14.442
28.495,14.834
29.283,15.376
27.756,14.721
28.824,14.293
27.009,15.093
27.236,13.360
27.198,13.194
27.781,13.187
28.136,12.610
28.395,12.990
28.109,12.387
27.340,13.241
27.238,11.868
27.044,12.015
26.838,12.035
26.314,12.673
24.994,9.409
26.106,9.310
27.853,12.308
27.392,13.381
28.410,13.240
28.392,12.234
26.937,11.404
25.913,10.752
25.872,10.517
26.900,9.861
26.438,10.011
25.174,10.197
24.747,13.207
24.101,8.781
22.585,7.756
22.323,6.123
22.598,5.733
21.046,4.409
21.232,4.678
22.155,5.547
21.719,5.702
22.026,5.163
23.566,4.994
23.859,7.604
22.587,7.643
22.972,5.045
23.618,6.436
25.048,6.917
25.968,7.760
25.840,7.730
26.891,8.221
28.391,11.355
23.167,15.034
22.114,14.215
22.403,11.987
21.603,9.955
24.124,9.942
25.978,14.091
25.768,14.401
25.643,13.965
24.677,13.516
22.358,9.546
21.443,8.841
20.567,7.478
20.398,6.433
20.548,5.472
21.775,6.145
23.994,7.123
24.670,9.222
25.737,8.049
24.985,12.140
23.913,10.488
21.715,10.647
21.490,6.438
23.607,4.269
23.853,6.834
24.497,6.843
24.928,7.992
24.867,10.680
25.078,8.175
25.146,9.894
24.380,7.267
23.827,6.249
24.099,8.709
23.560,7.589
23.717,6.207
25.236,6.906
28.555,7.656
28.861,11.314
29.725,12.593
33.892,15.464
23.999,11.881
22.967,6.826
23.974,5.331
24.627,5.441
28.455,9.350
32.132,14.765
30.915,14.050
30.737,17.640
28.365,15.008
28.573,12.272
28.544,11.452
27.701,11.364
30.205,12.025
32.865,11.912
33.100,16.590
33.892,15.723
33.363,16.099
32.556,16.335
30.762,12.045
32.524,13.363
31.061,12.070
31.629,10.479
31.729,10.732
32.564,10.911
33.537,14.424
34.420,14.176
36.550,16.408
34.474,15.544
33.390,14.129
33.102,14.464
32.805,13.726
33.718,12.180
36.778,15.042
32.029,17.599
31.721,13.752
32.477,15.741
32.604,14.645
34.315,14.451
36.131,17.944
36.110,18.958
37.648,17.779
39.385,18.911
37.451,20.553
36.847,17.587
37.162,16.249
37.790,17.235
38.841,17.598
40.063,17.890
41.107,19.879
39.164,20.099
38.040,19.824
40.343,20.523
41.842,20.682
40.933,23.869
44.335,24.426
40.903,24.961
39.892,24.001
37.410,22.994
40.776,22.755
41.061,22.327
38.815,23.364
40.276,22.633
35.589,22.642
38.345,21.192
40.067,22.600
40.193,23.530
40.461,21.764
39.660,22.120
40.991,21.204
42.081,22.206
41.967,23.600
42.704,23.595
40.354,25.492
40.904,24.567
41.575,25.423
42.885,23.370
42.336,25.112
41.999,25.668
42.387,24.870
41.751,25.255
41.469,24.164
41.982,22.620
41.260,24.228
40.295,24.502
42.048,24.497
44.998,24.461
39.661,24.863
42.559,24.896
46.005,25.007
43.882,27.110
42.508,27.680
42.916,27.492
47.621,27.321
43.661,27.801
44.366,28.600
44.548,29.309
43.900,26.200
43.884,26.224
45.540,24.679
46.088,27.414
46.210,29.188
46.393,29.824
46.388,27.776
45.671,25.840
46.089,25.008
45.899,24.715
46.080,26.047
47.653,26.812
44.892,30.611
45.555,29.445
46.622,29.597
48.507,29.476
46.353,31.242
47.653,31.060
47.041,31.409
46.793,30.538
47.374,29.070
46.333,30.196
45.194,29.959
43.773,29.675
43.912,28.660
44.460,26.894
44.988,27.981
46.238,27.688
46.996,31.023
46.886,32.077
47.279,29.713
46.533,30.047
45.251,30.897
41.775,29.286
38.157,27.369
38.374,27.814
38.106,28.253
38.454,27.487
31.725,26.319
31.435,25.571
34.075,25.508
37.246,26.408
40.618,27.309
42.610,27.236
41.702,28.369
42.997,28.303
45.327,29.253
41.646,31.095
36.525,28.891
35.979,27.259
31.638,26.969
31.049,26.593
32.107,26.073
31.672,26.037
32.779,26.234
30.861,25.841
33.127,25.574
34.905,26.171
31.566,26.009
34.169,26.205
33.859,27.076
33.998,26.653
32.202,26.356
33.057,25.099
35.171,26.338
33.820,26.563
31.460,25.423
30.407,24.970
32.732,25.383
32.787,25.636
29.725,26.092
31.796,25.556
31.928,24.816
32.286,24.762
31.552,25.661
29.846,25.589
30.437,24.700
29.972,24.559
28.358,24.989
34.587,24.851
32.257,25.079
31.524,24.865
28.921,25.208
30.438,25.226
32.614,25.248
32.178,24.887
31.255,25.327
33.411,24.365
29.894,25.621
32.214,24.648
30.278,24.371
32.363,24.169
32.715,24.449
33.254,24.199
32.435,23.985
33.031,24.844
33.425,24.667
32.344,25.638
33.354,24.870
31.810,23.782
30.756,23.321
31.583,23.146
35.160,23.377
33.041,24.256
32.634,24.309
33.281,25.004
34.225,24.074
34.349,24.371
34.572,23.514
36.912,23.865
34.435,24.763
34.555,24.170
30.023,24.676
29.013,25.226
28.664,24.645
30.632,24.038
33.342,22.376
27.522,21.736
29.597,23.986
31.704,24.147
34.083,22.818
32.604,23.841
31.975,24.078
32.439,23.865
30.245,24.098
26.568,23.637
30.111,23.267
31.677,23.103
32.942,24.005
32.697,23.086
32.477,23.230
30.930,20.764
30.996,19.712
30.613,18.999
31.020,18.420
31.166,19.043
31.825,19.823
31.990,19.500
34.407,20.244
34.862,21.395
35.864,22.201
34.210,22.586
33.103,22.805
32.830,20.442
32.111,18.227
33.652,19.071
31.517,18.008
28.268,21.467
25.629,19.101
29.979,18.346
30.994,16.895
32.719,15.645
32.074,14.704
30.849,14.420
30.096,13.499
30.110,12.898
30.073,13.881
31.120,13.405
31.048,12.674
29.970,12.551
30.349,15.579
29.745,13.502
29.800,12.783
31.001,15.042
30.760,13.855
29.534,13.203
28.953,12.121
29.621,11.330
30.185,11.275
30.296,10.880
29.947,10.712
30.764,12.647
19.863,14.434
25.348,13.134
22.540,16.974
23.227,16.670
27.769,17.361
29.098,14.983
28.615,13.926
27.601,11.678
27.677,11.442
28.396,12.222
27.881,11.256
27.648,11.273
26.695,10.578
26.552,8.726
27.666,10.851
27.962,10.400
28.316,11.803
27.529,11.586
27.587,9.735
27.743,10.365
27.709,10.077
28.072,9.626
27.294,11.958
26.968,9.876
26.331,11.101
25.847,9.171
26.020,7.976
27.048,9.798
26.203,8.987
25.635,8.878
25.765,8.174
26.914,10.628
26.202,9.313
26.100,9.837
26.451,10.178
26.466,9.484
27.364,8.620
28.388,7.390
29.334,13.054
26.357,11.559
25.744,9.975
27.168,10.613
26.292,10.616
26.202,8.338
27.061,13.203
25.440,11.479
25.237,10.439
23.865,8.814
22.582,3.345
21.538,3.126
21.191,2.062
22.399,6.381
21.877,5.874
21.359,3.143
20.868,2.699
22.067,4.125
23.732,2.719
23.111,2.455
25.363,6.728
25.647,7.217
26.635,9.326
24.024,10.464
22.255,5.545
22.253,3.652
22.058,3.790
20.134,5.402
18.352,2.580
19.210,0.799
21.436,2.615
21.398,4.090
21.529,2.232
23.947,5.140
25.728,6.697
24.943,7.021
27.165,7.691
29.018,9.275
29.922,11.825
27.839,10.207
24.758,9.618
23.655,5.587
23.843,3.413
23.371,2.629
23.456,4.631
22.767,4.987
23.240,3.882
24.140,3.708
24.165,3.303
24.362,4.854
25.631,3.727
26.466,5.958
26.489,9.106
27.129,6.060
27.590,7.133
29.047,8.343
30.698,11.599
32.574,12.363
27.982,14.444
28.350,12.640
26.534,8.731
27.740,5.069
28.555,7.158
29.606,7.649
30.763,10.053
31.315,12.370
29.292,13.418
24.801,12.274
25.033,14.225
24.700,10.571
24.368,10.192
26.491,7.904
27.972,10.319
28.351,10.139
31.163,9.795
30.804,15.325
30.301,14.236
30.262,13.076
31.665,11.332
34.421,16.489
30.780,14.347
29.668,12.302
31.875,12.854
32.293,13.359
33.420,13.503
33.805,12.858
33.171,12.170
33.195,13.191
33.579,15.160
33.444,12.975
35.684,15.661
34.699,15.473
35.239,15.609
38.227,18.126
36.775,17.107
36.750,20.059
33.178,18.692
34.359,18.434
36.286,17.405
37.063,17.320
37.360,17.249
37.792,18.852
38.895,19.362
38.940,20.222
37.979,20.474
37.368,21.091
37.844,20.637
37.471,20.449
38.730,22.721
38.172,21.357
37.800,21.339
38.316,18.738
39.567,18.212
39.418,23.572
38.760,24.508
37.847,21.767
38.412,20.784
39.886,18.984
40.656,19.239
40.832,19.591
43.810,20.554
42.097,21.345
43.208,25.043
42.503,22.918
41.910,24.833
39.128,25.101
40.962,24.488
40.728,23.629
43.576,24.029
43.086,24.921
35.563,23.213
30.941,21.484
34.067,19.137
35.748,19.915
37.360,20.786
41.908,23.034
41.852,24.660
42.213,25.696
42.123,25.471
41.922,24.331
43.871,25.569
44.163,25.952
44.738,27.801
43.650,26.118
45.280,24.159
43.559,27.126
42.452,24.430
42.281,25.129
41.909,26.414
44.513,26.418
44.353,27.326
44.716,26.938
43.632,28.919
42.043,27.242
41.054,24.762
44.485,24.512
43.950,28.014
46.322,26.499
45.349,26.530
44.351,27.884
43.626,28.245
43.277,28.127
48.119,27.641
44.519,29.979
44.306,28.700
44.158,28.855
43.358,29.708
43.212,29.628
44.252,27.007
35.564,28.452
29.022,21.858
23.832,22.013
32.698,21.942
37.329,24.941
41.992,25.345
43.193,28.030
41.773,29.911
42.818,29.408
41.178,28.985
43.955,27.873
42.864,29.703
43.676,31.351
39.775,30.085
40.484,29.240
35.641,28.492
30.864,27.122
30.941,26.084
32.896,25.814
35.665,26.009
37.573,27.606
38.390,26.753
37.890,28.150
40.320,26.781
39.648,28.048
38.111,29.733
34.390,28.214
29.428,26.869
31.263,26.404
35.415,25.800
34.123,27.059
29.130,25.506
30.024,24.969
32.921,25.471
32.949,25.560
35.260,26.074
37.270,26.347
34.973,27.188
36.160,27.531
36.063,27.373
40.570,26.902
38.648,27.586
37.196,28.317
33.576,27.449
32.771,25.803
34.416,25.790
33.471,26.623
34.418,26.214
35.535,27.091
34.134,26.794
36.163,26.460
33.413,26.662
30.228,26.435
30.118,25.523
31.613,25.750
31.944,26.213
30.679,25.970
33.583,25.927
28.725,25.732
29.135,24.762
31.265,24.628
32.581,24.157
32.674,24.947
29.294,25.387
28.568,24.767
31.186,25.061
34.546,24.190
31.366,25.581
34.037,24.944
31.819,25.005
32.412,25.121
31.417,24.794
32.161,25.186
29.539,24.467
32.998,24.923
31.079,24.594
32.310,24.820
33.995,24.022
36.169,25.195
32.124,25.015
32.257,25.359
30.515,24.582
30.243,23.862
27.537,24.133
26.294,24.501
30.201,24.954
31.903,24.336
33.808,23.288
34.381,25.567
32.780,24.731
31.920,24.612
25.805,22.819
30.109,22.083
31.382,23.029
33.054,23.871
33.408,24.068
30.218,24.333
32.747,24.070
33.351,24.303
34.004,23.738
34.410,24.171
33.434,22.529
33.683,21.674
33.650,22.057
34.289,22.734
33.662,23.194
32.643,22.949
35.414,23.097
35.442,23.678
34.772,23.277
36.710,23.143
35.064,22.584
34.220,23.582
28.899,24.049
29.978,24.608
32.341,23.779
33.106,23.218
33.392,23.190
34.631,23.631
31.826,24.339
32.008,23.998
30.640,23.930
29.639,24.449
28.580,23.358
25.219,22.292
24.361,22.782
25.744,22.276
29.512,22.456
29.754,24.062
29.102,23.648
29.531,23.222
29.190,22.018
29.840,23.049
29.675,22.137
30.033,21.426
30.789,20.989
29.669,21.289
25.095,22.790
27.762,23.185
24.183,21.325
27.380,19.273
28.242,19.839
29.829,20.339
30.991,19.485
29.224,20.117
29.435,18.553
29.696,17.725
29.244,18.650
28.508,19.091
26.158,21.821
26.078,20.437
27.679,18.470
28.801,18.058
28.679,16.757
29.093,14.842
29.134,15.205
29.776,15.025
29.470,15.866
30.475,16.871
28.401,15.300
27.830,12.597
26.676,11.905
27.667,12.324
28.306,12.492
27.145,12.165
27.005,14.505
26.151,13.932
25.804,12.167
25.055,11.796
25.409,10.574
26.070,11.543
26.487,12.949
26.327,13.415
26.725,13.561
26.168,12.091
26.183,11.015
25.780,9.885
26.138,10.400
26.500,11.077
26.289,10.123
25.875,10.706
25.728,11.653
27.096,11.162
27.032,12.565
26.848,13.673
26.745,14.082
26.279,11.422
25.453,9.510
25.806,7.841
26.056,9.777
24.763,8.932
24.903,8.241
25.284,9.516
25.445,8.940
25.935,9.658
25.448,9.796
25.087,10.910
24.784,9.873
25.438,9.113
23.880,8.184
24.848,7.905
25.424,8.760
24.561,9.688
23.833,8.773
24.356,9.347
25.615,11.117
25.864,12.062
27.706,13.244
27.097,11.424
24.820,12.791
22.955,10.031
22.926,8.656
23.870,8.084
25.697,9.433
25.432,10.999
25.414,8.395
25.192,9.948
25.486,11.489
25.262,13.123
22.131,9.242
21.673,6.362
25.217,8.729
24.709,11.532
22.299,8.125
21.537,3.845
22.878,4.018
21.963,7.866
24.100,12.294
19.034,10.980
21.297,7.232
21.905,7.377
22.320,5.831
23.236,7.505
25.148,8.957
27.057,12.296
22.112,12.361
21.714,8.010
23.922,4.135
24.156,6.508
24.095,9.255
25.834,13.079
24.765,12.415
22.950,9.781
22.466,6.696
23.650,7.364
24.016,7.008
23.643,6.955
23.876,5.916
23.720,6.994
23.982,7.335
25.504,6.627
28.101,10.233
28.836,9.894
28.435,12.742
29.570,12.186
30.633,12.604
28.262,13.665
25.934,11.471
26.613,8.213
26.340,10.388
27.233,6.576
26.493,12.383
26.357,13.240
22.317,12.780
22.622,10.915
23.993,9.063
24.822,7.830
27.131,7.531
29.746,9.342
28.863,12.278
26.336,12.816
28.367,14.818
28.541,12.845
30.124,12.289
27.331,15.388
28.361,15.760
26.020,17.071
28.406,17.427
27.262,15.043
26.412,12.306
27.862,12.590
28.463,14.278
29.309,13.898
29.583,13.909
28.997,13.561
30.586,12.604
32.225,15.593
33.317,16.400
32.441,18.346
31.988,17.856
32.603,15.236
33.588,15.166
33.793,16.900
35.962,17.711
35.428,18.490
33.727,18.122
33.356,15.250
37.952,17.269
35.309,19.203
36.000,19.353
37.144,21.295
37.202,20.799
39.105,19.985
39.529,23.191
39.913,22.680
39.666,24.080
37.767,23.519
37.862,21.630
38.637,21.058
39.934,21.715
36.417,19.727
37.477,18.950
39.786,19.709
41.006,23.021
41.200,22.519
38.647,23.671
38.472,19.322
39.437,19.048
40.296,20.133
40.313,21.913
39.546,24.502
40.161,21.380
41.210,23.383
41.292,21.442
41.884,22.044
40.905,27.035
40.349,24.037
39.998,23.304
41.521,23.515
41.820,24.759
41.360,25.399
42.073,23.801
43.160,24.379
43.874,24.420
43.044,24.476
42.825,22.959
43.178,24.300
45.560,26.026
43.747,26.503
45.884,27.454
41.709,26.770
44.073,27.032
42.598,25.764
41.150,28.229
42.534,25.318
44.255,28.801
42.537,31.313
44.412,26.557
43.029,29.222
42.606,27.135
42.781,28.585
41.332,28.990
41.779,26.075
43.808,29.011
44.183,27.703
43.773,25.997
44.897,23.869
44.563,22.886
43.301,25.113
45.405,24.759
44.605,29.483
41.180,29.375
32.500,24.831
27.183,23.241
23.997,21.871
39.138,22.150
39.629,25.027
39.852,25.692
38.485,26.352
38.284,27.725
42.303,27.468
43.680,29.723
47.907,30.036
46.220,30.050
47.027,30.741
45.417,31.610
46.365,29.662
49.783,31.853
46.029,31.670
45.533,28.413
44.083,30.271
43.303,28.321
42.228,28.981
42.239,31.410
46.097,29.478
39.693,30.366
38.847,28.633
37.581,28.980
39.653,28.209
40.280,28.293
42.669,28.113
41.718,29.056
41.721,29.424
42.127,28.916
40.980,29.925
39.616,28.338
41.104,28.693
41.527,29.332
38.318,27.414
28.884,24.737
25.920,24.338
25.291,24.789
27.108,24.478
31.793,25.448
34.770,25.926
35.269,26.009
36.992,27.062
37.382,27.155
34.446,27.805
35.124,27.323
33.268,27.454
32.666,26.748
30.921,25.973
28.880,26.502
31.618,25.951
29.586,26.670
30.739,26.073
31.158,25.866
27.325,25.724
28.455,25.153
31.926,23.774
31.161,23.229
29.500,25.129
31.903,25.251
33.107,26.387
31.822,25.561
31.386,25.280
31.999,25.677
31.783,25.983
