20000101
23.893,6.172
24.391,6.320
23.738,7.333
23.960,8.312
24.087,6.803
22.307,6.638
22.726,6.870
22.958,6.670
24.373,5.403
27.078,6.684
27.418,7.829
27.561,8.153
27.070,10.312
27.157,11.773
27.356,9.726
24.852,13.186
23.213,8.308
23.454,7.721
24.147,8.522
25.833,10.159
25.289,6.602
27.452,9.503
27.067,9.096
25.726,8.763
25.717,7.963
26.740,5.696
27.735,8.682
27.209,8.824
25.417,12.165
25.500,9.479
27.817,8.611
30.662,13.244
26.826,14.449
27.352,9.598
28.621,9.913
26.341,15.164
21.070,16.003
24.958,11.496
25.910,9.373
27.110,8.906
27.014,8.412
24.790,12.649
25.925,13.655
27.112,11.388
27.109,11.936
26.666,9.868
27.697,7.864
28.556,9.474
28.153,9.188
28.361,8.326
28.341,7.863
28.509,10.718
29.444,11.196
29.271,9.218
28.224,10.955
28.065,10.900
28.530,11.792
28.450,10.781
29.160,9.579
31.166,11.737
32.921,13.761
32.216,17.951
33.462,13.225
34.933,15.933
36.483,16.306
34.332,14.958
37.400,14.487
34.268,17.676
31.006,15.965
32.132,14.728
36.695,14.007
35.603,15.853
35.110,16.719
33.445,17.576
31.991,15.866
32.933,15.328
34.532,15.620
36.499,14.417
34.995,15.676
34.349,15.441
35.696,13.054
38.684,15.814
33.579,20.216
34.735,18.183
35.243,17.263
36.584,16.785
37.960,16.994
36.542,18.885
38.199,16.526
38.462,16.980
41.315,22.108
41.532,20.905
41.600,24.466
40.973,22.043
40.858,21.422
41.325,20.972
41.486,20.118
41.023,19.952
42.545,21.874
41.664,19.202
40.263,21.396
42.060,19.311
40.458,22.221
41.919,23.838
42.150,22.163
41.945,25.589
40.415,26.361
41.853,25.116
41.747,22.223
43.207,23.052
43.764,24.697
46.217,25.183
43.438,26.322
43.130,25.317
41.444,29.554
43.604,25.944
42.644,23.962
42.339,24.439
43.912,26.091
45.347,26.079
43.526,26.474
44.301,24.725
42.749,23.481
39.233,26.000
39.252,25.593
39.829,25.604
40.843,26.852
42.349,25.160
44.472,27.059
45.025,26.546
44.635,27.816
43.827,28.210
43.736,28.579
44.864,29.662
44.506,32.530
41.556,29.984
40.808,28.545
44.222,29.728
45.453,28.993
44.750,29.693
44.461,27.456
39.184,27.844
33.224,26.387
36.286,25.714
40.834,25.950
42.659,29.476
41.656,30.892
43.595,28.769
45.522,28.976
45.365,29.574
42.058,27.338
42.587,28.728
41.039,29.457
40.383,28.821
40.745,29.039
41.828,29.733
38.821,28.973
34.230,28.231
36.671,27.500
38.887,27.783
36.763,27.974
37.915,28.230
38.480,28.009
41.747,27.527
42.087,29.799
43.280,29.042
37.849,29.426
38.708,28.109
39.363,28.433
36.141,28.218
29.571,26.706
34.844,26.153
35.661,26.643
34.561,26.931
37.085,26.394
38.986,26.740
38.417,27.727
39.125,29.589
38.672,28.806
39.196,28.565
37.485,28.058
38.087,27.244
39.962,27.551
38.238,29.713
37.603,29.082
39.823,28.177
44.213,30.771
44.453,31.096
33.048,26.877
39.022,26.810
39.066,27.043
38.301,28.012
35.793,26.711
34.833,27.299
32.807,26.444
34.911,26.232
35.334,26.854
33.767,26.792
36.374,26.364
34.398,26.645
31.794,25.670
31.934,25.628
27.834,24.744
33.471,24.443
30.540,24.851
32.026,25.197
32.380,25.166
32.212,25.398
32.354,25.104
32.241,25.214
31.909,25.358
34.523,25.184
33.716,26.621
31.983,26.069
33.460,25.562
34.323,25.191
36.747,25.631
36.454,27.268
37.083,27.334
39.486,26.503
36.058,26.964
33.447,26.529
34.272,25.443
32.890,25.283
36.339,26.502
38.240,27.069
39.113,25.653
34.670,25.504
34.595,25.049
35.271,25.397
33.252,25.667
33.828,25.136
35.114,25.814
34.615,26.131
35.990,26.203
36.257,25.770
36.769,25.842
37.679,26.296
37.398,25.930
37.649,25.542
37.444,25.520
36.229,24.955
33.872,25.552
31.585,24.870
26.066,24.921
28.342,24.528
30.997,24.942
34.475,24.226
34.360,24.225
32.413,24.643
32.143,25.733
31.134,25.166
31.767,24.759
30.228,24.402
32.913,23.792
33.223,22.796
33.049,21.167
30.759,22.307
29.187,24.679
33.962,23.917
31.040,25.394
28.201,23.252
27.540,22.681
26.352,22.957
29.643,23.338
29.518,24.051
29.602,23.679
30.136,22.959
32.481,21.607
32.061,21.982
32.240,20.174
33.201,19.954
32.628,19.541
33.035,18.203
32.997,19.236
30.642,20.400
28.611,21.826
34.694,21.473
35.769,21.894
36.078,22.826
35.459,23.056
36.108,24.216
35.894,22.944
35.411,22.746
33.759,21.306
32.698,20.278
33.037,18.425
32.059,16.928
33.117,14.644
32.476,15.475
33.528,17.288
33.941,19.831
34.914,19.600
33.803,20.196
33.907,16.643
33.241,16.254
33.003,17.889
33.892,16.869
33.567,16.534
32.703,17.743
32.196,15.839
30.842,19.838
29.740,17.682
30.443,14.747
31.094,15.484
32.012,16.201
33.184,15.475
31.994,16.331
32.082,16.165
31.136,16.846
31.239,16.284
31.518,14.741
31.595,15.022
31.315,14.129
32.964,14.667
31.778,13.876
30.447,14.138
30.358,12.100
29.551,11.110
31.275,14.638
29.379,11.347
29.319,11.832
29.811,11.703
29.509,13.715
32.397,12.990
31.523,14.614
32.025,13.915
30.583,13.374
29.361,12.547
29.846,14.170
28.367,11.360
28.093,8.038
29.008,9.670
28.199,11.189
28.585,9.558
26.031,10.253
24.912,8.274
24.527,5.944
24.590,8.158
25.104,6.505
25.695,7.936
25.894,6.520
25.570,6.135
27.098,8.071
27.176,9.912
26.454,7.720
24.659,6.406
23.929,5.325
24.282,6.954
24.583,6.053
25.072,6.228
26.474,6.959
26.917,9.173
27.900,11.107
24.576,10.341
24.239,7.007
24.636,6.765
24.980,7.681
25.487,7.159
25.680,7.768
26.343,9.065
26.457,8.792
25.288,7.828
25.354,7.666
25.465,6.504
25.801,7.969
17.407,13.554
25.716,12.223
25.551,10.182
23.270,9.149
22.300,8.510
22.727,3.968
23.354,3.142
24.720,3.416
23.690,9.133
23.542,5.542
22.862,4.294
23.197,2.844
24.358,4.262
24.291,6.181
24.125,2.894
25.806,4.526
26.052,5.424
25.319,6.017
25.746,6.368
26.721,4.128
27.598,6.196
30.276,9.924
27.732,12.801
24.141,10.420
23.813,7.669
25.219,5.475
25.797,7.810
26.266,7.541
27.506,4.605
28.721,8.473
31.455,7.962
31.127,12.712
30.482,15.848
28.604,9.946
28.098,5.984
28.982,13.031
28.405,9.353
29.151,10.750
28.958,9.938
28.022,9.217
28.018,9.407
28.625,9.482
29.353,8.967
31.176,7.666
33.217,9.276
35.220,14.449
34.060,17.523
34.088,12.506
32.272,11.499
33.096,15.556
32.508,13.374
30.176,11.465
31.482,12.237
31.711,13.691
33.216,11.837
36.592,15.107
33.594,13.497
33.628,15.462
31.959,12.623
32.542,19.187
33.645,16.129
34.354,13.840
34.683,13.279
29.028,17.668
32.559,15.912
33.943,12.385
34.410,11.491
33.552,12.104
34.882,12.041
34.689,14.407
34.683,13.154
34.780,13.323
37.416,13.755
36.014,15.062
36.531,16.873
36.196,18.543
36.322,16.891
37.245,15.129
38.634,16.500
39.995,18.142
38.696,22.368
37.000,22.325
36.670,19.653
37.706,19.897
37.536,20.204
38.185,20.410
38.734,21.061
41.048,21.115
41.128,23.554
37.952,22.722
36.759,22.926
37.557,19.521
38.047,19.378
39.079,18.239
40.032,21.731
41.610,24.139
41.787,20.625
40.237,23.490
42.317,23.673
43.461,21.191
42.442,20.371
42.608,25.088
39.153,25.771
37.251,25.563
39.279,23.667
38.659,24.575
41.611,23.908
37.639,21.374
38.514,21.680
38.940,23.371
38.335,23.828
39.409,22.478
40.800,22.693
42.237,21.522
42.585,21.987
44.193,23.306
44.027,24.055
44.716,24.328
45.302,25.861
44.045,26.610
41.445,27.604
44.153,28.567
44.794,28.467
45.459,27.944
43.008,27.419
37.415,27.916
40.561,26.648
42.906,27.677
44.285,28.417
44.696,28.013
41.810,28.485
40.282,26.816
41.483,27.518
44.106,29.460
42.728,30.811
42.383,27.853
40.915,28.718
40.484,27.778
41.213,27.658
41.459,27.952
40.083,27.004
41.052,29.759
43.590,29.093
44.938,30.494
46.011,30.415
46.597,30.173
41.177,30.197
43.218,29.330
42.022,30.372
40.297,29.590
43.429,27.380
40.276,30.861
38.751,28.869
38.098,28.095
37.844,28.728
39.029,27.830
40.402,29.017
41.199,28.485
42.243,28.313
41.553,29.441
41.026,29.368
40.323,28.506
38.926,29.316
37.483,29.087
31.795,26.842
29.442,25.572
32.688,25.034
32.949,24.880
32.800,25.569
36.829,26.105
31.985,26.873
35.010,25.895
30.232,26.398
33.447,25.647
32.609,26.167
33.957,25.764
32.493,25.883
32.788,26.249
33.073,26.073
34.434,26.576
32.746,26.411
33.029,25.974
34.906,25.996
34.291,26.995
34.071,27.125
36.598,26.917
38.962,27.024
35.019,27.546
36.139,26.755
33.679,26.475
32.269,26.565
32.928,25.920
32.406,25.367
30.517,25.229
35.605,25.240
33.089,26.267
29.532,25.485
33.507,25.410
33.404,25.548
32.902,25.336
32.657,25.893
31.442,25.452
33.471,25.696
33.505,25.725
33.895,25.901
33.716,25.892
35.328,26.541
33.537,26.552
31.906,26.206
29.928,25.551
31.072,25.273
33.214,25.257
35.273,25.347
34.887,25.912
32.932,26.291
33.125,25.727
31.975,25.476
32.139,25.630
32.476,25.259
36.624,25.313
36.319,26.113
33.981,25.771
34.705,26.181
33.723,26.025
37.589,25.982
35.343,26.635
32.936,26.236
34.534,25.547
38.906,25.218
37.225,26.397
34.245,26.629
35.893,26.417
34.114,25.976
34.377,26.523
32.832,25.877
33.939,25.920
31.011,26.315
32.069,25.469
31.561,25.489
34.098,25.542
33.300,25.307
32.450,25.880
29.950,25.254
29.951,25.338
31.160,25.025
31.788,24.806
29.516,24.982
29.428,25.407
29.707,24.539
29.837,23.928
30.282,23.152
27.970,23.252
30.313,24.111
32.332,23.966
26.823,23.228
32.808,24.140
31.505,24.237
31.743,23.703
32.374,25.077
31.887,24.412
32.343,21.971
32.685,20.722
34.743,22.388
33.387,21.500
33.521,22.903
36.353,21.606
34.355,23.782
34.580,23.520
36.317,23.643
34.801,24.077
32.318,23.778
32.283,24.819
31.658,24.726
31.837,24.572
30.733,24.282
31.915,24.585
31.638,25.017
29.100,24.281
29.901,23.612
31.430,21.572
32.746,22.858
34.143,22.560
33.243,21.694
33.002,20.785
33.102,20.203
32.319,18.677
32.278,20.021
32.944,18.993
33.224,16.575
32.826,16.799
32.160,20.446
32.012,17.243
32.736,15.966
31.866,16.681
31.333,17.689
32.538,16.308
31.784,19.253
32.159,18.623
32.705,16.357
31.903,17.395
31.085,17.149
32.584,19.107
31.995,18.846
32.012,18.532
32.876,18.845
32.861,17.797
32.631,16.087
33.507,17.998
33.925,16.700
33.098,16.926
30.623,18.208
30.545,16.807
30.715,15.141
29.662,14.069
29.071,13.871
28.791,13.464
29.355,13.169
29.354,13.679
30.214,12.264
30.755,13.982
32.446,19.329
29.705,15.230
28.519,11.742
29.003,12.223
28.995,12.817
29.700,14.071
29.142,16.193
28.612,12.310
28.296,11.653
28.067,11.161
28.562,11.394
27.647,10.933
27.936,10.986
26.571,11.463
26.090,10.574
25.807,10.080
26.442,10.151
26.750,9.709
27.260,10.809
27.511,9.965
26.336,8.476
27.064,8.897
28.058,9.309
27.299,8.583
26.158,8.239
27.027,8.383
26.173,7.665
25.415,7.911
25.087,7.890
24.427,10.083
26.103,7.608
24.812,8.701
24.433,7.062
25.598,10.076
24.155,8.170
24.489,7.151
25.396,6.358
24.723,5.475
24.690,4.805
24.293,5.787
25.597,6.239
24.585,7.397
25.443,7.863
25.132,8.014
23.581,7.465
22.901,3.675
23.330,5.275
24.219,4.129
24.218,6.418
25.011,5.457
24.895,5.085
25.304,5.815
26.164,7.360
24.060,5.071
24.648,8.674
26.133,9.571
24.489,7.578
26.816,8.260
27.381,7.654
28.031,10.189
30.970,15.518
28.777,14.845
31.006,15.442
28.944,13.817
29.732,13.980
24.811,11.358
21.441,14.733
24.365,12.407
24.531,10.134
24.394,8.712
26.445,7.411
28.609,12.339
18.719,10.306
22.575,9.599
23.017,6.935
24.063,8.797
24.476,5.334
26.144,8.669
26.193,10.329
26.815,9.189
26.115,5.765
29.503,9.073
30.614,14.713
20.033,16.573
30.117,15.524
29.794,14.308
31.376,12.499
23.747,15.039
27.368,12.860
26.711,11.456
28.270,11.816
29.933,11.092
30.778,11.244
31.378,11.311
32.213,15.576
33.136,16.423
32.738,15.505
32.764,12.376
33.651,11.622
34.726,15.062
31.208,18.695
31.133,15.763
31.772,14.622
32.003,14.462
32.984,13.632
36.535,16.769
34.815,18.621
30.867,15.179
31.644,14.497
32.184,14.630
32.171,12.222
35.690,13.424
37.376,20.153
36.975,18.817
36.558,18.162
35.056,18.192
35.879,19.391
36.188,20.810
31.311,19.573
35.513,19.236
35.162,17.215
36.811,16.397
38.598,16.770
37.951,17.505
38.216,18.376
38.789,18.495
38.695,20.621
39.090,19.692
39.256,19.023
39.497,22.207
38.048,23.375
38.559,21.524
36.731,20.682
37.264,19.328
40.684,20.296
41.234,22.342
38.900,24.510
36.931,22.440
36.850,19.780
40.224,21.729
40.032,24.007
42.672,24.027
42.102,22.509
39.997,25.160
40.544,25.719
39.022,23.822
39.650,24.050
40.342,22.861
39.840,23.110
41.324,23.184
42.351,24.585
43.939,25.407
43.414,24.299
44.021,25.890
45.129,23.124
43.814,25.108
43.663,26.424
44.063,26.498
41.171,26.613
44.054,26.804
39.696,27.657
40.820,23.754
43.715,23.626
46.062,25.846
41.438,23.817
42.958,24.062
44.620,26.622
43.525,25.392
41.500,25.568
42.920,25.855
42.658,27.662
43.164,27.218
43.634,28.270
44.345,28.743
43.484,30.137
45.873,29.560
43.637,29.239
43.638,30.100
42.978,30.842
39.643,28.395
40.031,28.317
40.184,29.290
43.596,31.137
47.082,30.261
46.619,28.555
46.152,32.851
45.627,24.884
48.434,28.600
43.733,29.322
41.793,28.773
42.216,27.890
40.410,27.808
39.957,26.301
38.366,27.655
38.163,28.060
39.666,26.740
41.886,27.405
42.445,28.183
43.345,29.105
44.100,31.518
43.314,30.117
42.956,29.721
42.742,29.997
44.265,29.436
41.965,30.913
40.897,29.251
36.930,27.459
36.858,26.828
42.012,27.389
42.926,28.751
42.780,30.319
43.176,29.926
43.770,29.649
43.047,30.409
43.625,30.552
43.902,30.923
43.867,30.102
41.355,29.802
31.563,26.537
39.404,26.040
36.763,27.898
36.103,28.233
38.954,28.697
39.175,29.132
40.520,30.379
41.375,30.390
39.711,28.847
35.421,27.960
32.117,26.627
27.493,24.764
29.484,25.675
37.278,25.474
39.361,28.698
40.170,29.235
41.164,29.133
42.092,30.673
43.938,31.586
42.502,32.079
43.045,30.693
42.459,29.367
37.481,28.449
37.945,27.422
36.718,27.740
37.214,27.544
36.739,27.317
36.503,27.389
32.781,26.703
31.852,25.368
35.753,25.509
37.574,27.559
38.130,29.356
37.983,28.464
37.984,26.338
34.472,27.110
43.768,27.986
39.068,28.963
39.296,26.773
38.339,27.145
35.122,27.363
36.116,26.669
33.545,26.026
33.487,25.647
32.941,26.421
32.912,26.639
36.758,26.231
38.346,27.011
31.034,26.681
31.274,26.285
27.564,25.441
28.655,24.375
30.490,24.610
30.172,25.516
31.422,25.133
30.444,25.516
31.033,25.353
33.275,24.727
32.699,25.538
28.760,25.145
30.424,24.872
32.038,25.153
32.320,25.242
34.737,24.055
34.081,25.026
32.993,25.268
32.680,25.312
32.533,25.565
31.315,24.209
31.188,24.312
32.670,23.955
30.773,24.577
30.140,24.662
31.995,25.180
32.474,24.762
31.709,24.865
31.841,24.495
32.245,24.821
30.874,24.813
32.081,24.847
30.521,24.340
30.357,24.767
32.595,24.160
32.689,23.828
33.096,24.422
32.992,22.839
33.290,23.494
32.801,23.133
33.119,21.469
35.001,22.782
34.926,23.580
30.683,24.838
28.808,25.015
30.909,23.612
28.868,22.296
30.082,22.031
31.211,22.974
30.618,22.641
30.554,23.337
32.975,22.396
33.883,21.310
31.601,20.322
32.234,20.825
33.504,19.356
34.824,21.473
35.197,22.109
35.689,22.265
31.449,22.530
32.507,20.732
33.316,19.943
32.714,20.649
33.819,19.037
32.528,19.826
30.753,21.152
32.221,21.046
33.079,20.953
32.956,20.317
24.643,21.107
29.634,18.679
31.496,19.628
31.272,19.306
32.344,19.039
32.427,16.980
32.689,17.914
31.043,17.129
29.943,15.982
29.641,15.583
30.017,16.175
31.103,16.245
32.006,16.016
32.539,16.786
32.761,16.277
31.398,14.691
31.710,15.857
31.863,15.339
31.484,15.709
30.561,15.730
32.147,16.356
32.177,17.549
31.748,19.988
31.785,17.589
31.073,18.157
28.236,19.199
29.406,17.431
29.359,16.046
28.371,14.578
28.925,13.868
28.364,13.778
28.530,13.330
28.241,13.980
29.202,13.483
30.241,13.556
28.871,12.674
29.923,13.635
29.629,13.909
29.208,13.180
28.275,13.365
28.981,14.450
28.468,12.918
28.204,13.387
27.866,11.737
28.280,10.141
27.243,10.890
27.304,9.030
27.503,8.712
27.276,8.867
27.898,9.123
28.723,10.977
27.496,10.863
28.049,10.942
26.518,10.238
26.074,6.861
26.604,6.842
26.271,7.906
26.043,8.341
26.471,9.973
27.115,9.829
27.158,10.398
27.448,11.387
28.052,11.243
28.815,10.376
28.282,13.358
27.356,11.719
25.779,8.339
26.226,9.419
26.754,13.782
25.551,9.942
25.404,10.898
24.439,11.309
22.808,7.684
23.096,5.852
26.866,7.576
21.453,11.312
22.720,8.261
24.238,6.209
23.091,10.191
23.045,9.007
22.730,6.506
22.765,5.145
22.603,6.937
22.052,4.121
22.234,2.758
22.605,5.948
22.883,6.785
22.896,3.956
22.140,5.851
22.876,3.955
23.325,3.362
24.130,4.282
25.084,4.133
25.587,6.222
25.665,6.700
23.228,5.942
24.400,6.183
25.205,6.319
25.186,5.750
26.590,5.983
27.138,6.746
29.214,10.638
29.091,8.635
23.036,13.784
26.287,9.511
28.693,11.072
19.438,16.261
22.773,12.266
26.399,15.270
23.401,15.235
27.665,15.992
27.837,14.144
28.806,11.970
29.991,12.617
29.710,13.331
30.323,14.216
31.411,15.164
29.014,16.578
28.812,15.820
28.961,11.641
29.662,10.515
29.739,10.056
30.087,11.006
33.130,13.974
33.733,15.099
29.677,14.962
27.657,14.818
28.591,12.822
29.087,11.140
30.329,11.855
32.287,16.469
32.077,16.060
33.174,15.354
33.980,15.100
35.458,20.020
36.794,18.646
37.535,17.155
32.632,18.157
29.225,12.494
30.408,12.385
31.319,13.619
31.276,13.139
33.555,11.898
34.399,12.905
35.523,18.278
33.583,18.177
32.911,17.085
33.555,18.205
33.270,18.026
37.346,19.044
36.048,18.686
35.782,17.852
35.592,18.356
34.403,17.507
34.932,18.021
36.941,17.776
37.037,16.549
38.714,20.934
37.864,19.682
38.028,18.948
37.794,18.946
38.232,20.342
37.668,20.651
39.623,20.322
38.218,24.516
38.420,22.433
39.553,17.866
41.487,20.053
40.471,24.378
39.725,24.792
39.586,21.849
40.473,23.414
39.927,20.948
40.713,19.915
41.004,21.757
41.959,20.064
42.973,21.937
43.620,25.366
42.951,22.072
43.370,24.790
42.862,24.446
41.302,22.880
43.048,23.967
43.992,25.619
42.566,24.712
42.158,26.277
42.396,21.989
42.549,21.062
43.699,24.871
42.971,26.894
44.941,29.066
47.550,27.432
42.098,28.799
40.100,27.290
39.159,25.287
37.840,24.393
40.594,24.772
43.938,26.115
42.668,27.508
42.065,24.527
43.007,23.059
43.128,22.430
43.662,23.381
40.497,25.043
41.539,22.504
43.016,24.995
43.049,26.579
42.167,27.813
43.322,28.128
46.325,28.978
43.988,30.695
45.316,25.941
45.121,27.346
44.718,28.593
44.123,29.090
46.161,29.196
42.924,30.086
42.106,27.870
43.771,29.319
44.132,29.088
44.639,26.771
43.861,30.866
44.859,28.735
45.182,23.097
45.447,25.141
46.004,26.183
45.420,27.525
45.249,30.639
45.437,30.905
45.334,32.452
48.034,31.331
45.968,31.024
41.701,29.903
45.966,29.350
43.754,31.547
45.255,31.415
45.248,29.704
46.134,32.874
47.229,32.248
42.573,31.042
43.346,30.631
43.578,29.941
42.434,30.828
40.125,29.430
39.462,28.369
37.884,27.792
39.569,27.816
32.329,27.093
34.519,26.173
29.385,26.384
39.814,25.928
34.291,28.213
33.219,27.263
33.299,25.988
35.224,26.075
32.922,26.685
36.146,26.504
32.469,26.916
34.472,26.492
35.944,27.302
36.533,26.651
38.131,27.084
41.890,26.946
39.475,27.954
33.439,27.799
36.258,26.651
35.702,26.561
38.588,26.849
35.992,28.460
34.799,27.542
33.814,26.918
34.392,25.874
35.880,26.369
37.662,26.125
38.444,26.847
39.253,28.041
36.792,27.576
33.851,26.530
34.905,26.342
36.918,27.185
32.305,27.424
32.188,26.476
32.398,26.545
34.064,25.939
30.884,26.147
31.696,25.643
27.990,25.516
32.778,24.912
31.195,25.853
32.104,25.151
35.044,25.417
36.239,25.857
34.329,25.827
36.522,25.821
36.345,26.407
37.096,26.257
36.523,26.586
32.052,26.754
31.630,26.076
31.567,26.434
34.160,26.521
30.543,26.326
32.899,26.042
35.477,25.912
33.575,26.583
31.730,25.756
33.366,25.503
35.467,25.787
34.185,25.835
28.333,25.840
30.575,25.814
34.194,25.762
33.061,25.405
32.710,25.448
31.582,24.790
31.743,25.686
31.714,25.333
31.854,25.909
31.516,26.167
28.974,25.155
30.368,24.556
30.931,25.423
31.564,25.282
32.210,25.438
30.067,24.440
29.894,24.872
28.846,25.263
31.558,24.371
35.756,25.243
35.384,25.105
30.170,25.665
31.043,24.979
32.015,24.989
31.893,24.885
33.448,25.491
32.238,24.727
33.624,25.080
33.852,25.337
35.066,25.156
35.290,24.214
33.466,24.387
31.920,24.782
30.295,24.304
31.914,23.898
31.504,24.134
31.947,23.939
31.184,24.692
32.298,24.100
31.914,23.446
31.356,22.632
31.300,21.119
31.204,18.658
32.161,22.344
25.649,23.547
23.383,21.462
23.564,21.951
23.212,21.792
30.118,21.374
32.164,20.340
31.273,19.557
30.692,19.603
29.520,16.114
29.308,16.170
31.622,15.576
31.654,18.318
31.971,19.058
31.293,22.721
29.627,21.730
30.817,18.511
28.928,20.313
22.674,20.625
21.817,19.760
20.162,19.247
24.390,19.875
26.755,19.390
28.235,17.492
26.699,19.791
30.095,19.446
26.886,19.725
28.047,18.977
23.209,18.536
28.668,16.841
28.637,16.653
28.428,16.732
27.683,16.092
28.490,15.871
27.998,15.336
29.309,16.928
28.119,15.901
27.640,15.195
27.014,13.328
27.360,13.128
26.607,12.450
26.070,12.831
25.835,13.667
26.251,13.578
27.528,14.515
28.038,15.270
27.828,16.222
25.581,13.063
24.917,10.234
25.588,10.336
25.288,9.681
25.668,12.976
25.157,10.776
24.513,10.094
24.166,8.995
23.706,6.548
23.868,7.483
23.516,9.002
23.594,7.489
23.882,10.034
24.222,9.279
24.655,9.464
24.852,10.031
23.811,10.302
25.308,8.398
25.052,9.998
26.075,8.969
26.565,9.772
25.007,8.500
25.702,8.235
26.068,9.166
25.147,10.860
18.407,13.620
24.538,12.578
24.535,10.370
25.177,10.193
25.173,11.138
24.515,10.464
24.069,7.592
24.289,7.851
23.641,9.108
24.113,10.119
23.338,7.166
23.977,5.283
20.190,13.124
20.456,9.952
20.051,5.695
20.714,7.729
21.696,6.841
21.624,5.915
22.116,6.555
20.590,5.500
20.752,3.317
20.624,5.633
21.870,7.172
22.000,8.050
22.142,6.854
22.446,7.940
23.269,6.835
23.540,7.508
22.833,6.625
24.450,7.099
24.386,7.827
23.573,6.695
23.761,6.432
24.735,7.168
23.950,11.453
25.267,8.110
26.576,8.652
26.632,13.354
17.281,12.830
24.580,13.364
22.974,10.825
23.611,8.378
21.685,8.226
21.488,7.543
22.718,5.777
24.240,5.518
25.481,12.802
24.646,10.602
23.691,10.382
21.813,9.221
21.964,6.934
24.184,6.119
23.181,9.656
22.382,7.727
23.555,6.735
25.247,6.039
27.680,6.998
27.774,7.995
29.122,8.931
29.145,11.781
27.199,10.374
27.784,11.119
26.941,10.506
28.548,8.566
30.787,11.419
30.659,11.998
30.837,12.205
29.845,12.037
30.017,12.716
30.266,14.242
30.535,12.860
29.631,13.258
29.923,12.320
30.887,11.959
35.221,16.382
34.350,16.347
34.236,18.243
33.057,16.006
32.265,14.785
33.619,13.962
34.105,16.040
34.577,17.941
34.809,16.044
33.206,14.077
35.375,14.228
32.389,17.668
34.194,17.137
35.624,18.500
36.149,18.830
36.710,18.541
36.882,18.968
37.514,19.029
38.746,19.101
40.418,19.777
39.195,19.756
39.171,21.216
36.864,19.409
40.096,19.564
42.465,22.931
42.199,24.215
40.751,22.429
40.903,21.315
41.461,20.338
39.897,23.250
39.695,21.629
38.760,20.263
39.659,21.918
39.792,20.223
39.664,19.600
40.505,20.172
40.132,22.095
39.440,22.782
41.539,22.776
39.136,25.090
39.899,23.065
39.855,23.027
41.029,22.400
41.395,22.016
42.505,22.173
43.433,21.530
43.932,21.937
43.460,21.727
44.232,25.543
43.690,22.204
43.896,23.128
42.627,24.395
40.469,24.428
43.709,25.413
43.086,25.652
44.279,27.731
39.622,24.847
38.591,23.494
41.987,21.777
39.574,24.737
41.369,24.848
45.286,25.867
40.951,25.411
43.449,27.955
41.075,24.484
41.122,21.524
41.161,20.165
42.794,21.490
42.826,21.798
43.339,23.798
45.794,25.786
44.898,27.205
44.952,28.049
45.543,29.428
45.224,24.589
43.067,30.369
43.466,29.336
45.843,27.700
45.539,27.794
44.513,31.141
44.167,32.245
45.566,30.599
45.868,29.611
44.968,29.799
46.534,28.233
43.873,29.088
45.191,26.426
42.443,27.602
40.740,26.470
41.993,29.496
42.242,28.105
42.858,28.608
44.176,24.854
43.521,28.957
45.240,29.730
43.108,30.185
44.785,29.253
43.641,30.519
43.715,29.146
42.821,29.431
42.001,29.106
42.504,29.670
42.872,29.701
43.092,29.057
41.976,30.274
36.698,29.649
33.440,27.369
27.946,25.960
31.295,26.048
34.463,26.098
37.033,26.420
36.014,26.617
34.096,26.752
33.026,25.627
32.025,24.641
36.580,25.822
39.145,27.181
39.404,28.484
38.417,28.975
39.532,28.263
40.464,29.137
39.624,29.103
41.467,30.009
40.142,29.832
41.599,29.644
38.707,28.946
37.770,27.519
34.169,27.150
34.755,26.530
35.884,27.750
33.565,27.216
31.984,26.292
33.921,25.814
32.821,25.860
35.034,25.478
37.700,26.212
36.602,26.694
38.556,26.523
32.341,26.306
30.582,25.773
32.518,25.947
33.487,25.851
35.033,25.639
36.567,26.364
36.946,26.187
35.831,26.517
35.066,25.607
32.064,26.148
34.445,25.693
36.142,25.753
33.606,26.216
33.735,26.041
34.133,25.826
31.764,25.633
33.350,25.639
34.709,26.068
34.329,25.263
34.764,25.793
33.667,26.078
31.460,25.814
32.707,25.935
30.532,25.721
31.639,25.074
31.891,24.754
31.499,25.380
32.680,26.008
31.629,25.770
26.779,24.933
32.189,24.772
32.052,25.112
33.053,24.875
33.361,26.047
35.756,25.964
33.370,25.073
31.388,25.392
31.177,25.718
30.551,25.069
31.499,24.616
33.606,26.036
31.444,26.583
32.655,25.006
30.913,24.882
31.467,24.344
30.468,25.104
32.679,25.367
33.619,24.837
32.676,25.866
35.297,25.775
34.796,25.474
35.257,25.015
38.319,24.518
36.260,25.497
38.061,25.376
35.656,26.540
36.755,26.029
30.786,24.982
30.292,23.296
28.706,23.172
30.074,21.595
29.538,20.904
28.859,21.253
29.177,22.759
28.158,22.612
26.002,23.807
30.171,24.287
30.167,24.274
31.981,23.533
33.287,24.091
35.299,23.703
33.445,24.164
34.948,24.731
32.668,23.735
34.777,23.495
32.619,23.052
34.809,23.887
34.919,22.582
32.122,23.241
31.723,22.907
32.528,23.567
31.367,23.262
32.140,22.828
28.980,23.657
24.267,21.517
30.654,20.249
33.155,20.789
32.976,20.635
33.615,20.611
32.756,21.838
31.555,19.846
28.073,19.880
27.162,19.310
29.243,16.225
29.493,16.175
29.758,16.798
31.199,18.203
30.539,16.569
30.492,17.108
30.962,17.477
31.293,19.000
32.048,17.567
31.395,16.947
32.200,15.300
31.243,17.532
32.420,15.719
29.769,16.384
29.800,14.811
30.078,16.276
29.472,14.859
28.233,14.431
28.362,13.447
27.482,12.843
28.947,13.234
28.821,14.055
30.206,14.834
30.173,15.869
29.400,15.817
29.694,14.326
29.478,14.999
29.925,15.650
30.114,15.682
29.576,14.936
29.520,14.756
28.962,13.973
28.992,13.528
28.851,12.600
29.060,15.625
29.165,13.049
29.663,12.357
29.169,14.216
28.856,13.244
28.288,13.271
28.173,13.300
28.280,13.117
27.926,12.013
28.440,13.986
28.257,13.310
28.700,12.045
28.897,13.196
27.708,12.842
27.411,10.649
26.512,12.580
26.631,11.498
26.095,10.805
26.954,9.345
26.225,11.005
25.690,12.115
26.459,10.503
26.754,10.342
27.316,11.017
27.428,11.580
26.577,11.874
26.978,13.058
25.702,11.311
27.241,9.563
27.320,10.273
27.443,11.375
27.816,13.758
28.004,12.343
26.594,12.417
25.118,12.106
22.871,13.960
23.420,12.829
24.043,10.240
22.805,7.053
22.503,4.715
23.230,7.158
24.834,8.257
25.454,9.003
27.145,9.359
29.242,11.268
23.534,13.452
28.079,13.286
25.061,10.889
26.322,7.720
26.671,10.151
24.269,9.900
24.882,8.794
26.410,10.053
24.254,12.819
24.285,8.223
24.082,8.030
25.543,8.704
26.997,9.756
27.087,9.160
26.936,9.505
27.084,14.806
23.846,12.000
23.268,8.977
24.110,6.281
25.414,9.311
25.281,11.143
23.544,7.318
23.070,6.772
25.597,10.082
26.886,10.867
21.070,14.064
24.888,10.369
22.110,14.663
19.284,15.322
17.344,14.031
23.183,9.479
24.331,9.670
25.658,7.119
27.785,7.883
28.293,14.121
30.823,12.615
30.451,13.771
29.898,13.685
30.684,14.572
32.552,15.137
33.127,14.697
31.700,17.647
31.656,16.713
31.524,17.135
32.753,15.365
33.452,14.986
33.677,17.125
35.566,17.343
35.205,17.241
33.148,16.379
26.266,16.893
30.296,17.577
29.488,13.003
32.165,15.074
32.318,15.947
32.022,15.443
34.082,15.691
35.776,18.150
36.406,19.371
37.002,20.481
38.338,20.579
37.114,20.126
37.409,20.286
37.626,19.613
35.430,20.546
33.810,20.842
29.650,20.442
33.809,19.276
32.748,16.004
32.479,15.648
33.908,16.364
35.677,15.817
35.947,18.896
38.556,20.922
37.546,22.376
40.148,22.507
38.585,21.203
39.553,20.590
39.751,20.948
37.374,21.446
34.054,22.056
34.160,18.521
35.686,19.632
38.199,18.764
38.507,23.437
38.372,20.520
40.144,22.894
38.994,22.097
36.850,18.565
37.584,18.586
38.762,18.355
38.187,18.357
39.374,20.012
40.091,23.314
42.411,22.209
41.856,23.541
42.708,29.388
40.943,25.866
38.500,23.701
38.132,19.362
38.596,19.619
39.357,21.680
41.864,21.900
42.868,21.122
42.151,23.378
41.216,22.359
42.011,22.167
45.737,24.737
41.978,26.808
42.129,22.953
43.852,24.271
43.394,23.544
41.551,27.481
41.788,27.372
41.324,26.745
42.259,26.240
40.072,23.675
38.419,26.591
39.812,23.384
40.049,26.104
38.471,26.538
39.544,23.513
39.711,26.549
39.019,24.453
41.278,24.496
40.411,25.742
41.652,24.089
43.084,25.192
41.789,24.920
42.144,23.138
43.331,25.022
44.410,22.986
43.096,22.660
44.566,24.298
46.125,25.828
44.864,30.135
43.817,30.648
44.185,26.971
44.166,24.858
45.178,27.023
44.440,28.960
44.289,28.992
45.817,29.601
45.057,26.814
45.587,28.068
45.120,29.032
45.509,25.334
45.032,27.198
45.943,27.185
45.257,32.351
45.221,29.365
44.994,28.257
45.513,29.190
45.650,31.217
44.179,27.046
43.959,30.298
43.669,30.990
44.013,29.859
45.275,26.706
45.867,27.944
46.720,29.274
45.466,27.144
45.816,25.982
46.295,30.867
45.701,30.448
45.877,30.958
46.661,28.660
45.408,29.765
45.717,32.239
46.282,32.131
42.805,33.237
40.980,31.632
37.977,30.323
43.155,29.498
40.314,31.193
38.355,28.851
33.045,27.882
27.612,26.045
31.140,26.109
35.471,25.989
38.096,26.381
36.118,28.259
32.185,26.630
31.576,25.866
32.731,26.305
35.916,26.579
38.805,27.416
37.490,27.226
35.661,28.280
35.251,27.227
30.309,26.353
29.195,25.732
26.546,24.782
30.678,25.099
31.652,25.157
30.587,25.577
34.793,24.932
36.841,26.592
33.697,27.567
35.354,26.019
36.741,27.031
38.194,26.258
34.899,27.062
35.431,26.346
33.904,26.319
32.773,26.155
35.007,25.753
35.902,26.022
35.012,25.257
35.054,25.766
35.111,26.438
39.452,25.635
33.003,27.108
31.064,25.874
33.519,25.565
35.566,25.700
31.284,26.129
33.723,25.032
33.547,25.229
35.340,25.972
33.832,26.149
34.404,25.387
35.935,25.272
36.009,27.122
32.391,25.768
30.866,25.330
35.348,24.677
35.988,25.602
34.186,25.813
31.864,25.215
30.632,25.100
33.325,24.482
31.761,25.536
30.566,24.893
31.979,24.466
32.996,24.398
34.794,23.990
34.974,25.033
33.841,25.418
35.285,24.836
35.727,23.878
35.990,24.915
37.713,26.041
35.922,26.492
35.683,25.337
34.845,24.847
32.136,25.718
32.799,25.120
34.450,24.945
33.009,24.744
32.901,24.780
30.504,24.943
30.287,24.260
29.064,25.334
29.059,24.299
33.641,24.775
33.350,24.483
33.482,24.118
28.354,24.677
32.835,23.356
33.874,24.246
32.501,24.676
32.565,23.919
31.632,24.528
32.205,24.067
34.204,23.954
31.774,23.444
32.467,22.879
32.728,22.400
33.383,22.966
33.494,22.490
36.149,21.460
33.401,23.040
28.537,21.499
28.857,21.523
32.321,20.876
32.071,21.005
32.397,21.639
34.417,20.115
33.850,20.319
33.981,24.472
34.961,21.386
34.465,21.191
32.921,21.317
30.651,22.098
24.378,21.771
31.914,19.879
27.338,22.252
30.466,22.648
26.446,21.466
21.362,19.627
21.860,18.921
26.595,17.434
25.843,20.377
26.406,20.828
30.729,19.272
30.095,19.404
30.763,18.604
30.785,18.734
30.916,17.948
30.354,16.411
30.215,16.876
28.110,17.357
28.318,18.433
29.422,16.062
29.713,14.394
29.728,16.094
29.003,15.626
28.384,13.881
29.160,11.988
28.822,13.893
28.187,14.778
27.774,13.152
28.615,13.907
28.364,14.440
28.060,14.242
27.544,13.831
28.267,14.102
27.879,13.316
26.984,11.885
27.695,10.507
27.310,9.763
27.484,9.975
28.000,13.232
27.481,12.842
29.317,13.211
27.836,11.279
27.383,9.690
27.115,8.789
28.622,9.434
27.912,10.554
28.556,10.801
28.866,11.186
28.766,14.095
27.848,13.221
27.027,13.664
25.496,9.904
25.970,9.011
25.831,9.172
25.950,10.670
26.032,9.266
26.443,10.402
25.087,10.128
25.501,9.846
24.431,9.341
23.644,8.281
24.738,8.277
25.262,8.730
24.936,8.428
25.361,8.263
25.132,7.907
26.019,5.645
27.966,8.426
27.184,9.473
25.596,11.162
26.427,10.695
24.549,11.325
24.888,9.697
25.293,9.376
24.871,6.127
25.081,6.614
25.054,5.828
24.969,5.740
26.843,7.150
27.238,7.553
27.582,6.522
27.571,9.964
25.575,12.014
24.862,9.666
25.709,10.189
25.445,9.346
25.745,8.840
24.950,6.496
25.098,7.818
26.660,7.667
27.993,6.675
26.285,8.897
26.530,6.777
27.662,9.177
29.664,8.246
30.606,12.373
30.864,12.685
30.640,15.448
29.186,14.112
26.846,12.013
26.651,7.983
23.668,11.214
24.881,7.977
24.758,7.341
25.533,8.577
25.870,7.069
27.675,9.995
28.458,10.255
29.696,10.062
29.763,10.304
30.216,10.941
30.649,12.329
29.137,12.540
29.120,12.458
30.745,12.266
30.231,10.482
30.029,10.535
31.295,11.910
29.972,11.664
30.645,11.609
30.835,11.566
31.079,11.640
34.173,15.799
35.587,13.951
35.164,13.802
34.433,16.955
34.572,16.821
34.504,17.624
34.454,14.927
35.475,17.675
36.339,18.663
36.338,15.384
37.155,17.118
36.651,18.469
38.116,18.020
38.151,20.460
35.958,20.379
35.382,20.913
32.331,15.961
32.656,14.560
34.830,14.842
34.967,17.611
35.858,14.841
36.189,17.547
37.043,17.395
36.198,19.941
34.612,18.741
27.021,18.809
30.051,17.907
32.890,19.391
35.708,21.340
35.284,20.499
32.355,17.705
33.144,17.832
33.734,16.908
34.325,16.730
35.574,17.303
37.307,20.121
35.518,20.118
35.575,19.732
37.250,19.555
40.150,21.432
40.484,18.890
38.607,22.127
36.695,19.386
37.570,19.374
36.840,16.466
37.161,18.116
38.826,18.732
40.715,18.538
40.028,20.318
39.488,20.340
39.675,18.854
40.390,21.194
41.667,21.648
42.150,23.005
44.014,24.644
42.101,26.078
42.371,23.021
42.227,23.943
42.374,20.962
43.021,21.071
42.858,22.519
42.223,25.845
36.170,26.930
32.167,21.537
33.770,20.194
37.164,19.388
39.761,23.786
38.671,25.250
39.686,24.852
41.189,24.918
43.260,30.296
42.860,26.175
43.428,26.614
41.030,27.940
41.854,27.331
43.210,25.998
44.230,28.007
45.385,26.699
43.996,27.008
44.023,26.719
44.161,29.409
44.265,25.609
43.140,28.536
41.248,26.701
41.742,28.885
42.353,28.310
40.250,28.582
44.739,28.303
40.139,28.672
40.828,25.738
40.727,26.601
38.012,28.226
41.108,27.303
43.993,28.165
46.968,31.959
42.240,29.459
44.002,29.799
41.847,29.706
42.860,30.465
43.645,31.225
41.865,30.380
40.766,30.273
39.987,29.820
38.887,29.870
42.981,29.651
44.705,28.845
45.376,29.611
44.643,30.324
44.076,30.723
42.572,31.327
38.574,30.134
38.513,28.417
35.351,28.540
29.845,26.412
31.550,26.056
31.182,25.419
37.842,27.007
40.690,27.445
42.269,29.364
43.293,28.357
41.202,27.494
43.735,30.238
42.439,29.208
43.067,29.274
42.334,29.380
44.850,28.343
42.551,29.376
38.711,30.058
35.746,28.146
37.506,27.854
37.069,28.774
35.430,27.634
34.232,28.001
36.541,27.553
35.269,27.407
34.527,27.184
34.921,27.746
36.687,27.869
35.970,27.693
34.977,27.634
33.519,27.230
34.056,27.010
36.059,27.679
34.563,28.153
29.524,26.766
34.022,26.127
27.867,25.444
27.371,25.037
27.693,25.152
29.914,25.189
31.898,25.858
33.780,25.756
29.984,26.323
31.776,25.878
32.796,25.922
34.039,25.910
30.960,25.787
31.079,25.408
32.048,24.643
34.026,24.904
32.441,25.556
34.964,25.525
32.227,26.574
32.706,25.808
33.020,26.229
29.371,25.320
32.166,25.101
33.495,25.479
34.316,25.610
31.953,25.830
31.358,25.686
31.698,24.363
32.042,24.135
32.527,24.024
35.197,25.003
34.658,25.451
38.127,25.443
33.566,26.286
35.817,25.622
35.716,26.077
33.811,25.820
34.385,25.714
34.139,25.994
32.989,25.540
30.919,25.972
30.838,25.559
31.116,25.614
31.517,25.446
32.832,25.559
32.380,25.254
28.123,25.043
31.781,24.512
31.963,25.209
32.929,24.990
30.277,24.910
31.896,24.216
30.186,25.532
29.530,25.217
32.647,25.029
32.423,23.024
33.354,23.170
30.559,24.812
32.317,23.835
31.699,24.744
32.016,24.791
32.642,25.265
31.771,25.596
34.358,24.897
33.240,25.214
32.055,25.047
35.180,24.171
35.959,25.005
34.966,25.156
33.569,24.928
33.279,24.419
33.513,25.152
32.698,24.465
33.128,24.290
32.399,24.817
25.080,22.877
24.290,22.561
25.737,23.314
26.259,24.244
25.916,23.646
24.726,22.102
30.494,22.161
31.226,23.600
30.847,23.964
30.135,24.160
31.673,24.310
32.611,24.064
33.844,22.954
33.284,23.941
33.363,21.773
32.157,21.041
32.426,20.977
32.277,19.703
32.614,21.550
32.826,22.366
32.413,21.805
33.019,20.623
32.107,23.003
31.976,21.023
32.578,19.872
32.575,19.920
32.371,19.241
33.147,18.023
32.044,18.670
29.981,19.553
28.689,20.416
29.191,19.308
30.037,17.710
29.998,15.779
30.456,15.614
31.045,15.603
32.125,16.393
31.254,20.790
32.209,21.427
31.496,19.721
28.936,16.390
28.652,17.498
30.273,17.831
29.232,18.500
23.208,19.213
29.389,19.657
31.059,19.829
31.282,16.840
31.732,16.142
26.588,19.401
27.628,17.173
28.496,17.993
28.515,16.155
29.450,16.410
29.818,16.163
29.518,15.816
29.831,16.000
29.029,14.898
29.117,14.515
29.761,15.268
29.201,17.157
28.646,15.322
28.078,14.904
29.792,14.552
30.367,15.681
28.796,15.504
27.515,12.869
26.915,11.313
26.347,9.190
26.268,8.354
27.782,11.827
26.451,12.252
26.355,11.472
25.685,9.989
26.365,8.923
27.001,9.828
29.205,13.053
30.050,13.259
30.157,12.793
28.927,12.680
29.604,13.563
29.491,14.698
25.650,13.323
25.367,10.896
24.807,9.675
24.635,10.078
25.272,8.891
26.026,8.602
26.387,11.633
27.035,9.921
27.836,12.464
27.601,12.965
27.084,10.912
26.974,13.727
25.755,8.919
25.693,10.039
26.992,11.399
26.899,10.175
26.519,12.436
24.666,8.600
24.053,6.543
24.641,8.143
25.410,8.125
24.589,9.107
23.673,10.114
23.352,9.239
23.864,7.921
24.222,7.205
25.397,9.709
24.455,8.860
24.373,7.798
25.583,8.639
26.758,10.787
26.592,9.370
25.752,9.627
23.903,8.301
24.181,6.469
24.931,5.816
25.825,5.575
24.847,8.082
25.960,10.084
26.467,11.690
28.238,9.536
26.760,9.863
25.521,8.112
26.366,6.319
26.943,9.096
28.866,10.324
30.118,9.441
31.018,11.856
30.877,11.249
32.036,13.792
30.679,15.771
30.100,12.687
30.009,11.033
29.978,11.083
31.138,10.352
29.453,9.813
30.036,12.882
29.251,14.906
26.013,15.752
29.279,13.529
30.724,17.294
28.853,16.817
19.297,14.182
17.391,14.499
21.677,12.472
24.095,12.543
22.632,10.659
25.681,8.693
26.609,10.810
27.131,10.558
27.990,12.157
27.810,11.552
29.470,11.577
32.254,14.823
32.979,14.229
31.839,16.095
29.910,12.990
32.043,13.855
34.100,15.818
36.278,20.564
27.512,16.069
28.859,14.203
30.923,13.464
30.832,15.274
30.721,14.363
30.201,14.667
32.474,13.409
33.735,15.743
35.920,18.327
36.576,17.899
37.030,20.258
24.053,17.906
33.377,17.302
30.093,17.540
30.325,15.213
31.535,15.733
33.378,14.799
35.092,16.839
37.289,18.441
37.552,20.987
38.867,22.673
38.568,22.979
37.426,21.925
36.870,21.025
35.898,20.392
36.313,19.460
38.045,17.588
41.261,19.456
42.828,20.815
44.265,22.127
41.750,24.840
42.214,25.081
41.222,23.634
40.079,22.490
40.678,21.233
41.028,19.836
41.874,21.426
42.650,21.480
40.696,23.986
39.687,21.809
40.221,22.817
39.196,24.159
38.578,24.713
39.291,25.310
39.805,26.191
39.985,25.737
41.677,26.568
38.143,26.485
40.228,25.028
41.405,25.965
40.572,27.000
41.813,26.907
43.810,27.951
44.192,25.622
42.945,28.121
39.371,26.580
41.291,27.043
39.376,26.524
41.794,26.763
38.791,26.661
39.444,24.364
38.549,26.698
42.229,26.975
40.883,27.466
40.803,28.077
40.113,28.055
32.288,26.831
36.384,26.109
36.505,25.960
38.881,26.731
43.950,28.505
41.368,28.839
41.022,28.144
40.220,27.714
41.366,27.465
38.753,27.864
39.556,27.628
38.324,29.873
41.768,27.142
40.114,29.126
42.268,28.536
42.745,29.566
43.758,30.871
44.151,29.211
43.762,29.055
45.202,27.886
43.296,30.088
42.944,27.753
42.784,27.645
43.730,29.437
43.447,28.606
45.097,28.988
45.618,28.789
46.522,29.348
47.052,28.991
44.989,27.515
42.526,30.241
45.980,29.308
44.582,30.993
41.186,30.405
36.538,28.353
40.791,28.326
42.089,30.888
38.545,30.420
36.790,28.816
34.085,27.390
33.096,27.032
36.584,27.835
40.046,27.837
34.642,26.411
37.711,27.335
38.096,28.001
38.570,28.085
39.005,27.983
36.694,28.243
37.180,28.362
40.425,27.459
34.580,28.002
38.477,27.820
31.822,27.940
35.405,27.365
35.524,27.220
39.101,26.670
34.318,27.603
31.535,26.787
30.902,26.572
28.069,26.315
29.680,25.788
34.176,25.436
36.772,24.966
41.117,26.279
36.078,27.543
36.994,27.546
33.676,27.135
34.679,27.205
33.178,27.196
31.733,27.042
32.412,26.792
32.375,26.340
29.682,24.938
28.977,25.287
26.260,24.995
29.856,24.527
31.956,24.522
28.805,25.752
25.833,24.825
30.982,24.537
31.158,25.052
31.261,25.326
31.358,25.576
32.361,25.965
33.613,26.206
28.197,25.951
34.112,25.531
30.786,26.265
35.695,26.143
32.550,26.090
33.067,26.581
32.971,25.687
33.538,25.403
35.064,25.875
37.038,26.243
36.152,26.882
33.352,26.617
31.403,26.026
30.722,25.240
29.582,24.477
25.119,24.185
31.704,24.236
30.047,25.089
29.647,25.280
29.712,24.274
32.592,24.312
33.861,23.673
32.904,24.632
34.083,25.358
36.127,25.234
36.264,25.223
31.732,25.890
31.531,25.169
33.167,25.329
33.338,25.201
33.616,26.091
36.069,25.979
32.593,24.902
34.627,25.122
33.064,25.363
32.837,24.847
30.488,24.929
30.086,24.785
31.752,24.434
34.885,23.798
31.431,25.010
33.580,24.237
33.251,24.321
33.214,24.427
32.620,24.705
30.993,24.976
34.000,24.900
34.240,25.480
30.420,24.839
32.482,24.632
32.629,24.954
33.500,24.801
31.591,23.582
23.881,21.731
25.777,23.053
27.370,24.677
30.279,24.679
29.515,25.208
27.450,24.767
30.228,24.212
31.257,25.215
29.261,24.835
31.896,23.373
32.669,24.184
31.605,24.289
32.377,24.264
31.648,24.476
31.628,23.125
29.337,19.640
27.866,18.541
28.859,18.394
29.042,18.836
30.359,19.088
30.377,19.472
32.135,18.022
30.867,22.531
30.298,21.122
28.302,20.549
30.403,20.014
30.565,18.211
30.903,18.240
30.922,18.664
30.394,16.776
31.033,16.303
31.275,15.566
31.599,15.819
30.550,17.454
30.586,17.576
30.887,17.453
30.569,17.322
30.943,18.337
29.392,18.869
32.633,18.298
30.351,18.684
30.825,17.002
31.303,17.624
31.055,16.551
31.294,18.366
30.803,19.795
30.771,18.516
27.908,18.658
29.680,16.488
29.574,14.181
29.402,14.392
28.314,12.680
29.261,13.519
29.051,14.092
27.169,13.148
28.225,14.166
29.050,13.670
28.323,13.899
27.298,13.181
27.649,12.695
26.986,11.653
28.250,14.287
28.058,13.632
28.006,11.605
30.142,13.012
28.978,13.860
27.206,14.812
26.787,11.308
26.790,11.178
27.099,13.764
27.427,13.073
26.924,10.730
27.374,11.875
26.821,10.564
26.402,10.182
26.557,10.836
25.602,9.759
25.099,9.834
26.088,9.985
26.616,9.337
27.267,9.525
28.321,12.206
28.940,14.379
24.306,16.479
25.561,11.950
24.137,9.463
23.566,7.733
24.288,5.653
25.057,10.295
24.567,9.935
25.163,10.917
24.063,10.104
24.389,10.575
25.130,10.089
25.576,9.473
24.817,10.297
25.036,9.945
24.132,7.285
23.949,8.690
24.643,8.776
23.626,7.706
24.995,4.445
26.259,7.558
27.297,11.608
26.784,11.612
26.539,7.221
26.639,10.756
26.770,10.800
29.423,12.050
30.217,14.101
28.147,13.420
25.762,13.141
23.918,10.192
24.519,10.106
24.599,9.949
25.099,9.384
25.625,9.888
27.113,8.839
29.060,11.058
24.142,11.522
25.249,11.439
23.827,7.293
17.033,11.478
16.608,12.161
20.008,11.515
19.328,9.605
22.487,9.279
21.899,8.989
21.244,10.795
18.826,8.572
21.264,7.541
21.163,6.021
22.039,3.685
23.404,5.590
26.618,13.038
27.873,13.242
27.966,17.732
24.949,15.697
18.351,16.000
25.144,13.846
23.179,10.283
24.167,8.689
24.375,6.900
23.319,8.301
23.517,7.286
25.180,7.044
27.325,8.703
27.310,7.270
28.607,8.964
29.789,10.035
26.806,9.750
27.576,9.082
30.960,13.102
31.915,13.065
33.002,12.848
32.174,14.693
29.542,13.772
29.144,10.157
29.100,9.995
31.525,10.642
31.086,10.352
32.911,12.535
33.705,13.812
34.271,14.706
34.523,14.760
33.174,16.621
33.778,16.296
35.192,16.240
34.532,16.018
35.028,17.636
35.577,18.148
36.953,20.795
36.426,20.099
35.567,23.013
36.750,19.942
37.457,18.529
36.825,18.338
37.900,17.604
39.341,18.249
38.873,19.390
38.647,19.283
38.907,19.760
38.429,19.328
37.099,21.061
38.022,21.743
37.797,22.247
38.060,20.959
39.826,21.957
40.176,19.648
39.236,20.294
39.118,18.683
36.522,21.536
37.524,22.231
38.022,22.347
36.909,21.750
35.236,22.518
35.072,21.879
34.316,18.768
35.789,20.742
38.463,21.340
39.658,22.513
40.355,23.595
42.246,24.248
42.439,26.562
41.284,24.425
42.374,26.262
44.501,26.095
43.171,26.274
42.337,25.392
42.031,23.153
41.940,23.305
42.362,24.555
43.298,21.410
42.992,22.555
43.707,23.074
44.093,24.157
44.763,25.078
44.790,24.033
44.445,24.558
44.140,23.404
44.230,25.754
44.060,26.242
44.882,24.590
44.200,25.104
43.970,27.792
43.236,29.156
41.985,27.496
43.488,27.741
43.260,28.132
42.762,27.672
42.696,29.591
43.918,27.756
42.944,29.492
42.403,27.042
42.935,28.584
43.776,30.767
41.830,28.489
42.283,28.508
44.542,28.267
43.474,29.640
39.967,28.409
41.232,26.123
42.616,27.448
40.277,27.074
38.991,28.761
41.038,27.894
39.064,25.659
42.887,27.544
42.546,27.924
44.130,27.296
44.206,26.678
43.692,27.258
45.112,30.007
45.160,30.653
42.279,30.408
42.724,27.663
43.066,29.541
42.195,29.656
36.114,28.683
37.685,27.296
35.984,27.398
32.725,28.150
34.857,26.814
36.384,26.995
40.686,27.262
36.750,27.729
36.550,27.296
35.345,27.474
33.051,26.102
26.135,25.075
29.183,24.304
37.106,25.155
33.211,26.132
33.689,25.478
34.450,26.171
35.233,26.172
35.859,25.969
38.404,26.967
33.903,27.409
33.627,26.368
30.864,26.159
28.782,25.618
32.529,26.088
35.678,26.172
33.667,26.710
32.143,26.007
35.950,25.666
34.035,25.893
33.273,26.377
31.891,26.013
32.117,25.561
32.462,25.596
31.124,26.410
34.720,25.839
31.731,25.870
31.928,25.510
30.515,26.440
30.754,25.402
30.140,26.108
32.114,25.398
31.311,25.972
27.083,25.448
34.031,25.074
33.295,26.237
31.693,25.898
29.049,25.170
30.910,25.093
33.581,26.469
31.672,26.018
31.791,25.628
32.002,25.052
31.031,25.210
32.508,25.044
32.962,25.673
33.866,25.507
32.862,25.606
34.140,25.800
33.135,26.583
33.398,25.446
33.524,26.319
32.047,26.151
32.632,26.275
27.817,25.677
30.878,25.655
33.587,25.486
32.196,25.463
32.692,25.277
32.722,25.656
32.108,25.254
32.021,25.713
30.585,25.472
30.375,25.413
31.169,25.095
30.306,24.771
30.756,23.914
32.827,24.438
33.288,24.654
34.092,25.426
35.900,25.115
33.027,25.290
30.757,26.178
31.105,25.477
32.075,25.342
34.376,25.314
34.472,24.587
34.713,25.338
34.500,25.184
33.217,24.538
32.212,24.046
32.901,24.080
32.879,23.313
33.666,23.654
32.373,23.982
32.157,24.657
34.230,23.748
33.946,24.443
35.473,24.465
34.552,24.333
32.991,24.255
31.560,23.883
29.817,24.670
30.391,25.526
32.809,25.433
35.194,24.548
34.537,24.538
34.195,24.135
30.856,24.240
29.318,23.879
26.804,24.222
32.057,23.357
32.703,22.523
31.488,24.055
28.095,22.368
32.320,22.512
33.212,22.559
34.498,23.259
33.528,23.022
33.224,23.466
33.292,23.534
32.372,22.330
34.480,22.602
31.552,20.695
34.536,22.090
33.608,21.718
33.827,20.123
33.960,20.994
33.551,22.018
33.512,21.724
32.841,21.127
34.421,19.876
32.056,18.708
32.085,19.167
31.632,19.251
31.330,16.336
31.220,14.853
32.378,16.498
33.229,16.664
31.360,16.097
29.271,20.496
29.465,17.976
29.306,17.206
31.621,17.464
30.449,17.565
30.936,18.909
31.862,18.754
30.613,18.770
31.259,17.415
31.204,16.332
33.318,18.027
31.661,18.870
31.062,19.031
31.727,18.748
30.390,15.275
31.033,15.366
32.298,16.499
30.657,15.826
30.589,16.086
31.158,15.643
31.215,16.807
30.549,17.149
30.541,16.877
30.180,16.263
29.288,15.520
30.344,14.274
28.624,17.046
29.606,18.867
29.124,16.554
27.447,12.515
26.676,12.190
27.232,10.942
27.750,11.119
28.507,11.932
28.883,12.722
28.386,13.867
28.082,11.583
28.202,12.336
28.272,13.521
27.948,13.508
27.296,12.338
28.175,11.298
28.141,11.982
27.378,14.960
28.881,13.002
29.784,14.344
28.747,15.224
29.194,14.974
29.696,14.330
29.975,14.966
28.379,12.870
27.037,12.902
26.775,10.546
26.670,9.582
26.716,11.138
26.664,8.571
28.058,10.664
27.084,12.074
26.147,11.992
25.573,12.790
24.779,10.861
23.736,9.381
25.350,10.173
25.726,10.724
26.182,8.536
25.501,9.045
25.441,6.953
26.119,9.108
25.897,10.044
24.641,7.898
25.391,7.366
25.591,6.615
26.106,7.477
28.278,11.173
21.397,15.630
27.898,12.723
27.274,15.164
27.490,11.179
27.162,13.159
26.526,11.929
26.542,9.995
27.014,10.006
27.050,8.791
27.776,10.246
27.800,11.132
29.427,12.094
30.076,14.135
29.285,15.001
25.718,11.832
27.284,10.021
28.019,11.124
28.809,12.844
29.715,11.401
32.557,11.104
32.466,13.171
29.765,14.078
28.313,10.979
28.682,10.987
29.527,12.201
27.735,12.017
28.273,9.332
28.474,8.198
28.810,7.650
30.659,7.594
31.699,11.412
31.782,10.202
30.565,11.982
30.020,11.262
30.800,9.222
33.406,13.739
30.739,14.434
28.727,12.997
31.080,10.997
31.974,13.479
32.218,13.472
31.816,12.964
32.790,11.723
31.613,13.214
33.911,10.726
33.812,13.609
35.293,16.924
34.500,18.691
35.414,13.772
35.533,14.031
35.127,17.044
35.174,17.366
34.546,16.939
33.193,16.144
32.834,11.935
33.682,14.488
36.138,15.132
37.252,19.081
36.003,18.872
37.015,17.086
38.137,14.659
38.454,18.224
37.778,21.174
37.062,19.014
35.472,17.517
35.982,16.799
39.005,17.455
37.431,16.718
36.806,19.727
39.331,16.155
38.640,19.606
37.209,17.622
38.233,18.915
38.047,22.262
39.510,20.780
39.864,20.729
37.609,23.131
40.177,21.176
38.301,22.920
35.146,19.139
37.820,23.040
40.161,22.537
38.372,22.507
38.215,23.008
38.120,21.261
38.039,20.420
40.263,22.848
41.928,21.910
41.327,22.209
40.314,23.318
40.219,23.854
39.856,22.715
42.850,20.575
39.523,24.425
38.667,22.789
40.606,21.335
42.023,22.284
42.071,22.956
42.463,24.977
46.983,27.018
43.393,27.801
42.207,26.760
43.295,27.281
42.992,25.573
44.554,22.512
44.114,25.209
42.362,26.819
41.733,23.701
42.403,23.805
43.401,22.170
43.259,23.093
43.706,22.049
44.946,24.971
44.748,26.975
46.440,28.117
44.294,28.634
44.041,28.713
45.537,28.149
43.094,28.585
43.922,27.762
43.422,29.144
43.492,25.576
44.553,27.373
45.920,29.899
37.242,28.421
29.299,24.425
38.264,22.723
37.890,24.723
40.744,26.150
40.873,28.605
39.744,28.934
39.269,27.622
39.792,28.132
40.133,28.784
42.255,28.991
39.460,29.689
41.794,29.620
39.149,29.705
29.867,23.029
36.497,22.730
40.635,24.609
42.250,26.949
40.785,28.262
40.553,28.087
39.627,28.881
38.397,28.703
40.831,27.506
39.737,29.920
44.769,29.046
41.529,29.853
41.519,30.374
42.864,29.441
45.036,29.602
46.121,29.525
45.990,26.390
44.397,28.367
45.094,29.600
45.668,30.557
46.446,31.148
44.687,30.287
45.153,30.563
44.243,29.556
44.850,28.397
45.020,29.541
45.712,27.781
45.965,26.873
46.539,29.767
48.789,30.611
42.572,32.667
39.449,31.504
42.855,30.790
41.341,32.006
39.144,30.223
37.779,29.398
33.512,27.914
32.555,26.728
32.737,27.134
36.780,27.333
37.891,27.471
34.188,27.630
36.236,27.442
34.007,27.206
34.772,26.653
35.354,26.818
32.607,26.325
34.112,26.248
38.300,26.253
37.627,27.694
39.858,27.422
36.694,27.825
35.098,27.150
37.410,27.218
40.327,28.395
36.185,29.035
35.602,27.548
35.575,26.209
34.692,27.051
37.404,25.999
37.875,26.993
38.239,27.839
38.744,29.173
33.016,26.459
32.335,26.499
33.522,26.031
32.763,26.631
34.932,25.864
37.845,26.750
35.486,26.748
33.175,26.651
38.559,26.547
38.834,27.766
35.220,28.749
38.961,27.212
35.864,27.180
37.818,26.154
34.564,27.023
35.028,26.893
38.537,27.339
35.764,27.066
31.155,27.031
32.349,26.308
32.845,25.878
34.097,25.909
33.992,26.058
32.543,25.537
33.765,24.617
33.025,25.198
32.475,25.630
33.876,24.868
26.591,25.331
32.103,24.556
30.936,24.918
30.767,24.854
31.618,25.332
31.897,24.860
36.882,25.302
35.127,25.536
33.364,25.265
34.326,24.839
38.198,24.610
33.348,25.390
30.500,25.650
25.860,25.090
31.051,24.946
32.212,24.915
28.176,24.813
32.134,24.519
33.134,24.689
33.181,23.922
33.677,23.545
35.891,23.112
32.950,25.510
31.564,24.310
33.084,23.968
33.909,24.587
34.620,24.478
33.268,24.813
35.997,23.057
34.209,24.020
35.253,24.343
33.196,24.386
32.056,24.247
33.925,23.876
35.209,24.144
34.139,24.564
34.357,24.543
33.972,24.076
34.462,24.639
29.680,25.432
32.568,25.018
30.456,24.760
30.377,24.767
30.528,24.608
31.232,25.074
29.133,23.038
31.501,21.034
31.697,21.299
32.246,20.720
31.672,20.760
31.384,18.332
31.764,17.533
31.644,17.850
32.734,18.813
31.534,20.478
31.453,19.198
31.034,18.752
32.120,17.592
31.033,15.713
29.389,15.857
29.925,16.280
29.563,15.493
29.352,14.359
30.133,14.620
29.678,15.606
30.226,15.385
30.222,14.989
30.545,16.994
30.042,17.842
30.887,15.219
31.129,15.050
31.437,16.328
32.807,16.704
31.954,15.733
30.899,18.647
32.222,17.480
31.452,16.836
32.904,16.452
30.280,20.650
26.739,17.570
33.831,17.065
32.799,21.811
32.137,22.399
31.543,21.324
24.671,20.066
20.239,17.484
27.443,16.794
27.355,15.998
24.841,12.453
24.435,11.439
25.932,10.138
25.619,12.111
25.632,12.590
25.948,12.216
27.153,11.858
26.312,11.070
26.522,10.282
26.019,10.748
26.839,10.307
26.661,11.051
26.544,10.565
26.845,10.360
26.820,10.950
26.362,11.740
26.754,10.864
27.134,12.888
28.024,12.134
26.061,9.512
26.120,8.572
25.809,9.924
26.900,10.880
28.165,12.426
27.659,13.258
27.879,11.123
28.451,14.137
28.763,14.407
26.083,14.346
27.066,15.719
25.542,11.216
24.452,8.481
23.891,8.887
23.772,9.014
23.628,9.689
24.030,9.499
24.823,7.613
24.493,7.556
24.656,6.658
24.453,7.264
24.827,5.871
22.872,11.428
22.018,8.400
22.065,6.848
22.302,7.087
22.608,9.656
22.405,9.619
21.889,7.979
23.582,4.423
24.716,5.265
24.630,8.686
24.496,8.592
24.317,9.296
24.569,7.765
25.962,9.940
26.286,12.768
25.228,11.333
23.281,8.796
23.310,5.235
24.338,7.587
23.323,7.666
24.879,7.479
24.284,7.101
25.312,8.513
25.343,8.157
25.794,7.954
26.603,5.342
26.886,8.959
27.508,9.203
27.074,8.636
27.078,8.468
27.962,10.589
27.746,11.669
27.997,9.540
29.116,9.119
28.294,10.494
26.528,10.216
27.861,9.268
27.817,9.940
28.799,9.361
30.299,11.717
31.601,16.281
30.786,13.153
31.889,13.284
31.316,13.523
30.380,12.535
29.864,12.353
29.716,10.204
30.619,15.283
31.626,15.156
28.985,14.043
30.112,9.197
29.952,12.231
30.292,11.754
30.829,12.699
32.128,11.750
33.610,16.751
32.792,14.226
32.729,13.908
33.317,15.743
34.383,17.364
34.953,15.876
36.030,17.081
34.458,18.242
36.674,17.563
38.429,18.879
36.416,18.967
36.417,19.181
36.579,19.433
35.632,17.560
35.782,16.457
35.549,15.784
36.356,18.602
36.107,17.641
36.418,16.558
38.275,18.135
37.849,21.386
38.078,21.540
39.084,21.090
38.232,19.625
39.444,20.498
40.043,20.815
43.285,23.981
42.160,24.417
42.169,23.685
43.546,21.666
42.076,22.118
42.344,21.753
42.195,20.932
41.306,23.108
41.757,22.099
42.232,22.978
42.860,22.419
42.410,20.993
42.626,20.696
42.359,21.465
42.399,21.076
43.009,23.162
43.109,23.094
42.623,22.321
43.103,23.614
44.091,26.381
44.707,26.755
45.013,22.799
44.597,23.517
44.444,25.146
43.997,23.984
44.968,26.030
46.075,27.235
46.234,26.687
44.829,28.766
45.337,24.548
46.249,27.578
45.404,25.482
44.634,24.457
45.358,23.832
45.050,25.199
44.537,23.111
42.355,26.840
43.492,26.994
43.205,28.716
42.920,26.555
42.444,28.524
38.454,29.925
46.157,26.881
46.094,29.094
44.317,29.011
37.687,28.005
41.308,26.293
42.545,27.474
44.071,27.682
45.230,27.398
46.162,25.608
46.198,26.199
46.060,25.233
48.556,24.781
46.768,27.714
46.030,30.437
46.690,29.770
45.935,30.465
47.925,30.569
43.312,32.041
40.490,30.796
42.228,28.745
41.692,27.644
42.256,29.490
43.794,28.290
44.833,29.536
40.211,29.028
41.497,25.702
43.167,28.118
44.194,29.839
45.414,29.449
45.636,28.840
47.229,28.190
47.023,30.700
43.769,30.265
43.634,32.570
45.288,32.201
44.949,30.859
45.688,29.463
44.182,31.575
44.726,29.493
48.174,31.746
44.734,31.560
43.110,30.052
47.749,29.618
44.804,30.039
45.192,31.279
39.666,31.482
36.215,28.018
40.663,28.140
38.065,30.550
43.673,28.141
43.323,30.133
38.846,29.664
39.748,27.611
38.388,28.041
38.209,28.077
36.528,27.044
44.976,27.451
41.711,28.898
41.206,29.011
36.778,27.774
36.387,26.727
34.397,27.135
38.024,27.103
39.059,26.468
38.433,27.549
36.371,27.072
38.862,26.871
45.212,29.324
40.927,30.311
31.023,26.910
33.330,26.600
34.036,26.548
33.464,26.755
36.108,26.215
35.689,27.277
36.377,27.385
38.462,27.349
39.723,27.693
36.708,27.999
37.724,27.657
35.102,27.685
36.175,26.719
32.720,27.072
35.110,25.747
30.031,26.633
32.250,26.081
37.276,25.493
36.721,26.248
33.719,26.988
32.870,26.447
34.115,26.300
35.420,26.546
34.889,25.718
36.770,25.422
35.463,26.765
35.927,25.392
36.790,26.000
38.781,25.844
36.587,27.977
38.778,26.646
42.334,26.921
33.441,28.359
31.911,27.197
33.820,26.678
35.118,25.884
34.414,26.174
36.560,26.343
36.777,26.784
32.078,26.885
32.525,26.121
32.554,25.091
32.688,26.053
31.539,25.490
32.367,26.227
33.670,25.433
34.367,25.319
34.246,25.539
35.471,25.243
33.386,25.396
34.153,25.346
33.401,25.426
33.774,25.382
33.171,25.384
35.734,25.212
36.269,25.745
32.716,25.478
33.896,25.133
32.539,25.652
32.870,25.671
34.793,25.735
37.445,25.101
33.835,25.985
34.184,25.590
33.993,25.533
31.492,25.337
31.166,25.067
29.949,24.534
30.307,24.969
30.110,24.647
30.789,24.563
32.009,23.768
32.546,24.015
30.833,23.904
30.798,22.808
31.134,22.230
32.930,22.879
32.444,22.897
33.208,22.862
33.110,22.201
33.692,23.046
34.969,22.080
33.977,21.939
35.209,23.141
33.966,24.218
32.779,23.704
34.107,22.277
30.184,23.235
28.475,23.169
25.782,20.426
32.675,17.985
33.771,19.700
34.836,19.558
32.561,20.274
32.445,20.213
26.770,19.443
29.738,21.773
29.283,23.552
29.496,23.471
30.509,22.690
33.638,22.819
26.445,22.780
25.227,20.765
29.896,20.558
30.631,18.733
32.167,20.048
31.444,18.365
30.323,16.375
30.659,16.605
29.664,16.694
30.279,15.392
29.686,14.421
27.341,18.906
21.508,16.749
29.695,15.448
29.731,15.734
30.311,16.824
30.020,14.300
30.485,16.534
31.204,16.247
33.538,18.918
34.080,19.531
32.441,20.931
30.713,20.103
30.424,18.721
31.431,16.609
32.281,18.540
32.496,19.887
32.623,18.768
31.942,20.484
32.164,19.181
31.788,19.893
30.103,17.561
28.536,15.553
29.442,13.711
28.682,13.088
28.371,15.087
30.382,17.037
29.932,19.947
30.198,18.889
28.576,18.146
29.051,16.767
27.016,13.336
25.466,11.042
25.713,9.084
25.663,8.404
27.157,11.171
26.371,9.950
27.301,12.653
20.333,17.544
23.236,17.696
23.756,18.246
27.709,15.768
27.051,15.665
22.852,13.323
23.846,9.203
23.985,9.785
24.104,10.175
24.854,10.478
25.109,11.317
26.048,13.334
24.893,10.965
23.510,9.669
22.895,6.917
22.192,7.762
24.409,7.879
25.473,6.966
24.518,8.144
24.323,6.864
24.470,8.456
24.737,10.374
25.817,10.457
26.244,11.148
28.481,12.969
21.402,13.109
20.545,8.818
20.422,5.956
21.129,7.826
19.681,5.924
20.911,6.841
21.211,7.414
21.312,5.216
21.090,6.462
20.024,7.673
20.511,6.508
20.220,5.947
21.869,5.231
24.411,6.470
26.351,8.933
22.360,11.281
20.384,7.027
21.879,5.364
22.833,5.322
21.984,4.496
21.446,5.759
22.975,5.892
24.839,8.433
25.928,9.333
25.750,9.468
26.495,12.147
25.353,11.345
24.853,6.682
24.343,8.467
28.641,13.643
26.155,10.713
25.356,10.003
23.862,6.444
26.098,7.144
26.135,8.597
27.536,9.215
27.774,9.018
29.089,10.072
29.898,9.899
27.849,13.225
27.759,9.350
28.325,8.996
28.461,9.466
29.941,10.927
30.488,11.889
29.997,16.313
32.872,15.211
20.846,11.773
28.364,12.006
27.682,9.126
28.565,8.259
22.283,14.382
28.026,10.541
29.268,10.685
29.770,11.171
24.757,11.820
30.431,12.810
30.637,11.027
29.998,13.332
29.984,9.949
31.384,11.869
33.759,14.272
31.879,16.510
34.903,17.453
34.962,18.096
34.439,16.069
35.363,17.047
34.924,18.320
34.985,17.295
34.716,17.358
32.699,15.817
33.452,14.846
33.380,15.357
34.477,16.433
35.764,15.407
38.103,16.663
36.327,16.964
39.642,18.311
40.116,19.657
38.663,17.393
38.143,18.700
38.114,16.908
36.728,18.242
40.738,21.383
37.962,19.348
37.656,18.157
38.353,21.729
36.727,21.501
38.580,22.137
36.706,21.845
38.056,18.891
39.657,19.265
39.125,22.706
35.356,22.588
35.360,19.617
35.548,18.727
39.055,18.534
39.224,19.287
38.721,22.477
41.648,21.852
39.820,23.446
39.727,24.351
39.854,24.899
38.727,22.606
39.815,22.364
40.954,23.629
41.016,24.003
41.977,25.139
42.539,26.858
40.647,25.705
40.604,22.546
39.972,25.817
40.520,22.082
41.087,21.301
39.813,25.803
37.770,25.008
38.177,24.152
39.492,25.681
43.598,26.059
42.909,27.429
42.649,26.981
43.057,26.769
43.913,26.742
40.291,27.230
40.125,26.780
42.318,27.545
44.297,27.280
39.921,27.582
44.027,26.851
44.333,26.079
44.245,28.394
46.916,28.896
44.038,27.364
43.646,28.927
44.970,28.669
44.832,30.618
49.016,31.413
44.786,31.423
41.403,29.575
36.096,27.487
43.611,25.379
47.340,29.329
42.130,29.768
43.802,28.329
43.296,28.813
42.359,30.026
41.389,29.225
45.204,28.945
40.695,29.733
42.342,28.262
42.013,28.591
46.451,28.750
44.988,29.366
45.232,30.775
43.300,29.049
46.237,26.650
44.024,30.985
48.387,31.022
47.762,30.641
45.718,30.302
43.038,29.416
45.837,30.026
41.428,31.274
41.416,28.625
38.424,28.798
33.753,26.584
35.281,25.725
30.212,25.377
26.880,24.547
26.104,24.615
29.818,25.435
35.420,25.531
36.740,26.548
37.422,27.272
38.266,28.708
33.939,27.440
28.446,26.557
30.817,25.830
30.216,25.342
33.373,24.312
30.406,25.132
30.853,24.723
33.217,25.675
30.913,25.814
27.897,25.419
31.161,25.038
31.947,24.109
30.946,24.509
31.329,25.403
33.251,25.444
34.013,26.044
35.550,26.188
32.958,27.298
33.153,26.097
33.383,25.851
31.003,25.979
31.459,25.803
31.991,25.506
32.395,26.043
31.285,26.500
30.006,26.335
29.808,25.266
29.852,25.327
31.574,23.821
31.431,24.868
33.294,24.755
35.143,25.241
37.387,26.051
27.508,25.084
30.428,24.707
31.330,26.011
34.784,26.570
34.880,26.858
30.392,26.455
31.484,25.992
30.798,25.939
33.904,26.341
29.373,25.808
27.794,24.710
26.721,24.523
29.258,24.890
28.874,24.919
30.556,25.100
29.163,24.262
27.565,24.502
31.186,24.494
32.435,24.870
28.308,24.564
32.780,24.950
28.066,25.114
29.473,24.682
32.994,23.613
35.025,24.183
29.793,25.740
32.542,25.651
33.005,25.818
31.332,25.355
29.991,24.245
30.770,24.379
30.787,24.227
32.141,24.013
32.483,24.645
32.460,25.177
30.530,24.539
29.128,24.743
31.042,24.754
32.519,25.057
32.220,25.566
30.870,24.649
30.491,24.482
29.182,24.712
29.049,24.262
30.468,24.863
29.221,24.029
30.470,23.872
35.770,23.727
31.915,24.629
30.721,24.930
32.164,24.077
28.053,24.197
27.360,23.825
27.020,23.133
29.090,22.704
30.780,23.893
26.532,23.649
27.754,24.075
28.420,24.436
28.236,23.535
25.397,21.573
29.393,20.621
29.003,21.543
29.778,22.035
30.781,22.045
30.736,22.206
30.547,21.219
29.552,21.273
30.587,20.544
30.521,21.118
30.107,20.380
34.188,20.661
32.415,22.724
32.186,21.986
33.791,22.352
32.396,21.675
33.221,19.833
32.435,20.592
30.685,18.817
30.510,17.356
31.158,16.604
31.746,16.482
30.838,20.151
29.398,20.293
32.098,20.208
27.945,20.311
30.517,17.842
30.388,18.554
31.032,18.559
31.575,16.712
31.147,17.193
30.250,16.782
29.562,14.966
29.869,14.362
29.087,15.254
29.529,14.414
28.833,13.615
29.719,13.957
29.243,14.655
29.354,13.692
31.073,14.983
29.275,16.435
28.834,15.190
28.503,14.468
28.306,14.071
30.032,13.466
28.074,14.681
28.405,14.515
28.849,14.679
28.915,15.297
29.201,15.755
28.200,15.409
29.383,14.278
27.357,14.632
27.613,13.575
27.573,13.449
28.176,13.793
28.484,12.879
28.872,13.365
28.591,12.611
27.594,13.171
27.630,12.149
27.525,12.226
27.203,12.416
26.611,13.272
25.388,9.448
26.233,9.251
28.087,12.509
27.943,13.367
28.921,13.572
28.783,12.668
27.225,11.756
26.279,10.884
26.339,10.977
27.300,10.272
26.880,10.632
25.460,10.519
25.021,13.744
24.287,8.877
22.857,8.434
22.739,6.632
22.853,6.014
21.302,4.805
21.431,5.312
22.333,6.040
21.963,5.962
22.365,5.142
23.961,5.437
24.207,8.128
23.024,7.714
23.030,5.258
23.542,5.875
25.093,6.667
26.066,7.754
25.952,7.568
26.959,8.346
28.721,11.416
21.876,15.135
21.780,14.731
21.830,11.940
21.663,9.948
23.964,9.879
26.009,13.657
26.174,14.129
25.926,14.350
24.800,13.482
22.274,9.495
21.427,8.425
20.341,7.027
20.597,6.759
20.700,5.966
21.978,6.260
24.062,7.478
24.463,9.275
25.864,7.977
25.368,12.525
23.910,10.904
22.106,10.287
21.793,6.119
23.634,4.349
23.960,6.566
24.613,6.708
25.020,7.928
24.920,10.529
25.150,8.148
25.175,9.288
24.212,6.497
23.766,5.764
24.074,8.362
23.664,7.411
23.699,5.449
25.246,6.716
28.657,7.365
28.880,10.804
29.717,12.109
33.275,15.098
23.997,11.530
22.987,6.470
23.806,5.194
24.631,5.283
28.398,9.011
32.119,14.556
30.765,12.748
31.317,17.254
28.140,14.535
28.626,11.581
28.515,11.280
27.863,10.782
30.408,12.054
33.127,11.748
33.442,15.836
34.027,14.791
33.722,15.513
32.828,15.800
31.092,12.178
32.612,13.117
31.466,11.652
31.638,10.422
31.823,10.523
32.713,10.911
33.960,14.596
34.736,13.947
36.924,16.379
34.743,14.880
33.391,13.886
32.857,13.812
32.799,13.121
33.814,11.940
37.125,15.171
32.885,17.751
31.826,13.687
32.758,15.419
32.962,14.815
34.602,14.512
36.313,17.599
36.698,18.622
37.348,17.910
39.643,19.073
37.488,20.270
37.054,17.417
37.451,16.827
38.280,17.485
38.616,17.440
40.274,18.007
41.314,19.806
39.478,19.999
38.212,20.121
41.045,20.560
41.930,20.906
41.523,24.347
45.028,24.633
41.296,25.079
40.548,24.644
37.781,23.590
41.067,23.091
41.440,22.909
39.850,23.762
41.374,23.236
37.378,23.214
38.773,21.995
40.268,23.100
40.610,23.944
41.284,22.608
40.311,22.194
41.130,21.829
42.279,22.647
42.232,24.984
43.108,23.167
40.450,25.225
41.078,24.856
41.869,25.718
43.006,23.652
42.863,25.256
42.298,26.059
42.811,24.540
41.774,25.890
42.386,24.973
42.234,22.871
41.626,24.489
40.867,24.570
42.452,24.833
45.113,24.866
41.349,24.871
42.761,25.543
46.234,25.294
43.971,27.026
43.227,28.309
43.702,28.324
45.417,27.575
44.170,28.234
44.416,29.451
45.222,29.424
44.711,26.730
44.381,27.036
46.034,25.005
46.048,28.082
46.298,29.959
45.262,29.776
46.070,27.670
45.888,26.430
46.375,25.844
46.113,25.479
46.463,26.034
48.161,26.765
45.519,31.006
46.793,29.345
46.701,29.304
48.050,29.233
46.540,31.345
48.536,31.515
47.404,31.984
47.167,30.895
47.265,28.836
47.036,30.262
45.437,30.213
44.146,30.322
43.817,30.330
45.344,27.982
45.148,27.707
46.657,30.050
48.392,31.278
47.103,32.055
47.492,30.003
46.585,29.496
45.747,31.495
43.448,30.671
39.526,28.332
37.764,28.527
37.190,28.347
39.747,28.444
33.093,26.909
32.017,26.022
33.972,25.940
38.366,26.784
41.210,27.760
42.413,28.307
43.309,28.896
43.165,29.074
47.843,29.901
42.642,31.778
37.777,29.584
37.180,27.802
32.579,27.418
31.522,26.857
32.668,26.294
32.937,26.213
33.142,26.510
31.548,26.201
33.655,25.795
34.695,26.355
31.845,26.306
34.691,26.632
34.594,27.482
34.233,26.848
31.636,26.608
33.180,25.502
35.151,26.634
35.027,27.168
32.326,25.976
31.022,25.324
33.794,25.522
31.181,26.071
29.957,26.204
32.824,25.726
32.375,25.179
33.204,25.112
32.221,26.137
31.047,25.618
31.448,24.973
30.709,24.837
29.795,25.336
35.878,25.420
33.685,25.583
32.343,25.047
29.699,25.382
31.745,25.550
33.438,25.527
33.270,25.371
32.358,25.802
34.061,24.542
30.888,25.782
32.636,24.877
30.354,24.683
33.004,24.486
34.285,25.513
34.592,24.705
33.344,25.026
33.689,25.377
34.184,25.061
33.669,26.093
33.762,25.403
32.404,24.186
31.427,23.587
32.361,23.449
36.547,23.951
34.010,24.678
33.614,24.516
34.385,25.210
35.169,24.548
35.236,24.861
35.361,23.948
38.759,24.233
35.385,24.986
35.332,24.330
30.934,25.197
29.418,25.521
29.705,24.806
31.398,24.200
34.631,22.700
27.665,22.538
30.286,23.887
32.331,24.220
34.843,22.921
34.153,24.091
32.331,24.359
32.784,24.098
31.772,24.439
28.240,23.568
30.690,23.097
32.312,22.804
33.479,24.827
33.205,23.509
33.032,23.179
31.744,21.018
31.713,19.667
31.538,19.304
32.250,17.900
32.014,18.877
33.595,19.617
33.564,19.719
35.503,20.810
35.935,21.844
36.667,22.605
35.144,22.529
33.883,23.019
33.483,20.536
32.562,18.371
34.508,18.569
32.656,17.629
28.719,21.494
25.741,19.064
30.628,17.422
31.822,16.794
33.699,16.087
32.861,15.198
31.708,15.170
30.679,14.622
30.755,13.658
30.754,14.357
32.192,13.909
31.784,13.254
31.159,12.990
30.913,15.972
30.315,14.252
30.319,13.539
31.480,15.062
30.824,14.685
30.170,13.599
29.699,12.300
30.078,11.027
30.626,10.906
30.750,10.587
30.851,10.999
31.602,13.526
20.618,14.816
25.492,13.595
23.158,17.419
24.199,17.196
28.339,14.858
29.535,15.009
29.119,14.494
28.386,12.173
28.138,12.362
29.023,12.443
28.893,11.334
28.033,11.934
27.009,10.444
27.033,8.669
28.234,10.257
28.372,9.996
28.577,11.244
27.895,10.784
27.955,9.734
28.268,10.737
28.300,10.075
28.848,9.878
27.866,11.919
27.282,10.346
26.656,10.739
26.390,9.075
26.491,8.335
27.573,10.262
26.496,9.100
25.973,7.775
26.132,7.354
27.457,10.306
26.727,9.207
26.812,9.115
27.015,9.947
27.003,9.361
27.894,8.814
28.677,7.746
29.815,13.947
26.525,11.895
26.038,10.344
27.623,11.597
26.694,11.255
26.620,8.785
27.431,13.265
26.011,11.581
25.735,10.874
24.199,9.351
22.830,3.675
21.770,3.090
21.404,2.232
22.599,5.346
22.113,5.677
21.449,2.639
21.040,2.029
22.270,2.645
24.084,2.629
23.654,2.815
25.659,6.986
26.045,7.657
27.061,10.849
24.122,10.647
22.296,4.711
22.438,3.251
22.128,3.753
20.197,4.228
18.530,1.476
19.529,0.370
21.786,2.469
21.732,4.145
21.675,2.545
24.330,5.700
26.284,6.971
25.463,7.607
27.763,8.216
29.582,9.553
30.567,12.282
27.913,10.449
24.873,8.934
23.739,4.715
23.882,3.228
23.565,1.812
23.591,2.989
23.222,3.821
23.595,2.850
24.502,2.897
24.335,2.641
24.548,4.296
25.789,3.369
26.730,5.864
26.794,9.362
27.269,6.403
27.799,6.481
29.445,8.951
31.120,12.263
32.775,11.902
28.265,13.655
28.622,11.513
26.876,7.770
28.021,4.460
28.893,6.100
29.826,6.962
30.815,8.704
31.577,10.943
28.564,13.121
22.723,11.998
25.766,14.242
24.810,10.393
24.456,9.688
26.536,7.738
28.148,9.989
28.410,9.490
30.843,9.307
30.635,14.424
30.233,13.931
30.286,12.408
31.891,10.673
34.661,16.128
30.843,14.136
29.717,11.753
32.088,11.996
32.334,12.800
33.561,12.994
34.254,12.486
33.179,11.971
33.343,13.012
33.816,13.875
34.763,12.903
35.903,15.613
35.057,15.606
35.869,15.488
38.383,18.228
36.779,17.236
36.736,19.484
32.384,18.857
34.640,18.030
36.464,18.239
37.479,16.985
37.615,17.396
38.132,19.725
39.356,18.569
39.115,19.675
38.332,20.572
37.698,21.147
38.038,20.915
37.879,20.260
38.834,22.223
38.278,21.173
37.743,20.982
38.514,19.095
39.696,18.360
39.736,24.258
39.034,25.034
38.087,22.181
38.732,21.296
40.358,20.199
40.967,19.937
41.262,20.030
43.943,20.929
42.380,21.756
43.803,25.492
42.624,23.303
42.143,24.835
39.402,25.199
41.187,24.983
40.996,23.932
43.253,24.615
43.114,25.412
36.221,24.373
32.803,22.234
35.950,19.541
37.248,20.190
39.321,20.714
43.244,23.274
43.577,24.441
42.609,25.540
42.682,25.551
42.395,24.308
44.301,25.657
44.577,25.290
45.046,27.776
43.979,26.314
45.633,23.651
44.084,27.061
43.109,24.979
42.689,26.016
42.422,27.020
45.009,26.275
45.227,27.752
45.020,27.005
44.124,29.135
42.465,27.722
41.394,24.660
44.614,24.805
44.549,28.566
46.564,26.880
46.712,26.714
44.632,28.067
44.561,28.583
44.044,28.442
48.463,28.117
46.062,30.467
44.804,29.268
44.971,29.304
44.044,30.008
43.690,29.753
46.385,27.531
37.878,28.514
29.792,23.471
25.043,23.774
34.214,22.604
38.027,25.455
41.834,26.395
43.224,28.965
42.861,30.843
44.369,30.080
42.528,29.733
44.923,28.834
44.402,30.427
45.572,32.462
41.006,30.970
40.947,30.037
36.262,29.230
31.491,27.921
31.167,26.344
33.841,26.035
36.405,26.395
38.573,28.288
39.159,27.386
39.402,28.812
42.146,27.469
40.041,28.987
38.800,30.281
35.599,28.889
30.855,27.551
32.419,26.917
36.833,26.330
36.284,27.390
28.857,25.916
30.483,25.398
33.630,25.955
33.512,25.943
36.245,26.447
38.324,26.925
36.233,27.718
37.125,28.134
40.282,27.857
41.877,28.021
42.859,28.090
39.321,28.975
34.977,28.005
33.781,26.378
36.088,26.331
34.750,27.629
35.945,27.033
36.584,27.824
35.162,27.380
37.193,27.036
34.703,27.207
31.728,27.010
31.112,25.947
33.240,26.148
32.885,26.610
31.564,26.375
34.725,26.333
29.830,25.484
29.590,25.045
31.528,25.029
34.567,24.670
34.063,25.792
30.181,25.918
29.919,24.935
32.524,25.174
36.178,24.452
32.913,25.800
35.943,25.440
33.403,25.448
34.717,25.607
34.112,25.495
34.397,25.879
30.018,25.313
36.028,25.391
32.350,25.180
33.781,25.088
35.529,24.634
38.265,25.917
33.260,25.929
34.924,26.378
31.581,25.527
31.058,24.512
28.581,24.411
26.677,24.778
31.312,25.135
32.864,24.356
35.929,23.571
36.987,25.790
34.505,25.147
33.270,25.302
26.313,23.298
31.437,22.621
34.173,23.556
35.703,24.313
34.972,24.516
30.450,24.710
34.112,24.480
34.662,25.285
35.158,24.498
35.438,24.779
34.506,23.246
37.200,22.008
35.510,22.758
36.352,23.273
36.340,23.570
34.034,23.293
36.634,23.338
37.720,24.010
36.424,23.726
38.105,23.516
37.160,23.179
35.742,24.013
29.796,24.502
30.392,24.757
33.339,23.886
34.233,23.265
34.449,23.044
36.225,24.043
32.264,24.780
32.941,24.213
31.497,24.420
30.124,24.337
29.436,23.651
25.878,22.837
25.022,23.043
25.283,22.651
29.760,22.656
30.322,23.980
29.188,23.475
31.305,22.437
29.767,22.219
30.430,23.378
30.142,22.408
29.971,21.414
31.521,20.892
30.890,20.924
25.196,23.126
28.574,22.658
23.870,20.839
27.472,19.746
28.490,19.712
30.731,20.201
31.551,19.358
30.192,19.941
29.947,19.035
29.997,17.805
29.529,18.734
28.753,19.099
26.358,21.655
27.293,20.812
28.773,18.689
29.400,18.595
29.411,17.435
29.742,15.394
29.753,15.737
30.305,15.187
29.948,15.999
31.188,17.238
28.972,15.255
28.527,12.675
27.323,12.457
28.724,12.451
29.216,12.474
27.697,12.120
27.821,14.515
26.750,13.850
26.343,12.066
25.801,11.983
25.985,10.806
26.519,11.168
27.104,13.021
26.853,13.337
27.204,13.422
26.668,11.967
26.855,11.200
26.438,10.115
26.884,10.959
27.180,11.565
27.006,10.320
26.406,10.794
26.348,11.885
27.536,11.428
27.415,12.455
27.360,13.701
27.221,14.092
26.738,11.123
25.967,9.420
26.196,8.407
26.589,10.240
25.276,8.963
25.286,8.217
25.696,9.395
25.861,8.983
26.363,10.058
25.809,9.986
25.536,11.205
25.270,10.227
25.825,9.788
24.474,8.803
25.269,7.840
25.771,8.697
24.681,9.379
24.438,8.900
24.781,9.645
25.983,10.924
26.245,11.878
28.458,12.971
27.515,11.647
25.257,12.871
23.492,10.185
23.526,9.068
24.765,8.291
26.423,9.546
25.908,11.179
25.910,8.106
25.708,9.903
25.840,11.522
25.551,13.172
22.555,8.838
22.066,5.909
25.440,8.904
24.888,11.896
22.485,8.047
21.924,4.040
23.254,3.741
21.194,8.681
24.233,12.343
18.438,11.000
21.285,7.025
22.034,6.799
22.536,5.719
23.400,7.585
25.522,9.031
27.937,12.575
21.577,11.830
21.704,6.996
23.942,4.274
24.220,6.475
24.011,9.115
25.856,12.969
25.066,12.296
23.145,9.365
22.651,6.217
23.894,6.891
24.223,7.069
23.751,7.184
23.859,5.586
23.774,6.237
24.113,6.738
25.731,6.656
28.369,9.682
29.070,10.144
28.823,12.853
29.798,12.131
30.811,12.563
28.838,13.384
25.950,10.633
26.501,7.783
26.502,9.897
27.617,6.181
25.932,12.014
27.640,12.725
21.427,11.836
22.970,10.599
24.310,9.139
25.010,7.502
27.430,7.384
29.929,9.151
29.209,12.165
26.563,12.780
28.488,14.789
28.709,12.697
30.146,12.259
27.452,15.358
29.388,15.867
24.722,17.467
28.707,17.334
27.321,15.041
26.558,12.491
28.135,12.261
28.801,14.343
29.600,13.366
29.771,13.706
29.178,13.678
30.810,12.442
32.404,15.461
33.579,16.482
33.094,18.242
32.474,17.983
33.104,15.247
33.711,15.299
33.996,17.273
36.311,18.112
35.662,18.709
34.059,18.067
33.630,15.193
38.353,16.950
35.782,19.082
36.618,19.271
37.501,21.174
37.415,21.129
39.568,20.526
39.904,23.451
40.174,23.031
39.979,24.400
38.039,23.697
38.174,21.811
39.606,21.183
40.213,21.393
36.266,19.936
37.848,19.385
40.320,19.430
41.493,23.089
41.579,22.806
38.942,23.525
38.788,19.695
39.819,19.476
40.512,20.520
40.679,22.579
39.255,24.998
40.379,21.604
41.410,23.837
41.462,21.838
42.025,22.589
41.095,27.641
40.558,24.015
40.435,23.402
42.432,23.691
42.049,24.905
42.328,25.748
42.462,24.303
43.711,24.970
44.050,24.682
43.283,24.146
43.279,22.606
43.596,24.298
45.972,25.703
43.931,26.872
44.722,28.032
42.496,27.041
44.606,27.559
42.297,26.238
42.274,28.524
42.987,26.312
44.595,29.283
42.798,31.299
44.590,26.912
43.310,29.820
42.901,28.078
43.677,28.976
41.606,28.984
42.015,27.231
44.152,30.143
44.946,28.539
44.185,27.061
45.020,24.513
44.951,25.045
43.528,25.347
45.750,24.744
46.175,29.131
41.932,29.899
32.982,25.398
28.740,23.427
25.282,22.772
41.964,22.443
41.039,25.552
41.012,26.317
39.391,27.173
39.827,28.446
44.321,28.294
46.605,30.526
49.140,31.212
47.611,30.670
49.660,31.420
46.435,32.243
47.222,30.250
50.757,32.367
46.861,32.308
46.138,29.122
44.592,32.157
43.858,29.216
43.021,29.743
42.590,32.000
47.145,31.254
41.123,31.286
39.954,29.761
38.839,30.189
39.538,29.564
40.909,28.974
43.329,30.325
42.648,30.584
42.098,30.877
44.320,30.258
42.335,30.547
40.979,29.105
42.550,29.284
43.193,30.343
38.622,28.152
28.216,25.221
25.565,24.596
25.538,24.828
27.434,24.857
31.792,25.528
35.750,26.039
35.929,26.249
38.136,27.546
38.814,27.631
35.110,28.248
36.128,27.668
34.277,27.749
33.680,27.099
32.411,26.405
30.099,26.772
32.065,26.354
30.094,26.782
30.179,25.732
31.792,26.022
28.095,26.031
28.899,25.341
32.037,23.927
32.028,23.493
30.090,25.252
32.645,25.261
33.884,26.824
32.698,25.817
31.507,25.577
32.316,25.919
32.496,26.057
