20000101
23.836,6.615
24.781,7.301
23.991,8.333
24.112,8.736
24.240,7.994
22.679,7.365
23.045,8.048
22.781,6.840
24.041,5.561
26.779,7.539
27.070,8.296
27.419,8.807
26.771,10.523
27.481,11.912
27.860,11.140
24.942,13.307
23.453,9.126
23.318,7.563
23.924,8.569
25.808,10.179
25.139,6.531
26.769,9.778
27.098,9.914
25.806,9.597
25.385,9.615
26.605,6.614
27.377,9.278
27.594,9.351
25.571,12.945
25.256,9.465
26.580,9.138
28.547,12.550
26.016,13.595
26.559,8.627
28.158,9.860
26.732,14.268
19.961,16.406
24.972,13.152
25.660,10.226
26.993,10.578
26.538,9.100
24.712,12.963
25.286,15.496
26.975,12.132
26.916,13.210
26.714,11.032
27.279,8.091
28.576,10.160
27.831,12.960
27.934,9.904
28.147,9.228
26.266,10.683
29.129,11.559
29.015,10.427
28.025,11.949
27.842,11.589
28.325,12.956
28.112,11.193
28.577,9.607
29.148,12.231
32.211,13.994
30.956,17.093
32.878,13.581
34.176,14.683
36.136,16.312
34.113,16.114
36.765,15.151
34.083,19.080
30.575,16.750
31.184,14.869
35.842,13.859
34.867,15.583
35.256,17.719
33.658,19.003
31.646,16.220
32.095,15.187
33.487,15.540
36.234,14.427
34.469,16.182
34.013,16.271
35.364,14.056
38.840,15.693
31.008,20.842
35.920,17.950
35.205,17.562
36.607,16.365
38.087,17.621
36.350,19.997
37.949,17.015
38.298,17.908
40.640,21.649
40.913,20.327
41.063,24.289
40.442,21.742
40.290,21.403
40.765,22.191
41.170,21.104
40.590,19.204
41.887,20.725
41.481,19.019
39.750,22.431
41.859,19.651
39.175,22.739
41.852,24.394
41.433,23.006
40.236,25.667
39.706,25.324
41.219,24.797
41.518,22.429
42.602,23.007
43.147,24.727
44.313,25.276
43.212,26.046
42.905,24.645
41.472,29.727
43.768,25.483
41.419,23.489
39.052,23.300
42.450,24.620
44.389,25.131
43.374,25.994
43.867,24.955
40.699,25.066
37.142,24.619
37.803,24.946
38.860,24.852
39.636,25.841
40.633,25.188
42.571,26.291
44.597,26.332
45.744,27.732
43.423,29.303
45.055,29.405
45.098,30.018
43.875,30.651
42.568,30.753
42.657,29.148
44.337,29.378
44.356,28.399
43.951,29.954
41.751,26.700
38.140,26.572
30.287,25.650
35.678,24.647
41.119,24.841
41.569,27.950
40.692,29.447
43.466,27.293
45.368,28.094
44.476,27.619
39.591,25.944
41.027,27.276
41.484,28.564
39.856,28.185
39.306,28.137
41.023,28.804
38.010,28.130
33.162,27.577
35.057,26.408
37.963,26.485
33.005,27.950
36.569,27.335
36.269,27.427
40.957,26.325
41.955,28.857
41.903,28.964
37.665,29.122
35.880,26.839
39.605,27.422
34.344,27.340
28.632,26.173
34.501,25.737
34.131,26.349
33.427,26.313
36.887,26.290
38.258,25.968
38.544,26.663
39.526,28.977
37.822,27.740
36.487,27.971
36.588,27.244
37.165,27.056
38.491,27.031
37.719,28.483
37.297,28.982
41.271,27.406
43.568,29.682
44.485,29.923
34.292,28.424
35.859,27.307
37.414,26.706
38.208,27.100
34.584,26.327
33.691,26.655
31.134,25.860
32.954,25.864
33.895,26.093
33.476,26.208
35.377,25.916
33.125,26.024
29.984,25.048
31.079,25.370
26.262,24.106
32.795,23.859
27.541,24.721
29.788,24.807
32.431,24.668
31.387,24.882
31.959,24.942
31.782,25.104
31.894,25.291
32.765,25.055
32.945,26.389
31.501,25.849
32.854,25.362
33.888,25.019
36.300,25.335
36.120,27.018
36.283,27.394
37.022,26.851
33.402,26.755
32.910,26.136
33.880,25.285
31.926,24.889
35.524,25.744
36.086,25.442
38.902,25.367
35.035,25.514
34.441,25.276
34.631,25.265
32.819,25.792
32.707,25.228
34.594,25.529
33.537,25.779
35.370,25.685
35.556,25.492
36.207,25.709
37.033,26.296
36.545,25.692
37.018,25.514
36.653,25.505
34.714,24.905
31.793,25.433
31.085,24.864
28.183,24.365
28.043,24.741
31.343,25.060
34.207,24.220
32.269,24.991
30.353,24.985
31.313,25.353
30.157,24.916
32.068,24.636
29.892,24.474
31.635,23.294
32.639,23.053
32.957,22.763
29.678,23.274
28.956,24.544
32.935,24.359
31.263,25.215
27.284,22.737
25.594,22.377
25.296,22.859
29.087,23.666
29.565,23.770
29.317,23.852
29.590,23.521
32.220,21.962
31.774,21.397
31.995,19.327
32.916,19.114
32.882,18.607
32.531,19.410
32.601,19.361
28.437,21.977
28.861,22.023
34.490,21.388
34.844,22.867
35.428,23.375
35.782,23.542
36.299,24.205
35.976,23.216
35.889,23.361
33.530,21.075
32.581,20.659
32.959,19.480
32.026,17.434
32.371,16.154
32.524,17.020
33.629,19.232
33.744,20.965
34.502,19.415
34.363,20.541
32.579,17.422
33.483,16.721
33.852,19.050
33.917,17.435
33.428,17.766
32.341,18.680
31.690,16.796
27.945,19.832
28.924,16.981
30.265,14.878
30.959,14.838
31.344,16.527
32.641,15.934
32.029,17.923
32.095,16.782
30.808,16.624
30.875,16.036
31.285,14.811
31.022,14.338
30.608,13.936
32.397,13.542
31.520,13.262
30.189,14.808
30.052,12.503
29.279,11.530
31.081,13.083
29.139,12.100
29.301,14.084
29.841,13.780
29.028,14.278
31.612,13.168
30.556,14.983
31.600,15.153
30.509,14.261
28.837,13.004
29.418,13.152
28.330,12.212
28.107,9.679
28.823,11.104
28.220,11.810
28.898,10.952
26.152,10.815
24.471,8.569
24.505,6.886
24.374,8.965
24.598,7.692
25.218,7.987
25.678,7.571
25.281,7.371
26.575,8.206
26.407,10.371
25.952,8.486
24.515,7.988
23.452,5.468
24.552,6.612
24.380,7.072
24.990,6.408
25.994,7.281
26.929,9.320
27.215,10.589
24.757,10.749
24.301,8.222
24.755,8.109
25.361,8.474
25.614,9.188
25.876,9.867
26.499,10.211
26.698,10.503
25.226,9.242
25.010,9.066
25.162,7.488
25.367,8.373
17.332,14.114
25.529,11.493
25.264,10.919
23.283,9.379
22.381,9.045
22.406,5.349
22.988,4.517
24.527,4.672
24.032,10.760
23.316,7.324
22.482,5.544
22.755,4.152
24.192,5.547
24.307,7.060
23.844,4.827
25.640,6.704
25.965,7.073
25.264,7.187
25.426,6.696
26.399,5.657
27.168,7.272
30.021,9.471
27.998,14.491
23.702,11.365
23.139,7.818
24.596,4.819
25.377,7.500
25.774,6.924
26.752,5.294
28.204,8.697
30.363,8.167
30.407,12.236
30.589,16.319
28.797,11.513
28.102,7.341
28.814,13.859
28.502,10.404
28.621,11.000
28.559,9.873
27.657,9.214
27.313,9.653
28.244,9.520
28.779,9.076
30.784,8.883
32.222,8.678
34.522,13.441
32.506,17.158
34.178,13.623
32.309,12.274
32.715,16.192
32.004,13.378
29.395,11.893
31.095,12.782
31.307,14.115
32.519,12.366
35.900,14.435
33.322,15.226
33.390,15.931
33.074,13.459
32.050,18.734
33.741,17.163
34.052,15.173
34.714,14.343
27.412,17.726
32.380,16.691
33.568,12.918
33.953,12.149
33.276,12.957
34.423,13.870
34.214,14.886
34.191,13.646
35.358,14.294
37.167,14.414
35.902,15.937
35.770,18.715
36.134,18.941
35.845,17.303
36.677,16.055
37.804,16.666
39.815,18.173
39.065,21.543
36.161,22.884
36.313,19.940
37.423,19.791
37.082,19.886
37.852,21.197
38.871,20.343
40.749,20.617
39.062,23.886
38.167,23.046
36.310,22.663
37.228,20.611
37.675,19.519
38.531,18.088
39.897,20.593
40.112,23.696
41.424,20.416
39.915,23.277
41.835,23.148
43.134,21.220
42.085,20.078
42.339,23.322
39.628,24.537
35.544,26.125
39.373,23.071
38.200,24.482
39.469,24.742
37.125,21.702
38.540,21.010
38.585,23.300
37.978,23.824
39.142,22.124
40.476,22.002
42.087,22.096
42.139,22.260
44.005,22.948
43.726,24.221
44.123,23.923
45.018,24.593
43.592,25.751
39.536,26.756
42.557,27.409
44.538,27.721
45.901,27.554
43.462,26.977
36.507,26.312
38.782,25.616
40.230,27.028
43.699,27.547
43.963,26.724
40.141,27.609
40.128,25.723
40.026,26.824
43.782,28.542
39.843,29.242
41.943,26.715
43.316,28.165
40.624,28.619
41.328,27.361
41.582,28.481
39.330,27.736
41.134,30.265
43.135,29.214
44.853,31.828
45.700,29.897
44.877,29.151
39.484,29.204
42.558,28.929
41.307,30.722
38.917,28.837
41.914,27.841
40.145,30.398
38.162,28.909
37.190,27.259
36.111,27.980
37.161,27.429
39.846,27.927
39.928,28.097
41.934,27.315
40.651,29.845
40.582,28.302
39.164,27.927
38.264,28.386
36.444,28.005
30.047,26.024
28.628,25.110
31.966,24.698
31.766,24.761
30.312,25.559
35.380,25.292
31.679,26.535
35.474,25.501
32.589,26.666
31.797,25.782
31.632,25.687
33.354,25.598
32.647,25.670
31.806,25.943
32.986,25.579
33.751,26.436
31.228,26.118
32.558,25.592
34.034,25.554
34.195,26.650
33.416,26.676
37.133,26.274
37.774,26.868
34.187,27.269
35.632,26.421
33.587,26.203
31.384,26.250
31.873,25.712
31.131,24.973
31.736,24.837
32.346,25.144
34.103,25.634
31.229,25.465
32.501,25.510
33.127,25.300
32.504,25.026
31.543,25.576
31.204,25.010
32.399,25.543
33.751,25.534
33.568,25.673
33.962,25.556
35.096,26.364
33.333,26.242
31.951,26.321
30.832,25.669
31.143,25.371
33.631,24.959
35.096,25.199
34.323,26.056
32.094,26.385
32.877,25.770
30.934,25.544
31.901,25.333
32.515,25.056
36.032,25.224
35.453,26.006
34.029,25.307
33.777,26.021
32.537,25.639
36.643,25.679
34.093,26.475
32.262,25.836
33.624,25.434
38.318,25.191
38.064,25.991
34.294,26.395
35.981,26.315
33.915,25.793
33.805,26.223
32.990,25.639
34.974,25.824
31.694,26.278
31.077,25.707
32.156,25.424
32.547,25.302
31.866,25.374
30.968,25.416
29.991,25.242
29.963,25.272
31.699,24.960
31.304,25.080
30.198,25.775
29.900,24.888
27.140,24.646
29.568,24.072
30.267,23.750
28.483,23.558
28.746,24.461
30.299,23.954
26.548,24.244
32.041,23.751
30.605,24.619
30.923,24.328
31.932,25.014
30.630,24.697
31.241,22.655
32.345,20.964
34.298,21.663
34.147,21.606
32.543,23.157
36.107,22.289
32.813,24.030
33.734,23.778
35.909,23.762
33.636,23.872
31.453,23.710
31.800,24.856
31.163,24.875
30.835,24.436
29.915,24.075
31.569,24.559
30.810,24.828
29.191,24.257
29.389,23.672
31.533,21.982
32.590,23.063
33.559,21.349
32.788,21.323
32.694,21.085
33.766,21.805
32.245,19.416
32.166,20.090
33.282,20.089
33.355,17.495
33.216,17.221
31.791,20.870
32.277,17.499
32.724,17.318
31.375,18.130
31.323,18.190
32.313,16.435
32.184,20.909
32.460,18.594
32.572,16.587
31.824,18.286
30.397,18.291
32.592,19.039
32.068,19.516
31.947,19.602
32.466,18.771
33.690,18.342
32.360,17.827
33.425,19.009
34.126,17.090
32.458,17.443
30.526,18.968
30.168,17.399
30.354,14.836
29.371,14.181
29.175,15.909
28.799,15.312
29.345,14.696
29.116,14.714
29.503,12.233
30.341,13.348
31.336,18.142
29.736,15.701
28.484,12.845
28.978,13.580
28.770,13.414
29.005,14.124
28.816,14.684
28.212,12.701
27.997,11.631
27.782,11.214
28.597,11.019
27.590,11.443
27.523,11.508
26.173,12.022
25.842,10.955
25.271,10.254
26.037,9.526
26.166,9.746
26.690,11.164
26.980,9.859
26.022,8.603
26.713,8.815
27.552,8.782
27.030,8.590
25.820,10.366
26.304,8.584
25.728,7.358
25.219,8.560
24.978,8.255
24.202,10.230
25.867,8.143
24.612,9.035
24.366,8.503
25.294,9.873
24.364,10.115
24.872,7.485
25.346,7.037
24.801,6.987
24.793,6.652
24.372,5.690
25.509,6.815
24.548,7.543
25.353,8.320
25.271,9.626
23.333,8.567
23.036,4.296
23.477,6.379
24.618,6.307
24.222,8.045
25.019,6.102
24.837,5.944
25.439,6.684
26.146,8.200
24.068,6.390
24.310,8.218
25.967,9.715
24.383,7.466
26.169,8.375
27.647,8.908
27.886,9.875
30.581,15.320
28.797,14.998
30.350,15.573
28.793,13.461
30.302,13.663
25.633,13.116
21.278,13.503
24.564,14.004
24.406,10.495
23.952,8.551
25.564,7.999
28.048,11.928
19.450,11.322
22.167,10.238
23.132,7.804
23.803,8.853
24.307,6.985
25.786,9.536
25.981,10.860
26.498,9.557
25.888,7.396
29.265,9.812
30.689,14.557
20.217,16.681
30.242,14.285
29.849,14.461
31.232,12.509
26.033,15.964
27.543,13.911
26.740,12.003
28.268,12.051
30.037,12.013
30.680,12.580
31.832,12.313
31.893,15.912
32.808,16.458
32.535,16.051
32.481,13.358
33.729,12.466
34.664,16.421
29.804,18.580
30.891,16.730
31.198,14.889
31.686,14.874
32.799,14.456
35.718,16.478
34.300,19.601
30.551,15.279
31.293,14.708
31.919,14.933
31.841,12.817
34.964,14.439
36.680,21.034
36.632,19.104
36.217,19.066
34.793,18.753
35.158,19.307
35.950,21.408
33.057,19.793
35.187,19.484
34.725,16.502
36.383,16.242
37.393,16.751
37.715,17.373
37.896,18.347
38.373,18.899
38.454,21.071
38.604,19.872
39.289,18.817
38.323,22.826
38.444,22.572
37.975,21.440
35.634,19.727
36.814,18.930
40.762,19.831
40.880,22.111
37.941,23.990
35.632,21.186
36.040,18.997
40.523,21.342
39.397,24.046
42.045,24.054
41.135,22.929
39.430,25.869
40.318,24.984
39.988,22.668
39.965,24.140
38.183,23.238
39.641,23.817
40.306,23.186
41.546,25.081
43.352,25.408
42.993,24.965
43.667,25.505
44.863,22.714
43.308,25.153
43.971,25.404
42.798,25.947
38.723,25.660
44.045,25.197
39.434,26.809
40.275,24.283
43.205,23.990
45.562,25.157
40.753,23.478
42.137,22.877
43.051,25.524
43.687,24.308
39.932,24.213
41.535,24.201
41.190,26.752
42.430,25.468
43.037,27.727
43.738,28.671
41.996,29.194
45.264,28.579
43.398,28.781
42.502,28.852
41.994,29.564
38.557,27.131
38.345,27.405
39.000,28.338
44.723,30.656
46.390,29.372
46.178,28.195
45.580,31.939
45.174,26.720
46.250,28.794
41.763,28.374
40.524,27.853
41.546,26.805
37.752,26.963
38.512,24.794
36.402,26.643
37.243,25.808
40.982,26.437
41.408,27.475
40.933,28.167
42.489,28.575
45.004,30.570
42.812,28.573
41.524,28.894
42.896,30.302
44.751,28.750
40.743,29.671
39.334,27.980
36.483,26.709
34.479,25.768
40.652,26.717
42.475,27.698
42.973,28.838
43.010,28.666
42.246,28.491
43.730,28.997
43.766,29.724
44.580,30.329
42.359,29.231
40.673,28.236
29.753,25.971
38.338,25.578
35.912,27.285
35.485,27.013
38.626,27.663
39.216,29.088
40.211,30.345
40.850,29.472
41.040,28.295
34.556,27.701
32.939,26.741
28.077,24.788
28.984,25.687
35.481,25.262
38.735,27.815
40.016,28.759
41.207,28.137
41.668,30.433
43.192,31.025
42.166,32.494
42.513,29.925
42.002,29.589
37.071,27.729
36.900,26.623
36.616,27.281
36.943,27.194
35.165,27.097
35.255,27.107
33.208,26.731
30.955,25.108
34.813,25.867
37.021,27.535
37.883,29.175
37.593,28.278
37.164,26.735
34.915,26.602
44.019,28.189
39.046,28.023
38.153,25.585
37.482,26.152
33.708,27.201
33.438,26.151
32.540,25.190
32.306,25.237
33.747,26.115
33.197,26.207
36.008,25.997
35.442,26.732
29.531,26.347
30.502,26.130
26.726,25.331
30.198,24.479
29.445,24.809
29.672,25.278
30.316,25.034
29.719,25.241
30.493,25.357
31.713,25.151
31.376,25.296
27.850,24.958
29.555,24.686
30.706,24.811
31.066,24.531
33.432,23.782
33.809,24.930
32.604,25.229
31.930,24.790
31.956,25.309
30.551,24.190
31.042,24.170
31.742,23.980
30.503,24.387
27.918,24.647
30.913,24.898
31.527,24.828
31.586,24.916
31.823,24.351
31.780,24.760
30.759,24.876
31.569,24.705
29.767,24.170
28.536,24.392
31.853,24.064
33.606,23.789
32.738,24.234
32.994,22.748
32.941,21.988
32.168,23.675
33.248,21.653
36.163,22.786
33.520,23.900
30.484,24.509
28.908,24.751
30.032,23.426
27.813,22.340
30.303,23.182
30.883,24.091
30.456,24.074
30.140,24.031
32.308,22.792
33.749,21.798
31.623,20.277
32.769,20.372
33.293,19.669
34.385,21.958
33.965,23.180
33.646,23.370
30.705,22.207
31.526,20.861
32.193,21.609
33.464,21.249
32.292,19.564
31.057,20.837
29.989,21.092
31.522,21.313
33.191,20.036
32.734,20.414
23.520,19.465
29.624,17.491
31.238,19.857
30.988,19.081
31.928,18.752
32.454,17.189
32.461,17.627
30.787,18.311
29.701,16.127
28.841,15.677
29.611,16.198
31.117,15.204
31.562,15.813
31.818,17.364
32.307,16.797
31.138,15.454
31.093,15.853
31.526,15.698
30.445,16.398
29.831,16.281
31.642,16.517
31.140,17.758
31.186,19.238
31.172,19.825
30.379,18.297
26.677,20.324
29.324,17.731
28.824,16.271
27.890,14.908
28.593,14.051
28.308,14.313
28.638,13.449
27.918,14.138
28.769,13.168
29.614,12.695
28.612,13.906
28.968,14.701
29.266,13.641
29.153,13.697
28.206,14.539
29.063,14.753
28.416,13.967
28.382,14.431
27.628,12.817
28.132,11.867
27.233,11.423
27.244,11.021
27.296,9.667
26.763,9.248
27.264,10.145
28.797,12.502
27.083,11.658
27.338,10.688
26.349,10.910
26.126,8.244
26.321,8.215
26.351,8.512
25.996,8.982
26.117,9.220
27.055,10.732
26.879,10.756
27.104,10.439
27.458,11.403
28.554,10.693
27.849,12.973
26.625,12.142
25.389,8.958
26.031,9.267
26.862,14.463
25.525,11.258
25.246,10.747
24.256,11.451
22.695,8.356
22.350,6.692
25.901,6.853
22.523,12.464
22.708,8.718
24.517,8.217
22.912,10.484
22.782,8.892
22.822,7.322
22.822,6.627
22.523,7.674
21.936,5.715
22.158,4.525
22.507,6.555
22.855,7.900
23.019,5.542
22.175,6.591
22.747,5.139
23.683,5.424
24.319,5.558
25.258,5.581
25.483,7.280
25.318,8.299
23.027,7.284
23.970,6.835
24.840,7.307
24.827,5.397
26.031,6.417
26.555,7.863
28.474,9.069
28.375,8.853
22.538,13.586
25.962,10.054
28.213,11.257
18.987,15.541
24.332,11.572
26.522,15.297
25.049,15.076
27.358,16.116
27.433,14.425
28.330,12.451
29.886,13.483
29.641,13.840
29.921,14.226
30.780,14.830
28.737,16.105
28.612,16.420
28.400,12.410
29.065,11.292
29.810,10.405
29.769,11.467
32.064,14.036
33.590,15.253
29.010,14.786
27.224,14.981
27.955,13.021
29.327,11.783
29.667,12.273
31.861,16.532
31.652,17.033
32.639,15.206
34.217,15.081
34.917,19.106
36.370,18.578
36.790,17.465
32.888,18.808
29.424,12.698
29.959,12.479
31.004,13.889
30.739,13.350
33.332,12.306
34.138,14.126
36.280,19.435
31.060,19.144
30.780,18.273
33.133,18.820
32.483,17.343
37.504,18.925
35.732,19.369
34.907,18.191
36.006,19.372
33.786,18.309
33.962,17.091
36.936,17.957
37.705,18.021
39.072,21.644
38.132,21.196
37.732,19.833
37.218,20.009
37.935,19.459
37.565,20.479
38.904,20.111
37.177,24.052
37.705,22.495
38.954,18.950
40.847,20.489
39.274,23.482
38.940,23.920
39.329,23.220
40.208,23.317
39.671,21.559
40.363,19.708
40.525,20.741
41.450,19.683
42.307,20.435
43.126,23.028
42.506,22.744
42.772,24.864
43.219,25.561
41.047,23.266
42.446,23.325
43.693,24.061
41.867,24.982
41.656,25.571
42.210,21.567
42.434,21.261
44.558,25.674
43.446,27.464
44.866,29.167
47.158,27.094
43.742,27.321
39.498,24.359
38.128,23.551
37.461,23.270
39.433,24.342
42.351,25.068
42.649,27.178
41.488,25.080
42.614,22.664
42.823,22.622
43.735,22.776
40.171,23.858
40.848,22.094
41.707,24.028
41.731,25.901
41.395,26.996
40.525,27.812
45.585,27.980
44.687,29.253
44.963,27.091
44.766,27.374
44.369,28.280
46.654,28.504
46.378,28.537
41.121,29.414
41.819,26.712
42.632,28.543
43.326,28.710
43.779,25.045
43.316,29.603
44.136,26.825
44.042,23.841
45.046,27.379
46.575,27.538
44.484,28.388
44.989,30.825
44.188,31.364
43.851,31.760
46.622,30.596
44.418,30.490
39.918,28.485
44.763,28.104
42.023,30.231
43.606,30.027
44.798,29.220
45.179,32.294
47.617,30.979
41.908,29.848
42.785,30.190
41.943,29.381
41.092,29.183
38.955,28.533
38.530,27.287
36.684,27.504
38.354,26.608
29.632,26.177
32.246,25.913
31.084,26.417
39.368,26.020
36.770,27.555
32.700,26.562
31.493,26.248
35.956,25.888
31.633,26.581
33.982,26.424
31.668,26.540
33.486,26.150
33.568,26.810
34.680,26.259
36.682,26.353
38.697,26.770
38.291,27.724
33.185,27.341
35.549,26.315
34.000,26.020
38.242,26.640
33.824,27.302
32.504,26.987
32.863,26.366
33.666,25.497
34.512,26.158
36.385,25.644
38.069,26.122
38.231,26.961
35.484,27.004
32.913,26.084
34.598,25.992
35.984,26.805
31.838,26.972
32.498,26.072
31.454,26.127
33.216,25.662
30.778,25.520
31.791,25.213
29.026,25.726
31.560,25.247
31.017,25.493
32.251,25.069
34.350,25.652
35.489,25.759
34.320,25.704
36.151,25.801
35.784,26.133
34.985,26.132
35.153,26.008
31.540,26.072
32.178,26.198
31.519,25.799
31.762,26.787
30.963,25.894
33.023,25.856
35.539,25.914
34.358,26.392
31.663,25.518
33.999,25.561
35.121,25.458
33.628,25.763
27.422,25.557
28.720,25.435
34.310,25.186
35.074,25.112
32.353,25.257
31.289,24.642
31.375,25.378
31.950,25.557
30.334,25.846
31.283,25.747
28.381,24.982
29.642,24.455
31.007,24.751
31.700,25.056
31.895,25.300
30.073,24.485
29.195,24.804
29.453,25.074
31.870,24.308
35.876,24.843
33.774,25.017
29.356,25.406
30.939,25.032
30.919,24.843
31.463,24.852
32.438,25.685
31.646,24.645
33.265,24.950
32.822,25.095
33.857,25.512
35.046,24.028
33.573,24.184
30.824,25.315
30.090,24.442
30.923,24.060
31.529,24.192
31.680,24.453
31.203,24.541
31.614,24.008
32.008,23.456
31.966,23.462
31.540,22.178
29.476,20.570
32.396,22.871
26.636,22.672
22.725,21.499
22.902,21.985
24.678,21.792
28.948,21.395
31.937,20.324
30.865,19.897
31.130,19.541
29.239,16.594
29.434,16.988
32.058,16.433
32.758,20.093
32.219,19.709
31.764,23.545
30.256,22.062
31.071,18.810
28.717,18.443
22.918,20.450
21.823,19.547
20.850,19.329
25.033,20.529
26.854,20.107
27.548,18.427
28.150,20.910
30.177,19.432
27.839,20.280
29.411,18.311
25.381,18.057
28.703,17.425
28.803,16.470
28.748,16.676
27.791,16.213
28.677,15.614
27.791,15.184
29.451,15.604
28.252,15.841
27.661,14.782
27.287,14.239
27.501,13.579
26.605,12.926
26.563,13.942
25.966,13.319
26.244,13.487
27.561,14.748
27.845,15.735
27.950,16.228
25.502,13.292
24.847,11.077
25.961,10.543
25.349,10.517
25.891,13.124
25.232,11.001
24.617,10.586
23.980,9.347
23.506,7.556
23.899,7.336
23.729,9.504
23.750,7.874
24.009,10.157
24.251,9.230
24.520,9.195
24.957,9.701
24.097,10.086
25.198,9.136
25.274,10.875
26.058,10.129
26.417,9.848
25.155,9.334
25.865,9.132
25.849,9.663
25.430,11.442
18.800,15.380
24.561,14.506
24.864,11.326
25.750,11.783
25.464,11.737
24.780,10.447
24.436,8.928
24.508,9.179
23.835,10.109
24.293,10.188
23.268,8.133
23.796,5.277
19.608,10.411
20.487,10.016
20.129,5.847
20.936,8.075
21.784,7.892
21.810,6.309
22.263,7.515
20.498,6.047
21.123,4.753
21.401,6.391
22.246,8.207
22.051,8.442
22.232,7.501
22.577,8.292
23.619,7.413
23.945,8.536
23.075,7.119
24.395,7.751
25.070,8.091
23.821,7.618
24.368,8.194
24.860,7.697
23.861,12.416
25.654,9.638
26.270,8.344
26.378,13.313
16.484,13.573
23.598,12.959
23.025,11.573
23.635,10.134
21.578,8.836
21.518,7.836
22.595,5.583
24.010,5.975
25.513,12.658
25.229,9.944
24.238,11.052
22.091,9.493
21.931,7.358
24.325,7.059
23.720,7.626
22.482,7.795
23.695,7.362
25.799,7.373
28.079,8.172
27.995,8.380
29.110,9.238
28.975,11.593
27.553,11.158
28.169,10.742
27.400,11.364
28.903,9.406
30.697,11.658
30.927,12.401
30.642,12.930
30.103,12.136
29.722,13.091
30.306,13.976
30.655,13.401
29.817,13.092
30.177,12.353
31.058,12.318
35.008,16.313
34.083,17.193
33.863,18.280
32.805,16.174
31.904,14.948
33.074,13.599
33.794,15.723
34.306,17.691
34.809,17.642
32.531,15.036
35.336,15.101
31.318,17.307
34.791,17.590
35.323,19.482
35.645,18.883
36.162,18.906
36.907,18.841
36.914,19.050
38.361,19.276
40.006,20.699
38.044,19.996
38.548,21.136
37.433,20.704
39.457,21.009
41.491,21.234
41.795,21.245
40.533,22.703
40.582,19.777
41.521,21.834
39.682,23.602
39.543,21.959
38.349,20.677
39.180,21.681
39.352,19.976
39.691,20.277
40.204,20.340
39.333,22.390
38.737,23.192
41.270,22.727
39.675,24.475
39.563,22.936
39.617,22.641
42.412,22.310
40.919,23.100
42.079,22.540
42.752,19.643
43.133,21.763
42.673,20.676
43.599,24.064
43.207,23.558
43.273,23.548
39.617,24.776
39.720,23.471
44.437,25.340
42.466,25.876
45.283,27.311
37.901,24.665
39.208,23.714
41.164,21.738
38.343,24.003
38.857,24.822
43.202,24.903
39.873,24.598
43.264,26.117
40.859,24.994
40.881,21.928
40.702,20.874
42.031,22.179
42.280,21.696
42.603,23.988
45.658,25.711
44.698,26.984
44.074,27.106
44.871,28.768
44.800,24.456
42.018,28.017
43.351,27.658
45.210,27.941
44.720,29.448
43.768,30.192
42.175,31.113
46.620,30.194
44.677,28.580
44.620,28.797
46.919,27.726
45.407,27.016
45.443,25.578
41.810,26.923
40.123,26.842
41.173,28.492
41.416,27.843
43.160,28.842
43.739,26.018
42.758,29.494
43.942,29.736
42.124,29.293
43.560,27.882
42.293,30.427
42.448,28.213
41.842,28.662
40.958,27.546
40.641,28.463
41.665,29.369
41.094,29.487
40.917,29.100
35.610,28.977
31.626,26.503
27.356,25.470
32.021,25.702
34.621,26.061
37.285,26.431
36.499,26.619
33.862,26.450
32.985,25.477
30.458,24.835
36.533,25.730
38.473,26.675
39.464,28.200
38.785,28.677
39.160,27.486
39.543,28.338
39.340,28.465
41.229,30.561
41.108,28.574
41.093,29.482
37.409,28.311
37.477,26.973
34.040,26.882
33.788,26.345
34.296,26.980
32.735,26.715
31.377,26.101
33.177,25.765
31.692,25.207
35.748,25.165
36.348,26.184
35.667,25.627
36.880,26.408
31.234,25.676
29.636,25.298
32.027,25.719
32.643,25.711
33.673,25.085
35.211,25.439
35.720,25.664
32.658,26.192
32.913,24.898
31.047,25.624
33.013,25.397
33.841,25.403
31.792,25.924
32.659,25.467
33.100,25.356
30.655,25.337
31.544,25.111
33.261,26.030
33.026,25.027
34.207,25.613
33.328,25.794
30.591,25.324
32.319,25.621
30.277,25.241
31.071,24.883
31.167,24.555
31.029,25.209
32.244,25.682
31.446,25.658
25.759,24.751
31.649,24.572
30.853,24.918
32.446,24.573
32.579,25.757
34.975,25.603
33.296,24.977
30.800,25.506
31.163,25.322
30.361,25.067
31.367,24.620
32.721,26.104
31.041,26.412
33.064,25.004
30.513,24.612
31.818,23.965
30.740,24.981
30.263,25.194
33.157,24.607
32.608,25.402
35.153,25.799
34.471,25.472
35.095,24.347
36.069,24.936
34.918,25.124
37.422,25.204
33.984,26.120
36.653,25.722
30.878,24.306
27.915,23.645
26.495,22.639
27.346,21.447
26.045,20.937
27.355,21.001
27.476,22.829
26.203,22.612
25.811,23.663
29.210,24.201
30.110,24.110
31.518,23.693
32.237,24.376
35.048,24.000
32.982,24.078
34.885,23.760
33.175,24.200
34.523,23.480
32.688,23.306
33.559,24.182
34.521,23.783
30.427,23.233
31.294,23.126
30.741,23.577
30.621,23.226
30.458,23.441
27.601,23.524
26.419,21.205
29.226,20.902
32.631,20.541
32.489,21.049
32.891,21.308
32.715,21.954
31.103,20.637
28.655,20.575
25.057,20.059
28.889,17.105
29.092,15.789
29.490,16.339
30.888,17.995
30.558,16.757
30.119,17.311
30.503,17.385
30.369,18.771
31.597,17.586
31.235,17.495
31.846,16.043
28.357,17.627
31.332,16.559
29.540,19.193
29.686,15.311
29.629,16.541
28.941,15.003
27.898,14.558
28.188,13.791
27.761,13.113
28.949,13.328
28.879,15.139
29.792,15.319
30.076,15.926
29.107,16.319
29.442,14.024
29.490,13.989
29.720,14.431
29.790,15.581
29.224,14.877
28.763,14.475
29.118,13.072
28.839,12.932
29.167,12.715
28.855,15.178
29.388,13.352
29.892,13.511
29.181,14.395
28.967,14.267
27.675,14.226
27.779,14.187
27.775,13.109
27.792,12.562
27.913,13.865
27.951,13.243
27.958,12.215
28.475,13.573
27.661,13.301
27.113,11.339
26.465,12.519
26.076,12.017
26.429,10.732
26.797,10.263
26.200,12.055
25.630,12.982
26.162,10.324
26.233,10.785
27.333,11.816
27.345,12.379
26.548,12.505
26.943,12.986
26.009,11.074
27.040,9.760
27.049,10.494
27.755,12.151
26.681,15.536
27.863,13.701
26.254,12.323
24.716,11.946
24.256,15.143
21.387,13.329
24.035,10.451
22.685,7.180
22.443,5.657
22.912,7.725
24.627,8.628
25.114,9.232
27.068,9.965
29.196,12.059
25.376,13.972
28.245,13.911
24.942,11.227
26.102,8.583
26.354,9.628
24.658,10.318
24.673,8.953
26.144,9.663
23.125,11.771
23.554,7.116
23.713,8.747
25.073,8.653
26.198,9.096
26.543,9.990
27.122,9.806
24.858,14.942
24.129,12.777
23.190,9.428
23.524,7.359
25.065,11.839
25.486,12.352
23.251,8.367
22.886,7.868
25.145,10.707
26.904,12.476
22.028,13.831
25.093,10.410
24.012,14.682
18.799,15.214
18.109,13.932
22.933,9.991
24.159,9.834
25.345,7.816
27.351,8.133
28.068,13.900
30.856,11.419
29.117,13.612
29.601,14.484
29.986,14.986
31.669,14.975
32.297,15.377
31.259,17.830
31.111,16.508
30.731,17.045
32.031,14.713
32.333,16.255
32.759,16.186
34.335,17.659
34.621,18.819
33.380,17.625
23.122,18.441
30.321,17.344
29.164,13.729
31.642,15.309
31.730,16.146
31.653,15.989
33.266,15.592
34.910,17.873
35.771,19.060
36.260,20.497
37.597,20.209
36.594,20.323
36.935,21.036
36.999,20.969
34.886,20.800
33.321,21.608
29.759,21.301
33.739,19.767
32.994,17.323
32.429,16.904
33.554,16.886
35.253,16.500
36.206,19.340
36.456,21.334
36.375,22.951
39.417,22.247
38.380,21.555
39.111,21.978
39.130,20.708
37.463,22.389
33.013,21.544
32.254,17.918
34.893,19.384
37.097,17.645
37.320,21.428
37.443,20.378
40.060,23.365
38.613,22.189
36.446,18.479
37.171,18.639
38.211,18.566
37.751,19.095
39.407,21.014
39.519,23.666
41.616,22.471
40.956,24.273
38.968,28.185
42.005,25.622
38.383,24.279
37.683,19.789
38.289,19.037
38.928,20.494
41.407,21.037
42.530,21.672
42.019,23.143
40.968,21.685
41.053,22.613
44.593,23.926
42.230,26.968
41.901,23.129
43.561,24.451
43.435,24.378
41.250,28.385
41.237,27.058
41.420,26.688
41.329,25.795
40.142,23.220
37.457,24.824
41.017,21.538
40.141,25.586
38.126,25.655
39.254,23.425
39.319,26.374
37.935,23.937
40.434,24.814
40.941,25.365
40.648,23.400
42.672,24.753
41.115,25.271
41.383,24.707
42.771,24.137
43.970,22.623
42.837,22.957
43.779,24.210
45.045,25.616
46.150,29.123
39.666,27.367
38.989,25.104
43.465,22.819
45.096,26.263
44.215,28.074
43.598,28.297
44.651,29.044
44.540,26.333
45.029,28.227
44.400,28.649
45.189,26.848
44.649,26.441
45.491,26.338
44.935,30.900
44.735,28.509
44.419,25.993
44.876,28.549
42.998,30.269
44.615,26.546
43.037,30.764
43.378,30.086
43.886,30.954
44.720,26.232
45.045,27.659
46.957,26.758
45.571,29.426
45.277,26.984
45.735,29.934
45.686,27.672
45.630,31.510
46.297,31.017
45.795,32.004
44.127,31.763
46.069,31.104
40.423,31.478
39.421,30.648
40.174,29.013
43.104,28.824
39.558,29.136
37.382,28.161
31.378,26.730
26.682,25.638
30.420,25.671
34.303,25.939
37.629,26.097
34.680,28.052
31.923,25.515
32.205,25.598
32.501,26.062
34.730,26.258
37.247,26.916
36.994,26.580
34.449,27.616
33.587,26.547
29.495,25.907
30.971,25.142
28.795,24.772
29.713,24.986
31.126,24.839
29.030,25.241
35.935,24.414
35.690,26.197
34.209,27.407
34.293,26.208
35.319,26.641
37.415,25.982
34.271,26.738
35.197,25.970
32.560,25.895
32.889,25.565
33.987,25.472
34.234,25.724
33.744,24.571
34.392,25.100
34.050,26.110
38.474,25.485
32.143,26.600
31.123,25.702
32.206,25.423
33.798,25.223
31.034,25.717
33.423,24.900
32.469,25.237
33.783,25.722
32.404,25.387
33.250,24.889
34.676,24.781
33.013,26.682
31.567,25.730
31.131,25.026
33.832,24.862
33.859,25.042
32.688,25.335
30.679,25.086
29.297,25.039
33.517,24.873
32.246,25.892
30.124,25.227
31.645,24.269
31.804,24.185
33.390,24.007
34.372,24.809
33.858,24.910
33.645,24.623
35.863,23.712
35.133,24.846
36.800,25.709
34.904,26.013
33.441,25.195
34.003,24.621
31.316,25.516
31.654,25.115
34.728,25.017
32.081,24.804
32.372,24.839
28.854,24.404
30.434,24.236
28.209,25.206
29.429,24.247
34.065,24.661
34.129,25.262
33.027,24.381
28.592,24.597
32.712,23.295
33.514,24.396
31.903,24.743
32.031,23.657
32.669,24.595
30.821,24.102
33.783,22.919
31.537,23.430
32.353,23.229
32.865,22.549
33.986,23.319
33.398,22.777
34.718,21.906
31.498,22.412
24.557,21.321
28.374,21.680
31.504,22.303
31.165,21.421
31.911,21.573
34.036,20.385
33.163,20.641
33.367,21.378
33.836,21.331
33.906,21.748
31.566,21.905
30.710,22.756
24.995,21.826
31.104,20.549
27.053,22.183
28.137,22.294
23.652,21.341
21.169,19.437
20.381,18.698
26.542,18.205
26.261,19.733
29.154,19.749
28.789,20.880
29.589,18.968
29.978,18.914
30.215,19.427
30.121,16.888
30.313,16.513
29.769,18.963
25.636,18.336
27.787,18.717
29.031,16.465
29.093,15.474
29.226,15.666
28.347,15.341
27.901,14.049
28.887,12.391
28.381,14.196
28.068,15.528
27.549,13.783
28.074,14.178
27.606,14.252
28.094,13.714
27.200,13.956
28.192,14.241
27.547,13.427
26.482,11.555
27.892,10.195
27.290,9.757
26.984,9.985
28.344,12.473
27.071,12.064
28.651,13.098
27.397,12.404
27.229,10.688
26.632,9.547
27.800,9.883
27.623,11.039
27.948,10.813
27.629,11.244
28.294,13.594
27.389,13.440
26.978,13.875
24.822,10.722
25.363,8.636
25.992,9.252
25.780,11.393
26.085,9.188
26.356,11.579
25.034,10.523
25.446,10.553
24.490,9.773
23.584,8.427
24.715,8.934
25.448,9.847
24.910,9.998
25.261,8.577
25.040,8.626
25.866,6.372
27.533,8.297
26.462,10.104
25.539,10.916
26.166,9.269
24.566,13.261
24.859,9.836
25.098,9.630
24.867,6.850
24.598,6.839
24.730,6.610
24.403,6.310
26.374,8.151
26.937,8.514
27.127,7.399
27.684,10.824
25.271,12.471
24.576,10.172
25.461,10.127
25.580,9.563
25.358,9.065
24.845,6.867
24.917,8.120
26.125,8.218
27.556,7.316
26.096,8.997
26.038,6.835
26.767,10.158
28.838,8.204
30.069,12.818
30.245,13.257
30.226,16.126
29.117,14.552
26.844,12.737
26.528,8.565
20.326,11.975
24.747,7.461
24.424,7.115
25.557,9.135
25.719,8.155
27.142,9.601
27.777,8.763
28.991,10.012
29.341,10.709
29.782,11.123
30.209,12.044
28.780,12.805
28.591,12.003
30.565,11.856
30.760,11.255
30.369,11.406
31.404,12.428
29.714,12.373
30.299,11.691
30.576,11.256
30.248,11.476
33.169,15.822
34.933,15.188
35.148,15.142
33.610,16.869
33.529,15.218
33.759,17.466
33.376,15.806
35.064,18.798
35.682,17.591
35.633,15.046
36.497,17.126
35.948,18.018
37.546,18.046
37.877,20.713
35.546,21.457
35.124,21.104
32.407,16.979
31.986,15.564
34.274,14.980
34.352,15.733
35.379,15.048
35.697,17.348
36.446,16.698
36.046,20.616
33.727,20.187
26.686,18.978
29.806,18.775
32.406,18.765
34.662,21.625
35.890,19.875
32.255,17.897
32.656,18.602
33.038,17.220
33.704,16.205
34.799,16.834
36.559,19.009
34.973,20.597
35.200,20.013
36.645,19.657
39.150,21.037
40.029,19.283
38.615,22.398
36.596,20.255
36.911,20.206
36.719,17.181
37.153,18.108
38.254,18.488
40.195,19.177
39.397,22.183
38.694,20.488
39.075,18.559
40.335,21.942
40.862,21.410
40.964,22.060
43.319,23.840
41.339,25.248
41.975,22.821
41.870,24.462
42.362,22.132
42.853,22.403
42.624,23.353
42.174,23.454
36.051,26.685
33.466,21.291
33.507,20.147
36.114,19.368
39.789,23.178
38.583,24.364
38.707,24.080
40.228,24.318
41.873,28.151
42.195,26.147
43.714,26.356
40.222,26.759
41.043,26.349
43.269,25.736
44.847,27.372
45.775,27.814
43.350,27.889
43.484,26.153
44.936,30.385
43.749,26.968
41.399,28.077
40.396,25.762
38.580,28.550
41.717,26.987
38.894,27.836
46.374,27.383
37.084,27.097
39.629,24.608
39.415,25.347
38.082,27.263
42.149,27.229
45.344,29.250
45.302,31.061
43.948,28.858
39.615,29.460
40.919,28.746
39.305,29.219
40.784,30.621
39.709,29.445
39.760,29.744
39.266,29.072
40.463,28.847
41.104,29.473
44.072,27.599
44.538,29.745
44.156,30.434
42.049,30.110
40.069,30.218
39.199,29.429
35.189,27.977
35.278,27.838
28.677,26.277
31.572,25.650
31.507,25.144
34.329,26.429
40.533,26.471
41.718,28.940
42.129,27.120
40.988,27.052
42.610,29.831
42.415,29.542
42.278,30.203
41.641,28.601
44.877,28.363
41.503,29.042
36.625,29.478
35.068,28.052
36.954,27.257
37.394,28.100
34.800,27.069
35.861,27.380
33.864,27.733
35.534,26.209
34.909,27.063
34.510,27.261
34.738,27.369
35.609,27.126
34.678,27.173
32.804,26.581
34.130,26.580
35.602,26.823
34.976,27.257
29.084,26.309
33.570,25.478
28.702,25.602
27.772,25.487
27.947,25.414
30.576,25.462
32.181,26.127
32.179,26.358
29.284,25.997
31.043,25.655
32.292,25.748
33.814,25.802
31.103,25.453
31.310,24.997
31.911,24.407
31.874,24.827
32.197,25.418
34.204,25.671
31.164,26.248
31.473,25.517
33.296,25.594
29.252,24.920
32.466,25.066
32.605,25.469
33.166,25.466
32.039,25.642
31.148,25.396
32.322,24.057
31.647,23.973
31.285,23.858
34.383,25.304
33.551,25.411
35.895,25.535
32.728,25.838
35.873,25.222
34.922,26.027
33.456,25.430
33.450,25.534
34.221,25.552
33.471,25.486
30.286,25.632
29.887,25.155
31.153,25.206
34.234,24.913
32.549,25.364
32.077,25.165
28.285,24.854
31.769,24.455
32.035,24.788
31.523,25.016
30.424,25.190
33.207,24.509
28.382,25.234
28.609,24.832
32.035,24.506
32.547,23.559
33.385,23.328
30.412,24.293
31.991,23.214
31.562,24.457
31.999,24.416
32.270,24.760
31.556,25.441
33.976,25.231
32.968,24.834
30.545,25.041
34.470,24.544
34.633,24.150
32.165,24.900
32.547,24.852
31.875,24.143
32.582,25.124
31.573,24.025
32.522,23.840
31.035,24.446
24.597,22.668
24.351,22.628
25.107,23.584
26.106,24.090
26.727,24.003
25.928,23.346
29.993,22.887
30.473,23.475
28.185,24.620
29.818,23.879
30.989,24.707
32.424,24.010
33.035,23.079
32.961,24.121
32.901,21.952
31.891,21.225
32.055,20.905
32.027,19.229
31.640,21.409
32.439,22.281
32.806,21.717
31.966,21.725
31.337,23.582
31.797,21.851
32.360,20.227
32.265,20.277
32.077,19.530
32.999,17.518
31.416,20.028
29.778,19.504
27.113,20.020
28.457,19.408
29.353,17.891
29.402,16.832
29.977,15.976
31.008,16.192
31.140,17.477
30.096,19.623
31.719,21.322
30.943,20.569
27.383,17.138
26.226,18.854
29.401,17.378
29.748,18.464
23.846,19.232
28.312,19.964
30.612,19.400
30.704,17.135
30.280,17.358
26.565,19.492
24.957,18.009
27.566,18.530
27.688,15.873
28.960,16.723
29.189,16.358
29.076,15.777
29.327,16.106
28.754,14.914
28.502,14.339
29.064,14.685
28.613,16.708
28.031,15.923
27.649,14.762
29.239,13.898
29.868,14.962
28.382,15.965
27.652,13.515
26.079,11.196
25.825,9.759
25.563,8.571
27.341,11.368
25.936,11.814
25.906,11.630
25.285,9.780
25.617,8.650
26.522,9.679
28.381,11.945
29.306,12.344
29.737,12.426
28.424,13.214
29.285,13.651
29.202,13.757
25.269,14.635
25.234,11.208
24.483,9.636
24.271,10.029
25.341,8.314
26.124,9.971
26.412,12.686
27.326,11.773
27.612,13.251
27.381,12.916
27.074,12.058
26.875,13.768
25.619,9.955
25.384,10.549
26.968,11.330
26.569,9.798
26.457,12.784
24.599,8.772
24.168,7.693
24.074,7.856
24.837,8.283
24.523,10.098
23.468,10.003
22.733,8.977
23.319,7.776
23.968,7.408
25.395,9.362
24.307,9.815
24.127,8.075
24.798,8.993
26.590,11.379
26.313,10.010
25.833,10.143
24.258,8.858
24.584,6.397
24.753,6.191
25.883,6.412
24.575,8.075
25.579,9.821
26.025,11.493
28.056,8.942
26.790,10.988
25.695,7.870
26.301,6.747
26.782,9.178
28.313,9.768
29.655,9.794
30.946,12.147
30.559,11.237
31.275,13.776
30.227,16.452
29.786,12.866
29.529,11.150
29.556,12.505
30.863,11.057
29.029,10.214
29.487,13.552
28.436,14.771
25.071,15.418
28.430,13.248
29.527,16.697
27.535,16.613
20.738,14.088
17.975,13.572
21.981,13.234
23.608,12.642
22.599,10.254
25.310,9.533
26.515,12.941
26.678,10.405
27.674,12.112
27.558,11.772
29.713,11.707
31.711,14.829
32.473,15.399
32.177,16.671
29.376,14.101
30.607,13.838
33.608,15.164
34.664,20.057
24.384,16.893
28.371,14.023
30.244,14.164
30.254,15.290
30.147,14.441
29.735,14.587
31.802,13.481
32.901,15.470
35.814,16.801
35.943,18.104
35.998,19.334
24.005,19.529
32.281,16.799
30.055,18.103
29.675,15.736
31.363,15.061
33.450,15.014
36.126,17.517
37.937,19.160
37.050,21.929
37.809,21.896
38.109,22.201
37.123,22.284
36.425,21.218
35.832,20.382
36.132,19.112
38.709,18.002
40.928,19.899
42.451,20.871
43.832,23.297
41.219,24.100
41.671,24.861
40.757,23.930
40.140,22.308
41.242,20.472
40.950,20.394
41.509,21.772
42.023,21.333
40.013,24.550
39.340,21.777
39.359,22.608
37.682,23.295
37.092,23.601
37.573,24.263
38.786,25.177
38.975,25.077
39.058,26.117
37.885,25.340
41.411,25.229
40.622,25.322
39.671,25.390
40.858,25.381
43.273,27.771
43.308,25.882
41.807,27.063
36.851,25.080
38.999,25.543
37.872,25.938
40.955,25.841
37.707,25.279
37.785,23.397
37.385,26.409
39.326,26.925
39.284,26.800
41.822,28.042
37.328,27.788
35.409,26.926
34.619,26.201
36.245,25.454
38.842,25.905
43.945,27.337
40.516,28.389
40.438,27.357
38.764,26.713
39.568,26.577
36.926,27.018
38.603,27.835
37.348,29.628
41.319,26.615
38.645,28.454
40.796,27.763
42.040,28.868
43.269,30.343
43.275,28.100
42.159,25.973
43.150,27.267
42.893,28.882
42.303,26.327
42.546,27.277
43.405,29.853
42.863,29.006
44.730,29.360
44.990,26.916
45.768,29.647
45.194,26.546
42.346,26.357
40.887,28.833
44.314,28.304
42.791,29.837
40.978,28.604
33.234,28.140
41.303,27.655
42.046,29.577
36.925,28.898
35.270,28.124
29.785,26.318
33.147,26.161
34.384,27.101
39.385,27.079
35.562,28.099
34.599,27.122
36.375,27.049
37.698,27.144
37.871,26.998
35.280,27.391
35.289,26.985
39.335,26.590
35.553,27.849
38.137,27.535
32.508,27.167
34.671,26.723
33.420,26.684
38.829,26.807
33.507,27.883
32.802,26.691
30.226,26.787
27.641,25.817
28.977,25.496
33.924,25.299
36.157,25.001
39.511,26.476
36.867,27.756
36.445,27.396
31.952,27.188
33.527,26.631
32.270,26.790
32.569,26.552
32.388,26.554
32.395,26.389
29.159,25.116
27.747,25.107
26.230,24.749
29.166,24.142
31.675,24.628
29.173,25.312
26.399,24.504
29.379,24.679
29.943,25.082
30.052,25.187
29.371,25.367
31.300,25.676
32.988,25.990
27.164,25.583
32.147,25.215
30.367,25.710
34.002,25.684
31.770,25.877
32.802,26.061
32.684,25.244
33.134,25.057
34.576,25.639
36.981,26.234
35.192,26.771
33.115,26.587
30.333,25.820
30.192,25.518
29.789,24.611
24.871,24.163
30.621,24.410
30.331,25.262
29.110,25.243
29.816,24.024
32.199,24.068
33.082,23.306
34.042,24.413
33.046,25.254
35.336,25.909
34.287,25.587
31.381,25.496
31.161,25.017
32.389,25.555
32.641,25.357
33.324,25.810
34.804,25.391
32.525,25.003
33.988,25.200
33.306,25.046
31.657,24.925
29.875,24.216
29.175,24.317
31.744,24.006
33.842,23.714
31.237,24.441
33.192,24.123
33.404,24.495
32.347,24.109
30.527,24.844
31.026,24.646
32.076,24.277
33.626,25.245
30.848,24.884
31.245,24.662
32.057,24.788
33.056,24.588
30.631,23.166
22.873,21.266
25.270,22.941
26.472,24.481
29.668,24.497
29.071,24.993
28.750,24.770
30.166,24.456
30.701,25.188
30.467,24.276
31.527,24.047
32.149,24.178
31.628,24.305
32.256,23.762
32.213,24.320
32.425,24.083
29.097,20.455
26.421,20.678
29.589,20.323
30.474,18.847
30.941,19.333
30.584,20.538
32.253,19.222
30.274,22.650
29.349,21.648
28.328,22.311
29.630,21.675
30.157,18.557
31.516,17.762
30.865,18.206
30.017,16.430
30.226,15.727
30.855,15.893
31.322,16.622
30.354,18.529
30.625,19.190
31.031,17.785
30.068,18.121
30.613,18.388
29.665,19.451
32.248,18.586
30.025,19.492
30.409,17.528
31.575,18.948
30.665,17.832
30.659,19.026
30.354,20.321
29.737,18.918
27.929,19.217
29.180,17.371
29.246,14.464
29.144,14.627
28.050,13.427
28.456,14.780
28.571,15.627
25.134,13.989
28.220,13.904
28.972,14.152
28.046,14.090
26.983,14.111
27.730,13.774
26.840,12.320
27.947,13.976
27.875,14.240
27.937,12.773
29.847,13.766
28.703,13.956
26.407,14.925
26.602,11.525
26.724,11.954
26.810,14.197
27.481,12.784
27.037,11.089
27.018,12.434
26.766,10.990
26.357,11.014
26.458,11.734
25.563,9.554
25.175,10.211
25.713,9.856
26.091,9.451
26.822,9.490
27.939,11.848
28.979,15.561
25.451,16.184
25.800,12.414
24.141,9.539
23.791,8.842
24.444,7.358
24.879,10.308
24.196,9.583
24.524,10.816
23.831,9.170
24.530,10.653
24.824,10.136
25.404,8.428
24.527,9.844
25.130,9.805
23.932,7.408
24.056,8.761
24.563,8.817
23.714,7.923
25.099,6.101
26.233,8.728
27.414,12.230
26.747,11.819
26.361,7.783
26.386,10.586
26.674,11.167
28.755,12.086
29.907,14.086
28.338,13.998
25.928,13.921
24.136,10.251
24.271,9.694
24.370,9.750
24.882,8.310
25.719,8.945
27.222,9.741
29.429,11.537
23.363,12.183
25.665,12.987
25.110,8.505
17.685,11.041
15.905,11.909
19.377,12.440
20.363,9.833
22.108,9.843
21.784,9.040
20.505,11.691
16.781,9.582
19.995,8.581
21.097,6.240
21.406,4.415
23.183,5.197
26.028,10.041
28.547,12.999
29.112,16.405
26.191,15.196
19.057,16.548
25.668,15.041
23.239,10.751
24.466,9.088
24.678,8.181
23.237,8.868
23.882,7.880
24.980,8.110
26.627,8.522
27.482,7.893
28.971,10.085
29.498,10.906
26.695,11.015
27.168,10.496
30.270,13.014
32.105,13.908
32.939,13.491
32.092,15.658
30.058,14.997
28.701,9.491
29.131,10.718
30.488,11.382
30.953,10.829
33.588,13.996
33.334,15.070
34.813,15.319
33.917,15.444
32.703,16.672
33.168,16.958
34.875,17.007
34.075,16.106
34.446,17.458
35.288,18.164
36.431,19.694
35.853,20.719
35.860,22.719
36.666,20.617
37.045,19.123
36.349,18.682
37.531,17.696
39.024,18.724
38.687,20.191
38.264,20.354
38.327,19.485
38.731,19.488
36.872,22.639
37.503,21.559
37.647,22.345
37.947,20.746
39.025,22.278
39.682,20.882
39.244,20.593
39.167,18.308
35.791,21.510
37.112,23.414
38.174,22.859
36.565,21.593
33.617,22.592
34.601,22.289
34.052,18.856
35.629,20.574
37.897,20.600
39.044,21.798
40.145,23.474
41.609,22.893
41.333,25.338
40.752,23.411
41.708,26.073
43.099,25.199
42.236,25.138
41.862,24.966
41.750,23.923
41.534,22.896
42.190,23.818
42.591,21.396
42.578,22.444
43.321,23.355
43.687,24.683
44.288,25.611
44.669,25.084
44.918,26.725
43.894,25.563
43.657,26.092
43.801,26.711
43.574,25.230
44.024,27.793
45.091,27.333
41.758,28.593
41.318,26.967
43.379,27.655
41.646,27.665
42.204,27.406
42.234,26.859
43.000,26.910
44.581,28.824
42.457,27.536
42.427,27.854
42.679,29.555
41.751,28.479
42.409,28.491
44.124,28.220
43.229,28.886
39.167,28.286
40.238,24.857
43.649,26.769
38.593,27.173
37.761,27.615
37.442,27.682
39.693,26.247
42.030,27.054
41.907,27.412
43.454,26.355
43.779,25.803
42.780,27.361
46.179,29.091
44.516,29.378
39.478,28.546
40.192,26.531
39.308,28.148
42.320,28.113
36.655,27.710
35.689,26.336
34.923,26.366
33.366,27.249
33.896,26.302
35.231,26.454
38.903,26.946
36.348,27.448
36.866,26.969
34.186,27.054
31.542,25.896
25.894,24.859
27.063,24.044
37.063,24.871
32.148,25.968
32.935,25.160
34.231,25.743
34.331,25.858
35.988,25.767
38.857,26.799
33.983,27.135
34.022,25.952
29.816,25.963
30.500,25.853
32.794,25.968
35.491,25.737
34.251,26.518
31.893,26.212
34.164,26.204
32.763,26.359
33.543,25.797
31.885,25.491
32.058,25.358
32.579,25.692
31.098,26.435
33.291,26.125
31.570,25.826
32.178,25.452
30.250,26.392
31.299,25.648
30.242,26.079
32.818,25.200
32.593,26.196
26.965,25.256
33.504,25.296
32.737,26.089
31.875,26.038
29.459,25.305
31.981,25.332
31.952,26.527
31.538,25.808
31.855,25.728
32.172,24.890
30.947,25.080
32.030,24.958
32.599,25.545
33.927,25.469
33.090,25.549
33.879,25.706
33.227,26.075
33.033,25.376
32.819,25.783
31.923,25.992
32.878,26.027
27.061,25.647
30.149,25.424
33.021,25.467
31.084,25.463
32.488,25.547
31.776,26.154
30.987,25.283
33.331,25.190
30.703,25.591
29.508,25.648
30.287,25.329
30.579,24.668
30.397,23.934
31.655,24.092
33.189,24.476
33.159,25.326
34.667,25.078
33.531,25.350
30.687,26.016
30.602,25.391
31.919,24.718
34.612,25.263
35.407,24.397
34.336,25.016
34.453,25.030
32.055,24.653
31.852,25.014
33.172,24.007
32.143,23.503
34.936,23.789
31.578,24.339
31.659,24.707
33.680,23.755
33.605,24.330
35.104,24.513
33.024,24.139
32.950,24.165
30.337,23.709
29.727,24.592
29.363,25.117
31.311,24.755
34.819,24.740
34.185,24.411
32.588,24.131
30.095,23.933
29.474,23.294
26.097,24.077
29.160,23.383
30.549,22.623
30.972,23.773
27.730,22.607
31.089,23.233
33.116,22.378
33.857,23.161
32.928,22.830
31.828,23.238
33.327,23.399
31.112,22.498
34.187,23.151
30.003,21.230
34.052,21.213
32.709,21.181
32.762,19.752
33.157,20.215
33.709,21.922
32.829,21.851
32.091,21.018
33.781,20.035
31.620,19.520
31.493,20.001
31.261,19.881
31.078,17.698
30.869,15.349
32.530,17.174
32.979,17.279
28.919,16.474
29.537,20.740
26.892,18.207
28.278,18.007
30.584,17.800
29.884,18.263
30.270,19.152
31.514,19.444
30.752,18.964
31.232,17.200
30.739,17.554
32.813,18.352
30.604,19.484
30.800,18.629
30.854,17.799
29.933,14.935
31.161,15.548
31.361,16.430
31.206,15.378
31.392,16.961
30.918,17.768
30.295,17.279
29.093,16.936
30.711,16.512
29.767,17.341
28.394,15.612
29.900,14.356
29.497,17.124
28.809,19.105
28.800,16.124
27.484,13.211
26.492,12.461
27.204,11.176
27.740,12.812
28.395,12.145
28.418,13.259
28.304,14.141
27.682,11.885
27.968,13.182
28.567,14.597
27.763,14.524
27.267,13.928
27.779,12.615
27.953,13.205
27.089,16.231
28.549,13.785
29.067,15.241
28.202,15.071
28.889,14.115
29.561,14.635
29.491,14.590
28.021,12.771
26.588,12.948
26.298,10.591
26.312,10.097
26.138,10.991
25.775,8.612
27.423,11.375
26.385,11.355
25.694,10.377
25.110,12.757
24.436,10.996
23.390,9.953
24.924,10.587
25.398,11.296
25.892,8.727
25.228,9.831
25.172,7.242
25.644,8.916
25.532,10.356
24.256,7.689
24.789,6.758
25.015,7.043
25.520,8.494
27.567,11.792
19.328,13.882
26.497,11.266
27.385,13.457
27.366,11.552
26.895,12.432
26.076,12.581
25.782,10.162
26.407,10.546
26.542,8.113
27.261,9.313
27.339,11.004
28.524,12.403
29.465,13.504
28.531,14.648
25.423,12.017
26.901,9.487
27.455,11.408
28.178,11.573
29.545,12.614
31.557,11.680
32.013,13.491
29.603,15.428
27.955,11.008
28.059,11.060
29.159,12.021
27.640,11.796
27.843,10.579
27.862,8.454
28.279,8.265
29.794,8.221
30.871,11.230
31.325,10.307
30.340,12.274
29.701,11.857
30.596,9.498
32.283,13.620
30.682,14.923
28.401,13.448
30.619,11.141
31.631,13.929
31.931,13.848
31.555,13.788
32.174,12.717
31.319,13.818
32.975,11.263
33.062,15.343
34.611,16.661
33.192,18.219
34.601,14.162
35.252,15.267
34.676,17.600
34.920,17.368
33.867,16.662
32.923,16.338
32.781,12.675
33.317,14.920
35.318,14.552
36.486,18.161
35.567,19.038
36.623,17.110
37.186,15.421
38.063,18.755
37.227,21.911
36.426,20.005
34.818,17.937
35.394,16.107
37.249,18.523
39.239,17.585
35.495,20.422
38.218,16.144
38.537,20.096
36.802,18.712
37.447,19.521
37.668,21.867
35.825,22.620
39.098,19.428
37.268,22.974
37.956,19.909
37.225,23.352
35.326,19.987
36.576,22.616
39.391,21.822
38.043,21.749
38.067,22.823
37.446,20.229
37.677,20.465
39.345,22.760
41.371,22.648
41.012,22.495
39.928,22.940
39.914,24.488
39.817,22.127
41.862,21.039
39.605,25.638
38.493,22.179
40.102,20.455
43.439,22.306
41.712,23.235
42.941,26.331
43.300,27.248
43.011,27.359
41.813,26.959
42.833,27.092
42.520,24.769
44.199,24.137
44.055,26.024
42.020,27.051
41.377,23.964
41.871,23.581
42.536,23.151
42.832,22.297
43.313,21.582
43.605,25.002
43.596,27.008
47.136,27.768
44.497,28.148
43.282,27.817
43.140,27.350
43.213,27.974
43.411,28.467
43.290,28.296
42.941,26.080
43.958,26.300
45.036,28.194
34.701,27.540
29.239,23.019
35.823,21.850
35.956,23.523
38.302,25.100
39.305,27.389
37.248,27.487
39.675,26.369
39.049,27.259
38.672,28.124
42.042,28.474
38.676,28.831
38.805,29.048
38.468,29.185
28.680,22.693
34.969,22.108
39.436,24.083
42.137,26.195
40.444,27.711
40.292,27.202
38.726,28.194
37.422,27.889
40.848,27.296
38.829,29.426
44.941,28.640
40.451,29.231
39.908,29.652
42.514,28.439
44.677,29.174
45.994,28.030
46.033,26.442
45.061,29.918
44.674,28.968
44.348,29.901
46.867,29.810
43.303,30.339
44.834,29.396
44.040,27.506
44.928,26.459
44.586,27.200
45.403,28.261
45.720,29.063
46.059,30.389
46.953,30.991
41.361,31.911
39.138,30.672
42.041,30.202
38.974,30.854
37.323,29.936
37.270,28.706
33.545,27.961
32.012,26.790
32.956,26.723
36.292,27.099
35.379,26.961
33.970,26.774
35.777,26.814
33.738,26.834
33.023,26.473
34.857,26.158
32.092,25.853
33.575,25.858
37.552,25.839
37.237,27.167
39.262,27.142
36.818,27.417
34.848,26.620
37.001,26.742
39.777,28.297
33.524,28.659
35.100,27.084
35.265,26.025
34.622,26.773
36.771,25.927
37.024,27.285
38.167,27.943
38.806,29.341
29.804,26.394
31.092,25.800
32.063,26.033
32.989,26.272
34.581,25.700
38.147,26.792
33.106,26.945
31.418,26.599
36.991,26.075
36.764,27.930
33.878,27.196
38.405,26.824
34.109,27.090
36.094,25.996
33.375,26.821
34.085,26.517
36.056,26.837
33.657,26.809
29.714,26.659
30.076,25.660
31.888,25.370
32.467,25.851
32.123,25.700
32.080,25.108
32.647,24.871
31.870,24.837
31.414,24.934
32.841,24.763
26.496,24.981
30.873,24.356
30.309,24.447
28.506,24.475
30.144,24.837
30.839,24.698
34.060,25.072
34.577,25.177
32.739,25.400
33.509,24.828
37.343,24.443
31.713,25.472
29.633,25.183
25.470,24.680
30.369,24.630
31.157,24.703
27.268,24.163
31.143,24.378
32.766,24.898
32.769,23.878
33.126,23.875
36.010,23.138
33.691,26.105
31.333,24.485
32.003,24.521
33.441,24.775
34.400,24.568
32.832,24.581
34.522,24.097
32.541,24.660
33.302,23.372
31.971,23.767
30.302,24.463
33.140,23.910
34.430,24.070
33.603,25.236
33.746,24.664
33.290,24.130
33.582,24.217
30.746,25.194
30.190,24.969
29.786,24.626
29.647,24.220
29.537,24.516
30.327,24.666
27.689,23.110
30.338,21.218
31.095,20.776
31.385,20.811
31.327,20.656
30.621,19.908
31.115,18.955
32.001,18.975
32.050,19.558
30.836,22.155
30.732,19.791
30.344,18.526
30.873,17.893
29.703,15.900
28.727,16.326
29.535,16.327
29.163,16.280
28.629,15.350
29.336,15.051
28.988,16.009
30.087,15.873
30.085,15.731
29.807,17.092
29.173,17.922
30.704,17.041
30.289,15.880
30.890,16.791
31.602,16.763
31.073,15.901
29.874,18.422
31.134,17.316
30.911,18.121
28.494,16.633
28.358,20.117
24.815,16.928
32.471,16.430
30.498,21.971
31.755,22.612
31.078,21.331
25.098,19.894
19.772,18.236
27.484,17.238
27.060,16.275
24.505,12.643
23.880,11.619
25.639,10.577
25.422,12.656
25.394,12.887
25.467,12.456
26.212,11.947
25.679,11.527
25.799,10.813
25.523,11.461
26.667,10.999
26.755,11.721
26.339,12.155
26.312,11.100
26.255,11.524
25.912,12.177
26.228,11.708
26.642,13.176
27.278,10.907
25.875,9.844
25.553,8.622
25.658,10.522
25.982,10.993
27.499,11.949
27.099,13.207
27.000,11.304
27.929,14.627
28.315,15.200
23.395,13.836
27.150,16.803
25.171,11.964
24.103,9.272
23.254,8.810
23.436,9.483
22.939,9.491
23.571,9.128
23.975,8.220
23.716,6.546
24.093,7.744
23.558,7.489
24.042,6.498
22.700,12.195
21.639,8.719
21.790,7.281
22.066,6.861
22.555,9.469
22.314,10.116
21.838,8.360
23.621,4.339
24.361,5.566
24.427,9.160
24.351,9.982
23.934,9.294
23.610,8.878
24.336,10.285
25.837,13.622
24.851,11.445
22.873,8.966
23.295,7.131
24.366,8.368
23.198,8.637
24.938,8.407
24.142,7.732
25.071,9.033
25.011,8.203
25.167,8.197
26.183,5.566
26.494,9.336
26.905,8.981
26.523,8.956
26.496,8.161
27.781,10.988
27.054,11.800
27.619,10.729
28.877,11.014
27.595,11.369
26.370,10.812
27.099,9.639
27.073,9.931
27.649,9.230
29.155,11.014
29.940,16.267
30.882,13.462
31.448,15.679
31.365,14.390
30.066,14.295
29.078,13.560
29.780,12.018
29.452,16.375
30.453,15.838
28.483,14.558
29.637,10.476
29.289,12.438
29.423,11.777
29.916,12.441
32.640,12.574
33.028,18.359
32.374,17.679
32.169,14.728
32.593,15.930
33.414,17.346
33.824,16.527
35.257,17.590
33.678,19.233
35.939,18.769
37.607,19.553
36.039,19.416
36.029,19.773
36.139,19.728
35.181,17.998
35.233,17.027
35.059,16.154
35.746,18.648
35.435,17.998
35.899,17.561
37.484,17.609
36.646,20.470
37.786,21.235
38.762,21.267
37.853,19.973
38.921,20.709
39.699,20.296
42.523,22.539
41.533,23.845
41.683,23.734
42.631,21.226
41.240,21.999
42.260,22.606
41.870,22.082
40.390,19.378
41.177,22.299
41.550,22.644
42.412,22.138
41.916,21.978
42.111,20.383
41.929,21.247
41.739,21.164
42.646,24.267
42.681,23.502
42.015,22.328
42.246,22.632
43.511,24.123
43.717,25.767
44.357,22.727
44.013,24.878
44.473,25.115
43.634,25.390
45.227,28.045
45.598,28.070
45.333,25.669
44.621,28.024
44.955,24.222
46.195,24.029
44.812,24.768
44.347,23.649
44.923,23.868
44.222,25.203
43.982,22.933
40.288,26.805
42.612,26.082
44.692,27.948
45.029,26.008
41.844,27.692
37.808,27.890
43.048,25.543
43.008,28.600
40.011,29.332
39.265,27.787
40.753,25.469
41.122,26.777
43.596,27.251
44.286,27.010
45.449,26.012
45.645,26.709
45.211,25.697
48.865,24.381
46.594,29.099
45.414,30.134
44.770,28.410
44.044,28.693
47.947,29.690
41.297,30.975
38.121,29.179
39.870,27.411
39.856,26.544
40.979,28.212
43.003,26.732
42.923,27.942
36.748,26.784
40.280,24.270
41.962,26.977
44.555,28.835
45.370,29.191
45.038,28.968
48.099,28.678
46.019,30.252
43.081,30.918
43.171,29.946
44.177,30.413
44.672,30.821
44.870,29.550
43.705,31.505
43.688,30.203
44.310,30.876
42.084,30.356
41.119,28.962
44.932,28.884
44.464,29.647
45.399,30.291
40.724,30.417
34.946,28.356
39.335,27.569
32.720,28.088
40.093,26.665
40.728,28.675
34.040,27.994
36.786,26.555
36.490,27.175
34.864,27.043
33.296,26.126
43.904,26.351
41.141,27.962
39.462,28.435
35.308,27.352
35.207,26.508
33.295,26.898
36.501,26.513
38.223,25.761
37.463,27.150
35.463,26.380
38.841,26.363
44.583,28.522
40.987,29.719
29.618,26.938
30.457,26.347
33.692,26.243
32.520,26.709
35.286,25.829
33.962,26.922
37.211,26.916
38.420,27.388
33.839,27.048
35.785,27.129
36.168,26.931
35.263,26.991
34.950,26.537
33.190,26.582
34.774,25.629
29.207,25.951
31.476,25.677
36.564,25.409
35.555,25.954
32.766,26.098
32.559,26.207
32.093,25.716
33.338,26.094
34.405,25.594
36.182,25.184
34.988,26.478
34.941,24.946
35.984,25.372
37.219,25.772
37.980,27.597
37.312,27.138
40.392,26.233
33.586,27.891
33.728,27.033
32.397,26.598
33.387,26.211
32.422,26.019
35.833,26.053
35.841,26.814
31.338,26.424
32.522,25.783
32.322,25.189
30.981,25.913
31.632,24.932
29.728,25.876
33.021,25.313
33.927,25.206
34.060,25.328
34.848,25.083
32.916,25.491
33.136,25.030
33.226,25.162
33.180,25.366
33.043,25.096
35.132,24.925
35.398,25.487
32.316,25.298
32.945,24.923
31.605,25.222
31.829,24.940
34.594,25.385
35.171,25.230
32.448,26.099
32.917,25.713
33.712,25.519
30.861,25.120
29.384,24.881
29.066,24.374
29.755,24.693
29.058,24.426
30.315,24.440
31.418,23.805
31.550,24.409
28.578,23.437
27.397,22.419
30.614,21.873
32.475,22.891
32.228,23.020
32.997,23.065
33.023,22.390
33.260,22.788
34.997,22.236
34.530,22.205
33.441,23.159
34.006,23.953
32.912,23.652
33.998,22.974
30.122,23.282
27.769,23.158
24.030,20.592
31.091,17.698
33.440,19.084
33.700,20.312
32.576,21.126
32.039,20.867
26.484,21.657
29.610,22.042
29.178,23.416
29.094,22.926
30.864,22.521
31.908,22.123
30.790,22.312
26.168,21.517
29.541,21.014
30.791,19.926
31.952,20.037
31.458,18.370
30.864,16.268
30.933,17.312
29.611,17.200
30.215,14.672
29.715,14.884
29.373,19.050
20.620,18.096
29.402,15.553
29.524,15.947
30.049,16.800
30.014,14.644
30.153,16.593
31.375,16.380
33.120,19.354
33.090,19.625
31.359,20.101
29.718,19.683
30.637,18.624
31.015,17.968
31.564,18.188
31.556,19.993
31.764,20.222
31.551,19.235
31.912,18.802
30.476,19.623
30.138,17.897
28.602,15.627
29.143,13.680
28.486,12.928
28.217,15.427
29.880,17.336
29.481,20.050
29.602,19.833
28.975,18.433
29.055,17.288
27.065,13.920
25.514,11.296
25.592,8.899
26.360,9.730
26.905,11.710
26.779,11.834
24.955,14.518
19.377,16.857
22.646,17.512
22.063,17.369
27.282,15.799
26.789,15.713
23.215,13.862
23.440,9.707
23.666,10.357
23.865,10.226
24.835,10.851
24.996,11.735
26.146,13.564
24.961,11.642
23.668,10.292
22.936,7.865
22.032,7.687
23.982,8.035
25.651,7.119
24.315,8.974
24.060,7.104
24.461,9.351
24.532,10.702
25.589,11.115
25.552,12.016
28.377,15.666
23.095,13.476
20.534,9.127
20.457,6.587
21.416,8.756
19.255,8.004
21.141,7.239
21.219,8.578
20.556,8.980
20.389,8.236
20.263,8.727
20.487,7.090
19.751,6.277
21.274,5.858
23.692,6.470
25.904,9.324
21.681,10.408
20.053,6.963
21.740,5.704
22.599,5.447
22.489,4.934
21.398,6.158
22.538,6.001
24.220,8.179
25.571,9.450
25.592,9.767
26.357,11.576
25.421,11.681
25.060,7.506
25.104,8.660
27.954,14.508
26.071,11.317
25.371,10.460
23.905,7.403
26.373,8.165
26.561,9.779
28.169,9.881
28.026,10.124
28.966,10.742
29.968,10.807
28.576,14.252
27.906,10.707
28.214,10.220
28.276,10.212
29.271,11.155
30.148,11.639
31.663,15.622
32.475,14.980
23.755,12.683
28.159,11.918
27.661,10.339
28.052,9.392
20.598,13.837
27.844,10.840
29.352,12.469
29.546,11.997
26.685,12.275
30.159,14.390
30.541,12.468
29.797,13.817
29.922,12.544
31.329,13.218
33.582,15.508
31.899,16.981
35.006,17.478
34.714,18.793
33.684,16.153
34.332,16.747
34.899,18.525
34.633,19.781
35.380,18.881
32.691,17.267
33.950,14.682
33.460,15.648
34.125,16.867
35.389,15.677
36.914,17.308
36.204,18.480
39.070,19.335
39.813,19.651
38.236,18.871
38.065,18.757
37.725,17.015
36.636,18.207
40.275,21.574
37.325,20.082
36.880,18.511
36.991,21.398
36.133,20.696
39.541,21.223
36.153,20.841
37.325,19.192
39.787,19.508
39.035,22.739
32.926,22.299
34.813,18.983
35.331,18.635
38.547,17.775
38.294,19.307
37.926,21.697
38.871,22.184
39.946,23.437
39.092,24.179
39.401,24.394
38.197,22.614
37.629,21.989
40.989,23.959
40.244,24.733
40.735,25.469
42.717,26.856
39.688,25.326
40.289,22.666
40.013,27.424
40.075,22.660
40.220,22.273
38.297,25.692
36.414,24.602
37.407,23.828
38.059,24.310
42.781,25.070
41.024,26.254
43.245,25.858
42.145,26.321
42.373,25.877
37.724,25.775
39.129,25.244
40.415,26.612
44.529,26.415
39.421,25.996
42.492,25.879
43.519,25.442
43.382,27.484
46.555,28.001
45.026,26.518
42.211,28.437
44.113,27.525
44.859,29.905
45.430,30.204
43.165,29.630
39.141,26.311
34.746,25.622
40.982,24.010
46.084,28.007
41.607,28.945
42.806,27.572
41.367,27.745
40.949,28.844
41.239,27.932
41.837,27.986
38.669,28.887
40.754,27.032
41.161,27.140
41.987,27.943
44.230,28.586
45.564,29.435
42.584,28.549
47.110,28.947
41.685,30.274
44.016,29.002
43.360,29.397
44.239,28.669
42.100,28.319
44.405,30.275
38.543,29.368
39.662,27.160
36.621,27.835
31.493,25.344
33.775,24.906
28.624,24.245
26.354,24.167
25.672,24.622
29.917,25.399
34.153,25.478
35.680,25.858
36.518,26.731
35.072,28.173
32.277,26.666
28.592,26.011
31.090,25.806
30.280,24.838
30.903,24.465
29.496,25.556
29.934,24.580
32.248,25.289
30.530,24.753
26.850,25.113
30.485,24.831
31.638,23.867
30.374,24.263
31.647,24.909
32.266,25.679
33.327,25.751
34.479,25.889
33.285,26.754
32.223,25.779
32.584,25.706
30.173,25.830
30.819,25.493
31.226,25.338
31.706,25.615
29.431,25.802
28.022,25.740
28.655,24.961
29.417,25.156
31.069,23.972
30.619,24.513
32.687,24.352
34.252,24.856
35.366,25.709
30.245,25.281
30.665,24.836
30.751,25.445
33.786,26.134
34.017,26.659
29.575,26.461
30.162,26.029
29.523,25.749
32.400,26.022
29.260,25.335
26.677,24.397
28.087,23.941
27.032,24.406
28.517,24.494
30.279,24.848
27.927,23.764
26.365,24.257
30.610,24.354
31.585,24.888
28.312,24.265
30.027,25.032
27.142,24.585
28.693,24.357
32.291,23.574
33.962,23.962
29.425,25.170
31.087,24.591
31.652,25.226
30.711,25.110
30.366,24.016
30.398,24.192
30.260,24.087
31.147,23.882
31.594,24.311
31.736,24.972
29.968,24.407
28.856,24.597
30.065,24.676
32.142,24.631
32.242,24.881
30.542,24.427
30.126,24.189
28.861,24.704
28.198,24.351
30.321,24.691
29.357,24.367
30.734,23.639
34.696,23.346
31.114,24.762
29.812,24.374
30.536,24.052
27.250,24.591
27.982,23.136
25.526,22.797
27.924,23.057
30.330,24.155
26.643,23.203
27.558,24.130
27.936,24.362
29.223,23.511
25.895,22.714
28.111,21.445
28.684,21.455
29.347,21.884
30.415,21.994
29.125,22.251
30.643,21.268
29.282,20.991
29.857,20.569
31.121,21.480
30.551,20.491
33.026,21.592
32.128,22.302
31.811,21.978
32.644,22.486
32.011,22.315
32.042,20.281
32.488,20.523
30.458,18.995
30.814,17.237
31.775,17.198
31.337,18.111
29.822,20.885
29.069,21.217
31.431,20.773
25.877,20.630
30.074,19.039
29.461,17.807
30.317,19.147
30.871,16.882
30.422,17.811
29.861,16.977
28.490,15.078
29.584,13.323
28.554,14.007
28.286,14.623
28.406,14.419
28.983,14.365
29.634,16.032
28.623,14.717
29.914,14.717
28.804,15.308
27.448,16.235
27.738,14.755
28.074,14.243
29.587,13.857
27.955,15.601
28.001,14.577
28.165,14.909
28.270,15.025
29.147,15.376
27.606,14.774
28.014,14.453
26.804,15.255
27.048,13.682
27.050,13.143
27.547,13.191
27.886,12.951
28.040,13.179
27.865,12.586
27.277,13.378
27.048,12.079
26.786,12.358
26.684,12.158
26.193,12.643
25.004,10.235
26.155,9.778
27.861,12.712
27.373,13.627
28.348,13.894
28.239,12.629
26.995,11.678
25.894,11.351
25.716,10.823
26.734,10.117
26.194,10.431
25.084,10.392
24.726,13.630
23.992,9.154
22.499,7.756
22.083,6.369
22.375,5.973
20.964,4.801
21.291,4.623
22.190,5.715
21.692,6.036
21.848,5.550
23.326,5.253
23.666,7.655
22.339,7.970
23.124,5.194
23.846,7.420
25.072,7.858
26.007,8.068
25.879,8.060
26.873,8.278
28.125,11.162
24.288,15.081
21.690,14.409
22.766,12.946
21.689,10.457
24.114,10.246
25.589,14.466
25.416,14.194
25.318,13.497
24.303,13.968
22.520,10.102
21.574,9.478
20.808,8.010
20.236,6.691
20.470,5.651
21.601,6.466
23.905,7.101
24.910,9.379
25.817,8.340
24.643,11.982
23.839,10.146
21.799,11.117
21.314,6.940
23.513,4.695
23.787,7.439
24.349,7.294
24.795,8.279
24.820,11.074
25.062,8.535
25.115,10.103
24.488,8.187
23.936,7.069
24.190,9.132
23.476,7.843
23.783,7.064
25.248,7.373
28.459,7.856
28.779,11.857
29.529,12.804
33.084,15.667
24.317,12.501
23.006,7.160
24.200,5.870
24.598,6.045
28.590,9.095
31.659,14.890
30.947,15.023
30.317,17.460
28.646,15.383
28.618,12.751
28.624,11.653
27.697,11.939
30.021,12.267
32.654,12.555
32.813,16.866
33.697,16.258
33.259,16.727
32.279,16.747
30.558,12.215
32.426,13.747
31.055,12.837
31.625,10.869
31.669,11.307
32.281,11.079
33.264,14.718
34.150,14.797
36.333,16.590
34.507,16.513
33.376,14.615
33.738,14.894
32.731,14.381
33.415,12.655
35.836,14.947
31.299,17.965
31.602,14.007
32.211,15.979
32.325,14.737
34.145,14.155
35.659,18.024
35.579,19.178
37.998,17.839
39.063,18.960
36.957,20.528
36.588,17.733
36.838,15.993
37.378,17.401
39.562,18.430
39.793,18.070
40.822,19.883
38.981,20.455
37.892,19.835
39.771,19.988
41.596,20.865
40.487,23.763
41.468,24.033
41.905,24.835
39.347,23.526
36.994,22.387
40.479,22.599
41.178,21.823
39.250,22.860
38.875,22.160
33.716,22.192
38.013,20.912
40.081,22.162
39.405,23.158
39.870,21.600
39.605,22.446
40.810,20.923
41.942,22.108
41.750,23.160
42.153,24.273
40.662,25.125
40.751,24.870
40.900,25.382
42.703,23.478
41.956,23.658
41.673,25.096
42.127,24.881
41.485,25.066
41.244,23.867
41.252,23.298
41.198,24.222
39.831,24.693
40.893,24.073
44.366,24.225
38.439,25.133
42.657,24.326
45.700,25.472
44.837,27.278
42.295,27.459
41.968,27.067
47.517,27.433
43.831,27.398
43.737,27.975
44.089,28.975
43.851,26.171
43.078,25.951
45.171,24.644
45.369,26.906
46.347,28.545
45.848,30.170
47.536,28.221
45.220,25.883
45.986,25.444
45.720,25.127
45.789,25.918
47.548,27.698
44.306,30.390
44.676,29.863
48.885,29.992
48.042,30.166
45.867,31.127
48.208,30.786
47.270,30.997
46.532,30.491
45.240,28.745
45.609,29.602
44.798,29.961
43.404,30.079
42.725,28.972
44.417,28.420
44.794,28.666
46.598,27.554
46.457,30.878
48.426,31.695
47.191,31.407
46.341,31.170
44.812,31.282
39.191,28.095
34.876,26.631
37.360,27.561
38.862,28.507
37.194,26.907
29.953,26.045
30.355,25.370
35.021,25.401
35.827,25.933
40.070,26.930
42.183,26.914
40.198,28.004
42.893,27.719
43.669,28.841
40.540,30.413
36.242,28.483
35.155,26.843
30.773,26.777
30.995,26.049
31.736,25.945
31.607,25.859
32.033,25.965
30.338,25.577
32.407,25.353
34.841,26.077
31.270,25.933
33.513,25.966
33.496,26.723
33.213,26.567
32.089,26.174
32.859,25.066
34.980,26.144
32.055,26.174
30.581,25.152
30.231,24.962
31.806,25.375
33.124,25.448
29.806,25.926
31.579,25.421
31.463,24.702
31.903,24.723
30.466,25.522
28.428,25.692
30.087,24.635
28.767,24.612
27.803,24.867
32.788,24.498
31.330,24.879
30.792,24.959
28.819,25.231
29.251,25.029
31.938,25.059
31.356,24.754
30.477,25.066
32.805,24.923
29.208,25.491
32.100,24.503
30.610,24.345
31.856,24.236
32.177,23.800
32.305,23.807
31.794,23.609
32.936,24.506
33.003,24.688
32.096,25.435
33.473,24.778
31.883,23.724
30.305,23.559
31.054,22.753
33.584,23.405
32.278,24.439
32.764,24.346
32.646,24.991
33.720,24.078
33.953,24.508
34.615,23.739
35.365,24.184
33.785,24.994
34.004,25.068
29.205,24.446
28.765,24.819
27.637,24.616
30.177,24.117
32.767,22.693
27.474,21.453
29.226,24.230
31.159,24.165
33.886,22.997
32.047,23.822
30.643,24.099
32.585,23.383
29.909,23.813
25.501,23.641
29.686,23.521
31.340,23.780
32.524,23.725
32.242,23.093
32.135,23.261
30.188,21.282
30.638,19.836
30.269,19.017
30.655,19.580
30.942,20.037
30.872,20.485
31.513,20.227
33.130,20.361
34.482,21.440
35.503,22.363
33.794,22.517
32.832,23.044
32.516,20.597
32.045,18.715
31.863,19.653
30.138,18.684
28.386,21.735
27.162,19.526
29.627,19.816
30.699,17.236
31.945,16.253
31.465,15.128
30.386,14.008
30.014,13.364
29.917,13.447
29.807,14.504
30.204,14.071
30.859,13.344
29.343,12.990
30.142,16.704
29.458,13.797
29.616,13.056
30.997,15.255
30.547,13.793
29.405,13.382
28.715,12.906
29.277,12.802
29.894,12.857
30.011,12.367
29.693,11.523
29.820,12.645
19.138,14.430
24.991,13.063
22.404,17.774
23.217,16.963
27.012,17.416
28.856,15.093
28.369,14.139
27.324,12.249
27.456,11.736
28.073,12.903
27.500,12.851
27.549,12.100
26.642,11.481
26.602,9.677
27.478,12.259
27.765,11.683
28.267,13.349
27.166,12.800
27.240,10.811
27.334,10.738
27.312,10.618
27.562,10.028
26.843,12.177
26.864,10.067
25.979,11.724
25.497,9.798
25.807,8.431
26.558,10.046
26.039,9.381
25.171,9.943
25.743,9.368
26.726,11.109
26.120,9.832
25.758,10.552
26.367,10.717
26.213,9.863
27.049,9.042
28.231,7.674
29.111,12.575
26.351,11.838
25.777,10.412
26.991,10.154
26.113,10.661
25.941,8.752
26.612,13.213
25.003,12.134
24.956,10.204
23.681,9.416
22.437,3.681
21.551,4.325
21.134,3.247
22.466,7.741
21.880,6.655
21.475,4.695
20.954,4.330
22.102,5.993
23.644,4.224
22.789,3.004
25.212,7.142
25.406,7.339
26.440,8.515
24.237,11.482
22.444,6.783
22.249,5.048
22.126,4.862
20.310,6.814
18.426,3.625
19.066,1.862
21.290,3.285
21.165,4.606
21.562,2.625
23.769,5.188
25.327,6.506
24.695,6.533
26.743,7.843
28.582,9.135
29.428,11.012
27.794,10.587
24.824,11.135
23.721,6.844
24.007,4.779
23.373,4.187
23.141,6.315
22.576,6.040
22.998,5.487
23.882,5.100
24.163,4.567
24.362,5.946
25.670,5.516
26.421,7.428
26.464,9.774
27.009,6.544
27.557,8.686
28.807,8.414
30.463,10.869
32.441,13.251
28.099,15.229
27.970,14.308
26.396,9.454
27.593,6.335
28.374,8.676
29.440,9.294
30.431,11.259
31.219,13.265
29.942,14.205
26.463,11.861
23.717,14.293
24.790,10.817
24.614,10.552
26.628,8.933
27.870,11.146
28.406,10.863
31.640,10.930
31.043,15.352
30.512,14.529
30.375,13.781
31.701,12.537
34.234,16.870
30.639,14.679
29.897,12.855
31.877,13.532
32.350,13.956
33.356,14.251
33.875,13.834
33.237,12.838
33.363,13.658
33.474,16.102
33.389,13.385
35.563,15.703
34.617,15.331
35.174,15.749
37.352,17.849
36.845,17.328
36.857,20.750
33.778,18.785
34.154,19.026
35.993,17.403
36.672,17.860
37.081,17.474
37.491,18.295
38.231,19.436
38.762,20.142
37.745,20.854
37.134,21.300
37.747,20.635
37.807,21.004
38.144,23.435
38.227,22.019
37.472,21.728
38.137,18.861
39.442,18.374
39.521,23.022
38.545,24.473
37.754,21.781
38.166,20.739
39.582,18.785
40.387,18.919
40.618,19.339
43.637,20.265
41.673,21.240
43.506,24.346
42.296,22.900
41.623,25.068
38.988,25.103
40.500,23.838
39.773,23.412
43.242,23.523
42.862,24.521
35.006,22.373
30.067,21.087
31.885,19.644
34.647,19.786
36.085,20.512
41.125,22.113
40.617,24.431
41.721,25.321
41.691,24.979
41.573,24.015
43.414,25.266
43.861,26.054
44.556,27.772
43.580,25.864
44.975,23.880
42.951,27.192
41.577,24.008
41.625,24.281
41.422,25.703
44.168,26.246
43.907,26.908
44.466,26.878
43.480,28.426
41.871,26.992
41.046,25.435
44.206,24.902
43.038,27.584
45.808,26.490
44.347,26.411
44.361,27.860
42.897,27.975
42.871,28.043
47.470,27.307
44.110,29.600
43.929,28.370
43.270,28.534
42.874,29.637
42.503,29.690
43.186,27.281
33.040,28.262
28.442,20.617
23.217,20.741
31.999,21.911
37.490,24.746
41.715,24.993
42.437,27.524
41.546,29.394
41.283,29.174
40.707,28.751
43.629,27.529
41.608,29.283
42.737,30.510
39.332,29.618
40.132,28.893
35.135,27.967
30.386,26.687
30.978,26.094
32.327,25.789
36.328,25.962
35.919,27.455
37.508,26.571
38.743,27.924
39.013,26.799
39.564,27.847
37.666,29.418
33.361,27.912
29.595,26.587
30.558,26.265
34.607,25.625
34.057,26.706
29.263,25.297
29.146,24.663
32.055,24.997
32.544,25.432
34.261,26.033
37.013,26.259
34.291,26.822
34.812,27.273
33.179,26.477
37.146,26.182
35.247,27.242
34.948,27.659
32.756,27.037
32.039,25.364
32.694,25.511
32.690,25.829
33.961,25.904
34.732,26.718
33.244,26.394
34.625,26.163
32.497,26.615
29.538,26.206
29.529,25.664
30.587,25.687
31.141,25.975
29.904,25.797
32.503,25.732
28.154,25.687
29.303,24.504
31.027,24.416
31.471,23.868
32.040,24.892
28.927,25.094
28.072,24.692
30.586,25.026
33.917,24.368
30.712,25.448
33.183,25.114
31.033,25.047
30.765,25.029
30.077,24.744
30.534,24.938
29.697,24.586
30.922,24.725
30.809,24.262
31.548,24.709
33.045,24.198
35.153,25.154
32.360,25.466
31.711,25.081
29.753,24.498
30.009,23.989
27.120,24.114
26.234,24.359
29.738,24.872
31.776,24.454
33.707,23.513
32.892,25.583
32.032,24.692
31.424,24.561
24.734,22.528
29.584,22.072
30.211,23.485
32.510,23.817
32.894,23.924
30.851,24.315
31.827,24.378
32.646,23.239
33.379,23.504
33.903,24.117
33.086,22.630
32.820,21.971
32.648,22.047
33.849,22.607
33.168,23.307
32.938,23.185
34.913,23.552
34.683,23.994
33.986,23.474
36.243,23.219
34.191,22.619
33.375,23.700
28.438,23.856
30.046,24.573
31.671,23.802
32.862,23.212
32.863,23.303
34.114,23.572
31.496,24.325
31.666,24.105
30.396,23.874
29.370,24.753
27.772,23.186
24.690,21.997
23.965,22.561
26.383,22.042
29.392,22.286
29.487,24.209
29.195,24.149
28.744,23.228
29.141,22.202
29.493,22.097
29.582,22.097
30.874,21.694
30.237,20.911
28.903,21.609
25.105,22.868
27.126,23.893
25.222,22.208
27.072,20.873
28.125,20.303
29.284,20.564
30.848,19.884
28.821,20.711
29.267,18.465
29.422,17.735
28.794,18.502
28.442,19.173
26.104,21.474
25.715,19.931
27.347,18.164
28.455,17.832
28.308,16.898
28.910,15.095
28.802,15.224
29.331,15.308
29.308,16.214
29.414,17.084
28.207,16.032
27.648,13.056
26.389,12.018
27.086,12.969
27.806,13.069
26.975,12.847
26.567,15.065
25.848,14.606
25.558,12.712
24.686,11.950
25.147,10.935
25.879,12.103
26.149,12.938
26.114,13.587
26.512,13.846
25.895,12.227
25.857,11.114
25.403,9.916
25.868,10.226
26.002,11.178
25.674,10.289
25.602,11.091
25.443,11.768
27.059,11.090
26.970,12.844
26.710,14.002
26.571,14.359
26.136,11.840
25.299,9.752
25.776,8.345
25.898,10.537
24.630,9.510
24.885,8.618
25.153,9.895
25.355,9.459
25.916,9.707
25.405,10.121
24.895,11.054
24.559,10.098
25.280,9.351
23.698,8.530
24.703,8.049
25.342,9.158
24.930,10.473
23.838,9.421
24.211,9.561
25.278,11.233
25.688,12.210
27.292,13.324
26.931,11.483
24.769,13.005
22.641,10.099
22.694,8.520
23.307,8.080
25.433,9.390
25.100,11.015
25.027,8.697
24.786,9.324
25.375,11.383
25.205,13.448
21.967,9.772
21.496,6.997
24.940,8.799
24.728,11.818
22.327,8.494
21.326,4.085
22.651,4.345
22.637,7.450
23.736,12.202
19.209,11.097
21.449,7.662
21.939,8.279
22.239,6.512
23.281,7.911
24.936,8.371
26.328,11.768
22.928,12.753
21.788,8.613
24.035,4.924
24.226,7.033
24.304,9.595
25.625,13.081
24.585,12.440
22.987,9.879
22.485,7.245
23.625,7.956
23.960,7.069
23.794,7.600
24.154,6.884
23.886,7.815
24.072,8.085
25.241,7.070
28.015,10.715
28.758,10.142
28.239,12.638
29.493,12.409
30.631,13.043
28.297,14.060
26.095,12.123
26.769,8.875
26.316,10.829
27.016,7.109
26.645,12.674
24.730,13.802
22.290,13.667
22.360,11.196
23.812,9.381
24.695,8.187
26.853,8.208
29.650,10.080
28.605,12.758
25.879,12.968
28.223,15.095
28.207,13.238
30.419,12.670
27.353,15.581
27.419,16.944
26.022,16.774
27.996,17.308
27.248,15.133
26.285,12.526
27.629,12.892
27.891,14.367
29.072,14.312
29.458,14.229
28.811,14.012
30.423,12.987
32.131,15.951
32.692,16.699
32.269,18.785
31.787,17.807
32.454,15.497
33.487,15.563
33.619,16.865
35.639,17.826
35.362,18.752
33.477,18.417
33.198,15.494
37.204,17.138
34.969,18.974
35.664,19.189
36.894,21.231
36.960,20.510
38.715,19.844
39.154,23.168
39.735,22.780
39.422,24.048
37.586,23.666
37.610,21.555
38.352,20.864
39.615,21.678
36.210,19.663
37.421,19.089
39.526,20.584
40.524,22.837
40.868,22.478
38.453,23.417
38.243,19.103
39.170,18.827
40.116,19.803
39.886,21.319
39.915,24.039
39.987,21.612
40.982,22.747
41.154,21.885
41.646,21.851
40.802,26.642
39.885,24.343
39.832,23.482
41.028,23.779
41.650,24.683
41.153,25.443
41.875,23.742
42.608,23.990
43.665,24.113
42.726,24.583
42.583,23.523
43.095,24.021
45.813,26.072
43.169,26.327
46.115,27.028
40.955,26.635
43.506,26.665
42.032,25.535
41.515,28.210
41.779,25.298
43.818,28.139
42.160,31.284
44.276,26.889
42.836,29.061
42.405,27.239
42.523,28.534
41.119,29.423
41.737,25.758
43.423,28.443
43.634,26.490
43.409,25.317
44.762,24.126
44.218,22.873
43.186,25.677
45.356,25.213
43.325,29.750
40.209,29.060
34.182,24.665
26.486,23.280
24.293,21.338
38.078,22.008
38.850,24.807
39.544,25.354
38.071,25.962
37.136,27.282
40.954,26.985
42.058,29.229
47.329,29.393
45.665,29.817
46.572,30.457
45.259,31.183
46.166,29.783
49.162,31.617
45.561,31.359
45.099,28.789
43.886,29.234
43.081,28.854
41.898,29.703
42.270,31.217
44.235,28.700
39.101,29.712
38.728,28.418
37.736,28.484
38.768,28.094
39.362,27.831
41.642,27.638
40.658,28.244
40.638,28.955
41.507,28.150
39.857,29.783
38.559,28.320
40.397,28.972
37.999,28.808
37.244,26.846
28.595,24.514
26.199,24.095
25.304,24.659
26.926,24.280
31.983,25.506
33.375,25.906
34.691,26.263
36.023,26.912
37.104,26.940
33.564,27.576
34.407,27.143
32.223,27.343
32.116,26.588
29.761,25.799
28.144,26.108
31.423,25.789
29.379,26.582
31.212,25.878
30.718,25.780
26.736,25.476
28.299,25.018
31.977,23.819
30.495,23.243
29.355,25.113
31.788,25.372
32.466,26.225
31.461,25.489
31.413,25.141
31.961,25.591
31.373,26.006
