20000101
24.360,6.386
25.108,7.018
24.450,7.617
24.603,8.107
24.586,7.254
22.795,6.798
23.297,6.474
23.208,6.297
24.222,4.483
26.888,6.434
27.824,7.952
27.866,8.957
27.622,11.726
27.567,10.226
26.454,10.447
25.240,13.631
23.453,8.118
23.558,7.499
24.686,8.121
25.892,9.438
25.830,5.596
27.261,9.395
27.071,9.461
25.838,7.538
25.813,7.723
26.916,5.553
27.520,8.315
27.371,10.419
26.003,12.029
25.749,8.947
27.608,7.420
30.381,12.879
25.982,13.455
26.500,9.233
28.369,9.067
26.130,14.034
21.172,15.324
25.177,9.747
26.593,8.727
27.438,8.440
27.282,8.735
25.922,11.927
25.058,14.799
27.663,10.630
27.613,11.954
27.146,9.731
27.749,6.698
28.818,8.838
28.419,8.951
28.722,8.269
28.778,6.908
29.270,9.962
29.922,11.266
29.465,8.812
28.804,10.625
28.768,10.556
28.612,11.018
28.637,10.237
29.521,7.905
31.006,10.965
33.484,13.779
31.621,17.560
33.217,12.608
34.766,12.933
37.001,16.419
34.824,14.518
36.392,13.680
35.223,19.608
31.672,16.039
32.522,14.375
37.158,12.347
35.375,15.650
35.819,18.609
33.371,18.425
32.505,15.687
33.499,14.668
34.852,15.482
36.555,14.214
35.686,16.361
34.962,15.545
35.977,12.720
38.787,14.568
34.165,22.731
35.500,17.812
35.796,17.089
37.842,15.709
39.395,17.633
37.802,16.661
39.421,16.323
39.083,17.379
41.952,22.096
42.044,20.601
42.326,24.168
41.602,21.873
41.454,21.252
41.880,21.230
41.982,18.987
41.531,18.276
43.078,20.516
42.280,20.261
40.612,20.523
41.601,18.977
43.131,23.331
42.252,23.121
42.511,22.780
41.888,26.691
40.118,26.943
42.205,23.417
42.085,24.690
44.656,25.638
44.243,25.811
47.407,26.700
44.245,27.177
43.990,25.895
41.617,29.672
45.266,26.717
43.479,24.210
41.864,24.835
44.227,26.386
45.049,26.516
43.401,27.238
44.658,24.258
42.218,26.732
38.839,24.955
39.633,25.491
40.599,26.416
41.845,26.983
42.782,27.379
44.446,27.528
45.441,27.470
45.299,27.804
45.757,29.725
45.102,30.219
45.469,30.703
45.092,33.026
42.464,31.013
43.487,29.592
47.761,31.154
45.833,30.213
45.271,31.288
44.104,27.325
38.460,28.228
34.281,26.772
37.714,26.089
43.729,26.536
42.981,29.848
40.908,31.170
43.335,28.437
45.513,28.604
45.281,28.312
42.424,26.567
42.835,28.050
42.189,30.387
41.405,29.628
41.788,29.609
43.296,30.626
39.524,30.360
35.230,29.169
35.884,27.877
40.360,28.102
37.747,29.179
38.964,29.567
38.849,29.239
42.251,28.005
42.919,29.959
43.801,29.954
39.792,30.750
38.939,28.568
40.449,28.631
36.711,28.968
31.202,27.556
35.014,26.666
36.288,27.559
34.755,27.737
37.149,26.932
39.330,27.078
39.452,28.277
39.510,29.861
39.216,29.365
39.153,29.678
38.223,28.828
39.598,28.480
40.536,28.591
38.967,30.647
39.012,29.846
41.021,28.633
44.902,31.148
46.018,30.457
33.764,28.467
38.967,27.767
39.502,27.461
39.030,28.584
36.629,27.258
35.723,28.061
33.386,27.030
34.820,26.854
36.674,27.192
34.919,27.677
37.558,27.393
36.254,27.739
33.212,26.572
33.513,26.310
27.980,25.702
34.092,25.163
31.063,25.583
31.562,26.187
34.649,25.842
33.095,26.048
33.626,25.829
32.446,25.938
32.878,26.110
35.504,25.868
34.470,27.447
33.051,26.813
33.628,26.331
35.388,26.117
37.966,26.367
37.442,28.433
38.406,28.678
41.706,28.003
37.224,28.343
35.062,27.626
35.332,26.178
33.615,25.957
37.534,26.523
38.307,27.975
40.448,26.800
35.489,26.688
35.861,26.348
36.333,26.219
34.409,26.688
34.778,25.992
36.329,26.531
35.818,27.184
37.177,26.829
37.767,26.958
38.441,27.217
38.824,27.618
38.550,27.008
39.064,26.870
38.373,27.059
37.293,26.495
34.136,26.863
32.464,25.794
26.806,24.880
29.572,25.307
31.931,25.990
35.461,24.793
35.275,25.084
32.551,25.401
32.994,26.091
31.462,25.543
33.425,25.272
30.521,25.066
33.527,24.124
34.003,23.776
34.219,22.825
31.865,23.536
29.722,24.956
34.572,24.773
30.799,25.209
30.430,23.323
28.407,22.662
25.664,22.716
29.990,23.658
30.430,24.379
30.451,23.825
31.254,24.008
33.565,22.201
32.977,22.591
33.286,20.463
34.232,20.415
33.697,19.605
34.469,19.576
34.160,19.670
32.434,21.357
28.010,22.952
35.968,21.958
36.320,22.811
37.133,23.465
35.741,23.726
37.174,24.691
36.364,23.813
36.622,22.658
34.800,21.204
33.774,20.665
34.131,18.986
33.133,16.276
34.388,16.038
34.107,16.698
34.727,18.286
34.818,20.057
36.104,19.784
35.051,20.451
34.823,17.098
34.425,17.319
34.571,19.607
35.112,17.558
34.662,17.460
33.687,19.344
33.399,17.407
31.957,20.695
30.518,18.735
31.829,15.921
32.307,16.175
33.404,16.059
34.194,16.524
32.865,17.076
32.809,17.522
31.986,17.091
32.143,16.925
32.264,15.355
32.294,14.818
32.041,14.377
33.700,14.446
32.317,14.973
31.240,15.218
30.677,12.733
30.104,11.519
32.229,14.511
30.061,12.460
30.346,13.263
30.481,13.471
30.073,14.368
32.739,13.343
32.146,15.880
32.589,15.397
30.925,14.104
29.969,12.744
30.382,14.246
29.058,12.222
28.659,9.095
29.174,10.211
28.662,11.935
29.503,10.937
26.425,10.889
25.323,8.532
25.247,6.837
25.294,8.486
25.664,7.184
25.865,7.671
26.141,6.729
26.110,7.033
27.374,8.192
27.455,9.820
26.370,7.761
24.948,7.392
24.359,5.794
24.823,6.876
24.878,6.494
25.815,6.693
27.045,7.897
27.197,9.380
28.162,10.705
24.964,10.739
24.561,7.660
25.087,7.470
25.531,8.310
25.905,8.403
26.368,9.010
26.948,10.035
26.924,9.859
25.538,8.988
25.655,8.359
25.597,7.199
26.047,8.153
18.619,13.357
26.005,12.112
25.573,10.509
23.423,9.436
22.700,8.722
22.699,4.349
23.151,3.117
24.359,3.782
23.950,8.550
23.740,6.427
22.862,4.693
22.599,3.047
24.366,4.467
24.280,5.728
24.215,3.597
25.759,5.414
26.298,4.895
25.338,5.993
25.893,5.543
26.635,4.095
27.207,4.917
29.692,9.477
27.875,12.532
24.340,10.479
23.789,7.278
25.394,4.532
25.752,6.717
26.123,5.984
27.234,4.048
28.632,7.316
31.103,7.337
31.131,11.992
30.709,15.635
28.524,9.813
28.026,4.890
28.322,11.361
28.476,9.361
29.393,9.709
29.339,8.940
28.252,7.452
27.989,8.295
28.740,8.814
29.558,8.974
31.497,7.576
33.387,8.717
35.624,13.083
34.943,18.087
34.276,12.731
32.688,11.899
33.543,15.159
32.938,12.926
29.993,11.210
32.025,11.019
32.069,13.591
33.031,11.427
36.101,14.728
33.975,15.202
34.175,15.016
28.984,11.945
32.669,18.277
34.090,15.858
34.712,13.461
35.190,12.726
29.776,17.384
32.934,15.498
34.460,11.910
34.307,11.315
33.815,11.539
35.142,11.157
34.876,13.848
34.888,12.519
35.020,12.872
37.008,13.564
36.632,15.226
36.707,16.891
37.025,18.655
36.787,16.204
37.708,14.639
38.716,17.830
40.232,18.636
38.472,21.733
36.741,22.766
37.281,18.333
38.193,19.502
38.171,19.529
38.524,20.705
39.750,21.239
41.128,21.029
41.695,21.872
38.865,23.138
37.523,22.825
38.207,19.351
38.610,18.761
39.374,17.739
40.815,21.467
42.702,23.135
41.824,20.114
41.114,23.019
42.882,23.126
43.900,21.333
43.466,20.653
43.134,21.474
40.233,25.185
37.655,26.339
39.758,24.124
38.353,25.241
40.427,24.605
37.367,22.188
39.182,23.039
39.624,23.535
38.819,24.135
40.107,22.527
41.349,21.830
42.686,22.447
43.061,22.780
44.363,25.270
44.262,26.262
45.208,23.613
45.270,25.333
44.455,25.961
41.247,27.225
44.147,28.860
45.915,29.074
46.159,28.642
43.959,28.578
38.320,27.769
40.391,27.421
42.748,27.967
44.594,28.862
44.807,28.224
41.582,28.363
40.999,27.410
42.210,28.266
45.157,30.143
41.677,31.261
42.871,28.368
42.812,29.503
41.901,27.826
41.877,28.517
41.421,29.335
41.932,27.791
41.757,30.468
44.053,29.653
45.599,31.144
46.694,31.061
47.574,29.942
41.873,29.660
43.767,29.593
43.479,30.690
39.937,30.396
43.533,28.581
40.221,30.588
39.943,29.976
38.428,28.481
38.250,29.284
38.801,28.320
40.796,29.558
42.867,29.101
42.865,29.310
42.590,30.726
41.733,30.342
41.539,29.482
39.500,30.205
39.664,30.119
34.203,27.984
30.495,26.482
33.960,25.913
36.378,25.935
34.247,26.804
37.348,26.481
33.141,27.461
35.799,26.622
32.330,26.917
34.057,26.559
33.820,26.837
34.963,26.389
33.966,26.838
34.411,27.177
35.191,26.747
36.146,27.518
33.582,27.210
34.804,26.558
37.849,26.523
36.362,28.224
37.467,28.315
38.635,28.116
42.311,28.812
37.067,29.138
37.813,27.891
35.907,27.703
33.028,27.340
34.579,26.890
34.160,26.199
32.389,26.012
38.706,26.238
35.519,27.945
31.024,26.383
34.858,26.330
34.553,26.385
35.039,26.262
34.367,26.647
32.242,26.521
35.266,26.440
36.169,26.684
35.990,26.882
36.144,26.796
37.515,27.826
35.333,27.655
32.918,27.378
30.893,26.555
32.073,25.989
34.423,25.979
37.025,26.077
37.086,27.252
34.916,27.476
34.384,26.656
33.976,26.324
33.540,26.195
34.432,26.068
39.039,26.573
38.346,27.670
35.937,27.237
36.832,27.158
35.859,27.163
40.230,27.468
37.391,28.416
35.303,27.156
36.470,26.700
40.850,26.591
40.362,27.653
35.696,27.848
37.346,27.395
37.427,27.093
36.127,27.657
33.654,26.865
34.877,26.558
32.400,26.911
33.148,26.145
32.872,26.430
34.721,26.378
33.964,26.372
34.671,26.903
31.091,26.062
31.047,25.760
31.808,25.568
32.880,25.426
30.576,26.020
29.387,26.151
30.227,24.927
29.684,24.227
30.700,23.822
28.905,24.481
31.078,24.918
34.207,24.518
27.302,24.482
32.551,24.760
31.814,24.877
31.983,24.751
32.923,25.860
32.205,25.104
33.110,23.508
33.345,22.065
35.536,23.060
34.897,22.737
34.331,23.863
36.222,22.694
35.150,24.557
35.572,24.346
37.163,24.590
36.351,25.074
33.114,24.894
32.689,25.227
32.988,25.230
32.031,25.107
30.540,24.799
33.264,24.839
31.887,25.297
29.250,24.642
30.110,24.125
32.852,22.916
33.134,23.093
34.742,22.597
34.587,22.350
33.907,21.855
34.457,21.633
32.915,20.127
32.690,21.208
34.150,20.347
33.262,18.278
33.154,17.475
32.755,21.262
32.498,18.583
33.249,18.292
32.717,18.216
32.747,18.685
34.020,17.425
32.674,19.211
33.208,18.824
33.224,17.150
32.836,18.538
32.127,18.873
34.039,20.461
32.938,20.225
32.696,19.194
33.500,19.534
33.544,18.934
33.522,18.642
34.138,18.933
34.790,18.207
34.018,19.041
31.342,19.499
30.899,17.503
31.291,15.936
30.336,15.374
30.153,15.202
29.588,14.733
30.275,14.731
29.981,14.815
30.926,12.605
31.263,14.147
32.847,19.236
29.937,16.246
29.447,12.971
30.333,13.850
29.542,13.679
30.148,14.171
29.601,17.157
28.937,12.769
28.691,12.330
28.479,11.210
28.905,11.612
28.143,11.552
28.451,11.634
27.202,11.934
26.684,10.543
25.848,10.010
26.705,9.747
26.904,8.992
27.608,10.864
27.590,8.949
26.607,8.855
27.281,8.858
28.132,8.848
27.704,9.127
26.240,9.045
26.790,8.293
26.214,8.347
25.743,8.149
25.163,8.166
24.743,10.525
26.473,8.626
25.023,8.863
24.914,7.802
25.889,10.125
24.513,8.810
24.998,7.114
25.865,6.991
25.017,6.112
25.259,5.807
24.444,5.750
25.734,6.817
24.480,7.178
25.423,8.119
25.427,8.204
23.779,7.475
23.143,4.212
23.832,5.664
24.436,4.606
24.278,7.045
25.158,5.319
24.841,5.218
25.707,5.645
26.053,7.167
24.033,5.681
24.880,8.750
25.555,9.124
24.652,6.789
26.484,7.984
27.340,7.607
27.671,10.115
30.119,15.494
27.267,15.975
29.743,16.146
28.325,13.756
28.762,13.623
24.788,13.373
18.535,15.188
25.494,12.898
24.273,9.753
24.316,7.928
26.113,6.409
27.277,11.875
17.689,9.822
21.878,9.445
23.234,6.691
24.545,8.793
24.342,4.907
26.030,8.613
26.292,10.103
26.676,7.906
25.818,5.148
28.944,8.233
29.911,14.768
19.594,15.936
29.101,14.179
29.880,14.072
30.650,11.685
23.534,14.910
27.536,12.950
26.654,11.456
28.410,11.443
29.970,10.994
30.657,10.981
31.199,11.024
32.143,15.061
33.147,15.599
32.379,15.508
32.553,11.626
33.940,10.966
34.502,14.575
30.613,20.133
31.498,15.338
32.004,14.178
31.890,14.279
32.892,12.663
36.339,16.433
32.400,18.455
31.023,14.974
31.726,14.206
32.254,14.343
32.105,12.495
35.636,13.012
35.998,19.948
36.985,19.237
36.938,18.771
35.214,18.001
36.326,18.839
36.641,20.921
31.218,19.582
35.755,19.007
36.021,16.151
36.944,16.039
39.076,17.062
38.855,17.982
38.874,18.214
39.258,19.014
38.906,19.166
39.133,19.342
39.239,20.621
39.270,21.736
38.206,23.159
38.979,20.444
37.923,20.482
37.477,17.049
41.950,20.384
41.111,22.947
38.165,23.998
36.595,22.578
37.075,20.376
41.371,21.870
40.635,23.511
42.776,24.460
42.178,22.611
40.608,25.445
41.057,26.611
39.906,24.278
41.111,25.298
41.115,24.191
40.160,22.815
41.572,23.276
43.633,25.790
44.680,26.492
43.789,26.392
44.449,24.464
45.524,25.109
44.731,26.155
45.615,26.538
44.656,26.797
40.602,26.908
44.261,26.241
40.606,27.731
41.085,24.059
43.402,24.671
46.754,26.151
41.934,24.456
42.612,24.265
43.986,27.126
43.846,25.784
41.447,25.297
43.479,25.951
42.392,27.840
42.674,27.210
44.030,28.256
44.595,29.364
43.440,30.961
46.437,30.261
44.404,29.795
44.302,30.632
43.343,31.236
40.247,29.099
40.340,29.175
40.711,30.208
45.477,32.059
47.074,29.976
47.057,28.327
46.478,32.017
45.977,27.769
47.043,29.354
42.961,29.289
41.613,29.290
41.963,28.471
39.362,28.418
39.659,26.183
38.378,28.335
37.991,28.394
41.205,27.117
42.031,28.014
42.277,29.027
44.077,29.883
44.843,31.742
44.096,30.353
45.060,30.768
43.135,30.874
45.677,30.779
42.930,31.062
41.014,29.426
37.001,27.815
37.983,27.372
43.655,28.371
43.137,28.708
43.682,30.131
43.264,29.946
43.643,30.346
44.003,31.021
44.322,31.164
45.486,31.819
43.973,31.114
42.018,30.174
32.081,27.311
40.128,26.830
37.433,28.968
36.759,28.725
38.745,29.317
39.811,30.174
41.402,31.756
41.471,31.656
42.458,30.113
36.974,28.874
34.609,27.820
28.731,25.810
29.177,26.255
39.010,25.784
40.609,29.235
41.624,29.946
42.459,30.047
42.986,31.574
45.126,32.785
43.563,33.331
43.978,31.315
43.522,30.396
38.540,29.889
39.493,28.377
38.220,28.980
37.703,28.612
38.503,28.385
37.063,28.453
34.050,27.801
32.088,25.948
36.907,26.031
38.670,28.541
39.126,30.190
38.487,29.656
39.753,27.421
37.603,28.360
45.711,29.002
39.654,29.849
40.245,27.685
39.980,28.201
34.933,28.361
37.591,27.622
35.062,26.709
33.834,26.498
33.640,26.866
34.299,27.277
38.241,26.967
41.366,28.054
32.328,27.417
32.209,27.117
27.834,26.093
31.082,25.060
31.031,25.497
30.933,25.858
31.925,25.829
30.598,25.999
31.676,26.066
33.379,25.551
32.261,25.891
29.022,25.387
31.008,24.968
32.931,26.054
33.244,25.664
36.135,24.878
35.850,26.110
34.729,26.241
34.613,26.019
33.438,26.427
32.939,25.065
33.075,24.988
34.314,24.842
32.097,25.229
30.787,25.414
33.125,25.443
33.523,25.199
33.252,25.154
32.837,25.068
33.504,25.273
32.397,25.821
32.852,25.425
31.398,24.830
31.074,25.049
34.204,24.548
33.292,24.154
34.435,25.126
34.644,23.434
34.823,22.561
33.728,24.480
36.198,22.085
37.497,23.530
36.315,24.536
31.717,24.788
29.202,25.513
31.202,23.387
28.025,22.609
30.836,22.467
31.801,23.902
31.979,23.479
32.253,24.036
34.282,23.124
34.875,22.365
32.801,20.896
33.498,21.610
34.439,20.407
36.203,21.877
36.703,22.623
37.091,23.034
31.996,23.413
33.298,22.129
33.552,21.543
34.447,20.743
35.654,20.391
33.801,21.001
31.764,21.594
33.291,21.958
35.095,20.993
32.756,20.850
25.280,21.132
30.357,19.265
32.648,20.575
32.442,19.993
33.473,19.575
33.630,18.277
33.522,18.141
32.358,17.946
31.177,17.170
30.891,16.198
31.253,16.476
32.413,16.628
32.747,17.206
33.880,17.345
33.599,16.744
32.656,15.632
32.780,16.372
33.119,15.663
32.624,16.828
31.731,16.480
33.255,17.345
33.499,17.900
32.713,20.799
32.825,17.956
33.041,19.622
29.752,20.006
30.709,18.001
30.791,16.734
29.457,14.951
30.138,14.153
29.550,14.061
29.516,13.892
29.194,14.366
29.944,14.069
31.327,13.390
29.932,13.805
31.091,14.889
30.578,14.411
30.199,13.887
29.200,14.386
29.861,15.109
29.478,13.584
29.335,14.248
28.649,12.221
29.073,10.858
28.125,11.334
28.142,9.542
28.058,9.202
27.747,8.545
28.639,9.610
29.699,11.864
28.173,11.067
28.511,10.518
27.252,9.869
26.615,7.818
27.160,7.221
26.791,8.281
26.690,8.820
27.074,10.020
27.713,10.806
27.707,10.717
27.794,10.976
28.071,10.491
28.966,10.488
28.647,13.225
27.696,11.008
25.888,7.796
26.451,8.997
26.584,14.254
26.193,10.112
26.117,11.013
24.943,11.359
23.154,8.084
23.507,6.366
26.876,7.453
21.545,11.152
23.525,8.054
24.781,7.004
23.466,10.382
23.581,9.345
23.189,6.754
23.191,5.969
23.292,7.148
22.440,4.584
22.462,2.955
22.908,5.821
23.170,6.634
23.336,3.952
22.679,5.486
23.233,3.774
23.808,3.319
24.311,4.337
25.236,3.999
25.685,6.138
25.880,6.378
23.487,5.583
24.529,5.257
25.232,5.442
25.508,4.955
27.178,5.386
27.592,5.638
29.087,9.288
29.187,8.131
22.251,13.310
26.349,8.693
28.461,9.984
19.144,16.382
24.188,11.975
25.911,14.989
20.979,15.729
27.383,15.752
28.200,13.616
28.941,11.736
30.036,11.863
29.434,13.649
30.540,13.099
31.124,14.476
29.833,17.295
29.192,14.760
29.314,11.348
29.912,9.630
30.490,9.196
29.988,10.229
33.025,13.667
33.520,15.384
30.819,14.901
28.364,15.037
28.906,12.376
30.419,10.746
30.602,11.857
32.848,16.274
32.710,15.844
33.477,14.768
34.535,14.684
35.719,18.938
37.386,18.453
38.044,17.084
33.066,18.042
29.531,12.492
31.047,12.063
31.833,13.053
31.538,12.713
34.277,11.474
34.772,13.350
37.599,19.384
33.607,19.963
33.460,16.907
33.777,17.338
34.217,17.777
38.627,18.466
36.436,19.668
36.141,19.325
35.262,16.991
34.983,17.003
35.132,16.308
38.131,17.911
38.783,17.756
40.359,21.225
38.758,22.049
38.701,19.632
39.026,19.714
39.708,22.136
38.211,20.809
39.883,21.099
38.697,24.331
38.727,21.675
40.159,18.983
41.644,19.221
41.137,24.961
39.977,25.332
39.897,20.796
41.163,23.082
40.433,21.342
41.078,19.233
41.485,20.286
42.307,21.320
43.600,20.498
44.144,22.979
43.297,24.867
43.450,25.760
43.472,27.504
41.923,25.846
43.759,24.592
44.328,25.110
42.480,26.621
42.912,27.804
42.866,24.403
45.118,23.847
46.152,26.090
46.092,28.326
45.327,29.950
47.654,27.458
42.694,29.035
40.701,28.016
40.676,25.740
38.857,25.344
40.905,25.737
44.015,26.480
43.385,26.613
42.518,23.779
43.455,22.418
43.390,22.799
43.942,24.530
41.951,27.000
41.430,23.469
43.120,25.573
42.592,27.198
42.645,28.620
43.011,29.194
47.003,29.870
44.326,31.241
45.502,28.281
45.666,28.163
46.236,28.960
46.205,29.619
45.815,28.684
43.217,30.209
42.795,28.352
44.218,29.722
44.513,29.847
45.115,26.113
44.435,29.548
45.383,27.295
45.764,25.412
45.823,28.228
47.571,28.068
46.609,28.828
47.716,32.407
45.900,32.258
45.690,33.173
47.754,31.475
46.273,31.558
41.169,29.741
46.712,29.580
43.830,30.504
45.808,31.813
45.200,30.332
46.695,33.214
46.547,32.866
43.147,31.414
48.203,31.686
43.335,31.495
43.557,31.055
40.765,30.268
39.212,29.265
39.231,29.072
40.398,28.559
33.561,27.851
34.638,26.551
30.391,27.023
41.478,26.522
35.420,29.180
31.835,28.062
33.858,26.558
35.390,26.813
31.916,26.648
35.921,26.348
33.072,27.367
34.847,26.937
36.737,27.758
36.260,27.395
38.542,27.709
41.446,27.876
40.865,28.833
34.529,27.999
34.184,27.058
37.483,27.240
39.600,27.734
36.608,28.708
35.051,27.679
34.343,27.309
34.865,26.538
35.872,27.127
38.482,26.711
39.095,27.845
38.806,29.336
37.157,28.627
35.209,27.358
36.365,27.088
38.574,28.142
34.030,28.060
34.218,27.088
33.705,27.105
34.542,26.419
31.902,26.977
33.401,26.581
30.453,26.578
33.240,25.865
32.318,26.217
33.366,25.784
37.651,26.165
38.379,27.101
35.427,27.163
38.423,26.909
38.251,27.587
38.989,27.526
37.749,27.684
33.544,27.672
34.436,26.954
32.009,26.456
34.734,27.317
31.409,26.546
33.970,26.490
37.771,26.672
34.846,27.339
31.714,26.432
35.698,26.337
36.403,26.767
35.593,26.720
29.178,26.219
32.134,26.285
35.850,26.499
35.026,26.118
34.562,26.441
33.466,25.527
33.344,26.258
33.019,25.967
31.811,26.352
32.826,26.562
30.736,25.759
32.105,25.341
32.579,25.894
33.173,25.698
33.397,26.044
31.175,24.952
31.488,25.306
29.754,25.751
32.894,24.877
36.681,25.658
37.425,26.263
30.451,26.414
32.133,25.673
32.106,25.559
32.631,25.395
34.014,25.931
33.172,25.273
35.174,25.528
35.063,25.669
36.774,25.822
37.061,25.073
35.095,25.143
32.725,25.397
31.307,24.832
32.414,24.410
33.466,24.462
33.400,24.739
31.242,25.314
33.353,24.453
32.541,23.892
32.642,22.913
32.639,22.330
32.378,19.337
34.070,22.306
27.632,24.072
25.445,21.928
23.240,21.209
22.669,21.388
31.063,21.569
33.089,20.512
32.127,19.592
31.751,19.617
30.569,16.008
30.260,16.672
32.210,16.277
32.615,18.800
32.965,18.978
33.496,21.766
30.393,22.460
31.879,18.265
28.133,20.680
21.582,20.778
21.910,20.113
20.239,19.505
23.382,19.882
27.972,20.195
29.374,18.193
27.340,20.681
30.875,19.817
26.808,20.635
28.972,19.182
26.073,18.054
29.751,17.070
29.688,17.878
29.480,17.754
28.780,16.756
29.392,16.250
29.086,15.641
30.195,17.101
29.113,16.768
28.747,15.598
28.336,14.014
28.803,14.374
28.009,13.483
27.163,14.110
27.337,14.288
27.587,14.135
28.848,15.224
29.265,15.677
29.111,16.359
26.579,13.850
26.023,10.937
26.225,11.149
26.224,10.033
26.803,13.515
26.245,11.052
25.488,10.183
25.271,9.472
24.485,7.148
24.759,7.614
24.602,9.054
24.709,8.040
24.857,10.144
25.132,9.273
25.480,9.115
25.576,9.828
24.700,9.482
26.259,9.170
26.235,11.190
27.446,9.965
27.673,10.442
26.519,9.369
26.769,9.224
27.047,10.047
26.350,10.880
19.862,13.354
25.403,12.096
25.592,11.347
26.266,11.000
25.966,11.081
25.479,10.363
24.817,7.894
25.090,7.982
24.500,9.514
24.899,10.043
23.699,7.170
24.222,5.394
20.001,13.128
21.149,10.636
20.590,5.502
21.178,7.338
22.225,7.166
21.940,5.890
22.452,6.322
20.977,4.908
21.321,3.782
21.833,5.282
22.434,7.140
22.633,7.727
22.484,6.167
23.012,7.722
23.658,6.501
24.079,7.264
23.073,5.686
24.268,6.120
24.898,7.132
23.916,6.298
24.157,6.430
24.522,6.051
24.287,11.185
25.093,8.573
26.182,6.592
26.505,12.293
16.057,13.531
24.699,13.086
23.261,10.585
23.793,9.660
21.874,7.654
21.592,6.998
22.705,4.386
23.896,4.746
23.109,11.875
24.599,10.026
24.007,10.407
22.321,9.401
22.001,6.426
23.991,5.012
23.173,8.755
22.702,7.164
23.990,6.272
25.606,6.127
27.597,6.203
27.503,6.949
29.282,8.855
29.157,11.503
27.485,10.218
27.911,10.748
27.682,9.663
29.184,8.495
30.816,9.945
30.399,10.545
30.921,10.692
30.181,11.053
30.624,12.140
30.858,13.492
30.672,11.642
30.077,12.000
30.447,11.857
31.078,11.554
35.634,16.159
35.145,16.416
35.107,18.056
33.684,15.571
32.784,14.252
34.107,12.573
34.782,15.299
35.087,17.779
35.346,15.751
33.878,15.997
36.147,14.267
33.589,16.813
35.072,16.228
36.010,18.068
36.647,18.324
36.933,17.732
37.235,17.995
37.817,18.564
40.095,18.598
41.063,20.015
39.724,19.682
39.581,19.470
39.093,20.913
40.530,22.335
42.873,20.787
42.797,20.254
41.581,22.663
41.515,20.327
41.945,20.059
40.574,22.933
40.245,22.063
39.469,21.455
39.725,19.444
40.073,19.445
40.486,19.963
40.854,22.375
41.752,23.195
40.376,23.960
41.957,23.586
41.681,22.772
40.069,23.409
40.169,24.102
42.790,23.400
41.940,24.008
43.076,23.915
43.804,20.483
44.346,22.792
43.874,22.707
44.683,23.004
44.059,25.011
44.431,25.831
42.342,24.758
40.396,24.828
44.350,25.932
43.466,27.080
45.787,28.231
40.083,26.435
40.850,23.638
42.531,22.848
39.930,25.165
41.275,25.934
45.321,26.457
40.662,25.589
44.594,28.293
41.678,25.756
41.579,22.992
41.427,21.072
43.258,22.347
43.754,22.499
43.799,25.691
46.552,25.289
46.232,27.127
45.686,26.486
46.168,29.257
45.719,27.241
44.161,30.206
44.194,28.596
46.153,29.538
46.462,31.015
44.298,31.672
44.154,33.534
46.400,31.314
45.878,30.004
44.440,29.969
48.386,28.310
46.549,28.518
46.285,26.568
42.693,28.132
41.594,28.734
42.978,29.979
43.961,29.064
43.266,29.524
44.085,26.827
43.977,28.943
46.474,30.691
43.497,30.169
45.937,29.407
43.836,31.469
44.844,29.838
42.366,30.222
44.296,29.534
43.389,30.518
44.386,30.668
43.491,29.241
43.193,30.850
38.020,30.528
34.477,28.113
28.778,26.628
33.230,26.728
36.295,26.654
38.369,27.627
37.393,27.671
35.010,27.806
35.732,26.309
32.458,25.661
37.750,26.720
40.454,27.519
39.838,29.204
38.865,29.723
40.881,29.208
41.681,30.251
40.699,30.539
42.692,31.111
41.946,30.308
45.226,30.598
39.100,29.852
39.186,28.286
35.675,28.124
35.519,27.273
36.616,28.503
33.857,27.804
33.070,26.807
34.191,25.884
33.989,26.512
35.638,26.339
38.414,26.554
36.985,27.147
39.415,27.777
33.083,26.840
31.253,26.218
32.765,26.371
33.897,26.483
35.992,26.189
37.419,26.955
38.045,26.906
37.304,27.774
36.201,26.472
32.660,26.796
35.688,26.473
36.603,26.282
34.792,27.104
34.145,26.963
34.867,26.236
32.569,26.167
33.950,26.105
35.271,26.752
35.291,25.811
35.314,26.615
33.959,26.810
33.043,26.212
34.010,26.531
31.959,26.175
33.581,25.691
33.046,25.582
32.921,25.941
34.436,26.696
33.915,26.432
28.893,25.487
33.728,25.331
32.955,25.912
34.885,25.691
34.770,26.873
37.955,26.437
35.698,26.376
32.757,26.984
32.872,26.552
31.865,25.690
32.680,25.372
35.168,26.364
32.397,27.414
33.466,25.711
32.054,25.563
32.632,25.258
31.757,25.844
33.553,26.291
34.750,25.546
33.783,26.715
36.416,26.668
36.110,26.418
36.618,25.308
39.553,25.329
37.835,26.273
39.504,26.393
35.906,27.560
36.520,26.004
31.958,25.134
31.708,24.117
29.865,24.286
31.972,22.605
30.794,22.138
29.856,21.686
30.927,23.155
29.154,23.662
28.613,24.268
30.767,24.705
30.829,24.692
32.973,24.156
34.556,24.513
37.510,23.891
34.832,24.898
36.817,25.662
35.207,24.712
36.763,24.394
33.959,23.421
35.391,24.260
36.872,23.691
33.202,23.935
32.752,23.446
33.661,24.122
32.766,23.835
32.747,23.365
29.795,24.098
24.385,22.127
31.578,20.993
33.981,21.368
34.711,20.237
35.064,21.416
34.605,22.725
32.885,20.879
29.393,20.085
29.252,19.653
30.668,16.790
30.764,16.669
31.324,17.650
32.872,19.079
31.688,17.751
31.738,18.153
32.530,18.956
32.654,19.287
33.173,17.695
33.264,17.325
33.532,15.927
32.425,17.641
33.608,17.805
30.671,18.749
30.895,15.786
31.575,17.114
30.605,14.362
29.792,15.058
29.604,13.734
29.058,12.796
30.189,13.692
30.914,15.830
31.555,15.805
31.614,17.492
30.322,16.391
30.376,13.948
30.669,14.807
30.947,15.304
31.335,15.715
30.847,15.074
30.275,14.992
29.972,13.715
30.509,14.473
30.068,13.137
30.052,15.636
29.861,14.006
31.099,13.058
30.533,13.931
30.107,14.501
29.581,14.415
28.818,14.189
28.970,14.592
28.960,12.564
29.172,13.787
29.128,13.618
29.171,12.166
29.902,12.818
28.218,12.209
28.255,10.696
27.203,13.111
27.185,11.804
26.759,11.672
27.581,10.120
27.192,11.444
26.695,13.162
27.606,11.162
27.583,11.609
28.160,12.091
28.162,12.730
27.314,12.242
27.568,13.888
26.655,11.859
27.944,11.145
27.625,10.781
28.073,11.158
28.248,12.774
28.750,12.845
27.062,12.128
23.996,11.706
21.625,14.860
24.371,13.956
24.358,10.332
23.026,6.715
23.130,4.811
23.596,7.178
24.968,8.519
25.653,8.335
27.414,8.791
29.501,11.379
25.264,13.894
28.587,13.821
25.510,10.631
26.750,8.100
27.182,9.686
24.587,9.467
25.270,8.185
26.414,9.366
24.010,12.429
24.478,8.403
24.449,8.440
25.854,8.120
27.089,8.358
27.503,7.656
26.608,10.313
26.915,14.433
24.219,11.961
23.761,8.969
24.743,6.411
25.741,11.919
22.484,11.362
22.801,7.760
23.107,6.987
25.611,10.230
26.864,10.752
20.283,12.900
24.963,10.771
21.902,13.556
18.930,15.319
18.027,14.083
23.806,9.667
24.718,8.990
25.882,5.514
27.863,6.941
28.449,13.196
29.985,11.537
30.435,13.389
30.175,13.265
30.739,13.898
32.673,14.334
33.220,15.073
32.317,17.515
32.289,16.699
31.397,16.854
32.949,13.873
33.276,15.437
33.586,14.867
35.916,18.284
35.227,17.616
33.419,16.599
27.264,16.827
30.710,16.918
29.902,12.770
32.593,14.889
32.865,15.877
32.608,14.597
34.746,14.953
36.469,17.639
37.062,18.808
37.323,20.217
39.118,19.600
37.272,18.099
38.010,20.555
37.907,19.275
35.565,21.487
34.774,21.040
30.821,21.399
34.471,19.366
33.825,16.184
33.676,16.641
35.230,16.236
36.318,16.508
37.150,19.361
39.157,21.039
37.838,24.259
41.051,22.956
39.061,21.470
40.131,20.541
39.812,20.273
37.485,22.364
33.931,22.544
34.049,17.902
36.393,19.370
38.623,16.944
37.837,22.028
38.398,20.354
40.019,22.294
39.371,24.935
37.243,18.264
38.099,17.312
38.739,17.933
38.538,17.456
41.092,19.863
40.228,21.670
42.758,21.411
42.321,25.555
41.776,28.717
42.185,26.565
39.033,23.320
38.487,19.379
39.088,19.539
39.805,21.285
42.399,20.443
43.075,21.202
42.593,22.592
41.589,22.538
42.001,21.679
45.974,24.616
42.008,25.025
42.706,22.721
44.401,24.035
43.767,26.825
41.679,27.695
42.495,28.310
42.460,27.054
42.249,25.543
39.589,23.503
36.830,26.922
38.904,24.908
41.957,26.778
39.744,27.234
39.833,24.435
40.047,27.581
40.515,25.413
42.784,26.542
41.367,26.089
42.042,24.734
43.586,23.694
42.221,25.143
42.360,22.514
43.831,22.912
44.566,24.144
43.741,23.653
44.401,25.452
45.815,26.824
45.932,28.979
46.222,30.819
42.063,27.286
45.094,24.023
46.014,27.265
45.305,29.044
44.398,29.486
46.432,30.152
45.837,27.639
45.337,29.342
45.908,30.818
46.083,28.132
45.272,26.498
46.705,29.209
45.929,32.048
45.758,28.955
45.494,26.805
45.655,31.267
44.086,31.829
46.322,28.696
44.828,31.834
45.107,31.589
44.775,30.921
45.677,28.984
46.365,28.786
47.605,28.299
46.528,28.952
46.418,26.186
46.954,32.145
46.593,31.582
46.558,32.258
47.230,28.942
46.053,32.270
46.714,33.073
46.563,32.916
44.348,33.216
40.667,32.342
38.954,30.465
44.696,30.137
40.390,32.115
39.590,30.226
35.344,29.616
29.802,27.457
31.274,26.946
36.116,26.899
38.760,27.393
37.275,29.606
33.647,27.339
33.065,27.044
34.558,26.814
37.269,27.954
40.204,29.142
38.257,28.683
37.069,29.241
35.268,28.045
29.517,26.686
30.560,26.116
27.169,24.874
29.957,25.515
33.796,25.481
28.873,25.795
33.736,25.217
37.603,26.252
34.405,28.374
36.192,26.849
37.625,27.943
41.530,27.439
36.702,28.300
36.882,27.653
35.719,27.444
34.859,26.909
36.991,26.794
38.820,27.609
37.264,26.861
37.068,27.120
36.908,27.584
41.375,27.059
35.067,28.878
34.391,26.844
35.185,26.633
35.716,26.800
32.137,27.074
34.380,25.786
35.209,26.457
36.830,27.192
35.541,27.011
35.547,26.241
37.289,26.572
39.192,28.394
33.791,26.928
31.971,26.044
36.566,25.627
37.232,26.838
35.537,26.817
33.165,25.963
31.295,25.869
35.083,25.379
33.414,26.449
32.135,25.600
32.362,25.331
33.247,25.003
35.613,25.134
35.322,25.731
34.798,26.523
36.355,26.009
37.736,25.206
36.811,25.583
39.062,26.648
36.789,27.158
35.042,26.646
37.187,25.734
33.159,26.576
32.390,25.809
37.040,25.492
34.281,26.326
33.450,25.583
31.098,25.578
31.656,25.078
30.657,26.163
30.007,24.632
35.018,25.223
35.004,25.834
35.784,25.016
29.563,25.476
34.132,24.172
35.165,24.881
33.137,25.306
33.739,24.596
32.880,24.915
32.318,24.918
35.807,23.991
32.679,24.051
33.435,23.432
33.951,22.932
34.549,24.551
34.406,23.529
37.358,23.161
34.689,23.302
30.703,22.093
29.273,22.104
33.343,20.557
33.559,21.498
32.884,22.575
35.446,21.354
35.647,22.084
35.266,25.329
36.505,21.726
36.159,21.260
33.808,21.959
34.837,23.290
25.981,22.656
34.022,20.299
29.303,22.952
32.560,22.115
28.842,21.578
21.380,19.785
22.802,19.312
28.464,18.996
26.581,20.552
26.342,20.590
31.269,19.862
31.464,19.722
31.824,19.842
31.693,20.023
31.936,18.203
30.989,16.967
31.056,16.878
30.815,19.060
29.219,18.648
30.554,17.094
30.634,15.199
30.693,16.316
29.968,15.537
29.652,14.295
30.559,13.127
29.860,14.076
29.185,14.956
28.678,12.832
29.512,14.907
29.491,14.266
29.173,14.249
28.378,14.339
28.889,14.360
28.818,13.823
28.072,11.570
28.313,10.552
27.819,10.153
28.327,10.096
28.709,13.337
28.212,12.988
30.174,12.545
28.502,12.441
28.164,10.518
27.775,9.586
29.204,9.991
28.756,11.218
29.413,10.463
29.301,11.961
29.241,15.142
28.675,13.241
27.806,14.104
26.078,11.003
26.376,8.798
26.734,9.266
26.596,11.295
26.714,9.587
27.068,11.650
25.991,10.706
26.288,10.551
25.039,9.490
24.437,8.340
25.395,8.855
26.055,9.835
25.645,9.498
26.144,8.822
25.827,8.407
26.255,6.291
27.906,7.987
27.464,10.236
25.676,11.326
26.933,10.594
25.361,11.588
25.412,9.861
25.397,9.150
24.973,5.914
25.177,6.337
25.242,5.821
25.235,6.122
27.126,7.474
27.486,7.281
27.697,6.321
28.277,9.894
25.767,12.178
25.069,9.713
26.002,10.074
25.803,9.225
25.901,8.487
25.061,5.113
25.432,6.935
26.648,6.679
28.220,6.126
26.334,7.782
26.399,6.228
27.502,8.004
29.523,7.844
30.751,11.856
31.141,12.483
31.183,15.444
29.676,13.958
27.204,11.556
27.020,7.712
23.373,11.413
25.172,7.318
25.092,5.871
26.014,8.315
26.229,6.139
27.665,9.552
29.046,8.927
29.806,8.908
29.884,9.500
30.358,10.453
30.631,11.913
29.702,11.901
29.370,11.906
31.472,11.594
30.727,10.240
30.668,10.185
31.082,12.365
30.380,10.971
31.151,11.212
31.029,10.576
32.332,10.713
34.327,15.076
35.880,13.094
35.572,12.882
34.905,16.106
34.783,14.040
34.422,15.505
35.456,15.314
36.369,18.281
36.693,16.501
36.785,13.572
37.674,15.788
37.121,17.714
38.794,17.325
38.779,19.811
36.528,20.293
35.946,19.583
31.317,15.071
32.855,13.669
35.231,13.234
35.447,16.234
35.984,15.598
36.521,17.320
37.413,16.149
36.975,18.706
34.599,18.634
26.709,18.902
30.674,18.295
33.258,16.618
34.399,20.048
35.603,19.790
32.933,17.924
33.799,18.075
34.385,16.675
34.639,15.677
36.014,17.414
37.905,20.064
36.336,20.243
36.181,19.396
37.821,19.288
40.744,21.479
41.361,18.822
39.143,21.967
37.000,20.894
37.886,20.079
37.209,16.833
38.180,18.075
39.205,18.283
40.889,19.325
40.483,21.222
39.688,22.834
40.122,18.721
41.017,22.915
41.680,22.355
41.854,23.503
44.360,24.779
42.747,26.082
42.643,23.138
42.833,23.431
42.690,20.888
43.439,20.919
42.894,22.166
43.004,24.458
37.116,27.893
30.788,21.467
32.895,20.034
36.983,19.548
39.426,23.120
39.722,25.483
40.285,25.453
41.397,25.563
43.368,29.159
43.460,26.761
45.139,26.949
41.815,28.522
42.129,27.667
45.456,26.775
44.720,27.685
45.721,27.002
44.656,29.830
44.401,28.690
44.897,28.834
44.319,26.464
42.997,29.337
41.381,27.527
41.771,29.605
42.270,29.062
40.492,28.438
45.693,28.564
39.411,28.121
41.042,25.770
40.966,27.152
38.725,28.888
41.955,28.180
44.407,28.588
47.351,32.205
43.245,30.636
44.494,30.723
41.967,30.417
42.785,31.424
45.348,30.893
42.421,30.999
41.962,31.094
39.740,30.993
43.266,30.449
42.806,30.762
45.078,28.962
45.928,31.046
46.053,32.610
43.553,32.212
41.827,32.210
37.968,30.718
40.273,28.711
36.809,29.067
30.578,27.172
33.307,26.754
32.983,27.178
37.696,27.757
41.759,27.818
43.655,29.302
44.408,28.537
42.042,30.283
44.829,30.684
43.635,30.863
43.979,30.541
43.249,30.110
47.442,29.065
43.299,30.436
40.457,30.916
37.753,28.608
38.248,28.934
37.945,29.943
37.121,28.884
36.354,28.314
36.934,28.085
35.590,27.659
35.586,27.454
37.768,28.025
37.331,28.849
37.681,28.570
36.795,29.182
35.826,28.332
35.302,28.110
38.544,29.045
36.288,29.548
30.904,27.801
36.423,27.054
29.849,26.258
29.290,25.974
29.120,26.052
30.974,26.328
33.201,26.774
34.757,26.842
31.442,27.063
32.940,26.593
34.073,26.688
34.951,26.714
32.108,26.245
32.677,25.952
33.059,25.327
35.290,25.644
34.721,26.613
36.214,26.841
33.284,27.400
33.716,26.519
35.157,26.859
31.102,26.094
34.391,25.923
34.866,26.340
35.615,26.766
33.649,26.544
32.346,26.605
34.148,25.297
33.607,25.012
33.607,24.832
36.418,25.852
35.795,26.943
40.147,26.453
35.446,27.486
37.368,26.362
37.584,27.821
35.819,26.960
36.091,26.884
36.834,26.764
34.668,26.921
32.577,26.926
32.738,26.612
32.927,26.184
35.195,26.536
36.399,26.729
34.133,26.460
29.537,25.655
33.381,25.149
33.334,25.671
33.753,25.574
31.180,25.723
32.855,24.874
30.783,26.150
30.392,25.609
33.083,25.191
33.230,24.028
34.549,24.197
32.260,25.600
33.589,24.743
33.161,25.174
33.837,25.074
33.730,25.846
32.917,26.205
35.356,25.653
33.600,25.956
33.086,24.895
36.111,24.846
37.328,26.173
34.740,25.943
34.316,25.832
33.787,24.897
34.471,25.921
32.905,24.958
33.762,25.048
33.190,25.518
25.293,23.268
24.276,22.815
25.655,23.174
26.136,24.586
26.967,24.299
25.082,23.216
30.885,23.073
32.701,24.187
31.978,24.762
30.567,24.602
32.233,24.570
33.762,24.605
35.248,23.638
34.182,24.830
34.110,21.649
33.883,20.819
33.380,21.525
33.322,20.471
33.700,22.521
34.149,22.344
34.253,22.590
34.059,22.412
32.972,23.873
33.396,21.773
34.086,20.833
33.757,20.557
33.553,19.825
33.856,18.789
32.408,19.485
31.309,19.569
27.919,20.326
30.342,20.369
31.371,17.944
30.973,16.699
31.699,16.146
32.243,16.430
33.702,17.559
32.252,21.466
32.655,21.821
32.148,19.584
31.068,17.126
30.575,17.001
30.737,17.456
28.912,19.073
21.723,19.802
31.414,19.628
31.918,20.094
32.452,18.022
32.627,17.892
28.106,20.207
28.478,18.829
29.441,18.950
29.276,17.411
30.360,17.499
30.551,17.050
30.623,16.439
30.648,16.416
29.820,14.822
29.847,14.392
30.423,15.684
29.878,17.257
29.522,16.468
28.203,15.318
30.323,14.665
30.880,18.924
29.639,16.769
28.194,14.106
27.128,11.534
26.554,9.347
26.581,8.192
28.435,11.615
27.166,11.636
27.023,11.148
26.281,9.221
26.848,8.634
27.475,9.517
29.431,12.709
30.514,13.319
30.847,12.926
29.785,13.272
30.098,14.122
29.016,14.796
26.500,14.618
25.732,10.847
25.338,9.808
25.072,10.306
26.245,8.352
26.743,10.042
26.904,12.211
28.142,11.236
28.434,14.202
28.074,14.424
27.672,11.667
27.609,13.842
26.310,9.293
26.230,10.354
27.169,11.358
27.204,9.796
26.695,12.858
24.974,9.295
24.327,7.240
24.686,7.779
25.679,7.203
24.837,9.453
23.880,9.854
23.479,8.766
23.956,7.308
24.169,5.983
25.753,9.073
24.563,8.788
24.523,7.303
25.431,7.798
27.098,10.358
26.834,8.555
25.533,9.248
23.793,8.090
23.162,5.823
24.612,4.752
25.555,5.448
24.999,8.159
25.896,9.354
26.426,10.924
28.072,9.257
26.749,9.386
25.648,7.616
26.573,6.015
27.093,7.971
29.199,9.127
30.100,9.292
31.438,12.303
30.598,11.003
31.726,13.866
30.710,13.757
30.178,12.491
29.837,10.480
29.728,10.367
30.549,10.020
29.502,10.083
29.549,13.263
27.297,15.482
26.594,15.914
29.133,13.759
30.877,16.657
27.830,16.607
18.633,13.676
16.847,13.659
21.166,13.850
23.828,11.472
23.126,10.155
25.917,8.086
26.654,11.103
27.714,10.040
28.336,11.774
27.783,10.532
30.231,10.250
32.513,14.305
33.203,14.381
30.720,15.973
29.802,13.101
31.980,13.285
34.518,14.574
35.444,20.992
28.487,16.360
29.156,13.933
31.274,13.195
31.511,15.016
31.327,14.103
30.428,14.181
32.419,13.159
33.840,14.948
36.828,17.186
36.467,17.803
38.383,19.660
25.589,18.460
31.194,16.550
30.379,17.443
30.419,14.902
31.673,15.071
34.045,14.512
36.712,17.595
38.916,18.502
38.047,20.935
38.879,21.267
38.628,21.582
37.797,22.321
37.241,21.160
36.513,20.282
37.056,19.206
39.783,17.910
41.936,19.833
42.811,21.487
44.750,22.397
42.442,24.667
42.726,24.650
41.724,24.052
40.210,22.378
41.256,21.075
41.805,21.632
41.816,22.292
42.830,23.896
41.312,24.136
39.857,23.859
42.113,23.749
39.176,24.623
38.765,25.347
39.672,25.912
40.940,26.789
40.917,27.233
41.429,27.437
38.523,27.135
42.796,25.735
43.599,27.433
43.736,27.367
42.192,27.267
44.838,26.309
44.329,26.524
42.817,27.837
38.787,26.627
42.223,26.100
39.909,26.856
42.705,27.236
38.940,27.321
40.325,25.019
38.831,27.443
41.738,28.030
41.399,28.065
44.016,29.012
41.783,28.215
33.639,27.659
37.883,27.284
37.257,27.255
38.849,27.612
45.605,29.070
41.501,29.358
41.120,29.225
40.369,28.354
41.611,28.268
39.500,28.385
40.820,28.815
39.196,30.664
42.138,28.191
41.909,29.958
43.301,29.517
43.370,28.672
44.307,31.225
45.038,29.213
43.946,27.986
46.395,29.144
43.341,30.776
44.254,28.184
43.418,29.541
44.108,30.324
44.181,28.703
45.426,28.521
46.282,27.896
46.473,30.673
40.806,29.416
46.907,27.903
43.630,30.798
46.218,30.076
45.289,30.819
40.307,29.992
34.631,27.830
43.537,27.941
46.364,30.681
38.147,30.618
37.678,29.660
33.149,28.344
33.153,27.544
38.253,28.072
39.598,28.927
36.386,27.316
38.755,28.032
39.174,29.050
37.600,28.941
39.896,28.401
38.331,28.796
38.301,28.952
41.731,28.324
34.762,28.642
39.139,28.476
33.865,28.730
37.163,28.123
34.856,28.077
40.047,27.555
35.079,28.644
31.727,28.095
32.869,27.666
29.392,27.131
31.895,26.542
35.846,26.219
37.920,26.130
41.590,27.195
36.705,29.035
37.937,28.595
34.981,28.016
34.552,27.679
33.514,27.889
32.110,27.590
32.103,27.216
32.995,27.016
29.582,25.300
28.203,25.353
26.829,25.355
29.961,24.956
31.544,25.013
28.667,26.235
26.289,25.345
30.650,24.994
31.656,25.611
32.294,25.732
32.609,25.961
33.476,26.561
35.130,26.684
27.750,26.389
34.987,25.856
31.633,26.618
36.221,26.623
32.985,26.864
33.825,27.183
34.258,25.841
35.278,25.927
36.672,26.911
37.946,27.345
37.156,27.947
34.798,27.671
31.345,27.237
32.256,25.850
29.793,25.090
26.002,25.065
31.270,25.024
31.845,25.470
30.311,25.957
29.953,24.876
33.427,24.578
34.516,24.266
34.789,25.482
35.108,26.380
37.514,25.954
37.125,25.905
32.172,26.478
32.603,25.573
34.137,25.796
34.508,25.857
33.836,26.935
37.323,26.426
33.193,25.931
35.713,25.730
33.304,25.990
33.416,25.667
30.381,25.220
31.154,24.717
34.486,24.288
35.803,25.071
31.935,25.437
34.498,24.805
34.449,25.056
34.450,25.431
34.797,25.608
32.600,25.662
34.656,25.169
34.651,26.167
30.271,25.469
33.646,25.490
32.506,25.624
34.365,24.976
32.770,23.765
25.152,22.256
26.072,22.818
27.433,24.894
30.186,24.790
29.680,25.581
27.453,25.206
30.774,24.941
31.444,25.842
30.197,25.064
32.558,23.744
34.308,25.049
33.521,25.326
34.273,24.920
33.334,24.849
32.579,24.006
30.224,20.121
29.126,19.000
29.685,19.456
30.035,19.506
31.468,20.038
31.361,20.132
32.940,19.311
30.940,23.498
30.557,22.169
27.977,20.265
30.802,19.712
31.101,19.093
32.230,18.328
31.863,19.750
30.924,17.751
31.931,16.709
32.421,16.527
32.607,17.276
31.526,18.261
31.319,18.801
31.984,18.472
31.979,18.507
31.779,18.974
31.962,19.496
33.512,19.320
31.076,19.818
31.270,17.559
32.123,18.919
31.897,17.766
32.708,18.774
31.846,21.028
31.050,20.115
27.947,19.665
29.893,18.668
30.206,15.449
29.975,15.187
29.164,13.998
30.042,14.604
30.096,15.657
28.671,14.583
28.942,15.219
29.556,14.502
28.964,14.068
28.087,13.917
28.349,13.891
28.058,12.225
29.039,14.726
29.205,13.954
28.771,12.644
30.736,13.582
29.599,14.377
28.346,16.396
27.580,12.169
27.673,11.899
27.596,14.715
27.758,12.507
27.662,12.521
27.923,12.646
27.583,11.182
27.119,11.701
27.196,11.756
26.104,9.750
25.493,9.970
26.235,10.485
26.859,9.033
27.728,10.025
29.006,15.394
29.526,15.772
24.028,16.683
26.003,13.202
24.983,9.725
24.150,8.260
24.944,6.670
25.502,10.507
24.950,9.574
25.059,11.014
24.540,8.473
24.917,10.926
25.412,10.589
25.896,9.467
25.022,10.432
25.038,9.911
24.301,7.074
24.156,8.229
24.907,8.464
23.933,7.597
25.335,5.244
26.366,7.704
27.384,11.894
26.810,11.934
26.480,7.168
26.710,10.709
26.971,10.655
29.419,11.618
30.158,13.255
28.393,13.807
26.049,13.378
23.849,9.626
24.449,9.558
24.478,8.875
24.812,8.532
25.406,7.950
27.291,9.530
27.822,14.150
22.982,11.765
25.176,11.101
21.124,7.075
15.537,11.645
17.920,12.276
20.479,10.294
21.212,7.995
23.063,9.591
22.285,8.766
21.189,10.227
20.925,7.298
21.835,7.016
21.565,5.800
21.838,3.216
23.230,4.730
26.297,11.818
27.727,12.436
27.489,15.974
23.545,14.615
17.970,13.962
25.495,13.404
23.414,10.175
24.192,8.432
24.518,6.403
23.635,7.696
23.710,6.153
25.066,5.725
27.057,7.584
27.900,7.240
28.916,9.243
29.522,10.783
26.695,10.037
28.154,9.211
30.962,12.063
32.206,12.891
32.883,13.401
32.129,13.959
29.499,12.788
29.318,9.142
29.451,9.612
31.439,10.130
31.436,10.227
33.868,12.919
33.752,13.885
35.111,15.954
34.383,15.645
33.730,17.014
34.276,16.622
35.256,16.275
34.710,16.448
35.403,17.853
35.804,17.154
37.157,20.209
37.252,19.054
36.332,22.288
37.311,19.434
37.695,18.428
37.161,18.410
38.185,17.141
39.628,18.681
38.859,21.044
38.934,18.949
39.362,18.432
38.967,19.595
37.589,19.098
38.820,21.456
38.430,22.482
38.568,20.852
40.063,21.633
40.453,18.824
39.209,20.540
39.347,18.718
37.621,21.703
37.676,23.485
39.366,23.739
37.758,21.925
35.416,22.713
35.838,21.849
34.766,18.311
36.215,20.900
39.040,21.809
40.623,22.585
40.981,24.183
42.533,23.258
43.095,28.080
41.428,25.402
43.323,26.840
45.462,26.701
43.668,27.155
42.964,25.616
42.621,23.835
42.541,23.165
42.806,23.987
43.648,22.930
43.656,23.100
44.272,23.876
44.449,23.905
45.011,24.861
45.048,23.936
44.360,24.718
44.619,24.820
44.599,27.288
44.516,28.166
44.176,27.972
45.899,27.989
45.666,28.462
43.621,29.656
42.489,28.104
44.130,28.875
44.006,29.003
43.427,27.456
43.333,28.984
46.752,28.754
43.495,29.695
43.486,27.477
44.029,28.998
44.532,30.431
42.145,29.415
43.737,29.008
45.168,29.593
43.753,30.599
40.604,28.971
43.345,26.220
42.520,27.886
40.281,28.657
39.394,28.429
39.230,28.250
39.786,26.063
42.963,28.200
42.940,28.216
44.181,27.904
44.621,28.305
44.168,29.342
45.116,30.490
45.065,31.125
42.294,31.121
42.622,28.195
41.836,29.988
40.376,30.154
33.918,29.057
37.626,27.754
36.830,28.010
35.102,28.695
35.317,27.575
38.030,27.768
41.174,28.093
37.356,28.735
37.108,27.806
36.261,28.157
34.151,26.768
26.959,25.769
29.113,24.951
38.556,25.315
34.129,26.720
36.041,26.458
35.487,26.777
36.318,26.813
37.363,26.755
38.925,27.859
34.936,28.034
34.248,26.924
31.504,26.664
31.162,26.558
33.079,26.717
36.469,26.537
34.509,27.667
32.773,26.798
37.473,26.396
34.461,26.747
35.747,27.071
33.248,26.925
33.433,26.124
33.511,26.454
33.056,27.064
34.961,26.913
32.385,26.904
32.881,26.464
30.963,27.018
31.641,25.960
30.748,26.706
32.980,26.353
33.409,27.046
28.843,26.068
35.148,25.652
33.647,27.065
32.241,26.675
30.098,25.786
31.313,25.785
33.618,26.855
32.585,26.620
32.023,26.512
33.362,25.574
31.958,25.739
32.823,25.867
33.381,26.043
34.388,26.171
33.343,26.225
35.259,26.532
33.967,27.043
34.519,26.153
34.250,26.785
32.619,27.131
34.102,27.128
29.835,26.577
30.817,26.095
32.702,26.062
33.029,26.424
34.653,26.287
33.165,26.698
32.128,25.926
32.923,25.962
31.050,26.249
30.164,26.113
31.924,25.896
30.845,25.207
31.810,24.928
33.405,24.985
34.112,25.138
35.455,26.168
36.673,25.841
33.874,25.882
31.447,26.784
31.888,26.061
32.729,25.626
35.366,26.215
35.065,25.515
35.440,26.046
35.170,25.622
33.580,25.225
32.870,25.108
34.235,25.099
33.641,24.499
34.649,25.219
33.548,24.826
32.449,25.304
34.974,24.679
34.230,24.898
34.502,24.919
35.542,25.127
33.963,25.271
32.366,25.024
30.339,25.237
30.652,25.959
33.099,25.148
36.110,24.925
35.892,25.181
34.957,24.985
31.694,24.847
30.505,24.621
27.474,24.653
32.893,23.234
33.467,22.961
31.717,24.129
28.643,23.912
33.283,22.866
34.390,22.717
35.178,23.909
34.231,24.367
33.970,23.724
34.156,24.225
32.723,23.437
34.826,23.180
31.769,22.290
35.491,23.030
34.225,23.068
34.856,21.317
34.954,21.359
34.871,22.319
34.114,22.039
32.949,21.725
35.544,20.872
32.631,19.430
33.178,20.461
31.927,20.269
31.878,18.014
31.677,15.947
33.210,17.906
33.698,17.764
32.526,17.587
30.355,21.525
30.248,19.162
30.580,18.262
33.049,18.333
31.558,18.474
32.514,20.320
32.399,20.518
32.207,19.851
31.709,18.859
32.008,17.005
33.877,18.744
32.838,19.314
31.445,19.576
32.319,19.610
31.538,16.145
32.349,16.682
32.953,17.921
31.204,16.189
31.913,16.877
31.912,16.185
32.598,17.047
31.328,17.453
31.033,17.301
30.551,16.786
29.359,15.858
30.213,15.252
25.749,17.502
30.239,19.505
29.788,15.857
27.836,12.999
27.184,12.680
28.402,11.913
28.589,12.338
29.484,13.583
29.746,14.107
28.789,14.803
28.617,11.893
28.793,12.811
29.130,14.622
28.261,15.053
27.771,13.703
28.826,12.570
28.570,13.010
28.362,16.055
29.520,14.315
30.153,15.532
28.758,15.950
29.449,15.127
30.008,14.895
30.025,15.757
28.556,13.450
27.369,13.366
26.814,10.776
26.867,10.216
26.733,11.234
26.620,8.832
27.804,10.605
27.360,12.422
26.617,11.315
25.513,13.406
24.840,10.601
24.199,10.348
25.641,10.947
25.910,11.771
26.564,8.518
25.704,10.153
25.607,7.424
26.142,8.453
25.858,9.153
24.645,6.249
25.315,6.454
25.031,6.061
25.690,7.557
28.174,11.587
21.845,15.694
27.958,12.727
27.348,15.662
28.099,11.404
27.207,12.538
26.430,11.974
26.223,9.557
26.875,9.304
27.046,7.707
27.821,9.442
27.741,10.696
29.337,11.404
30.375,13.711
29.060,14.859
25.339,11.924
26.925,9.500
27.716,10.856
28.205,11.006
28.643,11.380
32.137,10.294
32.206,12.783
29.589,13.582
27.899,10.780
28.553,9.766
29.401,11.624
27.569,11.369
27.898,8.757
28.189,7.049
28.484,7.215
30.762,7.315
31.449,10.253
31.551,9.290
30.809,11.221
29.965,10.116
30.778,8.236
33.100,12.661
30.924,13.633
28.906,12.610
31.115,9.466
32.459,12.854
32.653,12.968
32.076,12.413
32.934,11.442
31.444,12.497
33.684,9.838
34.347,12.990
35.510,16.147
34.373,17.704
35.459,13.989
35.819,13.031
35.373,16.022
35.513,15.972
34.589,15.494
33.778,14.658
33.044,12.425
34.003,14.416
36.431,14.776
37.510,19.092
36.462,18.087
37.607,15.950
38.606,14.158
39.264,16.942
38.141,21.233
37.250,18.546
35.607,17.078
36.226,17.004
39.294,17.818
37.913,17.109
37.210,19.133
39.110,17.919
38.796,21.213
37.494,18.217
38.717,19.249
38.516,23.116
40.508,22.268
40.091,20.411
37.748,21.658
39.906,21.174
37.897,23.327
36.385,20.542
38.126,23.206
40.331,22.689
38.708,21.535
38.505,22.625
38.403,19.425
38.507,20.127
40.447,23.018
42.642,23.874
41.838,22.977
40.715,24.033
40.722,23.091
40.564,21.799
42.930,21.907
39.734,25.880
39.013,23.130
41.799,21.127
42.694,21.876
42.441,24.346
43.350,24.759
47.565,26.211
44.104,27.439
42.865,26.621
43.944,27.021
43.426,24.357
44.979,24.331
43.945,27.557
43.024,26.993
42.397,23.726
43.096,23.508
43.894,22.454
43.646,22.776
45.964,21.875
45.507,26.809
45.922,28.407
48.313,29.207
45.687,29.142
44.522,28.940
45.441,29.213
43.860,29.493
44.749,27.284
44.032,28.825
44.169,25.533
45.176,27.540
46.381,30.182
36.824,28.968
30.129,24.831
37.396,23.146
37.606,25.008
40.963,26.471
40.592,29.417
39.193,29.098
39.820,28.418
40.954,29.023
40.852,30.009
40.721,28.118
39.762,29.733
41.802,29.919
39.753,31.043
31.309,23.415
36.078,23.082
41.059,24.702
43.217,27.732
41.753,28.991
42.592,28.840
40.801,30.199
40.565,29.173
42.113,29.044
41.558,29.764
46.402,30.212
41.112,30.927
42.314,31.306
43.834,30.317
45.671,29.376
46.785,28.297
46.918,28.718
44.715,30.347
45.012,30.146
44.981,30.185
47.877,31.183
46.103,32.215
45.831,29.244
44.852,30.658
45.766,28.547
45.826,29.599
46.404,28.641
46.663,28.715
46.805,31.373
50.492,32.053
42.818,33.159
40.490,32.317
43.613,31.675
40.679,33.194
40.856,31.077
39.056,30.347
33.494,27.856
31.733,27.256
31.557,27.536
38.226,27.399
39.356,27.619
34.433,28.096
36.949,28.036
35.476,28.190
35.084,27.241
36.861,27.291
33.764,27.135
35.978,26.864
38.849,27.377
38.374,28.569
41.040,28.752
37.136,28.671
37.098,28.340
39.510,27.976
41.609,29.897
38.381,30.252
35.801,28.486
37.241,27.191
35.830,28.260
38.471,27.284
39.342,28.251
39.389,29.161
39.344,29.790
33.634,27.510
32.559,26.643
33.882,26.657
34.029,27.221
36.006,26.604
38.471,27.742
35.793,27.549
33.237,27.609
38.862,27.241
39.506,29.162
35.854,29.156
39.958,28.325
36.548,28.542
38.956,27.342
36.042,27.749
36.794,27.717
39.545,27.699
37.041,27.994
31.009,27.451
33.334,26.628
33.938,26.116
35.388,26.487
34.652,26.993
32.926,26.426
33.966,25.375
34.266,25.770
32.996,26.608
34.827,25.718
27.711,25.456
32.951,24.962
32.017,25.660
32.129,25.475
32.364,26.027
32.748,25.377
37.460,25.723
35.965,26.384
34.080,25.849
35.151,25.283
39.155,25.423
34.417,26.099
31.231,26.029
26.454,25.390
31.758,25.275
32.995,25.571
27.667,25.212
32.594,24.828
34.180,25.557
33.593,24.850
34.724,24.314
36.287,24.149
34.935,26.300
32.842,25.321
34.527,24.681
34.947,26.027
35.722,25.031
34.065,25.121
37.108,24.225
34.263,24.852
36.128,24.653
34.295,24.631
33.280,25.000
35.378,24.356
36.919,25.223
36.503,25.396
35.640,25.248
35.564,24.620
35.793,25.131
30.249,25.682
33.554,25.294
31.102,24.588
30.873,25.193
30.758,24.938
31.636,25.162
28.982,23.790
32.227,21.665
32.455,21.904
33.168,21.677
32.717,21.428
32.295,19.305
32.424,18.701
32.272,19.053
33.564,19.647
32.327,21.774
32.168,19.801
31.625,18.348
32.661,18.048
31.606,15.609
30.098,16.168
31.023,16.813
30.235,15.799
30.195,15.184
30.715,15.411
30.541,15.995
31.158,15.942
31.123,16.088
31.455,17.719
30.856,17.750
32.096,15.035
32.053,15.265
32.261,17.824
33.466,17.550
33.151,16.288
31.958,18.577
32.837,17.737
31.806,17.502
33.522,18.771
31.811,21.437
30.054,18.602
34.294,17.814
33.664,22.364
33.051,23.327
32.725,22.174
25.000,20.986
20.807,17.613
28.169,17.119
28.334,16.795
25.361,12.688
25.070,11.720
26.904,10.491
26.558,12.904
26.296,13.184
26.652,12.536
27.683,12.383
26.853,11.580
26.998,10.559
26.769,11.170
27.403,11.170
27.187,11.370
27.147,11.800
27.141,11.225
27.244,11.521
26.989,12.449
27.363,11.655
27.792,13.381
28.497,11.114
26.631,9.855
26.392,8.966
26.490,10.659
27.296,11.747
28.618,12.260
28.097,13.502
28.149,11.623
28.954,14.643
29.432,15.530
26.490,14.917
27.511,15.869
25.835,11.587
24.642,8.776
24.193,9.051
24.297,9.250
24.390,9.605
24.538,8.734
24.936,7.535
24.543,6.589
25.054,6.447
24.580,6.979
24.835,5.597
23.126,12.027
22.421,8.412
22.380,6.512
22.599,6.531
22.992,9.937
22.862,10.228
22.463,8.555
23.855,4.161
25.089,5.226
25.083,8.932
24.582,9.117
25.098,9.617
24.302,7.690
26.804,9.450
26.095,12.997
25.228,10.979
23.424,8.548
23.629,5.069
24.614,8.001
23.823,7.987
25.295,7.528
24.638,6.300
25.415,8.056
25.591,7.465
25.589,7.093
26.246,4.863
26.935,8.135
27.794,8.699
27.077,8.023
27.089,8.075
28.503,10.105
27.955,11.282
28.269,9.147
29.516,9.662
28.558,10.211
26.835,9.935
27.980,8.473
27.776,9.268
28.797,8.037
30.241,11.244
31.778,15.887
31.181,12.704
31.953,12.997
30.936,13.275
30.079,12.150
30.074,12.922
29.517,9.647
31.390,14.352
32.257,14.562
29.413,13.918
30.122,8.611
30.153,11.930
30.399,11.418
30.977,11.953
33.480,10.937
33.543,16.900
33.235,13.570
32.944,13.779
33.873,15.344
34.464,17.200
34.814,14.572
36.647,16.210
34.737,18.231
37.053,16.667
38.439,17.592
36.971,18.807
37.091,19.437
37.157,19.857
36.074,17.639
36.041,15.908
36.473,15.528
36.926,18.239
36.704,18.014
36.875,17.524
38.390,17.264
38.198,21.473
38.421,21.559
39.242,21.871
38.840,20.555
40.237,20.092
40.522,20.656
43.796,22.940
42.666,23.925
42.548,23.547
44.299,21.019
42.449,23.198
42.828,24.413
42.454,22.197
41.478,19.440
42.114,23.104
41.869,23.786
43.266,23.462
43.024,21.814
42.941,21.360
42.734,21.950
43.005,21.156
43.654,21.201
43.414,22.937
44.175,23.323
43.717,22.435
44.560,24.076
45.068,26.647
45.841,24.709
44.591,25.876
45.000,27.195
44.446,25.578
45.708,28.114
46.228,28.656
45.853,26.475
45.206,28.944
46.384,24.919
46.978,24.838
46.078,26.223
45.029,24.084
45.485,26.434
45.593,23.600
44.876,25.552
42.192,26.682
43.260,27.281
45.486,29.214
44.558,26.596
43.442,28.844
37.939,30.017
46.606,27.566
46.622,30.058
45.245,30.378
37.210,28.371
41.974,26.258
43.406,28.558
44.649,27.564
45.820,27.075
46.551,28.512
46.663,28.321
46.459,26.803
50.691,27.061
48.302,28.759
46.510,31.070
45.698,28.708
45.503,29.820
48.406,31.481
47.660,32.576
40.991,31.561
43.260,29.327
42.214,28.518
40.987,29.148
43.989,28.368
44.396,29.182
39.930,29.118
41.562,26.020
43.064,28.504
45.210,30.353
45.943,30.469
45.601,30.311
48.401,30.226
47.400,30.752
44.390,31.948
44.675,31.722
45.556,32.639
45.545,28.876
46.207,30.403
44.928,32.697
46.237,31.147
47.578,32.172
45.459,32.882
43.751,30.598
47.643,30.772
47.128,31.503
46.745,31.465
41.003,31.387
36.165,28.104
39.361,29.005
38.668,30.362
43.464,28.303
45.413,30.411
38.612,29.848
40.068,27.966
38.165,28.777
39.304,28.899
37.503,27.891
46.019,27.619
42.965,29.398
40.591,29.653
38.928,28.760
36.205,27.249
34.596,27.863
39.081,27.893
39.787,27.674
39.599,28.722
36.587,27.922
39.944,27.973
45.862,30.564
40.880,30.929
30.293,27.606
31.986,27.245
35.125,26.912
34.358,27.565
36.430,26.827
36.367,28.027
37.988,28.153
38.894,28.562
39.376,28.224
37.205,27.958
38.428,28.495
36.263,28.507
37.341,27.681
33.691,27.686
36.936,26.669
30.881,27.247
32.794,26.841
38.345,26.275
37.799,27.168
34.697,27.714
33.687,27.035
34.419,26.708
35.913,26.888
35.930,26.438
37.982,26.196
36.451,27.746
37.530,26.593
38.374,26.920
39.735,27.232
38.650,29.011
39.493,29.156
44.868,28.625
35.357,29.811
32.382,28.161
34.410,27.368
36.276,26.462
35.555,26.815
37.029,27.243
36.837,27.880
32.807,27.584
33.457,26.733
32.911,25.745
33.093,26.713
31.967,26.384
32.659,26.909
33.722,26.159
35.086,26.028
35.279,26.407
36.055,26.219
33.621,26.213
34.938,25.980
34.193,26.096
35.667,26.126
33.894,26.172
36.726,25.720
37.290,26.146
33.529,26.085
35.271,26.005
33.040,26.398
33.144,26.116
34.924,26.268
38.232,25.806
34.450,26.863
34.634,26.506
35.765,26.488
32.572,25.848
32.018,25.580
30.566,25.135
30.616,25.311
30.647,25.109
31.640,24.954
33.009,24.358
33.196,24.810
30.616,24.713
30.665,23.578
31.460,22.902
33.838,24.003
32.963,24.024
33.881,23.811
33.845,22.761
34.284,23.538
35.548,22.728
34.802,23.127
36.961,23.524
35.984,24.836
34.075,24.677
34.167,23.648
31.179,24.051
30.581,23.984
27.354,21.714
32.259,19.340
34.275,19.995
35.420,22.109
33.244,20.397
33.263,21.498
29.787,20.425
30.668,22.592
30.613,24.452
29.510,23.594
31.399,23.030
32.961,23.645
26.292,23.376
24.539,21.117
31.098,20.667
31.281,19.571
32.899,20.599
32.274,19.813
30.897,17.060
30.842,17.798
30.505,18.152
31.058,16.084
30.481,15.317
27.478,19.750
22.967,17.196
30.504,15.801
30.384,16.767
31.026,17.634
31.272,15.619
31.685,18.060
32.329,17.550
34.350,19.578
34.191,20.805
33.745,21.802
31.248,20.871
31.633,19.284
32.214,18.019
32.917,19.124
32.579,20.674
33.309,19.910
32.798,21.864
32.803,20.258
31.846,21.500
30.799,18.893
29.308,16.217
30.163,13.852
29.350,13.616
28.955,15.991
30.693,17.496
30.797,19.820
30.788,18.668
28.775,19.107
29.721,17.697
27.692,14.037
26.069,11.600
26.066,9.124
26.701,9.994
28.059,11.780
27.246,11.332
29.099,13.923
23.130,18.521
23.422,18.310
26.269,18.551
28.887,16.569
28.115,16.370
23.313,14.484
25.187,10.412
24.879,10.646
24.826,10.960
25.729,11.472
25.978,11.870
26.830,14.244
25.698,11.707
24.287,10.105
23.565,7.240
22.815,7.433
24.681,7.976
25.620,7.148
24.766,8.765
24.745,7.503
25.216,9.454
25.430,10.756
26.308,10.687
27.172,10.481
27.784,12.041
21.576,13.594
20.928,9.515
20.924,7.919
21.252,9.172
19.568,8.291
21.208,8.067
21.420,8.572
21.495,7.128
20.635,8.601
20.312,8.698
20.511,7.326
19.962,6.766
21.424,5.932
24.173,6.660
25.291,11.255
22.360,12.249
20.370,7.531
21.563,5.858
22.792,5.281
22.082,4.465
21.474,6.154
22.772,6.271
24.411,8.101
25.717,8.993
25.427,9.097
25.479,12.872
25.533,11.333
24.675,6.501
25.095,7.289
27.506,13.344
26.024,10.592
25.043,10.544
23.892,7.545
26.170,8.030
26.332,9.732
27.442,8.828
27.410,8.961
28.825,9.093
29.598,10.024
27.982,13.225
27.239,9.654
27.847,9.562
27.793,9.079
29.330,10.394
30.029,10.768
27.606,16.516
32.176,15.672
21.564,11.578
27.532,12.429
27.573,8.489
27.890,7.675
23.052,14.680
28.311,10.672
29.674,11.592
29.641,11.999
23.427,10.877
30.593,12.161
30.690,10.624
30.106,13.426
30.127,9.902
31.556,11.969
33.929,14.057
31.817,17.258
35.080,17.566
35.218,18.389
34.387,16.151
35.283,16.854
34.061,18.347
35.325,16.724
34.574,18.458
32.888,15.675
33.604,14.885
35.118,14.654
34.814,18.074
36.071,16.415
38.976,16.931
36.538,19.544
39.849,19.406
40.566,20.788
38.964,19.199
38.375,19.101
38.252,16.259
36.376,18.156
41.152,19.338
39.940,19.459
39.160,19.373
38.639,22.118
36.459,21.312
38.154,22.168
36.749,21.587
38.321,20.339
41.535,20.724
40.105,23.085
36.424,22.617
36.030,19.575
36.747,18.444
39.270,19.507
39.403,21.082
41.053,24.434
41.169,22.475
39.671,24.171
40.193,25.377
39.651,25.673
40.283,23.130
41.309,23.110
42.915,24.945
43.086,26.140
41.533,27.071
42.957,27.356
41.009,25.898
40.809,23.669
40.743,26.130
40.779,21.502
41.779,23.181
38.717,26.516
37.836,25.823
38.761,24.724
39.738,24.867
43.861,26.805
41.856,27.695
44.677,27.493
43.564,27.747
44.875,26.424
40.368,27.029
40.272,27.569
42.361,28.180
45.590,28.675
40.858,27.484
46.466,26.658
44.336,28.162
43.903,29.203
47.331,29.599
47.340,27.692
43.673,29.765
46.144,29.561
44.804,31.273
47.512,31.875
44.204,31.270
40.204,27.962
32.341,26.719
42.640,24.834
45.479,29.231
42.645,29.812
44.350,28.515
42.968,29.403
42.368,30.526
41.541,30.195
43.331,29.746
40.472,29.912
41.936,28.764
43.240,28.945
45.426,29.299
45.190,30.073
43.927,32.227
44.286,30.315
46.288,30.195
44.711,31.429
45.114,31.270
47.034,31.358
40.792,30.909
43.100,29.623
45.960,30.251
40.112,31.081
40.994,29.090
37.863,29.835
33.856,26.715
37.279,26.359
31.009,26.260
28.320,24.723
26.335,24.865
29.152,25.452
35.416,25.853
37.217,26.724
38.804,27.742
38.095,29.565
33.195,27.934
30.208,26.813
30.881,26.101
31.356,25.602
33.905,24.582
30.449,25.532
30.618,25.053
32.947,25.753
30.923,25.906
28.435,25.851
30.821,25.505
32.307,24.646
30.849,24.900
31.880,25.590
33.748,26.126
33.976,26.821
36.046,26.712
33.779,27.442
33.336,26.615
32.643,26.249
30.216,26.297
31.811,25.969
31.886,25.919
32.504,26.509
30.255,26.233
30.296,26.090
30.319,25.639
29.096,25.607
31.491,24.439
31.309,25.095
33.689,25.253
35.561,25.743
36.730,26.773
28.016,24.655
30.034,24.408
31.380,26.113
34.056,26.784
34.726,27.120
30.351,26.613
32.446,26.259
30.912,26.240
33.078,26.534
29.324,25.802
28.951,25.033
27.984,24.537
28.924,24.980
28.445,24.674
30.983,25.410
29.316,24.545
27.634,24.851
30.891,24.916
32.767,25.050
28.304,25.183
32.887,25.377
27.361,25.212
29.578,24.929
33.068,23.947
35.950,24.714
29.488,25.851
32.339,25.512
33.753,25.993
31.340,25.757
30.479,24.592
30.828,24.744
31.086,24.612
31.944,24.421
32.518,24.987
32.638,25.525
30.903,24.756
29.204,24.810
30.815,25.000
32.994,25.238
32.595,25.938
31.803,24.984
30.991,24.995
29.231,25.063
28.925,24.468
30.770,25.078
29.290,24.793
30.826,24.365
36.169,24.225
32.685,25.475
30.671,25.300
31.711,24.491
26.977,24.580
26.918,23.796
25.079,22.918
29.289,22.638
31.462,24.330
25.980,23.307
28.103,23.735
27.480,24.669
28.692,23.886
26.850,21.577
29.411,21.032
29.158,21.983
30.203,22.459
30.476,22.519
30.608,22.565
31.035,21.625
29.714,21.581
30.123,21.653
30.830,22.156
31.047,21.585
34.417,21.517
32.230,23.319
32.503,22.691
33.955,22.717
32.650,22.327
33.065,20.466
32.203,21.207
30.933,19.499
30.778,18.508
30.867,17.858
31.857,17.558
31.030,20.674
29.606,20.964
32.947,21.011
27.001,20.483
30.541,19.020
30.464,19.226
30.958,19.647
31.565,17.061
31.301,17.104
30.326,18.598
29.404,16.007
29.787,14.575
28.726,15.299
29.183,14.291
29.636,14.286
29.735,15.006
29.927,16.130
29.196,15.676
31.213,16.756
29.523,17.042
29.334,16.483
29.233,16.210
28.732,15.725
29.889,14.537
28.306,16.274
28.561,15.692
29.396,17.112
29.032,16.748
30.125,17.393
28.375,15.917
29.087,15.436
27.457,16.082
28.107,15.294
27.915,14.225
28.524,14.737
28.917,13.826
29.157,14.855
29.464,13.951
27.949,13.673
28.020,13.401
27.759,13.409
27.401,13.382
26.773,13.774
25.781,10.905
26.678,10.268
28.564,13.242
28.223,14.029
29.022,14.383
28.773,13.504
27.545,12.686
26.417,12.189
26.582,11.466
27.138,11.234
26.852,10.972
25.577,11.261
25.089,15.171
24.169,9.481
22.669,9.217
22.782,6.863
22.561,6.608
21.314,5.745
21.638,5.803
22.382,6.866
21.889,7.183
22.459,6.745
23.820,6.447
24.150,8.784
22.825,8.499
22.997,5.948
23.860,7.045
25.279,7.720
26.161,8.301
25.946,8.264
26.621,9.036
27.963,11.693
20.518,14.706
20.427,14.463
20.872,13.059
20.608,11.260
23.784,9.430
25.808,13.508
25.643,14.334
25.401,14.417
24.796,13.814
22.549,8.847
21.771,9.660
20.403,7.820
20.790,7.035
20.681,6.587
21.757,6.989
23.629,7.084
23.621,10.310
24.143,12.825
24.332,14.392
23.328,11.286
21.625,10.965
21.841,7.086
22.876,4.326
23.488,6.711
24.054,6.905
24.555,8.406
24.774,10.340
24.758,7.978
24.615,9.456
23.990,5.730
23.602,5.714
23.443,8.077
23.353,7.524
23.574,6.227
24.750,7.173
27.870,6.928
28.504,11.265
29.598,12.786
31.797,14.780
23.236,11.397
22.557,6.779
22.896,5.907
24.602,5.256
27.414,8.860
30.588,14.148
30.078,13.697
30.942,17.762
27.625,14.428
27.905,12.061
27.683,11.739
27.385,11.128
29.896,12.572
32.166,11.527
33.108,16.219
34.008,15.873
33.388,16.110
32.060,15.548
30.252,12.153
31.838,13.181
30.993,11.142
31.341,10.002
31.328,9.943
32.576,10.345
33.475,13.089
34.373,15.552
36.614,16.911
34.523,16.365
33.622,13.808
32.702,13.533
32.858,13.443
34.171,12.038
36.537,14.398
30.928,18.168
31.731,13.492
32.862,15.267
32.720,13.579
35.016,14.203
35.981,18.292
36.868,19.860
38.568,19.603
39.677,19.899
37.160,20.526
37.291,17.882
38.272,16.009
39.741,16.899
39.155,17.975
40.413,18.986
41.432,20.455
39.823,19.517
38.171,20.597
40.913,21.387
42.135,21.836
41.520,23.052
43.555,25.897
42.179,25.987
40.767,24.679
37.779,23.606
41.175,23.140
40.647,23.260
38.920,23.072
39.649,23.104
36.003,22.788
39.437,22.133
41.002,23.262
41.665,24.432
41.168,23.743
40.626,22.551
41.755,21.471
42.666,23.514
42.557,25.650
43.087,25.657
41.233,26.655
41.484,25.411
42.208,26.111
43.178,24.278
43.355,25.878
42.615,26.812
42.844,26.108
42.194,26.702
42.866,24.063
42.222,25.256
41.737,26.416
41.290,25.172
43.358,25.027
45.303,25.100
39.637,24.875
44.774,25.692
45.105,26.741
44.037,28.481
43.467,29.694
43.931,29.420
47.548,29.552
44.099,28.779
44.137,29.849
44.905,29.361
44.474,27.194
44.654,25.814
45.924,27.781
47.742,28.088
46.728,30.338
46.572,31.161
48.326,29.022
46.363,29.791
46.721,27.706
46.590,27.428
48.211,28.768
48.485,29.866
45.918,31.810
47.489,31.836
47.792,31.035
49.126,29.901
47.018,32.615
48.456,32.065
47.735,32.788
47.280,30.782
49.896,30.147
47.389,30.789
45.789,31.441
44.613,31.911
43.688,31.084
46.052,30.168
46.128,30.893
48.241,30.708
48.774,32.559
49.268,33.237
47.703,32.721
47.169,32.025
45.522,32.258
43.191,29.853
38.883,28.545
37.327,29.234
37.448,29.433
38.866,29.393
33.201,27.401
32.286,26.552
36.152,26.553
37.853,27.039
42.393,27.659
44.011,29.264
42.493,28.539
44.880,28.738
45.800,30.491
43.209,31.835
38.141,29.963
37.739,28.495
32.852,27.691
29.363,26.357
31.388,26.034
32.287,26.377
32.904,26.715
30.889,26.267
32.561,26.055
34.995,26.991
32.154,26.507
34.074,25.971
34.062,27.723
35.510,27.292
32.491,26.897
32.921,25.892
34.915,26.701
34.693,27.537
31.583,26.333
30.741,25.677
33.579,25.606
30.114,26.167
29.930,26.095
32.349,25.761
33.262,25.155
34.028,25.080
31.047,26.549
31.821,26.133
32.040,25.268
32.027,25.267
32.297,25.998
36.443,26.070
33.917,26.067
33.092,25.429
30.677,25.666
32.778,25.966
33.933,25.924
32.715,25.852
33.330,26.200
34.887,24.906
30.648,26.513
32.746,25.300
30.625,25.521
33.846,24.888
35.070,26.134
34.779,25.285
33.948,25.798
35.143,25.869
34.510,25.710
34.253,26.730
34.244,26.159
33.070,24.974
32.184,25.106
33.210,24.082
37.009,24.770
35.125,25.420
34.444,25.262
35.003,25.954
35.774,25.443
35.888,25.365
36.010,24.643
39.648,24.395
36.721,25.564
36.304,25.014
32.255,25.283
28.832,25.646
30.256,24.842
31.785,24.584
35.467,23.497
28.563,23.894
30.663,24.251
32.357,24.685
34.911,23.577
34.774,24.466
32.456,24.945
33.749,24.701
30.721,24.481
27.602,23.740
31.855,23.122
32.261,23.565
33.063,23.912
33.167,24.047
33.119,23.909
31.594,21.811
32.051,20.839
31.842,20.103
32.450,19.127
32.324,20.092
32.610,20.797
32.803,20.334
34.288,21.238
35.733,21.611
36.366,22.634
35.077,22.760
33.663,23.172
33.828,21.661
33.342,19.766
34.767,20.057
33.388,18.619
27.755,21.586
26.948,19.100
30.830,19.154
31.691,18.672
33.543,16.470
32.715,14.962
32.229,14.813
31.099,14.360
31.440,14.037
31.467,14.898
32.181,14.384
31.741,13.354
31.292,13.205
31.093,16.109
30.317,14.535
30.429,14.092
31.906,15.454
31.192,15.029
30.488,13.943
30.098,13.392
30.340,12.238
30.913,12.007
31.023,11.896
31.003,11.646
30.704,13.639
21.796,14.684
27.102,13.233
24.521,16.980
27.638,16.731
29.437,14.700
30.024,14.843
29.655,15.590
28.949,12.616
28.693,12.732
29.558,12.792
29.481,12.406
28.752,12.598
27.613,11.030
27.802,9.407
29.306,11.727
29.100,11.174
29.101,12.100
28.141,11.427
28.259,10.478
28.473,12.527
28.306,10.454
28.713,10.551
28.471,12.712
27.517,10.262
27.021,11.933
26.366,10.491
26.520,9.273
27.616,11.447
26.773,9.571
26.198,9.366
26.635,9.227
27.652,11.474
26.620,10.502
26.773,10.437
26.937,10.941
26.769,10.438
27.617,8.824
27.987,7.883
29.010,14.762
25.656,12.819
25.604,10.869
26.957,11.771
26.204,12.052
26.591,9.777
27.599,13.998
25.605,12.413
25.553,11.480
24.056,10.472
22.349,4.289
21.778,3.993
21.599,3.195
22.850,7.221
22.131,7.552
21.613,4.111
21.384,3.884
22.313,5.088
23.420,3.418
22.916,3.088
25.371,8.209
25.277,8.245
26.176,10.201
24.527,12.546
22.249,6.746
22.134,4.091
22.042,4.466
20.677,5.654
18.456,3.517
19.193,0.977
21.411,3.060
21.396,4.236
21.646,3.092
24.027,5.780
25.514,6.799
24.797,7.596
26.859,7.584
28.686,8.748
29.823,11.067
27.868,11.394
25.099,9.544
23.872,5.702
23.962,2.806
23.664,2.859
23.733,4.585
23.172,4.790
23.527,3.663
24.523,4.216
24.383,3.625
24.846,5.696
25.855,3.512
26.812,5.792
26.870,9.751
26.806,6.433
27.615,6.932
29.092,8.401
30.749,11.277
32.529,12.345
27.587,13.711
29.062,12.326
26.923,8.317
27.851,4.851
28.872,7.109
29.629,6.782
31.407,10.042
31.895,11.745
25.097,12.934
17.373,12.685
25.012,13.895
24.659,10.399
24.823,10.104
26.579,7.564
28.155,10.591
28.154,9.739
30.816,9.112
30.535,14.860
30.417,14.410
30.293,13.320
31.832,11.171
35.079,17.059
30.792,14.788
29.809,12.288
32.203,12.953
32.614,13.903
33.772,13.765
34.231,12.910
33.115,11.988
33.874,12.963
33.833,14.889
34.768,12.589
35.655,16.568
35.457,15.527
36.371,15.562
37.738,18.076
37.158,17.506
37.064,19.145
32.862,18.838
35.021,17.926
36.624,17.819
37.426,18.554
37.956,18.360
38.252,17.936
38.827,19.770
38.960,19.478
38.690,20.971
37.868,21.575
38.260,20.913
38.410,20.387
39.551,23.355
38.594,22.197
38.034,21.169
38.701,19.068
39.911,18.735
39.892,22.433
39.489,25.469
38.538,22.861
38.859,22.068
40.513,19.461
41.348,19.622
42.122,20.749
44.158,21.452
42.353,22.312
44.016,25.582
44.328,24.115
42.277,26.220
40.251,24.040
41.003,24.297
40.408,24.660
43.675,24.836
42.096,26.052
36.749,25.040
32.433,22.657
33.539,20.224
38.016,20.878
39.808,21.063
42.961,23.194
44.329,24.478
42.838,25.573
42.777,25.226
42.618,25.054
44.469,26.125
44.704,26.052
45.272,28.141
44.171,25.607
45.670,24.708
43.310,27.815
42.191,24.883
41.721,24.971
42.765,27.094
44.843,27.211
44.856,27.724
46.510,27.290
45.011,28.905
42.422,28.641
43.329,25.094
46.263,25.080
44.436,29.373
44.916,26.794
46.774,27.001
44.810,28.542
44.145,28.993
44.429,28.227
47.379,28.348
46.857,30.407
44.210,29.526
45.358,30.074
44.825,30.643
44.558,30.443
47.608,28.486
39.739,29.114
30.709,23.969
25.600,23.167
33.188,22.771
37.271,25.238
41.439,26.534
43.172,30.151
42.792,30.866
43.380,30.299
43.332,30.022
44.162,29.560
46.024,30.494
47.270,32.697
40.841,31.771
41.354,31.006
37.367,28.959
32.744,28.280
30.624,26.262
32.595,26.491
36.015,26.788
37.614,28.227
38.823,27.627
39.935,29.215
41.376,28.205
41.211,29.497
39.716,31.004
37.162,29.785
33.124,28.166
33.442,27.472
36.640,26.668
35.750,28.361
29.833,26.492
29.942,25.882
33.946,25.703
34.680,26.336
36.532,27.314
38.805,27.374
36.445,27.675
37.654,28.353
42.292,28.584
40.963,28.148
41.836,29.225
39.605,29.319
35.075,28.700
34.256,26.843
36.348,26.860
35.592,28.270
37.240,27.560
37.672,28.552
35.665,28.224
37.651,27.995
35.446,27.836
33.201,27.409
32.364,26.474
33.987,26.573
33.471,27.294
31.957,26.849
34.784,26.830
30.210,25.697
29.354,25.096
32.177,24.892
35.007,25.441
34.989,26.737
31.443,26.698
31.195,25.429
32.720,25.516
36.121,25.420
33.193,25.559
38.008,25.810
34.155,26.202
36.031,26.115
35.285,26.464
34.079,26.387
30.719,26.151
36.383,26.089
33.875,25.539
34.300,25.785
36.421,25.466
38.809,26.734
33.745,26.681
35.709,26.935
32.319,26.506
32.157,25.561
30.056,25.379
26.885,25.148
32.254,25.349
33.981,25.019
36.852,24.417
37.854,26.487
35.245,25.948
33.916,26.216
27.093,24.034
31.937,23.031
34.593,24.263
36.498,24.901
35.941,25.270
30.507,25.249
34.670,24.640
35.246,25.641
35.510,24.742
35.953,24.978
34.918,24.668
37.729,23.008
36.830,24.785
36.211,24.162
34.721,24.320
34.127,24.246
37.409,23.955
38.528,24.641
36.971,24.576
38.079,24.026
37.123,23.978
36.068,24.909
30.291,24.830
29.605,25.243
33.517,24.332
34.398,23.669
34.730,23.345
36.410,24.256
32.916,25.346
32.767,24.721
31.844,24.475
30.262,25.234
29.815,24.354
24.640,22.817
24.750,22.725
24.617,22.561
29.489,21.970
29.452,24.619
29.921,23.952
30.098,23.407
29.291,21.848
30.428,22.963
30.363,22.763
30.544,22.033
31.613,21.534
31.144,21.724
24.942,23.098
26.934,22.820
23.721,21.362
27.426,19.917
28.773,20.677
30.518,20.664
30.973,20.033
29.677,20.373
29.685,19.252
30.020,18.202
29.705,19.457
28.788,19.817
27.344,21.495
27.166,21.220
28.968,18.329
29.445,19.213
29.319,17.705
29.400,15.674
29.900,16.056
30.611,16.579
30.005,17.523
30.508,17.849
29.013,16.927
28.148,13.710
27.625,13.682
28.552,13.676
28.919,13.540
27.719,13.495
27.893,15.630
26.828,14.491
26.484,13.254
25.919,12.909
26.137,12.520
26.808,12.783
27.200,13.934
26.937,14.482
27.327,14.422
26.576,12.740
26.677,12.132
26.298,10.834
26.754,11.112
26.797,12.046
26.572,11.070
26.522,12.311
26.726,12.835
27.432,12.401
27.419,13.024
27.288,14.724
27.369,15.424
26.738,12.017
25.990,10.436
26.403,9.384
26.642,11.752
25.356,10.412
25.611,10.151
25.786,10.352
25.986,9.987
26.461,11.189
25.830,11.052
25.711,12.363
25.264,11.307
25.833,10.798
24.403,10.075
25.213,8.706
25.681,9.053
24.634,11.010
24.700,10.019
24.814,10.653
25.645,12.049
26.178,13.134
28.425,13.201
27.516,13.032
25.025,13.804
23.455,10.882
23.368,9.977
24.130,9.022
26.035,10.326
25.939,11.231
25.327,8.213
25.101,9.922
25.789,12.248
25.451,13.695
21.898,9.492
21.855,7.066
25.614,9.492
24.742,11.978
22.469,8.664
21.455,4.712
22.510,3.522
19.415,8.506
21.451,11.002
16.355,11.639
21.342,7.842
22.034,8.506
22.257,6.102
22.900,7.501
24.529,7.750
27.015,11.601
21.202,11.930
21.354,8.428
23.365,5.250
23.449,6.463
23.491,9.335
25.367,13.509
24.472,12.472
22.584,9.638
22.231,7.217
23.396,7.868
23.737,6.778
23.348,7.889
23.462,7.002
23.362,7.178
23.652,7.894
24.741,6.908
27.364,10.081
28.420,9.904
28.310,12.857
28.796,12.762
30.019,12.635
27.630,13.454
25.903,10.979
25.613,7.709
26.123,10.099
26.662,6.611
23.969,12.412
26.254,13.267
21.173,12.057
22.483,10.905
23.954,9.387
24.443,7.049
26.465,7.808
28.929,9.016
28.166,11.833
26.272,14.544
28.145,14.617
27.842,12.820
29.365,12.091
25.099,15.833
26.039,16.891
23.091,16.424
28.211,15.891
27.221,15.313
26.107,12.745
27.719,12.640
28.693,14.430
29.376,13.894
29.185,13.977
28.533,13.446
30.488,12.479
32.199,14.570
33.260,15.859
32.654,17.545
32.132,17.819
32.572,15.206
33.510,15.361
33.830,17.345
37.056,17.701
35.676,19.043
33.592,17.989
33.631,15.123
37.587,17.402
35.766,18.762
36.059,19.415
37.579,20.524
37.575,20.346
39.672,20.266
40.102,23.308
40.471,23.436
40.067,24.867
38.219,24.185
38.401,21.927
39.093,21.364
39.838,21.957
36.447,19.889
38.335,19.059
40.458,21.628
41.351,23.628
41.932,23.951
39.227,23.183
39.097,19.796
39.875,19.171
40.670,21.444
40.679,22.464
39.263,23.977
40.631,21.897
42.203,23.190
41.841,23.123
42.474,23.188
41.499,27.613
41.150,24.496
40.750,23.830
42.270,23.486
42.580,24.730
42.081,25.680
42.928,23.883
43.724,23.009
44.094,25.807
43.691,25.728
44.150,25.414
44.765,25.472
47.940,27.567
43.788,27.688
46.939,28.479
42.049,28.115
44.986,27.868
44.432,27.471
42.221,28.485
43.332,25.732
45.128,28.743
43.974,31.352
44.985,28.373
43.697,30.296
43.264,28.110
44.019,29.329
42.258,29.322
42.508,27.717
44.419,30.131
44.677,29.084
44.579,25.905
45.461,26.710
45.270,24.361
43.924,26.230
46.823,26.846
45.306,29.203
42.401,30.673
34.217,25.762
29.554,23.179
25.386,22.802
39.721,22.508
40.262,25.411
41.225,26.469
39.684,27.259
40.215,28.692
45.005,28.753
47.966,30.121
49.280,30.618
47.900,31.522
48.695,31.770
46.163,32.216
47.490,30.726
51.138,32.589
47.096,32.570
46.506,30.622
45.454,31.015
44.453,29.053
43.714,32.183
43.741,33.337
47.676,32.750
39.502,31.783
40.552,30.545
39.707,30.896
39.700,29.620
41.263,28.589
43.677,29.982
43.177,30.533
44.173,31.557
43.820,31.026
42.783,31.047
40.344,30.118
43.139,30.251
42.749,30.959
38.157,28.642
28.413,25.665
26.555,24.649
26.026,25.352
26.774,24.984
31.770,25.724
35.339,26.516
35.832,27.114
38.505,28.187
39.307,28.035
35.341,29.053
36.698,28.184
35.024,28.138
34.049,27.431
31.701,26.750
29.024,26.760
32.440,26.219
30.078,27.090
30.878,26.462
32.143,26.497
28.999,26.287
29.189,25.668
32.961,24.536
32.059,24.196
32.191,25.546
33.253,26.648
34.015,27.303
32.595,26.438
32.382,26.016
33.240,26.301
33.420,26.510
