20000101
24.446,6.508
25.350,7.223
24.603,7.957
24.716,8.246
24.712,7.432
22.990,7.095
23.478,7.003
23.218,6.299
24.140,4.502
26.827,6.598
27.795,8.001
27.725,8.983
27.638,11.503
27.767,10.365
26.930,11.021
25.156,13.780
23.556,8.525
23.603,7.438
24.576,8.029
25.962,9.585
25.725,5.439
27.138,9.575
27.198,9.686
25.892,7.642
25.733,8.440
26.988,5.772
27.555,8.588
27.678,9.630
26.108,12.054
25.831,8.844
27.222,7.738
29.629,12.502
25.744,13.100
26.389,8.830
28.218,9.075
26.710,13.780
20.928,15.889
25.458,10.415
26.738,9.372
27.653,9.456
27.397,9.004
25.760,11.869
25.069,15.234
27.663,11.214
27.619,12.551
27.324,10.221
27.779,6.820
29.079,9.043
28.276,10.088
28.734,8.840
28.968,7.963
29.246,10.291
30.006,11.297
29.441,9.525
28.704,11.002
28.752,10.912
28.589,11.450
28.598,10.435
29.279,8.183
30.306,12.055
33.201,13.808
31.162,17.128
33.157,12.588
34.561,12.904
37.064,16.541
34.898,14.895
36.267,13.948
34.944,19.039
31.555,16.530
32.169,14.709
36.804,12.499
35.224,15.569
35.898,18.992
33.799,18.517
32.445,15.718
33.226,14.881
34.380,15.519
36.284,14.039
35.739,16.402
34.902,16.010
36.046,13.031
38.535,14.412
32.636,22.562
35.489,17.644
35.813,17.330
37.978,16.043
39.011,18.151
37.544,17.487
39.441,16.526
39.122,16.992
41.681,22.010
41.833,19.413
42.150,24.170
41.411,21.924
41.261,21.297
41.698,21.925
41.881,19.098
41.386,18.213
42.803,19.194
42.038,20.183
40.435,21.265
41.711,19.221
41.899,23.516
43.194,23.832
42.666,23.358
41.527,26.720
39.975,26.478
42.219,23.749
42.013,24.626
44.550,25.451
44.120,25.877
46.268,26.546
43.749,27.070
43.670,24.565
41.496,29.370
43.699,26.567
43.512,23.950
40.605,24.349
43.661,25.802
44.122,26.026
43.170,27.000
44.430,23.605
40.689,26.878
38.112,24.545
39.069,25.112
40.337,26.045
41.163,26.545
42.087,26.586
43.513,27.073
45.741,27.225
45.703,27.599
45.722,29.887
46.737,30.499
45.834,30.932
45.006,31.989
42.467,30.898
43.849,29.312
47.362,30.525
45.373,29.949
44.964,30.700
43.620,26.898
38.304,27.794
32.902,26.494
36.247,25.788
43.328,26.067
42.796,29.096
40.108,30.613
43.279,27.910
45.060,28.281
44.933,27.818
41.344,25.938
42.249,27.470
41.925,29.928
40.915,29.132
41.294,29.033
43.136,30.079
39.475,29.958
35.132,28.904
35.522,27.539
40.237,27.655
36.141,29.203
38.768,28.761
38.074,29.023
41.985,27.585
42.929,29.053
43.604,29.290
39.780,30.216
37.647,27.941
40.992,28.361
35.819,28.767
31.442,27.232
35.319,26.624
35.549,27.253
34.117,27.523
37.403,26.852
39.185,26.798
39.628,27.907
39.818,29.589
38.811,28.828
40.315,29.395
38.508,28.482
38.953,28.398
40.267,28.449
39.541,29.907
38.418,29.600
41.742,28.285
44.150,30.396
45.707,29.759
33.276,29.038
37.902,28.058
39.479,27.265
39.739,28.203
36.272,27.055
35.776,27.797
32.907,26.776
34.119,26.581
35.647,26.835
34.751,27.225
37.322,27.183
36.015,27.629
32.727,26.309
33.292,26.107
27.040,25.310
33.834,24.841
29.612,25.693
29.306,25.947
34.727,25.358
33.018,25.800
33.756,25.717
32.569,25.911
33.122,26.144
34.574,25.671
34.372,27.184
32.819,26.726
33.451,26.198
35.820,26.004
37.829,26.389
37.231,28.454
38.810,28.567
39.788,28.003
36.394,28.120
34.801,27.367
35.452,26.049
33.117,25.785
37.323,26.264
37.490,27.246
40.943,26.311
36.453,26.525
36.183,26.430
35.655,26.135
34.500,26.601
34.549,26.030
36.108,26.443
35.558,26.940
37.321,26.599
37.564,26.806
38.254,27.068
38.560,27.450
37.673,26.899
38.855,26.713
38.728,26.868
36.725,26.233
33.145,26.744
32.167,25.808
27.884,24.701
29.764,25.409
32.480,26.018
35.621,25.011
34.401,25.156
31.633,25.483
32.402,25.927
31.163,25.631
33.405,25.165
30.648,25.217
32.979,24.043
33.784,23.928
34.471,23.406
31.214,23.916
29.911,24.931
34.734,24.697
30.735,25.113
29.600,23.385
28.079,22.684
25.623,22.654
29.772,23.664
30.510,24.179
30.190,24.194
31.303,24.208
33.442,22.402
33.008,22.292
33.388,20.184
34.244,20.179
35.057,19.338
34.219,20.228
34.245,19.631
31.496,21.767
27.961,22.989
35.976,21.880
36.894,22.895
37.291,23.834
36.143,24.392
37.415,24.738
37.071,24.264
36.834,22.928
34.852,20.968
33.935,20.810
34.344,19.435
33.393,16.960
34.548,16.677
34.121,17.205
34.932,19.144
34.925,20.528
35.791,19.716
35.293,20.433
34.593,17.187
35.132,17.403
34.704,20.033
35.255,17.863
34.816,17.569
33.624,19.823
33.335,17.477
31.113,20.780
30.447,18.450
31.915,15.783
32.252,15.730
33.236,15.914
34.250,16.906
33.054,17.380
32.916,17.782
31.956,17.182
32.088,16.690
32.283,15.034
32.192,14.572
31.848,14.215
33.587,13.939
32.321,14.747
31.295,15.128
30.651,13.005
30.117,11.571
32.565,13.978
30.106,12.587
30.604,14.228
30.694,14.401
29.952,14.782
32.592,13.449
31.853,15.770
32.518,15.981
31.032,14.128
29.821,12.922
30.261,13.892
29.208,12.290
28.814,9.650
29.264,10.783
28.806,12.226
29.634,11.464
26.570,10.960
25.241,8.614
25.339,7.290
25.284,8.801
25.498,7.452
25.750,7.899
26.197,7.130
26.035,7.320
27.227,8.179
27.199,10.173
26.278,7.962
25.017,7.939
24.240,5.591
25.062,6.809
24.899,6.877
25.803,6.552
26.916,7.686
27.324,9.355
28.008,10.431
25.189,10.382
24.709,7.939
25.242,7.902
25.875,8.500
26.227,8.981
26.520,9.885
27.149,10.654
27.186,10.407
25.735,9.533
25.610,8.920
25.582,7.539
26.049,8.108
18.981,13.851
26.025,11.610
25.491,10.730
23.502,9.444
22.874,8.933
22.730,4.802
23.178,3.578
24.495,4.121
24.192,9.101
23.743,6.790
22.786,4.941
22.695,3.527
24.495,4.846
24.479,6.312
24.264,4.382
25.853,6.299
26.427,5.553
25.487,6.399
25.944,5.797
26.715,4.733
27.225,5.653
29.896,9.018
28.105,12.772
24.284,10.940
23.639,7.488
25.176,4.188
25.645,6.369
26.067,5.748
27.113,4.239
28.579,7.377
30.816,7.422
31.065,11.675
30.951,15.772
28.709,10.007
28.135,5.646
28.431,11.845
28.562,9.724
29.328,9.871
29.284,9.031
28.237,7.577
27.858,8.749
28.697,9.064
29.429,9.267
31.489,8.041
33.137,8.072
35.525,12.909
35.291,17.766
34.489,13.000
32.832,12.270
33.484,15.511
32.902,13.157
29.581,11.383
31.962,11.228
31.953,14.238
32.861,11.608
37.066,14.585
34.059,15.525
34.237,14.680
30.779,12.320
32.534,17.452
34.319,16.629
34.662,14.207
35.357,13.146
28.996,17.398
32.969,16.012
34.454,12.291
34.348,11.618
33.905,12.055
35.103,11.715
34.806,14.481
34.911,12.746
35.440,13.444
37.513,13.791
36.617,15.630
36.643,17.682
37.098,18.864
36.652,16.778
37.542,15.348
38.644,18.016
40.120,18.357
39.076,21.541
36.477,22.827
37.174,18.827
38.058,19.555
38.003,19.273
38.446,20.839
39.654,20.819
41.099,21.207
40.425,21.593
41.244,22.880
37.431,22.815
37.993,20.291
38.508,19.000
39.380,17.805
40.770,21.100
41.299,22.950
41.899,20.030
41.024,23.144
42.720,23.236
43.935,21.031
43.369,20.703
43.155,21.137
40.507,24.960
37.331,26.349
39.426,23.938
38.506,25.028
39.954,24.724
36.992,22.424
39.247,22.363
39.542,23.586
38.745,24.107
39.965,22.453
41.265,21.518
42.635,22.963
43.014,22.766
44.345,24.838
44.086,25.988
44.919,23.929
45.290,24.956
44.313,25.324
40.304,26.743
43.647,28.346
45.036,28.726
46.149,28.513
44.198,28.297
38.021,27.069
39.770,27.036
41.679,27.561
44.593,28.407
44.438,27.586
40.955,27.878
40.943,26.982
41.655,27.996
44.477,29.934
40.286,30.574
43.031,27.898
43.761,29.273
42.102,28.549
42.092,28.256
41.568,29.562
40.467,27.918
41.783,30.817
43.953,29.721
45.514,31.544
46.536,30.858
47.236,29.487
42.058,29.279
43.523,29.650
43.926,30.765
39.542,29.852
42.750,28.397
40.287,30.574
38.681,30.185
38.142,28.159
37.373,29.034
38.176,28.233
40.490,28.980
42.580,28.863
42.550,28.851
41.556,30.439
41.632,29.822
41.166,29.078
39.387,29.700
39.446,29.697
33.379,27.504
30.177,26.245
33.204,25.683
35.278,25.933
33.769,26.765
38.846,25.976
33.148,27.473
36.131,26.462
33.253,27.251
33.567,26.549
33.257,26.589
34.888,26.395
34.169,26.686
34.016,26.999
35.105,26.573
36.054,27.440
33.078,26.989
34.759,26.401
37.638,26.375
36.318,27.978
36.916,28.012
39.944,27.800
41.904,28.732
36.131,28.911
37.684,27.733
36.140,27.597
32.526,27.204
34.127,26.738
33.803,26.041
32.664,25.910
37.349,26.334
36.349,27.597
32.135,26.334
33.975,26.390
34.421,26.188
34.904,26.104
33.626,26.679
31.964,26.319
34.956,26.352
36.415,26.571
36.096,26.753
36.257,26.691
36.918,27.585
35.159,27.351
33.166,27.383
31.398,26.549
32.403,25.915
34.884,25.847
36.853,26.027
37.141,27.384
34.726,27.390
34.509,26.724
33.793,26.274
33.539,26.138
34.295,25.974
38.753,26.397
38.201,27.305
35.940,27.003
36.515,27.121
35.451,26.969
39.490,27.212
36.822,28.174
35.381,27.044
35.860,26.575
40.698,26.314
40.811,27.540
36.560,27.567
38.046,27.374
36.909,27.041
35.747,27.531
34.399,26.699
35.222,26.474
32.532,26.917
33.054,26.250
32.971,26.295
34.049,26.082
33.179,26.108
32.841,26.466
31.216,26.002
31.365,25.730
32.451,25.568
33.177,25.482
30.900,26.373
29.524,25.936
29.358,24.998
30.380,24.353
30.704,24.272
29.169,24.249
30.453,24.936
32.232,24.315
27.319,24.439
32.316,24.697
31.771,25.012
31.866,24.845
32.783,25.717
31.822,25.131
32.720,23.998
33.355,22.556
35.507,22.769
35.911,22.766
33.663,24.031
36.206,22.807
34.308,24.569
35.236,24.358
37.364,24.668
37.002,25.029
33.190,24.851
33.005,25.336
32.870,25.415
31.892,25.129
30.532,24.797
33.139,24.837
31.609,25.189
29.441,24.798
30.089,24.303
32.725,23.121
33.067,23.136
34.764,21.878
34.382,22.041
33.667,21.872
34.666,21.822
33.007,20.107
32.569,21.074
34.468,21.019
33.545,18.530
33.443,17.270
32.941,21.125
32.804,18.618
33.494,19.052
32.481,18.860
32.833,18.759
34.143,17.210
32.912,19.357
33.294,18.746
33.402,17.146
32.881,18.907
32.227,19.301
34.698,20.256
33.353,20.498
32.838,19.686
33.460,19.495
34.290,18.736
33.679,19.093
34.356,19.140
34.941,17.903
33.850,19.190
31.410,19.548
30.943,17.450
31.252,15.651
30.303,14.968
30.257,15.618
29.703,15.175
30.386,15.026
29.925,14.908
30.598,12.437
31.089,13.672
32.745,18.058
30.066,16.228
29.804,13.324
30.159,14.356
29.565,14.136
30.078,14.239
29.546,16.311
28.991,12.695
28.677,12.055
28.520,11.114
28.966,11.486
28.270,11.619
28.430,11.644
27.093,11.901
26.460,10.705
25.682,10.227
26.612,9.583
26.742,9.133
27.427,10.998
27.466,8.842
26.536,8.593
27.226,8.811
28.066,8.608
27.661,8.965
26.226,10.065
26.613,8.522
26.120,7.895
25.762,8.245
25.323,8.269
24.702,10.345
26.492,8.594
25.040,9.095
24.990,8.335
25.862,9.992
24.739,9.560
25.291,7.153
26.004,7.131
25.218,6.698
25.399,6.545
24.641,5.678
25.865,6.920
24.642,7.360
25.515,8.406
25.640,9.044
23.746,7.823
23.305,4.226
24.018,5.799
24.821,5.510
24.530,7.547
25.386,5.561
25.032,5.434
25.879,5.815
26.254,7.454
24.175,6.058
24.874,8.531
25.648,9.297
24.767,6.767
26.666,8.025
27.641,7.809
27.913,9.841
30.380,15.529
27.635,15.826
29.788,16.428
28.522,13.526
29.199,13.641
26.110,12.728
18.580,14.836
25.705,13.045
24.353,9.923
24.185,7.960
25.933,6.780
27.759,11.261
18.442,10.009
21.809,9.701
23.224,6.824
24.662,8.871
24.496,5.782
25.993,9.083
26.362,10.437
26.735,8.000
25.968,6.035
29.204,8.698
30.591,14.387
19.628,15.600
29.546,13.414
30.118,14.092
31.003,11.480
23.960,15.429
27.811,13.327
26.801,11.718
28.604,11.707
30.246,11.379
30.901,11.567
31.691,11.698
32.190,15.446
33.286,15.749
32.421,14.805
32.657,12.274
34.088,11.482
34.769,15.126
29.764,19.637
31.542,15.843
31.842,14.409
32.009,14.568
32.869,13.100
36.277,16.331
33.003,18.921
30.982,15.056
31.691,14.485
32.215,14.597
32.111,12.645
35.567,13.482
35.926,19.446
37.020,19.669
36.985,18.957
35.154,18.325
36.090,19.015
36.675,21.093
31.975,19.782
35.672,19.159
36.039,16.250
36.983,16.045
38.365,17.439
38.758,18.039
38.587,18.396
39.203,19.034
38.992,19.539
39.026,19.469
39.323,20.467
39.059,21.714
37.524,23.019
38.985,20.713
37.628,20.433
37.363,17.810
41.684,20.362
41.197,22.939
37.755,23.765
36.093,21.877
37.202,19.944
41.441,21.760
40.830,23.841
42.602,24.796
41.955,22.939
40.336,25.682
40.956,26.270
40.122,23.901
41.176,25.402
39.558,24.391
40.006,23.342
41.180,23.671
43.181,26.106
45.416,26.467
43.543,26.418
44.277,23.869
45.424,24.911
43.997,25.932
44.555,26.161
44.353,26.483
39.543,26.437
43.843,25.470
40.981,27.250
40.822,24.627
43.297,24.587
46.386,25.858
41.588,24.228
42.268,23.689
43.566,26.616
43.584,25.339
40.843,24.681
42.777,25.222
41.709,27.414
42.215,26.474
43.667,28.216
44.491,29.423
42.965,30.582
46.666,29.888
44.306,29.505
43.831,30.034
42.999,30.718
39.633,28.441
40.229,28.825
40.551,29.788
46.035,31.925
46.840,29.607
46.994,27.964
46.386,31.473
45.840,28.302
45.479,29.402
42.281,28.798
41.238,28.901
41.838,27.948
38.793,27.872
39.407,25.452
37.932,27.791
37.614,27.205
40.613,26.826
41.974,28.161
41.640,29.107
43.345,29.745
45.065,31.334
44.121,29.699
44.992,30.271
43.888,30.322
45.906,30.401
41.916,30.450
41.202,28.770
36.667,27.467
37.356,26.812
42.801,27.821
43.047,28.177
42.847,29.365
43.364,29.858
43.283,29.770
44.059,30.390
43.793,30.642
44.650,31.505
42.791,30.690
42.298,29.501
31.165,27.055
40.005,26.684
37.314,28.703
36.919,28.147
39.263,28.979
39.806,30.172
41.652,31.758
41.454,30.846
43.402,29.671
36.292,28.671
34.943,27.791
29.175,25.817
29.648,26.281
38.118,25.576
40.179,28.866
41.422,29.663
42.285,29.672
43.045,31.322
44.878,32.095
43.658,33.138
43.883,30.579
43.565,30.265
38.055,29.188
40.016,27.744
38.253,28.826
38.193,28.271
37.894,28.161
37.241,28.183
34.279,27.713
31.371,26.004
36.231,26.214
38.447,28.597
39.168,29.919
38.239,30.052
38.917,27.524
36.892,27.706
44.406,28.682
39.326,29.465
40.387,26.988
39.634,27.777
34.597,28.218
36.532,27.223
34.552,26.295
33.416,26.274
34.001,26.744
34.538,27.008
38.052,26.857
40.365,27.905
31.308,27.116
31.921,26.882
28.010,25.981
32.004,25.065
30.556,25.462
30.904,25.752
31.493,25.776
30.325,25.833
31.285,26.023
32.746,25.663
31.634,25.801
28.731,25.268
30.936,24.911
32.442,25.956
32.726,25.379
35.879,24.731
35.805,26.090
34.350,26.194
34.524,25.870
33.206,26.399
32.749,25.016
32.985,24.916
33.986,24.738
32.310,25.250
29.759,25.350
32.543,25.357
33.347,25.202
33.305,25.152
32.999,25.064
33.305,25.248
32.145,25.929
32.899,25.375
30.949,24.799
30.437,24.912
33.579,24.500
34.249,24.050
34.336,25.196
34.781,23.420
34.868,22.490
33.620,24.666
36.822,22.189
38.366,23.634
35.489,24.716
31.842,24.545
29.585,25.507
30.760,23.268
27.369,22.828
31.207,22.922
31.906,24.397
31.575,23.976
32.089,24.013
34.088,23.046
34.938,22.698
32.914,21.170
33.504,21.514
34.947,20.416
36.084,22.165
36.609,23.459
35.968,23.292
31.816,23.497
32.755,22.169
34.107,21.773
34.863,21.298
35.460,20.570
33.475,21.847
31.513,21.852
32.902,22.036
34.851,20.728
32.951,21.002
25.038,21.118
30.615,18.649
32.629,20.575
32.340,19.993
33.418,19.754
33.563,18.277
33.497,17.710
32.289,18.161
31.152,17.211
30.591,16.171
31.152,16.712
32.685,16.280
32.885,16.932
33.666,17.839
33.518,17.002
32.515,15.970
32.804,16.593
32.977,15.839
32.101,16.975
31.362,16.658
33.004,17.259
33.077,17.918
32.432,20.065
32.801,18.251
32.764,19.319
28.892,20.412
30.713,17.725
30.503,16.851
29.232,15.082
30.007,14.332
29.581,14.492
29.571,14.017
29.080,14.519
29.810,14.112
31.040,13.198
29.950,14.338
30.888,15.125
30.506,14.270
30.190,14.047
29.159,15.146
29.941,15.403
29.478,14.071
29.417,14.670
28.573,12.770
29.032,11.582
28.164,11.748
28.189,10.521
28.063,9.520
27.587,8.574
28.418,10.117
29.705,12.409
28.039,11.467
28.196,10.664
27.218,10.152
26.715,8.324
27.063,7.891
26.967,8.521
26.704,8.816
27.049,9.593
27.772,10.894
27.623,10.875
27.671,10.637
27.864,10.401
28.913,10.355
28.450,13.122
27.354,10.976
25.812,8.128
26.591,8.935
26.711,14.393
26.238,10.996
26.055,10.960
24.949,11.378
23.175,8.403
23.208,6.774
26.590,6.792
22.375,10.837
23.481,8.692
25.068,7.522
23.603,10.369
23.484,9.402
23.324,6.895
23.340,6.225
23.410,7.219
22.536,4.879
22.552,3.568
23.005,6.057
23.263,6.900
23.457,4.286
22.822,5.765
23.263,4.113
24.066,4.133
24.591,4.782
25.518,4.518
25.767,6.505
25.831,6.975
23.482,5.987
24.431,5.632
25.183,5.929
25.438,4.541
26.994,5.200
27.234,6.033
28.763,8.805
29.109,8.105
22.142,13.134
26.197,9.333
28.383,9.902
19.596,16.109
24.868,11.713
26.159,15.196
22.581,15.441
27.518,15.945
28.128,13.773
28.896,12.058
30.036,12.074
29.696,13.508
30.528,13.403
31.362,14.031
29.651,17.371
29.299,14.676
29.170,11.594
29.784,10.123
30.547,9.128
30.054,10.393
32.986,13.337
33.905,14.761
30.536,14.674
28.294,15.135
28.689,12.546
30.368,11.259
30.532,11.948
32.795,16.444
32.644,16.627
33.359,14.913
34.823,14.897
35.571,18.633
37.310,18.894
37.968,17.203
33.337,18.349
29.754,12.563
30.895,12.186
31.756,13.322
31.391,12.986
34.254,11.833
34.708,13.622
37.497,19.491
33.118,19.840
32.944,17.368
33.926,17.748
33.809,17.687
38.400,18.540
36.309,19.633
35.946,19.051
35.690,17.106
34.774,17.450
34.743,15.868
38.191,18.088
38.737,18.398
40.505,21.359
38.814,21.459
38.587,20.083
39.620,20.341
39.970,21.866
38.231,20.627
39.754,20.990
38.427,23.980
38.465,21.394
39.983,19.897
41.476,19.209
40.661,24.239
39.833,25.138
39.971,21.743
41.161,23.194
40.394,21.497
41.088,19.213
41.171,20.286
42.161,21.165
43.354,20.443
43.971,21.870
43.283,25.133
43.218,25.393
43.692,27.622
41.961,25.868
43.679,24.629
44.324,24.643
42.248,26.660
42.766,27.175
42.693,24.167
45.071,23.911
46.324,26.275
45.637,28.378
45.812,29.837
46.002,27.327
43.795,28.483
40.148,27.009
40.339,24.973
38.711,24.946
40.279,25.553
42.888,25.990
43.356,26.189
42.085,24.263
43.523,22.207
43.515,22.748
43.891,24.624
41.742,26.190
41.518,23.197
42.457,25.106
42.211,26.876
42.239,28.245
42.084,29.052
46.484,29.525
44.545,30.808
45.357,27.973
44.764,28.190
46.195,28.911
46.609,29.297
45.452,28.697
42.666,29.561
42.768,27.735
44.238,29.374
44.158,29.736
44.801,26.425
44.243,29.511
45.103,26.476
45.278,26.297
45.550,28.838
48.270,28.954
45.820,29.336
47.434,32.357
45.213,32.451
45.053,32.886
46.844,31.137
45.816,31.340
40.386,29.177
45.368,29.090
42.938,29.840
44.796,31.093
45.198,29.988
45.880,32.753
47.363,32.188
42.306,31.018
47.793,31.516
42.406,31.099
43.075,30.773
40.743,29.836
39.470,28.662
38.353,28.798
39.893,28.239
32.464,27.363
33.767,26.423
30.031,26.987
41.348,26.486
36.760,29.039
31.841,27.664
33.180,26.564
36.329,26.759
31.049,26.679
35.493,26.270
32.575,27.199
34.467,26.761
35.751,27.609
35.397,27.163
37.971,27.371
40.317,27.581
39.745,28.664
34.487,27.691
33.951,26.933
36.923,26.837
39.715,27.521
35.136,28.276
34.423,27.773
33.894,27.032
34.540,26.347
35.428,26.931
38.002,26.529
39.013,27.345
39.094,28.732
36.904,28.338
34.711,27.124
36.463,26.902
38.236,27.960
34.038,27.906
34.623,26.948
33.375,26.917
34.143,26.343
31.934,26.561
33.608,26.275
30.036,26.512
33.058,25.911
32.414,26.089
33.786,25.764
37.063,26.151
38.036,26.913
35.535,26.909
38.147,26.784
37.970,27.319
38.145,27.259
37.233,27.113
33.581,27.178
33.817,26.746
32.389,26.320
33.576,27.321
31.752,26.334
34.136,26.392
37.701,26.550
34.833,27.295
31.702,26.291
35.139,26.376
36.198,26.456
35.368,26.507
29.068,26.182
31.624,26.175
35.786,26.411
36.059,25.885
34.378,26.204
33.525,25.368
33.465,26.310
33.310,26.055
31.715,26.272
33.145,26.487
31.090,25.862
31.935,25.324
32.806,25.614
33.540,25.594
33.602,26.022
31.497,25.040
31.449,25.413
30.225,25.722
33.339,24.923
37.310,25.628
37.221,26.335
30.364,26.307
32.322,25.718
32.132,25.459
32.574,25.393
34.042,26.073
33.113,25.231
34.948,25.553
33.864,25.571
36.537,25.975
37.311,24.950
35.200,25.035
32.406,25.557
31.402,24.988
32.130,24.377
33.652,24.599
33.674,24.713
31.452,25.292
33.374,24.401
32.709,23.929
32.947,23.442
32.991,22.746
31.253,20.495
34.148,22.561
28.355,23.869
25.107,22.036
22.936,21.307
23.120,21.476
30.713,21.585
33.109,20.756
32.224,20.180
32.206,19.803
30.637,16.440
30.586,17.244
32.694,16.857
33.020,19.552
33.054,19.361
33.860,22.086
30.547,21.910
32.155,18.583
27.944,19.433
21.799,20.715
21.998,20.135
20.418,19.655
24.229,20.074
28.030,20.429
29.473,18.576
28.066,20.998
31.276,19.681
27.673,20.622
30.183,19.129
26.465,17.884
29.836,16.988
30.227,17.659
29.748,17.740
28.935,16.807
29.759,16.073
29.168,15.516
30.439,16.801
29.330,16.866
28.915,15.455
28.686,14.578
29.057,14.784
28.386,13.799
27.452,14.511
27.525,14.208
27.724,14.106
28.966,15.263
29.193,15.960
29.187,16.361
26.637,13.926
26.116,10.888
26.502,11.244
26.388,10.265
27.008,13.564
26.413,11.149
25.630,10.545
25.279,9.552
24.557,7.566
24.840,7.420
24.782,9.308
24.908,8.182
24.996,10.206
25.239,9.257
25.439,8.970
25.750,9.562
24.917,9.328
26.304,9.337
26.333,11.526
27.509,10.203
27.640,10.174
26.407,9.482
26.900,9.341
26.935,9.985
26.578,11.001
20.188,14.593
25.442,12.638
25.736,11.501
26.587,11.556
26.136,11.464
25.600,10.277
25.288,8.240
25.262,8.506
24.620,9.777
24.975,10.051
23.754,7.455
24.413,4.972
19.339,13.075
21.171,10.138
20.697,5.263
21.374,7.512
22.397,7.335
22.060,5.839
22.603,6.580
21.039,4.980
21.555,3.981
22.247,5.678
22.692,7.623
22.590,7.891
22.564,6.487
23.178,7.790
23.957,6.561
24.357,7.700
23.319,5.905
24.326,6.634
25.232,6.942
24.428,6.521
24.589,6.877
24.728,6.287
24.418,11.531
25.439,9.214
26.297,6.443
26.571,12.020
15.826,13.168
24.393,12.629
23.254,11.646
23.904,9.671
22.017,7.779
21.692,7.174
22.828,4.376
24.206,4.807
23.218,11.588
25.320,9.508
24.402,10.755
22.630,9.608
22.140,6.854
24.321,5.682
23.556,7.864
22.923,7.469
24.227,6.637
26.159,6.728
28.015,6.826
27.872,7.265
29.544,8.658
29.338,11.390
27.822,10.658
28.274,10.566
28.102,10.230
29.493,8.710
31.068,10.115
30.702,10.754
31.094,11.055
30.515,11.578
30.519,12.461
30.895,13.500
30.840,11.915
30.338,11.664
30.728,12.015
31.323,11.916
35.591,16.694
35.012,16.756
35.029,18.224
33.647,15.676
32.654,14.520
33.882,12.911
34.704,15.215
35.241,17.721
35.545,16.493
33.813,16.637
36.350,14.748
32.644,16.608
35.504,16.307
36.339,18.596
36.530,18.614
36.789,17.954
37.397,18.124
37.721,18.904
39.724,18.897
40.857,20.146
39.310,19.852
39.489,19.189
39.728,21.837
40.358,22.984
42.411,19.963
42.695,19.399
41.590,22.710
41.489,19.439
42.238,20.772
40.590,23.412
40.274,22.137
39.149,21.590
39.670,19.563
39.948,19.660
41.074,20.057
40.877,22.344
42.071,23.292
40.136,24.120
41.998,23.321
41.956,22.566
40.216,23.055
40.220,23.943
43.212,23.334
41.702,24.113
42.876,24.046
43.521,20.839
43.979,23.301
43.589,23.289
44.419,22.627
43.899,25.132
44.109,25.437
40.669,24.887
40.493,24.432
44.397,25.952
43.560,27.125
45.725,28.044
39.335,26.028
40.665,23.865
42.823,23.124
39.303,24.859
40.230,25.838
45.016,26.045
40.446,25.241
44.014,27.204
41.601,25.750
41.667,22.785
41.486,21.212
43.103,22.095
43.590,22.475
43.762,25.531
46.121,25.082
46.058,26.851
45.380,25.957
46.009,29.349
45.549,27.620
43.948,30.059
44.060,27.984
45.936,29.753
45.342,31.196
43.828,31.248
43.333,32.972
47.482,31.112
44.911,29.463
44.092,29.450
46.550,27.926
46.469,27.717
46.275,26.182
42.497,27.804
41.207,28.511
42.764,29.727
43.025,28.985
44.090,29.581
43.929,26.931
43.348,29.597
45.592,30.558
42.954,29.631
45.076,28.755
43.297,31.489
43.508,29.410
41.933,29.851
43.188,28.846
42.568,30.026
44.169,30.410
43.018,29.557
43.080,30.379
37.495,30.270
33.907,27.773
28.424,26.374
33.655,26.578
36.498,26.680
38.721,27.592
38.413,27.513
34.879,27.874
37.290,26.293
31.458,25.710
37.543,26.447
40.104,27.443
40.007,29.150
38.964,29.209
40.656,28.682
41.532,29.823
40.794,29.831
42.217,31.485
41.704,30.148
42.822,30.652
38.576,29.302
38.975,27.903
35.738,27.792
35.022,27.065
36.162,28.180
33.472,27.780
32.484,26.795
34.009,25.992
33.510,26.452
36.331,26.228
37.563,26.688
37.143,26.637
38.718,27.556
32.376,26.458
30.890,25.982
32.609,26.244
33.707,26.411
35.394,26.103
36.602,26.641
37.526,26.662
36.007,27.374
34.965,26.090
32.371,26.441
35.092,26.343
35.773,26.175
33.770,26.892
33.760,26.732
34.645,26.063
32.163,26.053
33.059,25.885
34.705,26.621
34.909,25.677
35.006,26.505
33.945,26.632
32.918,26.060
33.625,26.480
31.894,26.011
33.411,25.654
33.025,25.502
32.763,25.900
34.198,26.542
33.860,26.300
28.261,25.329
33.572,25.287
32.273,25.780
34.506,25.563
34.647,26.853
37.051,26.285
35.774,26.112
32.371,26.605
32.905,26.435
31.873,25.750
32.703,25.421
34.613,26.434
32.098,27.318
33.770,25.711
31.917,25.413
32.865,24.951
31.749,25.715
32.597,26.217
34.604,25.456
33.735,26.556
36.465,26.613
35.903,26.385
36.644,24.946
38.901,25.540
37.267,26.077
39.500,26.280
34.830,27.435
35.421,25.586
31.829,25.014
30.579,24.198
29.265,23.889
30.953,22.238
29.269,21.752
28.996,21.507
29.896,23.030
28.119,23.362
28.033,24.163
30.574,24.631
30.922,24.702
32.873,24.162
33.849,24.462
37.375,23.924
34.801,24.917
36.895,25.230
35.820,24.850
36.940,24.353
34.235,23.664
35.774,24.467
36.556,24.166
32.737,23.895
32.703,23.469
33.315,24.098
32.414,23.891
31.901,23.504
29.560,24.146
25.060,22.014
31.279,21.261
34.203,21.088
33.914,20.569
34.861,21.646
34.414,22.647
32.726,21.021
29.905,20.466
27.802,19.274
30.633,16.948
30.703,16.734
31.250,17.460
32.763,18.982
31.744,17.679
31.641,18.049
32.374,18.922
32.774,19.181
33.210,17.336
33.213,17.540
33.459,16.013
31.073,18.051
33.514,17.688
31.183,19.046
30.868,15.596
31.331,17.103
30.511,14.786
29.749,15.340
29.598,14.057
29.368,13.134
30.337,13.914
30.975,15.998
31.364,15.940
31.542,17.336
30.299,16.520
30.396,13.858
30.574,14.458
30.986,14.884
31.233,15.852
30.666,15.199
29.927,15.014
30.329,13.281
30.538,14.212
30.240,13.172
29.950,15.828
30.263,14.213
31.021,13.486
30.482,14.516
29.828,14.873
29.196,14.951
28.747,14.400
28.800,14.433
28.952,12.779
29.006,14.005
29.012,13.321
28.916,12.344
29.512,13.002
28.329,12.633
28.115,10.829
27.170,13.158
26.973,12.093
26.976,12.066
27.577,10.817
27.407,11.677
26.890,13.177
27.512,10.915
27.639,11.486
28.213,12.378
28.198,12.777
27.355,12.363
27.678,14.072
26.901,11.949
27.985,11.180
27.639,10.715
28.290,11.391
27.946,13.997
28.817,13.152
27.025,12.107
23.815,11.622
22.303,14.157
23.457,13.423
24.412,10.385
23.090,6.976
23.202,5.088
23.549,7.412
24.935,8.722
25.672,8.577
27.445,8.886
29.785,10.871
26.005,13.693
28.753,13.901
25.524,10.655
26.801,8.280
27.122,9.294
24.829,9.754
25.282,8.343
26.293,9.184
23.574,11.853
24.189,8.116
24.361,8.702
25.686,8.204
26.784,8.018
27.179,7.926
26.844,9.949
26.501,15.211
24.443,12.393
23.816,9.193
24.647,6.777
25.718,12.096
23.394,11.352
22.940,7.447
23.177,7.099
25.435,10.467
27.269,11.396
21.046,12.781
25.117,10.259
22.889,13.310
18.966,15.335
17.480,14.275
23.790,9.925
24.745,9.158
25.892,6.076
27.874,7.133
28.566,13.524
30.796,10.921
30.290,13.834
30.246,13.615
30.737,14.105
32.614,14.326
32.935,15.357
32.270,17.521
32.151,16.795
31.153,16.901
33.003,14.111
32.720,15.901
33.607,14.684
35.904,17.292
35.297,18.220
33.747,16.927
26.280,17.642
30.932,16.664
29.843,13.161
32.433,15.135
32.665,15.994
32.495,15.019
34.487,15.045
36.104,17.646
36.884,18.855
37.002,20.264
38.878,19.868
37.329,18.192
37.898,20.790
37.796,19.691
35.497,20.984
34.649,21.487
30.386,21.940
34.497,19.720
33.438,16.795
33.771,17.167
35.048,16.449
36.363,16.657
37.322,19.580
38.710,21.447
37.344,24.576
41.023,22.773
38.999,21.540
39.996,21.037
39.941,20.183
37.709,22.704
34.027,22.229
33.615,17.635
36.161,19.396
38.467,17.166
37.478,21.571
38.373,20.231
40.017,21.993
39.487,23.846
37.186,18.338
38.017,17.633
38.713,18.117
38.936,17.767
40.542,20.682
40.086,22.178
42.661,21.401
41.914,24.539
41.302,28.029
41.896,26.491
39.035,23.409
38.402,19.637
39.002,19.613
39.621,20.486
42.243,20.226
43.063,20.975
42.565,22.403
41.560,22.155
41.824,21.800
45.673,24.071
42.030,25.069
42.608,22.973
44.288,23.853
44.189,26.749
41.728,27.852
42.454,27.503
42.288,27.077
42.184,25.057
40.121,23.060
37.379,26.979
39.109,23.869
40.920,26.569
40.949,25.718
39.960,23.806
40.095,27.415
40.190,25.117
41.780,26.479
42.525,25.753
41.617,24.363
43.500,23.606
41.760,25.174
42.467,22.188
43.591,22.345
44.582,23.996
43.462,23.592
44.111,25.383
45.701,26.536
46.762,28.495
46.869,30.350
39.610,26.608
45.120,23.319
45.604,26.847
44.867,28.515
44.867,29.132
45.893,29.875
45.428,27.705
45.333,29.167
45.703,30.453
45.945,27.398
45.110,26.164
46.529,28.928
45.882,31.843
45.655,28.295
45.338,25.839
45.572,30.637
43.232,31.600
46.900,28.506
44.516,31.899
45.495,31.316
44.699,31.378
45.501,29.006
46.238,28.850
47.707,27.708
46.202,30.800
46.280,26.978
46.753,31.120
46.361,29.978
46.427,32.566
47.235,30.478
46.068,32.438
45.728,32.784
46.454,32.383
43.601,32.243
40.153,31.752
39.418,29.923
44.121,30.111
40.640,31.318
39.101,29.749
35.206,29.024
29.303,27.255
31.676,26.902
35.241,26.939
38.730,27.331
36.458,29.440
33.526,26.995
33.026,26.759
34.518,26.609
36.885,27.674
39.809,28.834
38.595,28.240
36.304,28.876
34.890,27.627
29.253,26.368
32.154,25.922
27.809,24.905
30.535,25.424
33.538,25.362
28.232,25.579
33.896,24.822
37.349,26.098
34.768,28.536
35.774,26.923
37.272,27.769
41.335,27.160
36.631,28.076
36.857,27.358
35.249,27.225
34.968,26.706
36.431,26.683
38.037,27.262
36.652,26.413
36.644,26.702
36.653,27.420
40.575,26.867
35.066,28.456
34.209,26.710
34.538,26.549
34.870,26.429
32.034,26.717
34.107,25.730
34.731,26.627
36.063,27.096
34.731,26.645
34.711,25.835
36.662,26.324
36.742,28.007
33.494,26.638
32.352,25.876
35.777,25.617
35.646,26.160
34.967,26.375
32.585,25.772
30.985,25.805
34.862,25.474
34.167,26.433
31.807,25.576
32.356,25.202
32.780,24.911
34.617,24.976
34.898,25.691
35.050,26.191
36.146,25.793
37.721,25.007
36.369,25.464
38.459,26.486
36.519,27.007
34.785,26.845
37.056,25.582
32.798,26.420
31.875,25.784
37.427,25.408
33.794,26.010
33.360,25.684
30.649,25.312
31.928,25.189
30.465,26.211
30.294,24.706
35.497,25.279
35.361,26.215
35.881,25.123
29.556,25.575
34.251,24.065
35.104,24.990
32.967,25.495
33.614,24.532
33.980,24.542
31.943,24.826
36.032,23.718
32.849,24.100
33.588,23.703
34.058,23.117
34.726,24.240
34.785,23.625
36.950,23.226
33.962,23.388
28.850,22.294
29.278,22.256
33.186,21.456
33.197,22.057
32.647,22.512
35.399,21.305
35.182,21.991
34.974,24.382
35.880,21.755
35.849,21.432
33.210,22.321
34.192,23.741
25.872,22.551
33.877,20.645
28.569,22.504
32.171,22.678
27.959,21.359
21.128,19.778
22.102,19.206
27.852,18.904
26.930,20.563
27.709,19.621
30.178,20.131
31.328,19.673
31.898,19.828
31.520,20.355
31.973,18.008
31.030,16.974
30.992,17.327
30.188,19.152
28.911,19.482
30.459,17.059
30.369,15.505
30.580,16.129
29.802,15.450
29.591,14.488
30.352,13.033
29.811,14.152
29.285,15.341
28.692,13.117
29.389,14.641
29.346,14.401
29.423,14.259
28.359,14.565
28.965,14.592
28.896,13.906
27.914,11.594
28.629,10.623
27.909,10.198
28.208,10.221
28.940,12.954
28.171,12.990
30.192,12.826
28.432,13.055
28.233,10.955
27.648,9.672
28.925,10.008
28.725,11.083
29.187,10.512
28.764,11.992
29.085,14.986
28.493,13.252
27.916,13.885
25.838,10.993
26.143,8.511
27.070,9.275
26.604,11.632
26.878,9.468
27.147,12.105
26.021,10.851
26.302,10.782
25.134,9.671
24.453,8.258
25.518,9.066
26.211,10.195
25.690,10.049
26.154,8.806
25.878,8.497
26.382,6.334
27.857,7.911
27.442,10.158
26.006,11.084
26.912,10.146
25.543,11.665
25.458,9.931
25.494,9.322
25.026,6.127
25.044,6.511
25.269,6.051
25.061,6.120
27.024,7.663
27.507,7.439
27.602,6.657
28.373,10.245
25.759,12.367
25.031,9.975
25.952,9.994
25.918,9.333
25.784,8.561
25.103,5.312
25.424,7.175
26.537,7.097
28.134,6.081
26.342,7.696
26.464,6.239
27.191,8.795
29.304,7.905
30.602,11.846
30.918,12.646
31.132,15.827
29.830,14.269
27.334,11.987
27.086,7.712
22.299,11.468
25.268,7.174
25.047,5.894
26.162,8.741
26.258,6.760
27.607,9.320
29.013,8.431
29.751,8.885
29.882,9.791
30.296,10.676
30.604,12.124
29.730,12.169
29.264,11.779
31.474,11.514
31.235,10.642
30.805,10.754
31.375,12.725
30.357,11.461
31.120,11.056
30.931,10.445
32.069,10.619
33.991,15.113
35.833,13.527
35.812,13.343
34.624,16.182
34.495,13.204
34.177,15.179
35.147,15.500
36.092,19.120
36.682,15.238
36.606,13.628
37.514,15.571
36.938,17.714
38.620,17.506
38.732,19.956
36.433,20.730
36.015,20.194
32.292,15.530
32.716,14.339
35.055,13.494
35.313,16.333
35.963,15.162
36.435,16.956
37.295,15.876
37.012,18.919
34.499,19.389
26.783,19.073
30.830,18.591
33.453,16.809
34.245,20.896
35.642,19.621
33.116,17.934
33.728,18.338
34.334,16.904
34.456,15.769
35.869,16.668
37.629,19.730
36.093,20.460
36.146,19.728
37.664,19.358
40.205,21.174
41.090,18.896
39.295,21.783
37.086,21.052
37.702,20.247
37.269,16.894
38.181,17.803
39.097,18.293
40.549,19.199
40.340,20.623
39.522,22.858
39.715,18.762
41.170,22.718
41.919,22.236
41.517,23.118
43.783,24.426
42.274,25.757
42.608,22.792
42.694,23.512
42.806,20.984
43.287,21.296
42.927,22.477
42.707,23.817
37.149,27.846
30.724,21.243
33.009,20.208
36.673,19.774
39.540,22.924
39.282,25.221
39.789,25.086
41.165,25.373
42.969,28.329
43.248,26.774
44.310,26.821
41.516,28.097
41.911,27.191
45.530,26.584
44.675,27.599
45.381,26.737
43.953,29.648
44.253,28.315
44.806,29.721
44.101,26.497
42.390,29.152
41.349,27.223
40.789,29.455
42.250,28.384
40.356,28.229
46.570,28.209
37.790,27.594
40.739,25.297
40.370,26.607
39.072,28.370
42.389,28.120
44.727,28.733
46.095,32.240
43.536,30.307
41.887,30.903
42.297,30.028
42.012,30.802
43.217,31.180
41.630,30.505
41.956,30.533
39.408,30.630
40.576,29.991
40.772,30.352
45.516,28.439
45.783,30.864
45.695,32.680
43.490,31.290
41.337,31.637
38.848,30.479
38.234,28.510
36.885,28.688
30.050,27.180
33.228,26.544
33.713,26.835
36.224,27.581
41.544,27.334
43.323,29.224
44.035,27.582
41.613,29.790
44.206,30.358
43.337,30.452
43.557,30.664
42.964,29.616
46.795,29.050
42.694,30.227
39.145,30.641
36.974,28.658
38.125,28.567
37.883,29.718
36.365,28.636
37.544,28.573
36.023,28.192
35.673,27.067
35.194,27.407
37.501,27.763
36.933,28.513
37.670,28.220
36.725,28.960
35.511,28.084
35.323,27.836
38.362,28.395
36.819,28.815
30.940,27.684
35.846,26.826
30.794,26.369
29.562,26.249
29.038,26.240
31.140,26.380
33.468,26.846
33.898,26.981
31.360,26.776
32.700,26.491
33.798,26.654
34.939,26.626
32.233,26.047
32.779,25.790
32.995,25.287
33.891,25.564
34.268,26.189
35.536,26.671
32.606,27.110
33.239,26.304
35.052,26.545
30.891,25.912
34.385,25.843
34.453,26.332
35.166,26.492
33.825,26.422
32.204,26.479
34.435,25.229
33.439,24.874
32.903,24.776
36.144,25.922
35.363,26.709
39.854,26.490
34.416,27.071
37.358,26.194
37.076,27.585
35.555,26.778
35.659,26.746
36.617,26.496
34.983,26.646
32.341,26.996
32.549,26.367
32.608,25.936
36.382,26.205
35.926,26.573
34.161,26.196
29.871,25.807
33.519,25.164
33.340,25.577
32.780,25.383
31.594,25.895
34.177,24.949
30.277,26.214
30.319,25.586
32.851,25.084
33.457,24.100
34.606,24.232
32.006,25.338
33.606,24.352
33.349,25.162
33.688,25.048
33.787,25.638
32.824,26.244
35.315,25.743
33.723,25.560
32.209,24.928
36.182,24.743
36.248,25.985
33.773,25.664
33.839,25.723
33.398,24.813
34.080,25.842
32.782,24.810
33.652,24.950
32.690,25.276
25.207,23.247
24.221,22.983
25.440,23.300
25.966,24.548
26.674,24.245
25.360,23.772
30.831,23.284
32.418,24.256
30.683,24.942
30.615,24.424
31.856,24.783
33.547,24.652
35.147,23.663
33.993,24.241
34.014,21.944
33.762,20.901
33.306,21.382
33.104,20.291
33.589,22.548
34.330,22.540
34.134,22.569
33.533,22.844
32.757,24.121
33.200,22.140
33.910,20.909
33.808,20.877
33.018,20.038
33.831,18.447
32.336,19.940
31.348,19.688
26.490,20.059
29.965,20.258
31.295,17.942
30.719,17.151
31.474,16.228
32.044,16.746
33.166,18.120
32.537,21.227
32.842,21.772
32.054,20.113
29.793,17.232
29.957,17.137
30.532,17.372
29.611,19.067
21.718,19.661
31.102,19.743
31.766,20.123
32.027,18.063
31.985,18.495
27.961,20.271
27.232,18.891
29.031,19.264
28.933,17.137
30.161,17.557
30.310,17.058
30.274,16.449
30.458,16.584
29.602,14.840
29.586,14.351
30.146,15.435
29.566,17.128
29.151,16.246
28.041,15.453
30.032,14.388
30.620,18.592
29.428,16.404
28.173,13.970
26.734,11.284
26.314,9.571
26.268,8.184
28.255,11.544
26.849,11.574
26.758,11.330
26.070,9.178
26.514,8.421
27.313,9.322
29.046,12.262
30.133,12.563
30.741,12.480
29.554,13.466
30.049,13.868
29.116,13.933
26.295,15.014
25.687,10.972
25.125,9.698
24.973,10.205
26.255,8.328
26.833,10.520
26.979,12.645
28.080,11.915
28.387,14.442
27.896,14.394
27.703,11.968
27.573,14.003
26.324,9.726
26.109,10.479
27.220,11.381
27.038,9.626
26.748,12.932
25.089,8.948
24.459,7.412
24.516,7.654
25.370,7.505
24.869,9.803
23.845,9.813
23.280,8.669
23.761,7.099
24.076,6.035
25.639,8.942
24.549,9.133
24.383,7.673
25.154,8.038
27.005,10.657
26.787,8.739
25.684,9.475
24.030,8.330
23.601,5.805
24.679,5.172
25.661,5.655
24.933,8.135
25.867,9.403
26.205,10.965
28.091,8.864
26.821,9.722
25.580,7.515
26.653,6.083
27.116,8.106
29.033,9.160
30.116,9.347
31.446,12.153
30.848,10.905
31.455,13.450
30.620,13.834
30.159,12.450
29.747,10.789
29.786,11.081
30.459,10.297
29.369,11.003
29.430,12.918
27.012,15.115
26.387,15.786
28.961,13.584
30.375,16.329
27.123,16.476
17.758,13.463
16.459,13.369
21.524,13.568
23.582,11.548
23.382,10.171
25.849,8.484
26.734,11.526
27.540,10.267
28.311,11.721
27.828,10.847
30.399,10.743
32.443,14.565
33.117,14.883
31.435,16.150
29.604,13.691
31.914,13.437
34.727,14.506
35.401,20.419
26.580,16.743
29.012,14.005
31.079,13.625
31.349,15.139
31.163,14.202
30.250,14.345
32.288,13.188
33.629,15.042
36.701,16.948
36.320,17.861
37.717,19.408
24.424,19.647
31.738,16.447
30.508,17.865
30.233,15.183
31.603,14.973
34.514,14.615
37.216,18.017
39.229,18.482
37.964,21.165
38.541,21.427
38.515,20.778
37.758,22.358
37.104,21.304
36.460,20.382
37.102,19.296
40.162,18.180
41.893,20.089
43.131,21.457
44.644,22.506
42.254,24.411
42.566,24.599
41.589,24.223
40.329,22.435
41.573,20.824
42.049,21.929
41.763,21.739
42.824,23.755
41.062,24.406
39.779,24.130
41.158,23.715
38.590,24.254
38.180,24.902
38.831,25.521
39.958,26.396
40.563,26.970
40.283,27.264
38.832,26.629
43.734,25.470
42.403,27.234
43.197,26.873
41.684,26.884
44.595,25.828
44.251,25.929
42.518,27.153
37.669,26.000
41.219,25.520
39.255,26.596
42.379,26.792
38.739,26.544
39.645,24.587
38.737,27.370
41.332,27.868
40.829,27.805
42.775,29.040
40.673,28.276
35.647,27.803
36.513,27.492
37.411,26.954
38.417,27.218
44.974,28.605
41.501,29.229
41.067,29.100
40.053,28.005
40.536,27.912
38.746,28.024
40.853,28.856
39.648,30.867
41.255,27.980
40.442,29.631
42.840,29.050
43.108,28.334
44.176,31.149
44.841,28.220
43.381,26.418
45.831,28.248
42.169,30.264
43.938,27.790
43.588,28.408
44.112,30.468
44.025,28.369
45.420,28.343
45.967,27.552
46.331,30.566
39.522,28.446
44.819,27.415
42.865,30.191
45.150,29.589
44.431,30.382
39.821,29.372
32.730,27.707
43.343,27.759
44.952,29.977
38.274,29.950
37.299,29.344
32.364,27.860
33.628,27.220
37.684,27.564
40.048,28.565
36.308,29.034
37.887,27.970
38.973,28.545
37.844,28.663
39.552,28.071
37.723,28.508
37.689,28.405
40.925,27.815
36.128,28.750
39.125,28.648
34.045,28.419
37.073,27.879
34.598,27.658
39.969,27.612
34.835,28.703
33.530,27.998
32.873,27.830
29.508,26.971
31.979,26.575
35.773,26.214
37.858,26.275
41.906,27.503
37.029,28.934
37.212,28.384
33.823,27.799
33.802,27.526
33.443,27.608
32.364,27.493
32.256,27.220
33.250,27.061
30.160,25.414
27.889,25.241
27.280,25.327
29.784,24.768
32.042,25.011
29.583,26.173
26.639,25.129
30.266,24.994
30.924,25.635
32.054,25.718
32.135,25.919
32.224,26.418
34.918,26.588
27.492,26.255
34.633,25.680
31.422,26.388
35.639,26.438
32.774,26.737
34.116,27.085
34.264,25.788
35.462,25.871
36.516,26.693
38.003,27.306
37.019,28.009
35.082,27.663
31.261,27.377
32.294,26.045
30.482,25.225
25.899,25.113
31.388,25.100
31.372,25.781
30.055,26.013
30.220,24.690
33.365,24.547
34.348,23.991
35.019,25.333
34.704,26.190
37.379,26.081
36.270,25.925
32.318,26.341
32.617,25.528
33.733,25.873
34.709,25.757
34.579,26.789
37.015,26.334
33.222,25.765
35.422,25.804
33.374,25.941
32.905,25.624
29.933,25.052
31.129,24.354
34.519,23.986
35.428,24.913
32.019,25.220
34.338,24.807
34.613,25.229
34.226,25.425
33.573,25.733
32.680,25.336
34.365,25.082
34.761,26.114
30.431,25.530
33.418,25.568
32.440,25.637
34.259,24.894
32.604,23.767
24.779,22.150
25.788,22.810
26.633,24.847
30.110,24.710
29.963,25.413
28.220,25.167
30.969,24.855
31.762,25.715
30.192,25.169
32.588,24.029
34.268,24.881
33.677,25.334
34.451,24.533
33.611,24.793
33.048,24.514
30.374,20.654
28.763,20.215
30.241,20.638
30.942,19.573
31.903,20.247
31.543,20.735
33.284,19.877
31.059,23.613
30.140,22.499
28.069,21.381
30.689,20.591
31.118,19.523
32.578,18.322
32.187,19.334
30.863,17.811
31.646,16.526
32.259,16.725
32.703,17.639
31.399,18.820
31.408,19.422
32.006,18.275
31.790,18.720
32.066,18.914
32.017,19.639
33.440,19.379
30.997,20.092
31.222,18.084
31.893,19.105
31.901,18.039
32.247,19.018
31.601,21.089
30.709,20.029
28.388,20.191
29.580,18.471
30.060,15.529
29.943,15.230
29.054,14.020
29.816,14.974
29.924,16.028
28.087,14.476
29.038,15.102
29.439,14.611
28.909,14.119
27.927,14.292
28.439,13.980
28.019,12.594
28.931,14.425
29.234,14.316
28.738,13.019
30.697,13.446
29.431,14.198
27.976,16.038
27.473,11.962
27.559,11.979
27.521,15.119
27.840,12.583
27.709,12.304
27.819,12.927
27.573,11.080
27.090,11.764
27.232,12.062
26.133,9.699
25.558,10.056
26.086,10.483
26.761,9.140
27.578,9.867
28.905,14.835
29.498,15.932
23.778,16.748
26.065,12.541
24.840,9.756
24.265,8.664
24.985,7.006
25.328,10.265
24.832,9.353
24.663,10.818
24.594,8.000
25.051,10.985
25.277,10.601
25.896,8.938
24.914,10.149
25.072,9.735
24.275,6.974
24.210,8.290
24.868,8.469
24.028,7.614
25.499,5.672
26.423,8.218
27.381,11.882
26.763,11.807
26.457,7.240
26.589,10.596
26.959,10.671
29.121,11.870
30.090,13.285
28.485,14.234
26.153,13.581
24.013,9.631
24.355,9.310
24.433,8.895
24.855,8.321
25.561,7.599
27.443,9.847
28.248,12.570
22.400,11.821
25.241,11.730
22.470,7.518
15.840,11.544
17.887,12.276
20.587,10.626
22.091,8.471
22.995,9.611
22.315,8.741
20.855,10.507
20.251,7.552
21.543,6.684
21.710,5.902
21.823,3.452
23.347,4.306
26.382,9.814
28.049,12.639
28.522,14.177
24.849,14.300
18.478,14.495
26.001,13.768
23.481,10.478
24.505,8.381
24.721,6.852
23.719,8.106
24.023,6.653
25.137,6.495
26.870,7.992
27.980,7.311
29.199,9.491
29.670,11.008
26.832,10.373
28.221,9.746
30.932,12.050
32.294,12.805
33.051,13.302
32.203,13.938
29.779,13.635
29.503,8.948
29.664,10.046
31.187,10.583
31.453,10.323
34.065,13.603
33.686,14.603
35.266,16.335
34.402,16.233
33.543,17.018
34.250,16.925
35.258,16.421
34.825,16.694
35.241,17.871
35.772,17.430
37.143,19.971
37.076,19.489
36.442,22.670
37.342,20.082
37.658,18.926
37.000,18.457
37.972,17.508
39.753,18.681
38.904,21.152
38.818,18.703
39.373,18.705
39.500,19.691
37.538,19.191
38.567,20.813
38.106,22.544
38.630,20.598
39.919,21.822
40.006,19.378
39.334,20.561
39.474,18.286
37.252,22.032
37.573,23.730
39.047,23.737
37.756,21.699
35.240,22.838
35.910,22.091
34.685,18.413
36.203,20.835
38.860,21.735
40.522,22.525
40.909,24.253
42.399,23.248
42.892,27.356
41.364,24.937
42.835,26.526
44.612,26.374
44.271,26.790
42.823,25.661
42.537,24.171
42.422,23.190
42.769,23.435
43.499,22.959
43.439,23.034
44.274,23.929
44.119,23.993
45.009,24.836
45.142,23.682
44.231,24.645
44.979,25.234
44.444,27.397
44.288,28.119
43.623,28.056
46.395,28.096
45.577,28.268
43.437,29.351
42.156,27.772
44.341,28.686
43.101,28.794
43.201,27.060
43.098,26.900
45.355,28.262
43.657,29.599
43.908,27.760
43.652,28.772
44.172,29.961
42.004,29.387
43.925,28.621
44.821,29.493
42.985,30.165
40.081,28.799
42.193,25.677
42.614,27.345
39.546,28.658
39.484,28.115
39.060,28.605
38.986,26.540
42.743,28.030
43.099,28.182
44.022,27.322
44.502,28.113
43.354,29.170
45.337,30.121
44.590,30.549
41.128,30.005
42.216,27.739
40.170,29.398
39.051,29.396
34.664,28.649
36.737,27.306
36.493,27.480
35.157,28.455
34.878,27.378
36.976,27.413
41.115,27.764
37.436,28.555
37.028,27.696
36.009,27.862
33.698,26.570
26.875,25.690
28.133,24.859
38.683,25.107
33.730,26.749
35.734,26.255
35.381,26.484
35.745,26.643
37.365,26.601
40.267,27.876
35.046,27.903
34.703,26.801
31.288,26.651
31.432,26.476
33.316,26.654
36.703,26.518
34.936,27.444
33.123,26.944
36.926,26.736
33.686,26.797
35.807,26.719
33.625,26.623
33.533,26.038
33.804,26.468
32.994,27.023
34.399,26.973
32.199,26.772
33.081,26.332
30.812,27.032
31.899,26.020
30.552,26.696
33.922,26.153
34.111,27.149
29.220,25.944
35.289,25.790
33.772,26.909
32.458,26.651
30.243,25.883
32.502,25.809
32.802,27.023
32.835,26.484
31.994,26.530
33.514,25.552
32.183,25.758
32.856,25.787
33.385,26.035
34.733,26.196
33.504,26.184
35.239,26.482
33.848,26.929
34.534,26.053
34.182,26.592
32.979,26.963
34.132,26.925
29.438,26.548
30.720,26.132
32.232,26.057
32.361,26.297
34.256,26.252
32.862,26.658
31.762,25.803
34.130,25.735
31.291,26.282
29.403,26.257
31.707,25.907
31.103,25.184
31.742,24.752
33.097,24.803
34.165,25.005
34.855,26.090
36.413,25.753
34.007,25.736
31.460,26.760
31.436,25.967
32.714,25.468
34.940,26.093
35.205,25.261
35.279,25.834
35.197,25.656
33.184,25.268
32.796,25.503
34.471,24.939
33.665,24.542
34.727,25.033
33.300,24.832
32.549,25.202
35.013,24.552
34.480,24.927
34.495,25.047
34.851,25.143
34.242,25.230
32.122,25.042
30.444,25.233
30.408,25.893
32.491,25.097
35.858,25.031
35.619,25.128
34.449,24.887
31.512,24.710
31.414,24.750
26.632,24.790
32.371,23.488
32.666,23.074
31.959,24.303
28.255,23.299
32.570,22.887
34.540,22.702
34.648,23.857
33.631,24.201
34.052,23.703
33.966,24.208
32.328,23.468
34.962,23.422
31.276,22.000
34.952,22.614
33.543,22.818
33.981,21.100
34.755,20.988
34.836,22.397
33.936,22.234
32.753,21.877
35.351,20.962
32.474,19.848
32.925,20.766
31.851,20.414
31.760,18.569
31.689,16.105
33.251,18.250
33.707,17.869
31.835,17.491
30.545,21.663
28.962,19.228
29.646,18.553
32.239,18.721
31.195,18.716
31.955,20.306
32.362,20.565
32.416,19.986
31.719,18.651
32.012,17.236
33.805,18.981
32.625,19.575
31.620,19.492
31.875,19.494
31.401,16.088
32.431,16.532
32.927,17.649
31.458,15.914
31.976,16.897
31.891,16.754
32.196,17.316
30.873,17.545
31.283,17.141
30.387,17.290
29.249,15.524
30.250,15.038
27.202,16.885
29.940,19.750
29.815,16.103
27.937,13.170
27.229,12.735
28.480,12.053
28.394,13.021
29.457,13.510
29.481,14.390
28.872,14.754
28.521,11.858
28.873,13.274
29.393,15.029
28.279,15.324
27.873,14.506
28.802,12.878
28.875,13.506
28.360,16.622
29.535,14.803
30.049,15.748
28.666,15.825
29.322,14.640
30.061,15.137
29.921,15.326
28.521,13.300
27.248,13.366
26.757,10.732
26.804,10.248
26.602,11.101
26.292,8.489
27.817,10.763
27.135,11.810
26.436,10.797
25.389,13.204
24.840,10.502
24.148,10.217
25.467,11.123
25.925,11.878
26.492,8.727
25.694,10.585
25.619,7.367
26.081,8.336
25.843,9.384
24.616,6.257
25.123,6.227
25.002,6.205
25.567,7.815
28.047,11.591
20.650,14.376
27.595,11.645
27.608,14.875
28.157,11.412
27.221,12.205
26.381,11.871
25.993,9.385
26.741,9.065
26.956,7.523
27.718,9.093
27.735,10.472
29.044,11.377
30.132,13.371
28.775,14.616
25.345,11.764
27.009,9.222
27.640,10.656
28.471,10.824
28.959,11.606
31.788,10.512
32.157,12.724
29.777,13.729
27.940,10.748
28.465,9.780
29.413,11.634
27.685,11.357
27.905,9.129
28.116,7.108
28.441,7.455
30.624,7.492
31.181,10.279
31.532,9.274
30.870,11.107
29.967,10.419
30.891,8.332
32.877,12.477
31.051,14.282
28.881,12.807
31.113,9.739
32.527,13.275
32.525,13.217
32.098,12.786
32.786,11.864
31.418,12.783
33.491,9.744
34.078,13.557
35.275,16.211
33.981,17.234
35.359,13.772
35.689,13.187
35.176,16.061
35.456,15.931
34.503,15.545
33.493,14.529
33.176,12.687
34.087,14.574
36.028,14.657
37.256,18.771
36.395,18.060
37.283,16.595
38.076,14.408
39.385,16.921
38.078,21.256
36.822,18.958
35.509,17.253
36.242,16.726
38.165,17.976
38.803,17.283
36.878,19.961
39.485,17.157
38.988,21.301
37.408,18.723
38.295,19.114
38.436,22.689
40.269,23.147
39.981,19.885
37.705,22.633
38.570,20.829
37.598,23.825
36.408,20.803
37.539,23.093
39.958,22.332
38.735,21.355
38.479,22.241
38.206,19.249
38.583,20.248
40.121,23.313
42.388,23.804
41.737,23.051
40.531,23.719
40.674,23.093
40.784,21.791
42.099,22.450
39.849,26.459
39.054,23.011
41.272,20.468
43.007,21.952
42.169,24.684
43.084,25.352
46.708,26.565
44.044,28.154
42.783,26.896
43.671,27.004
43.465,23.417
45.200,25.148
44.088,27.268
42.959,27.133
42.240,23.978
43.078,23.956
43.835,22.813
43.607,22.360
45.512,22.078
44.765,26.680
44.867,28.174
47.620,29.070
45.611,28.894
44.103,28.534
44.363,28.897
43.770,29.001
44.245,27.356
44.131,28.683
44.030,25.615
44.966,27.429
45.702,29.372
35.982,29.078
30.209,24.210
36.471,22.803
37.081,24.455
40.270,26.090
40.475,28.711
38.988,28.477
40.328,27.965
40.540,28.741
40.467,29.719
40.889,27.678
39.733,29.389
40.516,29.710
39.563,30.897
30.881,23.347
35.071,22.833
40.643,24.560
43.266,27.414
41.689,28.813
43.353,28.481
39.363,29.873
40.241,28.721
42.280,28.662
40.794,29.138
46.023,30.050
40.781,30.629
42.177,30.996
43.466,29.823
45.507,28.924
46.765,27.289
47.612,28.022
44.856,30.399
45.060,29.782
44.538,29.879
48.697,30.681
45.681,31.604
45.730,28.974
44.841,28.615
45.740,27.417
46.009,28.140
46.377,28.645
46.864,29.579
47.334,31.515
48.500,32.139
42.547,32.714
40.630,31.891
43.134,31.363
40.669,32.844
40.371,30.919
39.175,29.796
34.002,27.970
32.549,27.079
31.321,27.293
38.376,27.323
38.700,27.495
34.140,27.742
37.148,27.732
35.203,28.064
34.616,27.117
36.736,27.147
33.801,26.991
35.624,26.726
39.269,27.161
38.321,28.409
40.952,28.618
37.544,28.537
37.132,28.148
39.207,27.790
41.585,29.963
38.631,29.963
35.775,28.388
37.422,27.091
35.683,28.075
37.924,27.269
38.394,28.315
39.401,29.169
39.945,30.265
31.596,26.974
32.059,26.251
33.064,26.591
33.651,27.084
35.412,26.516
38.441,27.738
34.653,27.727
32.874,27.419
38.262,27.097
38.614,29.110
35.414,28.464
41.102,28.042
36.001,28.184
38.324,27.086
35.722,27.531
36.126,27.541
38.787,27.467
35.805,27.766
30.303,27.231
32.539,26.302
33.082,25.952
34.564,26.455
33.992,26.708
33.131,26.092
33.435,25.412
33.724,25.593
33.055,26.236
34.391,25.603
27.381,25.168
32.521,24.895
31.628,25.465
31.383,25.333
31.857,25.882
32.116,25.215
36.206,25.680
35.907,26.075
34.006,25.906
34.878,25.259
38.938,25.316
33.522,26.122
30.928,25.853
26.452,25.269
31.639,25.234
32.583,25.509
27.395,24.846
32.272,24.834
34.100,25.607
33.793,24.850
34.794,24.463
36.785,24.146
35.378,26.503
33.000,25.474
34.275,25.142
34.845,26.271
36.443,25.195
33.774,25.044
36.758,24.573
33.919,25.035
35.406,24.167
33.695,24.359
32.084,25.140
35.064,24.253
36.617,25.172
36.227,25.544
35.121,25.322
35.521,24.601
35.513,25.108
30.792,25.707
32.601,25.230
30.971,24.639
30.824,25.148
30.657,24.987
31.439,25.099
28.464,23.813
31.668,21.851
32.037,21.852
32.877,21.780
32.561,21.520
31.982,20.268
32.211,19.240
32.421,19.538
33.454,19.968
32.182,22.640
31.937,20.217
31.403,18.371
32.231,18.214
31.102,15.902
29.951,16.398
31.046,16.876
30.157,16.346
29.967,15.604
30.491,15.473
30.387,16.294
31.218,16.092
31.208,16.395
31.262,17.900
30.690,18.264
32.163,15.916
31.688,15.696
31.978,17.853
33.007,17.411
32.848,16.044
31.514,18.475
32.484,17.476
32.007,17.887
33.215,18.173
31.219,21.173
29.237,18.189
34.132,17.202
32.922,22.145
32.871,23.110
32.576,22.193
25.151,21.095
20.899,17.332
28.132,17.060
28.139,16.765
25.201,12.680
24.875,11.838
26.807,10.736
26.531,13.223
26.269,13.334
26.500,12.720
27.317,12.416
26.625,11.687
26.766,10.645
26.603,11.373
27.421,11.350
27.221,11.823
27.161,12.325
26.989,11.460
27.087,11.628
26.864,12.587
27.215,11.876
27.661,13.415
28.114,10.997
26.629,9.715
26.293,8.755
26.639,10.692
26.915,11.583
28.431,12.086
27.906,13.469
27.762,11.474
28.638,14.717
29.249,15.473
25.761,14.273
27.640,16.396
25.775,11.611
24.613,8.868
24.033,8.949
24.229,9.356
24.052,9.490
24.382,8.620
24.647,7.756
24.255,5.980
24.913,6.850
24.267,6.825
24.786,5.252
23.068,11.793
22.276,8.369
22.300,6.705
22.554,6.416
22.820,9.695
22.868,10.187
22.487,8.698
23.998,4.089
24.964,5.498
24.940,9.098
24.724,9.643
24.919,9.675
23.850,8.272
26.263,8.909
25.972,12.950
25.051,10.692
23.207,8.642
23.722,5.881
24.735,8.460
23.812,8.444
25.313,7.813
24.595,6.775
25.349,8.369
25.484,7.508
25.413,7.338
26.257,4.730
26.820,8.313
27.505,8.578
26.917,8.319
26.898,7.899
28.515,10.571
27.667,11.376
28.185,9.655
29.532,10.204
28.210,10.600
26.829,10.083
27.900,8.778
27.542,9.407
28.369,8.164
29.746,11.295
31.028,15.727
31.513,13.028
31.860,13.859
31.059,14.156
30.179,12.943
29.784,13.363
29.888,10.575
31.261,15.068
32.007,14.879
29.290,14.391
30.104,9.078
29.977,12.192
30.104,11.554
30.684,12.080
33.564,11.621
33.518,17.012
33.106,14.400
32.801,14.128
33.501,15.588
34.202,17.375
34.308,14.997
36.366,16.687
34.566,18.504
36.742,17.394
38.207,17.859
36.895,19.006
37.001,19.677
37.094,19.810
36.038,17.791
35.955,16.061
36.373,15.600
36.735,18.323
36.497,18.116
36.725,18.036
38.175,16.812
37.812,21.183
38.342,21.413
39.081,21.750
38.736,20.672
40.015,20.348
40.377,20.355
43.494,22.233
42.475,22.739
42.341,23.750
44.143,21.064
41.791,23.437
42.616,24.143
42.401,21.967
41.013,19.143
41.894,22.936
41.376,23.484
43.160,22.230
42.953,21.786
42.853,21.131
42.745,21.647
42.632,21.058
43.558,21.962
43.279,23.271
44.165,22.969
43.547,22.515
44.336,22.619
44.441,25.774
45.200,25.274
44.325,25.860
44.916,27.146
44.554,25.919
46.307,28.670
46.136,28.805
45.507,26.029
45.067,28.563
45.906,26.364
46.917,24.791
45.789,26.403
45.066,24.133
45.513,25.877
45.333,24.129
44.736,25.680
41.106,26.699
42.874,26.922
45.641,28.823
45.534,26.315
43.231,28.504
38.288,29.953
46.122,26.892
45.035,29.924
42.970,29.916
38.331,28.035
41.498,25.977
42.836,27.931
44.602,27.457
45.319,26.825
46.365,28.474
46.321,27.739
45.902,25.759
49.927,25.948
48.148,28.956
46.164,30.888
44.462,28.014
45.017,28.953
49.785,31.006
46.631,31.983
40.177,31.161
42.077,28.739
41.741,28.148
40.315,28.560
43.845,27.718
43.644,28.426
38.564,28.144
41.066,25.468
42.714,28.014
45.442,29.843
46.175,30.157
45.452,29.949
49.363,30.050
46.997,30.345
45.122,31.204
44.198,30.168
45.224,31.597
45.443,28.618
45.741,29.992
44.479,32.213
45.892,30.893
46.629,31.674
44.244,32.218
43.221,30.054
46.934,30.196
47.876,31.022
47.286,30.937
41.590,30.707
35.723,28.216
39.212,28.535
37.584,29.758
41.954,27.707
44.165,29.747
36.414,29.058
39.067,27.375
38.059,28.349
38.104,28.445
36.349,27.470
45.346,27.197
42.611,28.952
39.804,29.333
38.284,28.404
35.227,27.231
33.944,27.753
38.487,27.743
39.599,27.226
39.155,28.368
36.057,27.516
39.580,27.669
45.731,30.144
40.273,30.247
29.971,27.413
30.886,26.949
34.775,26.689
33.893,27.403
36.237,26.649
35.632,27.898
37.717,27.953
39.671,28.398
36.512,27.845
36.616,27.624
38.016,28.187
36.116,28.167
36.352,27.491
33.783,27.436
36.868,26.649
30.754,27.079
32.342,26.645
38.057,26.157
37.275,26.980
34.109,27.170
33.430,26.849
33.302,26.324
35.112,26.614
35.747,26.398
37.738,26.008
35.993,27.525
37.204,26.300
38.154,26.630
39.174,27.030
39.423,28.757
37.786,29.380
44.274,27.845
34.315,29.309
32.604,27.689
33.594,27.314
35.770,26.569
34.250,26.687
36.759,26.853
36.541,27.838
32.735,27.312
33.141,26.603
32.950,25.711
32.077,26.657
31.929,26.030
32.157,26.604
33.451,26.110
34.950,25.985
35.239,26.196
35.781,26.205
33.521,26.198
34.593,25.890
34.135,26.030
35.411,26.140
33.764,26.122
36.563,25.630
37.060,26.056
33.482,26.060
34.480,25.880
32.672,26.175
32.878,25.886
35.232,26.153
37.775,25.771
34.013,26.879
34.067,26.494
35.376,26.342
32.412,25.716
31.352,25.545
30.393,25.088
30.553,25.244
30.434,25.151
31.546,24.972
32.849,24.555
32.831,24.960
29.405,24.191
28.989,23.117
31.553,22.756
33.670,24.378
33.015,24.135
33.936,23.987
33.921,22.958
34.217,23.485
36.290,22.951
34.949,23.230
36.596,23.690
36.080,25.080
35.098,24.712
34.392,23.927
31.100,24.186
30.907,24.008
26.688,21.493
32.716,19.000
34.316,19.891
35.238,21.943
33.418,20.702
33.433,21.748
27.207,21.308
30.444,22.584
30.527,24.272
29.393,23.387
31.493,22.974
32.716,23.454
29.221,23.419
24.871,21.234
31.225,20.923
31.370,20.084
32.893,20.558
32.399,19.622
31.315,17.055
31.162,18.075
30.632,18.099
31.236,15.576
30.696,15.470
28.752,20.302
22.536,17.198
30.699,15.776
30.481,16.713
31.063,17.439
31.546,15.502
31.423,17.925
32.418,17.304
34.387,19.697
33.789,20.524
33.263,21.340
30.800,20.830
31.818,19.516
32.155,18.812
32.602,18.894
32.195,20.632
33.207,19.757
32.348,21.006
32.809,19.773
31.512,21.148
30.847,18.780
29.453,16.305
30.141,14.104
29.424,13.647
28.959,16.013
30.681,17.518
30.747,19.578
30.754,18.778
28.973,19.226
29.902,17.751
27.811,14.160
26.243,11.774
26.154,8.993
27.082,10.246
28.173,12.155
27.497,11.856
28.691,13.880
22.583,18.627
23.844,18.272
25.844,18.418
28.828,16.450
28.110,16.405
23.496,14.527
24.956,10.449
24.881,10.797
24.797,10.931
25.803,11.712
26.005,12.102
26.892,14.285
25.786,12.045
24.414,10.376
23.657,7.497
22.876,7.412
24.544,7.871
25.755,6.947
24.766,8.821
24.818,7.331
25.349,9.732
25.372,10.866
26.249,11.052
26.974,10.913
28.032,12.289
22.007,13.828
21.112,9.673
21.184,7.931
21.580,9.613
19.318,9.297
21.485,8.050
21.408,9.017
21.189,8.220
20.245,9.198
20.628,9.096
20.716,7.605
19.960,6.822
21.348,6.095
23.927,6.365
25.445,11.039
22.190,12.204
20.430,7.670
21.682,5.757
22.861,4.873
22.491,5.049
21.603,6.146
22.991,5.784
24.298,7.671
25.729,8.946
25.464,9.222
25.901,12.545
25.691,11.499
24.968,6.731
25.988,7.332
27.567,14.157
26.165,10.754
25.336,10.980
24.151,7.811
26.484,8.370
26.746,10.078
27.753,9.193
27.757,9.483
28.934,9.408
29.734,10.174
28.419,13.836
27.536,10.057
27.977,9.880
27.977,9.214
29.209,10.556
30.051,10.837
28.422,16.692
32.327,15.443
21.070,12.187
27.871,12.209
27.899,8.848
28.191,8.040
22.669,14.264
28.493,10.623
29.977,12.437
29.774,12.430
23.693,11.144
30.554,12.208
30.897,11.232
30.401,13.604
30.357,11.035
31.774,12.321
34.081,14.547
32.121,17.510
35.360,17.201
35.402,18.703
34.437,16.234
35.052,16.942
34.387,18.488
35.311,17.420
34.945,18.225
33.205,16.194
34.398,14.915
35.399,14.980
34.889,18.310
36.256,16.745
38.846,18.095
36.790,19.898
39.543,19.920
40.640,20.970
39.042,19.598
38.586,19.466
38.307,16.539
36.259,18.141
41.363,20.129
39.899,21.393
39.082,19.559
38.189,22.143
36.467,21.281
38.158,21.936
36.642,21.378
38.445,20.513
41.459,20.937
40.078,23.394
36.543,22.946
36.346,20.011
36.034,18.936
39.292,19.607
39.640,21.760
40.613,24.441
41.294,22.995
39.944,24.646
40.810,25.576
39.887,25.737
41.406,23.178
40.973,23.450
43.487,25.412
42.960,26.310
41.200,27.344
43.791,27.817
41.429,25.691
40.990,24.316
40.944,26.815
40.747,22.094
41.511,23.838
38.893,26.499
37.520,25.839
39.182,24.706
39.429,24.814
43.431,26.666
41.309,27.592
44.409,27.268
43.980,27.737
45.109,26.164
39.183,26.621
40.211,27.256
41.511,28.118
44.014,28.601
40.560,27.070
45.476,26.830
44.043,27.848
43.817,28.994
46.237,29.433
47.315,27.581
43.351,29.739
45.710,29.251
44.916,31.044
46.276,31.547
43.713,30.661
38.862,27.021
31.464,26.150
41.988,24.465
44.581,28.795
42.607,29.705
44.045,28.560
42.159,29.001
42.063,30.219
41.172,29.840
42.921,29.567
40.077,29.832
41.778,28.487
42.052,28.521
44.479,29.016
44.804,29.678
44.101,31.829
43.797,30.178
45.967,30.522
44.642,31.302
44.132,30.960
44.606,31.012
41.548,30.419
43.176,29.301
44.374,31.671
39.640,30.307
40.727,28.706
38.273,29.525
33.008,26.387
37.140,26.146
31.462,25.663
28.761,25.033
26.688,25.031
29.816,25.753
35.550,26.109
37.435,26.765
38.820,27.920
37.865,29.483
33.333,27.926
30.464,26.856
31.299,26.254
31.790,25.618
34.151,24.873
30.136,26.052
30.911,25.045
32.949,25.902
31.146,25.785
28.243,25.812
31.147,25.572
32.716,24.782
30.868,24.966
32.188,25.584
33.979,26.216
34.798,26.833
36.538,26.958
34.256,27.510
33.504,26.665
33.006,26.414
29.966,26.412
31.924,26.020
32.562,26.015
32.766,26.634
30.095,26.192
30.041,26.114
30.524,25.723
29.387,25.658
31.399,24.716
31.725,25.111
33.777,25.343
35.957,25.741
36.055,26.767
27.932,25.011
30.028,24.533
31.440,25.967
33.806,26.913
34.417,27.304
30.218,26.902
31.989,26.445
30.125,26.320
32.732,26.494
29.844,25.843
28.693,25.082
29.318,24.435
28.241,24.935
28.476,24.719
31.316,25.385
29.384,24.573
27.548,24.890
31.033,25.022
32.622,25.193
28.654,25.201
32.028,25.262
27.234,25.184
29.543,24.865
33.139,24.056
35.737,24.862
29.414,25.929
32.076,25.253
33.429,26.067
31.519,25.804
30.481,24.571
30.969,24.830
31.172,24.702
32.028,24.425
32.672,24.971
32.767,25.646
31.028,24.928
29.448,24.900
30.884,25.082
33.232,25.207
33.060,25.975
32.044,25.093
31.124,25.062
29.326,25.267
29.433,24.632
31.040,25.152
29.972,24.943
31.475,24.203
36.319,24.581
32.774,25.672
30.843,25.200
31.536,24.775
27.205,24.918
28.080,23.821
24.609,23.182
29.139,23.044
31.730,24.279
26.950,23.184
28.695,24.009
27.709,24.872
29.451,24.103
27.445,22.239
29.324,21.588
29.316,22.389
30.154,22.626
30.734,22.701
30.191,22.874
31.391,21.906
29.960,21.735
30.111,21.847
31.480,22.310
30.710,21.784
34.430,22.032
32.386,23.389
32.605,22.990
34.232,23.088
32.890,22.846
33.061,21.279
32.635,21.584
31.280,19.881
31.270,18.807
31.541,18.417
31.529,18.408
31.311,21.500
29.846,21.193
33.104,21.593
25.921,20.473
30.826,19.053
30.193,18.975
31.839,20.045
31.905,17.684
31.434,17.725
30.519,18.902
29.380,16.484
30.109,14.491
28.849,15.093
29.230,14.715
29.619,14.907
29.742,15.623
30.060,17.177
29.139,16.618
31.107,16.979
29.608,17.231
28.666,17.144
29.116,16.568
28.778,16.063
30.110,14.945
28.654,16.769
28.698,15.802
29.121,17.226
28.987,16.814
30.080,16.655
28.311,15.790
28.529,15.582
27.418,16.388
28.146,15.436
27.948,14.322
28.512,14.646
28.900,14.084
29.077,14.785
29.535,14.041
28.051,13.933
27.968,13.260
27.626,13.523
27.404,13.084
26.755,13.428
25.787,11.288
26.840,10.706
28.718,13.789
28.126,14.097
28.998,14.371
28.865,13.713
27.514,12.942
26.425,12.213
26.504,11.474
27.007,11.125
26.645,10.601
25.672,11.025
25.179,14.998
24.279,9.537
22.653,8.928
22.663,6.671
22.656,6.370
21.374,5.602
21.890,5.506
22.513,6.870
21.985,7.224
22.426,7.048
23.699,6.330
24.121,8.640
22.731,8.661
23.182,5.731
24.215,7.981
25.488,8.075
26.333,8.357
26.110,8.771
26.922,8.901
27.981,11.920
22.309,14.872
20.857,14.593
22.225,13.200
20.927,10.897
24.311,9.651
25.998,14.582
25.805,14.519
25.705,14.360
25.035,13.826
22.995,8.735
22.088,10.177
20.900,8.256
20.900,7.136
20.827,6.292
21.849,7.040
23.820,7.000
23.728,10.007
24.581,13.026
24.404,13.666
23.615,11.124
21.989,11.176
21.828,7.436
23.124,4.265
23.531,6.742
24.222,7.019
24.745,8.393
24.893,10.643
24.963,8.021
24.892,9.311
24.447,6.490
23.917,6.057
23.851,7.918
23.527,7.712
23.877,6.771
25.041,7.302
28.020,7.582
28.721,11.712
29.745,12.888
32.732,15.426
23.469,11.975
22.907,7.263
23.273,6.054
24.707,5.488
28.532,9.069
30.792,14.519
30.539,14.568
30.940,18.012
28.092,14.545
28.251,12.524
27.954,11.993
27.529,11.616
30.043,12.298
32.236,11.711
33.127,16.506
34.199,16.363
33.677,16.702
32.216,15.880
30.728,12.215
32.077,13.458
31.323,11.494
31.582,10.309
31.498,10.191
33.002,10.642
33.601,12.493
34.352,16.500
36.727,17.535
34.915,16.730
33.981,14.205
33.332,14.390
33.202,14.191
34.034,12.387
36.575,14.583
31.355,18.071
31.945,14.384
32.963,15.788
32.683,14.077
34.748,14.950
36.096,18.564
36.622,20.127
38.820,19.368
39.718,19.839
37.500,20.901
37.353,18.233
38.594,15.870
39.198,17.098
39.905,19.079
40.462,19.804
41.471,20.709
39.899,19.800
38.266,20.060
41.692,21.625
42.064,22.397
41.567,23.466
42.943,26.026
42.708,26.241
40.322,24.476
37.240,23.399
40.673,22.999
39.610,22.891
38.478,22.690
38.932,22.990
34.753,22.550
39.181,21.653
40.209,23.125
41.224,24.356
41.168,23.442
40.717,22.893
41.805,21.485
42.707,23.786
42.625,24.414
43.230,25.702
41.844,26.569
41.656,25.623
41.999,26.326
43.338,24.851
43.003,25.314
42.378,26.648
42.623,26.247
42.233,26.741
42.559,24.236
42.241,26.069
41.721,26.113
40.659,25.387
43.137,24.771
44.960,24.928
38.568,25.037
44.708,25.570
46.238,26.983
43.928,28.620
43.326,29.539
43.648,29.053
47.881,29.429
44.193,28.406
44.366,29.580
45.132,29.092
44.570,27.474
44.613,25.327
45.852,28.371
48.027,27.619
46.341,29.971
47.280,31.284
48.760,29.590
46.412,30.145
46.855,28.249
46.720,27.824
48.355,29.034
48.032,29.948
45.341,31.705
46.338,31.901
48.335,31.668
49.016,30.910
46.877,32.693
47.808,31.829
47.660,32.483
47.223,30.835
48.687,29.395
46.671,30.329
45.694,31.248
44.441,31.350
43.799,30.410
45.362,30.174
46.277,31.006
48.657,31.110
47.367,32.543
49.698,33.307
47.625,33.032
47.632,32.287
45.337,31.799
42.198,29.433
37.727,27.983
37.673,28.883
38.551,29.485
38.095,28.899
33.031,27.133
32.844,26.428
38.329,26.514
37.991,26.637
41.985,27.483
43.663,28.689
41.545,28.478
45.761,28.325
44.888,30.228
42.541,31.129
37.893,29.474
36.952,28.175
32.323,27.681
29.783,26.164
31.885,26.316
32.439,26.432
32.832,26.715
31.029,26.199
32.821,26.100
35.421,26.991
31.934,26.332
34.258,25.860
33.893,27.766
35.664,27.387
33.067,27.254
32.932,25.986
35.441,26.834
36.154,27.309
30.925,25.971
30.796,25.634
33.212,25.754
31.139,26.149
30.548,26.512
32.370,25.929
33.342,25.083
34.036,24.975
31.294,26.604
31.334,26.177
31.788,25.188
31.502,25.269
31.303,25.884
35.958,25.691
33.335,26.059
33.264,25.582
30.449,25.906
32.334,25.923
33.639,25.904
32.221,25.822
32.837,26.085
34.755,24.794
30.373,26.479
32.651,25.310
31.147,25.550
33.631,25.005
34.095,25.628
34.328,25.203
33.570,25.052
35.020,25.672
34.362,25.735
33.569,26.728
34.317,26.090
33.286,24.948
32.469,24.903
32.718,24.275
36.789,24.592
34.975,25.394
34.303,25.317
34.726,26.227
35.575,25.478
35.843,25.416
36.252,24.912
39.490,24.725
36.649,25.935
36.270,25.160
32.085,25.319
29.019,25.772
30.069,24.969
31.863,24.764
34.988,23.790
28.619,23.029
30.706,24.552
32.540,24.835
35.253,23.990
34.914,24.693
33.600,24.904
33.816,24.383
30.692,24.436
26.546,23.778
32.011,23.316
32.189,24.380
33.147,24.098
33.238,24.140
33.172,24.120
31.467,22.196
31.896,21.100
31.703,20.216
32.014,20.164
32.193,20.728
32.184,21.379
32.751,20.850
33.965,21.285
35.862,21.930
36.753,22.955
35.116,23.248
33.549,23.599
33.840,22.532
33.471,19.766
34.720,20.418
33.038,19.506
27.741,21.958
26.150,19.617
30.961,20.628
31.845,18.392
33.688,16.766
32.933,15.491
32.333,15.196
31.130,14.304
31.298,14.205
31.204,14.949
32.192,14.724
31.982,13.766
31.290,13.394
31.208,17.318
30.393,14.471
30.435,13.943
31.532,15.904
32.233,14.736
30.209,14.255
29.941,13.695
30.512,12.837
31.138,12.683
31.200,12.732
30.726,12.017
30.463,13.559
22.946,15.094
27.717,13.606
24.767,17.402
26.940,17.350
29.558,16.513
30.129,15.000
29.647,15.836
28.785,12.844
28.765,12.515
29.519,13.175
29.084,12.963
28.826,12.609
27.830,11.677
27.907,10.212
29.307,12.534
29.215,12.027
29.248,13.213
28.319,12.444
28.380,10.810
28.429,12.263
28.222,10.898
28.600,10.481
28.364,13.042
27.587,10.237
27.044,12.271
26.184,10.581
26.469,9.044
27.616,11.285
26.865,9.799
26.147,10.097
26.698,9.795
27.451,11.765
26.577,10.727
26.633,11.009
26.867,11.303
26.681,10.619
27.488,8.992
27.993,7.734
29.060,13.546
26.086,12.459
25.819,10.553
27.104,11.117
26.292,11.597
26.628,9.627
27.725,14.078
25.459,12.620
25.422,11.402
24.174,10.222
22.429,4.173
21.928,4.364
21.732,3.507
23.069,8.035
22.316,7.661
21.851,4.723
21.554,4.652
22.499,6.266
23.488,4.179
22.845,3.137
25.374,8.173
25.389,7.913
26.225,9.175
24.679,12.692
22.563,7.371
22.370,4.507
22.238,4.669
20.880,6.451
18.612,3.951
19.185,1.354
21.391,3.051
21.353,4.080
21.853,2.947
24.064,5.407
25.401,6.186
24.760,6.935
26.669,7.349
28.428,8.435
29.690,10.674
28.128,10.617
25.293,9.967
24.077,6.297
24.253,3.320
23.824,3.580
23.747,5.213
23.043,5.070
23.478,4.499
24.470,4.880
24.577,4.524
25.005,6.138
26.086,4.463
26.746,6.456
26.864,10.224
27.205,6.231
27.795,7.759
29.100,8.088
30.791,10.646
32.793,12.963
27.933,14.602
29.208,12.783
26.935,8.842
28.011,5.774
28.880,8.203
29.713,7.298
31.710,10.565
31.965,12.441
27.003,13.420
20.354,12.365
24.832,14.104
24.847,10.710
24.635,10.368
26.829,8.207
28.360,11.023
28.502,10.146
31.429,10.340
31.148,15.606
30.833,14.752
30.579,13.814
31.885,12.033
35.220,17.309
30.896,15.202
30.030,12.841
32.373,13.600
32.676,14.468
33.795,14.642
34.143,13.471
33.370,12.459
33.716,13.408
33.988,15.795
34.355,13.065
36.172,16.887
35.235,15.846
35.729,16.035
37.986,18.443
37.505,17.683
37.387,19.770
34.020,18.988
35.070,18.602
36.622,17.721
37.423,19.275
37.919,18.837
38.442,18.246
38.641,20.276
39.101,20.202
38.678,21.494
37.913,21.921
38.405,20.979
38.971,20.698
39.770,23.914
38.930,22.587
37.942,21.621
38.730,19.062
40.098,18.817
40.300,21.871
39.542,25.485
38.685,22.769
38.888,21.864
40.480,19.521
41.237,19.718
42.527,20.962
44.252,21.554
42.540,22.539
44.252,25.842
44.056,24.238
42.435,26.740
40.286,23.640
41.050,24.399
39.904,24.703
44.183,24.560
42.713,25.951
36.280,24.730
30.554,22.505
32.651,20.445
36.124,20.837
38.720,21.135
42.580,23.481
42.632,25.058
42.551,25.642
42.635,25.456
42.412,25.170
44.291,26.108
44.671,26.542
45.314,28.221
44.037,25.348
45.900,24.979
42.820,28.030
41.538,24.879
41.601,24.471
42.373,26.690
44.687,27.237
44.538,27.427
45.266,27.349
44.451,29.028
42.293,28.743
42.656,25.312
46.355,25.172
44.108,29.193
44.836,27.058
46.327,27.198
44.816,28.677
43.972,29.001
43.815,28.463
47.324,28.457
46.047,30.378
43.829,29.414
44.985,29.933
44.347,30.780
43.937,30.804
46.598,29.243
37.581,29.186
29.934,22.459
24.110,22.708
32.496,22.355
36.857,25.135
42.646,26.138
44.055,29.208
42.490,30.288
42.966,30.166
42.524,29.892
44.558,29.201
44.410,30.414
46.529,31.805
40.847,31.269
41.165,30.713
36.861,28.328
32.515,27.993
30.597,26.591
32.360,26.586
37.347,26.888
37.230,28.213
39.577,27.427
40.507,29.430
40.664,28.344
41.357,29.524
39.918,30.619
36.313,29.506
32.263,27.881
33.061,27.382
36.194,26.642
37.135,28.038
30.578,26.432
30.688,25.829
33.743,25.525
34.533,26.324
36.171,27.353
38.082,27.227
35.507,27.608
37.051,28.242
39.718,28.254
42.322,27.896
41.503,29.029
38.719,29.100
34.458,28.360
33.910,26.690
35.248,26.687
35.250,27.850
37.064,27.351
37.566,28.376
35.255,28.086
37.591,27.763
34.940,27.724
32.105,27.212
31.808,26.408
33.587,26.648
33.676,27.269
31.736,26.756
34.514,26.759
29.748,26.122
29.782,25.178
32.490,24.900
33.991,25.410
34.382,26.378
31.235,26.557
31.033,25.483
32.134,25.614
36.544,25.694
32.574,25.816
37.029,25.940
33.274,26.026
34.434,26.025
33.550,26.095
32.648,26.125
31.108,26.064
34.678,25.977
32.699,25.309
33.915,25.782
35.432,25.280
38.155,26.685
33.880,26.667
34.914,26.454
32.329,26.267
32.311,25.339
29.788,25.342
26.982,25.093
32.045,25.385
33.796,25.243
36.206,24.647
37.684,26.573
34.848,25.935
33.734,26.159
26.830,23.827
31.580,23.008
33.504,24.136
35.787,25.022
35.314,25.209
31.577,25.571
34.168,24.902
34.910,25.383
35.219,24.662
35.773,25.070
34.973,24.360
37.124,23.055
36.170,23.860
36.181,23.928
34.787,24.216
34.382,24.273
37.587,24.342
37.854,24.898
36.901,24.957
38.347,24.415
36.719,24.070
35.818,25.034
30.332,24.979
29.691,25.352
33.196,24.466
34.598,23.749
34.586,23.515
36.217,24.402
33.361,25.577
32.856,25.002
32.490,24.428
30.372,25.511
29.760,24.227
25.207,22.546
24.897,22.780
25.396,22.604
30.037,21.976
29.685,24.903
30.144,24.294
29.435,23.710
28.467,21.975
30.426,22.365
30.423,22.982
30.937,22.495
31.823,21.868
30.740,22.115
25.186,23.194
26.982,23.323
24.077,22.393
28.246,21.660
29.203,21.136
30.091,21.093
31.186,20.377
29.407,20.498
29.658,19.575
30.268,18.428
29.759,19.439
28.946,19.862
27.780,21.534
26.645,20.945
28.712,18.499
29.395,19.109
29.274,17.931
29.437,15.920
29.700,16.123
30.669,17.083
30.071,18.255
29.910,18.390
29.056,17.493
28.316,14.128
27.448,13.666
28.466,14.195
29.041,14.100
27.711,14.058
27.741,15.781
26.832,14.872
26.482,13.704
25.874,13.208
26.106,12.703
26.830,13.150
27.106,13.813
26.931,14.513
27.399,14.661
26.559,12.895
26.599,12.177
26.163,10.783
26.723,11.083
26.637,12.032
26.592,11.058
26.473,12.433
26.576,13.040
27.606,12.360
27.597,13.381
27.233,14.824
27.333,15.469
26.720,12.441
25.994,10.446
26.487,9.224
26.572,11.789
25.298,10.526
25.424,10.231
25.847,10.711
26.027,10.209
26.400,11.125
25.869,11.078
25.684,12.219
25.180,11.336
25.827,10.691
24.392,9.692
25.269,8.791
25.760,9.365
24.831,11.451
24.712,10.046
24.789,10.675
25.725,12.469
26.176,13.460
28.298,13.416
27.391,12.975
25.039,13.851
23.287,10.921
23.175,9.836
23.632,8.844
25.826,10.003
25.647,10.993
25.264,8.414
24.859,9.651
25.666,11.948
25.645,13.606
21.865,9.908
21.773,7.235
25.493,9.276
24.787,11.450
22.516,8.830
21.375,4.646
22.423,3.640
20.350,7.868
21.912,10.911
17.140,10.421
21.681,7.967
22.185,8.812
22.271,6.317
22.996,7.675
24.578,7.474
26.990,11.120
22.206,11.286
21.723,8.772
23.809,5.201
23.875,6.551
23.931,9.705
25.567,13.614
24.595,12.690
22.768,9.842
22.438,7.377
23.590,8.163
23.948,6.563
23.657,7.785
23.851,7.263
23.689,7.608
23.861,8.349
24.918,7.029
27.388,10.356
28.475,9.357
28.394,12.709
28.898,12.655
30.240,12.672
27.869,13.923
26.067,11.488
26.199,7.975
26.379,10.528
26.828,6.679
25.151,11.317
26.156,13.820
22.270,13.042
22.735,11.290
24.101,9.533
24.715,7.633
26.605,7.902
29.058,9.104
28.428,11.788
25.963,14.249
28.529,14.878
28.088,13.116
29.710,12.320
25.431,15.437
25.988,16.733
24.060,16.523
28.430,16.290
27.723,15.409
26.545,12.831
27.950,13.109
28.900,14.457
29.631,14.286
29.507,14.137
29.004,13.497
30.791,12.751
32.482,14.761
33.454,15.994
32.941,17.666
32.288,18.035
32.869,15.169
33.817,15.315
34.051,17.146
37.329,17.854
36.012,19.066
33.766,18.415
33.567,15.630
37.859,17.765
35.600,19.346
36.127,19.653
37.615,21.129
37.725,20.358
39.689,20.188
40.158,23.572
40.725,23.655
40.272,24.951
38.416,24.396
38.546,22.132
39.081,21.310
39.961,22.405
36.761,20.290
38.248,19.466
40.327,22.613
41.185,23.913
41.911,24.154
39.377,22.915
39.192,19.339
39.928,18.513
40.678,22.010
40.720,22.249
39.247,23.793
40.827,22.100
41.736,23.307
42.068,23.407
42.582,23.343
41.622,26.865
41.297,24.855
40.838,24.181
42.323,23.654
42.767,24.945
42.188,25.852
42.977,23.785
43.742,23.255
44.396,25.791
43.738,25.993
44.551,26.023
45.027,25.726
47.964,27.942
43.379,27.723
46.423,28.305
41.909,28.125
44.947,27.811
44.422,27.352
42.457,28.616
43.174,26.032
45.286,27.293
44.208,31.698
45.237,28.407
43.787,29.175
43.301,27.296
43.673,29.386
42.356,29.605
42.646,27.498
44.535,29.857
44.758,28.297
44.639,25.409
45.774,27.583
45.199,25.246
44.102,27.234
46.565,27.922
44.660,30.131
42.043,30.605
33.828,25.420
28.736,22.823
24.230,21.692
37.906,22.410
39.047,25.167
40.571,26.225
39.260,26.847
39.825,28.387
43.518,28.448
45.232,29.920
48.007,30.010
46.324,31.217
47.673,31.500
45.681,31.997
46.986,30.568
50.757,32.370
46.596,32.205
46.295,30.649
45.406,29.765
44.301,28.342
43.636,31.709
43.963,33.445
47.792,31.756
39.681,31.210
39.863,29.947
40.101,30.124
40.124,28.928
41.040,28.458
43.177,29.345
43.092,29.878
43.526,30.869
42.853,30.537
41.964,30.734
40.526,29.820
42.250,30.275
40.681,30.447
38.763,28.314
30.319,25.717
27.191,24.803
26.411,25.245
27.022,24.697
32.084,25.962
34.678,26.580
35.877,27.157
37.980,27.808
38.378,27.908
34.779,29.088
36.322,28.145
34.274,28.136
33.555,27.312
31.262,26.680
28.713,26.701
32.456,26.197
30.023,27.266
31.868,26.446
32.053,26.595
28.827,26.347
29.422,25.748
33.260,24.720
31.581,24.434
31.589,25.630
33.188,26.794
33.644,27.287
32.108,26.565
32.839,26.040
33.611,26.314
33.601,26.690
