20000101
24.641,6.883
25.719,7.848
24.872,8.484
24.974,8.627
24.953,7.975
23.435,7.621
23.808,7.741
23.296,6.602
24.154,4.784
26.904,7.008
27.781,8.374
27.801,9.137
27.599,11.544
28.069,10.953
27.377,11.546
25.426,14.458
23.806,9.146
23.782,7.555
24.635,8.251
26.111,9.595
25.844,5.699
27.062,9.971
27.383,10.109
26.035,7.894
25.741,8.795
27.185,6.377
27.635,8.974
28.063,9.376
26.309,12.941
26.210,8.051
27.142,8.258
29.247,12.232
25.362,12.982
26.252,9.293
28.062,9.266
27.694,13.573
20.662,15.850
25.747,11.069
26.929,10.247
27.887,10.636
27.643,9.412
26.253,11.908
25.633,15.969
27.913,11.785
27.914,13.186
27.607,10.903
27.804,6.931
29.374,9.332
28.540,11.370
28.759,9.453
29.155,8.980
28.883,10.330
30.073,11.637
29.504,10.117
28.754,11.459
28.844,11.353
28.696,11.995
28.622,10.521
29.146,8.722
29.863,12.274
33.281,13.769
30.667,16.691
33.096,12.803
34.313,13.015
36.673,16.611
34.963,15.335
36.127,14.118
34.985,18.899
31.512,17.031
31.938,15.002
36.390,12.609
35.021,15.632
36.022,19.355
34.283,19.201
32.437,15.589
33.023,14.963
34.235,15.302
36.159,14.019
35.786,16.797
34.900,16.394
36.135,13.329
38.244,14.365
31.876,22.261
36.284,17.248
36.080,17.607
38.117,16.451
38.600,18.221
37.452,18.055
40.000,16.893
39.190,16.808
41.423,21.091
41.802,18.778
42.004,24.144
41.254,21.982
41.155,21.395
41.564,22.073
41.822,19.055
41.314,18.042
42.580,17.706
41.621,19.884
40.345,21.411
41.726,19.530
40.680,23.620
43.586,24.351
42.818,23.979
41.087,26.730
39.909,26.060
42.135,24.112
41.989,24.636
44.085,25.359
44.065,25.869
45.546,26.444
43.599,26.972
43.491,24.315
41.909,29.319
42.665,26.596
41.421,23.796
39.265,23.853
43.050,25.239
43.294,25.661
43.604,26.746
44.336,23.164
39.322,27.186
37.241,23.946
38.879,24.718
40.136,25.684
40.845,26.201
41.088,25.924
42.901,26.632
45.841,27.069
46.637,27.698
46.169,30.080
47.459,30.359
46.705,31.213
45.027,30.592
43.133,31.097
44.614,29.318
45.946,30.482
45.037,29.549
44.892,30.089
42.592,26.657
38.073,27.357
31.296,26.354
35.141,25.503
43.012,25.769
42.358,28.536
39.895,30.066
43.439,27.488
44.531,28.057
44.443,27.366
40.148,25.323
42.038,27.095
41.107,29.523
41.018,28.577
40.927,28.500
42.988,29.601
39.276,29.444
34.943,28.671
34.923,27.199
39.016,27.227
34.746,29.048
38.749,28.044
37.343,28.791
41.840,27.257
43.118,28.231
43.154,28.990
38.481,29.782
36.340,27.333
40.740,27.928
35.172,28.532
31.651,26.931
35.489,26.421
35.205,26.983
33.589,27.259
38.115,26.736
39.006,26.488
39.739,27.389
41.268,29.139
39.167,28.342
39.454,28.922
38.731,28.107
38.432,28.245
39.894,28.351
40.961,29.413
38.483,29.364
40.806,28.016
42.980,29.708
45.343,29.724
36.551,29.460
37.488,28.160
38.746,27.175
38.782,27.694
35.906,26.854
35.578,27.483
32.501,26.596
33.483,26.270
34.827,26.501
34.711,26.854
37.115,26.950
35.693,27.352
32.178,26.025
32.977,25.959
26.768,25.118
33.494,24.654
28.388,25.778
29.763,25.777
34.648,25.074
33.277,25.601
33.797,25.709
32.798,25.915
33.144,26.195
34.058,25.573
33.978,26.985
32.704,26.624
33.253,26.120
35.859,25.922
37.685,26.373
37.344,28.450
39.107,28.441
38.311,27.938
35.310,27.900
34.733,27.177
35.418,25.910
32.580,25.602
37.089,25.910
36.973,26.385
40.374,26.038
36.965,26.334
36.275,26.481
35.293,26.135
34.616,26.542
34.299,26.122
35.989,26.398
35.324,26.793
37.266,26.373
37.439,26.668
38.105,26.947
38.329,27.206
37.639,26.743
38.675,26.502
38.663,26.700
36.203,26.028
32.760,26.599
31.120,25.745
28.804,24.635
29.971,25.506
32.628,26.032
35.725,25.125
33.556,25.467
31.446,25.539
32.429,25.762
31.014,25.600
33.108,25.052
30.669,25.252
32.528,23.928
33.672,23.989
34.605,23.808
30.721,24.151
30.071,24.917
34.632,24.761
30.536,25.049
28.879,23.480
27.546,22.696
25.169,22.519
29.346,23.678
30.452,23.977
30.543,24.229
31.328,24.422
33.356,22.451
32.846,21.916
33.320,19.748
34.236,19.640
35.248,19.037
34.057,20.783
34.167,19.475
30.716,21.910
29.131,22.753
35.987,21.811
36.660,23.123
37.256,24.112
36.288,24.552
37.397,24.621
37.310,24.378
36.827,23.156
34.833,20.775
34.132,20.925
34.426,19.745
33.671,17.450
34.548,17.127
34.141,17.508
35.012,19.853
34.949,20.757
35.508,18.825
35.779,20.183
34.034,17.260
35.706,17.983
34.923,20.623
35.685,18.025
34.895,18.231
33.546,19.909
33.101,17.487
30.135,20.810
30.436,18.078
31.820,15.568
32.215,15.300
32.814,15.908
34.139,17.259
33.189,17.538
33.065,18.128
31.962,17.481
32.055,16.517
32.313,14.690
32.099,14.344
31.696,13.809
33.446,13.382
32.335,14.346
31.539,14.899
30.747,13.022
30.195,11.553
32.743,13.292
30.248,12.786
31.246,15.177
30.917,15.387
29.876,14.977
32.407,13.392
31.432,15.684
32.401,16.222
31.147,14.508
29.717,13.295
30.158,13.515
29.460,12.776
29.003,10.771
29.383,11.556
29.083,12.248
29.751,12.163
26.825,11.108
25.254,8.858
25.556,7.445
25.376,9.313
25.512,8.040
25.711,8.311
26.377,7.731
26.084,7.912
27.141,8.653
26.984,10.136
26.264,8.222
25.155,8.765
24.241,5.946
25.425,7.063
25.081,7.660
25.941,6.627
26.886,7.668
27.544,9.394
27.951,10.261
25.492,10.108
25.008,8.566
25.591,8.580
26.340,8.875
26.624,9.764
26.856,10.906
27.450,11.613
27.498,11.616
26.063,10.400
25.709,9.755
25.705,8.351
26.098,8.223
19.348,14.632
26.117,12.235
25.725,11.167
23.785,9.590
23.122,9.373
22.852,5.649
23.240,4.443
24.718,4.944
24.580,9.560
23.884,7.589
22.900,5.564
22.828,4.221
24.704,5.553
24.694,6.868
24.424,5.495
26.026,7.239
26.576,6.631
25.713,7.015
26.016,6.200
26.858,5.854
27.303,6.518
30.064,8.627
28.472,13.639
24.331,11.498
23.601,7.458
25.025,4.004
25.774,6.100
26.090,5.754
27.049,4.753
28.555,7.654
30.539,7.672
31.026,11.634
31.216,15.815
28.903,10.622
28.336,6.392
28.605,12.595
28.797,9.960
29.301,10.168
29.284,9.229
28.372,8.022
27.970,9.157
28.759,9.494
29.394,9.488
31.500,8.685
32.723,7.877
35.485,12.302
34.691,18.150
34.832,13.498
33.065,12.741
33.513,15.993
32.865,13.536
29.108,11.764
31.968,11.671
31.949,14.087
32.722,12.044
36.418,14.898
34.153,16.167
34.333,14.623
32.554,12.843
32.611,17.122
34.612,17.050
34.733,14.915
35.399,13.687
28.277,17.380
33.073,16.494
34.444,12.705
34.399,11.965
34.069,12.508
35.140,12.893
34.788,15.179
34.923,12.947
36.547,14.114
38.080,14.277
36.762,15.894
36.629,18.305
37.270,19.014
36.609,17.323
37.458,16.158
39.257,18.299
39.988,18.407
39.451,21.123
36.545,22.647
37.131,19.294
37.999,19.598
37.906,18.986
38.446,20.568
39.670,19.952
41.335,21.311
39.857,21.166
41.369,22.851
37.416,23.022
37.718,21.211
38.475,19.011
39.474,17.928
40.828,20.782
41.082,22.719
42.035,20.145
41.028,23.338
42.634,23.216
44.058,20.878
43.263,21.201
43.214,21.004
40.710,24.665
35.921,26.614
39.477,23.755
38.842,24.474
39.755,24.728
37.041,22.425
39.360,21.621
39.530,23.646
38.739,24.185
39.888,22.458
41.298,21.127
43.196,23.358
43.010,22.787
44.408,24.124
44.017,25.809
44.793,24.429
45.956,24.743
44.000,24.794
39.521,26.200
42.885,27.897
44.055,28.390
46.250,28.282
42.859,28.063
38.107,26.474
39.369,26.683
40.550,27.141
44.883,27.933
45.103,27.031
40.188,27.382
40.804,26.555
41.120,27.689
44.996,29.704
40.144,29.898
43.293,27.511
45.140,29.040
42.118,29.317
42.581,27.379
41.775,29.323
40.526,28.236
42.253,31.509
43.947,29.152
45.133,31.456
46.264,30.688
45.818,29.060
42.554,29.047
43.716,29.865
42.793,30.882
39.763,29.282
42.519,28.130
40.826,30.511
38.851,29.962
38.599,27.787
36.846,28.487
38.029,27.987
40.578,28.642
42.377,28.641
42.966,28.356
41.329,30.148
41.652,29.277
40.985,28.691
39.279,29.224
39.120,29.195
32.738,27.134
29.712,25.944
32.821,25.522
35.079,26.072
32.367,26.303
38.134,25.520
33.461,27.266
36.888,26.380
32.142,27.447
33.350,26.458
32.869,26.411
34.653,26.444
34.397,26.592
33.498,26.861
35.263,26.409
36.028,27.320
32.605,26.821
34.447,26.289
36.089,26.236
36.654,27.513
35.956,27.654
40.315,27.462
40.955,28.550
35.703,28.695
37.706,27.692
36.319,27.623
31.993,27.028
33.621,26.548
33.457,25.901
32.701,25.699
34.977,26.304
35.980,26.966
32.809,26.357
33.979,26.297
34.604,26.052
34.922,26.026
33.144,26.676
31.944,26.159
34.762,26.319
36.755,26.557
36.184,26.647
36.415,26.636
36.588,27.397
35.036,27.027
33.449,27.370
31.951,26.615
32.911,25.961
35.380,25.624
36.629,26.005
36.493,27.387
34.502,27.358
34.778,26.751
33.986,26.304
33.247,26.148
34.445,25.872
38.509,26.323
38.053,27.115
35.926,26.791
36.187,27.074
35.225,26.873
39.064,26.972
36.173,27.909
35.309,26.980
35.540,26.446
40.906,26.127
40.475,27.602
37.046,27.331
38.766,27.385
36.524,26.937
35.011,27.445
34.120,26.517
35.593,26.360
33.033,26.870
32.656,26.422
33.200,26.252
33.705,26.126
32.620,26.165
32.680,26.206
31.371,26.066
31.627,25.774
32.861,25.572
32.757,25.618
31.523,26.695
30.262,25.799
28.433,25.234
31.171,24.498
30.754,24.639
29.972,24.152
30.007,24.969
30.726,24.571
27.724,24.617
32.326,24.601
31.453,25.159
31.996,24.904
33.020,25.532
31.267,25.207
32.342,24.414
33.445,22.845
35.493,22.396
36.048,22.875
33.642,23.983
36.883,23.039
34.106,24.511
34.941,24.360
37.411,24.661
36.527,24.824
32.862,24.728
33.434,25.402
32.716,25.485
31.668,25.139
30.393,24.756
32.932,24.882
31.279,25.090
29.613,24.898
29.940,24.367
32.648,23.028
33.199,23.208
34.689,21.224
33.954,21.635
33.596,22.068
34.842,21.992
33.185,20.107
32.782,20.880
34.872,21.539
33.857,18.776
33.769,17.210
32.933,21.286
33.344,18.210
33.563,19.624
32.498,19.118
33.001,18.747
34.270,17.019
33.102,19.514
33.417,18.668
33.584,16.927
32.983,19.054
32.098,18.873
34.719,19.914
33.593,20.258
33.061,20.050
33.441,19.339
34.593,18.483
33.446,19.542
34.444,19.195
35.306,17.862
33.737,19.182
31.645,19.708
30.981,17.290
31.270,15.266
30.412,14.470
30.470,16.204
29.873,15.603
30.605,15.413
30.060,15.005
30.272,12.381
31.068,13.016
32.460,16.960
30.320,15.826
30.335,13.446
30.138,14.740
29.729,14.193
30.091,14.266
29.566,15.012
29.118,12.816
28.751,11.953
28.692,11.292
29.093,11.556
28.479,11.974
28.463,11.697
27.065,11.899
26.633,10.756
25.681,10.256
26.582,9.413
26.680,9.457
27.343,11.153
27.421,9.057
26.581,8.447
27.236,9.081
28.064,8.467
27.669,9.024
26.424,11.174
26.525,8.879
26.120,7.655
25.952,8.737
25.609,8.617
24.788,10.383
26.601,8.868
25.177,9.515
25.227,9.082
25.969,10.035
25.126,10.379
25.713,7.566
26.133,7.631
25.544,7.627
25.645,7.658
24.977,6.018
26.099,7.309
24.909,7.819
25.765,8.692
25.939,9.969
23.854,8.244
23.627,4.704
24.352,6.394
25.293,6.754
24.882,8.223
25.738,6.393
25.379,6.198
26.090,6.477
26.539,7.938
24.509,7.161
24.989,8.521
26.031,9.690
25.015,7.080
26.812,8.545
28.047,8.234
28.428,9.878
31.009,15.526
27.978,15.846
29.864,16.352
28.854,13.506
29.717,13.630
27.284,13.533
19.027,13.266
26.769,13.016
24.594,10.269
24.332,8.325
25.836,7.579
28.125,10.949
18.692,11.287
21.919,10.343
23.568,7.472
24.881,9.140
24.738,7.016
26.304,9.585
26.546,10.825
26.907,8.434
26.226,7.177
29.255,9.431
30.976,15.219
19.854,15.526
30.023,13.185
30.450,14.176
31.396,11.487
25.478,16.087
28.194,13.845
27.102,12.095
28.891,11.972
30.683,12.043
31.202,12.612
32.316,12.504
32.332,15.804
33.495,15.974
32.597,14.953
32.790,13.013
34.307,12.042
35.130,15.964
29.914,17.768
31.699,16.422
31.815,14.596
32.190,14.847
33.293,13.548
36.294,16.446
33.472,19.451
31.066,15.240
31.789,14.774
32.327,14.913
32.198,12.886
35.331,14.172
36.188,19.518
37.067,20.140
37.047,19.359
35.224,18.731
36.123,19.190
36.800,21.314
33.213,20.063
35.718,18.917
36.307,16.152
37.012,16.276
37.969,17.450
39.039,17.865
38.558,18.550
39.144,18.788
39.128,19.965
39.112,19.918
39.467,20.475
38.796,21.857
37.002,22.941
38.958,21.547
37.256,19.834
37.556,18.439
41.579,20.431
41.308,22.887
37.308,23.697
35.505,21.354
37.651,19.446
41.486,21.637
41.424,23.985
42.502,25.177
42.038,23.591
40.315,26.115
41.025,26.113
40.748,22.838
40.926,25.574
38.685,24.482
40.025,23.789
40.981,24.292
42.680,26.288
45.133,26.379
43.421,26.326
44.166,23.128
45.449,24.845
43.965,25.911
44.091,25.993
42.972,26.172
38.457,26.027
43.435,24.686
41.281,26.815
40.593,25.039
43.174,24.644
46.697,25.614
41.201,24.015
41.903,23.162
43.054,26.093
43.165,24.896
40.052,24.092
41.738,24.589
41.055,27.047
41.639,25.659
43.440,28.150
44.566,29.396
42.141,30.121
46.910,29.562
44.199,29.243
43.167,29.366
42.675,30.416
39.323,27.989
39.588,28.483
39.944,29.436
46.537,31.274
46.558,29.202
46.924,27.948
46.297,30.281
45.719,28.142
44.656,29.511
41.545,28.358
40.901,28.501
41.580,27.404
37.162,27.278
39.345,24.795
37.494,27.251
37.344,26.496
40.378,26.671
42.250,28.301
41.695,29.113
43.345,29.535
45.495,30.885
44.703,29.305
44.339,29.736
44.126,29.816
45.255,29.875
41.040,29.833
40.477,28.268
36.680,27.141
37.448,26.386
42.161,27.184
43.918,27.737
41.825,28.537
43.213,29.302
43.156,29.192
44.738,29.671
43.867,30.060
43.548,31.094
42.254,30.227
41.720,28.937
30.367,26.830
39.676,26.670
37.070,28.369
36.378,27.663
39.530,28.451
40.304,30.114
41.682,31.601
41.407,30.438
43.013,29.339
35.296,28.355
35.150,27.677
29.153,26.075
29.697,26.335
36.962,25.633
39.949,28.306
41.362,29.323
42.222,29.631
42.897,31.124
44.737,30.931
43.881,32.447
43.840,29.837
43.377,30.363
37.256,28.633
39.902,27.139
38.552,28.651
38.207,27.933
36.966,28.001
37.215,27.869
34.642,27.583
31.018,25.965
35.612,26.437
38.199,28.553
38.772,29.796
38.152,29.786
38.061,27.678
36.657,27.632
42.369,28.387
39.431,29.017
39.829,26.558
39.179,27.318
34.371,28.035
35.179,26.975
34.427,25.932
33.063,26.131
34.484,26.593
34.894,26.830
37.880,26.773
38.844,27.788
31.070,27.001
31.544,26.783
27.948,25.977
33.108,25.136
29.872,25.526
30.731,25.635
30.924,25.739
29.839,25.716
31.009,25.953
32.367,25.771
31.017,25.715
28.518,25.192
30.996,24.874
31.855,25.872
32.511,25.107
35.453,24.643
35.688,25.906
34.179,26.388
33.417,25.878
33.112,26.285
32.582,25.004
32.952,24.918
33.742,24.694
32.337,25.229
29.111,25.285
32.180,25.296
33.409,25.174
33.260,25.158
33.133,24.972
33.199,25.174
32.277,25.948
32.848,25.349
30.511,24.786
29.794,24.824
33.474,24.568
34.874,23.960
34.338,25.224
34.961,23.358
34.937,22.360
33.756,24.674
36.383,22.229
38.846,23.626
33.793,24.474
31.941,24.375
29.686,25.491
30.231,23.328
26.952,22.608
30.492,23.780
31.916,24.751
31.095,24.484
32.211,24.152
33.764,23.390
34.633,23.009
32.980,21.146
33.670,21.145
34.793,20.563
35.817,22.210
35.562,23.826
35.011,23.185
31.819,23.502
32.604,21.997
34.010,21.742
34.849,21.552
34.628,20.281
32.897,21.935
31.495,21.895
32.692,22.167
34.794,20.376
33.574,20.868
24.814,19.637
30.971,18.040
32.660,20.503
32.274,19.757
33.316,19.457
33.930,18.007
33.811,17.890
32.260,17.919
31.189,17.019
30.458,15.952
31.048,16.782
32.775,15.482
33.095,16.376
33.404,17.979
33.612,17.084
32.449,16.089
32.515,16.304
32.901,15.897
31.556,17.131
31.120,16.783
32.820,17.083
32.601,17.721
32.219,18.904
32.885,18.208
32.308,19.538
28.380,20.100
30.865,17.893
30.289,17.093
29.131,15.160
29.958,14.477
29.673,14.766
29.770,14.277
29.035,14.583
29.716,13.907
30.927,12.960
30.053,14.779
30.742,14.936
30.422,14.219
30.310,14.348
29.273,15.652
30.107,15.534
29.587,14.645
29.614,15.271
28.632,13.358
29.085,12.313
28.308,12.052
28.332,11.677
28.185,10.167
27.532,8.869
28.324,10.807
29.877,12.588
28.003,11.809
28.019,10.703
27.335,10.687
26.912,8.969
27.270,9.016
27.238,9.117
26.936,9.308
27.187,9.513
27.957,11.429
27.692,11.347
27.651,10.428
27.778,10.463
28.940,10.493
28.372,13.069
27.114,10.504
25.873,8.678
27.019,8.880
26.804,14.391
26.357,11.530
26.097,11.079
25.084,11.552
23.293,8.821
23.067,7.399
26.543,6.619
22.777,11.539
23.473,9.110
25.433,8.479
23.947,10.517
23.636,9.560
23.523,7.361
23.584,6.738
23.533,7.416
22.700,5.543
22.734,4.422
23.156,6.326
23.461,7.322
23.636,4.980
22.994,6.241
23.384,4.838
24.384,5.247
24.923,5.444
25.858,5.393
25.939,7.130
25.910,7.745
23.571,6.601
24.433,6.148
25.197,6.522
25.420,4.491
26.865,5.272
27.258,6.681
28.483,8.766
28.984,8.379
21.976,13.214
26.123,10.443
28.437,9.991
19.920,15.947
25.603,11.662
26.553,15.465
24.212,15.334
27.577,16.207
28.155,14.317
28.943,12.271
30.065,12.340
30.016,13.790
30.573,13.599
31.466,14.011
29.755,17.281
29.487,15.143
29.133,11.990
29.739,10.406
30.539,9.300
30.085,10.666
32.833,13.271
34.108,14.763
30.200,14.585
28.372,15.299
28.466,12.800
30.404,11.576
30.509,12.140
32.670,16.627
32.560,16.920
33.248,15.169
34.992,15.442
35.551,18.617
37.169,19.510
37.915,17.394
33.617,18.786
30.027,12.729
31.211,12.436
31.725,13.649
31.333,13.320
34.143,12.030
35.093,14.135
36.811,19.997
32.889,19.649
32.581,17.922
34.084,18.674
33.676,17.418
38.603,18.616
36.172,20.137
35.739,19.043
36.209,17.059
34.696,17.837
34.427,15.423
37.658,18.362
38.992,18.629
40.283,21.387
39.671,21.110
38.880,20.901
40.139,20.946
40.491,21.821
38.842,20.979
39.703,21.115
38.345,23.587
38.248,20.544
39.817,20.253
41.308,19.254
40.272,23.997
39.809,24.925
40.081,22.964
41.216,23.504
40.439,21.618
41.140,19.327
41.082,20.235
42.080,21.083
43.176,20.593
43.876,21.309
43.302,25.027
43.536,25.122
44.879,28.036
42.206,25.932
43.608,25.186
44.336,24.496
41.883,26.746
42.600,26.650
42.760,24.179
45.499,24.228
46.144,26.441
45.296,28.413
46.403,29.691
45.254,27.270
44.444,27.709
39.704,25.652
39.995,24.342
38.296,24.824
39.515,25.420
42.072,25.582
43.298,26.148
41.999,24.890
43.541,22.320
43.599,23.061
44.182,24.715
40.972,25.598
42.067,22.967
42.270,24.727
42.269,26.608
42.290,27.955
41.961,28.958
46.433,29.206
46.180,30.566
45.277,27.813
44.154,28.196
45.446,28.911
46.547,28.953
45.001,28.453
41.781,28.887
43.520,27.040
44.476,29.007
44.397,29.580
44.514,26.997
44.083,28.856
44.867,25.062
44.817,27.076
45.501,28.443
48.461,29.151
44.902,29.346
47.285,32.173
44.533,32.274
44.780,32.618
46.754,30.856
45.211,31.178
39.758,28.653
45.854,28.622
42.279,29.748
44.201,30.393
45.620,29.630
45.876,32.075
47.807,31.478
41.859,30.488
46.234,31.368
41.214,30.673
42.428,29.828
40.197,29.527
40.073,28.091
38.047,28.530
39.231,27.662
31.583,26.957
31.920,26.288
30.425,26.847
41.471,26.561
37.926,28.793
32.323,27.508
32.583,26.708
37.125,26.784
30.711,26.888
34.751,26.366
32.231,27.025
34.271,26.593
34.657,27.500
34.667,26.971
37.587,27.091
39.433,27.417
38.543,28.512
33.987,27.409
33.754,26.786
35.635,26.563
39.721,27.281
34.290,27.833
33.220,27.395
33.497,26.717
34.336,26.208
34.860,26.705
37.539,26.367
38.780,26.891
38.961,28.156
36.338,27.947
34.113,26.975
36.703,26.736
37.966,27.705
33.735,27.726
35.107,26.812
32.722,26.762
33.806,26.244
32.075,26.232
33.573,26.230
30.270,26.222
32.002,25.885
32.396,25.969
34.241,25.788
36.360,26.198
37.647,26.715
35.685,26.729
37.890,26.678
37.390,27.085
36.932,27.054
36.915,26.736
33.638,26.879
32.864,26.642
32.851,26.332
32.888,27.277
32.200,26.209
34.331,26.380
37.150,26.522
35.229,27.127
32.279,26.168
35.003,26.257
35.791,26.257
35.282,26.327
28.927,26.252
31.454,26.064
36.328,26.256
36.690,25.794
34.527,25.991
33.697,25.237
33.584,26.378
33.489,26.201
31.592,26.274
33.305,26.417
30.976,25.999
32.125,25.300
33.048,25.386
34.017,25.548
33.792,26.044
31.742,25.188
31.269,25.507
30.580,25.673
33.900,24.939
37.828,25.463
36.770,26.211
30.559,26.159
32.654,25.839
31.977,25.459
32.492,25.405
33.983,26.283
32.896,25.217
34.560,25.551
33.620,25.532
35.776,26.057
37.009,24.764
35.620,25.018
31.826,25.694
31.531,25.110
32.009,24.550
33.644,24.755
33.912,24.759
31.405,25.130
33.113,24.323
32.625,24.064
33.300,24.130
33.560,22.619
30.669,21.165
33.917,22.545
29.310,23.725
24.932,22.100
22.815,21.408
23.575,21.621
30.139,21.743
33.183,20.924
32.357,20.473
32.641,19.810
30.760,16.731
30.931,17.664
33.142,17.409
33.867,20.164
33.144,19.529
34.086,22.504
31.260,22.074
32.417,18.835
27.686,18.047
22.277,20.740
22.037,20.188
20.898,19.856
24.391,20.277
28.093,20.523
29.665,19.232
29.141,21.273
31.362,19.542
28.681,20.682
30.733,18.645
28.170,17.174
29.988,17.165
30.451,17.249
30.443,17.480
29.187,16.764
30.078,15.712
29.332,15.381
30.715,15.871
29.605,16.745
29.337,14.661
29.356,14.913
29.272,15.136
28.753,13.750
27.780,14.911
27.679,13.888
27.865,13.991
29.065,15.222
29.269,16.142
29.313,16.267
26.760,13.751
26.259,10.741
26.825,11.295
26.607,10.820
27.231,13.617
26.529,11.266
25.814,10.837
25.416,9.708
24.832,8.409
25.028,7.537
24.999,9.589
25.129,8.393
25.121,9.974
25.341,9.173
25.615,8.919
25.955,9.307
25.285,9.322
26.337,9.683
26.564,11.995
27.434,10.601
27.644,10.131
26.403,9.849
27.126,9.798
26.994,10.164
26.883,11.304
20.547,15.692
25.466,14.092
25.943,11.730
27.011,12.222
26.433,12.030
25.809,10.337
25.862,8.812
25.512,9.314
24.846,10.076
25.178,10.153
23.934,7.910
24.778,5.097
18.855,11.375
21.231,9.995
20.914,5.539
21.708,7.885
22.604,7.736
22.310,6.018
22.802,6.888
21.217,5.252
21.928,4.626
22.774,6.366
23.071,8.213
22.793,8.229
22.810,7.006
23.456,8.026
24.349,7.056
24.694,8.471
23.700,6.633
24.504,7.556
25.630,7.128
25.020,7.181
25.126,7.957
24.911,7.022
24.792,12.076
25.849,9.894
26.578,6.732
26.692,11.909
15.675,13.084
24.150,12.317
23.548,11.809
24.113,9.906
22.293,8.119
21.930,7.439
23.000,4.624
24.449,5.451
22.851,11.352
25.913,9.135
24.740,11.153
23.016,9.844
22.409,7.332
24.628,6.289
24.043,7.240
23.202,7.723
24.510,6.841
26.714,7.627
28.440,7.897
28.306,7.742
29.764,8.902
29.668,11.285
28.190,11.281
28.632,10.621
28.623,11.029
29.878,9.095
31.268,10.390
31.058,11.166
31.178,11.475
30.853,12.505
30.503,12.925
31.067,13.574
31.049,11.751
30.641,11.541
31.124,12.464
31.598,12.509
35.618,16.794
35.026,17.142
34.996,18.385
33.680,15.744
32.634,14.783
33.929,13.286
34.726,15.182
35.368,17.590
35.571,17.390
33.747,17.219
36.611,15.398
32.031,16.977
35.918,16.558
36.944,19.289
36.384,18.772
36.802,18.161
37.613,18.623
37.676,19.326
39.185,18.912
40.402,20.401
39.465,20.008
39.132,18.462
39.931,21.993
40.204,23.318
42.045,19.629
42.637,19.297
41.610,22.460
41.474,18.949
42.426,21.422
40.658,23.451
40.393,22.241
39.244,21.668
39.553,19.097
39.829,19.838
41.578,20.619
40.922,22.344
42.237,23.402
40.562,24.251
42.022,23.307
42.269,22.150
40.151,23.569
40.257,23.854
41.976,23.267
41.620,23.924
42.763,24.171
43.359,21.966
43.686,24.103
43.384,23.389
44.265,22.332
43.748,24.665
43.840,25.046
39.669,25.021
40.763,24.099
44.181,26.016
43.613,27.205
45.881,27.872
38.622,25.792
40.947,24.175
42.793,23.348
38.931,24.292
39.357,25.737
43.956,25.789
40.409,24.891
44.023,26.263
41.685,26.133
41.749,22.754
41.443,21.544
43.052,22.113
43.476,22.813
43.844,25.486
46.400,24.933
45.835,26.601
45.248,25.525
45.703,29.053
45.469,27.204
43.535,29.887
44.483,27.518
45.780,29.886
45.149,31.364
43.359,30.893
42.521,31.980
48.161,30.942
44.411,28.959
43.623,28.979
45.349,27.538
46.090,27.031
45.771,25.758
42.366,27.436
41.004,28.424
42.604,29.403
42.326,28.864
45.797,29.454
43.786,27.401
43.035,29.878
44.556,30.482
42.497,29.079
44.466,28.165
42.660,31.026
43.460,28.994
41.891,29.461
42.936,28.143
41.775,29.436
44.202,30.108
42.284,29.845
43.009,29.871
37.469,30.128
33.134,27.381
28.207,26.124
34.017,26.504
36.790,26.739
39.111,27.478
39.167,27.407
34.556,27.574
38.187,26.235
29.681,25.776
37.699,26.127
39.763,27.455
40.202,29.042
39.095,28.907
40.584,28.240
41.052,29.372
40.979,28.691
42.897,31.327
42.983,29.726
40.937,30.354
37.720,28.776
38.686,27.595
35.431,27.626
34.987,26.947
35.254,27.562
33.483,27.441
32.112,26.693
33.497,26.050
32.991,26.598
36.638,26.001
36.705,26.708
37.069,26.219
38.134,27.213
32.107,26.230
30.474,25.825
32.419,26.142
33.453,26.379
34.720,25.985
36.198,26.172
37.366,26.597
34.005,27.022
34.008,25.585
31.955,26.175
34.459,26.197
34.980,26.051
33.075,26.736
33.315,26.559
34.270,25.897
31.717,25.967
32.244,25.684
34.047,26.505
34.429,25.599
34.707,26.445
33.974,26.492
32.570,25.934
33.263,26.423
31.849,25.923
33.225,25.586
33.047,25.517
32.667,25.841
34.082,26.432
33.837,26.234
27.863,25.335
33.404,25.231
32.119,25.720
34.558,25.459
34.733,26.869
37.368,26.181
36.118,25.942
32.050,26.381
33.026,26.417
32.008,25.894
32.889,25.601
34.133,26.676
32.591,26.988
34.144,25.836
31.913,25.444
33.303,24.771
31.483,25.706
31.636,25.993
34.388,25.524
33.774,26.355
36.305,26.523
35.833,26.267
36.708,24.782
37.745,25.647
36.668,25.911
39.244,26.118
33.691,27.269
35.281,25.316
32.311,24.864
29.333,24.407
28.576,23.569
30.498,21.947
27.677,21.486
28.666,21.399
29.215,23.067
27.275,23.350
27.945,24.116
30.296,24.626
31.026,24.747
32.815,24.260
33.714,24.561
37.115,23.944
34.662,24.810
36.772,24.273
35.533,24.837
36.475,24.138
34.395,23.693
35.440,24.483
35.700,24.394
31.919,23.767
32.771,23.448
32.421,24.143
31.938,23.863
30.927,23.711
29.168,24.116
26.076,21.841
30.673,21.671
33.803,20.641
33.182,20.854
34.321,21.750
34.402,22.513
32.703,20.975
30.176,21.267
26.566,19.776
30.506,17.199
30.530,16.316
31.299,17.101
32.634,18.714
31.768,17.516
31.609,17.733
32.302,18.635
32.242,19.123
33.042,16.942
33.098,17.385
33.209,16.209
30.244,18.107
32.768,19.084
31.291,19.044
30.992,15.567
31.200,17.251
30.445,15.175
29.704,14.805
29.657,14.303
29.816,13.380
30.366,14.002
31.394,15.881
31.137,16.090
31.570,17.100
30.295,15.994
30.425,13.391
30.631,13.621
30.992,14.269
31.167,15.786
30.558,15.254
29.679,15.033
30.701,12.660
30.443,13.919
30.404,13.397
30.025,15.954
30.687,14.164
31.009,14.300
30.355,15.253
29.697,15.138
28.945,15.552
28.720,14.749
28.689,14.109
29.071,13.050
28.918,14.271
28.942,12.743
28.740,12.633
29.334,13.013
28.464,12.848
28.109,11.544
27.319,13.195
27.010,12.310
27.353,12.144
27.498,11.603
27.728,11.897
27.265,12.939
27.354,10.919
27.659,11.426
28.397,12.867
28.287,13.064
27.497,12.697
27.799,14.019
27.124,12.223
28.087,11.331
27.709,10.762
28.609,11.737
27.441,15.104
28.924,13.544
27.199,12.032
25.052,11.624
23.791,13.983
22.527,13.706
24.617,10.682
23.240,7.199
23.431,5.733
23.590,7.769
25.131,8.911
25.924,8.771
27.588,9.066
30.039,11.145
26.900,13.799
29.077,14.250
25.658,10.788
26.875,8.532
27.151,9.204
25.243,10.158
25.372,8.709
26.222,9.133
23.094,11.411
23.992,7.747
24.379,9.167
25.588,8.202
26.523,7.717
27.238,8.365
26.981,9.716
26.067,15.545
24.746,12.565
23.939,9.641
24.641,7.390
25.784,12.522
24.014,11.823
23.206,7.984
23.345,7.772
25.586,10.734
27.466,12.138
21.768,12.711
25.294,10.125
23.932,13.725
18.982,15.402
17.889,14.333
23.858,10.310
24.884,9.477
25.964,7.045
27.952,7.639
28.765,13.736
31.612,10.874
30.136,14.145
30.337,14.121
30.870,14.517
32.616,14.293
32.814,15.726
32.261,17.659
32.033,16.908
31.010,17.016
32.767,14.346
32.591,16.292
33.707,15.129
35.917,17.360
35.340,18.946
34.038,17.591
25.188,18.402
31.178,16.715
29.876,13.476
32.374,15.377
32.572,16.236
32.493,15.583
34.291,15.211
35.805,17.764
36.744,19.017
36.789,20.264
38.628,19.987
37.426,18.155
37.842,21.243
37.681,20.096
35.499,20.964
34.435,21.920
30.423,22.287
34.500,20.005
33.585,17.649
34.105,17.846
35.093,17.068
36.519,16.731
37.999,19.732
37.769,21.811
36.914,24.699
40.812,22.603
39.210,21.624
39.945,21.443
39.933,20.222
38.186,22.491
34.064,22.151
33.107,17.453
36.030,19.294
38.318,18.002
37.074,21.599
38.324,20.202
40.404,22.077
39.649,22.861
37.211,18.238
37.935,18.043
39.253,18.613
39.655,18.060
39.867,21.473
39.929,22.705
42.495,21.563
41.854,23.879
39.925,27.043
42.068,26.350
39.129,23.853
38.359,19.985
38.938,19.565
39.487,19.447
42.042,20.144
43.032,20.873
42.579,22.116
41.652,21.722
41.772,21.929
45.165,23.637
42.777,25.206
43.301,23.656
44.147,24.011
45.120,26.831
41.729,27.838
42.388,27.117
42.081,27.093
42.069,24.614
40.589,22.662
37.422,26.939
39.820,22.669
40.414,25.879
42.576,25.486
40.020,24.450
40.104,26.937
39.821,24.867
40.188,26.384
43.986,25.445
41.271,24.023
43.442,23.604
41.799,25.328
42.381,22.126
43.481,21.705
44.628,23.517
43.264,23.541
44.070,25.313
45.967,26.434
47.266,27.985
45.259,29.350
36.597,25.645
44.377,22.700
46.329,26.437
44.789,27.952
44.832,28.810
45.407,29.538
45.239,27.753
45.185,28.990
45.533,30.086
45.810,26.960
45.048,25.695
46.377,28.344
45.882,31.023
45.608,27.166
45.238,25.010
45.450,29.762
42.801,31.229
47.339,28.404
44.147,31.923
46.132,31.172
44.787,31.603
45.312,28.482
46.246,28.766
47.634,27.669
46.663,30.848
46.538,28.808
46.575,28.879
46.945,29.662
46.855,32.804
47.525,31.800
46.167,32.469
44.843,32.446
46.956,31.950
42.791,31.470
40.839,31.219
40.153,29.259
43.414,29.932
40.481,30.529
38.824,29.371
34.857,28.514
29.132,27.241
32.206,26.871
34.552,26.946
38.276,27.324
35.497,29.080
33.238,26.848
32.806,26.528
34.714,26.529
36.640,27.397
39.415,28.334
38.439,27.812
35.868,28.589
34.288,27.339
29.138,26.258
32.810,25.642
29.014,24.921
30.717,25.350
32.217,25.235
28.125,25.363
34.815,24.418
37.213,26.084
35.202,28.434
35.487,27.037
37.323,27.065
40.878,26.920
36.338,27.967
36.834,27.077
35.383,27.061
35.028,26.526
35.900,26.597
37.297,26.880
36.182,26.001
36.058,26.436
36.490,27.304
39.767,26.787
35.676,28.042
34.363,26.547
34.034,26.527
33.864,26.105
32.472,26.306
34.157,25.777
34.377,26.519
35.266,26.932
34.078,26.326
34.229,25.745
36.160,26.223
35.454,27.678
33.352,26.362
32.857,25.794
35.223,25.622
35.068,25.760
34.269,26.045
32.170,25.657
30.518,25.684
34.706,25.555
34.675,26.529
31.498,25.773
32.303,25.095
32.372,24.894
34.263,24.747
34.683,25.666
35.321,25.887
35.807,25.443
38.135,24.771
36.059,25.429
38.007,26.271
36.613,26.822
34.173,26.601
36.681,25.431
32.267,26.218
31.918,25.792
36.829,25.330
33.254,25.832
33.336,25.794
30.061,25.123
32.238,25.365
30.439,26.329
30.523,24.883
35.487,25.251
35.713,26.047
35.164,25.266
30.000,25.534
34.339,23.864
35.036,25.000
32.752,25.465
33.198,24.491
34.859,24.701
31.930,24.717
35.671,23.477
32.986,24.176
33.685,23.928
34.158,23.234
35.338,24.156
34.806,23.654
35.896,23.118
33.129,23.142
26.445,22.069
29.471,22.016
32.786,22.335
32.877,22.200
32.481,22.153
35.226,21.112
34.540,21.828
34.592,22.429
35.301,21.450
35.562,21.440
32.486,22.215
33.440,23.858
26.048,22.498
33.321,21.028
28.184,21.992
31.243,22.417
26.473,21.273
21.014,19.793
21.389,19.195
27.335,19.197
27.424,20.395
29.695,19.463
29.592,20.954
31.235,19.335
31.843,19.627
31.322,20.505
31.829,17.414
31.100,16.910
30.900,18.114
29.401,18.425
28.635,19.401
30.340,16.916
30.255,15.667
30.404,15.832
29.583,15.237
29.610,14.231
30.176,12.873
29.717,14.157
29.359,15.645
28.746,13.226
29.244,14.051
28.983,14.358
29.614,14.128
28.355,14.594
29.033,14.887
28.777,13.982
27.822,11.648
28.967,10.556
28.157,10.292
28.196,10.543
29.293,12.861
28.366,12.705
30.131,12.766
28.520,13.374
28.455,11.657
27.623,9.924
28.714,10.051
28.764,11.132
28.931,10.606
28.434,11.670
29.011,14.838
28.393,13.264
28.043,13.854
25.679,11.007
26.007,8.343
27.414,9.646
26.690,11.655
27.156,9.720
27.284,12.517
26.169,11.132
26.439,11.065
25.343,9.990
24.576,8.439
25.660,9.332
26.377,10.693
25.828,10.567
26.240,9.017
25.960,8.679
26.560,6.641
27.876,8.022
27.339,10.317
26.324,10.938
26.935,9.685
25.586,12.575
25.626,10.138
25.639,9.730
25.197,6.543
25.038,6.727
25.529,6.561
25.014,6.402
27.001,8.259
27.550,7.875
27.592,7.372
28.582,10.492
25.845,12.448
25.315,10.266
25.977,9.883
26.121,9.387
25.703,8.663
25.200,5.781
25.456,7.398
26.461,7.407
28.028,6.374
26.465,8.198
26.565,6.482
26.955,9.431
29.086,8.016
30.524,11.797
30.743,13.154
31.136,16.368
30.002,14.325
27.563,12.505
27.141,7.843
20.656,11.727
25.389,7.164
25.096,6.330
26.334,9.206
26.381,7.704
27.577,9.240
29.017,8.054
29.745,8.926
29.858,10.066
30.223,11.199
30.571,12.172
29.800,12.368
29.167,11.734
31.399,11.333
31.545,11.154
31.326,11.455
31.930,12.738
30.437,12.151
31.366,11.161
30.872,10.283
31.906,10.853
33.608,15.102
35.755,14.477
35.711,13.939
34.441,16.344
34.951,13.030
33.953,15.093
34.720,15.697
35.816,19.226
36.337,14.853
36.622,14.167
37.362,15.567
36.746,17.757
38.481,17.674
38.692,20.073
36.388,21.281
36.136,20.586
32.925,16.071
32.581,14.939
34.957,13.705
35.188,16.368
35.883,14.642
36.351,16.913
37.172,15.843
37.034,19.446
34.138,20.146
27.218,19.239
31.058,18.853
33.435,17.278
34.324,21.330
36.074,19.202
33.284,18.228
33.641,18.674
34.266,17.178
34.709,15.894
35.691,16.036
37.389,18.955
35.853,20.574
36.159,19.905
37.547,18.960
39.986,20.587
40.997,18.941
39.484,21.814
37.265,21.212
37.586,20.345
37.430,17.165
38.385,17.770
38.972,18.396
40.420,19.376
40.241,21.318
39.498,22.809
39.434,19.256
42.112,22.700
42.429,22.170
41.185,22.798
43.822,24.111
41.919,25.478
42.567,22.415
42.441,23.326
42.974,21.134
42.969,21.941
42.915,22.793
42.568,23.501
37.155,27.197
32.704,21.174
33.093,20.387
37.001,19.964
40.231,22.927
39.067,24.893
39.843,24.729
41.176,25.279
42.527,27.393
42.871,26.579
44.643,26.576
41.300,27.733
41.821,26.720
45.644,26.340
44.870,27.509
46.318,26.945
44.588,29.560
44.167,28.055
45.498,30.162
43.876,27.294
41.887,29.003
41.558,26.750
39.689,29.499
41.879,27.821
39.962,28.037
46.607,27.873
36.568,26.916
40.006,24.895
39.800,26.042
39.328,27.870
42.881,28.063
46.053,29.135
45.021,32.441
43.321,30.051
40.535,30.736
42.715,29.849
41.235,30.211
42.325,31.287
40.548,29.980
41.735,30.562
39.410,30.233
38.545,29.464
40.201,29.905
45.908,28.037
45.691,30.730
45.326,32.564
43.103,30.448
40.838,30.913
39.951,30.320
37.099,28.555
36.810,28.612
29.870,27.288
33.369,26.382
34.463,26.206
35.196,27.134
41.522,26.953
43.105,29.071
43.596,26.914
41.591,29.412
43.731,29.971
43.269,29.963
43.022,30.736
42.696,29.109
45.934,29.180
42.253,30.225
38.723,30.422
36.782,28.646
37.844,28.270
37.999,29.432
36.163,28.368
38.226,28.227
35.564,28.319
35.483,26.636
34.625,27.335
37.233,27.547
36.255,28.123
37.510,27.981
36.631,28.798
35.204,27.879
35.224,27.586
38.224,27.694
37.262,28.015
30.828,27.531
35.617,26.553
31.099,26.543
30.135,26.469
28.804,26.378
31.275,26.441
33.472,26.785
33.066,26.959
31.420,26.616
32.590,26.491
33.716,26.664
34.965,26.591
32.411,25.937
33.125,25.668
33.147,25.289
33.374,25.569
33.127,25.966
35.248,26.435
32.093,26.876
32.851,26.136
34.745,26.141
31.002,25.811
34.438,25.902
34.249,26.285
34.724,26.342
34.099,26.384
32.360,26.417
34.589,25.231
33.396,24.792
32.553,24.794
35.509,25.850
34.902,26.479
39.159,26.484
33.962,26.817
37.559,26.088
36.955,27.397
35.385,26.658
35.471,26.648
36.524,26.310
35.850,26.484
32.319,27.119
32.578,26.289
32.552,25.819
37.852,25.855
36.344,26.544
34.296,26.134
30.425,26.023
33.891,25.262
33.863,25.579
32.034,25.309
31.965,26.000
34.830,24.972
29.542,26.272
30.473,25.564
32.883,25.025
33.945,24.301
34.819,24.266
32.856,25.233
33.765,24.124
33.567,25.183
34.184,25.105
33.990,25.646
32.773,26.336
35.352,25.921
34.097,25.412
31.450,25.753
36.098,24.704
35.726,25.251
33.017,25.455
33.894,25.613
32.871,24.698
33.439,25.716
32.916,24.636
33.360,24.724
32.243,25.104
25.015,23.225
24.148,23.094
25.191,23.440
26.064,24.487
26.804,24.401
26.311,24.110
30.360,23.518
32.142,24.078
29.289,25.047
30.610,24.242
31.534,25.103
33.306,24.682
34.955,23.598
33.879,24.060
33.869,22.167
33.532,20.906
33.615,21.030
33.074,20.027
33.579,22.349
34.502,22.483
34.058,22.379
32.543,23.113
32.937,24.251
33.144,22.353
33.810,20.811
33.977,20.986
33.041,20.235
33.770,18.104
32.156,20.325
31.522,19.709
25.416,19.627
29.679,19.948
30.817,17.817
30.496,17.483
31.046,16.380
31.934,16.842
32.229,18.309
32.420,20.635
32.614,21.571
31.953,20.031
28.887,17.200
29.211,17.704
30.581,17.122
29.951,19.023
21.980,19.691
30.840,19.698
31.602,19.916
31.734,17.947
31.086,18.868
27.989,20.136
25.679,18.913
28.633,19.213
28.642,16.631
30.020,17.520
30.203,17.009
30.194,16.378
30.310,16.662
29.449,14.961
29.380,14.470
30.068,14.787
29.351,17.042
28.858,15.629
27.967,14.938
29.825,14.005
30.581,17.354
29.280,16.154
28.221,13.794
26.472,10.956
26.140,9.449
26.030,8.155
28.011,11.087
26.635,11.406
26.656,11.390
25.906,9.122
26.299,8.538
27.395,9.328
28.842,12.042
29.840,12.151
30.683,12.236
29.371,13.983
30.067,13.948
29.129,13.632
26.128,15.114
25.703,11.214
25.018,9.825
24.998,10.193
26.335,8.588
27.034,11.264
27.242,13.370
28.105,12.581
28.495,14.640
27.920,14.332
27.852,12.667
27.793,14.200
26.460,10.394
26.118,10.920
27.314,11.434
27.034,9.595
26.906,12.932
25.272,8.694
24.668,8.150
24.457,7.682
25.225,7.972
25.017,10.236
23.901,9.805
23.220,8.618
23.733,6.980
24.126,6.215
25.825,8.994
24.650,9.510
24.432,8.227
25.064,8.296
27.233,10.871
26.826,9.411
26.038,9.912
24.371,8.713
24.097,5.923
24.958,5.555
25.893,6.194
25.016,8.336
25.945,9.590
26.283,10.856
28.103,8.331
27.003,10.314
25.853,7.645
26.848,6.599
27.255,8.641
29.023,9.301
30.192,9.661
31.469,12.403
31.139,11.001
31.265,13.425
30.612,14.214
30.174,12.220
30.011,11.461
29.864,12.210
30.566,10.820
29.436,11.934
29.385,13.396
26.943,15.113
26.280,15.623
28.846,13.427
29.969,16.163
26.957,16.428
18.056,13.408
16.393,12.740
21.994,13.117
23.403,11.991
23.560,9.867
25.865,9.070
26.890,12.464
27.427,10.530
28.319,11.811
27.955,11.267
30.468,11.364
32.586,14.790
33.116,15.547
32.132,16.623
29.719,14.281
31.638,13.699
34.747,14.512
35.367,19.694
25.881,17.155
28.955,13.876
30.993,14.047
31.227,15.292
31.085,14.382
30.263,14.507
32.157,13.267
33.495,15.030
36.631,16.713
36.344,17.896
37.471,19.181
24.896,20.079
32.901,16.820
30.799,18.286
30.214,15.599
31.668,14.799
35.186,14.846
37.328,18.134
39.241,18.629
37.880,21.472
38.387,21.590
38.468,20.162
37.810,22.428
37.093,21.441
36.548,20.460
37.345,19.249
40.535,18.578
41.932,20.343
43.399,21.291
44.753,22.938
42.154,24.225
42.466,24.570
41.534,24.339
40.528,22.587
42.124,20.118
42.628,21.941
41.763,21.591
42.828,23.741
40.712,24.549
39.736,24.398
40.703,23.788
37.987,23.916
37.619,24.447
38.368,25.234
39.801,26.033
40.378,26.683
39.509,27.014
38.871,26.188
43.575,25.317
41.811,26.892
42.228,26.379
41.139,26.752
44.314,25.625
44.108,25.573
41.612,26.622
36.418,25.342
40.356,25.027
38.663,26.311
41.946,26.423
38.487,26.114
39.065,23.953
38.866,27.401
40.520,27.979
40.590,27.591
41.765,28.997
39.984,28.440
39.409,27.965
35.948,27.117
37.604,26.587
38.143,26.715
44.650,28.246
41.378,29.112
41.112,28.828
39.760,27.659
40.532,27.520
38.534,27.758
40.359,28.684
39.367,30.695
40.034,27.877
39.552,29.202
42.459,28.634
42.839,28.520
44.119,31.125
44.651,26.949
43.114,25.752
45.716,27.681
42.368,29.870
43.657,27.249
43.682,27.309
44.099,30.699
43.888,28.039
45.422,27.996
45.589,27.101
46.331,30.685
39.233,27.600
43.088,27.015
42.126,29.677
44.527,29.107
43.371,29.880
39.427,28.872
31.449,27.603
43.037,27.327
43.282,29.173
38.127,29.504
36.707,29.004
31.276,27.288
33.754,26.896
37.097,27.193
40.200,28.232
36.916,28.611
36.519,27.827
38.540,28.180
37.838,28.441
38.874,27.780
37.350,28.194
36.564,27.854
40.255,27.389
36.715,28.447
39.195,28.564
34.139,28.167
36.991,27.678
34.118,27.310
38.739,27.647
35.671,28.314
35.130,27.894
32.773,27.843
30.219,26.867
31.721,26.653
35.740,26.182
37.916,26.583
41.914,27.839
37.277,28.803
37.027,28.269
33.835,27.805
33.589,27.329
33.775,27.360
32.724,27.292
32.290,27.150
33.486,27.143
30.290,25.637
28.035,25.337
28.130,25.535
29.822,24.758
32.445,25.018
30.106,26.063
27.399,25.015
29.903,25.041
29.846,25.666
31.083,25.658
31.147,25.782
31.962,26.284
34.972,26.516
27.324,26.082
33.848,25.543
31.502,26.241
35.247,26.258
32.890,26.705
34.432,26.989
34.350,25.786
35.507,25.903
36.447,26.415
38.118,27.445
36.777,28.074
35.656,27.607
31.379,27.233
32.271,26.309
30.676,25.394
26.156,25.085
31.265,25.225
31.741,25.768
29.898,26.063
30.427,24.600
33.336,24.602
34.264,23.807
35.628,25.138
34.394,26.002
37.107,26.230
35.424,25.979
32.533,26.181
32.517,25.483
33.342,26.047
34.869,25.798
34.399,26.591
36.269,26.065
33.296,25.626
35.148,25.909
33.571,25.915
32.433,25.622
29.689,24.913
30.747,24.032
33.591,23.826
35.157,24.578
32.093,25.029
34.137,24.858
34.501,25.192
34.053,25.249
32.135,25.826
32.906,25.027
33.664,25.105
34.537,26.011
30.730,25.622
33.031,25.725
32.178,25.543
34.099,24.765
32.387,23.787
24.433,22.060
25.544,22.799
26.730,24.810
30.022,24.669
30.291,25.216
28.968,25.232
30.981,24.958
31.760,25.649
30.940,24.957
32.865,24.268
34.079,24.648
33.839,25.150
34.496,24.334
33.814,24.674
33.417,24.825
30.591,21.281
27.608,21.603
30.862,21.736
32.155,19.577
32.655,20.458
31.697,21.190
33.231,20.251
31.047,23.465
29.376,22.649
28.209,22.311
30.472,21.569
31.064,19.543
32.451,18.203
32.252,18.917
30.724,17.698
30.994,16.344
31.890,16.785
32.582,17.832
31.426,19.390
31.567,19.947
31.926,18.281
31.350,18.709
32.191,18.904
32.302,19.840
33.186,19.461
30.886,20.283
31.145,18.708
31.730,19.237
31.731,18.219
31.769,19.116
31.254,20.848
30.307,19.856
28.525,20.130
29.321,18.092
29.921,15.585
29.930,15.236
29.031,13.909
29.574,15.464
29.545,16.477
27.240,14.458
29.130,14.766
29.345,14.510
28.788,14.449
27.912,14.710
28.542,14.252
28.033,13.158
28.849,14.357
29.167,14.859
28.822,13.485
30.619,13.397
29.306,14.090
27.656,15.718
27.373,11.784
27.531,12.057
27.435,14.772
27.918,12.544
27.789,12.072
27.727,13.352
27.493,11.193
27.113,12.006
27.266,12.455
26.196,9.759
25.677,10.183
25.996,10.440
26.632,9.384
27.447,9.993
28.762,14.309
29.375,15.912
25.065,16.046
26.052,12.198
24.774,9.842
24.451,9.114
25.139,7.580
25.252,10.128
24.674,9.290
24.370,10.539
24.729,7.830
25.241,11.155
25.267,10.790
25.982,8.831
24.901,10.081
25.281,9.631
24.316,7.199
24.412,8.434
24.862,8.594
24.149,7.794
25.681,6.447
26.554,8.903
27.510,11.923
26.783,11.755
26.596,7.740
26.559,10.574
27.057,10.850
28.951,12.168
30.067,13.666
28.715,14.427
26.336,13.778
24.310,9.795
24.404,9.216
24.450,9.010
24.972,7.943
25.959,7.751
27.662,10.464
28.791,12.486
22.118,12.673
25.643,12.653
23.987,8.181
16.136,11.643
17.875,12.337
20.472,11.347
22.369,9.018
22.989,10.052
22.375,8.786
20.622,10.900
19.607,8.242
21.436,6.808
21.823,6.259
21.870,4.007
23.595,4.291
26.641,9.406
28.372,12.845
29.615,14.295
26.238,15.019
19.003,15.028
26.361,14.639
23.916,10.894
24.845,8.488
25.203,7.648
23.895,8.620
24.370,7.139
25.246,7.458
26.727,8.053
28.101,7.734
29.228,9.972
29.801,11.336
26.971,11.076
28.297,10.492
30.840,11.981
32.351,12.863
33.193,13.368
32.246,14.115
30.160,14.624
29.728,9.118
30.008,10.529
31.148,11.093
31.405,10.708
34.221,14.396
33.917,15.449
35.639,17.014
34.614,16.854
33.326,17.183
34.196,17.278
35.649,16.890
35.295,16.952
35.353,17.738
35.950,17.798
37.156,19.844
36.881,20.083
36.666,22.317
37.401,20.502
37.595,19.142
36.905,18.482
37.875,18.022
39.956,18.759
38.892,21.501
38.824,18.557
39.358,19.152
39.971,19.933
37.572,18.362
38.460,19.983
37.891,22.769
38.757,20.396
39.865,22.035
39.979,19.999
39.537,20.485
39.847,18.066
37.149,21.907
37.565,23.724
38.774,24.164
37.686,21.388
35.263,23.092
35.556,22.537
34.711,18.587
36.299,20.798
38.708,21.235
40.487,22.378
40.887,23.503
42.373,23.109
42.589,26.532
41.332,24.599
41.958,26.499
44.018,26.150
44.469,26.554
42.751,25.321
42.510,24.018
42.629,23.013
42.812,22.238
44.355,23.000
43.453,23.403
44.242,24.126
44.666,24.226
44.936,24.908
45.234,23.535
44.057,24.804
46.153,25.837
44.423,27.588
44.766,28.090
43.066,28.070
44.309,27.926
44.827,28.093
43.109,28.886
42.142,27.498
45.320,28.319
42.828,28.579
43.118,26.909
42.827,27.122
43.738,27.885
43.858,29.486
44.533,27.962
43.446,28.502
42.979,29.488
42.102,29.332
43.657,28.489
44.419,29.558
42.931,29.771
40.186,28.590
41.216,25.187
42.761,26.956
39.029,28.527
40.504,28.019
38.441,28.871
39.670,27.171
42.723,27.808
42.909,28.140
43.996,27.115
44.604,27.955
43.196,29.047
45.962,29.832
44.037,30.031
39.745,29.154
41.343,27.354
38.804,28.753
38.693,28.626
37.326,28.401
35.921,26.927
36.202,27.050
36.045,28.289
34.649,27.184
36.212,27.212
40.533,27.561
36.807,28.315
36.286,27.747
35.548,27.610
33.594,26.488
26.736,25.393
27.141,24.777
37.762,24.953
33.545,26.962
34.263,26.058
35.566,26.263
35.683,26.500
37.576,26.485
40.642,27.802
35.126,27.752
34.918,26.672
31.126,26.616
31.648,26.340
33.279,26.566
36.657,26.542
35.899,27.067
32.995,27.067
36.207,26.912
33.160,26.927
35.260,26.315
33.848,26.272
33.699,25.984
34.126,26.554
32.286,26.910
34.119,26.883
32.312,26.688
33.364,26.156
30.855,27.048
32.299,26.191
30.951,26.665
34.966,25.980
33.712,27.050
29.342,25.886
35.119,25.914
33.903,26.697
32.885,26.719
30.495,25.990
33.640,26.025
32.148,26.985
33.008,26.420
32.228,26.622
33.782,25.576
32.433,25.842
32.967,25.803
33.571,26.097
35.044,26.246
33.766,26.200
35.251,26.424
33.830,26.807
34.601,26.073
34.340,26.530
33.195,26.888
34.438,26.846
29.183,26.620
30.661,26.207
31.926,26.045
32.505,26.291
34.373,26.190
32.727,26.774
31.286,25.842
35.584,25.555
31.585,26.358
28.729,26.398
31.701,25.900
31.471,25.176
31.887,24.594
32.923,24.796
34.325,24.878
34.461,26.057
35.921,25.744
34.359,25.758
31.689,26.798
31.268,25.977
33.109,25.402
34.757,26.074
35.482,24.995
35.172,25.538
35.310,25.682
33.014,25.261
33.022,25.780
34.922,24.779
33.967,24.598
35.153,24.859
33.154,24.832
32.481,25.210
34.935,24.422
34.654,24.998
34.647,25.147
34.280,25.055
34.252,25.111
31.607,25.028
30.505,25.326
30.263,25.700
32.163,25.081
35.249,25.105
35.439,25.003
33.422,24.715
31.009,24.480
31.798,24.584
27.136,24.706
30.884,23.673
31.361,23.236
31.998,24.060
27.413,22.633
31.974,23.473
34.784,22.508
34.336,23.605
33.213,23.940
33.752,23.615
34.105,24.040
31.575,23.379
34.665,23.914
30.909,21.982
34.028,22.083
33.406,22.511
33.571,20.678
34.544,20.578
34.795,22.395
33.684,22.146
32.669,21.654
35.119,20.783
32.521,20.036
32.858,21.008
31.847,20.197
31.889,18.887
31.761,16.305
33.280,18.301
33.735,17.668
30.757,17.297
30.918,21.777
27.410,19.317
29.473,18.818
31.143,18.715
30.828,18.698
31.643,19.835
32.397,20.586
32.515,19.508
31.826,18.064
31.860,17.427
33.733,18.891
32.440,19.550
31.730,19.197
31.602,18.660
31.290,15.840
32.455,16.190
32.697,17.214
31.958,15.357
31.935,16.858
31.727,17.436
31.588,17.272
30.404,17.504
31.643,16.703
30.431,17.679
29.238,15.537
30.408,14.743
29.005,16.390
29.380,19.640
29.923,16.056
28.242,13.403
27.377,12.993
28.546,12.330
28.558,13.643
29.433,13.163
29.354,14.640
29.019,14.815
28.572,12.239
28.980,13.653
29.764,15.298
28.451,15.715
28.066,15.279
28.822,13.361
29.148,14.285
28.515,17.089
29.685,15.565
29.961,15.813
28.637,15.776
29.254,14.238
30.190,15.327
29.865,14.969
28.564,13.278
27.242,13.362
26.786,10.685
26.871,10.291
26.587,11.021
26.223,8.385
27.872,11.004
26.991,11.334
26.414,10.694
25.442,13.212
24.889,10.668
24.226,10.303
25.473,11.468
26.095,11.988
26.531,9.216
25.804,11.086
25.896,7.813
26.253,8.606
25.929,9.993
24.725,6.814
24.918,6.407
25.080,6.867
25.643,7.935
27.895,11.416
19.718,14.085
27.388,10.813
27.772,13.830
28.304,11.658
27.287,12.162
26.467,12.230
25.887,9.395
26.768,9.214
27.034,7.615
27.731,8.883
27.846,10.694
28.913,11.387
30.012,13.178
28.642,14.419
25.470,11.921
27.104,9.206
27.683,10.914
28.850,11.200
29.291,12.206
31.639,11.180
32.220,12.824
30.089,14.389
28.043,10.940
28.483,10.211
29.567,11.654
27.899,11.339
27.960,9.498
28.284,7.467
28.513,8.211
30.600,8.170
31.453,10.484
31.590,9.497
31.006,11.346
30.086,10.919
31.139,8.636
32.635,12.555
31.108,14.846
28.942,13.126
31.209,10.050
32.640,13.749
32.691,13.393
32.180,13.241
32.692,12.473
31.498,13.220
33.327,10.017
33.925,14.335
35.082,16.299
33.170,16.148
35.365,13.565
35.656,14.097
35.035,16.292
35.567,15.995
34.446,15.834
33.245,14.746
33.205,13.238
34.206,14.722
35.722,14.638
37.076,17.775
36.427,18.327
37.023,16.934
37.788,14.806
39.514,17.069
38.057,21.323
36.853,19.546
35.519,17.468
36.242,16.349
37.800,17.994
39.872,17.669
36.456,19.825
39.517,16.489
39.123,21.163
37.377,19.159
38.112,19.333
38.362,22.485
39.506,23.868
39.633,19.471
37.752,23.348
38.591,20.315
37.622,23.847
37.648,20.815
36.940,22.610
39.692,21.892
38.741,21.294
38.594,21.790
38.051,19.183
39.368,20.428
40.116,23.489
42.122,23.529
41.621,23.323
40.430,22.362
40.680,22.859
41.350,21.810
40.805,22.682
39.972,26.890
39.115,22.511
41.195,20.152
43.825,22.363
42.128,24.717
43.228,25.970
45.112,26.963
43.987,28.185
42.799,27.353
43.427,27.025
43.692,22.046
45.698,26.512
45.350,27.069
42.932,26.899
42.270,24.160
43.410,23.969
43.829,23.110
43.572,21.983
45.077,22.404
44.259,26.643
44.516,28.026
48.712,28.996
45.716,28.634
43.755,28.176
43.691,28.672
44.123,28.583
44.485,27.594
44.256,28.331
43.992,26.031
44.872,27.129
45.430,28.932
35.650,28.937
30.389,23.606
35.646,22.539
36.516,23.937
39.223,25.713
40.123,28.161
38.613,28.034
40.671,27.570
40.731,28.400
39.979,29.494
40.886,27.690
39.600,29.025
40.153,29.399
39.395,30.585
30.483,23.297
34.379,22.646
40.467,24.421
42.944,27.119
41.575,28.840
43.058,28.079
39.280,29.404
39.219,28.421
42.729,28.332
41.118,29.572
46.027,29.952
40.585,30.331
42.064,30.624
43.266,29.451
45.466,28.608
46.835,26.085
48.610,27.962
45.619,30.529
45.088,29.368
44.061,29.563
49.555,30.214
45.605,31.027
45.728,29.348
45.414,28.428
45.803,27.465
45.850,27.994
46.711,28.577
47.722,30.541
48.768,31.725
45.962,32.107
42.316,32.165
40.599,31.447
42.976,31.126
40.498,32.396
39.285,30.347
39.767,29.357
33.948,28.256
32.576,27.057
31.858,27.091
38.368,27.199
37.723,27.378
34.157,27.422
37.398,27.368
35.166,27.884
34.117,26.999
36.439,27.018
33.600,26.867
35.599,26.644
39.566,26.917
38.675,28.239
40.846,28.532
38.136,28.443
36.932,27.950
38.923,27.622
41.569,29.951
38.147,29.670
35.495,28.278
37.500,27.201
35.602,27.756
37.816,27.253
38.269,28.525
39.497,29.405
40.584,30.597
30.528,26.608
31.516,25.956
32.626,26.533
32.721,26.961
35.317,26.434
39.135,27.934
34.153,27.801
32.647,27.337
37.641,27.029
37.190,29.082
35.177,27.824
40.268,27.863
35.819,28.204
38.124,27.034
35.574,27.527
35.745,27.339
37.806,27.331
34.841,27.707
30.023,27.085
31.683,26.050
32.005,25.832
34.164,26.401
33.326,26.484
33.106,25.862
33.017,25.500
33.511,25.460
32.861,26.002
33.938,25.581
27.103,25.161
32.219,24.897
31.395,25.444
30.732,25.221
31.386,25.755
31.731,25.219
35.349,25.632
35.763,25.888
33.854,25.974
34.806,25.247
38.763,25.214
33.465,26.165
30.668,25.707
26.372,25.214
31.447,25.175
32.253,25.467
27.389,24.565
32.114,24.867
34.266,25.261
33.896,24.858
34.727,24.654
37.039,24.134
35.771,26.887
33.259,25.345
33.779,25.548
34.683,25.978
36.392,25.197
34.024,24.775
36.039,24.998
33.063,25.374
34.287,23.848
33.162,23.918
31.462,25.272
34.817,24.174
36.227,24.949
35.963,25.652
35.219,25.262
35.302,24.585
35.224,25.052
30.868,25.709
30.536,25.138
30.838,24.733
30.545,24.847
30.478,24.928
31.224,25.066
27.925,23.807
31.030,22.079
31.877,21.715
32.535,21.827
32.569,21.320
31.742,20.725
32.000,19.772
32.673,19.815
33.048,20.081
31.971,23.460
31.672,20.528
31.121,18.221
31.729,18.280
30.543,16.070
29.727,16.566
30.927,16.895
30.028,16.788
29.686,15.836
30.178,15.350
30.143,16.411
31.116,15.879
31.130,16.274
30.979,17.922
30.382,18.492
32.069,17.090
31.453,16.390
31.735,17.791
32.497,17.255
32.450,16.007
30.979,17.896
32.085,17.267
31.640,18.139
32.302,18.087
30.534,20.710
28.151,17.711
33.760,16.538
32.055,22.223
32.621,22.903
32.403,22.179
25.244,21.351
21.170,17.098
28.115,17.034
28.025,16.756
25.265,12.867
24.712,11.849
26.758,11.105
26.543,13.590
26.278,13.524
26.430,12.968
26.989,12.488
26.465,11.988
26.565,10.899
26.498,11.750
27.524,11.670
27.352,12.176
27.241,12.875
26.888,11.905
26.986,11.987
26.791,12.765
27.105,12.099
27.556,13.439
27.999,11.151
26.670,9.719
26.344,8.669
26.500,10.825
26.597,11.353
28.191,11.687
27.769,13.537
27.534,11.531
28.589,14.785
29.060,15.377
24.757,13.763
27.849,16.629
25.794,11.798
24.681,9.140
23.971,8.933
24.182,9.569
23.819,9.531
24.333,8.800
24.414,8.062
24.110,5.701
24.851,7.447
24.057,6.999
24.843,5.345
23.126,12.141
22.241,8.547
22.280,7.111
22.628,6.646
22.899,9.510
22.974,10.345
22.610,9.034
24.238,4.589
25.062,6.312
25.029,9.463
24.912,10.279
24.888,9.786
23.518,8.813
25.527,9.411
25.917,13.469
24.881,11.138
23.105,9.001
23.844,7.508
24.914,8.926
23.911,9.067
25.502,8.370
24.646,7.335
25.368,8.808
25.503,7.772
25.355,7.629
26.374,5.105
26.775,8.656
27.282,8.678
26.827,9.020
26.810,8.294
28.619,11.068
27.763,11.442
28.159,10.548
29.572,11.096
28.161,11.151
26.874,10.314
27.857,9.202
27.417,9.770
28.480,8.578
29.366,10.907
30.114,15.761
31.745,13.594
31.795,15.032
31.299,14.882
30.308,13.826
29.543,13.738
30.058,11.868
31.255,15.602
31.838,15.443
29.217,14.763
30.075,9.752
29.821,12.373
29.880,11.687
30.520,12.107
33.525,12.176
33.440,17.089
32.979,16.318
32.702,14.786
33.201,15.835
34.231,17.500
33.892,15.296
36.122,17.398
34.570,18.762
36.523,17.849
37.939,18.244
36.863,19.209
36.962,19.845
37.057,19.799
35.984,17.916
35.858,16.449
36.270,15.727
36.590,18.385
36.333,17.977
36.621,17.966
37.960,16.598
37.489,20.947
38.414,21.358
38.876,21.750
38.705,20.455
39.806,20.328
40.340,20.154
43.216,21.762
42.346,21.600
42.237,23.855
43.995,21.035
41.578,23.667
42.621,24.177
42.409,22.094
40.618,19.753
41.679,22.959
41.585,23.355
43.094,21.615
42.865,21.817
42.753,21.071
42.744,21.168
42.487,20.972
43.519,22.483
43.152,23.205
44.705,22.881
43.577,22.560
44.183,21.865
44.222,24.204
44.823,24.903
44.167,25.944
45.186,27.246
44.571,26.595
46.704,29.098
46.021,28.871
45.132,25.629
45.022,28.343
45.820,27.214
46.785,25.732
45.527,26.752
45.072,24.319
45.550,25.655
44.993,24.567
44.674,25.834
40.089,26.782
42.422,26.623
46.311,28.411
45.308,26.065
42.895,28.126
38.308,28.588
45.171,26.341
43.971,29.548
41.568,29.512
41.517,27.701
40.921,25.705
42.282,27.474
44.534,27.164
45.155,26.837
46.185,28.342
45.957,27.449
45.718,25.065
49.134,25.041
48.165,29.300
46.058,30.712
43.372,27.360
44.554,28.103
49.565,30.543
43.417,31.375
39.699,30.311
40.950,28.221
41.141,27.751
39.694,28.014
42.667,27.124
43.041,27.652
37.037,27.234
40.542,24.824
42.304,27.535
45.354,29.367
46.583,29.795
45.263,29.621
50.199,29.908
46.501,30.068
45.532,30.502
44.022,29.776
44.880,31.095
45.408,29.006
45.547,29.798
44.135,31.757
45.028,30.541
45.961,31.150
43.404,31.570
42.178,29.531
45.157,29.642
48.062,30.577
48.323,30.461
41.509,30.139
35.564,28.590
39.620,28.327
35.409,28.852
40.849,27.209
41.233,29.115
34.160,28.250
37.921,26.885
37.488,27.979
36.786,27.993
35.015,27.004
45.014,26.705
42.229,28.706
39.738,29.021
37.264,28.200
34.846,27.164
33.869,27.671
37.356,27.591
39.173,26.765
38.619,27.999
35.981,27.190
39.634,27.355
45.481,29.717
39.771,29.751
30.026,27.068
30.285,26.571
35.250,26.485
33.405,27.227
36.180,26.531
35.215,27.713
37.883,27.700
41.011,28.304
34.348,27.623
36.262,27.344
37.412,27.875
36.145,27.793
35.764,27.277
34.188,27.164
36.649,26.717
30.767,26.879
32.184,26.453
37.578,26.107
36.777,26.794
33.979,26.738
33.131,26.738
32.931,26.112
34.001,26.408
35.627,26.314
37.428,25.848
35.405,27.256
36.874,26.116
37.692,26.370
38.625,26.804
39.830,28.551
35.302,29.370
43.549,26.995
33.346,28.973
34.372,27.395
32.773,27.252
35.229,26.771
33.561,26.562
36.737,26.563
36.645,27.732
32.590,27.130
32.959,26.491
33.446,25.849
31.977,26.593
32.262,25.802
31.230,26.393
33.175,26.112
34.821,25.948
35.165,26.043
35.613,26.173
33.384,26.181
34.183,25.766
34.095,25.984
35.061,26.152
33.851,26.068
36.315,25.585
36.519,25.913
33.283,26.044
34.158,25.811
32.338,26.017
32.654,25.702
35.508,26.098
36.882,25.705
33.319,26.841
33.317,26.449
35.153,25.992
32.481,25.512
30.631,25.453
30.119,25.071
30.505,25.186
30.298,25.168
31.410,25.009
32.589,24.796
32.661,24.952
28.837,23.934
26.934,22.429
31.835,22.136
33.604,23.647
33.218,24.014
34.016,23.815
34.085,23.003
34.157,22.960
36.249,23.107
35.481,22.939
35.649,23.700
36.091,25.053
35.484,24.556
34.603,23.909
31.133,24.053
30.858,23.908
26.436,21.344
32.494,18.641
34.448,19.620
34.834,21.711
33.508,20.913
33.751,21.690
27.490,22.005
30.419,22.614
30.512,24.263
29.236,23.154
31.765,22.888
32.577,23.250
31.210,23.243
25.537,21.583
30.961,21.412
31.491,20.533
33.108,20.535
32.528,19.198
31.903,17.008
31.459,18.080
30.796,18.111
31.381,15.306
30.875,15.350
29.773,19.974
22.229,17.346
30.750,15.748
30.585,16.590
31.104,17.171
31.551,15.502
31.349,17.753
32.522,16.987
34.368,19.613
33.522,20.312
32.758,20.869
30.599,20.265
31.978,19.315
31.722,19.326
32.372,18.489
31.946,20.385
33.069,19.582
32.252,19.862
33.208,19.279
31.199,20.605
30.982,18.532
29.631,16.420
29.999,13.971
29.506,13.614
29.107,16.128
30.702,17.557
30.784,20.111
30.618,19.418
29.348,19.363
30.168,17.757
28.067,14.529
26.491,11.940
26.385,9.034
27.492,11.095
28.061,12.532
27.841,12.256
28.034,14.280
22.182,18.533
23.902,18.235
25.353,18.242
28.850,16.393
28.156,16.477
23.879,14.629
24.765,10.423
25.008,11.076
24.854,10.936
25.962,11.966
26.158,12.354
27.039,14.377
26.000,12.474
24.656,10.730
23.839,8.023
23.038,7.519
24.458,7.767
26.005,6.888
24.871,9.267
24.995,7.504
25.545,10.171
25.542,11.190
26.411,11.539
26.791,11.204
28.372,13.194
23.134,13.978
21.231,9.728
21.250,7.784
21.789,9.724
19.251,9.598
21.592,7.905
21.096,9.312
20.446,11.131
20.231,10.195
20.874,9.380
20.855,7.810
19.921,6.713
21.229,6.126
23.556,6.414
25.433,10.404
21.807,12.187
20.452,7.859
21.754,5.817
22.904,4.830
22.666,5.971
21.712,5.968
22.989,5.663
24.130,7.464
25.774,9.052
25.607,9.408
25.919,12.124
25.820,11.489
25.177,7.149
26.747,7.399
27.481,14.594
26.227,10.756
25.560,11.017
24.310,8.034
26.744,8.804
27.111,10.451
28.056,9.586
28.032,10.215
29.016,9.939
29.775,10.606
28.869,14.254
27.588,10.316
27.970,10.125
28.135,9.358
29.000,10.626
30.013,11.012
29.368,16.831
32.266,15.074
22.493,12.445
28.078,12.121
28.022,9.677
28.335,8.663
21.619,14.202
28.565,10.559
30.141,12.736
29.747,12.682
25.253,11.463
30.411,12.360
31.053,11.765
30.635,13.696
30.394,11.757
31.886,12.699
34.091,14.980
32.270,17.537
35.325,17.083
35.392,18.922
34.269,16.220
34.648,16.706
34.428,18.380
35.118,18.597
35.136,18.968
33.351,16.739
34.924,14.762
35.528,15.305
34.777,18.083
36.141,16.489
38.764,18.552
37.040,19.782
39.326,20.110
40.793,20.835
38.994,19.336
38.595,19.439
38.174,16.632
36.413,18.102
41.176,20.502
39.524,22.305
38.656,19.222
37.175,21.973
36.338,20.907
38.330,21.417
36.390,20.935
38.052,20.284
41.090,20.771
40.089,23.169
35.936,22.971
36.397,20.120
36.174,19.005
39.247,19.370
39.495,21.572
39.697,24.199
40.193,23.530
40.157,24.616
40.914,25.527
39.864,25.604
41.598,23.333
40.257,23.431
43.444,25.302
42.914,26.063
41.162,27.258
43.669,27.426
41.007,25.437
40.988,24.466
40.565,27.231
40.548,22.482
41.101,24.242
38.371,26.270
36.604,25.389
38.901,24.335
38.902,24.488
43.448,26.137
40.375,27.478
44.347,26.868
43.769,27.675
44.227,25.682
38.710,26.152
40.000,26.707
40.995,27.665
42.570,28.005
40.591,26.377
43.814,26.580
43.921,27.379
43.872,28.568
44.380,29.042
47.526,27.290
42.473,29.425
45.923,28.716
45.197,30.626
45.649,31.030
43.091,29.817
37.386,26.025
32.516,25.551
40.951,23.963
43.917,28.145
42.436,29.260
43.557,28.292
41.159,28.499
41.387,29.662
42.128,29.182
42.083,28.891
39.665,29.297
40.932,28.012
42.118,27.929
43.245,28.497
44.124,29.110
43.802,31.168
43.285,29.770
45.813,30.272
43.933,30.893
43.745,30.479
43.487,30.415
43.847,29.523
42.795,28.780
43.022,31.592
39.430,29.382
40.324,28.210
37.914,28.976
31.602,25.737
36.299,25.658
30.719,25.163
28.591,24.990
26.673,25.130
30.224,25.912
35.382,26.228
37.205,26.706
37.972,27.682
37.804,29.103
33.275,27.790
31.603,26.703
31.318,26.379
32.180,25.600
32.149,25.087
29.197,25.915
30.393,25.072
32.494,25.868
31.067,25.519
27.972,25.557
31.171,25.478
32.735,24.832
30.831,24.884
32.344,25.473
33.840,26.267
35.052,26.583
36.276,26.905
34.527,27.368
33.461,26.581
33.098,26.513
29.570,26.378
31.510,25.936
32.485,25.911
32.626,26.589
29.946,26.006
28.901,25.964
29.996,25.616
29.347,25.521
30.914,24.843
31.616,24.949
33.697,25.263
35.919,25.511
35.398,26.470
29.666,25.470
29.825,24.760
30.847,25.773
33.048,26.561
34.302,27.173
30.008,26.951
31.480,26.496
29.651,26.170
31.711,26.428
29.856,25.712
28.186,25.032
29.469,24.195
27.079,24.795
28.191,24.719
31.088,25.311
29.392,24.473
27.271,24.755
30.932,24.961
32.191,25.218
28.744,25.084
31.666,25.377
27.103,24.954
29.273,24.708
33.018,24.180
35.302,24.663
29.234,25.742
31.502,25.094
33.042,25.959
31.451,25.702
30.596,24.508
31.113,24.781
31.168,24.696
31.914,24.331
32.744,24.792
32.679,25.585
31.090,24.957
29.631,24.892
30.841,25.113
33.150,24.883
33.353,25.809
32.169,25.035
31.059,25.021
29.122,25.348
30.084,24.638
30.979,25.154
30.873,24.994
32.236,24.113
35.965,25.116
32.386,25.575
30.753,25.034
31.263,24.764
28.305,24.881
27.918,23.708
24.303,22.926
29.059,23.486
31.566,24.279
27.298,23.149
29.140,24.208
27.726,24.841
29.611,24.320
27.670,22.749
28.837,21.855
29.463,22.490
30.345,22.587
30.821,22.752
29.621,23.021
31.537,22.028
29.839,21.644
30.308,21.642
32.437,22.289
31.725,21.683
33.867,22.653
32.527,23.417
32.451,23.021
33.914,23.065
32.925,22.809
32.809,21.511
32.779,21.459
31.503,20.077
31.987,18.694
32.095,18.583
31.201,19.328
31.126,21.444
31.079,21.847
32.542,21.931
25.646,20.409
30.766,19.387
29.983,18.680
31.905,19.789
31.837,17.995
31.070,17.895
30.515,18.561
29.361,16.613
30.291,14.210
28.784,14.473
29.103,14.575
29.742,15.245
29.309,16.088
29.420,17.565
29.055,17.196
30.705,16.764
29.595,17.048
27.946,17.062
28.807,16.414
28.761,15.837
30.197,15.087
28.923,16.775
28.901,15.688
28.767,17.015
28.752,16.602
29.822,16.073
28.252,15.600
27.913,15.491
27.261,16.208
28.078,15.120
27.917,14.035
28.344,14.243
28.695,14.023
28.849,14.502
29.351,13.920
28.060,13.839
27.826,12.833
27.458,13.364
27.311,12.617
26.656,12.950
25.764,11.544
26.950,10.831
28.765,13.612
28.190,14.302
28.922,14.459
28.707,13.769
27.672,12.758
26.485,12.097
26.459,11.393
26.906,10.910
26.442,10.322
25.656,10.650
25.279,14.584
24.269,9.373
22.610,8.399
22.476,6.304
22.664,6.010
21.376,5.389
22.128,5.092
22.600,6.745
22.043,7.169
22.305,6.907
23.513,6.134
24.177,8.135
22.589,8.446
23.385,5.557
24.497,8.548
25.529,8.347
26.453,8.219
26.212,8.779
27.063,8.680
27.942,11.750
23.528,14.999
21.514,14.614
22.946,12.682
21.452,11.255
24.584,9.752
25.835,14.304
25.848,14.402
25.795,13.973
25.299,13.936
23.548,8.645
22.336,10.456
21.275,8.514
20.949,7.160
20.919,6.103
21.912,6.968
23.871,6.845
23.916,9.683
24.948,12.014
24.434,13.261
23.693,10.929
22.247,11.193
21.797,7.573
23.263,4.533
23.544,6.793
24.287,6.976
24.809,8.217
24.814,10.818
25.129,8.189
25.078,8.949
24.775,7.117
24.145,6.366
24.165,8.331
23.607,7.692
24.078,7.182
25.287,7.267
28.094,8.025
28.883,11.914
29.744,12.661
32.617,15.474
24.112,12.547
23.200,7.531
23.605,6.196
24.701,5.885
28.680,8.929
30.661,14.622
30.798,15.099
30.731,17.604
28.527,14.889
28.604,12.794
28.195,11.940
27.685,11.819
30.053,12.040
32.225,12.275
33.008,16.572
34.148,16.434
33.797,17.126
32.183,16.065
30.678,12.147
32.192,13.619
31.550,12.029
31.744,10.600
31.619,10.513
32.728,10.884
33.351,12.280
34.203,16.767
36.606,17.391
35.137,16.916
34.151,14.289
33.865,14.935
33.272,14.670
33.851,12.547
36.280,14.482
30.506,17.873
32.029,14.831
33.055,16.025
32.560,14.409
34.761,15.168
35.805,18.548
36.396,20.182
38.781,18.865
39.579,19.395
37.681,20.840
37.234,18.259
38.434,15.940
38.757,17.044
40.778,19.483
40.370,20.150
41.363,20.422
39.780,19.742
38.223,19.335
41.635,21.332
41.846,22.558
41.276,23.420
42.109,25.703
43.423,26.165
39.857,24.103
36.734,22.947
40.005,22.774
38.611,22.381
37.609,22.043
38.089,22.889
33.162,22.153
38.582,21.036
39.968,22.821
40.581,23.940
40.920,23.137
40.422,22.946
41.729,21.257
42.572,23.567
42.504,24.426
42.642,25.156
42.383,26.272
41.626,25.836
41.699,26.435
43.342,24.888
42.554,24.386
42.073,26.269
42.221,25.860
41.921,27.788
42.206,23.986
42.273,26.039
41.385,25.931
39.768,25.515
43.093,24.279
44.223,24.668
38.178,25.026
44.854,24.994
46.622,26.869
43.852,28.542
42.287,29.231
42.966,28.303
47.172,28.927
44.189,27.738
43.747,29.105
45.038,28.020
44.614,27.417
43.949,24.954
45.541,27.979
46.684,27.012
46.039,29.463
47.792,31.083
48.770,29.578
46.302,29.791
46.836,28.176
46.668,27.598
48.453,28.891
47.249,29.980
44.854,31.424
45.367,31.711
49.520,31.477
47.399,31.570
46.533,32.406
47.805,31.442
48.043,31.950
47.047,30.810
47.134,28.682
46.263,29.817
45.389,30.838
43.926,30.500
42.798,29.716
44.972,29.607
46.046,30.653
49.096,31.409
46.867,32.286
49.967,32.922
47.465,32.573
47.609,32.006
44.927,31.346
40.312,28.892
35.585,27.213
37.813,28.334
39.932,28.917
37.055,27.961
32.097,26.682
32.623,26.121
38.572,26.262
38.136,25.920
41.492,27.202
43.251,28.215
40.724,28.283
45.379,27.775
44.078,29.759
41.471,30.900
37.506,28.888
36.325,27.755
31.818,27.502
29.485,25.777
31.670,26.361
32.424,26.260
32.593,26.490
31.035,26.000
32.555,25.961
35.562,26.759
31.376,25.905
33.558,25.619
33.793,27.391
34.701,27.297
31.720,27.059
32.839,25.728
35.484,26.727
34.911,26.766
29.861,25.244
30.782,25.501
32.399,25.731
31.596,25.975
30.440,26.434
31.812,25.849
33.067,24.902
33.202,24.772
30.746,26.504
29.971,26.081
30.862,25.065
30.236,25.077
30.243,25.644
34.476,25.041
32.685,25.874
32.684,25.515
30.266,25.921
31.933,25.711
33.102,25.748
31.479,25.617
31.935,25.712
34.342,24.832
29.861,26.327
32.280,25.142
31.518,25.421
32.879,24.978
33.263,24.847
33.426,24.744
32.839,24.397
34.670,25.207
34.303,25.596
32.967,26.478
33.981,25.840
33.199,24.831
31.794,24.768
32.296,23.872
36.175,24.252
34.805,25.254
34.073,25.249
34.258,26.276
35.276,25.189
35.599,25.277
36.596,24.860
38.492,24.764
36.311,25.841
35.970,25.668
31.593,25.090
28.865,25.403
29.379,24.989
31.720,24.758
34.191,23.700
28.482,22.611
30.583,24.750
32.183,24.819
35.427,23.935
34.547,24.599
32.415,24.722
33.870,23.613
30.223,23.827
25.697,23.719
31.463,23.382
32.006,24.417
32.893,23.738
33.022,23.943
32.977,24.054
30.944,22.315
31.693,20.799
31.380,19.966
31.845,20.771
32.172,21.115
31.853,21.528
32.488,21.186
33.356,21.127
35.646,21.955
36.635,22.765
34.808,22.797
33.543,23.957
33.727,22.868
33.524,19.758
34.056,20.353
33.036,19.717
27.937,21.795
26.670,20.014
30.875,20.796
31.767,17.839
33.008,16.895
32.680,15.716
31.821,14.674
30.930,14.147
31.101,14.348
30.943,15.014
31.210,14.804
32.019,14.069
30.861,13.349
31.234,17.689
30.338,14.289
30.450,13.734
31.573,15.855
31.785,14.334
30.127,14.054
29.881,13.781
30.506,13.398
31.056,13.351
31.343,13.275
30.626,12.195
30.235,13.260
22.628,15.002
27.767,13.593
24.595,17.468
27.070,17.743
29.247,17.452
30.078,14.874
29.522,15.400
28.599,12.923
28.738,12.366
29.372,13.397
28.946,13.717
28.865,12.854
27.974,12.157
27.999,10.431
29.181,12.931
29.167,12.471
29.336,13.850
28.162,13.022
28.437,11.264
28.047,11.999
28.086,11.065
28.598,10.348
28.005,13.108
27.609,10.198
27.029,12.273
25.962,10.440
26.389,8.909
27.446,10.995
26.860,9.502
25.958,10.643
26.772,10.040
27.193,11.724
26.599,10.512
26.729,11.011
26.931,11.183
26.548,10.363
27.290,9.169
27.905,7.570
29.334,12.210
26.428,12.233
26.111,10.240
27.206,10.429
26.351,11.140
26.411,9.494
27.634,13.867
25.544,12.520
25.266,10.886
24.187,10.023
22.492,4.046
22.085,4.753
21.728,4.079
23.106,8.260
22.482,7.511
22.072,5.211
21.772,5.052
22.684,6.879
23.527,4.808
22.832,3.303
25.220,8.025
25.494,7.569
26.330,8.263
24.987,13.009
22.917,7.729
22.622,4.798
22.439,4.999
21.072,6.900
18.825,4.043
19.193,1.637
21.416,3.058
21.310,4.133
22.089,3.123
24.132,5.192
25.358,5.692
24.881,6.041
26.577,7.304
28.295,8.281
29.524,10.039
28.368,10.175
25.531,10.276
24.298,6.778
24.632,4.103
24.016,4.091
23.710,5.928
23.047,5.564
23.433,5.202
24.418,5.319
24.782,4.897
25.171,6.708
26.392,5.940
26.998,7.635
27.007,11.284
27.416,6.548
28.064,8.706
29.137,8.162
30.815,10.066
33.012,13.709
28.089,15.428
29.137,13.426
26.999,9.135
28.169,6.440
28.911,8.768
29.772,7.942
31.558,10.885
32.051,13.027
28.374,14.160
22.719,12.650
24.145,14.303
25.023,11.014
24.829,10.630
27.067,9.306
28.503,11.599
28.773,10.767
32.161,11.256
31.691,15.707
31.181,14.980
30.885,14.179
32.130,12.906
35.212,17.473
31.110,15.433
30.405,13.208
32.543,13.948
32.934,14.784
33.998,15.374
34.465,14.426
33.704,13.061
34.087,13.777
34.115,16.355
33.883,13.628
36.389,16.412
35.151,15.821
35.741,16.075
37.811,18.197
37.753,17.711
37.639,20.354
34.760,19.329
34.999,18.979
36.578,17.690
37.111,19.540
37.723,19.273
38.231,19.006
38.442,20.065
39.197,20.421
38.578,21.974
37.843,22.075
38.487,20.909
39.057,21.117
39.605,24.289
38.842,22.865
37.825,21.966
38.656,18.839
40.139,18.636
40.411,21.072
39.440,25.009
38.744,22.580
38.791,21.478
40.049,19.672
40.998,19.595
42.501,20.751
44.190,21.091
42.337,22.439
44.170,24.539
43.560,24.211
42.295,26.427
39.978,23.007
40.958,24.317
39.525,24.483
43.998,24.088
42.691,25.646
36.194,24.261
29.839,22.292
31.413,20.496
35.342,20.645
37.038,21.329
41.774,23.061
40.827,24.830
42.355,25.452
42.258,24.786
42.106,24.849
43.832,25.666
44.427,26.174
45.195,28.180
43.954,24.940
46.066,24.811
42.025,27.946
40.669,24.698
41.185,23.824
41.880,26.024
44.365,27.039
44.272,26.972
44.655,26.835
44.211,28.569
42.121,27.702
42.094,25.000
46.279,24.586
43.629,28.728
44.931,26.943
46.284,27.044
44.878,28.591
43.616,28.755
43.157,28.319
47.240,28.043
45.299,30.008
43.761,28.979
44.434,29.474
43.901,30.336
43.339,30.564
45.283,29.421
34.374,28.909
29.423,21.307
23.812,21.595
32.035,22.142
36.703,25.029
42.455,25.466
43.851,28.077
42.648,29.714
42.152,29.863
41.703,29.657
44.332,28.611
42.366,29.748
45.002,30.817
40.320,30.530
40.888,30.133
36.833,27.785
32.481,27.700
31.077,26.850
32.146,26.618
38.490,26.780
36.971,28.450
40.713,27.323
40.042,29.447
39.791,28.242
41.176,29.204
40.307,30.520
35.502,28.976
31.951,27.486
31.942,27.128
35.475,26.431
36.945,27.283
30.819,26.207
30.974,25.526
33.479,25.138
34.066,26.164
35.364,27.172
37.526,26.930
34.992,27.350
36.535,27.857
38.632,27.830
40.621,27.326
39.242,28.557
36.895,28.682
33.742,27.952
33.424,26.403
33.834,26.376
34.659,27.013
36.303,26.949
36.838,27.996
34.642,27.673
36.474,27.245
34.117,27.379
31.066,26.872
31.186,26.256
32.927,26.504
33.253,27.000
31.566,26.576
33.993,26.511
29.715,26.056
30.397,25.308
32.773,24.739
33.073,25.120
33.844,26.024
30.998,26.373
30.857,25.439
31.481,25.606
36.046,25.538
31.923,25.986
36.277,25.927
32.344,25.864
32.765,25.881
31.866,25.662
30.922,25.708
31.526,25.917
32.793,25.679
32.184,25.004
33.171,25.650
34.541,25.032
37.005,26.433
33.776,26.736
33.574,26.203
31.538,25.646
31.937,25.023
28.832,25.102
26.929,24.974
31.694,25.282
33.352,25.421
35.933,24.513
35.602,26.106
34.274,25.753
33.090,25.669
25.717,23.464
31.199,22.708
32.699,23.956
34.508,24.824
34.609,24.977
32.055,25.653
33.444,25.000
34.258,24.926
34.709,24.512
35.365,24.948
34.525,23.570
36.150,22.877
35.285,23.319
36.011,23.603
34.283,24.150
35.174,24.017
36.565,24.549
36.979,24.709
36.674,24.820
37.997,24.302
35.928,23.732
35.056,24.769
30.059,24.779
29.710,25.303
32.558,24.490
34.315,23.731
34.218,23.491
35.983,24.144
32.982,25.321
32.359,24.957
32.810,24.533
30.587,25.515
29.416,23.989
25.424,22.165
24.555,22.704
26.439,22.546
30.828,21.950
29.552,24.697
30.154,24.624
29.117,23.460
28.182,22.286
30.231,22.000
30.388,22.980
31.510,22.707
31.360,21.235
30.096,21.996
25.373,23.198
26.644,23.317
24.613,22.774
28.270,21.835
29.172,21.220
29.675,21.234
31.645,20.318
29.281,20.595
29.562,19.778
30.288,18.112
29.564,19.293
29.014,19.724
28.192,21.317
26.735,20.755
28.144,18.358
29.180,18.832
29.075,17.888
29.423,15.924
29.519,15.861
30.511,17.025
29.979,18.460
29.662,19.244
28.906,17.534
28.293,14.171
27.153,13.463
27.778,14.479
28.720,14.174
27.647,14.163
27.427,15.730
26.668,15.059
26.382,13.689
25.549,13.077
25.975,12.525
26.758,13.178
26.883,13.395
26.837,14.154
27.266,14.463
26.379,12.693
26.445,11.950
25.946,10.684
26.655,10.833
26.262,11.745
26.342,10.937
26.313,12.368
26.330,12.911
27.672,11.983
27.708,13.584
27.262,14.785
27.257,15.346
26.691,12.355
25.980,10.350
26.466,9.466
26.488,11.994
25.272,10.346
25.487,10.061
25.852,10.828
26.060,10.442
26.213,10.884
25.905,10.978
25.530,11.890
25.024,11.096
25.694,10.470
24.234,9.629
25.223,8.750
25.676,9.481
25.149,11.730
24.702,10.109
24.627,10.435
25.522,12.614
26.022,13.296
27.985,13.305
27.099,12.633
24.918,13.573
23.025,10.695
22.794,9.324
23.005,8.301
25.410,9.378
25.250,10.763
24.988,8.441
24.517,8.696
25.527,11.246
25.699,13.572
21.840,10.064
21.660,7.228
25.291,8.995
24.826,11.122
22.528,8.873
21.262,4.513
22.393,3.854
22.229,7.223
21.992,11.253
18.519,10.383
21.933,8.060
22.286,8.910
22.411,6.661
23.142,8.017
24.611,7.033
26.473,10.416
23.233,11.153
21.954,8.940
24.125,5.778
24.244,6.989
24.298,10.044
25.758,13.530
24.618,12.604
22.981,9.795
22.614,7.459
23.793,8.311
24.096,6.430
23.987,8.045
24.255,7.701
23.991,7.912
23.964,8.603
24.895,7.257
27.347,10.311
28.547,9.273
28.399,12.306
28.933,12.432
30.358,12.820
28.061,14.302
26.311,11.807
26.449,8.422
26.537,10.839
26.703,6.789
25.549,11.336
25.521,14.279
22.071,13.827
22.837,11.366
24.132,9.637
24.869,8.049
26.599,7.992
29.041,9.570
28.504,12.151
25.479,13.772
28.697,15.107
28.332,13.394
30.294,12.625
25.892,14.955
25.828,16.803
23.895,16.929
28.353,16.790
28.016,15.662
26.686,12.925
27.746,13.377
28.521,14.528
29.578,14.439
29.571,14.332
29.172,13.768
30.869,13.088
32.538,15.037
33.041,16.314
32.972,17.982
32.216,18.022
32.920,15.324
33.852,15.546
34.004,17.056
37.298,18.047
36.112,19.144
33.678,18.722
33.540,15.879
37.169,17.605
35.266,19.287
35.961,19.517
37.472,21.061
37.618,20.055
39.424,19.844
39.869,23.582
40.715,23.731
40.215,24.884
38.381,24.473
38.417,22.106
38.946,20.761
39.860,22.061
36.711,20.049
38.114,19.526
39.995,22.685
40.652,23.784
41.636,23.924
39.319,21.829
39.091,18.744
39.336,18.026
40.588,21.874
41.044,21.799
39.580,23.488
40.832,22.014
41.558,22.883
41.997,23.373
42.427,23.026
41.575,27.012
40.819,25.068
40.779,24.306
42.147,23.656
42.728,24.792
42.108,25.883
42.752,23.695
43.490,23.050
44.382,25.295
43.349,25.564
44.372,25.516
44.908,25.531
47.679,27.914
42.766,27.555
45.990,27.932
41.339,27.928
44.613,27.557
44.133,27.037
42.353,28.380
42.613,25.777
45.200,25.755
44.226,31.768
45.250,27.696
43.703,28.989
43.437,26.643
43.534,29.259
42.246,29.577
42.554,26.955
44.372,28.765
44.670,27.314
44.691,25.018
45.355,27.298
44.987,26.037
44.112,27.079
46.192,27.762
44.117,30.516
41.365,30.312
33.644,25.242
27.757,22.518
23.997,21.450
36.734,22.228
38.074,24.972
39.914,25.879
38.797,26.386
38.679,27.944
42.085,27.772
42.851,29.192
46.764,29.112
44.738,30.596
46.503,31.021
45.009,31.527
46.176,30.250
49.658,31.958
45.988,31.613
45.709,30.346
44.769,28.573
43.895,27.610
43.121,30.338
43.528,32.459
46.309,30.165
39.854,30.446
39.871,29.265
38.935,29.326
38.850,27.977
40.138,27.597
42.229,28.462
41.799,28.859
41.579,29.533
42.400,29.545
40.720,30.123
39.317,29.177
41.317,30.253
38.284,29.677
37.322,27.646
30.366,25.436
27.043,24.678
26.087,25.087
27.213,24.585
32.225,26.065
34.206,26.485
35.719,27.145
37.310,27.423
37.229,27.631
34.122,28.785
35.878,28.078
33.227,28.058
32.983,27.146
30.397,26.471
28.272,26.492
32.020,26.091
29.744,27.121
31.997,26.263
31.634,26.501
28.222,26.209
29.359,25.662
33.207,24.759
30.477,24.454
31.877,25.636
32.845,26.740
33.007,27.117
32.045,26.530
32.921,25.995
33.543,26.219
33.326,26.690
