20000101
1.757
1.900
2.717
2.714
2.294
3.135
3.044
1.879
1.419
1.276
1.276
1.410
1.766
2.694
1.592
2.730
4.024
3.109
3.163
3.518
1.659
2.844
2.140
1.968
1.950
1.081
1.926
1.880
3.358
2.193
2.576
5.301
4.756
2.560
2.394
4.712
3.209
1.900
1.784
1.960
1.638
3.875
2.494
1.876
3.155
3.032
2.027
2.406
2.917
1.989
2.300
1.891
2.548
2.604
3.659
3.497
3.593
2.681
2.835
2.375
3.000
3.519
2.577
2.576
2.167
2.470
1.834
3.459
4.625
4.088
2.349
3.493
3.372
3.693
3.258
3.948
3.310
1.908
2.655
3.116
2.067
2.570
3.008
2.375
2.533
1.727
1.572
2.378
1.554
2.147
3.219
3.429
4.791
4.030
3.605
3.464
3.143
2.895
3.743
2.671
3.671
2.169
2.257
2.728
2.780
3.890
2.785
2.906
2.941
3.029
2.798
2.586
3.070
2.994
4.745
4.651
4.713
4.145
3.495
3.434
3.118
2.930
3.610
5.004
3.867
3.019
3.361
1.895
2.176
1.671
1.716
1.531
1.584
2.453
2.604
2.684
1.838
2.537
2.588
2.634
3.477
3.430
2.785
2.819
2.343
2.763
3.380
3.404
3.975
4.702
4.415
3.207
2.409
2.486
2.634
2.775
3.261
6.561
5.773
2.263
1.925
1.930
2.801
2.181
2.013
1.929
1.692
1.368
1.851
2.951
3.955
3.399
2.856
2.626
2.429
2.553
3.285
2.676
1.782
2.196
3.298
3.632
2.936
2.136
1.959
1.545
1.256
2.298
1.728
2.085
1.727
1.774
4.095
4.767
4.755
2.672
0.964
1.410
2.818
4.043
4.990
3.448
1.641
3.302
2.654
1.998
1.722
2.561
2.790
2.582
2.368
1.533
1.515
3.393
3.728
4.074
3.634
2.953
1.961
1.139
1.503
2.396
3.756
3.866
2.895
2.180
1.515
1.684
2.488
1.447
2.627
3.215
2.811
3.247
3.182
3.133
2.753
2.600
2.376
2.328
2.007
2.210
1.462
2.322
2.269
3.976
3.918
3.493
1.892
1.445
1.929
1.565
1.297
3.273
2.701
2.336
1.911
1.867
2.488
1.697
1.865
2.470
2.879
2.948
2.732
1.676
1.206
1.532
1.614
1.565
1.765
1.616
1.267
1.295
1.242
1.337
0.961
1.169
1.141
1.387
1.544
1.643
1.594
1.462
1.649
2.016
2.934
2.343
1.023
1.336
1.666
1.558
1.468
1.694
0.821
1.475
1.512
1.180
1.579
1.719
2.158
3.646
2.348
1.422
1.252
1.408
1.112
1.667
1.760
1.815
1.722
1.666
1.518
1.871
2.073
1.693
1.740
1.177
1.239
1.761
1.535
1.439
1.734
2.000
1.571
1.985
1.381
1.724
1.903
2.380
2.145
1.301
1.617
2.646
2.088
2.895
2.733
2.009
2.979
2.176
2.197
1.602
2.001
2.482
2.330
1.912
1.797
1.978
1.829
1.681
1.094
1.172
2.967
3.536
2.537
2.199
1.774
2.111
1.665
1.412
1.652
1.595
1.383
2.007
1.648
2.371
2.334
2.301
3.031
3.838
3.767
1.806
1.896
1.710
3.166
2.838
2.712
1.719
2.528
3.078
1.638
2.322
2.205
2.845
2.334
1.994
2.089
1.999
3.755
5.621
3.852
3.195
3.398
2.576
1.798
1.919
1.895
3.536
5.113
3.735
2.293
1.712
3.575
4.050
4.534
3.620
2.715
3.371
2.426
2.197
1.472
2.664
2.301
1.763
2.197
3.486
3.363
2.540
3.096
3.020
1.926
2.513
2.596
3.198
2.271
2.293
3.333
3.116
2.587
3.042
3.810
2.181
2.152
2.268
2.274
2.358
2.083
1.976
2.109
2.191
3.302
3.877
3.009
2.040
1.904
2.271
2.756
1.910
3.964
4.151
3.605
3.347
2.210
2.271
1.686
3.143
2.451
2.658
1.943
2.202
2.903
2.056
2.279
2.767
3.685
1.795
2.343
2.824
4.684
1.760
1.615
2.721
2.355
1.929
2.873
3.732
4.422
3.397
2.760
2.060
2.052
2.342
2.795
3.258
3.404
3.313
4.785
3.747
4.083
3.053
2.482
5.050
3.755
3.568
4.085
3.834
4.389
3.441
2.445
2.608
3.252
3.021
2.813
2.713
2.975
2.081
1.595
3.024
2.404
2.405
3.834
3.637
2.454
2.244
2.497
2.673
2.723
1.786
1.591
2.364
2.056
1.921
2.077
2.541
1.917
2.473
2.546
3.011
3.575
5.002
5.734
3.692
1.892
2.392
2.276
1.204
1.995
2.566
1.531
1.883
3.005
2.627
2.543
2.652
2.322
2.662
4.289
2.881
0.600
1.282
1.058
1.302
1.498
2.711
3.483
4.246
4.073
3.765
3.501
1.993
2.065
1.518
3.042
1.630
2.034
3.230
2.550
2.595
3.647
3.972
2.927
2.319
1.311
1.587
2.907
3.278
2.753
3.139
2.692
2.109
2.356
2.952
2.518
2.495
2.106
2.129
2.631
2.948
3.407
2.172
1.726
3.299
3.332
2.018
1.034
1.233
2.215
2.270
1.895
1.515
1.665
1.136
2.354
2.105
2.334
1.877
1.929
1.488
2.782
3.908
2.752
1.613
2.539
1.974
2.123
1.932
1.942
1.794
1.367
1.875
1.645
1.039
1.213
1.261
1.513
1.105
1.586
1.381
1.124
1.436
0.960
1.172
1.608
1.140
1.419
1.294
1.530
2.059
3.263
3.695
2.587
2.260
2.578
2.822
1.866
1.090
1.391
1.237
0.852
1.332
1.244
1.021
1.601
1.667
1.278
1.499
1.634
1.468
1.122
1.137
1.337
1.313
1.506
1.737
1.180
1.565
1.672
1.489
1.272
1.708
1.827
1.594
1.172
1.748
1.217
1.418
2.265
1.770
1.543
1.593
1.695
1.841
1.472
1.271
1.134
1.602
1.667
1.846
1.364
1.107
1.346
1.493
1.882
1.545
1.711
1.603
1.578
1.267
1.534
2.504
2.737
3.044
2.204
2.359
2.282
1.717
1.421
1.655
1.471
1.206
1.242
1.492
1.637
1.361
1.421
2.487
1.549
1.868
2.280
2.723
2.266
1.783
1.369
1.783
1.138
1.288
1.749
1.811
1.771
2.177
2.860
1.737
2.141
1.591
1.481
1.301
1.034
1.426
1.702
1.761
2.036
3.025
1.985
1.781
1.236
1.546
2.702
2.319
3.907
3.145
2.807
1.883
1.415
2.270
4.302
3.434
2.032
2.422
2.723
2.051
2.696
2.183
1.991
3.099
4.198
2.924
1.574
1.936
2.461
1.920
2.504
2.949
2.281
3.337
3.884
3.410
3.259
2.370
1.967
3.182
4.312
3.361
2.356
2.389
1.397
2.365
2.568
3.436
4.045
2.720
1.548
2.372
3.788
3.263
3.279
3.436
2.116
1.852
1.595
2.252
3.159
3.817
3.872
4.178
4.264
3.579
2.242
2.070
1.394
1.536
1.794
2.091
3.023
2.871
2.303
2.968
2.558
2.014
2.573
2.709
2.548
3.139
4.443
4.452
2.972
2.544
2.435
2.776
3.086
3.651
3.175
2.236
2.704
2.741
2.626
2.528
2.713
2.714
2.790
3.210
2.186
2.388
2.953
4.017
4.961
3.328
3.100
2.946
3.187
5.021
3.656
3.918
4.726
4.536
4.114
4.034
4.469
4.172
3.233
2.947
4.240
3.783
3.552
3.475
3.603
3.827
3.112
2.510
3.222
4.119
3.926
4.139
2.799
3.894
3.865
3.968
2.862
3.531
3.293
3.413
2.493
1.761
2.608
2.816
2.389
2.459
2.605
2.072
3.343
3.005
3.274
3.352
2.476
2.180
2.183
3.169
2.412
3.248
3.102
2.518
2.509
2.381
2.872
3.146
4.529
4.067
3.321
3.007
2.424
1.826
2.055
3.083
1.393
1.188
2.227
3.099
2.241
1.244
3.226
3.999
3.916
3.050
4.107
3.865
2.752
2.203
2.682
1.432
2.596
3.313
2.650
1.521
2.520
3.720
3.786
4.031
3.332
3.753
2.167
2.433
1.718
2.453
2.260
2.955
2.864
2.390
1.597
2.100
2.438
2.083
2.371
1.797
2.821
2.227
3.652
1.708
2.496
3.160
3.020
3.324
3.081
2.063
2.307
3.878
3.854
4.988
4.256
1.706
2.887
2.561
1.607
2.768
3.324
2.857
3.235
3.180
2.673
2.826
2.570
3.111
3.146
2.210
2.535
4.099
5.019
4.262
1.896
1.728
2.547
2.695
1.956
1.942
1.806
2.027
1.668
2.175
2.581
2.723
2.229
1.483
1.348
0.898
1.738
1.981
1.260
2.027
2.029
1.152
1.054
0.916
1.178
1.887
1.951
1.296
1.719
1.907
2.431
2.326
1.118
1.348
2.166
2.296
1.298
2.063
2.056
2.081
1.316
1.471
2.121
1.763
2.531
2.518
2.020
1.311
1.487
1.277
1.521
1.735
0.920
0.978
1.064
1.016
1.164
1.275
1.270
1.003
2.291
2.625
3.841
2.450
2.161
2.239
2.134
2.341
2.302
1.468
1.831
1.348
1.250
1.466
2.382
2.989
2.515
2.659
2.221
2.553
2.500
1.462
1.430
1.366
2.028
3.153
2.731
2.874
2.867
1.633
0.992
1.226
1.278
0.986
1.370
1.975
2.056
1.919
2.017
3.301
2.653
1.452
1.962
1.831
1.589
2.925
3.377
2.103
1.345
2.921
2.603
1.538
1.742
3.742
4.017
2.133
2.127
3.212
1.600
2.023
2.509
2.810
2.578
2.692
2.265
1.704
1.522
1.433
1.937
2.699
2.880
3.180
2.140
2.149
1.294
2.287
2.502
1.806
2.280
2.162
2.985
5.475
2.485
3.035
3.627
2.640
2.298
1.483
1.936
1.875
1.787
2.153
2.470
2.674
3.412
2.216
1.651
1.818
2.283
2.877
1.785
4.434
3.016
1.142
1.379
3.226
2.431
2.619
2.138
1.927
2.401
1.852
5.309
5.096
3.879
3.941
3.336
1.605
1.989
2.294
3.652
2.585
2.744
1.986
2.466
2.284
2.233
3.317
2.652
2.848
1.916
1.092
1.608
1.400
1.856
1.948
2.184
1.715
1.807
3.322
4.228
3.203
2.390
3.958
2.567
2.129
3.177
3.208
2.378
2.129
2.286
3.629
3.656
2.052
2.025
2.876
2.772
2.381
2.537
2.892
2.776
3.008
2.361
2.490
2.599
2.622
2.450
2.690
3.012
3.633
2.965
3.691
3.555
3.557
3.284
2.441
2.464
2.590
4.176
3.001
2.716
3.331
3.557
2.446
2.780
3.183
2.584
3.128
2.912
3.033
3.420
3.953
2.909
2.535
3.537
3.721
4.291
3.641
2.362
2.358
1.980
2.461
2.543
2.889
3.115
3.073
3.756
4.113
2.881
3.127
3.829
3.469
3.096
2.267
2.168
2.682
2.405
3.046
3.370
2.387
2.457
2.624
2.880
2.266
3.338
1.433
1.725
2.169
3.406
2.717
3.267
2.221
2.397
2.243
2.458
3.610
2.604
1.732
1.790
2.821
2.202
2.105
1.649
1.837
1.395
3.184
3.428
2.954
2.527
2.289
2.626
2.670
2.802
2.243
1.755
1.746
5.418
5.419
2.862
2.651
3.299
1.665
1.678
3.365
2.358
1.595
1.667
1.586
2.090
2.353
1.509
1.243
1.392
1.077
1.256
1.245
2.133
1.824
0.942
1.370
1.494
1.329
1.233
2.634
5.236
3.076
1.609
1.026
2.097
3.118
4.209
2.992
1.466
2.035
3.957
2.952
3.051
3.363
3.502
3.543
3.708
3.642
3.036
1.255
1.373
2.046
2.654
2.865
2.220
1.971
2.023
1.636
1.634
1.337
1.728
1.493
2.449
2.202
1.407
1.601
1.197
1.264
1.460
2.481
2.174
1.994
1.012
1.224
1.832
3.951
5.119
3.545
2.837
3.022
2.018
2.673
1.961
1.504
0.896
1.113
1.030
1.616
2.021
1.623
1.487
1.801
4.232
4.103
2.229
1.386
1.244
1.319
2.120
1.743
1.789
1.267
1.971
1.678
1.694
2.385
1.739
2.016
2.607
2.426
1.930
1.682
1.556
1.217
1.959
2.860
2.485
2.453
2.204
3.252
2.669
1.504
1.283
1.384
2.701
1.801
1.935
1.647
0.865
1.591
1.990
1.495
2.616
2.385
1.758
1.514
1.609
1.212
1.224
0.924
1.199
0.931
1.269
1.115
1.040
2.226
1.199
1.600
2.087
3.144
3.017
1.756
1.973
3.268
2.743
1.981
1.307
2.882
2.752
1.728
2.220
1.773
1.984
2.127
2.032
1.330
1.817
2.603
3.726
2.759
1.947
1.476
1.699
1.469
1.878
1.755
1.325
0.874
1.072
2.942
1.921
2.271
2.571
2.034
3.229
3.029
2.061
3.093
2.471
1.365
1.128
3.271
2.825
3.870
4.390
2.618
2.151
2.337
2.762
1.878
1.168
1.034
1.487
1.758
1.881
2.119
2.625
1.749
1.278
1.747
1.979
2.424
2.457
3.462
4.137
2.585
1.922
1.573
1.716
2.838
3.853
5.443
4.909
4.087
3.662
4.179
3.570
2.495
2.294
1.500
2.391
2.384
2.083
2.045
2.009
2.341
2.410
1.513
1.346
1.899
3.791
1.584
2.168
3.174
3.640
3.416
2.415
2.506
3.833
3.572
2.962
2.823
2.421
2.176
2.366
2.769
2.670
2.194
2.006
2.835
2.871
2.878
2.664
2.728
3.390
3.051
3.972
3.510
2.199
2.272
3.581
3.477
2.668
2.535
2.518
2.190
2.539
2.254
2.161
2.632
2.575
3.571
1.301
2.551
2.892
2.251
2.345
2.665
2.322
2.520
1.604
3.169
3.361
3.154
3.104
3.854
2.182
2.883
3.384
3.619
3.850
4.041
4.262
3.067
3.756
3.363
2.583
2.551
2.570
2.216
2.804
2.811
3.500
3.243
3.738
3.432
3.544
3.138
2.869
2.644
2.415
2.322
2.428
2.830
3.774
5.964
6.682
5.340
3.112
2.132
2.115
3.006
3.492
3.338
4.006
4.504
3.590
2.605
2.328
3.071
2.239
2.700
1.745
2.258
2.255
2.535
3.042
2.429
1.537
2.941
3.269
3.199
3.162
3.631
2.400
1.629
1.346
2.492
3.083
1.962
3.598
3.606
4.102
2.640
1.874
2.633
3.442
3.017
2.469
2.836
3.713
3.910
3.570
2.118
1.620
2.487
2.644
4.256
4.719
3.555
3.008
4.286
3.660
3.412
2.857
3.478
4.073
3.771
2.537
2.368
2.475
1.137
1.251
1.921
3.904
3.569
2.588
1.145
1.655
2.850
2.639
2.379
2.801
1.995
2.760
2.141
2.091
2.129
2.039
1.170
2.130
1.988
2.539
2.295
2.442
2.290
2.258
2.139
3.850
3.279
3.314
3.688
3.667
3.549
3.241
2.983
1.849
1.616
1.977
1.393
1.143
1.209
2.000
1.631
1.483
1.530
1.839
2.292
2.496
2.141
2.743
2.817
1.746
1.650
1.525
1.083
1.063
1.338
1.677
1.569
2.353
2.038
1.990
1.533
1.457
1.685
1.745
1.669
1.306
1.401
0.811
1.052
1.032
1.195
1.523
2.324
2.215
2.977
2.907
2.356
1.454
1.854
1.968
1.620
1.813
1.761
1.989
2.307
2.826
3.119
2.673
2.114
1.572
1.306
2.106
1.389
1.014
1.429
0.985
1.081
1.885
1.621
1.562
2.291
2.017
1.373
1.437
1.906
1.636
2.842
2.254
2.077
0.958
1.375
1.868
1.171
1.025
1.160
1.567
2.288
2.765
1.960
0.799
1.185
1.349
2.004
1.924
1.767
2.053
1.491
2.472
4.382
2.556
2.029
2.360
2.665
1.572
1.531
1.567
2.487
3.229
2.728
2.315
3.148
2.838
3.246
2.693
3.683
2.347
2.199
2.826
2.425
1.408
2.009
3.450
3.405
3.377
1.509
1.883
3.343
1.714
1.974
3.008
2.056
2.440
1.631
1.777
2.561
1.632
4.067
2.917
1.907
1.929
1.959
2.579
2.108
2.662
2.721
2.947
3.363
6.385
6.951
4.766
2.910
1.544
2.309
2.330
2.211
3.048
2.171
2.460
2.987
4.233
4.607
3.489
3.540
4.305
4.238
4.037
3.756
2.723
3.484
2.810
3.260
3.066
3.356
2.986
1.464
1.651
1.630
1.135
1.979
2.148
2.620
2.340
2.829
3.119
2.397
2.083
2.926
3.239
3.266
2.800
3.612
2.759
1.930
3.035
2.009
1.884
2.615
2.382
2.289
2.679
2.672
2.561
2.346
2.531
2.885
3.455
3.064
2.771
2.796
2.098
2.996
2.115
2.178
2.210
2.750
2.287
2.572
2.180
3.218
3.111
4.216
3.512
2.878
2.872
2.069
1.705
1.678
2.140
2.164
2.009
2.729
3.879
2.859
3.707
3.072
2.747
3.281
2.490
2.410
2.686
3.053
3.786
2.479
4.945
3.797
4.129
3.929
3.691
3.139
2.890
2.730
2.152
2.203
2.702
2.591
4.090
4.244
3.580
2.778
3.553
2.470
2.444
2.692
2.213
2.258
2.328
3.242
2.311
2.900
3.754
2.929
2.830
3.049
2.564
2.875
2.480
3.326
1.896
2.238
1.313
1.846
2.636
4.304
5.874
5.414
2.326
1.963
2.049
2.865
2.735
2.022
2.293
2.870
2.261
3.175
2.839
2.362
3.348
2.656
2.277
1.491
1.207
1.530
1.820
2.461
2.141
1.226
1.286
2.342
2.584
4.238
3.946
2.654
2.266
2.715
4.290
3.424
1.759
1.437
2.969
2.854
1.170
2.754
2.886
2.744
3.149
2.974
2.214
1.806
1.609
2.082
2.217
1.526
1.305
2.078
1.997
1.456
1.142
1.568
2.407
2.686
2.135
1.286
1.940
1.332
1.921
1.603
1.763
1.507
1.702
2.041
1.612
1.711
2.396
1.787
1.744
2.274
3.283
3.982
6.314
5.704
2.355
1.841
2.100
1.835
1.849
2.550
3.294
1.957
1.423
1.470
1.349
2.717
2.247
2.291
2.119
1.791
0.942
2.014
2.453
1.978
1.553
1.330
1.466
0.947
1.238
1.424
1.305
1.406
2.084
1.340
1.369
1.496
1.798
2.021
3.983
4.770
3.336
1.081
1.754
0.783
1.133
1.205
0.974
1.773
1.478
1.484
1.522
2.353
2.019
1.529
1.901
2.772
2.564
1.751
1.244
1.980
2.262
1.708
2.489
3.402
2.436
2.942
2.672
3.143
2.544
1.611
1.363
0.951
2.007
2.229
1.799
1.448
1.355
1.578
2.036
2.184
2.625
2.122
2.232
3.014
4.180
3.321
2.177
2.055
1.913
1.721
2.202
2.736
2.943
3.453
3.088
2.367
2.013
1.802
2.106
1.685
0.990
1.568
1.412
1.281
2.406
3.600
3.089
1.934
1.137
1.679
1.366
1.779
1.979
1.851
1.742
3.761
4.766
3.601
3.218
4.069
3.276
2.416
3.107
2.785
1.933
2.694
1.325
2.490
1.652
2.933
4.324
5.654
4.818
4.353
2.254
3.036
2.692
2.770
2.628
2.256
2.410
1.987
1.275
1.782
1.587
2.850
4.015
2.704
1.582
1.439
1.089
1.255
1.737
1.965
1.609
1.448
2.770
2.412
3.232
3.727
2.596
3.228
0.986
3.115
3.931
3.334
4.126
4.497
4.674
5.058
4.879
3.702
3.449
2.954
2.362
2.350
2.657
2.562
2.189
2.012
4.152
2.267
2.141
2.581
1.210
2.414
3.294
3.790
3.412
2.869
2.386
3.368
4.179
3.953
3.821
2.907
2.734
3.650
2.970
3.184
2.275
1.784
2.259
2.031
2.425
2.280
2.726
2.867
3.518
3.866
3.653
3.510
2.540
2.987
2.483
2.578
3.313
2.984
3.700
3.439
2.982
2.492
2.639
2.746
2.715
3.040
3.319
3.445
2.529
3.512
2.911
1.952
2.650
2.414
2.472
2.488
2.716
2.448
4.278
4.149
3.720
3.665
3.065
2.918
4.730
3.815
3.810
2.726
1.926
1.766
1.814
1.915
2.176
2.110
2.050
1.874
2.608
2.245
2.741
2.152
2.575
2.667
1.800
2.559
2.837
2.805
2.500
1.273
1.942
2.100
2.183
1.340
1.975
3.703
4.077
2.913
2.138
1.697
1.906
2.403
2.784
2.267
2.799
3.553
2.781
3.042
3.339
2.390
1.979
1.689
2.076
1.841
1.410
1.633
3.343
5.344
5.864
3.201
3.222
3.316
2.239
2.416
3.459
3.265
1.625
2.407
1.837
1.225
2.466
2.832
2.489
2.211
3.167
4.696
3.823
1.400
0.992
1.409
2.236
2.278
1.890
3.596
6.560
2.664
1.121
2.755
3.956
5.294
3.950
1.944
1.316
1.380
1.762
2.248
1.977
2.354
3.882
2.954
3.046
3.018
5.432
3.924
1.560
1.805
1.457
3.040
3.451
2.725
1.623
1.471
2.324
1.591
3.726
5.422
3.159
1.722
2.316
1.810
3.322
4.753
2.561
2.623
2.677
2.311
2.148
1.628
1.951
1.650
1.723
2.058
2.207
1.954
1.846
1.761
3.977
5.510
4.049
3.147
2.852
1.832
2.590
1.194
1.567
1.792
2.316
1.866
1.221
1.246
1.415
1.626
1.302
1.786
1.625
1.682
1.966
1.905
1.161
1.580
1.156
1.135
1.219
1.001
1.205
1.797
1.523
1.757
1.088
1.642
1.149
0.924
1.024
1.166
1.487
1.023
1.446
0.877
2.080
1.690
1.988
1.867
2.289
2.507
1.044
1.137
1.472
2.079
2.296
1.535
1.733
1.747
1.436
1.885
1.600
1.636
2.736
3.715
2.892
2.173
2.448
2.075
1.651
1.843
1.593
1.535
1.172
2.249
3.679
3.509
2.485
2.001
1.550
2.024
1.820
1.843
1.839
1.076
2.441
3.099
2.646
2.897
2.433
1.460
1.491
1.800
1.232
2.210
1.806
1.682
2.464
2.001
2.587
3.153
2.736
2.969
1.912
1.749
1.438
2.735
3.160
4.075
3.700
3.205
2.722
3.825
3.170
2.843
2.901
3.116
1.665
2.639
2.527
1.870
1.377
1.900
2.089
3.158
3.762
2.478
2.420
1.629
1.871
2.256
1.825
1.184
1.534
1.483
1.939
2.823
1.991
1.840
2.222
2.194
2.518
2.486
4.877
4.093
3.022
3.626
3.668
3.320
3.276
3.718
3.415
2.238
1.972
2.250
2.737
4.030
2.741
1.912
2.837
2.092
3.223
2.790
2.339
2.560
3.992
2.318
2.453
2.702
3.720
4.068
3.486
2.190
2.052
1.836
1.156
1.666
3.034
1.880
3.636
4.341
2.607
1.474
1.708
1.602
2.258
2.791
3.343
3.512
4.134
3.865
2.537
1.466
1.042
1.109
1.394
2.642
4.150
3.811
3.115
1.816
1.753
2.214
2.257
2.441
2.260
2.373
4.510
4.140
3.553
3.115
3.006
2.697
1.933
1.613
1.271
2.187
3.259
3.464
2.753
3.801
4.032
3.229
3.660
2.722
3.267
2.609
3.081
2.353
2.438
1.447
1.526
1.515
1.040
2.064
2.608
2.868
3.657
2.598
2.880
2.781
2.901
1.663
2.269
1.121
1.653
2.477
3.714
3.565
3.076
2.252
2.394
2.230
2.228
2.962
2.998
2.238
2.843
2.956
2.698
4.423
2.518
3.894
2.979
3.650
3.651
3.648
2.628
2.412
3.177
2.383
1.968
2.732
2.071
2.557
1.823
2.612
3.272
3.996
3.884
3.597
2.782
2.588
1.645
3.458
6.361
5.326
2.213
2.162
2.255
2.259
2.584
4.888
6.448
4.096
2.178
2.090
1.941
2.038
2.056
1.843
2.123
3.238
3.837
2.901
2.662
2.555
2.684
2.417
1.307
2.417
3.680
2.285
2.568
2.633
2.157
2.201
1.953
2.785
1.477
2.442
1.578
1.868
4.149
5.171
3.155
1.486
2.022
2.331
2.437
2.064
2.670
4.206
3.943
3.676
1.307
2.466
4.597
3.222
1.511
1.466
1.223
1.254
1.575
2.607
3.487
2.368
1.728
1.620
1.416
1.873
2.512
2.003
2.309
2.110
1.874
1.669
1.173
2.899
2.530
2.422
1.452
1.413
1.435
1.384
1.795
1.802
1.820
1.763
2.627
3.932
7.111
7.002
4.292
2.441
1.476
1.515
1.342
1.595
1.623
1.471
0.822
0.965
1.128
2.082
3.062
3.069
3.043
2.169
2.047
2.017
1.784
1.198
1.335
1.300
1.435
1.673
1.805
1.654
1.664
1.567
0.829
1.174
1.230
1.339
1.432
1.009
1.160
1.659
2.078
1.245
1.667
1.536
1.408
1.010
1.164
1.217
1.572
0.956
1.263
1.301
1.399
1.508
2.148
2.368
1.717
1.555
1.483
1.671
2.580
2.003
1.676
2.057
1.583
0.907
1.575
1.415
0.977
1.181
1.085
2.326
1.390
1.649
1.802
1.138
1.673
1.564
2.080
2.346
2.059
1.595
1.260
1.878
2.704
3.525
2.554
3.222
2.645
2.565
3.839
3.753
3.728
2.482
2.382
2.244
1.777
2.708
2.985
2.568
3.216
3.447
2.312
1.462
2.075
3.019
2.411
1.811
2.843
2.396
3.181
2.706
3.427
4.574
3.441
3.893
3.247
1.989
1.825
1.647
2.186
1.952
3.041
1.688
3.733
1.891
1.543
1.308
3.356
3.634
2.146
1.118
2.233
2.086
1.379
1.746
1.877
1.856
1.928
1.927
1.529
2.731
3.886
2.780
2.854
3.829
2.801
2.506
2.726
1.148
1.226
2.374
2.583
1.511
1.799
1.677
1.813
2.698
3.242
2.202
1.432
1.524
1.508
1.398
2.041
2.168
2.670
2.648
1.897
2.127
2.010
3.003
3.921
3.097
2.437
3.341
3.142
2.370
2.977
2.609
2.369
2.415
2.465
2.657
1.737
2.476
2.653
1.421
3.285
3.636
2.756
3.249
3.097
2.129
2.571
2.929
2.329
2.498
2.599
3.142
2.529
2.658
2.886
2.977
2.870
2.080
1.954
2.696
3.374
3.194
2.405
2.976
2.915
3.413
1.881
1.903
1.931
2.385
2.454
2.450
2.117
2.332
2.977
2.417
2.416
2.414
2.968
3.528
2.560
2.798
2.443
2.355
3.112
2.237
2.034
2.028
2.561
2.109
2.696
2.732
2.733
2.471
3.240
2.922
2.186
1.910
2.400
2.279
2.021
2.980
2.898
2.506
1.775
2.536
2.508
2.758
4.099
2.556
2.322
2.232
2.610
1.957
2.742
2.517
2.890
2.649
1.487
1.547
1.872
1.252
2.677
2.389
2.847
1.442
2.073
1.365
1.488
2.312
2.374
1.760
2.658
3.734
1.767
1.694
2.028
1.756
1.730
2.116
1.611
1.406
0.985
2.260
4.465
3.924
1.574
1.685
2.522
2.284
2.630
3.151
3.013
1.875
1.557
2.214
1.963
2.035
2.863
2.224
1.491
1.515
3.231
2.841
4.181
3.003
3.273
3.783
2.976
2.484
2.808
2.529
1.989
1.428
1.451
1.984
4.664
4.540
2.056
1.815
1.224
1.475
2.054
1.653
2.542
2.341
1.430
1.110
1.385
1.335
1.873
2.023
1.749
2.469
3.237
3.594
2.612
1.512
1.150
1.786
1.830
1.730
1.425
1.523
1.247
1.133
1.984
2.392
2.363
2.180
2.027
1.358
1.990
2.436
5.505
6.623
3.956
1.421
1.678
0.957
1.718
1.392
1.534
3.000
2.699
2.782
1.620
1.276
1.208
1.369
1.138
1.198
1.407
1.578
1.607
1.329
1.691
1.309
1.801
1.525
1.533
1.704
1.932
1.393
1.732
1.484
1.978
1.810
1.415
1.319
1.357
1.401
1.535
2.987
1.746
1.758
1.547
1.848
2.218
1.871
1.601
1.511
1.620
1.783
2.155
1.793
1.160
0.726
0.976
1.650
1.717
1.550
2.124
1.589
1.632
1.766
1.181
1.640
2.095
2.680
2.692
2.022
2.225
1.531
1.313
1.262
1.415
1.785
1.284
1.435
1.455
2.225
1.714
1.211
1.102
1.648
1.365
1.504
1.614
1.648
2.432
2.408
1.887
2.751
1.465
1.410
1.893
1.760
1.719
1.744
1.387
2.663
2.568
2.505
1.956
1.717
1.333
1.780
1.283
1.608
2.186
1.712
1.453
1.625
1.737
2.339
1.915
2.539
1.873
1.613
2.139
2.510
2.068
1.899
1.571
1.493
1.775
2.908
3.986
4.478
3.151
2.056
2.415
2.309
1.998
2.179
2.278
2.972
1.920
2.390
3.791
3.109
2.618
1.769
1.685
1.570
2.155
2.151
2.563
2.306
1.617
2.831
3.334
2.732
2.035
3.448
3.310
2.946
3.006
3.308
2.117
4.359
5.489
4.075
2.579
3.582
4.693
4.150
5.078
4.520
2.068
2.387
2.664
3.858
3.856
3.176
1.827
2.608
2.218
3.469
2.910
2.496
1.896
2.473
2.000
1.396
2.565
2.303
2.002
3.527
1.508
1.863
2.305
2.341
1.586
2.099
2.516
3.141
2.498
3.454
2.642
2.325
2.765
3.058
2.362
3.081
3.226
2.141
1.378
2.609
2.695
1.458
2.156
2.149
2.116
2.539
4.607
5.505
4.150
3.920
2.370
2.382
4.363
3.338
3.597
3.095
2.692
2.057
2.670
2.797
3.448
4.042
3.273
2.368
2.128
2.593
3.955
3.511
3.366
2.880
4.767
4.788
3.296
2.784
3.403
3.695
3.078
2.717
3.049
2.918
2.888
2.867
2.697
3.349
4.589
3.717
3.596
2.708
3.241
2.202
2.024
1.772
2.078
2.352
2.654
3.100
2.342
2.685
3.410
3.159
2.487
2.663
3.353
3.559
2.762
2.075
3.447
2.770
2.522
3.069
2.257
2.057
2.918
2.742
4.103
3.069
3.438
3.648
2.732
2.513
2.996
3.315
2.737
1.878
1.485
1.503
2.429
2.942
3.848
3.745
3.480
2.878
2.082
3.156
3.608
4.690
5.058
3.345
2.524
1.093
2.650
4.520
4.187
2.472
2.632
3.764
3.286
2.696
2.392
2.414
3.616
3.249
3.051
2.093
2.486
3.071
2.282
2.030
1.928
1.476
1.417
1.728
2.655
2.265
1.598
1.597
3.746
2.122
1.700
2.473
2.728
3.040
2.812
2.320
2.092
2.362
3.322
3.421
4.369
4.218
2.442
1.754
1.719
1.934
2.225
1.709
2.341
3.157
4.612
5.555
3.546
3.377
2.692
0.997
1.758
1.939
1.089
1.436
1.582
1.533
1.645
1.480
1.305
1.825
1.890
2.114
2.066
1.659
1.680
1.234
1.778
1.901
2.214
3.673
2.467
2.524
2.697
3.578
3.336
2.491
3.929
2.329
2.546
2.048
2.137
1.849
1.551
1.435
1.005
2.476
2.643
2.973
2.846
2.232
2.108
2.181
2.518
2.042
1.698
2.330
1.821
1.880
2.615
1.854
1.094
1.323
1.404
1.684
1.326
1.188
1.632
1.950
0.998
1.552
2.135
1.698
2.019
2.956
3.663
3.381
1.279
2.486
3.200
2.740
2.141
1.566
2.564
2.777
2.876
2.649
1.950
2.046
2.171
1.457
1.577
1.768
1.472
1.628
2.173
2.605
2.707
1.795
1.732
1.715
1.928
1.946
2.432
3.051
2.360
2.959
1.909
1.807
3.164
2.365
2.573
3.120
3.386
4.090
3.689
2.386
2.025
1.879
2.551
1.569
3.019
2.573
1.656
2.254
4.397
3.150
2.039
1.138
1.770
2.961
2.928
3.622
2.768
1.863
2.346
2.760
1.988
1.846
2.197
2.475
2.203
2.464
2.789
1.967
1.990
1.477
2.567
2.510
2.168
1.855
3.159
3.508
2.592
2.171
3.249
2.731
3.329
2.089
1.824
2.085
3.217
2.086
2.366
3.042
2.781
2.193
2.081
2.390
2.677
4.507
2.567
3.093
2.775
1.955
2.455
2.393
2.813
2.370
3.464
3.697
2.788
3.879
3.656
3.608
3.165
4.053
3.914
3.372
3.053
2.588
2.953
3.729
3.683
3.008
2.565
3.303
2.812
2.002
1.867
2.002
1.803
3.723
3.886
3.744
3.283
1.978
2.795
3.282
3.813
3.061
2.969
3.042
2.481
2.084
2.145
2.409
3.625
2.966
1.973
2.890
3.711
3.461
2.198
2.636
2.147
2.308
2.734
3.576
3.401
3.469
2.921
3.371
2.856
2.642
2.294
2.812
2.145
4.834
4.175
3.151
3.501
3.056
3.072
1.838
2.441
1.701
2.719
2.863
2.478
3.281
2.330
2.026
2.270
2.285
1.997
2.341
3.067
4.695
3.643
2.839
3.065
3.894
3.666
2.894
4.238
4.348
4.311
4.652
3.996
3.473
2.525
2.569
2.568
2.920
2.931
2.761
3.543
3.088
3.391
2.537
2.594
2.245
3.124
3.437
3.277
2.524
2.691
2.242
1.742
2.363
2.342
3.196
2.496
2.942
4.128
2.911
2.662
3.220
2.481
2.115
2.481
2.799
2.809
2.944
3.532
3.414
2.894
3.041
3.702
2.931
2.101
2.563
1.942
3.137
1.217
2.206
3.005
2.619
2.108
2.669
2.698
2.478
2.931
2.212
1.664
2.255
4.813
5.288
3.989
2.715
3.088
3.339
2.733
2.311
2.623
3.240
2.870
3.272
4.605
3.875
1.424
3.166
1.643
1.421
1.969
1.787
2.340
2.682
1.506
2.323
2.111
2.275
2.196
2.283
1.563
1.694
1.887
2.209
1.920
1.907
2.082
2.119
2.963
3.273
2.924
3.178
2.991
2.359
2.324
2.646
3.583
3.989
2.869
2.121
2.021
1.122
0.692
1.937
2.254
3.163
3.339
3.927
4.508
2.913
1.582
1.491
1.272
1.163
1.363
1.543
2.238
2.157
1.692
1.237
1.282
1.488
0.882
1.190
1.069
2.267
3.246
2.399
1.352
1.781
1.211
1.945
1.965
0.764
1.876
3.816
3.484
2.117
1.719
1.324
1.196
1.463
1.695
2.047
1.790
1.418
1.322
1.672
0.932
1.269
1.819
2.010
1.300
1.590
1.579
1.100
1.342
1.199
1.373
1.042
1.622
1.877
1.753
0.943
1.990
1.658
1.499
1.287
1.969
1.652
2.897
2.684
1.337
1.972
1.923
1.479
2.010
1.586
2.459
3.103
3.013
2.237
1.809
2.112
1.968
1.774
1.980
1.565
1.250
1.407
2.790
3.915
4.054
1.433
2.581
2.951
2.441
3.107
3.452
3.278
3.090
2.825
2.180
1.197
1.282
1.573
1.220
2.488
2.926
2.624
1.706
1.191
4.369
2.333
1.863
2.291
2.586
2.381
2.209
1.229
1.585
3.440
2.349
2.347
1.578
1.227
2.074
3.543
2.994
1.588
1.787
1.112
1.902
1.061
1.415
1.319
1.126
2.348
2.386
1.315
1.695
2.700
2.284
2.629
1.649
1.286
1.441
1.134
1.160
1.546
2.026
3.116
2.716
2.417
2.398
2.111
1.412
2.838
2.979
1.821
2.793
1.394
1.138
2.619
2.561
2.287
1.923
2.591
1.817
1.937
2.812
2.258
2.094
2.251
2.411
2.543
3.909
4.204
4.691
2.802
2.445
2.024
2.226
1.511
1.394
1.599
1.509
2.096
2.056
1.834
2.506
2.811
2.760
2.134
2.235
1.773
1.718
1.782
3.471
3.996
3.330
2.795
2.624
1.937
2.781
3.772
1.692
1.887
2.076
1.961
2.331
1.601
2.136
2.234
3.176
2.358
1.311
1.474
1.507
2.136
2.217
2.648
2.205
1.966
2.536
1.999
3.646
3.655
2.825
2.588
2.772
3.064
2.475
2.628
3.303
4.463
2.842
2.610
1.717
2.354
2.354
2.863
3.044
3.196
3.047
2.985
2.606
3.145
3.134
3.777
4.174
4.202
3.019
2.273
3.096
2.485
3.729
3.608
1.988
2.022
2.829
2.868
2.329
2.101
2.228
2.307
1.866
1.827
3.264
2.674
2.967
2.650
2.480
1.837
3.086
2.930
2.970
3.022
1.776
3.133
6.048
5.912
5.122
3.993
3.155
2.177
1.447
1.749
2.530
2.622
3.015
1.918
3.097
2.815
2.531
2.158
3.031
3.661
2.817
2.687
2.168
1.811
1.549
1.406
2.030
2.894
2.711
3.593
3.968
3.368
1.482
0.993
1.709
3.260
4.467
2.862
1.953
2.376
1.752
1.464
1.587
1.113
1.469
1.059
1.247
1.237
1.863
1.665
1.681
3.413
3.718
3.815
1.753
1.657
0.953
3.146
4.049
2.858
1.589
2.920
1.522
2.199
3.039
1.963
1.554
1.809
0.920
1.410
2.168
2.927
2.977
2.626
2.523
2.963
3.279
3.790
3.640
3.278
2.322
2.016
2.175
2.101
2.553
3.646
4.131
2.512
1.707
0.756
1.327
2.325
1.402
1.329
0.944
2.186
1.464
0.861
2.802
3.378
3.533
2.353
3.386
2.108
2.315
1.841
2.065
3.081
2.628
2.197
0.904
1.150
0.857
0.755
1.057
0.565
0.755
1.410
0.952
1.433
1.553
1.257
1.148
1.023
1.079
1.158
1.667
1.949
0.964
1.175
1.238
1.046
1.334
1.654
1.306
1.229
1.529
1.422
0.925
1.072
1.428
0.720
0.895
1.537
1.251
1.359
1.253
1.175
1.334
1.006
1.244
1.785
1.184
1.434
1.663
1.484
1.071
1.270
1.337
1.241
1.545
1.117
1.254
1.192
1.334
1.905
1.803
1.064
0.915
0.673
1.053
1.019
1.362
1.239
0.967
1.124
1.100
1.500
1.697
1.915
1.132
1.484
1.261
1.209
1.277
1.265
1.334
1.595
1.397
1.575
2.725
2.122
1.462
1.483
1.195
1.216
1.051
1.423
1.653
2.326
2.044
2.698
1.645
1.449
1.577
2.614
2.966
2.609
1.998
2.480
2.791
3.558
2.278
1.669
1.252
2.005
1.891
3.829
2.708
3.941
1.624
1.420
1.633
1.534
2.306
2.901
1.223
1.872
1.997
1.943
2.741
2.791
2.148
1.417
1.292
3.048
2.468
3.025
3.991
3.056
2.208
1.432
2.476
3.118
1.996
2.477
2.564
2.885
3.184
2.440
2.085
1.945
3.566
3.198
3.238
4.323
3.109
2.901
2.583
2.310
2.142
2.494
2.800
1.877
1.918
2.187
2.111
2.037
1.931
1.699
2.169
3.951
2.059
3.251
2.765
2.023
2.363
1.742
1.546
1.874
3.184
2.457
1.863
1.573
1.415
1.852
2.025
2.935
2.568
2.426
2.004
2.852
2.245
2.693
3.347
3.674
3.409
3.893
3.587
4.201
4.835
2.491
2.521
2.429
2.477
2.401
1.964
2.034
3.118
2.460
2.959
4.153
2.854
1.801
1.686
2.372
2.067
2.933
2.633
1.902
2.479
2.568
2.421
3.420
3.545
2.104
1.416
2.131
2.784
2.573
2.463
2.526
2.869
3.432
3.148
2.925
2.773
3.167
2.214
2.219
1.808
2.345
2.994
2.935
1.861
2.389
2.621
1.913
2.332
1.574
3.211
2.972
3.681
3.051
1.995
2.116
2.111
1.894
1.739
1.769
3.015
2.065
2.585
2.959
2.349
2.887
2.830
4.039
3.490
1.901
1.460
3.594
4.266
3.157
1.940
2.550
3.233
3.046
1.666
2.331
2.561
4.175
3.374
3.607
3.465
2.293
3.035
2.290
2.398
3.304
2.221
2.009
2.318
1.603
1.746
1.722
1.630
2.197
2.797
2.016
2.640
2.600
2.198
1.458
1.344
1.983
1.758
2.010
1.887
1.882
2.285
2.065
1.104
1.310
2.187
2.594
3.421
3.428
2.206
1.761
1.834
2.320
2.874
2.331
1.149
1.511
1.254
1.454
1.455
2.081
2.392
1.764
1.611
1.867
2.142
1.444
1.209
1.963
2.176
1.701
1.539
1.746
1.469
1.452
1.745
2.746
5.325
4.646
3.160
1.899
1.053
1.666
2.973
1.760
1.372
1.034
0.968
1.023
1.607
2.205
1.050
1.203
1.023
1.381
1.608
1.652
2.067
1.840
1.306
1.131
1.065
1.004
0.978
1.129
1.047
1.171
1.290
1.712
1.537
1.047
0.979
1.301
0.877
2.071
1.325
1.072
1.144
1.187
1.213
0.835
0.933
1.008
0.861
0.796
1.111
1.187
1.341
1.329
1.595
1.520
1.843
1.601
1.556
0.933
0.929
1.271
2.054
1.278
1.414
1.222
1.701
2.218
2.082
0.967
1.219
1.474
1.657
1.609
1.355
1.218
1.696
1.307
1.511
1.610
1.519
1.792
1.294
1.188
2.207
1.661
2.164
1.545
1.636
2.621
1.583
1.880
2.284
2.666
1.967
2.344
2.184
2.055
1.755
1.354
2.390
1.986
1.753
2.303
1.396
1.756
3.380
2.906
3.079
2.451
1.081
1.346
1.522
1.856
1.727
1.361
1.289
1.352
1.272
1.230
1.989
2.363
2.331
1.889
1.557
1.487
1.623
1.910
2.230
1.384
1.670
1.754
1.201
1.599
1.841
2.095
1.756
1.904
2.807
1.742
2.434
1.713
1.703
1.647
2.433
2.112
1.772
1.718
1.619
1.554
1.202
1.383
1.563
1.789
1.560
2.180
2.370
1.707
3.297
2.895
2.455
1.532
1.827
1.999
2.770
2.488
2.228
3.257
2.621
2.648
1.872
1.602
2.079
1.732
1.309
2.443
2.681
2.244
1.996
4.375
4.001
2.485
2.262
1.808
1.284
1.542
1.512
1.299
2.196
1.281
2.242
1.701
1.507
1.963
1.949
2.567
3.300
3.995
3.321
1.975
2.353
2.856
2.166
2.513
3.085
4.154
3.174
2.893
3.229
2.767
2.896
2.477
1.598
2.813
4.791
5.129
4.270
3.015
1.916
1.396
2.398
2.121
2.138
1.414
2.917
2.343
2.391
3.839
2.591
3.325
3.436
2.166
2.447
1.651
1.582
1.866
1.902
2.265
2.656
1.927
2.181
2.925
3.393
2.924
1.964
3.899
4.217
3.408
3.063
3.413
2.783
2.214
2.335
2.505
1.996
2.139
2.924
2.597
2.436
2.775
2.834
2.516
2.258
2.689
2.865
2.541
2.458
1.960
1.902
3.045
3.927
3.976
3.287
2.072
1.955
1.616
2.152
2.250
2.580
1.491
1.469
1.651
2.831
3.391
4.332
5.171
3.997
3.332
1.845
1.706
1.341
1.213
1.509
1.502
2.296
2.780
4.298
2.394
1.293
1.097
2.945
2.363
1.788
2.009
2.310
1.656
1.866
1.697
1.007
1.575
1.683
1.491
3.001
4.226
2.554
2.232
2.430
2.733
2.732
2.162
2.832
2.995
2.094
3.201
3.390
2.831
2.038
2.699
4.321
1.880
1.359
3.070
3.775
3.766
2.902
1.068
1.228
1.817
3.004
1.861
1.068
1.563
1.405
1.405
1.785
1.794
1.619
1.499
1.870
1.102
1.577
2.894
3.638
4.948
3.286
1.991
0.976
1.918
1.851
1.384
1.315
1.715
0.981
1.623
1.823
1.816
1.709
2.808
2.863
1.927
1.561
1.408
1.762
1.754
1.560
1.561
1.194
1.349
1.254
1.110
1.182
1.552
2.894
4.369
3.230
2.414
1.805
1.229
1.307
1.164
1.458
1.095
2.460
3.090
4.041
3.783
2.167
2.036
2.136
1.670
1.936
2.335
2.150
1.183
1.490
2.210
6.923
4.605
1.577
1.564
1.404
1.297
1.440
1.397
1.111
1.425
1.845
1.911
1.457
1.894
1.233
1.988
2.167
1.612
1.056
1.113
1.274
1.262
1.338
0.933
0.885
0.733
1.025
1.370
2.543
2.642
1.572
1.764
1.512
1.337
1.399
1.963
1.813
1.579
1.440
1.204
1.106
1.376
1.004
1.484
1.456
1.168
1.283
0.961
1.759
1.573
1.212
1.069
1.862
1.872
1.291
1.247
1.025
0.925
1.312
2.132
2.497
2.278
1.462
1.030
1.377
1.524
1.002
1.639
2.203
2.503
2.163
2.046
2.975
3.078
2.680
2.401
2.265
1.952
1.208
1.856
3.265
3.914
2.394
1.930
2.475
2.439
2.618
1.567
1.233
1.303
2.720
2.299
1.600
1.491
0.976
1.244
1.848
3.662
2.419
1.645
0.874
1.333
1.934
2.891
3.588
2.861
2.548
2.248
1.579
1.905
1.908
2.039
2.659
2.649
3.199
2.363
3.341
2.277
2.255
3.447
2.637
2.504
3.196
1.649
3.796
2.801
1.911
4.240
2.651
1.541
1.471
1.681
2.503
1.400
2.270
2.377
2.224
2.740
2.211
1.534
1.748
2.600
1.466
1.948
2.637
2.866
2.638
2.084
1.656
1.878
2.049
2.863
2.895
2.095
1.995
1.669
1.469
3.147
3.788
1.540
2.524
2.329
2.453
2.148
1.717
2.615
4.241
5.147
5.011
4.631
3.602
2.826
2.561
2.959
2.716
2.324
2.831
2.785
3.728
3.128
2.616
2.299
2.691
3.151
1.734
1.689
2.279
2.089
2.405
2.897
2.804
2.915
3.385
3.183
2.660
2.764
2.211
1.807
1.620
2.282
2.212
3.521
3.101
2.701
2.278
1.563
2.661
3.052
5.638
5.341
3.472
3.927
3.387
3.448
4.129
2.987
2.185
2.859
3.092
2.651
3.064
2.323
1.601
3.238
3.284
2.278
3.795
3.434
2.250
2.876
2.994
2.599
2.411
2.142
2.414
1.865
2.487
2.843
3.007
2.565
2.462
2.563
3.119
3.108
2.287
1.906
2.423
1.106
1.887
1.456
1.593
2.546
2.700
2.888
2.397
1.878
2.047
2.006
1.407
1.686
1.702
2.625
2.657
2.105
2.704
1.827
2.459
1.539
1.482
0.732
1.485
1.868
2.385
3.068
3.266
3.672
3.479
1.532
1.203
1.881
2.973
4.452
4.710
3.302
1.616
1.133
1.329
2.488
2.764
3.044
3.194
3.361
