20000101
2.053
2.338
2.947
3.015
2.602
3.449
3.435
2.019
1.367
1.299
1.249
1.379
1.946
2.802
1.765
2.973
4.455
3.143
2.950
3.404
1.474
2.700
2.259
2.228
2.218
1.206
1.867
1.638
3.423
2.151
2.849
5.010
4.625
2.205
2.012
4.234
3.319
2.050
1.827
2.195
1.541
3.615
2.916
1.883
3.530
3.531
2.127
2.428
3.369
1.926
2.465
1.911
2.787
2.879
4.041
3.691
3.603
2.716
2.705
2.542
2.768
3.248
2.389
1.912
1.951
2.516
1.429
3.577
4.926
3.993
1.922
3.256
3.791
3.866
3.244
3.791
3.307
1.727
2.771
3.227
2.083
2.230
3.280
1.471
2.388
1.513
1.689
2.690
1.673
2.376
3.019
3.209
4.887
4.124
3.679
3.814
3.539
2.928
3.567
2.790
3.823
2.157
2.616
3.029
2.854
4.324
2.330
2.973
2.874
3.039
2.721
2.782
2.999
2.467
5.503
4.513
4.461
4.581
3.040
3.583
3.137
3.008
4.252
4.870
3.712
3.071
3.221
2.005
1.941
1.509
1.623
1.914
1.629
2.630
2.346
2.487
1.610
2.213
2.314
2.826
3.531
3.040
2.103
2.547
1.833
2.660
3.299
3.508
3.975
4.473
4.424
2.829
2.330
2.757
2.551
2.620
3.384
6.467
5.435
2.171
2.114
2.053
2.801
2.222
2.247
1.886
1.798
1.880
2.271
2.898
4.186
3.703
2.958
3.311
1.783
2.210
3.214
2.249
2.072
2.740
3.514
3.599
3.105
2.214
1.975
1.584
1.028
2.316
2.265
2.641
1.827
1.821
3.861
4.888
4.440
2.933
1.551
2.147
3.070
4.462
4.643
3.521
1.826
3.227
2.324
1.907
1.612
3.017
3.278
2.847
2.743
1.934
1.624
3.215
3.532
3.729
3.413
2.691
1.459
1.652
1.901
2.596
3.817
3.783
3.108
2.142
1.460
1.213
1.947
1.617
3.187
3.300
3.055
3.378
3.057
3.139
2.779
2.564
2.442
2.394
2.283
2.213
1.949
1.680
2.646
4.068
3.966
3.040
2.265
1.981
2.214
1.988
0.801
2.816
2.716
2.531
2.345
2.006
2.886
2.201
2.166
2.822
2.948
3.560
3.887
1.919
1.368
1.438
1.677
1.603
1.644
1.542
1.521
1.606
1.157
1.173
0.902
0.950
1.713
1.713
1.606
1.681
1.372
1.454
1.639
1.999
2.932
2.527
1.300
1.812
1.863
1.547
1.391
1.093
1.279
1.129
1.444
1.467
1.684
1.866
2.286
3.826
2.170
1.708
1.194
1.278
1.091
2.061
2.154
2.080
1.780
1.663
1.597
1.640
1.761
1.701
1.821
1.047
1.276
1.412
1.590
1.884
1.992
2.048
1.501
2.107
1.373
1.911
2.209
2.336
2.779
2.002
1.998
2.807
2.583
3.031
2.729
2.484
3.440
2.487
2.317
1.841
2.385
2.280
2.488
2.101
2.219
2.038
1.819
2.017
0.972
1.277
2.921
3.344
2.847
2.534
2.027
2.363
2.174
1.783
2.099
1.950
1.852
2.159
1.919
2.563
2.392
2.454
3.522
4.026
4.255
2.198
2.313
2.113
3.291
3.309
3.310
2.063
2.803
3.388
2.244
2.777
2.647
3.066
2.405
2.329
2.437
1.964
4.010
5.684
3.802
2.981
3.198
2.318
1.918
2.144
1.850
3.707
5.452
4.109
2.574
1.572
3.601
4.019
4.506
3.367
2.518
3.216
2.496
2.593
1.113
2.357
3.108
1.312
2.113
3.727
3.227
2.639
3.202
2.668
1.778
2.095
2.892
3.256
1.843
2.109
3.782
3.571
3.081
3.417
4.082
2.198
2.017
2.284
2.629
2.400
1.863
1.790
1.861
2.576
3.776
3.860
3.087
2.049
1.792
1.830
2.504
2.141
3.923
4.235
3.765
3.550
1.833
1.965
2.360
2.930
1.955
3.267
1.872
2.346
2.956
2.064
2.161
2.743
3.810
1.792
2.382
2.909
4.241
2.249
1.439
2.497
2.295
1.999
2.819
3.806
4.198
3.279
2.538
1.943
2.093
2.329
2.931
3.195
3.749
3.548
4.714
3.793
3.825
2.732
2.770
4.764
3.285
3.639
3.834
3.925
4.721
3.438
2.955
2.668
3.664
2.801
2.598
2.827
2.246
1.731
1.865
3.634
2.525
2.556
4.352
3.821
2.658
2.525
2.637
2.274
2.570
1.719
1.475
2.610
2.289
1.734
2.414
2.307
1.998
2.867
2.596
3.030
3.608
5.180
5.623
3.781
1.640
1.849
2.186
1.706
1.675
2.223
0.923
2.344
3.299
3.079
2.818
3.126
3.084
3.122
4.341
3.354
1.326
1.396
1.387
1.720
1.914
2.822
3.402
4.386
4.234
3.857
3.972
1.802
1.550
0.964
2.619
2.157
2.547
3.666
2.991
2.861
3.694
4.049
3.357
2.930
1.585
1.365
2.459
3.328
2.586
2.995
2.508
1.536
2.453
2.918
2.488
2.783
2.326
2.189
2.870
3.222
3.552
2.259
2.255
3.470
3.497
2.171
1.388
1.466
2.773
2.489
2.330
1.938
1.847
1.526
2.172
1.892
2.169
1.577
2.078
1.580
3.156
4.250
3.022
1.629
1.955
1.672
2.435
2.112
2.183
1.888
1.748
2.425
1.685
0.883
1.763
1.492
1.391
0.941
1.381
1.398
0.822
1.073
1.349
1.310
1.653
1.146
1.589
1.444
1.527
2.039
3.210
3.651
2.825
2.842
2.551
3.052
1.708
0.922
1.469
0.979
1.071
1.364
1.518
1.287
1.672
1.268
1.064
1.116
1.803
1.529
1.338
1.340
1.279
1.312
1.494
1.687
0.807
1.648
1.304
1.080
1.121
1.769
1.613
1.425
0.996
2.177
1.299
1.407
2.421
1.994
1.482
1.689
1.989
2.238
1.701
1.603
1.051
1.553
1.170
1.954
1.881
1.525
1.772
1.334
1.764
1.717
1.731
1.611
1.466
1.522
1.579
2.637
2.790
3.013
2.045
2.361
2.305
1.732
1.471
1.621
1.190
1.048
1.719
1.641
1.592
1.603
1.754
2.641
1.817
2.127
2.534
2.800
2.713
2.125
1.807
2.308
1.706
1.455
1.882
1.904
2.106
2.744
3.190
2.308
2.541
2.162
1.681
1.483
1.252
1.448
2.045
2.180
2.150
3.006
1.611
1.697
1.271
1.363
2.676
2.236
3.654
2.661
2.663
2.149
1.570
2.294
4.425
3.338
1.855
2.865
1.952
2.008
3.240
2.390
2.468
3.408
4.407
3.072
2.039
1.652
1.971
1.918
2.233
3.157
1.813
4.286
4.461
3.788
3.516
2.512
2.395
3.293
4.670
3.375
2.557
2.490
1.325
2.388
2.330
3.500
4.131
2.816
1.492
1.979
3.390
3.303
3.281
3.539
2.120
1.698
1.448
2.358
3.498
3.931
3.677
4.575
4.477
3.457
1.957
1.839
1.384
1.339
1.801
2.435
3.098
2.824
2.404
3.131
2.920
2.109
2.905
2.631
2.506
3.160
4.848
4.414
2.766
2.301
2.409
2.862
3.167
4.146
3.233
2.030
2.786
2.916
2.880
2.865
3.094
2.642
3.039
3.143
2.411
2.650
2.992
3.960
5.164
3.055
3.084
2.741
3.448
5.365
3.807
3.734
4.830
4.252
4.180
3.952
4.316
3.593
3.270
3.205
3.945
3.656
3.674
3.483
3.560
3.366
3.074
2.272
2.971
3.833
3.625
3.424
3.003
4.340
4.074
3.821
2.637
3.204
3.021
3.112
2.305
1.611
2.736
2.965
2.577
2.720
2.778
1.975
2.773
3.150
3.221
3.342
2.442
2.404
2.198
2.737
2.541
3.064
3.140
2.443
2.532
2.587
2.775
3.067
4.848
4.402
3.624
3.448
1.790
1.633
1.725
2.844
1.745
1.306
1.803
2.833
2.301
1.804
2.763
3.408
2.926
2.478
3.715
3.384
2.063
1.368
3.063
1.963
3.043
3.741
3.111
1.858
2.416
3.394
3.536
3.992
2.575
3.155
1.816
2.303
1.949
2.571
2.391
3.207
3.097
2.618
2.447
2.390
2.513
2.276
2.396
1.968
2.807
2.284
3.885
1.641
3.175
3.606
3.049
3.241
3.244
2.424
2.558
3.939
3.723
4.708
3.809
1.860
2.888
2.535
1.832
2.903
3.269
2.941
3.208
3.360
3.246
2.633
2.614
2.970
3.114
2.039
2.662
4.390
4.941
4.190
2.339
1.699
2.519
2.515
1.813
1.736
1.710
1.954
1.544
2.204
2.359
2.720
1.935
1.005
1.290
0.923
1.399
1.878
1.345
1.808
1.720
0.810
1.010
1.222
1.446
1.720
1.842
1.775
1.703
2.016
2.321
2.498
1.389
1.025
1.800
2.790
1.328
1.916
1.850
1.782
1.552
1.096
2.259
2.058
2.313
2.348
1.530
1.326
1.594
1.274
1.596
1.474
0.986
1.328
1.355
1.068
1.263
1.485
1.182
1.218
2.385
2.679
3.833
2.574
2.220
2.318
1.980
2.151
1.965
1.322
1.704
1.538
1.186
1.500
2.365
2.945
2.534
2.833
2.344
2.585
2.568
1.787
1.622
1.428
2.197
3.559
2.951
2.836
3.128
1.783
1.280
1.320
1.665
1.106
1.567
2.075
1.877
1.908
2.195
3.368
2.546
1.491
1.684
1.600
2.175
3.188
3.394
2.283
1.562
2.857
2.655
1.905
2.292
3.960
4.301
2.558
2.512
3.689
2.070
2.385
2.767
3.155
2.863
3.216
2.730
2.192
1.869
1.766
2.240
3.202
3.272
3.174
2.513
2.230
1.194
2.538
2.019
1.406
2.018
2.259
2.536
4.753
2.361
3.442
4.325
2.444
2.397
1.280
1.672
1.733
1.740
1.560
2.685
2.692
3.102
2.310
1.425
1.266
2.036
2.506
1.403
4.400
2.953
1.281
1.638
2.809
2.510
2.185
1.745
1.639
2.530
1.788
5.218
5.252
3.773
3.929
3.399
1.334
2.016
2.165
4.495
2.601
2.799
1.804
2.260
2.444
2.390
3.800
2.781
2.750
1.716
0.848
1.602
1.564
1.760
1.970
1.750
1.480
1.968
3.557
4.038
3.074
2.434
3.900
2.285
2.757
3.212
3.577
2.452
1.960
2.118
3.571
3.679
2.198
2.213
2.896
3.088
2.193
2.664
3.139
2.518
3.073
2.540
2.732
2.572
2.380
2.671
2.788
3.497
3.186
3.209
3.799
3.453
3.513
3.724
2.415
2.326
2.539
4.308
2.735
2.681
3.232
3.220
2.456
2.900
2.274
2.730
3.158
2.865
2.822
3.390
4.115
2.834
2.320
3.326
3.702
3.890
3.337
2.362
2.443
2.142
2.791
2.382
3.380
2.851
2.714
3.827
3.890
2.606
3.030
3.681
3.583
2.844
2.025
2.233
3.068
2.355
2.718
3.318
3.124
2.675
2.876
2.697
2.762
3.460
1.620
1.565
2.166
2.985
2.625
2.794
2.378
2.326
2.493
2.716
3.425
3.138
2.550
2.494
3.376
2.289
2.002
1.600
1.769
1.824
3.311
3.472
3.118
2.682
2.439
2.973
3.166
3.099
2.399
1.827
1.927
5.756
5.382
3.023
2.604
2.705
0.983
1.887
3.575
2.572
1.833
1.851
1.731
2.385
2.583
1.814
1.769
1.794
0.954
2.021
1.904
2.985
2.422
1.276
1.465
2.426
1.207
1.827
2.956
5.286
3.135
1.807
1.032
2.400
3.697
4.387
3.385
2.026
2.743
4.219
3.028
3.249
3.365
3.788
3.869
3.613
3.767
3.210
1.356
1.482
2.530
2.903
3.109
2.363
2.346
2.035
1.816
1.798
1.533
1.946
1.739
2.658
2.092
1.762
1.804
1.470
1.374
1.483
2.391
1.882
1.547
1.134
1.274
1.817
4.258
5.033
3.419
2.859
2.925
2.154
2.493
2.487
1.703
0.774
1.207
1.400
1.773
2.218
1.893
1.355
1.485
3.731
3.925
2.094
1.408
1.292
1.527
2.083
2.007
1.790
1.434
2.044
1.558
1.643
2.189
1.441
2.067
2.140
2.298
1.771
1.750
1.704
1.551
1.977
2.861
2.358
2.600
2.797
3.482
2.843
1.977
1.365
1.454
2.584
1.913
2.067
1.912
1.425
1.758
2.248
1.785
2.536
2.126
1.703
1.319
1.531
1.090
1.546
1.465
1.175
1.292
1.795
1.611
0.898
2.068
1.361
1.736
2.652
3.151
3.248
2.173
2.675
3.624
3.073
2.464
1.388
2.559
2.629
1.774
2.428
2.305
2.226
2.468
2.320
1.771
2.045
2.816
3.927
3.224
2.246
1.829
2.066
1.720
2.097
1.711
1.622
1.470
0.842
3.180
2.225
1.653
1.969
2.021
3.015
3.683
2.395
3.354
2.714
1.535
1.045
2.998
2.522
4.156
4.498
2.688
2.269
2.273
2.888
2.043
1.564
1.137
1.539
1.812
2.104
2.299
2.372
1.615
1.297
1.643
1.957
2.513
2.314
3.221
4.053
2.735
1.841
1.658
1.550
2.957
4.030
5.639
4.994
4.213
3.582
4.243
3.942
2.803
2.306
1.609
2.334
2.248
2.262
1.890
2.010
2.104
2.373
1.466
1.517
1.535
3.422
1.817
2.074
3.204
3.419
4.028
2.499
2.870
3.917
3.889
3.298
2.782
2.370
2.499
2.561
3.000
2.756
2.361
1.991
2.880
3.219
3.031
3.102
2.738
2.571
2.523
3.361
3.505
2.388
2.376
4.637
3.053
2.161
2.675
2.323
2.610
2.315
1.837
2.136
2.779
2.781
3.313
1.355
2.872
2.962
2.225
2.425
2.546
2.380
2.621
1.726
3.021
2.674
3.017
2.757
3.419
1.877
3.561
3.325
3.687
3.305
4.079
4.142
3.188
3.911
3.271
2.646
2.596
2.630
2.482
2.394
3.076
3.802
3.395
3.717
2.995
3.594
2.918
2.758
2.610
2.609
2.437
2.797
2.662
3.995
5.716
6.651
5.139
2.721
2.087
1.972
2.913
2.876
3.931
3.891
4.287
3.405
2.350
2.055
2.303
1.998
1.654
1.606
2.446
2.299
3.000
3.925
2.990
1.659
3.144
3.308
2.888
3.329
3.230
2.385
1.864
1.645
2.559
3.367
2.414
3.502
3.450
3.683
2.402
2.049
2.553
3.544
3.163
2.506
2.809
3.878
4.105
3.665
2.085
1.888
2.610
2.649
4.375
4.856
3.669
3.674
4.478
3.647
3.588
3.148
3.714
4.102
3.671
2.483
2.607
2.540
1.278
1.183
2.281
4.277
3.762
2.766
1.140
1.542
2.681
2.285
1.976
2.553
1.714
2.581
2.009
1.733
1.949
1.676
1.911
2.352
2.114
2.410
2.338
2.306
2.374
2.475
2.433
4.628
3.354
3.610
3.833
3.761
3.548
3.237
2.987
2.122
1.534
2.039
1.471
1.002
1.101
2.097
2.046
1.758
1.638
1.885
2.196
2.558
2.310
3.141
2.814
2.549
1.664
1.612
1.131
1.299
1.540
1.539
2.030
2.548
1.832
1.878
1.441
1.503
1.636
1.711
1.423
1.350
1.486
0.814
1.508
1.478
1.952
1.260
2.286
2.508
2.801
2.859
2.366
1.481
1.930
2.014
1.491
1.860
1.499
1.550
2.043
2.781
2.864
2.267
1.589
1.297
0.958
1.738
1.000
0.852
1.418
1.339
1.360
1.971
1.672
1.672
2.276
1.940
1.357
1.671
2.039
1.971
2.510
1.970
1.630
1.319
1.690
2.015
1.113
1.323
1.536
1.917
2.260
2.307
1.835
0.916
0.907
1.070
2.508
2.101
1.585
1.574
1.527
2.560
4.393
2.319
2.373
2.421
2.532
1.413
1.704
1.443
2.627
3.666
2.838
2.350
3.074
2.980
3.111
2.410
3.647
2.020
2.488
2.733
2.185
1.793
1.982
3.670
3.591
3.551
1.501
1.507
3.325
1.606
2.373
3.528
2.439
1.992
1.468
1.785
2.702
1.868
4.418
3.180
2.270
1.876
1.855
1.909
1.706
3.052
3.186
3.178
3.345
6.410
6.524
4.683
2.326
1.636
2.131
2.117
2.322
3.591
2.472
2.708
2.863
4.244
4.565
3.784
3.210
4.169
4.444
4.217
3.826
2.724
3.999
3.148
3.493
3.293
3.983
3.089
1.821
1.983
1.911
1.118
1.940
2.008
2.661
2.056
2.855
3.479
2.259
2.181
2.721
2.472
3.145
2.672
3.728
2.558
1.698
3.077
1.980
1.820
2.494
2.281
2.229
2.851
2.575
2.337
2.511
2.459
2.923
3.613
3.062
2.557
2.833
2.355
3.073
2.293
2.007
2.098
2.761
2.116
2.657
2.076
3.256
2.345
3.831
3.198
2.796
2.734
1.601
2.349
2.034
2.357
2.143
1.976
3.024
3.488
2.659
3.726
3.244
3.144
3.380
2.403
2.426
2.547
3.315
3.445
3.640
5.274
3.579
4.043
3.969
3.345
3.250
2.869
2.551
1.729
2.520
2.591
2.504
3.903
4.173
3.396
3.091
3.781
2.204
3.034
2.915
2.309
2.345
2.414
2.494
2.679
2.620
3.437
2.401
3.137
3.507
3.004
3.435
2.644
3.534
2.528
2.043
1.175
2.526
2.682
4.526
5.783
5.077
2.692
1.861
1.910
2.708
2.517
2.283
2.371
2.975
2.455
3.211
3.071
3.495
4.873
3.275
2.308
1.650
1.402
1.354
1.484
2.056
1.882
1.264
1.573
2.429
2.825
4.263
4.115
2.440
2.628
2.791
4.318
3.389
1.706
2.049
3.454
2.790
1.558
2.141
3.031
2.124
2.474
2.108
1.947
1.812
1.456
2.529
2.464
1.763
1.815
2.286
2.120
2.044
1.107
1.249
1.913
2.419
2.494
1.355
1.877
1.274
1.286
1.343
1.759
1.521
1.839
2.188
1.827
1.876
2.010
1.818
1.712
2.147
3.337
4.079
6.244
5.155
2.024
2.365
2.154
2.125
1.714
2.598
3.560
2.043
1.278
1.533
1.234
2.582
2.169
2.251
1.968
1.830
1.375
2.279
2.854
2.627
2.391
1.195
1.429
0.793
1.479
1.703
1.359
1.331
1.695
1.378
1.316
1.502
1.415
2.340
3.346
4.612
3.381
1.423
1.426
0.875
1.307
1.256
1.048
1.924
1.232
1.081
1.673
1.799
1.924
1.516
1.987
2.699
2.504
1.838
1.478
2.035
2.494
1.984
2.160
3.137
2.029
2.521
2.199
2.850
2.496
1.332
1.324
0.991
1.524
1.729
1.579
1.656
1.623
1.770
1.951
2.503
2.459
1.882
2.290
3.129
4.152
3.595
2.161
2.106
2.032
1.801
2.399
2.897
3.139
3.588
3.107
2.642
2.274
2.217
2.376
2.032
1.160
1.347
1.162
1.190
2.052
3.823
3.083
1.889
1.091
1.630
1.398
1.982
2.119
2.020
1.931
4.228
4.900
3.775
3.355
4.202
3.460
2.776
3.214
2.925
2.050
2.720
1.039
2.639
1.856
3.235
4.474
6.261
5.607
4.945
2.343
2.807
2.653
2.831
3.046
2.537
2.204
1.714
1.045
1.646
1.769
2.438
3.938
2.389
1.146
1.333
1.123
1.294
2.128
1.691
1.429
1.165
2.274
2.508
3.132
3.595
1.742
2.687
1.468
2.653
3.388
2.997
3.993
4.327
4.772
5.300
5.275
3.971
3.415
3.263
2.338
2.190
2.516
2.523
1.863
1.852
4.128
2.194
2.269
2.377
1.185
2.078
3.597
3.987
3.378
2.756
2.026
3.106
3.875
3.903
3.710
3.172
3.033
3.605
3.180
3.392
2.142
1.609
1.887
2.168
2.824
2.523
2.331
3.151
3.571
3.277
3.495
3.373
2.618
3.190
2.627
3.125
3.528
2.606
3.410
3.316
2.988
2.190
2.121
2.398
2.556
2.903
2.694
3.174
2.427
3.260
2.761
1.701
2.350
2.215
2.821
2.405
2.500
3.035
5.010
3.706
3.606
3.502
2.451
2.607
4.908
3.652
3.716
2.861
1.762
1.692
1.976
2.164
2.566
2.108
2.208
2.566
2.468
2.283
2.416
2.061
2.515
2.395
1.688
2.379
3.543
2.954
2.349
1.513
2.436
2.007
2.347
1.162
1.961
3.102
3.676
2.349
1.950
2.048
1.638
2.404
2.454
2.238
2.904
3.304
2.394
3.126
3.334
2.687
1.931
1.546
1.965
1.788
1.611
2.021
3.423
5.299
5.777
3.123
3.266
2.645
1.933
2.172
3.888
2.839
1.293
2.123
0.940
0.919
2.677
2.872
2.621
2.719
3.489
4.687
3.786
2.042
1.188
1.548
2.322
2.270
2.263
3.676
6.346
2.533
1.244
3.051
4.213
5.177
3.842
2.016
1.144
1.203
1.606
2.489
1.957
2.527
3.987
2.943
3.004
3.470
5.346
3.824
1.986
1.462
1.375
3.317
3.755
2.933
2.438
1.631
2.210
1.206
4.111
5.086
3.142
1.998
2.373
1.787
3.550
4.702
3.045
2.575
2.357
1.972
1.958
1.953
1.845
1.624
1.993
2.009
2.058
1.866
1.689
1.733
4.242
5.498
5.374
3.400
3.649
1.791
2.232
1.016
1.521
1.770
2.507
1.880
1.206
1.173
1.461
1.474
1.469
1.709
1.769
1.745
1.735
1.563
1.222
1.599
1.144
1.181
0.898
1.231
1.178
1.759
1.488
1.543
1.074
1.395
1.496
1.021
1.044
1.199
1.526
1.009
1.341
0.879
2.094
1.546
2.149
2.429
2.241
2.368
1.197
1.400
1.320
1.565
2.276
1.493
1.870
1.510
1.191
1.812
1.442
1.573
2.307
3.440
2.772
2.205
2.190
1.974
1.790
1.998
1.578
1.609
1.172
2.169
3.512
3.552
2.708
2.051
1.444
1.777
1.640
2.043
2.395
1.432
2.097
3.653
2.857
2.935
2.599
1.456
1.923
2.155
1.664
2.112
1.955
1.969
2.344
2.348
2.843
3.203
2.772
3.254
2.049
2.073
1.420
2.896
3.696
4.282
3.610
3.249
2.724
3.827
3.597
2.997
2.944
3.906
2.168
2.979
2.718
1.920
1.218
1.935
2.319
3.241
3.930
2.420
2.589
1.662
2.083
2.339
1.542
1.007
1.482
1.361
1.637
2.816
1.975
1.688
2.235
2.159
2.256
2.412
4.738
3.420
2.962
3.276
3.924
2.891
2.831
3.569
3.592
2.423
2.252
2.405
2.697
3.841
2.714
1.724
2.720
2.670
3.367
3.250
1.830
2.089
3.953
2.183
2.368
2.967
3.706
3.965
3.564
2.072
1.729
1.308
1.013
1.478
3.518
1.908
3.873
4.582
2.223
1.338
1.461
1.225
2.184
2.965
3.509
3.865
4.407
3.705
2.466
1.337
0.766
0.852
1.669
2.577
4.276
4.101
3.012
1.452
1.987
2.322
2.243
2.652
2.251
2.705
4.713
3.957
3.429
2.977
2.958
2.794
2.349
2.167
1.264
1.992
3.071
3.505
3.439
4.147
3.933
3.236
3.754
3.143
3.123
2.302
2.855
2.565
2.101
1.427
2.065
1.132
1.225
2.061
2.169
2.930
3.342
2.943
3.019
2.845
3.148
1.965
2.236
0.909
1.736
2.932
3.715
3.461
2.694
2.234
2.914
2.565
1.784
3.011
2.892
2.587
2.871
2.852
3.111
4.373
2.497
3.987
2.829
3.635
4.191
3.098
2.909
2.693
3.633
2.421
2.651
3.238
2.170
2.513
2.300
2.471
3.079
4.110
3.895
3.556
3.138
2.819
1.447
4.109
6.628
5.126
2.512
1.871
1.594
1.718
3.205
5.971
6.564
3.965
2.670
2.177
1.482
2.334
2.326
1.770
2.304
3.717
3.801
2.504
2.660
2.748
2.992
2.635
1.351
2.621
3.974
2.813
2.658
2.807
2.484
2.289
2.213
3.137
1.975
2.777
1.909
2.026
4.413
5.004
2.978
1.498
1.881
2.062
1.936
1.953
2.206
3.629
2.981
3.043
1.767
2.924
4.729
2.947
1.626
1.382
1.334
1.209
1.883
2.683
3.662
2.854
1.932
1.690
1.541
2.161
2.668
2.167
2.581
2.079
1.223
1.304
1.278
2.591
2.465
1.991
1.351
1.514
1.840
1.770
1.986
1.960
1.788
1.683
2.837
4.029
7.272
7.185
4.946
2.359
1.860
2.742
1.969
1.887
1.366
1.506
0.792
0.817
1.045
2.019
2.929
3.058
2.710
2.075
1.545
1.729
1.865
1.342
1.400
1.468
1.546
1.589
1.980
0.993
1.438
1.575
0.777
1.099
1.319
1.602
1.614
0.672
1.258
1.351
2.056
1.080
1.643
1.643
1.256
1.329
1.478
1.521
1.486
1.133
1.193
1.414
1.292
1.750
2.388
2.985
1.463
1.246
1.312
2.089
2.899
2.355
1.901
2.147
1.805
1.268
1.376
1.304
0.853
0.905
0.891
2.427
1.273
1.742
2.281
1.094
1.684
1.657
2.252
2.426
2.127
1.510
1.351
1.642
3.201
4.027
3.148
3.353
3.106
2.948
4.083
3.474
3.252
1.986
2.351
2.201
1.630
2.787
2.733
2.741
3.350
3.593
2.646
1.852
2.476
3.671
3.078
2.123
3.008
2.658
3.387
3.073
3.943
4.891
3.436
3.677
2.996
1.966
1.491
1.325
1.924
1.955
3.717
1.989
3.734
1.495
1.380
1.140
3.444
3.909
2.389
1.418
1.908
2.005
1.320
1.038
1.584
1.413
1.632
1.781
1.244
2.750
4.154
3.094
3.165
4.113
3.036
2.882
2.184
1.030
1.302
2.223
2.722
1.552
1.712
1.346
1.882
2.980
3.375
2.051
1.533
1.553
1.358
1.259
1.931
1.835
2.582
2.644
1.777
2.267
1.811
2.638
3.400
3.154
2.559
4.072
3.044
2.356
2.884
2.375
2.180
2.314
2.574
2.504
1.678
2.582
2.484
1.392
3.108
3.907
2.986
3.363
2.817
2.485
3.008
3.211
2.146
2.435
2.229
3.592
2.928
2.559
2.798
2.626
2.822
1.869
1.752
2.618
3.136
2.904
2.339
3.180
2.902
3.351
1.897
2.006
1.958
2.607
2.458
2.617
2.475
2.479
3.178
2.618
3.030
2.936
3.102
3.422
2.416
2.686
2.267
2.172
2.486
2.232
1.957
2.023
2.328
2.232
2.184
2.406
2.634
3.025
3.225
3.055
1.838
1.929
2.098
2.339
1.258
2.916
2.900
2.297
1.867
2.700
2.636
3.173
4.326
2.505
2.556
2.490
2.451
2.179
2.781
2.883
2.987
2.536
1.800
1.467
2.016
1.741
2.907
3.283
3.298
1.762
2.188
1.376
2.122
2.492
2.836
2.062
3.063
4.041
2.460
1.831
2.160
1.979
1.386
1.633
1.909
1.182
1.553
2.951
4.540
3.728
1.842
1.972
2.303
2.233
2.205
2.718
2.307
1.500
1.174
2.982
2.258
2.195
2.354
1.882
1.274
1.979
3.330
2.941
4.278
3.068
3.489
3.866
3.058
2.737
2.941
2.843
2.299
1.687
1.566
2.280
4.884
4.505
2.199
1.954
1.284
1.888
2.701
1.616
2.312
2.134
1.561
2.097
1.971
1.578
2.048
2.489
2.145
2.478
3.004
3.298
2.454
1.488
0.990
1.814
1.916
1.528
1.618
1.244
1.199
1.036
2.083
2.344
2.515
2.078
1.846
1.377
2.201
2.583
5.764
6.025
3.541
1.239
1.618
1.095
1.643
1.080
1.806
2.399
2.293
2.391
1.661
1.116
1.049
1.176
1.269
1.426
1.430
1.589
1.381
1.403
1.376
1.542
2.035
1.341
1.272
1.618
1.687
1.327
1.962
1.864
2.063
2.195
1.642
1.083
1.262
0.973
2.152
3.134
2.400
1.900
1.669
1.764
2.061
1.530
1.400
1.621
1.511
1.509
2.034
1.788
0.997
0.769
1.112
1.419
1.294
1.639
2.126
1.623
1.309
2.041
1.331
1.311
2.053
2.319
2.597
2.114
2.353
1.662
1.785
1.285
1.587
1.775
1.449
1.280
1.423
2.326
1.824
1.321
1.610
1.321
1.210
1.295
1.560
1.545
2.586
2.462
2.095
2.703
1.486
1.516
1.838
1.461
1.612
1.606
1.472
2.698
2.572
2.645
2.195
1.882
1.209
1.826
1.282
1.570
2.396
1.936
1.333
1.583
1.488
2.416
1.649
1.941
1.544
1.700
2.135
2.546
1.860
1.945
1.512
1.303
1.621
2.577
3.833
4.498
2.969
1.943
2.017
1.525
2.096
2.247
2.410
3.315
1.903
2.288
3.807
3.327
2.638
1.537
1.683
1.261
1.756
2.071
2.473
2.315
1.160
2.305
3.443
2.821
1.953
3.730
3.780
3.246
3.037
3.473
1.907
4.533
5.267
3.383
2.719
3.718
4.626
3.911
4.826
4.331
1.995
2.222
2.113
3.850
3.911
2.963
2.145
2.344
2.408
3.938
2.759
2.483
2.430
2.250
2.143
1.086
2.414
2.490
2.018
3.563
1.914
1.156
2.484
2.297
2.542
2.195
2.641
3.051
2.556
3.465
2.448
2.202
2.710
3.224
2.194
2.608
3.361
2.720
1.362
2.572
2.602
1.287
1.702
2.050
2.527
4.112
4.391
5.314
3.835
3.483
2.491
2.496
4.487
3.318
3.563
3.196
2.479
1.935
2.764
2.773
3.594
4.199
2.926
2.295
2.153
2.883
3.667
3.786
3.217
2.917
4.519
4.579
3.196
2.457
3.315
3.163
2.797
2.807
3.053
3.044
3.323
3.419
3.012
3.288
4.761
4.294
3.568
2.448
3.038
2.264
1.921
1.763
1.811
2.237
2.196
3.110
2.296
2.649
3.525
3.093
2.606
2.860
3.484
3.683
2.880
2.249
3.379
2.467
2.444
2.426
2.356
2.361
2.937
3.391
3.927
3.169
3.616
3.769
3.135
2.624
2.786
3.516
2.289
1.944
1.790
1.963
2.832
3.406
3.774
3.958
3.869
3.146
2.556
3.402
4.060
5.164
5.152
3.453
3.000
1.032
2.723
4.796
4.261
2.404
2.386
3.357
2.584
2.658
2.501
2.548
3.067
3.267
2.547
2.186
2.608
2.829
1.955
1.642
1.491
1.751
1.374
2.181
2.853
2.553
2.272
2.186
3.499
2.148
1.920
2.635
2.413
2.807
2.464
1.900
1.908
2.678
3.183
3.470
4.424
3.900
2.446
2.158
1.949
2.008
2.089
1.651
2.488
3.329
5.172
5.198
2.977
3.859
2.622
1.078
1.695
2.080
0.943
1.237
1.203
1.449
1.694
1.820
1.365
1.801
1.595
2.302
1.847
1.495
1.540
1.686
1.999
1.921
2.218
3.310
2.215
2.324
2.133
3.524
3.202
2.881
3.772
2.113
2.175
1.868
1.749
2.163
1.775
1.344
0.865
2.424
2.615
2.630
2.990
2.384
2.261
1.967
2.483
2.219
1.658
2.300
1.537
1.759
2.685
1.477
0.842
1.421
1.357
1.411
1.231
0.997
1.577
1.969
1.178
1.666
2.055
1.736
1.841
3.059
4.079
3.742
1.468
2.608
3.155
2.705
2.100
1.687
2.621
2.669
2.770
2.635
2.076
1.892
2.164
1.586
1.633
1.826
1.432
1.620
1.989
2.685
2.967
2.150
1.977
1.575
1.689
1.866
2.304
3.241
2.418
3.438
2.220
1.750
3.448
2.529
2.677
3.006
3.562
3.745
3.764
2.484
1.964
2.415
2.345
1.207
3.262
2.875
2.099
2.452
4.247
3.405
2.303
1.429
2.134
3.362
3.381
3.660
2.984
1.785
2.175
2.949
2.663
2.401
2.438
2.837
2.591
2.753
3.081
2.291
2.038
1.316
2.935
2.733
2.423
2.008
3.133
3.528
3.082
2.784
3.422
2.994
3.411
1.868
1.540
1.917
2.543
2.357
2.751
2.848
3.002
2.560
2.314
2.424
2.263
4.525
2.499
2.919
2.364
1.720
2.296
2.046
3.157
2.166
2.991
3.268
2.572
4.036
3.802
3.795
3.110
4.199
3.969
3.541
3.069
2.664
2.717
3.875
3.858
3.121
2.222
3.149
2.674
1.819
1.868
1.767
1.517
3.265
3.704
3.732
3.132
2.397
3.090
3.281
3.046
3.307
3.026
3.134
2.666
2.152
2.052
2.566
3.874
2.906
2.062
2.479
3.433
3.285
2.082
2.769
2.011
2.524
2.889
4.151
3.431
3.750
2.571
2.409
2.685
2.418
2.363
2.765
2.353
5.072
4.041
2.949
3.225
3.359
3.264
2.162
2.364
2.825
3.177
2.444
2.298
3.390
2.656
2.265
2.294
2.509
1.669
2.209
3.049
4.877
3.872
2.989
2.956
4.720
3.716
2.743
4.095
3.948
4.083
4.402
3.544
3.156
2.411
2.594
2.873
3.181
3.062
3.060
2.633
2.524
3.690
2.898
2.669
2.684
3.131
3.511
3.488
2.532
2.692
2.378
2.360
1.895
2.366
3.153
2.528
3.298
3.465
2.886
3.202
2.971
1.816
1.913
2.556
3.032
3.287
3.424
3.669
3.556
3.210
3.385
4.103
3.267
2.363
2.654
2.070
3.411
1.455
2.369
3.245
2.684
2.185
2.352
3.016
2.398
3.174
2.532
2.029
2.701
5.105
5.268
3.926
3.108
3.216
3.228
2.813
2.791
2.985
3.291
2.954
3.552
4.603
3.881
1.819
2.289
1.607
1.428
1.947
2.215
2.585
2.809
2.105
2.260
2.309
2.699
2.344
2.409
1.566
1.651
2.052
2.220
2.000
2.149
2.290
2.336
2.960
3.498
3.180
3.328
2.923
2.523
2.542
2.739
3.489
3.870
3.148
2.138
1.922
1.140
0.931
2.284
2.341
3.477
3.332
3.920
4.393
2.996
1.692
1.195
0.816
1.247
1.416
1.480
2.240
2.043
1.572
0.644
1.161
1.598
0.812
1.130
1.018
2.346
3.437
2.646
1.572
1.511
1.291
1.661
1.992
1.809
1.938
3.922
3.280
1.811
1.633
1.555
1.365
1.506
1.878
2.261
1.857
1.417
1.405
1.610
0.720
1.060
2.461
1.890
1.403
1.875
1.650
1.080
1.291
1.043
1.343
1.202
1.580
1.829
1.608
1.791
2.197
2.164
1.510
1.340
1.672
1.903
2.954
2.491
1.143
1.876
2.043
1.626
2.187
1.389
2.763
3.566
3.184
2.419
2.023
2.216
2.138
2.299
1.911
1.454
1.083
1.347
2.872
4.066
4.214
1.654
2.877
2.929
2.653
3.138
3.612
3.458
3.170
3.067
2.266
1.091
1.148
1.880
1.408
2.663
2.833
2.643
1.625
0.952
4.319
2.725
2.145
2.566
3.064
2.825
2.591
1.524
2.039
3.932
2.698
2.320
1.710
1.271
1.858
3.333
3.016
1.548
1.942
1.329
2.079
1.083
1.614
1.430
1.272
2.194
2.716
1.665
1.365
2.703
2.481
2.907
1.912
1.608
1.719
1.030
1.391
2.090
2.547
3.724
3.275
2.737
2.494
2.121
1.483
2.763
2.650
2.586
2.842
1.572
1.228
2.260
2.749
2.881
2.392
2.692
1.913
2.443
3.401
2.703
2.635
2.669
2.889
2.843
4.293
4.153
4.487
3.072
2.506
1.737
2.555
1.322
1.420
1.900
1.583
1.966
2.638
2.252
2.491
3.122
2.756
2.243
2.396
1.805
1.937
2.176
3.592
3.842
3.483
2.625
2.769
1.978
2.609
3.883
1.807
2.001
2.097
2.138
2.368
2.048
2.468
2.587
3.277
1.625
1.504
1.531
1.930
2.146
2.342
1.932
2.316
2.211
2.878
2.477
4.265
4.182
2.896
2.717
2.737
2.893
2.470
2.704
3.354
4.774
2.841
2.950
2.216
2.587
2.131
2.915
3.312
3.356
3.182
2.799
2.558
3.052
3.348
3.521
4.121
3.554
2.753
2.519
3.116
2.742
4.103
3.380
2.688
2.011
2.696
2.489
2.393
2.191
2.795
2.356
2.351
2.493
3.877
3.017
2.970
2.457
2.326
2.261
2.920
3.007
3.116
2.913
2.029
4.055
6.499
6.272
5.646
3.731
3.211
2.128
1.454
2.048
2.265
2.944
3.358
2.414
2.623
2.654
2.796
2.173
3.591
3.801
3.115
2.848
2.464
1.753
1.438
1.374
2.181
2.787
2.806
3.581
3.891
3.557
1.896
1.442
2.246
3.136
4.276
2.842
2.420
2.504
1.785
1.822
1.964
0.724
1.333
1.260
1.148
1.553
1.828
1.830
1.901
3.346
3.924
3.607
1.817
2.234
1.534
3.020
4.588
3.012
1.996
3.196
1.578
2.607
3.086
2.105
1.725
1.608
1.344
1.720
2.388
3.221
3.111
2.715
2.486
2.973
3.450
3.979
3.931
3.283
2.427
2.416
2.483
2.265
2.783
4.052
4.331
2.422
1.798
1.097
1.741
2.436
1.543
1.570
1.750
2.229
1.590
1.272
3.140
3.586
3.534
3.341
2.954
2.470
2.258
1.866
1.930
2.704
2.560
2.009
0.886
1.147
0.793
0.727
1.165
0.634
0.900
1.587
1.164
1.405
1.402
1.159
1.044
1.302
1.062
1.141
1.357
2.056
1.042
1.242
1.122
1.072
1.484
1.614
1.477
1.100
1.229
1.336
1.456
1.135
1.373
0.795
0.974
1.511
1.746
1.344
1.328
1.011
1.763
1.154
1.384
1.650
1.304
1.459
1.939
1.777
1.317
1.335
1.249
1.360
1.485
1.167
1.500
1.251
1.571
1.997
1.718
1.293
0.954
0.696
1.025
0.968
1.197
1.276
1.189
1.361
1.312
1.451
1.519
1.912
1.172
1.557
1.447
1.442
1.563
1.261
1.597
1.849
1.845
1.817
2.672
2.313
1.673
1.894
1.535
1.286
1.214
1.276
1.608
2.303
1.478
2.823
1.781
0.999
1.455
2.438
2.633
2.523
2.100
2.828
3.125
3.644
2.496
1.616
0.949
2.019
1.694
3.470
2.638
4.303
2.020
1.627
1.977
1.812
2.504
3.648
1.657
1.851
2.489
2.554
3.196
3.085
2.771
1.622
1.687
3.550
3.226
3.107
4.217
3.337
2.439
1.614
2.114
2.596
2.202
2.247
2.968
3.337
3.485
2.817
2.139
2.078
3.950
3.951
3.953
4.806
3.241
3.068
2.708
2.207
2.296
2.663
2.726
2.111
2.261
2.633
2.318
1.991
2.131
1.659
2.155
3.653
2.251
3.313
2.827
1.875
2.379
1.952
1.491
2.001
3.316
2.407
1.571
1.675
1.595
2.140
2.113
3.107
2.660
3.285
1.908
2.966
2.665
2.570
3.318
4.146
3.378
3.946
3.821
4.321
4.501
2.453
2.635
2.152
2.378
2.546
2.048
2.158
3.035
2.506
3.183
4.466
3.376
2.072
1.840
2.628
1.984
3.095
2.789
2.504
2.929
3.153
2.248
3.130
3.286
1.996
1.442
2.331
2.979
2.657
2.638
1.976
2.948
3.921
3.099
2.871
3.021
3.184
2.432
2.485
1.661
2.335
3.140
3.044
2.072
2.602
2.628
2.648
2.116
2.286
3.510
2.893
3.901
3.193
1.883
2.405
2.260
2.322
1.963
2.224
2.959
1.689
3.106
3.312
2.998
3.327
3.006
4.560
3.394
2.028
2.174
3.340
4.111
3.370
1.631
2.868
3.014
2.410
2.475
2.154
2.823
3.627
3.337
3.659
3.594
2.217
3.247
2.087
2.306
3.440
2.206
1.580
2.422
1.682
1.866
1.786
1.005
2.237
2.254
1.418
1.922
2.542
2.053
1.054
1.528
2.153
2.136
2.027
1.475
1.301
2.051
2.225
1.092
1.466
2.246
2.512
3.497
3.147
2.041
1.528
1.694
2.101
2.748
2.061
1.715
1.548
1.608
1.448
1.733
2.180
2.258
1.838
1.402
1.655
1.851
1.535
1.352
1.852
2.264
1.527
1.344
1.631
1.325
1.597
1.614
2.641
4.822
4.501
3.183
1.546
1.313
1.885
2.622
1.673
1.181
1.299
1.569
1.115
1.978
1.881
1.307
1.472
1.142
1.435
1.937
1.904
2.333
2.078
1.965
1.902
1.825
1.407
1.017
1.008
0.776
1.105
1.470
1.886
1.837
1.337
1.441
1.618
1.613
2.798
1.751
0.957
1.049
1.263
1.319
1.554
1.533
1.435
1.173
1.212
1.859
1.824
1.761
2.063
1.294
2.073
2.867
2.471
2.458
1.865
1.383
1.017
1.708
1.045
0.971
1.434
2.111
1.995
2.174
1.751
1.888
2.252
2.740
2.233
2.116
2.126
2.519
2.173
2.377
2.507
2.400
2.269
1.569
1.626
2.676
1.748
2.833
2.055
2.233
2.807
2.158
2.740
2.944
2.994
2.401
2.765
2.533
2.241
1.874
1.053
1.798
1.956
1.490
1.547
1.402
2.242
3.775
3.123
3.233
2.734
1.365
2.112
2.371
2.915
2.640
2.264
2.362
2.589
2.039
1.831
2.499
1.746
1.532
2.507
2.377
1.806
1.993
2.835
2.961
2.176
1.956
1.875
1.375
1.354
1.764
1.801
1.197
1.468
2.023
1.954
3.266
2.497
2.455
2.792
3.631
2.978
2.853
2.579
2.549
2.530
2.154
1.889
1.997
1.764
2.089
1.948
1.810
2.422
4.069
3.701
3.240
2.554
2.767
2.778
3.604
3.396
2.905
3.254
2.374
3.273
2.594
2.616
2.647
2.603
2.335
3.147
3.537
2.970
2.726
4.899
4.532
3.019
2.862
2.388
2.049
2.180
2.155
2.144
2.642
1.648
2.056
1.935
1.875
1.977
2.518
3.220
3.762
4.259
2.975
2.078
2.266
2.638
2.281
2.744
3.593
4.394
3.368
3.478
3.881
3.500
3.216
2.698
2.030
3.300
5.142
5.242
4.215
2.765
2.067
1.508
2.476
2.314
2.162
1.568
2.760
2.611
2.337
4.007
2.350
3.766
3.032
2.503
2.200
1.570
1.693
1.620
2.006
2.135
2.590
2.014
2.273
3.249
3.727
3.081
2.046
4.500
4.270
3.435
3.032
3.771
3.192
2.376
2.287
2.411
2.266
2.322
2.877
2.460
2.381
2.686
2.963
2.699
2.221
2.935
2.961
2.580
2.204
1.823
2.194
2.387
4.500
5.324
2.848
1.405
1.331
1.547
1.656
2.009
2.439
1.308
1.615
1.801
2.792
3.494
3.931
4.740
3.871
2.997
1.273
1.394
1.451
1.266
1.427
1.586
2.345
2.846
3.868
1.732
1.192
1.029
2.149
2.313
1.469
1.751
1.872
1.355
1.834
1.647
1.458
1.596
1.627
2.017
2.720
3.898
2.209
2.232
2.369
2.583
2.567
2.210
2.442
2.601
2.027
2.854
3.229
2.675
1.957
3.033
4.460
1.789
1.943
3.095
3.540
3.827
2.568
0.758
1.222
1.812
2.834
1.773
1.465
1.402
1.384
1.344
1.778
1.641
1.460
1.342
1.675
1.131
1.645
3.226
3.578
4.898
3.140
1.754
0.916
1.734
2.167
1.569
2.210
1.622
0.923
1.372
1.912
2.017
1.473
2.887
2.898
1.941
1.637
1.096
1.709
1.723
1.541
1.251
1.100
1.586
1.307
1.343
1.696
1.991
3.006
4.309
3.076
2.238
1.910
1.426
1.223
0.849
1.060
1.159
2.598
2.998
4.002
3.858
2.028
1.805
2.066
1.678
2.034
2.075
2.062
1.380
1.637
2.370
6.921
4.793
1.436
1.423
1.481
1.255
1.207
1.188
1.050
1.536
1.730
1.806
1.036
1.847
1.361
2.295
2.167
1.409
1.126
1.181
1.124
1.408
1.422
1.062
1.080
1.020
1.279
1.693
2.966
3.173
2.177
2.190
1.863
1.794
1.683
2.348
2.243
1.876
1.576
0.999
0.813
1.626
1.197
1.575
1.339
0.956
1.161
1.238
1.798
1.773
1.490
1.351
2.252
1.988
1.606
1.530
1.235
1.255
1.568
2.180
2.441
1.859
1.484
1.044
1.335
1.642
1.092
1.488
2.099
2.463
1.931
2.056
3.174
3.270
2.781
2.506
2.335
2.180
1.263
1.778
3.569
4.221
2.878
2.450
2.738
2.751
2.947
1.824
1.239
1.139
2.310
2.493
2.145
2.044
1.401
1.531
1.577
2.990
2.952
2.194
1.179
1.249
2.138
3.262
4.265
3.372
3.245
2.624
1.842
2.484
2.468
2.806
3.315
3.217
3.671
2.583
3.773
2.481
2.846
3.969
3.231
2.824
3.743
1.693
3.474
3.086
2.148
4.728
2.736
1.837
1.688
1.240
2.130
1.427
2.577
2.750
2.506
2.995
1.869
1.358
1.625
2.732
1.619
2.463
3.188
3.504
2.931
2.313
1.924
2.123
2.506
3.158
3.171
2.475
2.337
1.665
1.450
3.124
3.863
1.819
2.278
2.382
2.523
2.251
1.964
2.760
4.500
5.592
5.189
4.954
3.930
3.074
2.603
2.744
2.558
2.897
2.821
2.975
3.894
3.226
2.800
2.415
2.589
2.986
2.226
2.041
2.551
2.199
2.775
3.366
3.217
3.073
3.626
3.500
2.937
2.696
2.315
2.249
1.886
2.414
2.419
3.531
2.668
2.686
2.158
2.121
2.661
3.024
5.190
5.396
3.463
4.189
3.618
3.827
4.264
3.101
1.953
2.863
2.881
2.402
2.469
2.593
1.786
4.108
3.427
2.065
3.215
3.832
2.372
2.770
2.743
2.200
2.466
2.062
2.665
1.799
2.787
2.933
3.058
2.642
2.272
2.632
2.911
2.570
2.705
2.027
2.318
1.465
2.154
1.203
1.750
2.665
2.121
2.491
2.267
1.690
1.957
1.994
1.770
1.775
2.053
2.896
3.190
2.497
3.693
2.531
2.637
1.610
1.484
1.498
1.613
1.647
2.255
3.121
3.167
3.427
3.177
1.604
1.322
1.615
3.252
4.543
4.798
2.904
1.593
1.223
1.369
2.349
2.673
3.313
3.523
3.475
