20000101
1.896
2.123
2.852
2.889
2.480
3.317
3.264
1.957
1.415
1.292
1.236
1.378
1.873
2.825
1.660
2.852
4.281
3.134
3.063
3.530
1.587
2.787
2.205
2.136
2.125
1.078
1.865
1.777
3.440
2.222
2.796
5.310
4.719
2.366
2.165
4.502
3.354
1.950
1.771
2.109
1.580
3.808
2.489
1.858
3.349
3.276
2.101
2.454
3.179
1.956
2.406
1.854
2.684
2.776
3.884
3.633
3.645
2.721
2.797
2.517
2.987
3.380
2.457
2.282
2.087
2.529
1.584
3.567
4.818
4.091
2.148
3.395
3.570
3.817
3.232
3.901
3.366
1.816
2.722
3.198
2.106
2.399
3.181
1.930
2.494
1.638
1.651
2.567
1.611
2.294
3.164
3.331
4.884
4.108
3.670
3.679
3.373
2.932
3.728
2.762
3.796
2.151
2.403
2.904
2.800
4.142
2.545
3.020
2.890
3.045
2.793
2.672
3.062
2.715
5.316
4.586
4.577
4.231
2.979
3.466
3.154
2.918
3.876
4.937
3.811
3.037
3.290
1.921
2.066
1.594
1.636
1.729
1.583
2.648
2.465
2.626
1.706
2.367
2.295
2.500
3.442
3.233
2.412
2.703
2.064
2.798
3.390
3.480
4.075
4.649
4.416
2.996
2.502
2.569
2.663
2.699
3.317
6.538
5.627
2.147
2.060
2.029
2.822
2.251
2.009
1.826
1.614
1.511
2.064
2.904
4.042
3.545
2.898
2.985
2.035
2.376
3.342
2.527
1.858
2.468
3.413
3.675
3.029
2.163
1.936
1.530
1.120
2.389
2.037
2.406
1.748
1.725
4.002
4.841
4.599
2.822
1.238
1.742
2.944
4.264
4.814
3.512
1.791
3.279
2.461
1.815
1.614
2.887
3.095
2.714
2.581
1.757
1.522
3.310
3.651
3.963
3.529
2.813
1.742
1.407
1.722
2.502
3.795
3.839
2.978
2.162
1.365
1.293
2.234
1.484
2.949
3.278
2.941
3.311
3.126
3.131
2.757
2.574
2.416
2.341
2.121
2.198
1.734
2.125
2.375
4.036
3.970
3.344
2.088
1.671
2.109
1.785
0.942
3.111
2.733
2.456
2.148
1.873
2.759
1.962
2.024
2.623
2.921
3.280
3.355
1.802
1.311
1.537
1.707
1.591
1.738
1.622
1.428
1.428
1.284
1.361
0.788
1.063
1.350
1.541
1.624
1.678
1.510
1.506
1.697
2.014
3.009
2.491
1.121
1.553
1.733
1.578
1.409
1.557
1.018
1.427
1.543
1.395
1.787
1.786
2.243
3.765
2.261
1.610
1.219
1.272
0.993
1.921
1.912
1.939
1.785
1.671
1.594
1.766
1.978
1.691
1.757
1.138
1.246
1.652
1.687
1.723
1.887
2.080
1.547
2.048
1.415
1.801
2.089
2.389
2.457
1.648
1.791
2.803
2.374
2.968
2.729
2.246
3.216
2.315
2.259
1.687
2.211
2.390
2.465
2.041
2.001
1.947
1.822
1.830
0.981
1.202
2.971
3.496
2.689
2.354
1.895
2.239
1.933
1.600
1.830
1.754
1.594
2.085
1.767
2.480
2.329
2.383
3.284
3.993
4.039
1.985
2.112
1.920
3.259
3.067
3.018
1.888
2.698
3.268
1.928
2.590
2.454
2.984
2.407
2.176
2.323
1.964
3.911
5.701
3.841
3.118
3.321
2.442
1.862
2.041
1.907
3.679
5.354
3.937
2.428
1.685
3.644
4.034
4.551
3.511
2.623
3.326
2.490
2.435
1.251
2.465
2.671
1.539
2.220
3.619
3.340
2.562
3.145
2.916
1.760
2.222
2.743
3.233
2.011
2.154
3.577
3.384
2.879
3.258
4.011
2.225
2.066
2.246
2.453
2.400
2.010
1.884
1.965
2.389
3.569
3.961
3.058
2.038
1.809
2.051
2.622
2.055
3.977
4.233
3.706
3.486
2.070
2.105
1.980
3.014
2.175
2.963
1.911
2.231
2.957
2.065
2.208
2.778
3.798
1.728
2.383
2.940
4.508
1.959
1.512
2.652
2.386
1.945
2.866
3.803
4.334
3.349
2.661
2.051
2.112
2.335
2.925
3.231
3.558
3.400
4.815
3.732
4.041
2.841
2.380
4.937
3.543
3.615
4.021
3.851
4.532
3.400
2.684
2.669
3.565
2.885
2.700
2.847
2.671
1.958
1.739
3.377
2.526
2.514
4.219
3.596
2.461
2.505
2.591
2.550
2.711
1.582
1.486
2.500
2.165
1.849
2.224
2.450
2.004
2.692
2.493
2.972
3.563
5.088
5.651
3.728
1.705
2.149
2.255
1.381
1.813
2.407
0.925
2.029
3.167
2.842
2.699
2.951
2.758
2.945
4.327
3.156
0.752
1.365
1.125
1.472
1.639
2.761
3.415
4.283
4.145
3.863
3.847
1.814
1.779
0.970
2.833
1.773
2.267
3.468
2.793
2.722
3.668
4.019
3.167
2.648
1.377
1.351
2.699
3.361
2.709
3.112
2.632
1.839
2.377
2.933
2.504
2.638
2.211
2.158
2.791
3.092
3.511
2.214
2.021
3.406
3.419
2.068
1.202
1.123
2.561
2.359
2.095
1.712
1.737
1.281
2.346
1.948
2.249
1.637
2.075
1.465
2.968
4.134
2.918
1.535
2.269
1.833
2.226
2.131
2.093
1.828
1.417
2.082
1.724
0.955
1.516
1.377
1.466
0.992
1.532
1.394
1.011
1.281
1.116
1.231
1.670
1.105
1.503
1.362
1.539
2.049
3.238
3.696
2.713
2.556
2.569
2.869
1.801
1.059
1.433
1.079
0.930
1.405
1.431
1.182
1.642
1.500
1.106
1.352
1.695
1.452
1.258
1.208
1.330
1.334
1.456
1.725
1.019
1.583
1.488
1.196
1.108
1.754
1.671
1.547
1.089
1.995
1.353
1.454
2.455
1.934
1.507
1.619
1.861
2.076
1.613
1.402
1.020
1.571
1.428
1.896
1.648
1.280
1.509
1.410
1.862
1.621
1.722
1.585
1.484
1.282
1.515
2.585
2.775
3.058
2.147
2.389
2.316
1.731
1.449
1.633
1.341
1.104
1.483
1.535
1.635
1.444
1.574
2.576
1.666
1.988
2.433
2.780
2.494
1.954
1.539
2.019
1.403
1.361
1.831
1.871
1.937
2.452
3.061
2.012
2.362
1.837
1.536
1.347
1.059
1.421
1.856
1.951
2.121
3.027
1.805
1.779
1.333
1.428
2.746
2.275
3.785
2.913
2.700
2.014
1.401
2.323
4.408
3.392
1.905
2.624
2.468
2.023
2.978
2.297
2.215
3.296
4.328
3.004
1.777
1.815
2.228
1.842
2.413
3.081
2.023
3.854
4.172
3.621
3.417
2.449
2.188
3.287
4.536
3.389
2.475
2.418
1.332
2.400
2.458
3.501
4.115
2.812
1.556
2.180
3.541
3.297
3.291
3.533
2.140
1.746
1.481
2.342
3.344
3.890
3.817
4.387
4.407
3.544
2.141
1.992
1.348
1.471
1.815
2.218
3.105
2.904
2.345
3.030
2.711
2.115
2.867
2.703
2.527
3.185
4.646
4.423
2.883
2.450
2.493
2.858
3.141
3.909
3.230
2.118
2.722
2.824
2.843
2.678
2.941
2.676
2.942
3.233
2.265
2.556
2.927
3.996
5.085
3.130
3.058
2.841
3.305
5.247
3.718
3.851
4.755
4.412
4.159
3.949
4.406
3.909
3.240
2.979
4.125
3.785
3.558
3.483
3.595
3.579
3.055
2.410
3.101
4.015
3.808
3.813
2.858
4.052
3.939
3.857
2.715
3.317
3.131
3.258
2.381
1.598
2.742
2.897
2.475
2.536
2.728
1.993
3.137
3.064
3.223
3.324
2.389
2.256
2.203
2.995
2.440
3.167
3.142
2.486
2.522
2.492
2.833
3.042
4.641
4.261
3.475
3.239
2.143
1.785
1.909
2.983
1.521
1.245
2.028
3.001
2.311
1.476
3.013
3.782
3.432
2.779
3.868
3.727
2.410
1.677
2.924
1.642
2.823
3.565
2.865
1.628
2.454
3.565
3.656
4.016
3.100
3.516
1.996
2.346
1.695
2.531
2.279
3.055
2.975
2.499
1.998
2.253
2.465
2.187
2.362
1.874
2.861
2.171
3.926
1.608
2.918
3.450
3.036
3.280
3.136
2.223
2.408
3.905
3.800
4.879
4.034
1.768
2.904
2.554
1.734
2.857
3.296
2.900
3.237
3.283
2.886
2.698
2.580
3.040
3.178
2.137
2.596
4.268
4.974
4.246
2.124
1.748
2.544
2.615
1.913
1.915
1.777
2.053
1.613
2.200
2.514
2.782
2.089
0.906
1.292
0.892
1.571
2.004
1.283
1.971
1.925
0.955
0.865
0.986
1.368
1.778
1.933
1.516
1.810
2.003
2.476
2.452
1.239
1.158
2.022
2.569
1.300
2.016
1.990
1.995
1.478
1.313
2.273
1.931
2.431
2.457
1.816
1.223
1.491
1.316
1.460
1.616
0.905
1.131
1.197
1.039
1.227
1.361
1.177
1.024
2.293
2.604
3.850
2.526
2.216
2.294
2.070
2.277
2.178
1.411
1.825
1.398
1.240
1.442
2.403
2.987
2.526
2.752
2.280
2.620
2.559
1.642
1.528
1.421
2.136
3.470
2.875
2.898
3.008
1.734
1.150
1.242
1.429
0.981
1.326
2.010
2.033
1.914
2.132
3.374
2.659
1.485
1.880
1.681
1.910
3.080
3.415
2.212
1.429
3.011
2.764
1.686
1.980
3.868
4.178
2.349
2.339
3.500
1.840
2.216
2.679
3.033
2.781
2.984
2.502
1.961
1.669
1.569
2.092
2.967
3.107
3.195
2.367
2.209
1.229
2.450
2.341
1.625
2.065
2.242
2.777
5.107
2.401
3.259
4.005
2.623
2.338
1.392
1.794
1.792
1.786
1.828
2.551
2.694
3.304
2.290
1.553
1.506
2.129
2.646
1.555
4.469
3.015
1.222
1.523
3.029
2.513
2.451
1.918
1.769
2.435
1.790
5.272
5.216
3.859
3.965
3.402
1.510
2.044
2.155
4.039
2.538
2.817
1.920
2.397
2.396
2.381
3.600
2.724
2.852
1.789
1.012
1.507
1.444
1.800
1.922
2.029
1.507
1.755
3.401
4.241
3.079
2.446
3.905
2.371
2.447
3.162
3.433
2.427
2.103
2.220
3.659
3.692
2.096
2.057
2.936
2.989
2.177
2.626
3.033
2.738
3.024
2.481
2.576
2.594
2.512
2.445
2.699
3.063
3.362
3.016
3.785
3.451
3.508
3.533
2.460
2.414
2.490
4.199
2.883
2.654
3.330
3.411
2.444
2.889
2.839
2.677
3.161
2.839
2.881
3.384
3.974
2.936
2.355
3.481
3.610
4.191
3.542
2.337
2.420
2.043
2.602
2.465
3.133
2.975
2.923
3.883
4.053
2.719
3.086
3.804
3.652
3.075
2.078
2.203
2.858
2.354
2.825
3.303
2.626
2.573
2.796
2.706
2.483
3.400
1.491
1.588
2.138
3.193
2.673
2.976
2.268
2.347
2.350
2.543
3.523
2.898
2.095
2.134
3.100
2.206
2.059
1.622
1.813
1.599
3.247
3.473
3.043
2.622
2.318
2.772
2.913
2.966
2.343
1.795
1.847
5.596
5.446
2.949
2.640
3.053
1.282
1.660
3.508
2.453
1.733
1.772
1.658
2.249
2.452
1.653
1.490
1.602
0.819
1.498
1.513
2.626
2.144
1.048
1.306
1.977
1.271
1.540
2.788
5.279
3.127
1.757
0.975
2.268
3.416
4.316
3.207
1.708
2.387
4.112
2.949
3.190
3.366
3.656
3.713
3.684
3.723
3.158
1.321
1.421
2.323
2.795
2.995
2.302
2.157
2.030
1.730
1.709
1.439
1.854
1.650
2.573
2.138
1.583
1.717
1.352
1.298
1.486
2.468
2.127
1.907
1.088
1.250
1.814
4.106
5.075
3.486
2.810
3.035
2.110
2.602
2.258
1.585
0.826
1.179
1.192
1.692
2.164
1.772
1.392
1.711
4.008
4.067
2.072
1.461
1.234
1.468
2.129
1.931
1.766
1.348
2.020
1.643
1.705
2.328
1.616
2.030
2.422
2.353
1.948
1.755
1.640
1.359
1.968
2.923
2.462
2.593
2.536
3.430
2.761
1.784
1.346
1.430
2.664
1.887
1.999
1.828
1.092
1.673
2.165
1.657
2.629
2.322
1.759
1.440
1.557
1.084
1.387
1.148
1.092
1.029
1.494
1.334
0.921
2.186
1.213
1.645
2.364
3.177
3.185
1.977
2.345
3.519
2.943
2.242
1.362
2.754
2.764
1.770
2.352
2.114
2.133
2.372
2.201
1.526
1.924
2.731
3.871
3.004
2.118
1.651
1.882
1.599
2.002
1.734
1.467
1.149
0.898
3.115
2.107
1.956
2.250
1.993
3.137
3.401
2.260
3.258
2.636
1.476
1.033
3.145
2.712
4.042
4.474
2.655
2.281
2.356
2.890
1.973
1.341
1.042
1.531
1.799
1.983
2.213
2.524
1.724
1.265
1.736
1.989
2.498
2.449
3.377
4.150
2.715
1.913
1.582
1.619
2.955
4.004
5.596
5.004
4.178
3.656
4.272
3.818
2.667
2.240
1.523
2.397
2.381
2.218
2.015
2.059
2.286
2.397
1.475
1.466
1.588
3.675
1.712
2.129
3.267
3.608
3.769
2.464
2.711
3.907
3.770
3.188
2.834
2.447
2.371
2.441
2.909
2.740
2.301
2.006
2.934
3.132
2.987
2.868
2.654
3.008
2.831
3.553
3.517
2.289
2.234
4.072
3.273
2.423
2.635
2.237
2.350
2.304
2.065
2.175
2.723
2.622
3.471
1.293
2.713
2.962
2.334
2.419
2.631
2.348
2.638
1.553
3.112
2.964
3.106
2.773
3.661
1.987
3.175
3.364
3.706
3.563
4.071
4.184
2.958
3.869
3.270
2.631
2.588
2.548
2.390
2.721
2.981
3.750
3.248
3.706
3.243
3.537
2.984
2.758
2.644
2.540
2.356
2.611
2.769
3.847
5.878
6.683
5.238
2.895
2.093
2.020
2.887
3.236
3.583
3.948
4.435
3.554
2.544
2.242
2.731
2.183
1.995
1.419
2.378
2.220
2.775
3.433
2.724
1.603
3.016
3.306
3.086
3.263
3.408
2.350
1.683
1.508
2.499
3.193
2.189
3.558
3.572
3.913
2.580
1.944
2.604
3.517
3.129
2.487
2.818
3.822
4.028
3.623
2.076
1.759
2.564
2.652
4.340
4.812
3.622
3.434
4.362
3.659
3.484
3.018
3.607
4.044
3.696
2.506
2.496
2.509
1.220
1.156
2.089
4.105
3.655
2.687
1.023
1.596
2.786
2.465
2.198
2.764
1.833
2.729
2.107
1.988
2.105
1.889
1.470
2.257
2.035
2.472
2.330
2.417
2.345
2.402
2.197
4.317
3.314
3.449
3.745
3.742
3.558
3.236
3.010
1.987
1.574
2.026
1.430
1.045
1.122
2.082
1.605
1.556
1.578
1.888
2.252
2.531
2.205
2.962
2.853
1.985
1.669
1.565
1.208
1.132
1.455
1.637
1.624
2.476
2.003
1.954
1.492
1.499
1.689
1.750
1.494
1.268
1.492
0.786
1.365
1.154
1.592
1.487
2.313
2.367
2.944
2.925
2.400
1.458
1.983
2.002
1.559
1.865
1.676
1.822
2.225
2.866
3.057
2.525
1.923
1.442
1.172
1.921
1.172
0.894
1.432
1.197
1.189
1.943
1.669
1.632
2.285
2.028
1.329
1.546
2.025
1.761
2.711
2.119
1.896
1.021
1.560
1.977
1.090
1.164
1.359
1.748
2.272
2.604
1.925
0.817
1.071
1.205
2.234
2.064
1.757
1.831
1.487
2.532
4.410
2.466
2.181
2.396
2.632
1.537
1.623
1.515
2.610
3.473
2.814
2.380
3.147
2.949
3.215
2.575
3.663
2.215
2.386
2.831
2.379
1.658
2.021
3.619
3.576
3.500
1.506
1.656
3.351
1.713
2.153
3.329
2.230
2.230
1.563
1.735
2.597
1.707
4.294
3.084
2.111
1.877
1.919
2.191
1.906
2.871
2.945
3.127
3.356
6.458
6.818
4.754
2.595
1.581
2.153
2.216
2.309
3.254
2.287
2.607
2.970
4.273
4.602
3.650
3.401
4.305
4.381
4.168
3.789
2.711
3.760
3.000
3.368
3.216
3.700
3.168
1.618
1.828
1.763
1.141
1.998
2.076
2.659
2.167
2.859
3.321
2.360
2.229
2.717
2.938
3.186
2.752
3.635
2.673
1.772
3.150
2.011
1.885
2.605
2.370
2.272
2.809
2.645
2.494
2.376
2.391
2.867
3.540
3.119
2.702
2.822
2.240
3.073
2.193
2.088
2.154
2.791
2.238
2.649
2.192
3.269
2.771
4.070
3.401
2.850
2.797
1.832
1.976
1.829
2.228
2.141
1.934
2.799
3.687
2.758
3.708
3.187
3.003
3.389
2.503
2.423
2.623
3.219
3.685
2.762
5.148
3.708
4.134
4.012
3.516
3.179
2.899
2.665
1.943
2.394
2.695
2.565
4.086
4.265
3.485
3.010
3.726
2.355
2.718
2.798
2.290
2.322
2.364
2.903
2.522
2.569
3.721
2.642
3.036
3.291
2.800
3.137
2.546
3.502
2.226
1.964
1.239
2.313
2.676
4.368
5.812
5.325
2.506
1.856
1.929
2.764
2.592
2.150
2.358
2.957
2.356
3.179
2.932
2.999
4.230
2.966
2.266
1.578
1.237
1.437
1.643
2.325
2.036
1.308
1.407
2.359
2.703
4.250
4.050
2.530
2.497
2.743
4.303
3.408
1.719
1.709
3.212
2.850
1.299
2.501
2.972
2.365
2.823
2.497
2.059
1.793
1.503
2.268
2.312
1.675
1.576
2.201
2.046
1.755
1.124
1.398
2.162
2.597
2.354
1.332
1.914
1.267
1.652
1.543
1.765
1.515
1.766
2.096
1.714
1.795
2.256
1.810
1.713
2.193
3.315
4.022
6.315
5.516
2.200
2.174
2.109
1.999
1.775
2.567
3.439
1.958
1.362
1.496
1.286
2.664
2.237
2.310
2.077
1.825
1.151
2.162
2.638
2.328
1.956
1.259
1.431
0.899
1.278
1.643
1.367
1.268
1.884
1.356
1.182
1.506
1.594
2.242
3.743
4.711
3.349
1.207
1.655
0.839
1.206
1.225
0.910
1.901
1.388
1.348
1.631
2.077
1.957
1.496
1.935
2.789
2.562
1.797
1.346
2.020
2.403
1.850
2.359
3.320
2.288
2.763
2.484
3.008
2.545
1.513
1.277
0.931
1.808
2.051
1.788
1.580
1.487
1.702
2.064
2.374
2.607
2.064
2.362
3.116
4.228
3.472
2.180
2.102
1.983
1.766
2.331
2.825
3.040
3.537
3.108
2.507
2.159
2.028
2.262
1.886
1.033
1.455
1.305
1.258
2.205
3.766
3.103
1.920
1.132
1.659
1.386
1.909
2.078
1.999
1.863
4.070
4.910
3.728
3.335
4.223
3.410
2.640
3.227
2.933
2.025
2.723
1.155
2.650
1.785
3.124
4.439
5.988
5.290
4.703
2.340
2.907
2.672
2.812
2.847
2.402
2.304
1.865
1.146
1.771
1.703
2.662
4.039
2.569
1.383
1.427
1.157
1.323
1.989
1.830
1.556
1.316
2.582
2.441
3.238
3.634
2.259
3.072
1.211
2.974
3.825
3.126
4.091
4.473
4.804
5.238
5.119
3.867
3.451
3.123
2.382
2.271
2.591
2.567
2.067
2.000
4.212
2.303
2.225
2.615
1.213
2.263
3.491
3.896
3.419
2.862
2.212
3.267
4.086
3.976
3.820
3.083
2.960
3.637
3.102
3.327
2.208
1.715
2.139
2.121
2.639
2.393
2.516
3.050
3.547
3.615
3.585
3.479
2.575
3.114
2.578
2.855
3.455
2.802
3.576
3.403
2.997
2.332
2.407
2.557
2.675
3.001
3.041
3.375
2.465
3.410
2.856
1.821
2.550
2.205
2.588
2.444
2.477
2.757
4.641
3.932
3.650
3.598
2.699
2.674
4.868
3.704
3.766
2.759
1.752
1.567
1.911
2.048
2.435
2.120
2.130
2.300
2.581
2.229
2.538
2.123
2.514
2.419
1.709
2.396
3.251
2.950
2.385
1.379
2.237
1.983
2.171
1.216
2.095
3.384
3.913
2.696
2.007
1.820
1.779
2.379
2.637
2.245
2.833
3.401
2.554
3.046
3.315
2.532
1.949
1.577
2.006
1.835
1.460
1.829
3.374
5.331
5.804
3.190
3.239
2.970
2.063
2.309
3.719
3.159
1.445
2.304
1.369
1.046
2.587
2.876
2.555
2.498
3.339
4.698
3.804
1.703
0.970
1.479
2.283
2.292
2.091
3.600
6.532
2.605
1.184
2.878
4.119
5.263
3.891
1.926
1.169
1.313
1.687
2.382
1.974
2.418
3.938
2.926
3.027
3.228
5.414
3.870
1.746
1.664
1.410
3.181
3.626
2.869
2.057
1.537
2.325
1.395
3.921
5.273
3.149
1.841
2.320
1.842
3.452
4.749
2.800
2.629
2.551
2.172
2.073
1.767
1.900
1.638
1.889
2.038
2.155
1.904
1.774
1.764
4.111
5.491
4.641
3.243
3.382
1.760
2.553
1.077
1.560
1.721
2.437
1.900
1.215
1.256
1.373
1.560
1.393
1.804
1.711
1.752
1.881
1.781
1.047
1.671
1.226
1.185
1.181
1.094
1.224
1.788
1.552
1.671
1.042
1.536
1.316
0.975
1.042
1.113
1.464
0.992
1.365
0.865
2.118
1.582
2.090
2.123
2.295
2.481
1.098
1.300
1.353
1.904
2.296
1.519
1.808
1.631
1.331
1.876
1.540
1.624
2.566
3.622
2.879
2.167
2.359
2.023
1.694
1.913
1.588
1.568
1.211
2.264
3.639
3.564
2.640
2.035
1.508
1.912
1.792
1.942
2.108
1.173
2.253
3.405
2.778
2.922
2.510
1.417
1.706
1.980
1.422
2.174
1.879
1.826
2.418
2.203
2.731
3.236
2.794
3.128
1.977
1.898
1.429
2.900
3.462
4.238
3.679
3.274
2.761
3.898
3.413
2.934
2.961
3.583
1.863
2.826
2.641
1.943
1.338
1.938
2.191
3.206
3.871
2.503
2.487
1.653
1.953
2.301
1.682
1.096
1.488
1.452
1.842
2.851
1.974
1.747
2.297
2.165
2.373
2.365
4.819
3.744
3.031
3.488
3.729
3.036
3.034
3.700
3.556
2.295
2.061
2.342
2.709
3.993
2.734
1.824
2.814
2.339
3.272
3.011
2.097
2.349
3.975
2.154
2.428
2.848
3.732
4.054
3.557
2.139
1.897
1.610
1.058
1.647
3.179
1.846
3.759
4.478
2.434
1.392
1.612
1.407
2.223
2.913
3.461
3.699
4.298
3.806
2.561
1.389
0.946
1.069
1.562
2.570
4.268
3.969
3.071
1.684
1.888
2.219
2.232
2.592
2.313
2.542
4.581
4.076
3.508
3.084
2.988
2.731
2.130
1.910
1.281
2.034
3.248
3.499
3.177
3.972
4.009
3.235
3.699
2.878
3.215
2.444
3.000
2.404
2.297
1.367
1.826
1.121
1.085
2.033
2.434
2.869
3.482
2.757
2.948
2.816
3.035
1.734
2.266
0.931
1.739
2.743
3.764
3.570
2.921
2.230
2.696
2.274
1.988
3.032
2.999
2.409
2.914
2.919
2.897
4.403
2.454
3.956
2.829
3.609
3.873
3.370
2.684
2.453
3.334
2.381
2.409
2.988
2.073
2.581
2.075
2.560
3.199
4.052
3.955
3.580
2.998
2.675
1.554
3.799
6.514
5.220
2.362
1.995
1.949
2.020
2.888
5.370
6.526
4.023
2.442
2.115
1.701
2.162
2.183
1.793
2.171
3.469
3.843
2.630
2.713
2.685
2.921
2.511
1.277
2.492
3.850
2.510
2.578
2.689
2.324
2.253
2.071
2.947
1.737
2.637
1.772
1.938
4.285
5.093
3.043
1.460
1.978
2.208
2.252
2.049
2.420
4.032
3.437
3.513
1.518
2.635
4.701
3.090
1.562
1.420
1.265
1.225
1.705
2.646
3.622
2.617
1.797
1.625
1.457
2.020
2.593
2.075
2.468
2.107
1.493
1.478
1.249
2.807
2.555
2.265
1.414
1.329
1.695
1.587
1.890
1.882
1.823
1.730
2.737
3.999
7.233
7.143
4.631
2.429
1.704
2.169
1.648
1.829
1.513
1.500
0.810
0.860
1.090
2.072
3.023
3.103
2.858
2.194
1.892
1.869
1.867
1.267
1.369
1.346
1.543
1.665
1.943
1.380
1.537
1.599
0.771
1.131
1.293
1.494
1.596
0.820
1.203
1.534
2.088
1.107
1.679
1.596
1.308
1.136
1.285
1.386
1.561
1.096
1.244
1.339
1.359
1.623
2.270
2.670
1.540
1.396
1.395
1.856
2.768
2.181
1.772
2.080
1.689
1.026
1.508
1.367
0.915
1.057
0.988
2.427
1.366
1.759
2.072
1.125
1.643
1.617
2.181
2.415
2.144
1.552
1.331
1.753
2.966
3.788
2.843
3.290
2.927
2.815
4.031
3.630
3.501
2.216
2.376
2.211
1.686
2.779
2.882
2.713
3.314
3.555
2.518
1.677
2.318
3.416
2.762
1.961
2.971
2.580
3.356
2.938
3.709
4.782
3.467
3.848
3.142
2.005
1.694
1.487
2.018
2.007
3.370
1.848
3.658
1.678
1.422
1.193
3.412
3.840
2.284
1.279
2.147
2.054
1.338
1.400
1.743
1.610
1.752
1.818
1.396
2.785
4.055
2.986
3.039
3.982
2.960
2.715
2.532
1.018
1.270
2.303
2.694
1.486
1.760
1.542
1.829
2.860
3.278
2.140
1.456
1.562
1.445
1.340
1.993
2.017
2.573
2.623
1.817
2.179
1.902
2.872
3.710
3.164
2.507
3.742
3.101
2.359
2.968
2.485
2.254
2.449
2.552
2.649
1.652
2.576
2.532
1.309
3.243
3.797
2.880
3.337
2.939
2.317
2.828
3.074
2.199
2.460
2.290
3.398
2.748
2.620
2.834
2.867
2.873
1.924
1.868
2.620
3.253
3.069
2.357
3.110
2.911
3.457
1.827
1.998
2.022
2.531
2.483
2.568
2.316
2.420
3.074
2.509
2.767
2.597
2.971
3.467
2.507
2.805
2.362
2.223
2.712
2.141
1.926
1.949
2.498
2.150
2.440
2.562
2.706
2.773
3.314
2.972
1.962
1.838
2.328
2.228
1.577
3.014
2.933
2.332
1.741
2.660
2.544
2.957
4.186
2.458
2.386
2.355
2.504
2.069
2.784
2.662
2.927
2.581
1.544
1.495
1.972
1.465
2.800
2.773
3.067
1.636
2.076
1.279
1.783
2.368
2.616
1.818
2.866
3.899
2.032
1.737
2.048
1.836
1.493
1.809
1.770
1.138
1.184
2.613
4.503
3.815
1.565
1.870
2.420
2.263
2.413
2.969
2.734
1.745
1.286
2.521
2.107
2.096
2.551
2.102
1.370
1.696
3.305
2.871
4.236
2.967
3.399
3.818
3.019
2.603
2.866
2.671
2.147
1.580
1.499
2.099
4.781
4.507
2.130
1.888
1.241
1.630
2.382
1.668
2.444
2.265
1.386
1.570
1.722
1.419
1.948
2.237
1.921
2.480
3.118
3.489
2.557
1.497
1.038
1.780
1.909
1.681
1.507
1.410
1.224
1.078
2.029
2.370
2.447
2.127
1.928
1.374
2.096
2.495
5.712
6.365
3.744
1.317
1.640
0.979
1.723
1.226
1.609
2.775
2.563
2.656
1.680
1.189
1.146
1.276
1.160
1.320
1.421
1.565
1.497
1.355
1.547
1.421
1.953
1.450
1.425
1.691
1.837
1.383
1.798
1.702
2.047
2.030
1.524
1.219
1.318
1.269
1.768
3.082
1.994
1.814
1.600
1.835
2.146
1.717
1.536
1.574
1.556
1.658
2.101
1.820
1.059
0.704
0.955
1.579
1.583
1.445
2.169
1.621
1.432
1.912
1.239
1.514
2.089
2.544
2.652
2.122
2.292
1.597
1.533
1.288
1.505
1.783
1.236
1.326
1.480
2.253
1.764
1.244
1.285
1.403
1.202
1.401
1.571
1.633
2.530
2.463
1.993
2.746
1.495
1.482
1.884
1.634
1.707
1.694
1.422
2.708
2.588
2.588
2.073
1.769
1.264
1.806
1.204
1.579
2.274
1.755
1.362
1.588
1.631
2.382
1.784
2.277
1.646
1.656
2.147
2.572
1.997
1.927
1.549
1.388
1.714
2.790
3.971
4.522
3.067
1.998
2.245
1.983
2.102
2.230
2.359
3.155
1.913
2.381
3.876
3.259
2.684
1.635
1.650
1.321
1.952
2.123
2.525
2.312
1.397
2.583
3.406
2.797
2.024
3.615
3.575
3.132
3.066
3.401
2.006
4.496
5.420
3.846
2.664
3.629
4.714
4.109
5.011
4.454
2.004
2.303
2.391
3.902
3.914
3.114
1.992
2.489
2.185
3.721
2.843
2.482
2.145
2.431
1.952
1.179
2.542
2.404
1.946
3.667
1.655
1.463
2.416
2.286
2.009
2.178
2.528
3.096
2.545
3.517
2.606
2.293
2.793
3.203
2.273
2.883
3.317
2.576
1.396
2.662
2.710
1.429
1.996
2.126
2.375
3.181
4.673
5.466
4.025
3.850
2.366
2.496
4.532
3.349
3.652
3.177
2.633
1.962
2.731
2.796
3.556
4.158
3.047
2.340
2.168
2.783
3.885
3.669
3.315
2.903
4.621
4.669
3.247
2.594
3.321
3.406
2.931
2.756
2.983
2.958
3.054
3.155
2.891
3.327
4.669
3.995
3.583
2.552
3.157
2.206
2.039
1.803
1.900
2.329
2.428
3.123
2.366
2.684
3.464
3.174
2.576
2.753
3.478
3.621
2.825
2.181
3.425
2.531
2.546
2.799
2.358
2.160
2.981
2.990
4.031
3.086
3.531
3.691
2.909
2.529
2.808
3.453
2.508
1.898
1.593
1.720
2.649
3.145
3.811
3.874
3.689
3.018
2.239
3.264
3.845
4.931
5.124
3.413
2.796
1.012
2.672
4.662
4.209
2.447
2.558
3.705
2.923
2.742
2.458
2.491
3.447
3.256
2.723
2.129
2.548
3.002
2.008
1.853
1.664
1.641
1.385
1.992
2.768
2.403
1.921
1.855
3.728
2.065
1.776
2.552
2.579
2.975
2.644
2.091
1.977
2.469
3.246
3.456
4.396
4.056
2.431
1.963
1.861
1.988
2.165
1.669
2.387
3.242
4.829
5.443
3.277
3.640
2.683
1.023
1.712
2.023
0.947
1.378
1.399
1.443
1.766
1.539
1.367
1.831
1.726
2.270
1.997
1.554
1.653
1.465
1.917
1.919
2.235
3.514
2.344
2.519
2.410
3.561
3.266
2.765
3.824
2.228
2.396
1.974
2.015
2.081
1.691
1.389
0.847
2.474
2.672
2.839
2.949
2.310
2.210
2.099
2.537
2.167
1.687
2.351
1.725
1.843
2.695
1.709
0.972
1.332
1.401
1.564
1.281
1.060
1.641
2.014
1.124
1.647
2.123
1.716
1.862
3.067
3.931
3.618
1.324
2.597
3.182
2.726
2.135
1.604
2.578
2.737
2.833
2.667
1.985
1.969
2.186
1.539
1.604
1.791
1.452
1.623
2.120
2.692
2.883
1.982
1.858
1.638
1.840
1.950
2.471
3.222
2.416
3.253
2.107
1.795
3.357
2.434
2.643
3.097
3.499
3.963
3.777
2.472
1.971
2.116
2.492
1.373
3.138
2.723
1.865
2.339
4.388
3.279
2.155
1.234
1.951
3.207
3.183
3.707
2.898
1.806
2.291
2.861
2.293
2.115
2.315
2.656
2.391
2.607
2.956
2.131
2.001
1.329
2.771
2.616
2.285
1.867
3.182
3.593
2.873
2.482
3.369
2.881
3.406
1.946
1.706
1.996
2.834
2.190
2.547
2.872
2.885
2.349
2.150
2.390
2.485
4.560
2.561
3.055
2.607
1.874
2.438
2.250
2.985
2.242
3.272
3.514
2.726
3.959
3.749
3.771
3.145
4.172
3.990
3.472
3.086
2.621
2.860
3.838
3.831
3.099
2.422
3.205
2.735
1.871
1.889
1.907
1.680
3.544
3.837
3.791
3.238
2.171
2.965
3.299
3.596
3.222
3.055
3.126
2.628
2.106
2.101
2.474
3.795
2.974
2.042
2.668
3.645
3.461
2.161
2.735
2.113
2.396
2.896
3.936
3.437
3.631
2.621
2.890
2.705
2.648
2.277
2.774
2.253
4.993
4.082
2.997
3.345
3.236
3.254
2.014
2.417
2.251
2.973
2.594
2.390
3.344
2.488
2.121
2.304
2.409
1.760
2.254
3.047
4.767
3.769
2.808
3.073
4.350
3.721
2.795
4.153
4.115
4.224
4.558
3.748
3.315
2.454
2.542
2.745
3.097
2.987
3.097
3.038
2.726
3.504
2.713
2.651
2.450
3.151
3.454
3.365
2.485
2.691
2.288
2.031
2.110
2.352
3.322
2.466
3.029
3.891
2.917
2.960
3.090
2.142
2.007
2.517
2.973
3.108
3.167
3.603
3.488
3.034
3.178
3.941
3.080
2.180
2.513
2.036
3.101
1.317
2.186
3.148
2.642
2.106
2.474
2.838
2.393
3.080
2.345
1.847
2.471
4.985
5.270
3.961
2.939
3.161
3.252
2.771
2.536
2.835
3.277
2.938
3.410
4.618
3.905
1.588
2.805
1.633
1.448
1.897
1.899
2.476
2.737
1.807
2.296
2.199
2.492
2.251
2.365
1.562
1.678
1.952
2.210
1.965
2.017
2.174
2.240
2.973
3.376
3.061
3.283
3.006
2.419
2.427
2.690
3.555
3.946
3.005
2.110
1.983
1.104
0.811
2.160
2.300
3.362
3.329
3.921
4.450
2.968
1.624
1.262
1.056
1.207
1.352
1.544
2.288
2.142
1.700
0.920
1.255
1.575
0.850
1.214
1.032
2.312
3.361
2.456
1.439
1.675
1.133
1.844
2.021
1.253
1.906
3.867
3.405
1.975
1.729
1.426
1.221
1.524
1.848
2.172
1.838
1.430
1.384
1.630
0.803
1.190
2.126
1.961
1.351
1.747
1.614
0.971
1.351
1.118
1.323
0.905
1.609
1.925
1.754
1.320
2.155
1.999
1.557
1.339
1.877
1.765
2.977
2.608
1.271
1.961
2.026
1.579
2.119
1.485
2.646
3.379
3.105
2.348
1.905
2.184
2.036
2.050
1.935
1.529
1.153
1.374
2.865
4.040
4.143
1.534
2.744
2.964
2.536
3.128
3.569
3.405
3.132
2.942
2.231
1.123
1.228
1.695
1.276
2.622
2.903
2.660
1.694
1.088
4.393
2.536
2.030
2.469
2.865
2.653
2.421
1.375
1.804
3.758
2.522
2.331
1.638
1.238
2.028
3.398
2.965
1.547
1.915
1.210
2.016
1.021
1.509
1.363
1.193
2.335
2.544
1.476
1.582
2.796
2.401
2.803
1.804
1.440
1.608
1.103
1.252
1.841
2.270
3.441
3.040
2.583
2.465
2.134
1.499
2.871
2.849
2.158
2.789
1.507
1.125
2.309
2.632
2.617
2.147
2.648
1.894
2.159
3.108
2.511
2.376
2.429
2.643
2.688
4.099
4.152
4.629
2.945
2.461
1.925
2.385
1.375
1.437
1.787
1.566
2.057
2.372
1.997
2.504
2.938
2.769
2.198
2.378
1.761
1.792
1.995
3.505
3.994
3.442
2.688
2.815
2.032
2.693
4.025
1.697
1.884
2.072
2.059
2.444
1.886
2.347
2.447
3.186
1.983
1.426
1.515
1.696
2.156
2.217
2.374
2.302
2.061
2.749
2.219
3.987
3.868
2.869
2.652
2.775
2.983
2.459
2.718
3.416
4.681
2.867
2.835
1.811
2.644
2.100
2.945
3.238
3.291
3.160
2.830
2.671
3.114
3.212
3.700
4.190
3.914
2.914
2.398
3.136
2.629
3.928
3.496
2.392
2.031
2.793
2.707
2.335
2.144
2.633
2.347
2.121
2.287
3.678
2.896
3.035
2.519
2.394
2.044
3.044
2.963
3.051
2.959
1.890
3.595
6.436
6.019
5.432
3.789
3.149
2.130
1.446
1.886
2.239
2.890
3.137
2.092
2.832
2.742
2.705
2.260
3.372
3.716
2.975
2.740
2.318
1.752
1.473
1.330
2.111
2.791
2.747
3.586
3.933
3.452
1.689
1.315
2.081
3.235
4.380
2.793
2.158
2.445
1.702
1.708
1.819
0.830
1.346
1.129
1.174
1.430
1.806
1.546
1.736
3.340
3.777
3.606
1.565
1.891
1.256
3.061
4.297
2.888
1.725
3.090
1.515
2.203
3.060
2.045
1.582
1.745
1.110
1.603
2.300
3.033
3.030
2.672
2.545
2.980
3.347
3.848
3.696
3.263
2.366
2.243
2.332
2.166
2.654
3.774
4.187
2.456
1.727
0.903
1.531
2.365
1.470
1.392
1.208
2.236
1.495
0.887
2.948
3.387
3.444
2.818
3.187
2.362
2.330
1.865
1.976
2.915
2.623
2.117
0.854
1.174
0.751
0.623
1.108
0.550
0.839
1.555
1.078
1.444
1.482
1.228
1.126
1.163
1.113
1.220
1.526
2.052
0.980
1.169
1.229
1.015
1.462
1.620
1.341
1.134
1.383
1.417
1.204
1.079
1.360
0.562
0.988
1.520
1.544
1.382
1.265
1.089
1.547
1.035
1.331
1.774
1.266
1.460
1.834
1.700
1.227
1.286
1.269
1.306
1.516
1.191
1.378
1.194
1.409
1.938
1.730
1.158
0.923
0.672
1.083
0.968
1.294
1.264
1.048
1.204
1.146
1.432
1.616
1.804
1.159
1.472
1.340
1.321
1.392
1.277
1.452
1.709
1.605
1.681
2.709
2.213
1.568
1.676
1.328
1.215
1.096
1.353
1.665
2.271
1.697
2.801
1.710
1.234
1.508
2.594
2.830
2.611
2.098
2.681
2.953
3.630
2.378
1.635
1.138
2.053
1.836
3.644
2.714
4.169
1.830
1.530
1.819
1.699
2.423
3.271
1.410
1.871
2.287
2.270
2.929
2.955
2.468
1.530
1.533
3.336
2.873
3.148
4.161
3.237
2.336
1.510
2.336
2.807
2.117
2.503
2.771
3.119
3.354
2.608
2.107
2.028
3.776
3.589
3.593
4.572
3.152
2.977
2.650
2.260
2.169
2.583
2.746
1.985
2.079
2.416
2.172
2.070
2.024
1.664
2.205
3.761
2.184
3.319
2.812
2.021
2.404
1.834
1.560
1.951
3.247
2.467
1.742
1.607
1.484
1.992
2.142
2.998
2.620
2.969
1.890
3.005
2.112
2.635
3.453
4.038
3.438
3.980
3.761
4.277
4.703
2.520
2.647
2.327
2.458
2.469
2.010
2.092
3.039
2.402
3.167
4.226
3.105
1.970
1.792
2.588
2.082
3.001
2.673
2.212
2.767
2.861
2.365
3.180
3.611
2.175
1.396
2.290
2.917
2.584
2.553
2.262
2.980
3.681
3.142
2.894
2.838
3.164
2.335
2.420
1.733
2.351
3.044
2.958
1.941
2.567
2.689
2.420
2.202
1.931
3.387
2.979
3.787
3.115
1.849
2.203
2.240
2.055
1.427
1.757
3.107
1.678
2.952
3.223
2.615
3.083
2.938
4.423
3.483
1.998
1.750
3.427
4.202
3.303
1.673
2.419
3.101
2.646
2.065
2.296
2.733
3.889
3.261
3.584
3.493
2.220
3.189
2.145
2.279
3.337
2.183
1.795
2.398
1.602
1.783
1.805
1.169
2.219
2.485
1.668
2.342
2.502
2.080
1.308
1.399
2.066
1.951
1.998
1.705
1.559
2.160
2.143
1.058
1.360
2.220
2.536
3.414
3.213
2.096
1.655
1.766
2.201
2.771
2.187
1.424
1.489
1.466
1.505
1.613
2.093
2.300
1.783
1.493
1.754
1.992
1.372
1.272
1.936
2.225
1.601
1.446
1.654
1.382
1.523
1.683
2.689
5.050
4.538
3.144
1.689
1.150
1.776
2.755
1.726
1.270
1.222
1.179
0.866
1.853
1.990
1.148
1.300
1.006
1.389
1.773
1.731
2.170
1.944
1.659
1.502
1.447
1.150
0.906
1.072
0.876
1.125
1.324
1.761
1.705
1.257
1.235
1.426
1.141
2.459
1.502
0.972
0.982
1.156
1.229
1.113
1.165
1.178
0.887
0.961
1.471
1.429
1.474
1.680
1.388
1.723
2.372
2.026
1.986
1.382
1.058
1.079
1.900
1.171
1.129
1.280
1.919
2.072
2.096
1.345
1.497
1.869
2.170
1.834
1.729
1.641
2.118
1.737
1.953
2.078
1.919
1.987
1.388
1.300
2.398
1.667
2.511
1.757
1.868
2.703
1.842
2.328
2.620
2.847
2.162
2.541
2.320
2.142
1.777
1.200
2.193
1.958
1.555
1.914
1.348
1.996
3.580
2.990
3.163
2.525
1.171
1.605
1.839
2.388
2.119
1.791
1.795
1.940
1.583
1.399
2.249
2.001
1.962
2.132
1.920
1.519
1.707
2.361
2.569
1.720
1.784
1.760
1.267
1.447
1.843
1.904
1.417
1.726
2.455
1.786
2.805
2.070
1.965
2.164
3.010
2.493
2.275
2.097
2.057
2.008
1.569
1.484
1.674
1.636
1.688
2.019
2.043
2.021
3.660
3.253
2.799
1.948
2.293
2.389
3.179
2.927
2.561
3.229
2.427
2.950
2.222
2.051
2.326
2.128
1.729
2.747
3.086
2.618
2.374
4.642
4.274
2.739
2.542
2.079
1.614
1.819
1.765
1.677
2.423
1.359
2.166
1.825
1.690
1.957
2.219
2.918
3.564
4.071
3.087
2.040
2.342
2.759
2.291
2.698
3.286
4.244
3.255
3.227
3.557
3.117
3.057
2.572
1.802
3.076
4.919
5.161
4.197
2.835
1.951
1.424
2.477
2.221
2.244
1.514
2.843
2.526
2.462
3.983
2.367
3.823
3.255
2.452
2.362
1.585
1.618
1.790
2.026
2.235
2.655
1.942
2.262
3.134
3.519
3.010
2.106
4.231
4.283
3.473
3.087
3.584
3.046
2.411
2.374
2.481
2.158
2.295
2.916
2.560
2.409
2.766
2.911
2.658
2.281
2.851
2.927
2.573
2.365
1.934
2.073
2.789
4.106
4.655
2.906
1.570
1.613
1.568
1.900
2.114
2.482
1.361
1.535
1.685
2.849
3.285
4.060
4.887
3.835
3.169
1.593
1.529
1.336
1.220
1.415
1.475
2.376
2.840
3.947
2.040
1.202
0.955
2.597
2.331
1.704
1.893
2.095
1.509
1.853
1.707
1.159
1.499
1.656
1.783
2.866
4.002
2.383
2.214
2.398
2.667
2.663
2.217
2.607
2.768
2.054
3.015
3.249
2.714
1.978
2.893
4.468
1.794
1.791
3.060
3.585
3.704
2.691
0.815
1.185
1.779
2.878
1.814
1.335
1.494
1.386
1.342
1.840
1.701
1.542
1.410
1.780
1.125
1.582
3.065
3.603
4.911
3.134
1.854
0.876
1.766
1.947
1.469
1.724
1.660
0.909
1.495
1.836
1.927
1.522
2.750
2.769
1.906
1.485
1.316
1.712
1.759
1.579
1.392
1.079
1.435
1.275
1.253
1.494
1.742
2.973
4.310
3.148
2.324
1.865
1.297
1.189
1.004
1.228
1.009
2.539
2.955
3.945
3.797
2.105
1.938
2.132
1.672
2.026
2.232
2.097
1.276
1.630
2.341
6.909
4.528
1.749
1.511
1.438
1.297
1.379
1.317
1.043
1.474
1.844
1.854
1.318
1.857
1.310
2.101
2.114
1.443
1.080
1.118
1.093
1.337
1.400
0.974
0.944
0.846
1.118
1.499
2.757
2.885
1.858
1.947
1.668
1.557
1.514
2.147
2.037
1.721
1.461
1.112
0.975
1.433
1.064
1.493
1.373
1.083
1.220
1.066
1.764
1.678
1.326
1.183
2.040
1.896
1.456
1.360
1.094
1.074
1.429
2.136
2.432
2.022
1.379
1.025
1.375
1.617
1.015
1.563
2.211
2.511
2.091
2.063
3.065
3.194
2.743
2.451
2.314
2.039
1.205
1.851
3.448
4.069
2.627
2.202
2.648
2.586
2.779
1.654
1.225
1.219
2.489
2.461
1.872
1.755
1.145
1.332
1.743
3.335
2.696
1.911
0.930
1.255
2.058
3.064
3.950
3.117
2.911
2.414
1.742
2.158
2.152
2.405
2.989
2.953
3.455
2.422
3.547
2.371
2.504
3.697
2.927
2.668
3.469
1.655
3.625
3.094
1.961
4.462
2.665
1.683
1.530
1.459
2.302
1.348
2.410
2.543
2.323
2.871
2.021
1.400
1.658
2.672
1.499
2.179
2.911
3.183
2.811
2.181
1.802
1.955
2.250
2.998
3.043
2.259
2.188
1.659
1.420
3.120
3.791
1.645
2.444
2.444
2.554
2.218
1.855
2.653
4.347
5.323
5.039
4.759
3.749
2.982
2.651
2.808
2.621
2.645
2.918
2.876
3.823
3.190
2.720
2.392
2.730
3.151
2.012
1.913
2.406
2.095
2.492
3.125
3.006
2.990
3.500
3.328
2.811
2.724
2.276
2.007
1.787
2.426
2.382
3.534
2.925
2.719
2.159
1.911
2.618
3.011
5.353
5.407
3.495
4.093
3.508
3.624
4.205
2.997
2.113
2.943
3.052
2.555
2.799
2.446
1.730
3.775
3.405
2.140
3.536
3.932
2.376
2.859
2.861
2.408
2.498
2.088
2.564
1.754
2.635
2.902
3.031
2.602
2.348
2.558
3.032
2.782
2.465
1.870
2.376
1.228
2.176
1.295
1.641
2.633
2.324
2.626
2.434
1.773
2.000
1.928
1.561
1.681
1.847
2.762
2.994
2.365
3.669
2.270
2.516
1.475
1.377
1.100
1.580
1.696
2.258
3.079
3.164
3.466
3.250
1.533
1.213
1.716
3.106
4.475
4.696
3.048
1.626
1.063
1.228
2.424
2.712
3.109
3.328
3.395
