20000101
0.000
0.000
0.000
0.000
0.000
0.000
0.000
0.000
0.000
0.000
0.000
0.000
0.000
0.000
0.000
0.000
0.000
0.000
0.000
0.000
0.000
0.000
0.000
0.000
0.000
0.000
0.000
0.000
0.000
0.000
0.000
0.000
0.076
0.000
0.000
0.045
0.000
0.024
0.000
0.000
0.000
0.076
0.041
0.000
0.000
0.000
0.000
0.000
0.000
0.000
0.000
0.000
0.000
0.000
0.000
0.000
0.000
0.000
0.000
0.000
0.000
0.000
0.000
0.000
0.000
0.000
0.000
0.000
0.000
0.000
0.000
0.000
0.000
0.000
0.000
0.000
0.000
0.000
0.000
0.000
0.000
0.000
0.309
0.024
0.000
0.000
0.000
0.000
0.000
0.000
0.000
0.000
0.000
0.000
0.000
0.000
0.000
0.000
0.000
0.000
0.000
0.000
0.000
0.000
0.000
0.026
0.033
0.000
0.000
0.000
0.000
0.000
0.000
0.000
0.000
0.000
0.000
0.000
0.000
0.000
0.000
0.000
0.000
0.000
0.000
0.000
0.000
0.000
0.000
0.000
0.000
0.000
0.000
0.000
0.000
0.041
3.076
0.000
0.000
0.041
4.062
1.384
0.051
0.000
0.110
0.010
0.000
0.000
0.000
0.000
0.000
0.000
0.079
0.395
0.010
1.370
0.494
2.060
1.030
8.981
6.798
4.679
0.330
0.391
0.340
0.927
1.504
1.027
1.226
23.360
10.087
12.966
13.932
26.184
1.591
4.171
1.298
0.000
0.412
0.431
6.305
0.000
0.000
0.300
1.171
0.000
0.000
0.000
16.888
6.412
1.672
11.128
6.182
4.471
5.432
11.676
24.087
26.233
7.437
6.806
6.992
19.442
13.766
0.972
2.014
2.341
34.295
45.631
13.636
11.617
23.669
23.058
13.851
12.311
2.527
1.045
0.065
0.014
0.908
4.077
10.167
8.919
0.777
0.939
1.953
5.031
15.563
9.931
6.590
13.148
11.344
1.545
1.520
1.475
0.003
0.003
0.000
0.021
1.145
2.800
0.034
3.919
7.430
4.733
23.337
6.620
0.445
1.618
11.660
29.567
6.436
22.176
11.932
0.513
0.221
0.017
0.000
5.827
18.499
8.663
25.246
15.285
3.177
14.523
12.013
17.638
11.870
4.024
0.000
0.000
0.000
0.000
0.000
0.000
0.017
0.000
0.197
0.014
4.736
0.768
0.018
1.766
0.000
0.000
0.000
0.000
0.000
0.000
0.000
0.000
0.000
0.000
0.000
0.000
0.000
0.000
0.000
0.000
0.000
0.000
0.000
3.483
0.017
0.000
0.000
0.000
0.000
0.000
0.000
0.000
0.000
0.000
0.000
0.000
0.000
0.000
0.000
0.000
0.000
0.000
0.000
0.000
0.000
0.000
0.000
0.000
0.000
0.000
0.000
0.000
0.000
0.000
0.000
0.000
0.000
0.000
0.000
0.000
0.000
0.000
0.000
0.000
0.000
0.000
0.000
0.000
0.000
0.000
0.000
0.000
0.000
0.000
0.000
0.000
0.000
0.000
0.000
0.000
0.000
0.000
0.000
0.000
0.000
0.000
0.000
0.000
5.804
3.286
0.000
0.000
0.000
0.000
0.000
0.000
0.000
0.000
0.000
0.000
0.000
0.000
0.000
0.000
0.000
0.000
0.000
0.000
0.000
0.000
0.000
0.000
0.000
0.000
0.000
0.000
0.000
0.000
0.000
0.000
0.000
0.000
0.000
0.000
0.000
0.000
0.000
0.000
0.000
0.000
0.000
0.000
0.000
0.000
0.000
0.000
0.000
0.000
0.000
0.000
0.000
0.000
0.000
0.000
0.000
0.000
0.000
0.285
0.007
0.000
0.000
0.623
0.000
0.000
0.000
0.000
0.000
0.000
0.000
0.000
0.000
0.000
0.000
0.000
0.000
0.000
0.000
0.000
0.415
0.676
0.000
0.000
0.000
0.000
0.000
0.000
2.063
3.593
0.007
0.000
0.000
0.000
0.000
0.000
0.000
0.000
0.000
0.000
0.000
0.000
0.932
0.488
1.027
0.488
0.961
0.544
0.000
0.000
0.000
0.000
0.000
0.000
0.000
0.000
0.000
0.000
0.000
0.000
0.000
0.000
0.000
0.031
0.003
1.018
0.218
0.003
0.000
0.000
0.000
0.000
0.000
0.000
0.918
0.065
0.000
0.000
0.017
0.000
0.000
0.000
0.000
0.000
0.000
0.000
1.778
0.017
0.000
0.000
0.000
1.353
3.883
0.233
1.658
0.227
0.106
0.000
0.000
0.000
3.081
1.336
0.024
11.175
11.906
5.498
10.959
8.751
6.038
23.152
8.705
12.219
7.093
17.896
28.497
12.232
21.629
50.706
28.455
24.504
7.385
12.322
33.901
45.842
25.174
17.276
2.338
7.917
1.940
1.655
10.372
25.787
21.245
0.812
3.924
24.644
12.262
23.547
9.635
5.263
8.883
16.438
7.248
13.170
12.166
18.256
12.445
21.410
10.976
4.353
4.758
1.665
1.730
0.534
14.099
2.397
10.981
7.108
11.457
0.038
0.318
15.362
9.678
0.783
10.305
8.945
3.279
4.091
9.713
10.900
14.700
10.285
3.315
9.220
19.114
41.885
199.171
4.043
9.699
3.226
4.346
8.503
22.915
13.057
8.741
9.007
9.685
27.686
8.010
15.536
1.525
5.548
1.258
0.000
5.670
5.703
16.434
19.482
15.535
4.341
0.000
0.000
0.000
0.185
0.021
0.000
1.799
6.956
5.443
10.839
12.475
8.791
9.671
1.250
15.101
14.353
11.766
16.124
7.241
0.709
0.000
8.662
0.000
0.000
0.000
0.000
0.928
0.000
0.000
0.000
0.000
0.000
0.000
0.000
0.000
0.000
0.000
0.000
0.000
0.000
0.437
0.748
0.280
0.017
0.000
0.000
0.000
0.000
0.000
0.000
0.000
0.000
0.000
0.000
0.000
0.000
0.000
0.000
0.000
0.000
0.000
0.000
0.000
0.000
0.000
0.000
0.000
0.000
0.000
0.000
0.000
0.000
0.000
0.000
0.000
0.000
0.000
0.000
0.000
0.000
0.000
0.000
0.000
0.000
0.000
0.000
0.000
0.000
0.000
0.000
0.000
0.000
0.000
0.000
0.000
0.000
0.000
0.000
0.000
0.000
0.000
0.000
0.000
0.000
0.000
0.000
0.000
0.000
0.000
0.000
0.000
0.000
0.000
0.000
0.000
0.000
0.000
0.000
0.000
0.000
0.000
0.000
0.000
0.000
0.000
0.000
0.000
1.905
0.000
0.000
0.000
0.875
1.641
0.000
0.000
0.000
0.000
0.000
0.000
0.000
0.000
0.000
0.076
1.021
0.000
0.000
0.000
0.000
0.000
0.000
0.000
0.000
0.000
0.000
0.000
0.000
0.000
0.000
0.000
0.000
1.389
0.027
0.000
0.000
0.000
0.000
0.000
0.000
0.000
0.000
0.000
0.000
0.000
0.000
0.000
0.000
0.000
0.000
0.007
0.000
0.000
0.000
0.000
0.000
0.000
0.000
0.000
0.000
0.000
0.000
0.041
0.000
0.000
0.000
0.000
0.000
0.000
0.000
0.000
0.000
0.000
0.000
0.000
0.000
0.000
0.000
0.000
0.000
0.000
0.000
0.000
0.000
0.000
0.000
0.000
0.000
0.000
0.000
0.000
0.000
0.000
0.000
0.000
0.000
0.000
0.000
0.000
0.000
0.000
0.000
0.000
0.000
0.000
0.000
0.000
0.000
0.000
0.000
0.000
2.441
0.633
0.000
0.000
0.000
0.000
0.000
0.000
0.000
0.000
1.923
0.168
0.000
0.000
0.477
0.000
0.000
0.000
0.000
0.000
0.000
0.288
0.031
0.003
0.000
1.387
9.489
12.603
11.979
0.072
0.156
0.021
4.395
0.659
0.106
0.422
0.251
0.017
0.415
43.588
5.994
0.515
0.096
0.189
0.810
0.130
4.518
26.389
25.632
3.268
11.832
39.814
2.008
0.026
0.000
0.000
0.027
0.003
0.000
0.144
1.667
15.738
27.191
12.662
8.650
13.989
26.014
21.895
2.249
2.213
0.017
0.000
0.625
0.213
0.000
0.148
0.836
6.533
1.330
14.444
18.090
10.513
33.134
27.672
35.199
21.296
11.246
31.536
125.829
26.233
13.819
9.250
26.589
11.596
8.820
1.071
0.905
7.076
24.637
18.721
3.217
0.642
1.933
5.019
15.192
31.081
15.595
3.612
7.787
2.693
23.840
17.134
12.408
15.401
17.853
5.648
13.015
23.638
18.225
13.402
5.728
16.658
3.466
0.000
0.000
0.053
0.455
0.000
0.000
9.512
24.525
44.850
20.271
13.939
8.944
4.988
3.426
6.405
0.651
0.000
0.000
0.000
0.000
0.000
0.000
2.929
11.977
0.522
0.034
0.000
0.000
0.328
4.128
2.721
0.000
13.311
20.203
2.901
0.003
0.000
0.000
0.000
0.000
0.000
0.000
0.000
0.000
0.000
0.000
0.000
0.000
0.000
0.000
0.000
0.000
0.000
0.000
0.000
0.000
0.000
0.000
6.274
0.173
0.000
0.000
0.000
0.000
0.000
0.000
0.000
0.000
0.000
0.000
0.000
0.000
0.000
0.000
0.000
0.000
0.000
0.000
0.000
0.000
0.000
0.000
0.000
0.000
0.000
0.000
0.000
0.000
0.000
0.000
0.000
0.000
0.000
0.000
0.000
0.000
0.000
0.000
0.000
0.000
0.014
0.000
0.000
0.000
0.000
0.000
0.000
0.858
0.027
0.180
0.000
0.000
0.000
0.000
0.000
0.000
0.000
0.000
0.000
0.000
0.000
0.000
0.000
0.000
0.000
0.000
0.000
0.000
0.000
0.000
0.000
0.000
0.000
0.000
0.000
0.000
3.528
0.093
0.000
0.038
4.817
5.885
2.554
19.029
0.130
0.000
0.134
0.536
0.000
0.233
0.635
0.000
0.000
0.000
0.000
0.000
0.000
4.185
1.596
0.024
0.000
0.000
0.000
0.000
0.000
0.000
0.000
0.000
0.000
0.000
0.000
0.000
0.000
0.000
0.000
0.000
0.000
0.000
4.652
0.000
0.000
0.000
0.000
0.000
0.000
0.003
0.000
0.000
0.000
0.000
0.000
0.130
0.000
0.000
0.103
0.051
0.003
0.000
0.000
0.000
0.000
0.010
0.000
0.000
0.000
0.000
0.000
0.000
0.000
0.000
0.000
0.000
0.000
0.000
0.000
0.000
0.000
0.000
0.000
0.000
0.000
0.000
0.000
0.000
0.000
0.405
0.858
0.786
0.000
0.000
0.000
0.000
0.000
0.000
0.000
0.000
20.023
0.000
0.000
0.000
0.000
0.000
0.000
0.000
0.000
0.000
0.000
0.000
0.000
0.060
0.000
0.000
0.000
0.000
0.000
0.000
0.000
0.000
0.000
0.000
0.000
0.000
0.000
0.000
0.000
0.000
0.079
0.072
0.007
0.000
0.000
1.617
0.179
0.319
0.127
0.021
8.580
11.048
14.327
11.773
30.473
59.275
62.866
14.557
25.413
38.478
20.828
36.118
14.210
19.248
27.647
29.465
21.453
3.140
2.426
4.879
11.536
27.964
7.505
14.421
5.037
38.147
33.647
4.104
10.543
1.270
1.375
0.165
6.688
21.343
33.695
13.067
7.103
25.595
10.387
25.960
6.576
2.060
11.700
55.416
26.497
42.920
20.091
7.632
4.412
7.570
3.061
0.934
8.652
31.517
24.513
28.815
10.688
23.823
14.425
8.508
9.448
6.932
24.249
20.409
4.190
8.271
4.156
3.092
33.773
19.714
18.982
7.555
3.339
8.875
23.403
37.661
17.309
4.427
33.865
25.986
7.991
11.583
12.517
3.580
6.521
0.467
8.202
21.466
7.589
6.454
16.334
15.789
8.291
8.478
10.124
21.919
19.602
7.376
15.340
6.971
22.170
17.832
14.210
20.659
20.797
3.026
0.288
0.000
2.537
10.993
3.433
36.148
17.070
11.113
1.226
0.000
0.000
0.000
0.000
0.000
0.000
3.141
12.634
12.888
4.377
0.000
0.292
40.296
165.234
64.148
8.049
1.928
1.840
0.048
0.000
0.549
0.000
0.017
0.000
0.000
0.000
0.000
0.000
0.000
0.000
0.000
0.000
0.000
0.000
0.000
0.000
0.000
0.000
0.000
0.000
0.000
0.000
0.000
0.000
0.000
0.000
0.000
0.000
0.000
0.000
0.000
0.000
0.000
0.000
0.000
0.000
0.000
0.000
0.000
0.000
0.000
0.000
0.000
0.000
0.000
0.000
5.820
0.252
0.000
0.000
0.000
0.000
0.000
0.000
0.000
0.000
0.000
0.393
2.132
0.027
0.000
0.000
0.000
0.000
0.000
0.000
0.000
0.000
0.000
0.000
0.000
0.000
0.000
0.000
0.000
0.000
0.000
0.000
0.000
0.000
0.000
0.000
0.000
0.000
8.909
18.751
0.000
0.000
0.000
0.000
0.000
0.000
0.058
0.000
0.000
0.000
0.000
0.000
0.000
0.000
0.000
0.000
0.000
0.000
0.000
0.000
0.000
0.000
0.000
0.000
0.000
0.000
0.000
0.000
0.000
0.000
0.000
0.000
0.000
0.000
0.000
0.000
0.000
0.000
0.000
0.000
0.000
0.000
0.000
0.000
0.000
0.835
0.000
0.000
0.000
0.000
0.000
0.000
0.000
0.000
0.000
0.000
0.000
0.000
0.000
0.000
0.000
0.000
0.000
0.000
0.000
0.000
0.000
0.000
0.000
0.000
0.000
0.000
0.000
0.000
0.000
0.000
0.000
0.000
0.000
0.000
0.000
0.000
0.000
0.000
0.000
0.000
0.000
0.000
0.000
0.003
0.000
0.457
0.079
0.000
0.000
0.000
0.000
0.000
0.000
0.000
0.000
0.000
0.000
0.000
0.000
0.041
0.000
0.000
0.000
0.000
0.000
0.000
0.000
0.000
0.000
0.000
0.000
0.000
0.000
0.000
0.000
0.000
0.000
0.000
0.113
0.003
0.000
0.000
0.000
0.168
0.014
0.000
0.124
0.275
0.330
0.069
0.000
0.000
0.697
3.179
11.247
8.468
4.875
17.812
7.532
16.898
12.799
10.063
16.974
0.496
0.000
0.000
0.014
0.024
0.000
0.000
0.000
0.000
0.036
6.668
1.174
17.070
8.765
9.720
25.907
7.912
0.496
1.052
0.031
0.026
6.422
0.671
17.705
29.098
10.495
4.204
2.209
1.734
0.134
1.841
2.163
14.172
11.728
0.942
8.925
6.249
4.341
22.619
17.001
14.359
7.330
6.036
26.514
6.238
26.552
31.421
10.569
11.114
30.704
23.752
28.516
8.908
18.958
13.316
23.516
31.895
6.568
7.163
34.076
5.566
7.622
16.369
25.495
11.915
2.496
4.695
8.078
0.843
0.709
0.681
0.017
3.624
0.000
0.000
0.000
6.401
3.519
0.000
0.000
6.053
22.203
4.726
1.037
0.948
19.995
29.339
26.954
32.774
14.244
9.681
4.712
13.999
9.467
2.491
3.465
11.273
1.760
0.295
0.022
0.000
11.518
12.629
4.544
5.845
26.299
24.321
10.241
0.924
0.000
0.000
0.000
1.003
8.729
19.441
10.285
0.000
0.000
0.000
0.000
0.000
0.000
0.000
0.000
0.000
0.000
0.000
0.000
0.000
0.000
0.000
0.000
0.000
0.000
0.000
0.000
0.000
0.000
0.000
0.000
0.000
0.000
0.000
0.000
0.000
0.000
0.000
0.000
0.000
0.000
0.000
0.000
0.000
0.000
0.000
0.000
0.000
0.000
0.000
0.000
0.000
0.000
0.000
0.000
0.000
0.000
0.000
0.000
0.000
0.000
0.000
0.000
0.000
0.000
0.000
0.000
0.000
0.000
0.000
0.000
0.000
0.000
0.000
0.000
0.000
0.021
0.051
0.000
0.000
0.000
0.000
0.000
0.000
0.000
0.000
0.000
0.000
0.000
0.000
0.000
0.000
0.000
0.000
0.000
0.000
0.000
0.000
0.000
0.000
0.570
0.851
0.000
0.000
0.000
0.000
1.394
0.007
0.000
0.000
0.000
8.202
0.086
2.235
12.663
10.423
0.000
0.000
0.000
0.010
0.433
0.007
0.000
0.000
0.000
0.000
0.000
0.000
0.000
0.000
0.000
0.000
0.000
0.257
0.026
0.254
0.975
0.000
0.000
0.000
0.000
0.000
0.000
0.000
0.000
0.000
0.000
0.000
0.000
0.000
0.000
0.000
1.119
1.130
0.192
0.000
0.000
0.000
0.000
0.000
0.000
0.000
0.000
0.000
0.000
0.110
0.398
0.000
0.000
0.000
0.000
0.000
0.007
0.000
0.000
0.000
0.000
0.000
0.000
0.000
0.000
0.000
0.000
0.048
0.000
0.000
0.000
0.000
0.000
0.000
0.000
0.000
0.000
0.000
0.000
0.000
0.000
0.000
0.000
0.000
0.003
0.000
0.000
0.000
0.000
0.000
0.000
0.000
0.000
0.000
0.000
0.000
0.000
0.000
0.000
0.000
0.000
0.000
0.000
0.000
0.000
0.000
0.017
0.000
0.000
0.000
0.000
0.000
0.000
0.000
0.000
0.000
0.000
0.000
0.000
0.000
0.000
0.000
0.000
0.000
0.000
0.000
0.000
0.000
0.000
0.000
0.000
0.000
0.000
0.000
0.000
0.000
0.000
0.000
0.000
0.100
0.000
0.086
0.000
0.000
7.975
1.097
5.433
69.513
19.659
19.705
6.619
6.717
3.899
13.512
21.357
13.079
0.354
0.201
16.715
19.303
31.028
115.188
102.638
15.307
6.112
10.550
3.826
0.154
2.551
3.650
2.202
0.000
3.450
1.950
1.551
2.923
0.077
13.884
4.961
0.592
4.305
1.548
42.522
9.249
8.528
15.722
9.246
1.068
1.402
0.213
0.124
0.673
0.041
1.847
8.628
5.239
8.290
11.951
18.114
20.472
9.301
16.926
14.828
4.020
0.594
0.539
4.954
1.281
3.062
0.069
0.062
0.034
8.679
13.111
8.581
12.220
20.412
7.731
13.106
14.684
3.499
9.390
6.035
7.087
29.629
12.587
16.068
8.395
13.154
0.204
0.014
3.564
1.950
5.464
12.478
4.705
5.339
0.352
0.000
0.000
0.000
0.211
3.219
3.892
0.687
0.460
0.007
0.000
0.000
0.000
0.477
2.118
0.347
0.982
1.569
25.670
8.072
25.269
23.246
17.097
21.588
2.905
0.398
0.342
0.889
0.364
0.055
0.021
0.000
0.000
0.000
0.000
3.160
2.652
2.072
0.003
0.000
0.000
0.000
0.000
0.000
0.000
0.000
0.000
0.000
0.000
0.000
0.000
0.000
0.000
0.000
0.000
0.000
0.000
0.000
0.000
0.000
0.000
0.000
0.000
0.000
0.000
0.000
0.000
0.000
0.000
0.000
0.000
0.000
0.000
0.000
0.000
0.000
0.000
0.000
0.000
0.000
0.000
0.000
0.000
0.000
0.000
0.000
0.000
0.000
0.000
0.000
0.000
0.000
0.000
0.000
0.000
0.000
0.000
0.000
0.000
0.000
0.000
0.000
0.000
0.000
0.000
0.000
0.000
0.000
0.000
0.000
0.000
0.000
0.000
0.000
0.000
0.000
0.000
0.000
0.000
0.000
0.000
0.000
0.000
0.000
0.000
0.000
0.000
0.000
0.000
0.000
0.000
0.000
0.000
0.000
0.000
0.000
0.000
0.000
0.000
0.000
0.000
0.000
0.000
0.000
0.000
0.000
0.000
0.000
0.000
0.000
0.000
0.000
0.000
0.000
0.000
0.000
0.000
0.000
0.000
0.000
0.000
0.000
0.000
0.182
7.749
10.962
8.398
0.069
0.000
1.734
0.261
0.000
0.000
0.000
0.000
0.000
0.000
0.000
0.000
0.000
0.000
0.000
0.000
0.000
0.000
0.000
0.000
0.000
0.000
0.000
0.000
0.000
0.000
0.000
0.000
0.000
0.000
0.000
0.000
0.000
0.000
0.000
0.000
6.341
0.709
0.000
0.000
0.088
0.010
0.000
0.000
0.000
0.000
0.000
0.000
0.000
0.000
0.000
0.000
0.000
0.000
0.000
0.000
0.295
0.022
0.098
1.267
0.137
0.007
0.833
0.518
0.582
0.000
0.014
0.088
0.007
0.057
0.345
0.376
0.003
0.360
3.715
3.238
0.347
0.302
0.000
0.000
0.007
0.000
0.000
0.512
0.151
10.811
13.087
41.841
1.336
0.000
0.027
0.003
0.000
0.000
0.000
0.134
0.027
0.000
0.000
0.000
1.051
7.793
11.369
17.789
19.102
31.459
11.642
20.284
17.733
32.264
21.253
10.334
2.079
5.737
9.404
1.109
1.866
15.473
43.007
67.940
9.556
10.247
1.512
12.218
17.955
23.646
14.444
10.203
8.378
41.427
3.380
0.623
12.632
11.488
10.361
14.267
7.327
33.311
9.961
29.346
10.844
38.166
10.102
5.825
3.753
4.037
8.156
3.993
8.187
6.386
12.612
1.571
1.936
1.545
3.563
13.234
7.352
2.880
4.726
16.613
23.489
37.673
10.494
12.538
14.171
16.809
33.172
8.368
21.942
20.975
2.920
0.482
0.000
0.000
8.291
3.960
2.147
9.575
4.551
12.844
1.271
0.240
2.065
4.177
3.588
4.389
3.474
9.227
1.952
21.276
14.981
18.521
22.619
21.040
21.899
33.083
3.232
0.456
12.334
12.394
19.130
11.361
5.626
0.906
0.767
2.094
0.017
0.000
0.000
0.000
0.034
0.000
0.000
0.000
0.657
0.115
0.000
0.000
0.000
0.000
2.673
6.808
5.876
0.278
0.721
0.000
0.000
0.000
0.000
4.872
2.609
0.194
0.000
0.179
0.000
0.000
3.404
1.067
0.000
0.000
0.000
0.000
0.000
2.894
0.000
0.000
0.000
0.000
0.000
0.000
0.000
0.000
0.000
0.000
0.000
0.000
0.000
0.000
0.000
0.000
0.000
0.000
0.000
0.000
0.000
0.000
0.000
0.000
0.000
0.000
0.000
0.000
0.000
0.000
0.000
0.000
0.000
0.000
0.000
0.000
0.000
0.000
0.000
0.000
0.000
0.000
0.000
0.000
0.000
0.000
0.000
0.000
0.000
0.000
0.000
0.000
0.000
0.000
0.000
0.000
0.000
0.000
0.000
0.000
0.000
0.000
0.000
0.000
0.000
0.000
0.000
0.000
0.000
0.000
0.000
0.000
0.000
0.000
0.000
0.000
0.000
0.000
0.000
0.000
0.014
0.000
0.000
0.000
0.000
0.000
0.000
0.000
0.278
0.000
1.214
13.033
4.999
29.076
3.085
0.000
0.000
0.000
0.000
0.000
0.000
0.000
0.000
0.000
0.000
0.069
0.003
0.000
0.000
0.172
0.149
0.000
0.000
0.000
0.000
0.000
0.000
0.000
0.000
0.000
0.014
16.790
2.671
0.000
0.000
0.000
0.000
0.000
0.000
0.000
0.000
0.000
0.000
0.000
0.000
0.000
0.000
0.000
0.000
0.000
0.000
0.000
0.000
0.000
0.000
0.000
0.000
0.000
0.000
0.000
0.000
0.000
0.000
0.393
3.887
0.069
0.112
0.252
1.604
0.150
0.303
0.816
0.039
0.000
0.000
0.000
0.907
0.000
0.208
0.196
1.507
0.494
3.814
0.024
0.014
1.744
7.076
9.740
4.151
1.830
0.000
3.708
0.045
0.343
0.072
2.101
0.299
0.429
4.700
0.707
1.174
0.000
0.000
0.000
0.000
0.000
0.000
0.000
0.000
0.000
0.000
0.000
0.000
0.000
0.306
0.021
0.000
0.000
0.000
0.082
0.446
0.264
1.655
3.732
3.838
33.968
7.732
13.369
0.457
31.524
3.921
10.283
0.989
0.034
0.000
5.091
5.469
16.994
5.347
5.879
5.471
21.739
18.866
48.298
11.250
87.019
66.859
5.538
0.045
6.731
2.148
15.223
16.065
16.582
17.670
26.167
52.757
16.443
4.444
4.595
28.276
56.281
17.331
18.412
20.117
72.742
15.086
10.177
3.818
28.207
15.250
26.946
20.182
27.042
24.118
7.114
15.178
9.798
1.078
1.802
4.865
5.363
14.313
7.960
18.965
22.299
4.743
51.282
1.715
8.283
23.614
6.846
0.324
0.117
22.620
3.856
5.807
9.575
8.484
4.357
5.594
15.171
27.318
3.686
4.547
0.577
2.405
13.929
29.893
17.319
15.599
7.153
1.919
0.268
0.113
2.645
8.063
35.155
10.090
5.103
21.248
24.151
17.434
1.631
4.333
24.322
35.547
11.412
29.109
40.272
31.666
28.914
65.840
14.913
9.373
7.273
13.166
18.615
12.590
0.103
0.000
0.000
0.000
0.000
0.000
0.000
2.994
8.332
7.141
2.616
0.000
0.000
0.000
0.000
0.000
0.000
0.000
0.000
0.000
0.000
0.000
0.000
0.000
0.000
0.000
0.000
0.000
0.000
0.000
0.046
0.561
0.007
5.770
0.652
0.000
0.000
0.000
0.000
0.000
0.000
0.000
0.000
0.000
0.000
0.000
0.000
0.000
0.000
0.000
0.000
0.000
0.000
0.000
0.000
0.000
0.000
0.000
0.000
0.000
0.000
0.000
0.000
0.000
0.000
0.000
0.000
0.000
0.000
0.000
0.000
0.000
0.000
0.000
0.000
0.000
0.000
0.000
0.000
0.000
0.000
0.000
0.000
0.000
0.000
0.000
0.000
0.000
0.000
0.000
0.000
0.000
0.000
0.000
0.000
0.000
0.000
0.000
0.000
0.000
0.000
0.000
0.000
0.000
0.000
0.000
0.000
0.154
17.111
14.614
5.939
0.216
0.000
0.000
0.000
1.978
0.000
0.000
0.000
0.000
0.000
0.053
0.179
1.671
9.591
0.342
0.000
0.000
0.000
0.000
0.000
0.000
0.000
0.000
0.000
0.000
0.000
0.000
0.000
0.000
0.000
0.000
0.000
0.000
0.000
0.000
0.000
0.000
0.000
0.000
0.000
0.000
0.000
0.000
0.000
0.000
0.000
0.000
0.000
0.000
0.000
0.000
0.000
0.000
0.000
0.003
0.000
0.000
0.000
0.000
0.000
0.000
0.000
0.000
0.000
0.000
0.000
0.000
0.000
0.191
0.079
1.662
4.527
0.015
0.000
0.000
0.000
0.000
0.000
0.000
0.000
0.017
0.000
0.000
0.000
0.000
0.000
0.000
0.000
0.000
0.000
0.000
0.000
0.000
0.000
0.000
0.000
0.000
0.000
0.000
0.000
0.000
0.000
0.000
0.000
0.000
0.000
0.010
0.021
0.000
0.000
0.069
0.048
0.175
0.003
0.000
0.000
0.000
0.771
0.488
0.014
0.656
0.048
0.000
0.000
0.000
0.000
0.000
0.000
0.000
0.917
0.954
0.055
0.711
1.514
10.420
4.209
4.127
10.410
18.179
21.592
17.580
12.686
30.281
138.452
116.922
38.397
1.064
7.804
26.458
29.945
23.833
9.431
8.435
26.220
10.365
12.385
16.274
9.246
13.717
10.537
5.932
22.573
36.076
26.901
27.833
8.885
29.074
29.835
10.698
2.511
16.742
20.112
10.865
9.958
20.646
25.785
128.293
13.855
18.984
7.256
14.799
2.275
22.247
3.986
11.658
0.925
2.046
5.874
3.214
1.624
1.629
1.664
15.683
28.887
22.415
20.748
32.293
8.607
9.246
8.284
13.034
13.887
14.145
19.484
12.717
4.013
4.233
7.876
10.182
19.690
15.207
1.567
3.354
2.573
21.808
28.784
8.517
7.854
11.101
3.613
3.049
1.820
2.458
6.413
2.369
0.000
5.219
19.882
2.791
0.724
0.072
2.321
15.206
33.265
16.776
11.877
12.703
3.804
1.299
6.913
25.293
5.850
12.586
0.000
0.000
0.000
0.106
0.299
1.085
4.422
4.027
5.356
15.472
9.256
4.110
0.884
0.862
0.050
0.187
0.000
0.000
0.000
0.572
0.003
0.000
0.000
0.000
0.000
0.000
0.000
0.000
0.000
0.000
2.481
4.095
0.374
0.000
0.000
0.000
0.000
0.000
0.000
0.000
0.000
0.000
0.000
0.000
0.000
0.000
0.000
0.000
0.000
0.000
0.000
0.000
0.000
0.000
0.000
0.000
0.251
0.132
0.000
0.000
0.000
0.000
0.000
0.000
0.000
0.000
0.000
0.000
0.000
0.000
0.000
0.000
0.000
0.000
0.000
0.000
0.000
0.000
0.000
0.000
0.000
0.000
0.000
0.000
0.000
0.000
0.000
0.000
0.000
0.000
0.000
0.000
0.000
0.000
0.000
0.000
0.000
0.000
0.000
0.000
0.000
0.000
0.000
0.000
1.924
0.861
0.245
0.000
0.000
0.000
0.000
0.000
0.000
0.000
0.000
0.000
0.000
0.000
0.000
0.000
0.000
0.000
0.000
0.000
0.000
0.000
0.000
0.000
0.000
0.000
0.000
0.000
0.000
0.000
0.000
0.000
0.000
0.000
0.000
0.000
0.000
0.000
0.000
0.000
0.000
0.000
0.000
0.000
0.000
0.000
0.000
0.000
0.000
0.000
0.000
0.000
0.000
0.000
0.000
0.000
0.000
0.000
0.000
0.000
0.000
0.000
0.014
0.000
0.000
0.000
0.000
0.000
0.000
0.000
0.000
0.000
0.038
0.031
0.072
0.000
0.000
1.318
0.179
0.000
0.000
0.000
0.745
0.058
0.000
0.000
0.000
0.000
0.000
0.000
0.000
0.367
0.000
0.000
0.000
0.000
0.000
0.000
0.000
0.000
0.000
0.000
0.000
0.000
0.000
0.000
0.000
0.000
0.000
0.000
0.000
0.000
0.000
0.000
0.000
0.000
0.017
0.000
0.000
0.000
0.000
0.000
0.000
0.000
0.115
10.475
0.639
0.017
1.188
0.000
4.580
7.323
0.439
0.196
0.007
2.314
0.062
0.000
43.696
2.226
1.732
0.338
0.213
2.891
0.807
0.000
0.000
0.584
2.089
0.000
0.024
0.003
0.000
0.000
0.000
0.000
0.000
0.000
0.726
0.000
0.000
0.000
0.000
0.000
0.000
0.000
0.000
0.000
0.000
0.987
0.000
0.702
32.700
22.798
7.443
16.805
17.331
25.620
15.185
33.543
22.371
13.296
2.824
8.348
18.538
2.738
11.901
2.795
0.546
1.129
4.267
11.723
9.323
40.316
19.281
3.684
6.038
1.355
4.901
4.280
7.311
47.645
16.766
4.085
2.281
6.080
2.228
3.068
12.857
0.438
0.352
4.182
1.897
7.747
8.587
17.419
12.339
5.268
18.908
39.889
13.553
12.243
21.772
9.838
9.350
5.751
16.838
4.669
7.957
9.036
3.052
5.224
2.039
4.807
13.537
14.729
7.672
7.946
0.189
0.261
11.319
23.720
26.511
23.150
11.989
6.353
3.457
0.055
0.802
0.371
2.374
6.897
3.059
0.000
0.000
0.335
0.024
0.000
1.456
11.434
15.477
12.957
18.248
7.072
13.053
9.088
5.819
1.435
21.945
23.442
25.117
26.886
25.581
24.142
3.217
0.000
0.000
0.000
0.000
0.000
0.000
0.000
0.000
0.000
0.000
0.000
0.000
0.000
0.000
0.000
0.000
0.000
0.000
0.000
0.000
0.000
0.000
0.000
0.000
0.000
0.000
0.000
0.000
0.814
0.000
0.000
0.000
0.021
0.000
0.000
0.714
0.669
0.031
2.903
47.769
0.154
0.000
0.000
0.000
0.000
0.000
0.000
0.000
0.000
0.000
0.000
0.000
0.000
0.000
0.000
0.000
0.000
0.000
0.000
0.000
0.000
0.000
0.000
0.000
0.000
0.000
0.000
0.000
0.000
0.000
8.343
4.549
0.000
0.000
0.000
0.000
0.000
0.000
0.000
0.000
0.000
0.000
0.003
0.525
0.000
0.000
0.000
0.000
0.000
0.000
0.000
0.000
0.000
0.000
0.000
0.000
0.843
0.204
0.000
0.000
0.000
0.000
0.000
0.000
0.000
0.000
0.000
0.000
0.000
0.000
0.000
0.000
0.000
0.000
0.000
0.000
0.000
0.000
0.000
0.000
0.000
0.000
0.000
0.000
0.007
0.000
0.000
0.000
0.000
0.022
17.212
0.113
0.000
0.000
0.000
0.000
0.000
0.000
0.000
0.000
0.000
0.000
0.000
0.000
0.000
0.000
0.000
0.000
0.000
0.000
0.000
0.000
0.000
0.000
0.000
0.000
0.000
0.000
0.000
0.000
0.000
0.000
0.000
0.000
0.000
0.000
0.000
0.000
0.000
0.000
0.000
0.000
0.000
0.000
0.000
0.000
0.000
0.000
0.000
0.000
0.000
0.000
0.000
0.000
0.000
0.000
0.000
0.000
0.000
0.000
0.000
0.000
0.000
0.000
0.000
0.000
0.000
0.000
0.000
0.000
0.000
0.014
0.215
0.017
0.021
0.000
0.213
0.845
0.058
0.130
0.783
0.093
0.000
0.000
0.000
0.000
0.000
0.000
0.000
0.000
0.000
0.127
0.000
0.996
0.158
0.000
0.000
0.000
0.003
0.048
0.000
0.000
0.000
0.000
0.000
0.000
0.000
0.000
0.410
0.000
0.000
0.000
0.000
0.000
0.000
0.000
0.886
0.117
0.022
0.000
0.000
2.889
4.630
8.351
1.231
0.158
1.717
8.665
5.339
2.290
33.939
15.693
0.069
2.621
2.942
31.157
9.654
1.564
10.664
1.996
5.962
0.287
0.000
0.252
3.480
29.378
14.358
17.945
7.452
1.382
2.608
9.041
5.251
0.256
17.844
2.977
7.471
24.649
24.450
3.941
5.277
3.584
0.978
0.151
5.165
43.378
28.623
15.147
7.093
6.527
10.822
0.227
7.526
0.041
0.196
7.210
1.909
8.109
31.280
16.342
9.500
15.443
4.673
12.212
22.982
7.289
12.500
12.751
21.399
33.481
10.835
5.157
10.866
8.847
5.833
1.742
2.898
10.808
9.943
0.860
0.930
15.319
4.848
4.583
3.880
5.074
8.497
18.550
20.222
10.804
34.343
20.551
12.844
9.223
1.897
2.994
3.464
6.204
4.268
1.016
2.235
0.529
1.514
0.007
0.000
0.000
0.000
2.681
5.117
27.413
25.701
8.791
18.694
3.946
1.696
0.000
0.000
0.000
0.000
0.000
1.887
21.511
1.416
1.408
13.450
20.423
12.593
20.380
0.278
0.000
0.000
0.000
0.000
0.000
0.000
0.000
0.000
0.000
3.486
0.000
0.000
0.000
0.000
0.000
0.000
0.000
0.000
0.031
0.000
0.000
0.000
0.000
0.000
0.000
0.000
0.000
0.385
0.086
0.000
0.000
0.000
0.000
0.000
0.027
0.285
0.000
0.000
0.000
0.000
0.000
0.000
0.000
0.000
3.124
15.254
17.317
6.600
0.000
0.000
0.000
0.000
0.000
0.000
0.000
0.000
0.000
0.000
0.000
0.000
0.000
0.000
0.000
0.000
0.000
0.000
0.000
0.000
0.000
0.000
0.000
0.000
0.000
0.000
0.000
0.000
0.000
0.000
0.000
0.000
0.000
0.000
0.000
0.000
0.000
0.000
0.000
0.000
0.000
0.000
0.000
0.000
0.000
0.000
0.000
0.000
0.199
0.003
0.000
0.850
0.000
0.000
0.000
0.002
0.000
0.000
0.000
0.000
0.000
0.000
0.000
0.002
0.002
0.000
0.000
0.000
0.000
0.683
0.000
0.024
0.051
16.438
0.000
0.000
0.000
0.021
1.052
0.000
0.000
0.000
0.002
0.000
0.000
0.021
0.000
0.000
0.000
0.000
0.000
0.125
0.000
0.002
0.002
0.000
0.000
0.000
0.000
0.000
0.000
0.000
0.000
0.000
0.002
0.002
0.000
0.002
0.000
0.000
0.000
0.002
0.000
0.000
0.000
0.045
0.002
0.000
0.000
0.000
0.000
0.000
0.000
0.000
0.529
8.401
0.618
0.000
0.000
0.601
0.738
0.000
0.000
0.000
0.002
0.000
0.009
0.925
0.168
0.000
0.776
0.000
0.000
0.000
0.000
0.000
0.010
0.003
0.824
0.196
0.000
0.000
0.000
0.000
0.000
0.000
0.000
0.000
0.000
0.000
0.000
0.031
0.149
0.000
0.003
0.000
0.130
0.285
0.072
1.432
0.000
1.150
0.019
0.632
0.051
0.014
0.000
0.000
0.010
0.000
0.041
0.151
0.003
0.851
1.459
1.229
7.042
31.048
47.851
18.591
127.137
67.751
16.565
0.748
2.980
14.387
7.380
46.694
23.349
28.243
54.321
31.390
16.924
22.024
8.439
19.363
43.459
5.143
3.150
6.865
27.057
10.712
19.648
19.714
22.537
2.451
5.799
30.206
46.199
5.613
40.608
45.452
17.025
58.396
15.573
1.439
0.958
1.675
2.235
4.930
28.740
34.564
18.641
10.849
24.936
22.773
52.563
33.913
29.862
23.765
23.799
20.215
14.694
25.605
24.489
6.949
24.115
4.293
47.869
57.709
18.893
29.071
19.744
6.125
11.618
1.160
28.372
13.898
5.768
14.804
0.517
3.579
0.398
1.667
0.563
1.401
7.148
7.958
10.068
7.258
12.257
22.137
28.794
16.023
15.587
15.364
34.016
7.320
35.067
16.407
32.211
33.505
23.672
11.658
26.484
27.007
62.423
21.416
12.607
17.029
2.929
2.201
1.459
3.586
0.941
0.479
0.024
3.957
6.448
4.020
1.123
10.832
5.771
13.043
2.091
1.251
0.000
0.010
0.000
0.000
0.002
0.000
0.913
4.851
2.561
17.115
0.165
0.000
0.000
0.000
0.000
0.000
0.000
0.002
0.000
0.000
0.000
0.002
0.000
0.000
0.000
0.000
0.000
0.000
0.000
0.000
0.000
0.000
0.000
0.000
0.000
0.000
0.000
0.000
0.000
0.000
0.000
0.000
0.000
0.000
0.000
0.002
0.000
0.000
0.000
0.000
0.000
0.000
0.000
0.000
0.000
0.000
0.000
0.000
0.000
0.002
0.000
0.000
0.000
0.000
0.000
0.000
0.000
0.000
0.000
0.000
0.000
0.000
0.000
0.000
0.000
0.000
0.000
0.000
0.000
0.000
0.000
16.661
16.294
0.405
0.055
0.089
1.332
5.043
7.920
8.702
0.081
0.000
0.000
0.000
0.000
0.000
0.002
0.000
0.000
0.024
0.003
0.000
0.000
0.000
0.000
0.000
0.000
0.017
0.003
0.000
0.000
0.000
0.000
0.000
0.000
0.000
0.000
0.000
0.000
0.000
0.000
0.000
0.000
0.000
0.000
0.045
2.338
0.594
0.000
0.000
0.000
0.000
0.000
0.000
0.000
0.000
0.000
0.000
0.000
0.000
0.002
0.000
0.000
0.000
0.000
0.000
0.000
0.000
0.000
0.000
0.000
0.000
0.000
0.062
0.000
0.000
0.000
0.002
0.000
0.000
0.000
0.000
0.000
0.000
0.000
0.000
0.000
0.000
0.000
0.000
0.000
0.000
0.000
0.000
0.000
0.326
0.422
0.731
1.473
0.000
0.000
0.010
0.000
0.117
0.003
0.000
0.000
0.000
0.000
0.000
0.000
0.000
0.000
0.002
0.000
0.000
0.000
0.000
0.000
0.000
0.000
0.000
0.000
0.000
0.000
0.000
0.137
0.302
0.000
0.000
0.000
0.002
0.000
0.010
0.168
0.000
0.000
0.000
0.000
0.005
0.000
0.000
0.000
0.000
0.000
0.000
0.000
0.000
0.000
0.000
0.000
0.000
0.000
0.000
0.000
0.000
0.000
0.000
0.000
2.118
0.130
0.000
0.000
0.000
0.000
0.000
0.000
0.000
0.000
0.000
2.287
28.606
20.651
25.269
28.276
33.388
21.791
4.058
40.045
0.000
0.233
0.055
0.000
3.880
0.694
5.284
30.199
136.622
74.523
8.739
15.264
9.689
22.131
6.482
16.409
16.830
18.594
85.989
12.804
0.385
1.694
10.396
15.642
9.150
3.989
23.765
63.192
34.751
13.069
18.004
21.808
1.998
13.640
2.451
0.714
11.738
21.852
17.925
25.416
14.284
7.896
8.226
21.403
12.013
11.203
9.277
5.067
0.436
3.660
0.125
5.915
7.845
0.010
1.878
7.728
1.566
3.004
0.046
0.522
8.720
4.947
2.783
0.000
0.005
0.000
0.007
9.867
0.360
4.134
2.225
11.232
2.280
0.024
1.318
21.602
1.572
8.602
22.374
28.523
6.860
36.893
17.070
13.791
0.127
1.782
0.115
0.010
0.000
0.000
0.000
0.000
0.000
0.000
0.000
0.000
3.643
0.271
3.220
3.069
0.058
0.000
0.000
0.000
0.549
0.391
0.000
0.000
0.000
0.000
0.000
0.000
0.000
0.000
0.000
0.000
0.000
0.000
0.000
0.002
0.000
0.000
0.000
0.000
0.000
0.002
0.000
0.000
4.885
51.262
0.110
12.162
1.336
0.000
0.000
0.000
0.002
0.000
0.000
0.000
0.000
0.000
0.002
0.000
0.000
0.000
0.000
0.000
0.002
0.000
0.000
0.000
0.000
0.000
0.000
0.000
0.000
0.000
0.000
0.003
0.000
0.000
0.000
0.000
0.000
0.000
0.000
0.000
0.000
0.002
0.000
0.000
0.000
0.000
0.000
0.000
0.000
0.000
0.000
0.000
0.000
0.000
0.002
0.000
0.000
0.000
0.000
0.000
0.000
0.000
0.000
0.000
0.000
0.000
0.000
0.000
0.000
0.000
0.000
0.000
0.000
0.000
0.000
0.000
0.000
0.000
0.000
0.000
0.000
0.002
0.000
0.000
0.002
0.000
0.000
0.000
0.000
0.000
0.000
0.000
0.000
0.000
0.000
0.000
0.000
0.000
0.029
0.000
0.000
0.000
0.000
0.000
0.000
0.357
0.041
3.042
0.069
0.000
0.000
0.000
0.000
0.000
0.003
0.000
0.000
0.000
0.000
0.000
0.000
0.000
0.000
0.000
0.000
0.000
0.000
0.000
0.000
0.000
0.002
0.002
0.000
0.000
1.102
0.110
0.000
0.000
0.000
0.000
0.000
0.002
0.000
0.000
0.000
0.000
0.295
0.409
0.022
0.000
0.000
0.000
0.161
0.000
0.000
0.000
0.000
0.000
0.000
0.000
0.000
0.000
0.000
0.031
0.017
0.000
0.000
0.014
1.871
1.054
0.913
0.000
0.000
0.000
0.000
0.000
0.000
0.000
0.000
0.000
0.003
0.000
0.000
0.000
0.000
0.000
0.000
0.000
0.000
0.000
0.000
0.000
0.000
0.000
0.000
0.000
0.000
0.000
0.000
0.000
0.000
0.000
0.000
0.002
0.000
0.000
0.000
0.000
0.000
0.003
0.524
0.007
0.549
0.000
0.000
1.514
0.019
0.338
0.046
0.000
0.000
0.000
0.909
8.255
3.040
17.750
3.407
0.266
0.041
4.877
0.263
0.000
0.000
6.808
14.533
33.721
16.694
18.907
7.383
7.052
4.212
10.298
7.740
0.103
0.007
0.920
1.847
12.236
2.024
0.591
8.679
5.620
0.476
13.055
14.677
9.060
3.358
1.006
5.466
10.667
18.584
8.952
13.378
2.283
5.054
21.578
44.738
42.649
5.775
8.360
9.599
5.315
2.812
2.510
0.076
10.787
1.490
2.750
10.519
4.762
10.938
1.629
5.119
22.244
4.062
5.146
13.784
10.283
27.411
2.620
43.238
44.685
37.796
3.203
1.572
0.271
10.168
0.000
1.140
10.334
12.425
5.243
3.941
1.928
1.911
2.530
0.007
0.000
0.003
0.000
0.000
2.419
3.062
5.390
14.402
0.409
9.819
2.843
2.750
0.000
2.911
35.760
7.924
0.645
0.165
1.466
19.607
25.976
11.797
12.799
19.544
27.687
12.648
5.723
4.582
2.465
8.415
9.467
5.361
18.642
5.215
0.120
7.072
6.108
0.694
30.185
3.739
1.397
1.763
4.913
0.012
0.151
0.244
0.000
0.851
0.031
0.443
8.847
5.503
0.256
0.002
0.000
0.000
0.000
0.000
0.000
0.000
0.000
0.000
0.000
0.000
0.000
0.000
0.000
0.001
0.000
0.000
0.000
0.000
0.000
0.000
0.000
0.000
0.000
0.000
0.000
0.000
0.000
0.000
0.000
0.000
0.000
0.000
0.000
0.000
0.002
0.000
0.000
0.000
0.000
0.000
0.002
0.000
0.000
0.000
0.000
0.000
0.003
0.002
0.000
0.000
0.002
0.000
0.000
0.000
0.000
0.000
0.000
0.000
0.000
0.002
0.000
0.000
0.000
0.000
0.000
0.000
0.000
0.000
0.427
4.202
0.000
0.000
0.000
0.137
1.524
0.455
0.000
0.000
0.000
0.000
0.000
0.498
0.158
0.141
0.000
0.000
0.000
0.002
0.000
0.000
0.000
0.000
0.000
0.000
0.000
0.000
0.000
0.000
0.000
0.000
0.000
0.000
0.000
0.000
0.000
0.000
0.000
0.000
0.518
4.530
6.980
0.000
0.000
0.000
0.000
0.000
0.000
0.237
0.082
0.000
0.539
0.831
14.105
6.945
3.550
0.000
0.002
0.000
0.000
0.000
0.000
0.000
0.003
0.000
0.000
0.000
0.000
0.000
0.000
0.000
0.000
0.000
0.000
0.000
0.002
0.000
0.000
0.000
0.000
0.000
0.000
0.000
0.000
0.000
0.000
0.000
0.000
0.003
0.002
0.000
0.000
0.000
0.000
0.000
0.000
0.000
0.000
0.010
0.000
0.014
0.000
0.000
0.000
0.000
0.000
0.000
0.000
0.000
0.000
0.000
0.000
0.000
0.000
0.000
0.003
0.000
0.000
0.000
0.000
0.309
0.034
0.002
0.000
0.549
0.000
0.000
0.000
0.019
0.000
0.000
0.000
0.000
0.000
0.000
0.000
0.000
0.000
0.000
0.220
2.894
48.340
70.673
0.000
0.000
0.000
0.002
1.741
0.003
0.000
0.000
0.002
0.000
0.000
0.000
0.000
0.000
0.000
0.000
0.000
0.003
2.513
0.759
1.727
3.945
3.555
10.883
4.820
0.055
0.000
0.481
0.385
2.462
4.650
1.941
0.821
0.038
6.559
105.479
35.706
56.605
16.788
0.491
0.000
0.000
0.330
0.951
1.669
1.270
5.562
3.536
8.310
28.822
4.738
23.332
23.590
11.436
1.645
0.127
7.646
35.294
30.992
3.914
2.970
6.350
6.908
0.769
