20000101
0.000
0.000
0.000
0.000
0.000
0.000
0.000
0.000
0.000
0.000
0.000
0.000
0.000
0.000
0.000
0.000
0.000
0.000
0.000
0.000
0.000
0.000
0.000
0.000
0.000
0.000
0.000
0.000
0.000
0.000
0.000
0.000
0.000
0.000
0.000
0.007
0.003
0.000
0.000
0.000
0.000
0.003
0.093
0.000
0.000
0.000
0.000
0.000
0.000
0.000
0.000
0.000
0.000
0.000
0.000
0.000
0.000
0.000
0.000
0.000
0.000
0.000
0.000
0.000
0.000
0.000
0.000
0.000
0.000
0.000
0.000
0.000
0.000
0.000
0.000
0.000
0.000
0.000
0.000
0.000
0.000
0.000
0.367
0.003
0.000
0.000
0.000
0.000
0.000
0.000
0.000
0.000
0.000
0.000
0.000
0.000
0.000
0.000
0.000
0.000
0.000
0.000
0.000
0.000
0.000
0.000
0.000
0.000
0.000
0.000
0.000
0.000
0.000
0.000
0.000
0.000
0.000
0.000
0.000
0.000
0.000
0.000
0.000
0.000
0.000
0.000
0.000
0.000
0.000
0.000
0.000
0.000
0.000
0.000
0.000
0.003
2.712
0.000
0.000
0.017
1.068
1.445
0.227
0.010
0.000
0.000
0.000
0.000
0.000
0.000
0.000
0.000
0.161
0.316
0.000
0.669
0.058
0.694
1.114
3.310
9.077
1.648
0.151
0.354
0.137
2.348
1.274
0.484
0.093
13.824
9.373
15.232
13.393
23.358
0.939
5.146
0.336
0.000
0.491
0.601
8.935
0.077
0.007
0.136
0.230
0.000
0.000
0.000
9.752
3.148
0.536
9.410
10.032
5.106
4.984
2.355
13.966
23.137
1.784
6.671
6.187
23.668
10.065
0.208
1.051
3.250
36.708
40.370
12.364
11.564
30.228
31.027
10.948
18.221
2.537
0.711
0.000
0.003
0.108
1.609
11.528
12.210
1.170
0.435
0.421
5.273
6.892
6.878
6.996
8.596
12.686
2.154
1.330
1.019
0.000
0.000
0.000
0.000
0.000
0.167
0.017
0.961
10.398
5.553
60.400
9.851
0.178
0.257
6.991
18.670
11.070
16.852
15.748
2.374
0.185
0.115
0.000
4.260
22.678
4.590
14.710
4.843
1.802
17.023
13.596
14.684
7.984
5.854
0.000
0.000
0.000
0.000
0.000
0.000
0.000
0.000
0.000
0.000
0.550
0.000
0.000
0.450
0.000
0.000
0.000
0.000
0.000
0.000
0.000
0.000
0.000
0.000
0.000
0.000
0.000
0.000
0.000
0.000
0.000
0.000
0.000
1.243
0.026
0.000
0.000
0.000
0.000
0.000
0.000
0.000
0.000
0.000
0.000
0.000
0.000
0.000
0.000
0.000
0.000
0.000
0.000
0.000
0.000
0.000
0.000
0.000
0.000
0.000
0.000
0.000
0.000
0.000
0.000
0.000
0.000
0.000
0.000
0.000
0.000
0.000
0.000
0.000
0.000
0.000
0.000
0.000
0.000
0.000
0.000
0.000
0.000
0.000
0.000
0.000
0.000
0.000
0.000
0.000
0.000
0.000
0.000
0.000
0.000
0.000
0.000
0.000
2.868
1.923
0.000
0.000
0.000
0.000
0.000
0.000
0.000
0.000
0.000
0.000
0.000
0.000
0.000
0.000
0.000
0.000
0.000
0.000
0.000
0.000
0.000
0.000
0.000
0.000
0.000
0.000
0.000
0.000
0.000
0.000
0.000
0.000
0.000
0.000
0.000
0.000
0.000
0.000
0.000
0.000
0.000
0.000
0.000
0.000
0.000
0.000
0.000
0.000
0.000
0.000
0.000
0.000
0.000
0.000
0.000
0.000
0.000
0.034
0.000
0.000
0.000
0.386
0.000
0.000
0.000
0.000
0.000
0.000
0.000
0.000
0.000
0.000
0.000
0.000
0.000
0.000
0.000
0.000
0.065
0.074
0.000
0.000
0.000
0.000
0.000
0.000
1.207
1.423
0.000
0.000
0.000
0.000
0.000
0.000
0.000
0.000
0.000
0.000
0.000
0.000
0.328
0.191
1.081
0.086
4.551
1.940
0.000
0.000
0.000
0.000
0.000
0.000
0.000
0.000
0.000
0.000
0.000
0.000
0.000
0.000
0.000
0.000
0.000
0.360
0.082
0.000
0.000
0.000
0.000
0.000
0.000
0.000
0.352
0.022
0.000
0.000
0.000
0.000
0.000
0.000
0.000
0.000
0.000
0.000
0.458
0.007
0.000
0.000
0.000
0.601
2.702
0.249
3.596
0.187
0.270
0.000
0.000
0.000
1.418
0.302
0.000
0.223
11.708
10.899
10.234
7.478
7.459
17.527
8.418
11.131
6.800
14.004
25.537
11.441
25.042
56.509
30.145
18.476
14.366
22.582
31.030
26.632
27.366
21.132
7.107
11.594
1.947
0.096
14.739
25.536
25.761
0.687
4.154
53.933
36.516
24.269
8.166
2.990
4.281
15.813
9.594
11.604
10.720
18.800
10.358
25.430
15.044
5.558
6.969
4.767
0.844
0.058
12.658
4.698
12.512
11.633
7.701
0.000
0.000
12.593
2.956
0.630
2.496
9.452
1.772
2.365
5.746
12.766
20.655
15.450
2.939
9.780
22.022
28.043
175.489
5.275
29.525
1.954
3.121
7.135
26.024
21.765
12.868
7.625
12.787
16.727
15.890
17.775
4.254
11.795
0.628
0.000
4.230
4.863
12.328
12.418
12.185
0.000
0.000
0.000
0.000
0.000
0.000
0.000
0.000
5.495
0.000
11.920
19.422
15.456
12.833
3.910
17.791
16.570
18.709
18.740
0.441
0.007
0.000
0.836
0.000
0.000
0.000
0.000
0.467
0.000
0.000
0.000
0.000
0.000
0.000
0.000
0.000
0.000
0.000
0.000
0.000
0.000
0.007
0.321
0.000
0.000
0.000
0.000
0.000
0.000
0.000
0.000
0.000
0.000
0.000
0.000
0.000
0.000
0.000
0.000
0.000
0.000
0.000
0.000
0.000
0.000
0.000
0.000
0.000
0.000
0.000
0.000
0.000
0.000
0.000
0.000
0.000
0.000
0.000
0.000
0.000
0.000
0.000
0.000
0.000
0.000
0.000
0.000
0.000
0.000
0.000
0.000
0.000
0.000
0.000
0.000
0.000
0.000
0.000
0.000
0.000
0.000
0.000
0.000
0.000
0.000
0.000
0.000
0.000
0.000
0.000
0.000
0.000
0.000
0.000
0.000
0.000
0.000
0.000
0.000
0.000
0.000
0.000
0.000
0.000
0.000
0.000
0.000
0.000
1.356
0.000
0.000
0.000
0.156
1.892
0.000
0.000
0.000
0.000
0.000
0.000
0.000
0.000
0.000
0.007
0.728
0.010
0.000
0.000
0.000
0.000
0.000
0.000
0.000
0.000
0.000
0.000
0.000
0.000
0.000
0.000
0.000
0.934
0.031
0.000
0.000
0.000
0.000
0.000
0.000
0.000
0.000
0.000
0.000
0.031
0.000
0.000
0.000
0.000
0.000
0.264
0.000
0.000
0.000
0.000
0.000
0.000
0.000
0.000
0.000
0.000
0.000
0.000
0.000
0.000
0.000
0.000
0.000
0.000
0.000
0.000
0.000
0.000
0.000
0.000
0.000
0.000
0.000
0.000
0.000
0.000
0.000
0.000
0.000
0.000
0.000
0.000
0.000
0.000
0.000
0.000
0.000
0.000
0.000
0.000
0.000
0.000
0.000
0.000
0.010
0.003
0.000
0.000
0.000
0.000
0.000
0.000
0.000
0.000
0.000
0.000
0.000
0.192
0.000
0.000
0.000
0.000
0.000
0.000
0.000
0.000
0.886
0.076
0.000
0.000
0.000
0.007
0.000
0.000
0.000
0.000
0.000
0.347
0.089
0.007
0.000
0.261
8.906
4.130
5.412
0.227
0.007
0.000
0.690
0.062
0.038
0.536
0.079
0.007
0.096
44.986
0.130
0.216
0.014
0.106
0.003
0.000
1.339
24.594
26.990
7.261
19.742
38.092
5.110
0.000
0.000
0.000
0.000
0.000
0.000
0.000
0.814
14.885
15.613
6.314
6.583
15.983
21.717
30.484
2.532
0.409
0.014
0.000
0.395
0.505
0.000
0.046
0.093
0.211
0.184
5.826
19.355
9.994
32.039
27.510
41.001
7.636
12.033
34.955
127.653
32.355
13.754
7.895
24.625
13.517
17.056
6.781
0.772
6.763
35.167
25.608
4.899
0.213
0.306
3.522
12.869
37.729
14.066
8.159
7.714
4.663
21.967
23.120
15.779
17.778
19.755
16.823
9.540
19.758
25.581
3.444
7.129
11.420
2.934
0.000
0.000
0.000
0.764
0.000
0.000
4.673
17.623
73.857
7.951
9.048
3.213
4.017
1.739
4.187
0.000
0.000
0.000
0.000
0.000
0.000
0.000
0.000
3.735
0.611
0.000
0.000
0.000
0.072
1.559
0.082
0.000
14.033
13.045
2.874
0.003
0.000
0.000
0.000
0.000
0.000
0.000
0.000
0.000
0.000
0.000
0.000
0.000
0.000
0.000
0.000
0.000
0.000
0.000
0.000
0.000
0.000
0.000
1.802
0.103
0.000
0.000
0.000
0.000
0.000
0.000
0.000
0.000
0.000
0.000
0.000
0.000
0.000
0.000
0.000
0.000
0.000
0.000
0.000
0.000
0.000
0.000
0.000
0.000
0.000
0.000
0.000
0.000
0.000
0.000
0.000
0.000
0.000
0.000
0.000
0.000
0.000
0.000
0.000
0.000
0.134
0.045
0.000
0.000
0.000
0.000
0.000
3.392
0.175
0.101
0.000
0.000
0.000
0.000
0.000
0.000
0.000
0.000
0.000
0.000
0.000
0.000
0.000
0.000
0.000
0.000
0.000
0.000
0.000
0.000
0.000
0.000
0.000
0.000
0.000
0.000
10.010
0.003
0.000
0.017
4.178
1.748
0.220
4.456
0.082
0.000
0.120
0.175
0.000
0.206
0.714
0.000
0.000
0.000
0.000
0.000
0.000
3.018
0.604
0.000
0.000
0.000
0.000
0.000
0.000
0.000
0.000
0.000
0.000
0.000
0.000
0.000
0.000
0.000
0.000
0.000
0.000
0.000
1.167
0.048
0.000
0.000
0.000
0.048
0.007
0.048
0.003
0.000
0.000
0.000
0.000
0.058
0.000
0.000
0.000
0.000
0.000
0.000
0.000
0.000
0.000
0.000
0.000
0.000
0.000
0.000
0.000
0.000
0.000
0.000
0.000
0.000
0.000
0.000
0.000
0.000
0.000
0.000
0.000
0.000
0.000
0.000
0.000
0.000
0.000
0.213
0.010
0.055
0.000
0.000
0.000
0.000
0.000
0.000
0.000
0.000
4.461
0.000
0.000
0.000
0.000
0.000
0.107
0.000
0.000
0.000
0.000
0.000
0.000
0.000
0.000
0.000
0.000
0.000
0.000
0.000
0.000
0.000
0.000
0.000
0.000
0.000
0.000
0.000
0.000
0.000
0.130
0.041
0.007
0.000
0.000
0.683
0.048
0.010
0.045
0.000
5.493
4.563
16.689
7.708
16.782
48.965
46.002
2.434
19.628
26.014
17.358
7.117
9.060
12.948
31.390
36.131
27.086
1.440
3.627
3.934
2.475
21.441
5.888
5.859
3.447
41.085
26.820
5.213
17.022
5.941
0.613
0.062
0.759
12.971
36.813
16.940
14.020
22.333
8.537
19.077
8.298
8.343
17.952
54.252
24.007
48.034
21.162
7.045
1.099
6.269
4.983
2.517
8.817
24.850
27.054
32.142
15.450
24.410
13.992
11.906
5.064
4.820
19.525
9.553
15.001
8.789
3.632
6.976
25.272
23.607
21.969
5.979
4.688
13.242
18.570
38.227
10.925
6.089
38.574
23.114
11.663
12.460
12.318
1.614
8.715
0.340
11.851
21.198
9.756
16.157
11.855
12.782
8.262
7.672
7.283
10.068
17.456
9.136
14.634
7.706
24.031
17.611
16.811
16.072
17.185
0.367
0.000
0.000
0.000
6.645
1.569
27.637
19.798
6.115
0.525
0.000
0.000
0.000
0.000
0.000
0.000
0.000
7.718
8.456
2.396
0.000
0.000
60.157
195.866
33.519
5.493
1.018
0.209
0.041
0.000
0.000
0.000
0.000
0.000
0.000
0.000
0.000
0.000
0.000
0.000
0.000
0.000
0.000
0.000
0.000
0.000
0.000
0.000
0.000
0.000
0.000
0.000
0.000
0.000
0.000
0.000
0.000
0.000
0.000
0.000
0.000
0.000
0.000
0.000
0.000
0.000
0.000
0.000
0.000
0.000
0.000
0.000
0.000
0.000
0.000
0.000
0.829
0.000
0.000
0.000
0.000
0.000
0.000
0.000
0.000
0.000
0.000
0.537
1.435
0.058
0.000
0.000
0.000
0.000
0.000
0.000
0.000
0.000
0.000
0.000
0.000
0.000
0.000
0.000
0.000
0.000
0.000
0.000
0.000
0.000
0.000
0.000
0.000
0.000
6.647
13.113
0.000
0.000
0.000
0.000
0.000
0.000
0.000
0.000
0.000
0.000
0.000
0.000
0.000
0.000
0.000
0.000
0.000
0.000
0.000
0.000
0.000
0.000
0.000
0.000
0.000
0.000
0.000
0.000
0.000
0.000
0.000
0.000
0.000
0.000
0.000
0.000
0.000
0.000
0.000
0.000
0.000
0.000
0.000
0.000
0.000
0.000
0.000
0.000
0.000
0.000
0.000
0.000
0.000
0.000
0.000
0.000
0.000
0.000
0.000
0.000
0.000
0.000
0.000
0.000
0.000
0.000
0.000
0.000
0.000
0.000
0.000
0.000
0.000
0.000
0.000
0.000
0.000
0.000
0.000
0.000
0.000
0.000
0.000
0.000
0.000
0.000
0.000
0.000
0.000
0.000
0.000
0.000
0.000
0.000
0.000
0.000
0.000
0.000
0.000
0.000
0.000
0.000
0.000
0.000
0.000
0.034
0.000
0.000
0.000
0.000
0.000
0.000
0.000
0.000
0.000
0.000
0.000
0.000
0.000
0.000
0.000
0.000
0.045
0.000
0.000
0.000
0.000
0.000
0.000
0.000
0.000
0.000
0.014
0.076
0.161
0.065
0.000
0.000
2.002
0.913
12.954
8.005
3.952
16.763
4.080
6.049
9.719
18.598
19.521
2.050
0.031
0.027
0.227
0.724
0.000
0.000
0.000
0.000
0.003
2.410
3.668
14.763
8.181
0.502
16.883
12.785
0.925
2.407
0.050
0.029
2.244
0.463
11.175
25.833
7.186
0.314
0.264
2.597
0.227
0.222
0.822
20.596
5.519
1.685
7.416
13.689
6.155
21.019
13.796
9.550
5.333
11.745
14.507
3.332
17.965
34.581
6.657
6.873
32.808
26.105
33.449
6.582
10.539
7.277
18.776
26.426
5.385
5.826
31.762
6.395
6.345
11.089
16.946
5.062
1.487
4.637
9.768
5.196
0.391
0.506
0.000
0.000
0.000
0.000
0.000
2.305
0.000
0.000
0.000
2.757
24.671
3.258
0.371
0.283
11.424
22.853
20.288
33.270
15.382
10.910
8.508
7.747
4.710
4.717
2.338
1.804
0.000
0.000
0.000
0.000
4.262
8.164
1.831
4.147
16.407
25.452
15.649
0.014
0.000
0.000
0.000
0.021
2.232
13.017
1.196
0.000
0.000
0.000
0.000
0.000
0.000
0.000
0.000
0.000
0.000
0.000
0.000
0.000
0.000
0.000
0.000
0.000
0.000
0.000
0.000
0.000
0.000
0.000
0.000
0.000
0.000
0.000
0.000
0.000
0.000
0.000
0.000
0.000
0.000
0.000
0.000
0.000
0.000
0.000
0.000
0.000
0.000
0.000
0.000
0.000
0.000
0.000
0.000
0.000
0.000
0.000
0.000
0.000
0.000
0.000
0.000
0.000
0.000
0.000
0.000
0.000
0.000
0.000
0.000
0.000
0.000
0.000
0.000
0.000
0.000
0.223
0.000
0.000
0.000
0.000
0.000
0.000
0.000
0.000
0.000
0.000
0.000
0.000
0.000
0.000
0.000
0.000
0.000
0.000
0.000
0.000
0.000
0.000
0.704
0.615
0.000
0.000
0.000
0.000
0.810
0.003
0.000
0.000
0.000
10.006
0.089
0.481
9.592
9.620
0.000
0.000
0.000
0.038
0.594
0.000
0.000
0.000
0.000
0.000
0.000
0.000
0.000
0.000
0.000
0.000
0.000
0.000
0.000
0.045
1.586
0.024
0.000
0.000
0.000
0.000
0.000
0.000
0.000
0.000
0.000
0.000
0.000
0.000
0.000
0.000
0.213
0.038
0.041
0.000
0.000
0.000
0.000
0.000
0.000
0.000
0.000
0.000
0.000
0.027
0.130
0.000
0.000
0.000
0.000
0.000
0.000
0.000
0.000
0.000
0.000
0.000
0.000
0.000
0.000
0.000
0.000
0.000
0.000
0.000
0.000
0.000
0.000
0.000
0.000
0.000
0.000
0.000
0.000
0.000
0.000
0.000
0.000
0.000
0.017
0.000
0.000
0.000
0.553
0.000
0.017
0.000
0.000
0.000
0.000
0.000
0.000
0.000
0.000
0.000
0.000
0.000
0.000
0.000
0.000
0.000
0.000
0.000
0.000
0.000
0.000
0.000
0.000
0.000
0.000
0.000
0.000
0.000
0.000
0.000
0.000
0.000
0.000
0.000
0.000
0.000
0.000
0.000
0.000
0.000
0.000
0.000
0.000
0.000
0.000
0.000
0.000
0.000
0.000
0.000
0.000
0.000
0.728
0.000
3.977
2.024
1.428
43.558
28.889
16.989
0.486
1.898
2.476
12.055
12.478
12.063
0.058
0.000
4.762
15.559
23.974
77.618
124.903
15.396
4.637
5.558
0.031
0.000
3.026
2.127
2.808
0.000
1.524
1.534
1.334
1.608
0.000
9.441
2.805
0.146
3.155
0.110
22.143
2.946
6.516
10.322
23.056
5.215
4.118
0.783
0.228
0.093
0.007
0.858
6.815
2.479
7.848
5.953
12.940
11.498
6.695
15.123
10.859
7.028
0.848
0.385
2.177
3.365
0.395
0.021
0.000
0.007
0.000
9.725
7.363
12.346
12.517
1.088
11.704
10.305
3.477
18.793
6.472
2.844
35.768
6.232
7.539
4.812
27.167
0.168
0.000
5.232
1.399
5.407
11.946
1.047
3.236
0.520
0.000
0.000
0.000
0.000
2.089
5.057
0.563
0.041
0.000
0.000
0.000
0.000
0.000
0.185
0.027
3.117
0.714
12.023
3.097
5.936
18.478
20.050
9.829
3.038
0.450
1.114
0.000
0.000
0.048
0.000
0.000
0.000
0.000
0.000
0.034
0.221
0.000
0.000
0.000
0.000
0.000
0.000
0.000
0.000
0.000
0.000
0.000
0.000
0.000
0.000
0.000
0.000
0.000
0.000
0.000
0.000
0.000
0.000
0.000
0.000
0.000
0.000
0.000
0.000
0.000
0.000
0.000
0.000
0.000
0.000
0.000
0.000
0.000
0.000
0.000
0.000
0.000
0.000
0.000
0.000
0.000
0.000
0.000
0.000
0.000
0.000
0.000
0.000
0.000
0.000
0.000
0.000
0.000
0.000
0.000
0.000
0.000
0.000
0.000
0.000
0.000
0.000
0.000
0.000
0.000
0.000
0.000
0.000
0.000
0.000
0.000
0.000
0.000
0.000
0.000
0.000
0.000
0.000
0.000
0.000
0.000
0.000
0.000
0.000
0.000
0.000
0.000
0.000
0.000
0.000
0.000
0.000
0.000
0.000
0.000
0.000
0.000
0.000
0.000
0.000
0.000
0.000
0.000
0.000
0.000
0.000
0.000
0.000
0.000
0.000
0.000
0.000
0.000
0.000
0.000
0.007
0.003
0.000
0.000
0.000
0.000
0.000
0.000
15.904
19.985
2.620
0.000
0.000
0.515
0.285
0.000
0.000
0.000
0.000
0.000
0.000
0.000
0.000
0.000
0.000
0.000
0.000
0.000
0.000
0.000
0.000
0.000
0.000
0.000
0.000
0.000
0.000
0.000
0.000
0.000
0.000
0.000
0.000
0.000
0.000
0.010
0.000
12.267
1.191
0.000
0.000
0.000
0.000
0.000
0.000
0.000
0.000
0.000
0.000
0.000
0.000
0.000
0.000
0.000
0.000
0.000
0.027
0.003
0.000
0.098
0.003
0.003
0.003
0.082
0.033
0.456
0.000
0.000
0.017
0.000
0.000
0.084
0.259
0.000
0.148
0.738
0.321
0.021
0.244
0.000
0.000
0.000
0.000
0.021
1.363
0.027
2.578
17.721
68.926
2.053
0.000
0.000
0.000
0.000
0.000
0.000
0.209
0.034
0.000
0.000
0.000
0.000
2.616
5.263
0.687
5.569
29.787
6.403
18.093
11.010
25.557
13.043
6.660
1.195
1.571
5.819
0.496
0.510
12.907
50.704
66.502
12.439
33.135
2.289
9.951
18.590
24.681
15.240
7.861
8.441
32.053
1.504
2.154
8.456
13.012
6.115
10.391
8.331
35.178
10.313
34.030
1.215
24.352
9.500
12.332
1.118
1.382
5.588
2.372
3.014
3.636
9.284
0.731
0.561
1.792
3.443
11.414
7.792
1.130
2.254
27.250
38.747
32.568
12.526
5.742
6.209
13.993
40.222
10.858
28.630
20.203
1.332
0.041
0.000
0.000
4.316
2.551
0.182
4.288
3.236
15.314
0.158
0.000
1.145
5.802
1.719
3.742
6.500
16.558
1.485
11.747
13.865
21.507
24.029
35.226
27.452
62.353
5.898
0.705
10.547
1.291
11.273
12.898
4.671
0.024
0.000
0.000
0.000
0.000
0.000
0.000
0.000
0.000
0.000
0.000
0.000
0.000
0.000
0.000
0.000
0.000
0.003
5.867
6.564
0.261
0.000
0.000
0.000
0.000
0.000
0.997
0.247
0.017
0.000
0.000
0.000
0.000
3.231
0.010
0.000
0.000
0.000
0.000
0.000
0.191
0.000
0.000
0.000
0.000
0.000
0.000
0.000
0.000
0.000
0.000
0.000
0.000
0.000
0.000
0.000
0.000
0.000
0.000
0.000
0.000
0.000
0.000
0.000
0.000
0.000
0.000
0.000
0.000
0.000
0.000
0.000
0.000
0.000
0.000
0.000
0.000
0.000
0.000
0.000
0.000
0.000
0.000
0.000
0.000
0.000
0.000
0.000
0.000
0.000
0.000
0.000
0.000
0.000
0.000
0.000
0.000
0.000
0.000
0.000
0.000
0.000
0.000
0.000
0.000
0.000
0.000
0.000
0.000
0.000
0.000
0.000
0.000
0.000
0.000
0.000
0.000
0.000
0.000
0.000
0.000
0.027
0.000
0.000
0.000
0.000
0.000
0.000
0.000
1.205
0.000
0.821
9.809
4.928
10.368
1.547
0.000
0.048
0.000
0.000
0.000
0.000
0.000
0.000
0.000
0.000
0.027
0.000
0.000
0.000
0.041
0.003
0.000
0.000
0.000
0.000
0.000
0.000
0.000
0.000
0.000
0.007
17.901
2.602
0.000
0.000
0.000
0.000
0.000
0.000
0.000
0.000
0.000
0.000
0.000
0.000
0.000
0.000
0.000
0.000
0.000
0.000
0.000
0.000
0.000
0.000
0.000
0.000
0.000
0.000
0.000
0.000
0.000
0.000
0.230
1.608
0.112
0.003
1.051
1.291
0.522
0.257
0.257
0.007
0.000
0.000
0.003
0.003
0.000
0.288
0.170
1.330
0.213
2.668
0.007
0.000
1.782
4.650
7.478
0.965
0.285
0.000
1.487
0.007
0.704
0.065
0.762
0.079
0.051
2.043
0.398
0.822
0.000
0.000
0.000
0.000
0.000
0.000
0.000
0.000
0.000
0.000
0.000
0.000
0.000
1.241
0.000
0.000
0.000
0.000
0.182
0.199
0.106
2.771
1.298
1.078
12.645
1.414
10.478
0.803
48.944
0.017
0.161
0.110
0.172
0.024
0.100
8.779
17.661
9.153
2.872
3.432
21.959
4.559
35.003
45.629
85.639
53.382
2.013
0.000
1.617
2.273
6.485
13.748
29.112
19.539
30.772
55.072
39.154
6.022
5.212
29.979
42.174
12.852
9.991
12.178
126.236
10.489
4.146
1.954
16.438
14.195
17.382
13.599
24.158
19.080
13.532
17.964
10.204
0.237
2.808
4.795
4.530
14.107
13.141
27.782
22.706
8.439
51.718
3.936
21.367
22.479
7.141
0.474
0.007
12.054
1.897
1.239
13.290
13.419
12.815
0.915
7.304
13.240
4.619
6.425
0.021
0.632
20.078
16.771
19.149
13.972
3.473
5.188
0.177
0.021
2.417
8.279
27.095
10.283
9.050
19.144
17.494
15.024
4.066
0.688
16.619
41.853
13.112
30.190
25.325
19.217
25.431
61.848
19.366
0.000
2.340
11.822
14.481
5.703
0.144
0.000
0.000
0.000
0.000
0.000
0.000
0.000
7.066
4.494
0.589
0.000
0.000
0.000
0.000
0.000
0.000
0.000
0.000
0.000
0.000
0.000
0.000
0.000
0.000
0.000
0.000
0.000
0.000
0.000
0.057
0.091
0.000
3.514
1.080
0.000
0.000
0.000
0.000
0.000
0.000
0.000
0.000
0.000
0.000
0.000
0.000
0.000
0.000
0.000
0.000
0.000
0.000
0.000
0.000
0.000
0.000
0.000
0.000
0.000
0.000
0.000
0.000
0.000
0.000
0.000
0.000
0.000
0.000
0.000
0.000
0.000
0.000
0.000
0.000
0.000
0.000
0.000
0.000
0.000
0.000
0.000
0.000
0.000
0.000
0.000
0.000
0.000
0.000
0.000
0.000
0.000
0.000
0.000
0.000
0.000
0.000
0.000
0.000
0.000
0.000
0.000
0.000
0.000
0.000
0.000
0.000
0.165
15.058
18.127
2.407
0.216
0.000
0.000
0.000
1.136
0.000
0.000
0.000
0.000
0.000
0.108
0.003
0.984
7.943
0.399
0.000
0.000
0.000
0.000
0.000
0.000
0.000
0.000
0.000
0.000
0.000
0.000
0.000
0.000
0.000
0.000
0.000
0.000
0.000
0.000
0.000
0.000
0.000
0.000
0.000
0.000
0.000
0.000
0.000
0.000
0.000
0.000
0.000
0.000
0.000
0.000
0.000
0.000
0.000
0.000
0.000
0.000
0.000
0.000
0.000
0.000
0.000
0.000
0.000
0.000
0.000
0.000
0.000
0.584
0.122
1.377
2.238
0.000
0.000
0.000
0.000
0.000
0.000
0.000
0.000
0.003
0.000
0.000
0.000
0.000
0.000
0.000
0.000
0.000
0.000
0.000
0.000
0.000
0.000
0.000
0.000
0.000
0.000
0.000
0.000
0.000
0.000
0.000
0.000
0.000
0.000
0.000
0.000
0.000
0.000
0.034
0.045
0.055
0.000
0.000
0.000
0.000
0.827
0.803
0.003
4.298
0.501
0.000
0.000
0.000
0.000
0.000
0.000
0.000
0.426
1.315
0.120
0.350
1.291
3.478
0.913
2.839
1.645
13.204
28.070
14.378
7.296
22.525
166.584
138.750
39.221
0.772
0.340
23.540
26.862
20.970
4.343
3.251
19.617
14.849
25.006
6.753
3.148
4.746
9.053
2.452
20.017
22.098
28.255
30.177
8.046
17.951
24.765
7.190
1.155
15.601
17.036
25.939
21.844
21.023
23.161
120.429
6.918
13.620
11.561
24.942
1.396
17.223
5.706
22.020
0.326
0.975
9.893
11.549
7.680
9.562
3.797
15.582
14.457
28.184
18.751
31.299
8.577
6.637
12.660
3.718
11.460
10.937
12.651
15.120
8.053
4.115
5.282
7.288
18.490
10.976
0.383
3.737
0.843
10.240
19.073
13.751
7.550
6.319
0.251
0.151
0.000
1.593
3.148
0.295
0.000
3.536
11.082
14.069
2.905
6.660
0.724
9.668
25.217
17.278
13.491
2.032
0.584
0.000
3.131
19.120
3.759
10.938
0.282
0.000
0.000
0.426
0.065
0.391
1.427
1.785
2.170
16.107
0.745
3.996
1.917
0.268
0.252
0.227
0.000
0.000
0.000
0.000
0.000
0.000
0.000
0.000
0.000
0.000
0.000
0.000
0.000
0.000
2.656
1.625
0.007
0.000
0.000
0.000
0.000
0.000
0.000
0.000
0.000
0.000
0.000
0.000
0.000
0.000
0.000
0.000
0.000
0.000
0.000
0.000
0.000
0.000
0.000
0.000
0.724
0.022
0.000
0.000
0.000
0.000
0.000
0.000
0.000
0.000
0.000
0.000
0.000
0.000
0.000
0.000
0.000
0.000
0.000
0.000
0.000
0.000
0.000
0.000
0.000
0.000
0.000
0.000
0.000
0.000
0.000
0.000
0.000
0.000
0.000
0.000
0.000
0.000
0.000
0.000
0.000
0.000
0.000
0.000
0.000
0.000
0.000
0.000
0.000
0.230
0.130
0.000
0.000
0.000
0.000
0.000
0.000
0.000
0.000
0.000
0.000
0.000
0.000
0.000
0.000
0.000
0.000
0.000
0.000
0.000
0.000
0.000
0.000
0.000
0.000
0.000
0.000
0.000
0.000
0.000
0.000
0.000
0.000
0.000
0.000
0.000
0.000
0.000
0.000
0.000
0.000
0.000
0.000
0.000
0.000
0.000
0.000
0.000
0.000
0.000
0.000
0.000
0.000
0.000
0.000
0.000
0.000
0.000
0.000
0.000
0.000
0.000
0.000
0.000
0.000
0.000
0.000
0.000
0.000
0.000
0.017
0.017
0.292
0.000
0.000
1.809
0.220
0.000
0.000
0.000
0.113
0.010
0.000
0.000
0.000
0.000
0.000
0.000
0.000
0.021
0.000
0.000
0.000
0.000
0.000
0.000
0.000
0.000
0.000
0.000
0.000
0.000
0.000
0.000
0.000
0.000
0.000
0.000
0.000
0.000
0.000
0.000
0.000
0.000
0.000
0.000
0.000
0.000
0.000
0.000
0.000
0.000
0.120
4.851
0.254
1.507
1.476
0.000
5.431
2.534
0.120
1.802
0.137
1.730
0.065
0.000
34.001
1.214
0.134
0.067
0.154
0.824
0.371
0.000
0.000
0.306
1.049
0.082
0.360
0.046
0.000
0.000
0.000
0.000
0.000
0.000
0.120
0.000
0.000
0.000
0.000
0.000
0.000
0.000
0.000
0.000
0.000
0.513
0.000
0.000
14.995
10.569
13.676
5.309
22.010
6.913
6.647
31.316
19.993
15.789
5.507
6.920
17.441
0.778
0.000
0.938
0.127
0.472
2.676
11.842
5.254
39.579
32.658
1.517
8.123
0.455
0.086
1.210
3.675
50.874
14.917
1.514
0.347
3.409
0.889
2.711
18.342
0.343
0.851
0.024
0.297
2.053
10.736
18.372
13.106
6.901
11.139
61.396
23.725
9.452
8.535
9.074
3.907
1.691
14.196
0.547
7.231
11.992
3.167
11.771
2.855
6.957
10.866
16.183
10.966
9.665
0.100
0.034
7.055
33.000
46.774
28.997
11.743
16.196
2.221
0.069
0.158
0.000
3.490
5.002
1.483
0.000
0.000
0.000
0.000
0.000
0.000
4.448
5.473
4.573
10.101
4.185
5.322
6.121
7.313
0.038
20.836
25.100
34.130
31.139
29.315
46.929
20.768
0.000
0.000
0.000
0.000
0.000
0.000
0.000
0.000
0.000
0.000
0.000
0.000
0.000
0.000
0.000
0.000
0.000
0.000
0.000
0.000
0.000
0.000
0.000
0.000
0.000
0.000
0.000
0.000
0.000
0.000
0.000
0.000
0.000
0.000
0.000
1.009
0.096
0.024
4.762
55.445
0.007
0.000
0.000
0.000
0.000
0.000
0.000
0.000
0.000
0.000
0.000
0.000
0.000
0.000
0.000
0.000
0.000
0.000
0.000
0.000
0.000
0.000
0.000
0.000
0.000
0.000
0.000
0.000
0.000
0.000
8.047
0.896
0.000
0.000
0.000
0.000
0.000
0.000
0.000
0.000
0.000
0.000
0.374
0.632
0.000
0.000
0.000
0.000
0.000
0.000
0.000
0.000
0.000
0.000
0.000
0.000
0.422
0.225
0.000
0.000
0.000
0.000
0.000
0.000
0.000
0.000
0.000
0.000
0.000
0.000
0.000
0.000
0.000
0.000
0.000
0.000
0.000
0.000
0.000
0.000
0.000
0.000
0.000
0.000
0.000
0.000
0.000
0.000
0.000
0.065
12.468
0.000
0.000
0.000
0.000
0.000
0.000
0.000
0.000
0.000
0.000
0.000
0.000
0.000
0.000
0.000
0.000
0.000
0.000
0.000
0.000
0.000
0.000
0.000
0.000
0.000
0.000
0.000
0.000
0.000
0.000
0.000
0.000
0.000
0.000
0.000
0.000
0.000
0.000
0.000
0.000
0.000
0.000
0.000
0.000
0.000
0.000
0.000
0.000
0.000
0.000
0.000
0.000
0.000
0.000
0.000
0.000
0.000
0.000
0.000
0.000
0.000
0.000
0.000
0.000
0.000
0.000
0.000
0.000
0.000
0.000
0.003
0.064
0.000
0.003
0.000
0.034
0.093
0.000
0.024
0.000
0.000
0.000
0.000
0.000
0.000
0.000
0.000
0.000
0.000
0.000
0.046
0.000
0.340
0.082
0.000
0.000
0.000
0.007
0.062
0.000
0.000
0.000
0.000
0.000
0.000
0.000
0.000
0.100
0.000
0.000
0.000
0.000
0.000
0.000
0.000
0.165
0.055
0.000
0.000
0.000
0.736
3.490
0.494
1.624
0.098
3.655
3.262
2.235
1.753
4.728
0.132
0.041
3.445
1.356
21.159
12.255
1.342
8.932
0.546
0.664
0.172
0.000
0.000
6.237
18.430
20.416
29.297
10.142
2.304
4.307
13.496
3.354
0.259
5.354
0.000
14.207
21.995
26.130
3.819
2.560
5.387
3.936
0.100
3.115
26.747
16.651
15.213
8.830
5.349
10.780
0.894
6.726
0.055
0.127
0.419
0.542
1.737
22.570
13.225
8.765
11.268
2.256
11.106
19.823
13.929
4.916
15.326
15.796
13.503
12.772
9.778
4.683
6.842
8.695
6.393
6.362
7.828
10.928
4.156
1.514
16.074
3.255
6.396
4.333
9.016
15.316
9.143
19.181
5.116
38.953
20.507
25.787
9.235
1.562
2.887
6.863
2.331
1.830
0.000
1.208
0.000
0.309
0.000
0.000
0.000
0.000
0.237
1.152
20.610
17.422
8.817
17.084
7.840
0.230
0.000
0.000
0.000
0.000
0.000
0.874
27.129
6.726
0.486
19.130
16.026
21.483
4.697
0.268
0.021
0.000
0.000
0.000
0.000
0.000
0.000
0.000
0.000
0.848
0.000
0.000
0.000
0.000
0.000
0.000
0.000
0.000
0.034
0.000
0.000
0.000
0.000
0.000
0.000
0.000
0.014
0.292
0.156
0.000
0.000
0.000
0.000
0.000
0.027
0.021
0.007
0.000
0.000
0.000
0.000
0.000
0.000
0.000
0.824
2.712
9.853
6.564
0.000
0.000
0.000
0.000
0.000
0.000
0.000
0.000
0.000
0.000
0.000
0.000
0.000
0.000
0.000
0.000
0.000
0.000
0.000
0.000
0.000
0.000
0.000
0.000
0.000
0.000
0.000
0.000
0.000
0.000
0.000
0.000
0.000
0.000
0.000
0.000
0.000
0.000
0.000
0.000
0.000
0.000
0.000
0.000
0.000
0.000
0.000
0.000
0.000
0.003
0.017
0.700
0.000
0.000
0.000
0.002
0.000
0.000
0.000
0.000
0.000
0.000
0.000
0.002
0.002
0.000
0.000
0.000
0.000
0.972
0.000
0.000
0.014
1.957
0.000
0.000
0.000
0.038
0.022
0.000
0.000
0.000
0.002
0.000
0.024
0.003
0.000
0.000
0.000
0.000
0.000
0.002
0.000
0.002
0.002
0.000
0.000
0.000
0.000
0.000
0.000
0.000
0.000
0.000
0.002
0.002
0.000
0.002
0.000
0.000
0.000
0.002
0.000
0.000
0.000
2.276
0.000
0.000
0.000
0.000
0.000
0.000
0.000
0.000
0.285
0.000
0.000
0.000
0.000
0.148
0.676
0.000
0.000
0.000
0.002
0.000
0.045
0.718
0.000
0.000
0.000
0.000
0.000
0.000
0.000
0.000
0.010
0.000
0.364
0.309
0.000
0.000
0.000
0.000
0.000
0.000
0.000
0.000
0.000
0.000
0.000
0.051
0.130
0.110
0.010
0.000
0.000
0.058
0.021
0.117
0.000
0.333
0.014
0.151
0.038
0.093
0.000
0.000
0.000
0.000
0.000
0.041
0.003
0.240
0.220
0.604
4.285
18.910
26.185
7.709
67.633
116.271
28.276
0.855
1.305
2.496
5.268
20.143
10.574
32.593
23.439
12.954
3.806
8.810
4.151
3.502
51.267
10.942
3.162
5.565
13.520
6.248
2.812
3.402
19.784
7.610
6.539
16.526
53.000
13.187
21.416
14.705
20.235
53.342
16.376
1.844
0.714
1.782
0.563
0.000
37.647
11.488
7.793
4.144
4.247
2.249
89.388
38.660
28.073
53.600
22.762
32.423
15.767
18.196
17.568
10.073
25.760
15.408
34.353
84.801
10.210
68.263
23.679
5.133
2.767
0.177
16.761
11.718
6.588
11.735
10.131
11.776
4.116
6.544
15.063
7.244
13.060
26.408
7.505
6.197
14.636
16.038
20.414
5.212
14.028
9.797
25.471
1.744
19.731
9.864
22.489
17.691
39.834
8.932
13.321
10.209
44.498
61.939
44.498
18.783
2.204
2.640
1.281
1.423
0.477
0.496
0.000
2.178
5.174
2.525
0.103
3.763
0.797
4.178
0.000
0.005
0.000
0.000
0.000
0.000
0.002
0.000
1.929
0.748
0.450
7.282
0.415
0.002
0.000
0.000
0.000
0.000
0.000
0.002
0.000
0.000
0.000
0.002
0.000
0.000
0.000
0.000
0.000
0.000
0.000
0.000
0.000
0.000
0.000
0.000
0.000
0.000
0.000
0.000
0.000
0.000
0.000
0.000
0.000
0.000
0.000
0.002
0.000
0.000
0.000
0.000
0.000
0.000
0.000
0.000
0.000
0.000
0.000
0.000
0.000
0.002
0.000
0.000
0.000
0.000
0.000
0.000
0.000
0.000
0.000
0.000
0.000
0.000
0.000
0.000
0.000
0.000
0.000
0.000
0.000
0.000
0.000
23.528
9.338
0.927
0.015
0.003
1.085
1.723
3.485
1.413
0.000
0.000
0.000
0.000
0.000
0.000
0.002
0.000
0.000
0.002
0.000
0.000
0.000
0.000
0.000
0.000
0.000
0.000
0.003
0.000
0.000
0.000
0.000
0.000
0.000
0.000
0.000
0.000
0.000
0.000
0.033
0.000
0.000
0.000
0.000
0.000
1.133
0.283
0.007
0.000
0.000
0.000
0.000
0.000
0.000
0.000
0.000
0.000
0.000
0.000
0.002
0.000
0.000
0.000
0.000
0.000
0.000
0.000
0.000
0.000
0.000
0.000
0.275
0.027
0.000
0.000
0.000
0.002
0.000
0.000
0.000
0.000
0.000
0.000
0.000
0.000
0.000
0.000
0.000
0.000
0.000
0.000
0.000
0.000
0.000
0.639
0.608
1.943
1.208
0.000
0.000
0.000
0.000
0.882
0.000
0.000
0.000
0.000
0.000
0.000
0.000
0.000
0.000
0.000
0.000
0.000
0.000
0.000
0.000
0.000
0.000
0.000
0.000
0.000
0.000
0.000
0.000
0.000
0.000
0.000
0.000
0.002
0.000
0.003
0.000
0.000
0.000
0.000
0.000
0.000
0.000
0.000
0.000
0.000
0.000
0.000
0.000
0.000
0.000
0.000
0.000
0.000
0.000
0.000
0.000
0.000
0.000
0.000
0.000
2.565
0.017
0.000
0.000
0.000
0.000
0.000
0.000
0.000
0.000
0.000
0.000
4.642
4.851
0.549
37.755
24.057
16.837
3.993
14.485
0.000
0.175
0.012
0.000
0.748
0.203
3.148
25.413
85.199
104.830
9.134
6.152
9.871
13.115
0.803
2.419
3.557
13.836
72.654
37.426
0.640
0.038
2.091
13.084
3.862
2.125
1.157
28.671
35.970
4.494
4.861
2.760
1.006
8.607
0.299
0.010
8.446
14.358
10.341
15.553
20.186
2.726
0.486
3.763
4.621
16.109
5.989
3.016
0.069
2.379
0.002
0.233
1.425
0.003
0.546
8.171
1.178
1.809
0.000
0.003
0.021
1.665
0.000
0.000
0.002
0.000
0.000
2.896
0.000
0.639
3.811
9.622
0.419
0.000
0.093
10.557
0.038
0.936
15.415
11.903
2.122
14.936
9.884
3.049
0.069
0.831
0.002
0.000
0.000
0.000
0.000
0.000
0.000
0.000
0.000
0.000
0.000
0.000
0.000
0.000
0.000
0.000
0.000
0.000
0.522
0.144
0.000
0.000
0.000
0.000
0.000
0.000
0.000
0.000
0.000
0.000
0.000
0.000
0.000
0.002
0.000
0.000
0.000
0.000
0.000
0.002
0.000
0.000
3.663
24.050
0.000
8.959
0.285
0.000
0.000
0.000
0.002
0.000
0.000
0.000
0.000
0.000
0.002
0.000
0.000
0.000
0.000
0.000
0.002
0.000
0.000
0.000
0.000
0.000
0.000
0.000
0.000
0.000
0.000
0.003
0.000
0.000
0.000
0.000
0.000
0.000
0.000
0.036
0.041
0.002
0.000
0.000
0.000
0.000
0.000
0.000
0.000
0.000
0.000
0.000
0.000
0.000
0.002
0.000
0.000
0.000
0.000
0.000
0.000
0.003
0.000
0.000
0.000
0.000
0.000
0.000
0.000
0.000
0.000
0.000
0.000
0.000
0.000
0.000
0.000
0.000
0.000
0.000
0.000
0.002
0.000
0.000
0.002
0.000
0.000
0.000
0.000
0.000
0.000
0.000
0.000
0.000
0.000
0.000
0.000
0.000
0.003
0.000
0.000
0.000
0.000
0.000
0.000
1.305
0.433
9.850
0.007
0.000
0.000
0.000
0.000
0.000
0.003
0.000
0.000
0.000
0.000
0.000
0.000
0.000
0.000
0.000
0.000
0.000
0.000
0.000
0.000
0.000
0.002
0.002
0.000
0.000
0.000
0.000
0.000
0.000
0.000
0.000
0.000
0.002
0.000
0.000
0.000
0.000
0.014
0.520
0.000
0.000
0.000
0.000
0.069
0.000
0.000
0.000
0.000
0.000
0.000
0.000
0.000
0.000
0.000
0.007
0.000
0.000
0.051
0.014
0.560
0.024
0.203
0.000
0.000
0.000
0.000
0.000
0.000
0.000
0.000
0.000
0.003
0.000
0.000
0.000
0.000
0.000
0.000
0.000
0.000
0.000
0.000
0.000
0.000
0.000
0.000
0.000
0.000
0.000
0.000
0.000
0.000
0.000
0.000
0.002
0.000
0.000
0.000
0.000
0.000
0.000
0.014
0.003
0.000
0.000
0.058
0.185
0.065
0.067
0.002
0.000
0.000
0.000
0.039
3.763
1.128
21.731
3.390
0.082
0.000
0.005
0.000
0.000
0.000
0.599
0.366
22.496
8.568
16.318
4.365
6.827
6.129
8.792
1.224
0.057
0.003
0.209
0.130
2.378
0.003
0.048
1.202
3.361
0.518
2.256
3.634
5.466
3.268
0.451
0.673
7.356
12.243
4.458
6.497
1.250
1.833
5.998
25.725
45.634
0.879
2.139
1.950
2.103
2.836
0.948
0.000
0.271
0.433
2.029
1.813
1.311
2.637
0.954
2.438
13.142
1.061
0.350
2.067
10.760
10.904
2.527
0.505
17.319
53.146
6.166
0.364
0.000
2.547
0.000
0.113
5.703
4.776
0.213
0.319
0.316
3.679
0.000
0.000
0.000
0.010
0.000
0.000
1.064
0.225
0.000
0.769
0.000
0.000
0.700
0.000
0.000
0.000
30.302
22.398
1.387
0.000
0.275
20.744
10.870
5.201
3.794
13.923
14.850
8.185
14.912
17.240
28.400
14.759
4.940
2.086
8.260
0.076
0.127
6.358
4.116
0.179
61.235
24.245
2.184
0.869
2.156
0.000
0.000
0.000
0.000
0.330
0.772
0.000
4.058
0.106
0.151
0.002
0.000
0.000
0.000
0.000
0.000
0.000
0.000
0.000
0.000
0.000
0.000
0.000
0.000
0.001
0.000
0.000
0.000
0.000
0.000
0.000
0.000
0.000
0.000
0.000
0.000
0.000
0.000
0.000
0.000
0.000
0.000
0.000
0.000
0.000
0.002
0.000
0.000
0.000
0.000
0.000
0.002
0.000
0.000
0.000
0.000
0.000
0.003
0.002
0.000
0.000
0.002
0.000
0.000
0.000
0.000
0.000
0.000
0.000
0.000
0.002
0.000
0.000
0.000
0.000
0.000
0.000
0.000
0.000
0.757
1.735
0.000
0.000
0.000
1.555
1.833
0.558
0.000
0.000
0.000
0.000
0.000
0.024
0.120
0.045
0.000
0.000
0.000
0.002
0.000
0.000
0.000
0.000
0.000
0.000
0.000
0.000
0.000
0.000
0.000
0.000
0.000
0.000
0.000
0.000
0.000
0.000
0.000
0.000
0.000
2.970
2.884
0.076
0.000
0.000
0.000
0.000
0.000
0.457
0.058
0.000
0.203
0.196
23.748
3.145
3.667
0.000
0.002
0.000
0.000
0.000
0.000
0.000
0.003
0.000
0.000
0.000
0.000
0.000
0.000
0.000
0.000
0.000
0.000
0.000
0.002
0.000
0.000
0.000
0.000
0.000
0.000
0.000
0.000
0.000
0.000
0.000
0.000
0.003
0.002
0.000
0.000
0.000
0.000
0.000
0.000
0.000
0.000
0.000
0.000
0.000
0.000
0.000
0.000
0.000
0.000
0.000
0.000
0.000
0.000
0.000
0.000
0.000
0.000
0.000
0.003
0.000
0.000
0.000
0.000
0.309
0.003
0.002
0.000
0.233
0.000
0.000
0.000
0.000
0.000
0.000
0.000
0.000
0.000
0.000
0.000
0.000
0.000
0.000
0.065
4.456
16.847
12.023
0.000
0.000
0.000
0.002
0.021
0.003
0.000
0.000
0.002
0.000
0.000
0.000
0.000
0.000
0.000
0.000
0.000
0.003
0.488
0.299
0.000
1.751
1.684
6.406
4.247
0.000
0.000
0.137
0.051
0.264
1.234
0.400
0.045
0.148
1.516
46.948
22.410
47.998
11.082
0.041
0.003
0.014
0.000
0.000
0.010
0.057
2.448
13.537
7.799
18.399
1.414
80.042
16.383
11.491
0.560
0.000
3.831
13.705
13.433
4.419
2.850
5.466
14.512
2.383
