20000101
0.000
0.000
0.000
0.000
0.000
0.000
0.000
0.000
0.000
0.000
0.000
0.000
0.000
0.000
0.000
0.000
0.000
0.000
0.000
0.000
0.000
0.000
0.000
0.000
0.000
0.000
0.000
0.000
0.000
0.000
0.000
0.007
0.096
0.000
0.000
0.072
1.868
0.185
0.000
0.000
0.000
0.031
0.431
0.000
0.000
0.000
0.000
0.000
0.000
0.000
0.000
0.000
0.000
0.000
0.000
0.000
0.000
0.000
0.000
0.000
0.000
0.000
0.000
0.000
0.000
0.000
0.000
0.000
0.000
0.000
0.000
0.000
0.000
0.000
0.000
0.000
0.000
0.000
0.000
0.000
0.000
0.000
0.196
0.003
0.000
0.000
0.000
0.000
0.000
0.000
0.000
0.000
0.000
0.000
0.000
0.000
0.000
0.000
0.000
0.000
0.000
0.000
0.000
0.000
0.000
0.033
0.026
0.000
0.000
0.000
0.000
0.000
0.000
0.000
0.000
0.000
0.000
0.000
0.000
0.000
0.000
0.000
0.000
0.000
0.007
0.000
0.000
0.000
0.000
0.000
0.000
0.000
0.000
0.000
0.000
0.000
3.667
0.000
0.000
1.095
2.252
2.414
0.261
0.000
0.134
0.014
0.000
0.000
0.000
0.000
0.000
0.000
0.038
0.278
0.007
0.549
0.179
0.759
0.970
2.108
7.618
7.905
0.845
0.501
0.124
1.315
1.284
1.679
1.929
22.115
6.315
13.867
16.298
19.760
5.493
6.362
1.370
0.000
0.010
0.168
6.163
0.000
0.148
1.329
0.493
0.000
0.000
0.000
13.021
9.216
2.926
5.029
4.839
3.018
3.588
12.376
25.275
27.858
4.108
5.066
5.160
23.065
26.625
1.870
1.354
6.763
34.672
22.341
7.543
10.026
25.133
34.895
24.615
23.920
4.412
0.422
0.000
0.082
1.409
1.517
6.376
8.941
1.516
0.015
0.521
8.358
17.322
11.901
13.412
15.828
13.365
1.657
2.499
1.102
0.000
0.000
0.000
0.025
0.838
1.209
0.017
3.751
9.544
13.210
27.600
6.809
0.342
0.922
12.642
34.957
10.027
22.886
19.993
4.571
0.331
0.000
0.000
9.686
13.714
9.145
19.956
10.528
3.215
22.133
15.436
17.425
10.387
12.315
0.000
0.000
0.000
0.000
0.000
0.000
0.000
0.270
0.026
0.000
0.295
0.003
0.000
1.095
0.302
0.000
0.000
0.000
0.000
0.000
0.000
0.000
0.000
0.000
0.000
0.000
0.000
0.000
0.000
0.000
0.000
0.000
0.000
1.186
0.000
0.000
0.000
0.000
0.000
0.000
0.000
0.000
0.000
0.000
0.000
0.000
0.000
0.000
0.000
0.000
0.000
0.000
0.000
0.000
0.000
0.000
0.000
0.000
0.000
0.000
0.000
0.000
0.000
0.000
0.000
0.000
0.000
0.000
0.000
0.000
0.000
0.000
0.000
0.000
0.000
0.000
0.000
0.000
0.000
0.000
0.000
0.000
0.000
0.000
0.000
0.000
0.000
0.000
0.000
0.000
0.000
0.000
0.000
0.000
0.000
0.000
0.000
0.000
3.641
1.931
0.000
0.000
0.000
0.000
0.000
0.000
0.000
0.000
0.000
0.000
0.000
0.000
0.000
0.000
0.000
0.000
0.000
0.000
0.000
0.000
0.000
0.000
0.000
0.000
0.000
0.000
0.000
0.000
0.000
0.000
0.000
0.000
0.000
0.000
0.000
0.000
0.000
0.000
0.000
0.000
0.000
0.000
0.000
0.000
0.000
0.000
0.000
0.000
0.000
0.000
0.000
0.000
0.000
0.000
0.000
0.000
0.000
0.062
0.000
0.000
0.000
0.889
0.000
0.000
0.000
0.000
0.000
0.000
0.000
0.000
0.000
0.000
0.000
0.000
0.000
0.000
0.000
0.000
0.029
0.445
0.000
0.000
0.000
0.000
0.000
0.000
0.457
6.920
2.365
0.000
0.000
0.000
0.000
0.000
0.000
0.000
0.000
0.000
0.000
0.000
0.065
0.216
1.917
0.094
1.416
1.584
0.000
0.000
0.000
0.000
0.000
0.000
0.000
0.000
0.000
0.000
0.000
0.000
0.000
0.000
0.000
0.024
0.532
0.869
0.246
0.051
0.000
0.000
0.000
0.000
0.000
0.000
1.210
0.050
0.000
0.000
0.024
0.000
0.000
0.000
0.000
0.000
0.000
0.051
1.667
0.033
0.000
1.631
0.014
0.443
2.657
0.397
7.246
0.400
0.161
0.003
0.000
0.000
3.375
0.917
0.113
4.662
9.818
9.998
25.219
6.535
4.743
18.656
9.325
14.802
19.765
23.698
24.102
10.059
15.529
29.301
19.326
16.135
6.336
14.529
39.594
27.292
17.870
19.157
1.837
9.222
0.910
0.381
7.340
8.966
11.675
2.050
4.896
33.680
17.221
30.559
9.076
4.017
7.261
17.400
3.116
8.137
9.913
11.951
21.811
34.459
17.846
7.502
6.492
2.451
1.401
3.413
11.625
0.796
13.851
9.161
16.193
0.003
0.057
10.169
3.507
0.891
5.043
6.252
3.177
5.179
7.334
14.548
9.677
8.276
1.013
8.327
22.615
23.049
120.767
8.144
12.292
7.773
9.955
6.691
18.076
7.344
9.064
19.345
9.035
28.287
8.923
19.369
6.988
9.968
7.805
0.127
7.328
10.731
10.506
15.015
10.555
10.846
0.000
0.000
0.000
0.007
0.000
0.000
0.953
5.804
3.483
9.191
19.533
10.449
13.520
2.756
14.545
12.675
13.625
15.738
4.510
0.118
0.000
0.070
0.000
0.000
0.000
0.000
2.813
0.000
0.000
0.000
0.000
0.000
0.000
0.000
0.000
0.000
0.000
0.000
0.000
0.000
0.059
0.106
0.429
0.022
0.000
0.000
0.000
0.000
0.000
0.000
0.000
0.000
0.000
0.000
0.000
0.000
0.000
0.000
0.000
0.000
0.000
0.000
0.000
0.000
0.000
0.000
0.000
0.000
0.000
0.000
0.000
0.000
0.000
0.000
0.000
0.000
0.000
0.000
0.000
0.000
0.000
0.000
0.000
0.000
0.000
0.000
0.000
0.000
0.000
0.000
0.000
0.000
0.000
0.000
0.000
0.000
0.000
0.000
0.000
0.000
0.000
0.000
0.000
0.000
0.000
0.000
0.000
0.000
0.000
0.000
0.000
0.000
0.000
0.000
0.000
0.000
0.000
0.000
0.000
0.000
0.000
0.000
0.000
0.000
0.000
0.000
0.000
0.937
0.000
0.000
0.000
0.433
2.976
0.000
0.000
0.000
0.000
0.000
0.000
0.000
0.000
0.000
0.000
0.311
0.000
0.000
0.000
0.000
0.000
0.000
0.000
0.000
0.000
0.000
0.000
0.000
0.000
0.000
0.000
0.000
1.152
0.034
0.000
0.000
0.000
0.014
0.252
0.000
0.000
0.000
0.000
0.000
0.000
0.000
0.000
0.000
0.000
0.000
0.027
0.000
0.000
0.000
0.000
0.000
0.000
0.000
0.000
0.000
0.000
0.000
0.810
0.000
0.003
0.000
0.000
0.000
0.000
0.034
0.000
0.000
0.000
0.000
0.000
0.000
0.000
0.000
0.000
0.000
0.000
0.000
0.000
0.000
0.000
0.000
0.000
0.000
0.000
0.000
0.000
0.000
0.000
0.000
0.000
0.000
0.000
0.000
0.000
0.027
0.007
0.000
0.000
0.000
0.000
0.000
0.000
0.000
0.000
0.000
0.000
3.485
0.000
0.000
0.752
0.000
0.000
0.000
0.000
0.000
0.045
1.813
0.199
0.000
0.000
1.624
0.017
0.003
0.000
0.000
0.000
0.000
0.663
0.570
0.017
0.000
2.623
5.112
13.190
12.360
0.295
0.228
0.017
3.011
0.577
0.656
0.436
0.031
0.003
0.312
56.624
0.000
0.000
0.577
0.000
0.000
0.089
1.895
31.607
27.177
14.913
13.133
16.829
2.448
0.010
0.000
0.000
0.003
0.000
0.000
0.003
1.404
16.502
26.886
2.453
3.854
4.655
21.542
22.057
1.753
1.488
0.000
0.000
0.000
0.082
0.000
0.122
0.010
5.943
0.774
11.228
19.823
31.297
29.275
21.485
34.899
12.435
19.884
26.534
77.716
33.999
12.861
20.381
36.621
7.327
15.601
8.267
3.701
9.623
29.852
14.057
2.906
0.216
1.373
2.863
14.636
24.015
7.701
4.343
6.372
6.361
15.862
21.129
6.951
14.243
16.181
4.607
6.182
16.695
10.894
4.661
3.588
8.597
7.457
0.058
0.000
0.031
2.359
0.000
0.000
13.225
18.232
52.573
18.270
9.030
16.351
5.174
7.677
8.394
0.048
0.000
0.000
0.000
0.000
0.000
0.000
0.424
8.659
0.869
0.568
0.000
0.000
0.906
3.186
1.171
0.000
13.527
27.454
3.350
0.043
0.000
0.000
0.000
0.000
0.000
0.000
0.000
0.000
0.000
0.000
0.000
0.000
0.000
0.000
0.000
0.000
0.000
0.000
0.000
0.000
0.000
0.000
4.860
0.086
0.000
0.000
0.000
0.000
0.000
0.000
0.000
0.000
0.000
0.000
0.000
0.000
0.000
0.000
0.000
0.000
0.000
0.000
0.000
0.000
0.000
0.000
0.000
0.000
0.000
0.000
0.000
0.000
0.000
0.000
0.000
0.000
0.000
0.000
0.000
0.000
0.000
0.000
0.000
0.000
0.501
0.194
0.000
0.000
0.000
0.000
0.000
0.800
0.031
0.118
0.000
0.000
0.000
0.000
0.000
0.000
0.000
0.000
0.000
0.000
0.000
0.000
0.000
0.000
0.000
0.000
0.000
0.000
0.000
0.000
0.000
0.000
0.000
0.000
0.000
0.000
7.526
0.072
0.000
0.278
6.410
0.385
0.982
8.882
0.130
0.000
0.233
1.104
0.000
0.175
2.132
0.000
0.000
0.000
0.000
0.000
0.000
4.491
1.799
0.082
0.000
0.000
0.000
0.000
0.000
0.000
0.000
0.000
0.021
0.000
0.000
0.000
0.000
0.000
0.000
0.000
0.000
0.000
5.153
0.058
0.000
0.000
0.000
0.014
0.000
0.000
0.000
0.000
0.000
0.000
0.000
0.065
0.000
0.000
0.000
0.000
0.000
0.000
0.000
0.000
0.000
0.000
0.000
0.000
0.000
0.000
0.000
0.000
0.000
0.000
0.000
0.000
0.000
0.000
0.000
0.000
0.000
0.000
0.000
0.000
0.000
0.000
0.000
0.000
0.007
0.007
0.577
2.953
0.000
0.000
0.000
0.000
0.000
0.000
0.000
0.000
32.767
0.000
0.000
0.000
0.000
0.000
0.000
0.000
0.000
0.000
0.000
0.000
0.000
0.000
0.000
0.000
0.000
0.000
0.000
0.000
0.000
0.000
0.000
0.000
0.000
0.000
0.000
0.000
0.000
0.000
0.000
0.316
0.027
0.000
0.000
0.848
0.103
0.359
1.097
0.000
4.791
4.645
12.054
7.035
18.605
55.900
67.363
5.194
35.898
29.279
10.590
6.118
18.962
14.660
22.317
28.062
28.373
4.060
3.595
5.048
3.680
22.850
4.915
11.615
3.334
30.575
29.260
9.690
12.367
5.653
0.924
0.098
8.013
19.264
29.562
8.859
10.907
32.320
8.741
16.701
9.065
14.655
13.120
36.693
25.050
30.640
18.261
5.728
4.597
7.478
3.888
2.390
9.335
33.392
24.572
38.116
24.949
25.873
27.335
12.112
13.297
11.371
28.654
22.302
4.484
5.627
2.673
1.229
21.691
19.885
11.244
2.877
3.600
6.533
24.451
42.335
6.762
2.695
24.019
26.961
4.784
7.864
7.124
6.155
6.163
0.297
18.609
12.044
9.884
12.272
8.526
18.301
8.617
8.698
8.825
17.525
14.820
7.620
16.837
8.909
20.191
18.460
12.777
18.424
20.903
1.238
0.021
0.000
1.253
2.204
4.017
40.924
18.570
7.927
1.878
0.000
0.000
0.000
0.000
0.000
0.000
1.013
4.158
7.855
2.561
0.000
0.000
48.970
146.276
64.471
21.992
3.322
0.718
0.082
0.000
0.021
0.000
0.000
0.000
0.000
0.000
0.000
0.000
0.000
0.000
0.000
0.000
0.000
0.000
0.000
0.000
0.000
0.000
0.000
0.000
0.000
0.000
0.000
0.000
0.000
0.000
0.000
0.000
0.000
0.000
0.000
0.000
0.000
0.000
0.000
0.000
0.000
0.000
0.000
0.000
0.000
0.000
0.000
0.000
0.000
0.000
2.914
0.041
0.000
0.000
0.000
0.000
0.000
0.000
0.000
0.000
0.000
0.249
2.955
0.000
0.000
0.000
0.000
0.000
0.000
0.000
0.000
0.000
0.000
0.000
0.000
0.000
0.000
0.000
0.000
0.000
0.000
0.000
0.000
0.000
0.000
0.000
0.000
0.024
5.622
14.916
0.000
0.000
0.000
0.000
0.000
0.000
0.060
0.000
0.000
0.000
0.000
0.000
0.000
0.000
0.000
0.000
0.000
0.000
0.000
0.000
0.000
0.000
0.000
0.000
0.000
0.000
0.000
0.000
0.000
0.000
0.000
0.000
0.000
0.000
0.000
0.000
0.000
0.000
0.000
0.000
0.000
0.000
0.000
0.000
0.000
0.544
0.000
0.000
0.000
0.000
0.000
0.000
0.000
0.000
0.000
0.000
0.000
0.000
0.000
0.000
0.000
0.000
0.000
0.000
0.000
0.000
0.000
0.000
0.000
0.000
0.000
0.000
0.000
0.000
0.000
0.000
0.000
0.000
0.000
0.000
0.000
0.000
0.000
0.000
0.000
0.000
0.000
0.000
0.000
0.000
0.000
0.185
0.000
0.000
0.000
0.031
0.000
0.000
0.000
0.000
0.000
0.000
0.000
0.000
0.000
0.000
0.000
0.000
0.000
0.000
0.000
0.000
0.000
0.000
0.000
0.000
0.000
0.000
0.000
0.000
0.000
0.000
0.106
0.000
0.113
0.000
0.000
0.000
0.000
0.072
0.007
0.000
0.076
0.443
0.457
0.017
0.000
0.000
0.203
1.818
9.053
7.522
4.020
8.580
6.993
15.154
22.577
29.424
27.322
2.688
0.021
0.036
0.331
0.402
0.000
0.000
0.000
0.000
0.061
17.112
5.806
26.352
8.611
13.576
24.896
13.458
0.978
1.114
0.000
0.010
7.038
1.883
18.800
23.022
13.522
3.426
1.178
0.836
0.089
1.177
2.336
10.319
6.717
1.409
7.366
4.357
5.849
16.981
20.855
13.446
5.057
7.209
17.504
3.825
8.183
31.253
6.706
6.046
21.731
21.594
19.293
6.787
3.801
12.885
15.678
17.336
5.376
13.772
32.995
4.987
7.413
14.468
20.759
16.579
2.005
7.325
9.397
3.662
0.000
0.100
0.000
0.000
0.000
0.000
0.000
4.980
1.401
0.189
0.000
22.438
12.181
1.617
0.709
4.225
23.375
25.799
20.589
41.964
5.421
7.699
2.656
14.699
9.127
7.483
1.528
2.522
0.000
0.180
0.014
0.017
10.705
9.144
5.537
5.845
23.471
18.967
11.402
1.245
0.000
0.000
0.000
0.031
4.971
15.546
7.894
0.000
0.000
0.000
0.000
0.000
0.000
0.000
0.000
0.000
0.000
0.000
0.000
0.000
0.000
0.000
0.000
0.000
0.000
0.000
0.000
0.000
0.000
0.000
0.000
0.000
0.000
0.000
0.000
0.000
0.000
0.000
0.000
0.000
0.000
0.000
0.000
0.000
0.000
0.000
0.000
0.000
0.000
0.000
0.000
0.000
0.000
0.000
0.000
0.000
0.000
0.000
0.000
0.000
0.000
0.000
0.000
0.000
0.000
0.000
0.000
0.000
0.000
0.000
0.000
0.000
0.000
0.000
0.000
0.000
0.000
0.167
0.000
0.000
0.000
0.000
0.000
0.000
0.000
0.000
0.000
0.000
0.000
0.000
0.000
0.000
0.000
0.000
0.000
0.000
0.000
0.000
0.000
0.000
0.364
1.051
0.010
0.000
0.000
0.000
1.198
0.017
0.000
0.000
0.000
5.474
0.041
1.593
7.174
9.156
0.000
0.000
0.000
0.000
0.247
0.000
0.000
0.000
0.000
0.000
0.000
0.000
0.000
0.000
0.000
0.000
0.000
0.412
0.069
0.172
0.611
0.062
0.000
0.000
0.000
0.000
0.000
0.000
0.000
0.000
0.000
0.000
0.000
0.000
0.000
0.000
0.151
0.463
0.014
0.000
0.000
0.000
0.000
0.000
0.000
0.000
0.000
0.000
0.000
0.096
0.536
0.000
0.000
0.000
0.000
0.000
0.000
0.000
0.000
0.000
0.000
0.000
0.000
0.000
0.000
0.000
0.000
0.000
0.000
0.000
0.000
0.000
0.000
0.000
0.000
0.000
0.000
0.000
0.000
0.000
0.000
0.000
0.000
0.000
0.017
0.000
0.000
0.000
0.142
0.000
0.021
0.000
0.000
0.000
0.000
0.031
0.000
0.000
0.000
0.000
0.000
0.000
0.000
0.000
0.000
0.000
0.726
0.000
0.000
0.000
0.000
0.000
0.000
0.000
0.000
0.000
0.000
0.000
0.000
0.000
0.000
0.000
0.000
0.086
0.000
0.000
0.000
0.000
0.000
0.000
0.000
0.000
0.000
0.000
0.000
0.000
0.000
0.000
0.000
0.007
0.000
0.142
0.917
0.007
3.674
1.248
2.985
26.937
5.476
17.283
0.781
6.710
8.723
11.776
26.676
9.759
0.053
0.046
9.198
16.981
57.404
71.150
67.278
13.681
21.272
7.568
1.844
0.360
3.936
6.770
0.724
0.000
3.868
0.774
1.270
1.596
0.014
8.350
3.080
0.192
3.234
1.092
36.995
5.909
5.078
12.681
13.913
2.005
5.450
1.260
1.725
0.745
0.124
3.928
6.056
1.605
9.007
12.524
10.574
13.221
8.822
20.150
14.190
7.491
2.571
1.517
7.263
2.022
3.742
0.072
0.021
0.021
0.185
9.050
9.283
21.792
20.735
6.028
9.616
10.947
4.482
9.808
3.986
3.435
47.540
10.339
9.859
15.982
16.107
0.192
0.000
2.405
1.926
10.061
12.840
0.328
7.366
0.244
0.000
0.000
0.000
0.167
2.681
2.493
1.164
0.045
0.048
0.000
0.021
0.000
0.127
1.157
0.216
5.630
1.171
12.174
6.269
11.216
8.669
18.526
25.845
2.420
0.577
0.882
0.563
1.583
0.474
0.021
0.000
0.000
0.000
0.000
2.069
2.578
0.601
0.000
0.000
0.000
0.000
0.000
0.000
0.000
0.000
0.000
0.000
0.000
0.000
0.000
0.000
0.000
0.000
0.000
0.000
0.000
0.000
0.000
0.000
0.000
0.000
0.000
0.000
0.000
0.000
0.000
0.000
0.000
0.000
0.000
0.000
0.000
0.000
0.000
0.000
0.000
0.000
0.000
0.000
0.000
0.000
0.000
0.000
0.000
0.000
0.000
0.000
0.000
0.000
0.000
0.000
0.000
0.000
0.000
0.000
0.000
0.000
0.000
0.000
0.000
0.000
0.000
0.000
0.000
0.000
0.000
0.000
0.000
0.000
0.000
0.000
0.000
0.000
0.000
0.000
0.000
0.000
0.000
0.000
0.000
0.000
0.000
0.000
0.000
0.000
0.000
0.000
0.000
0.000
0.000
0.000
0.000
0.000
0.000
0.000
0.000
0.000
0.000
0.000
0.000
0.000
0.000
0.000
0.000
0.000
0.000
0.000
0.000
0.000
0.000
0.000
0.000
0.000
0.000
0.000
0.000
0.000
0.000
0.000
0.000
0.000
0.000
0.000
8.506
11.714
4.432
0.010
0.000
1.404
0.232
0.000
0.000
0.000
0.000
0.000
0.000
0.000
0.000
0.000
0.000
0.000
0.000
0.000
0.000
0.000
0.000
0.000
0.000
0.000
0.000
0.000
0.000
0.000
0.000
0.000
0.000
0.000
0.000
0.000
0.000
0.000
0.000
13.678
1.402
0.000
0.000
0.197
0.017
0.000
0.000
0.000
0.000
0.000
0.000
0.000
0.000
0.000
0.000
0.000
0.000
0.000
0.196
0.113
0.007
0.057
0.058
0.029
0.046
0.261
0.379
0.256
0.000
0.076
0.079
0.000
0.000
0.163
1.126
0.066
1.317
1.983
2.093
0.213
0.865
0.000
0.000
0.000
0.000
0.065
2.946
0.154
12.150
19.005
46.228
2.072
0.000
0.007
0.000
0.000
0.000
0.000
0.158
0.367
0.000
0.000
0.000
0.340
7.716
8.199
0.748
16.735
38.648
21.343
25.231
12.820
27.905
19.030
4.026
1.966
2.642
4.885
0.948
6.894
13.210
34.543
53.908
35.559
12.245
2.574
22.833
23.277
11.839
9.657
7.323
5.092
23.723
2.268
1.934
14.123
24.094
14.985
14.399
7.212
34.580
6.726
16.146
7.893
23.712
3.498
12.228
1.723
1.576
16.735
5.564
6.564
5.637
16.443
0.026
0.584
1.909
3.106
10.044
5.713
1.850
6.115
55.186
38.866
29.012
6.660
6.058
7.639
12.701
42.884
17.295
30.696
13.204
1.665
0.124
0.000
0.000
26.079
1.899
0.563
3.777
6.497
17.592
0.750
0.700
1.257
9.871
1.554
5.713
4.610
4.987
5.646
13.132
14.976
10.878
18.867
43.528
17.573
22.091
4.645
0.620
8.902
8.863
13.101
12.975
3.595
0.117
0.364
0.283
0.003
0.000
0.000
0.000
0.953
0.000
0.000
0.000
0.930
0.245
0.000
0.000
0.000
0.000
0.896
7.296
11.802
0.570
1.063
0.000
0.000
0.000
0.000
0.448
1.138
1.095
0.000
0.014
0.000
0.000
2.257
0.126
0.000
0.000
0.000
0.003
0.000
1.487
0.000
0.000
0.000
0.000
0.000
0.000
0.000
0.000
0.000
0.000
0.000
0.000
0.000
0.000
0.000
0.000
0.000
0.000
0.000
0.000
0.000
0.000
0.000
0.000
0.000
0.000
0.000
0.000
0.000
0.000
0.000
0.000
0.000
0.000
0.000
0.000
0.000
0.000
0.000
0.000
0.000
0.000
0.000
0.000
0.000
0.000
0.000
0.000
0.000
0.000
0.000
0.000
0.000
0.000
0.000
0.000
0.000
0.000
0.000
0.000
0.000
0.000
0.000
0.000
0.000
0.000
0.000
0.000
0.000
0.000
0.000
0.000
0.000
0.000
0.000
0.000
0.000
0.000
0.000
0.000
0.000
0.000
0.000
0.000
0.000
0.000
0.000
0.038
4.077
0.000
0.209
15.137
8.508
20.931
4.285
0.000
0.027
0.000
0.000
0.000
0.000
0.000
0.000
0.000
0.000
0.292
0.029
0.000
0.000
0.014
0.045
0.000
0.000
0.000
0.000
0.000
0.000
0.000
0.000
0.000
0.000
16.933
4.837
0.000
0.000
0.000
0.000
0.000
0.000
0.000
0.000
0.000
0.000
0.000
0.000
0.000
0.000
0.000
0.000
0.000
0.000
0.000
0.000
0.000
0.000
0.000
0.000
0.000
0.000
0.000
0.000
0.000
0.000
0.727
1.227
0.000
1.358
0.843
1.410
0.530
0.165
0.758
0.025
0.000
0.000
0.038
0.043
0.000
0.709
0.288
2.858
0.687
3.845
0.014
0.000
1.373
8.389
11.841
2.654
2.283
0.000
2.575
0.093
0.731
0.100
3.708
0.573
0.405
4.175
0.783
1.687
0.000
0.000
0.000
0.000
0.000
0.000
0.000
0.000
0.000
0.000
0.000
0.000
0.000
5.799
0.021
0.000
0.000
0.014
0.203
1.634
0.309
2.232
2.287
12.816
50.537
9.376
16.953
0.934
29.728
1.088
9.194
0.766
0.110
0.007
1.318
8.562
13.795
6.293
3.177
3.395
20.078
10.537
48.581
18.427
100.204
41.133
2.884
0.007
4.039
0.518
17.902
18.666
21.209
24.875
25.434
25.368
23.195
7.467
4.865
33.357
51.227
10.724
9.126
30.322
103.356
22.738
8.277
5.443
22.485
15.995
23.022
18.927
28.611
31.011
6.784
15.062
7.320
0.512
1.224
3.552
1.554
14.635
13.652
25.262
28.161
4.647
64.019
3.766
26.281
20.943
4.419
0.017
0.055
15.925
3.365
3.948
10.224
11.894
2.214
3.533
21.403
20.726
3.819
9.536
0.227
1.531
9.088
29.886
27.358
18.100
3.766
3.742
0.125
0.881
2.918
7.503
30.832
8.932
7.048
10.692
14.750
20.302
2.323
0.817
17.204
24.231
10.353
23.960
32.126
51.426
16.868
33.077
20.645
3.085
2.915
9.031
22.632
8.470
0.041
0.000
0.000
0.000
0.000
0.000
0.000
1.085
13.366
7.299
1.715
0.000
0.000
0.000
0.000
0.000
0.000
0.000
0.000
0.000
0.000
0.000
0.000
0.000
0.000
0.000
0.000
0.000
0.000
0.000
0.154
0.810
0.014
5.546
2.820
0.000
0.000
0.000
0.000
0.000
0.000
0.000
0.000
0.000
0.000
0.000
0.000
0.000
0.000
0.000
0.000
0.000
0.000
0.000
0.000
0.000
0.000
0.000
0.000
0.000
0.000
0.000
0.000
0.000
0.000
0.000
0.000
0.000
0.000
0.000
0.000
0.000
0.000
0.000
0.000
0.000
0.000
0.000
0.000
0.000
0.000
0.000
0.000
0.000
0.000
0.000
0.000
0.000
0.000
0.000
0.000
0.000
0.000
0.000
0.000
0.000
0.000
0.000
0.000
0.000
0.000
0.000
0.000
0.000
0.000
0.000
0.000
0.031
22.268
18.002
3.787
0.189
0.000
0.000
0.000
0.566
0.000
0.000
0.000
0.000
0.000
0.148
0.010
0.620
6.337
0.471
0.000
0.000
0.000
0.000
0.000
0.000
0.000
0.000
0.000
0.000
0.000
0.000
0.000
0.000
0.000
0.000
0.000
0.000
0.000
0.000
0.000
0.000
0.000
0.000
0.000
0.000
0.000
0.000
0.000
0.000
0.000
0.000
0.000
0.000
0.000
0.000
0.000
0.000
0.000
0.077
0.000
0.000
0.000
0.000
0.000
0.000
0.000
0.000
0.000
0.000
0.000
0.000
0.000
0.681
0.525
3.186
3.081
0.011
0.000
0.000
0.000
0.000
0.000
0.000
0.000
0.060
0.000
0.000
0.000
0.000
0.000
0.000
0.000
0.000
0.000
0.000
0.000
0.000
0.000
0.000
0.000
0.000
0.000
0.000
0.000
0.000
0.000
0.000
0.000
0.000
0.000
0.003
0.031
0.000
0.000
0.034
0.093
0.268
0.000
0.000
0.000
0.000
0.215
0.944
0.783
1.428
0.076
0.000
0.000
0.000
0.000
0.000
0.000
0.000
1.143
2.007
0.175
1.215
2.781
10.828
5.637
2.527
2.546
18.893
23.260
18.146
14.591
28.194
86.692
87.331
44.653
1.088
10.451
22.840
20.357
15.697
7.024
8.779
26.422
9.431
28.091
5.239
20.862
7.380
13.302
12.140
20.696
22.124
25.293
22.630
5.170
18.366
39.416
11.010
5.522
19.390
19.641
18.639
38.977
27.136
32.932
90.898
11.263
18.862
14.461
8.612
4.534
27.600
5.576
18.709
0.470
3.583
6.144
4.563
4.147
2.571
0.743
12.152
12.001
21.852
10.749
28.717
5.292
4.679
19.029
11.718
17.733
15.371
17.661
15.395
5.114
15.034
16.881
12.633
19.629
12.004
1.473
4.616
1.389
29.201
22.062
15.325
8.810
6.676
0.817
0.288
0.045
5.718
8.569
8.003
0.055
5.679
9.826
5.109
1.040
1.713
1.566
11.769
25.124
16.244
5.486
3.358
2.365
0.089
11.258
22.412
15.123
18.522
0.076
0.124
0.000
1.160
0.470
2.434
2.381
2.604
1.667
13.714
7.450
2.261
0.781
1.766
0.058
0.072
0.000
0.000
0.000
0.000
0.000
0.000
0.000
0.000
0.000
0.000
0.000
0.000
0.000
0.000
2.249
1.215
0.189
0.000
0.000
0.000
0.000
0.000
0.000
0.000
0.000
0.000
0.000
0.000
0.000
0.000
0.000
0.000
0.000
0.000
0.000
0.000
0.000
0.000
0.000
0.000
0.003
0.000
0.000
0.000
0.000
0.000
0.000
0.000
0.000
0.000
0.000
0.000
0.000
0.000
0.000
0.000
0.000
0.000
0.000
0.000
0.000
0.000
0.000
0.000
0.000
0.000
0.000
0.000
0.000
0.000
0.000
0.000
0.000
0.000
0.000
0.000
0.000
0.000
0.000
0.000
0.000
0.000
0.000
0.000
0.000
0.000
0.000
0.000
0.227
0.000
0.014
0.000
0.000
0.000
0.000
0.000
0.000
0.000
0.000
0.000
0.000
0.000
0.000
0.000
0.000
0.000
0.000
0.000
0.000
0.000
0.000
0.000
0.000
0.000
0.000
0.000
0.000
0.000
0.000
0.000
0.000
0.000
0.000
0.000
0.000
0.000
0.000
0.000
0.000
0.000
0.000
0.000
0.000
0.000
0.000
0.000
0.000
0.000
0.000
0.000
0.000
0.000
0.000
0.000
0.000
0.000
0.000
0.000
0.000
0.000
0.000
0.000
0.000
0.000
0.000
0.000
0.000
0.000
0.000
0.000
0.010
0.000
1.311
0.000
0.000
1.370
0.223
0.000
0.000
0.000
0.635
0.065
0.000
0.000
0.000
0.000
0.000
0.000
0.000
0.179
0.000
0.000
0.000
0.000
0.000
0.000
0.000
0.000
0.000
0.000
0.000
0.000
0.000
0.000
0.000
0.000
0.000
0.000
0.000
0.000
0.000
0.000
0.000
0.000
0.089
0.000
0.000
0.000
0.000
0.000
0.000
0.000
0.000
8.885
0.597
2.925
0.728
0.000
4.151
2.750
0.007
3.625
0.391
1.236
0.000
0.000
39.796
3.251
2.687
0.694
0.556
1.439
0.906
0.041
0.000
0.294
2.498
0.000
0.003
0.039
0.000
0.000
0.000
0.000
0.000
0.000
0.084
0.000
0.000
0.000
0.000
0.000
0.000
0.000
0.000
0.000
0.000
0.590
0.000
0.451
31.850
21.126
12.423
16.162
16.207
13.930
13.587
29.423
21.434
11.343
3.886
4.987
13.709
1.107
0.010
2.304
0.335
0.803
3.177
8.745
1.675
35.828
22.524
2.843
6.437
4.111
0.383
1.035
4.801
66.258
17.458
3.423
3.321
7.648
10.161
26.491
7.488
0.233
2.043
12.445
2.429
10.246
13.985
22.147
8.508
3.081
21.199
57.481
5.515
13.805
22.616
9.895
9.186
2.216
10.200
5.052
11.183
26.031
3.452
7.704
2.701
4.383
8.940
8.269
6.228
6.307
0.141
0.306
7.958
23.102
22.584
7.732
10.473
14.814
1.294
0.175
3.560
0.264
0.000
7.890
8.830
2.496
0.000
1.674
0.127
0.199
3.584
5.835
4.781
7.690
6.980
5.253
5.466
10.327
5.476
0.055
5.915
15.285
30.432
31.672
16.526
26.783
19.477
0.000
0.000
0.000
0.000
0.000
0.000
0.000
0.000
0.000
0.000
0.000
0.000
0.000
0.000
0.000
0.000
0.000
0.000
0.000
0.000
0.000
0.000
0.000
0.000
0.000
0.000
0.000
0.000
0.000
0.000
0.000
0.000
0.000
0.000
0.000
0.027
0.000
0.000
5.085
48.253
0.050
0.000
0.000
0.000
0.000
0.000
0.000
0.000
0.000
0.000
0.000
0.000
0.000
0.000
0.000
0.000
0.000
0.000
0.000
0.000
0.000
0.000
0.000
0.000
0.000
0.000
0.000
0.000
0.000
0.000
6.630
4.144
0.000
0.000
0.000
0.000
0.000
0.000
0.000
0.000
0.000
0.000
0.000
0.058
0.000
0.000
0.000
0.000
0.000
0.000
0.000
0.000
0.000
0.000
0.000
0.000
0.003
0.031
0.000
0.000
0.000
0.000
0.000
0.000
0.000
0.000
0.000
0.000
0.000
0.000
0.000
0.000
0.000
0.000
0.000
0.000
0.000
0.000
0.000
0.000
0.000
0.000
0.000
0.000
0.007
0.000
0.000
0.000
0.000
0.000
11.033
0.000
0.000
0.000
0.000
0.000
0.000
0.000
0.000
0.000
0.000
0.000
0.000
0.000
0.000
0.000
0.000
0.000
0.000
0.000
0.000
0.000
0.000
0.000
0.000
0.000
0.000
0.000
0.000
0.000
0.000
0.000
0.000
0.000
0.000
0.000
0.000
0.000
0.000
0.000
0.000
0.000
0.000
0.000
0.000
0.000
0.000
0.000
0.000
0.000
0.000
0.000
0.000
0.000
0.000
0.000
0.000
0.000
0.000
0.000
0.000
0.000
0.000
0.000
0.000
0.000
0.000
0.000
0.000
0.000
0.000
0.000
0.134
0.060
0.017
0.000
0.230
0.100
0.003
0.213
0.161
0.010
0.000
0.000
0.000
0.000
0.000
0.000
0.000
0.000
0.000
0.014
0.100
1.191
0.378
0.031
0.000
0.000
0.000
0.048
0.000
0.961
0.000
0.000
0.000
0.000
0.000
0.000
0.000
0.000
0.000
0.000
0.000
0.000
0.010
0.014
0.987
0.378
0.215
0.000
0.000
2.717
5.600
6.278
0.549
1.397
0.132
3.015
2.769
10.399
19.909
6.027
0.007
0.924
2.729
21.156
12.488
1.350
17.273
0.388
1.044
0.024
0.000
0.000
9.214
40.277
37.917
22.637
12.138
0.743
0.446
9.179
3.837
0.542
7.529
2.724
8.635
21.396
23.574
2.755
5.133
5.002
0.055
0.173
6.438
31.907
30.628
17.262
7.196
3.148
10.142
0.424
2.063
0.000
0.000
2.273
1.645
5.802
31.685
7.399
7.086
18.357
5.062
12.112
19.020
10.722
10.063
15.254
20.273
24.754
5.854
2.905
7.903
5.692
5.836
4.055
3.663
8.068
7.555
0.295
1.095
21.568
4.209
5.150
3.749
3.402
17.190
15.113
22.776
9.277
31.435
20.187
12.181
12.718
2.118
2.905
3.845
4.583
7.941
2.561
6.564
1.425
2.091
0.000
0.000
0.000
0.000
2.438
4.841
15.771
21.516
8.032
13.731
1.890
1.368
0.014
0.000
0.000
0.007
0.000
1.293
21.780
7.627
2.019
13.611
5.988
3.054
2.613
0.331
0.161
0.000
0.000
0.000
0.000
0.000
0.000
0.000
0.000
1.744
0.000
0.000
0.000
0.000
0.000
0.000
0.000
0.000
0.065
0.055
0.000
0.000
0.000
0.000
0.000
0.000
0.000
0.076
0.105
0.000
0.000
0.000
0.000
0.000
0.034
0.364
0.062
0.000
0.000
0.000
0.000
0.000
0.000
0.000
1.243
9.204
13.139
6.228
0.000
0.000
0.000
0.000
0.000
0.000
0.000
0.000
0.000
0.000
0.000
0.000
0.000
0.000
0.000
0.000
0.000
0.000
0.000
0.000
0.000
0.000
0.000
0.000
0.000
0.000
0.000
0.000
0.000
0.000
0.000
0.000
0.000
0.000
0.000
0.000
0.000
0.000
0.000
0.000
0.000
0.000
0.000
0.000
0.000
0.000
0.000
0.003
0.003
0.003
0.000
0.917
0.000
0.000
0.000
0.002
0.000
0.000
0.000
0.000
0.000
0.000
0.000
0.002
0.002
0.000
0.000
0.000
0.000
2.444
0.000
0.000
0.007
5.754
0.000
0.000
0.000
0.017
0.113
0.000
0.000
0.000
0.002
0.000
0.000
0.000
0.000
0.000
0.000
0.000
0.000
0.015
0.000
0.002
0.002
0.000
0.000
0.000
0.000
0.000
0.000
0.000
0.000
0.000
0.002
0.002
0.000
0.002
0.000
0.000
0.000
0.002
0.000
0.000
0.000
4.592
0.098
0.000
0.000
0.000
0.000
0.000
0.000
0.000
0.343
0.007
0.000
0.000
0.000
0.604
0.609
0.000
0.000
0.000
0.002
0.000
0.142
1.076
0.014
0.000
0.323
0.000
0.000
0.000
0.000
0.000
0.003
0.000
0.755
1.178
0.000
0.000
0.000
0.000
0.000
0.000
0.000
0.000
0.000
0.158
0.007
0.309
0.007
0.000
0.000
0.000
0.000
0.326
0.003
1.380
0.000
0.381
0.015
0.566
0.065
0.007
0.000
0.000
0.000
0.000
0.000
0.010
0.220
0.752
2.057
0.718
4.614
24.206
29.727
11.325
91.526
58.027
10.509
1.495
1.224
7.869
7.611
46.575
25.001
66.649
40.838
36.852
28.443
23.470
7.364
18.735
48.330
3.533
1.590
4.994
25.852
13.767
15.968
10.777
13.053
3.672
4.546
25.263
17.525
5.191
36.148
55.632
37.299
28.585
6.516
0.508
0.539
1.727
1.178
1.003
40.684
26.827
20.556
10.763
17.077
20.950
29.691
23.653
37.175
38.850
8.885
25.248
28.858
32.890
20.977
4.535
20.932
3.823
48.879
113.587
12.868
44.824
18.979
0.924
3.856
2.649
24.225
9.002
2.712
12.078
1.136
3.222
0.659
3.716
1.928
2.362
11.161
7.680
16.761
3.934
8.123
17.154
21.320
5.885
6.091
8.504
15.728
2.410
14.787
5.754
21.988
9.043
10.875
2.644
20.706
46.486
50.352
21.955
6.307
11.536
3.347
2.039
2.067
4.029
0.807
1.087
0.000
2.687
5.850
2.405
0.000
3.928
9.445
9.599
0.220
0.489
0.000
0.000
0.000
0.000
0.002
0.000
1.737
4.803
0.759
12.576
2.520
0.000
0.000
0.000
0.000
0.000
0.000
0.002
0.000
0.000
0.000
0.002
0.000
0.000
0.003
0.000
0.000
0.000
0.000
0.000
0.000
0.000
0.000
0.000
0.000
0.000
0.000
0.000
0.000
0.000
0.000
0.000
0.000
0.000
0.000
0.002
0.000
0.000
0.000
0.000
0.000
0.000
0.000
0.000
0.000
0.000
0.000
0.000
0.000
0.002
0.000
0.000
0.000
0.000
0.000
0.000
0.000
0.000
0.000
0.000
0.000
0.000
0.000
0.000
0.000
0.000
0.000
0.000
0.000
0.000
0.000
11.618
11.584
0.137
0.000
0.017
3.049
2.420
1.883
3.152
0.043
0.000
0.000
0.000
0.000
0.000
0.002
0.000
0.000
0.058
0.021
0.014
0.000
0.000
0.000
0.000
0.000
0.000
0.003
0.000
0.000
0.000
0.000
0.000
0.000
0.000
0.000
0.000
0.000
0.000
0.000
0.000
0.000
0.000
0.000
0.003
0.896
1.221
0.065
0.000
0.000
0.000
0.000
0.000
0.000
0.000
0.000
0.000
0.000
0.000
0.002
0.000
0.000
0.000
0.000
0.000
0.000
0.000
0.000
0.000
0.000
0.000
0.000
0.000
0.000
0.000
0.000
0.002
0.000
0.000
0.000
0.000
0.000
0.000
0.000
0.000
0.000
0.000
0.000
0.000
0.000
0.000
0.000
0.000
0.000
0.666
0.096
0.536
10.166
0.000
0.003
0.000
0.000
0.549
0.003
0.000
0.000
0.000
0.000
0.000
0.000
0.000
0.000
0.000
0.000
0.000
0.000
0.000
0.000
0.000
0.000
0.000
0.000
0.000
0.000
0.000
0.103
0.185
0.000
0.000
0.000
0.002
0.000
0.014
0.069
0.000
0.000
0.000
0.000
0.009
0.000
0.000
0.000
0.000
0.000
0.000
0.000
0.000
0.000
0.000
0.000
0.000
0.000
0.000
0.000
0.000
0.000
0.000
0.000
1.219
0.000
0.000
0.000
0.000
0.000
0.000
0.000
0.000
0.000
0.000
0.450
8.705
14.152
15.504
10.791
13.307
25.509
0.845
41.391
0.000
0.045
0.000
0.000
1.016
0.381
2.860
24.427
83.177
69.566
32.973
13.750
8.394
24.194
6.303
24.076
7.759
7.924
17.691
8.950
0.007
0.738
6.921
1.517
6.575
3.485
21.423
40.540
20.476
7.426
10.664
5.888
4.364
12.288
2.208
0.518
1.215
16.174
5.606
16.586
6.738
2.657
3.375
11.144
1.049
15.079
6.669
3.843
0.951
0.872
0.002
2.472
4.123
0.000
0.494
7.175
2.208
0.865
0.000
0.003
2.355
2.678
1.590
0.000
0.002
0.000
0.000
3.819
0.100
1.957
4.326
10.140
1.723
0.000
3.753
23.064
0.247
2.180
12.095
21.169
13.420
51.910
27.225
7.258
0.014
1.789
0.002
0.000
0.000
0.000
0.000
0.000
0.000
0.000
0.000
0.000
0.000
0.000
0.855
0.093
0.179
0.000
0.000
0.000
0.597
0.151
0.000
0.000
0.000
0.000
0.000
0.000
0.000
0.000
0.000
0.000
0.000
0.000
0.000
0.002
0.000
0.000
0.000
0.000
0.000
0.002
0.000
0.000
0.216
51.265
0.000
6.626
0.285
0.000
0.000
0.000
0.002
0.000
0.000
0.000
0.000
0.000
0.002
0.000
0.000
0.000
0.000
0.000
0.002
0.000
0.000
0.000
0.000
0.000
0.000
0.000
0.000
0.000
0.000
0.003
0.000
0.000
0.000
0.000
0.000
0.000
0.000
0.038
0.000
0.002
0.000
0.000
0.000
0.000
0.000
0.000
0.000
0.000
0.000
0.000
0.000
0.000
0.002
0.000
0.000
0.000
0.000
0.000
0.000
0.000
0.000
0.000
0.000
0.000
0.000
0.000
0.000
0.000
0.000
0.000
0.000
0.000
0.000
0.000
0.000
0.000
0.000
0.000
0.000
0.002
0.000
0.000
0.002
0.000
0.000
0.000
0.000
0.000
0.000
0.000
0.000
0.000
0.000
0.000
0.000
0.000
0.010
0.000
0.000
0.000
0.000
0.000
0.000
0.027
0.034
3.622
0.027
0.000
0.000
0.000
0.000
0.000
0.003
0.000
0.000
0.000
0.000
0.000
0.000
0.000
0.000
0.000
0.000
0.000
0.000
0.000
0.000
0.000
0.002
0.002
0.000
0.000
0.268
0.000
0.000
0.000
0.000
0.000
0.000
0.002
0.000
0.000
0.000
0.000
0.055
0.486
0.010
0.000
0.000
0.000
0.093
0.000
0.000
0.000
0.000
0.000
0.000
0.000
0.000
0.000
0.000
0.014
0.082
0.000
0.010
0.010
0.488
0.803
0.371
0.000
0.000
0.000
0.000
0.000
0.000
0.000
0.000
0.000
0.003
0.000
0.000
0.000
0.000
0.000
0.000
0.000
0.000
0.000
0.000
0.000
0.000
0.000
0.000
0.000
0.000
0.000
0.000
0.000
0.000
0.000
0.000
0.002
0.000
0.000
0.003
0.000
0.000
0.409
14.813
0.158
2.318
0.000
0.002
1.454
0.088
0.390
0.031
0.000
0.000
0.000
1.184
2.908
2.012
37.443
9.709
1.157
0.920
4.319
0.043
0.000
0.000
0.944
11.299
12.063
10.296
14.782
11.628
5.915
4.868
7.601
2.674
1.169
0.127
0.821
0.821
6.820
0.366
0.556
6.492
3.337
0.455
2.103
10.794
8.137
0.582
0.834
3.171
4.676
17.197
8.899
6.944
2.929
5.107
15.813
57.829
56.612
1.493
2.122
8.229
3.934
5.284
1.917
0.000
2.211
1.081
2.245
7.505
3.478
3.159
0.731
7.986
8.782
2.129
1.277
9.682
6.746
20.551
3.625
30.779
34.614
29.994
3.236
0.961
0.000
2.517
0.000
0.776
15.625
4.758
3.392
1.250
2.451
1.622
1.452
0.007
0.000
0.000
0.000
0.000
1.639
0.924
1.868
3.907
0.192
0.065
0.800
0.460
0.000
0.518
21.547
6.480
0.463
0.027
0.312
12.645
17.255
13.970
8.030
18.970
8.657
9.129
1.641
5.936
3.581
6.726
2.989
11.081
14.135
0.463
0.072
4.405
0.076
0.278
48.536
6.503
0.604
2.534
5.898
0.000
0.360
2.489
0.000
0.532
0.034
0.000
5.363
2.808
0.180
0.002
0.000
0.000
0.000
0.000
0.000
0.000
0.000
0.000
0.000
0.000
0.000
0.000
0.000
0.001
0.000
0.000
0.000
0.000
0.000
0.000
0.000
0.000
0.000
0.000
0.000
0.000
0.000
0.000
0.000
0.000
0.000
0.000
0.000
0.000
0.002
0.000
0.000
0.000
0.000
0.000
0.002
0.000
0.000
0.000
0.000
0.000
0.003
0.002
0.000
0.000
0.002
0.000
0.000
0.000
0.000
0.000
0.000
0.000
0.000
0.002
0.000
0.000
0.000
0.000
0.000
0.000
0.000
0.000
0.149
2.381
0.000
0.000
0.000
0.546
1.243
0.482
0.000
0.000
0.000
0.000
0.000
0.014
0.051
0.010
0.000
0.000
0.000
0.002
0.000
0.000
0.000
0.000
0.000
0.000
0.000
0.000
0.000
0.000
0.000
0.000
0.000
0.000
0.000
0.000
0.000
0.000
0.000
0.000
0.003
2.020
5.126
0.000
0.000
0.000
0.000
0.000
0.000
0.017
0.000
0.000
0.000
0.391
19.087
9.592
2.486
0.000
0.002
0.000
0.000
0.000
0.000
0.000
0.003
0.000
0.000
0.000
0.000
0.000
0.000
0.000
0.000
0.000
0.000
0.000
0.002
0.000
0.000
0.000
0.000
0.000
0.000
0.000
0.000
0.000
0.000
0.000
0.000
0.003
0.002
0.000
0.000
0.000
0.000
0.000
0.000
0.000
0.000
0.000
0.000
0.000
0.000
0.000
0.000
0.000
0.000
0.000
0.000
0.000
0.000
0.000
0.000
0.000
0.000
0.000
0.003
0.000
0.000
0.000
0.000
0.134
0.041
0.002
0.000
0.130
0.000
0.000
0.000
0.000
0.000
0.000
0.000
0.000
0.000
0.000
0.000
0.000
0.000
0.000
0.141
3.571
38.919
101.311
0.000
0.000
0.000
0.002
0.000
0.003
0.000
0.000
0.002
0.000
0.000
0.000
0.000
0.000
0.000
0.000
0.000
0.000
1.298
0.034
0.450
0.965
1.720
3.965
4.178
0.000
0.000
0.192
0.742
0.652
3.356
1.392
0.297
0.556
10.667
180.195
126.758
77.703
14.416
2.067
0.065
0.000
0.000
0.687
0.429
0.000
2.870
4.975
7.297
40.457
9.888
18.378
13.757
7.285
2.874
0.512
3.722
38.720
14.962
1.689
2.376
4.934
5.414
0.855
