20000101
0.000
0.000
0.000
0.000
0.000
0.000
0.000
0.000
0.000
0.000
0.000
0.000
0.000
0.000
0.000
0.000
0.000
0.000
0.000
0.000
0.000
0.000
0.000
0.000
0.000
0.000
0.000
0.000
0.000
0.000
0.000
0.000
0.000
0.000
0.000
0.007
0.021
0.051
0.000
0.000
0.000
0.003
0.130
0.000
0.000
0.000
0.000
0.000
0.000
0.000
0.000
0.000
0.000
0.000
0.000
0.000
0.000
0.000
0.000
0.000
0.000
0.000
0.000
0.000
0.000
0.000
0.000
0.000
0.000
0.000
0.000
0.000
0.000
0.000
0.000
0.000
0.000
0.000
0.000
0.000
0.000
0.000
0.199
0.000
0.000
0.000
0.000
0.000
0.000
0.000
0.000
0.000
0.000
0.000
0.000
0.000
0.000
0.000
0.000
0.000
0.000
0.000
0.000
0.000
0.000
0.000
0.000
0.000
0.000
0.000
0.000
0.000
0.000
0.000
0.000
0.000
0.000
0.000
0.000
0.000
0.000
0.000
0.000
0.000
0.000
0.000
0.000
0.000
0.000
0.000
0.000
0.000
0.000
0.000
0.000
0.000
3.169
0.000
0.000
0.477
1.624
1.778
0.165
0.000
0.041
0.003
0.000
0.000
0.000
0.000
0.000
0.000
0.079
0.251
0.000
0.848
0.069
0.694
0.675
3.275
8.717
3.674
0.282
0.378
0.096
1.813
1.377
1.109
0.031
22.119
7.210
14.795
15.377
21.777
2.180
4.903
0.748
0.000
0.144
0.771
8.405
0.000
0.100
0.185
0.342
0.000
0.000
0.000
13.269
6.990
1.778
9.451
5.522
3.549
3.897
8.053
21.432
27.006
2.977
5.818
5.479
23.067
15.920
0.657
0.609
3.442
36.877
30.550
10.622
10.956
29.128
31.322
15.273
19.362
3.222
0.381
0.000
0.017
0.603
1.191
10.427
10.683
1.213
0.003
0.342
6.482
13.000
7.115
8.597
11.579
12.684
1.672
1.562
0.968
0.000
0.000
0.000
0.000
0.000
0.585
0.022
2.573
8.878
8.081
42.406
7.903
0.279
0.866
10.285
26.444
11.305
21.366
16.680
3.543
0.125
0.067
0.000
7.514
20.845
7.577
19.207
7.841
2.510
20.541
13.276
15.987
6.552
9.021
0.000
0.000
0.000
0.000
0.000
0.000
0.000
0.000
0.017
0.000
0.340
0.000
0.000
1.035
0.045
0.000
0.000
0.000
0.000
0.000
0.000
0.000
0.000
0.000
0.000
0.000
0.000
0.000
0.000
0.000
0.000
0.000
0.000
1.126
0.010
0.000
0.000
0.000
0.000
0.000
0.000
0.000
0.000
0.000
0.000
0.000
0.000
0.000
0.000
0.000
0.000
0.000
0.000
0.000
0.000
0.000
0.000
0.000
0.000
0.000
0.000
0.000
0.000
0.000
0.000
0.000
0.000
0.000
0.000
0.000
0.000
0.000
0.000
0.000
0.000
0.000
0.000
0.000
0.000
0.000
0.000
0.000
0.000
0.000
0.000
0.000
0.000
0.000
0.000
0.000
0.000
0.000
0.000
0.000
0.000
0.000
0.000
0.000
3.195
2.185
0.000
0.000
0.000
0.000
0.000
0.000
0.000
0.000
0.000
0.000
0.000
0.000
0.000
0.000
0.000
0.000
0.000
0.000
0.000
0.000
0.000
0.000
0.000
0.000
0.000
0.000
0.000
0.000
0.000
0.000
0.000
0.000
0.000
0.000
0.000
0.000
0.000
0.000
0.000
0.000
0.000
0.000
0.000
0.000
0.000
0.000
0.000
0.000
0.000
0.000
0.000
0.000
0.000
0.000
0.000
0.000
0.000
0.065
0.000
0.000
0.000
0.560
0.000
0.000
0.000
0.000
0.000
0.000
0.000
0.000
0.000
0.000
0.000
0.000
0.000
0.000
0.000
0.000
0.046
0.213
0.000
0.000
0.000
0.000
0.000
0.000
1.651
3.222
0.304
0.000
0.000
0.000
0.000
0.000
0.000
0.000
0.000
0.000
0.000
0.000
0.263
0.364
1.469
0.094
4.436
2.796
0.000
0.000
0.000
0.000
0.000
0.000
0.000
0.000
0.000
0.000
0.000
0.000
0.000
0.000
0.000
0.010
0.263
0.881
0.180
0.000
0.000
0.000
0.000
0.000
0.000
0.000
0.936
0.050
0.000
0.000
0.000
0.000
0.000
0.000
0.000
0.000
0.000
0.007
1.114
0.017
0.000
0.007
0.000
0.529
3.104
0.273
5.553
0.318
0.218
0.000
0.000
0.000
2.072
0.524
0.021
0.081
10.634
10.320
15.508
6.125
5.680
19.161
6.782
13.166
6.849
15.417
26.073
11.512
20.426
44.702
23.602
18.902
8.952
19.397
35.951
32.969
24.424
24.824
7.021
12.191
1.576
0.093
10.327
17.305
19.090
1.241
3.574
33.251
22.493
25.557
8.530
4.151
5.833
17.400
2.771
7.742
11.189
17.152
17.463
31.356
15.731
5.749
7.018
3.713
0.893
0.781
12.025
1.419
15.123
11.128
12.878
0.000
0.000
13.532
2.456
0.714
4.486
7.708
1.945
3.521
7.202
13.417
15.503
9.396
1.366
9.325
18.832
25.936
172.344
4.387
16.897
4.147
6.240
6.715
22.406
13.779
11.431
12.986
10.171
24.007
12.801
19.030
6.000
11.228
3.934
0.000
6.228
8.115
14.901
10.729
8.974
3.897
0.000
0.000
0.000
0.000
0.000
0.000
0.161
5.689
1.088
11.465
17.784
12.677
11.906
2.493
16.153
14.347
19.240
17.415
0.740
0.000
0.000
0.390
0.000
0.000
0.000
0.000
1.385
0.000
0.000
0.000
0.000
0.000
0.000
0.000
0.000
0.000
0.000
0.000
0.000
0.000
0.031
0.101
0.000
0.000
0.000
0.000
0.000
0.000
0.000
0.000
0.000
0.000
0.000
0.000
0.000
0.000
0.000
0.000
0.000
0.000
0.000
0.000
0.000
0.000
0.000
0.000
0.000
0.000
0.000
0.000
0.000
0.000
0.000
0.000
0.000
0.000
0.000
0.000
0.000
0.000
0.000
0.000
0.000
0.000
0.000
0.000
0.000
0.000
0.000
0.000
0.000
0.000
0.000
0.000
0.000
0.000
0.000
0.000
0.000
0.000
0.000
0.000
0.000
0.000
0.000
0.000
0.000
0.000
0.000
0.000
0.000
0.000
0.000
0.000
0.000
0.000
0.000
0.000
0.000
0.000
0.000
0.000
0.000
0.000
0.000
0.000
0.000
0.915
0.000
0.000
0.000
0.385
2.133
0.000
0.000
0.000
0.000
0.000
0.000
0.000
0.000
0.000
0.000
0.472
0.000
0.000
0.000
0.000
0.000
0.000
0.000
0.000
0.000
0.000
0.000
0.000
0.000
0.000
0.000
0.000
1.123
0.045
0.000
0.000
0.000
0.007
0.007
0.000
0.000
0.000
0.000
0.000
0.000
0.000
0.000
0.000
0.000
0.000
0.108
0.000
0.000
0.000
0.000
0.000
0.000
0.000
0.000
0.000
0.000
0.000
0.014
0.000
0.000
0.000
0.000
0.000
0.000
0.000
0.000
0.000
0.000
0.000
0.000
0.000
0.000
0.000
0.000
0.000
0.000
0.000
0.000
0.000
0.000
0.000
0.000
0.000
0.000
0.000
0.000
0.000
0.000
0.000
0.000
0.000
0.000
0.000
0.000
0.021
0.003
0.000
0.000
0.000
0.000
0.000
0.000
0.000
0.000
0.000
0.000
1.463
0.007
0.000
0.000
0.000
0.000
0.000
0.000
0.000
0.003
1.353
0.134
0.000
0.000
0.954
0.021
0.003
0.000
0.000
0.000
0.000
0.536
0.268
0.014
0.000
0.920
7.024
5.816
10.518
0.395
0.076
0.007
1.648
0.179
0.209
0.474
0.096
0.007
0.000
53.459
0.007
0.089
0.048
0.017
0.000
0.000
1.493
28.047
29.329
11.876
16.805
30.224
2.323
0.000
0.000
0.000
0.000
0.000
0.000
0.000
1.221
15.803
21.638
4.834
5.258
8.859
21.240
26.063
1.907
0.898
0.000
0.000
0.003
0.336
0.000
0.053
0.088
1.538
0.450
6.865
18.826
21.190
29.917
23.154
37.391
9.472
20.912
34.937
104.396
31.967
14.773
12.913
33.118
9.374
16.375
6.908
1.579
5.795
32.705
18.584
3.181
0.196
0.615
3.179
12.828
29.157
10.966
5.375
6.815
5.037
17.380
17.805
9.683
14.755
20.733
8.451
5.655
17.549
15.686
2.395
3.979
10.862
5.479
0.000
0.000
0.000
1.279
0.000
0.000
9.716
19.674
73.014
15.304
9.120
7.658
4.448
3.112
7.217
0.000
0.000
0.000
0.000
0.000
0.000
0.000
0.000
6.705
0.663
0.000
0.000
0.000
0.244
1.768
0.640
0.000
13.328
21.918
2.946
0.015
0.000
0.000
0.000
0.000
0.000
0.000
0.000
0.000
0.000
0.000
0.000
0.000
0.000
0.000
0.000
0.000
0.000
0.000
0.000
0.000
0.000
0.000
4.300
0.141
0.000
0.000
0.000
0.000
0.000
0.000
0.000
0.000
0.000
0.000
0.000
0.000
0.000
0.000
0.000
0.000
0.000
0.000
0.000
0.000
0.000
0.000
0.000
0.000
0.000
0.000
0.000
0.000
0.000
0.000
0.000
0.000
0.000
0.000
0.000
0.000
0.000
0.000
0.000
0.000
0.295
0.100
0.000
0.000
0.000
0.000
0.000
1.706
0.079
0.132
0.000
0.000
0.000
0.000
0.000
0.000
0.000
0.000
0.000
0.000
0.000
0.000
0.000
0.000
0.000
0.000
0.000
0.000
0.000
0.000
0.000
0.000
0.000
0.000
0.000
0.000
9.637
0.034
0.000
0.089
5.891
0.913
0.546
7.038
0.110
0.000
0.206
0.601
0.000
0.223
1.054
0.000
0.000
0.000
0.000
0.000
0.000
4.134
0.577
0.000
0.000
0.000
0.000
0.000
0.000
0.000
0.000
0.000
0.000
0.000
0.000
0.000
0.000
0.000
0.000
0.000
0.000
0.000
2.396
0.000
0.000
0.000
0.000
0.038
0.007
0.024
0.003
0.000
0.000
0.000
0.000
0.055
0.000
0.000
0.000
0.000
0.000
0.000
0.000
0.000
0.000
0.000
0.000
0.000
0.000
0.000
0.000
0.000
0.000
0.000
0.000
0.000
0.000
0.000
0.000
0.000
0.000
0.000
0.000
0.000
0.000
0.000
0.000
0.000
0.000
0.055
0.182
0.563
0.000
0.000
0.000
0.000
0.000
0.000
0.000
0.000
15.298
0.000
0.000
0.000
0.000
0.000
0.136
0.000
0.000
0.000
0.000
0.000
0.000
0.000
0.000
0.000
0.000
0.000
0.000
0.000
0.000
0.000
0.000
0.000
0.000
0.000
0.000
0.000
0.000
0.000
0.079
0.130
0.014
0.000
0.000
0.797
0.065
0.093
0.402
0.000
4.709
4.649
13.874
6.609
16.116
54.727
55.144
3.814
28.400
23.550
12.078
5.819
10.015
12.612
32.368
34.087
31.502
1.301
3.507
4.428
2.669
21.820
5.999
7.613
2.788
37.349
29.230
6.544
15.331
5.952
0.870
0.053
3.353
21.550
32.716
11.949
13.103
25.612
7.668
19.823
5.708
9.412
15.274
40.357
18.935
37.693
19.271
6.460
2.733
7.697
4.983
2.846
8.841
33.704
26.068
34.226
17.537
22.968
21.315
13.242
9.256
8.686
26.055
17.214
9.907
6.640
2.590
3.486
29.296
20.538
14.165
3.789
3.524
8.974
21.322
41.729
7.783
5.320
29.907
26.728
7.023
9.270
8.648
2.644
6.746
0.294
15.567
12.464
9.987
16.110
10.317
15.460
7.711
8.205
7.939
14.287
16.303
8.497
14.916
8.425
20.953
18.859
15.523
18.495
16.938
0.498
0.000
0.000
0.323
7.436
2.235
33.228
19.823
6.681
0.845
0.000
0.000
0.000
0.000
0.000
0.000
0.477
5.596
6.787
3.564
0.000
0.000
54.671
185.872
48.602
13.227
2.390
0.611
0.041
0.000
0.014
0.000
0.000
0.000
0.000
0.000
0.000
0.000
0.000
0.000
0.000
0.000
0.000
0.000
0.000
0.000
0.000
0.000
0.000
0.000
0.000
0.000
0.000
0.000
0.000
0.000
0.000
0.000
0.000
0.000
0.000
0.000
0.000
0.000
0.000
0.000
0.000
0.000
0.000
0.000
0.000
0.000
0.000
0.000
0.000
0.000
1.896
0.000
0.000
0.000
0.000
0.000
0.000
0.000
0.000
0.000
0.000
0.364
1.677
0.014
0.000
0.000
0.000
0.000
0.000
0.000
0.000
0.000
0.000
0.000
0.000
0.000
0.000
0.000
0.000
0.000
0.000
0.000
0.000
0.000
0.000
0.000
0.000
0.014
5.984
14.533
0.000
0.000
0.000
0.000
0.000
0.000
0.014
0.000
0.000
0.000
0.000
0.000
0.000
0.000
0.000
0.000
0.000
0.000
0.000
0.000
0.000
0.000
0.000
0.000
0.000
0.000
0.000
0.000
0.000
0.000
0.000
0.000
0.000
0.000
0.000
0.000
0.000
0.000
0.000
0.000
0.000
0.000
0.000
0.000
0.000
0.155
0.000
0.000
0.000
0.000
0.000
0.000
0.000
0.000
0.000
0.000
0.000
0.000
0.000
0.000
0.000
0.000
0.000
0.000
0.000
0.000
0.000
0.000
0.000
0.000
0.000
0.000
0.000
0.000
0.000
0.000
0.000
0.000
0.000
0.000
0.000
0.000
0.000
0.000
0.000
0.000
0.000
0.000
0.000
0.000
0.000
0.041
0.000
0.000
0.000
0.003
0.000
0.003
0.000
0.000
0.000
0.000
0.000
0.000
0.000
0.034
0.000
0.000
0.000
0.000
0.000
0.000
0.000
0.000
0.000
0.000
0.000
0.000
0.000
0.000
0.000
0.000
0.062
0.000
0.017
0.000
0.000
0.000
0.000
0.000
0.000
0.000
0.055
0.216
0.306
0.058
0.000
0.000
0.427
1.251
8.707
7.459
3.255
10.969
5.435
8.425
9.730
25.176
22.436
2.063
0.007
0.055
0.242
0.591
0.000
0.000
0.000
0.000
0.033
9.779
5.359
21.671
7.836
4.469
20.218
10.966
0.453
1.562
0.007
0.014
3.086
0.455
17.406
26.822
9.134
1.164
0.778
1.433
0.105
0.808
1.277
12.624
6.897
1.624
7.843
7.560
5.453
18.908
19.913
14.472
5.403
7.082
16.197
3.182
13.620
37.153
6.014
5.340
25.495
22.845
27.873
4.974
8.067
10.372
17.884
23.655
6.111
8.830
32.663
4.492
6.361
12.239
16.129
11.254
1.923
4.473
10.003
5.883
0.515
0.270
0.000
0.000
0.000
0.000
0.000
4.654
0.000
0.000
0.000
11.053
18.680
3.416
0.548
1.162
18.914
23.887
20.032
29.291
8.289
11.084
5.721
12.168
7.266
6.921
2.278
2.055
0.000
0.000
0.000
0.000
8.399
6.041
3.616
4.951
20.165
21.883
15.626
0.271
0.000
0.000
0.000
0.045
4.494
14.469
4.910
0.000
0.000
0.000
0.000
0.000
0.000
0.000
0.000
0.000
0.000
0.000
0.000
0.000
0.000
0.000
0.000
0.000
0.000
0.000
0.000
0.000
0.000
0.000
0.000
0.000
0.000
0.000
0.000
0.000
0.000
0.000
0.000
0.000
0.000
0.000
0.000
0.000
0.000
0.000
0.000
0.000
0.000
0.000
0.000
0.000
0.000
0.000
0.000
0.000
0.000
0.000
0.000
0.000
0.000
0.000
0.000
0.000
0.000
0.000
0.000
0.000
0.000
0.000
0.000
0.000
0.000
0.000
0.000
0.000
0.000
0.187
0.000
0.000
0.000
0.000
0.000
0.000
0.000
0.000
0.000
0.000
0.000
0.000
0.000
0.000
0.000
0.000
0.000
0.000
0.000
0.000
0.000
0.000
0.731
0.663
0.000
0.000
0.000
0.000
1.215
0.003
0.000
0.000
0.000
7.416
0.062
0.913
8.204
9.719
0.000
0.000
0.000
0.027
0.639
0.000
0.000
0.000
0.000
0.000
0.000
0.000
0.000
0.000
0.000
0.000
0.000
0.076
0.022
0.120
1.061
0.031
0.000
0.000
0.000
0.000
0.000
0.000
0.000
0.000
0.000
0.000
0.000
0.000
0.000
0.000
0.282
0.192
0.041
0.000
0.000
0.000
0.000
0.000
0.000
0.000
0.000
0.000
0.000
0.041
0.323
0.000
0.000
0.000
0.000
0.000
0.000
0.000
0.000
0.000
0.000
0.000
0.000
0.000
0.000
0.000
0.000
0.000
0.000
0.000
0.000
0.000
0.000
0.000
0.000
0.000
0.000
0.000
0.000
0.000
0.000
0.000
0.000
0.000
0.031
0.000
0.000
0.000
0.488
0.000
0.024
0.000
0.000
0.000
0.000
0.000
0.000
0.000
0.000
0.000
0.000
0.000
0.000
0.000
0.000
0.000
0.000
0.000
0.000
0.000
0.000
0.000
0.000
0.000
0.000
0.000
0.000
0.000
0.000
0.000
0.000
0.000
0.000
0.031
0.000
0.000
0.000
0.000
0.000
0.000
0.000
0.000
0.000
0.000
0.000
0.000
0.000
0.000
0.000
0.000
0.000
0.094
0.101
0.000
5.334
1.893
1.942
37.021
12.584
19.507
0.343
4.139
4.228
11.674
20.087
12.186
0.014
0.003
8.782
17.679
41.300
79.543
92.283
15.209
10.250
6.358
0.628
0.184
3.497
5.891
2.798
0.000
2.604
1.105
1.153
1.406
0.003
9.431
2.947
0.153
2.815
0.515
35.603
3.807
6.594
11.261
15.022
2.786
4.422
1.112
0.678
0.374
0.021
1.408
6.479
1.775
9.507
11.199
12.576
12.521
6.554
16.751
16.672
6.798
1.782
0.762
4.151
1.868
2.022
0.062
0.000
0.014
0.000
10.224
8.089
18.872
16.522
3.063
9.009
9.534
4.706
14.643
3.898
2.862
43.971
9.011
11.974
7.090
20.722
0.172
0.000
3.299
1.418
7.666
14.045
0.887
4.166
0.100
0.000
0.000
0.000
0.000
2.209
4.298
0.587
0.007
0.000
0.000
0.007
0.000
0.007
0.882
0.017
5.040
1.040
11.900
4.731
9.131
15.745
19.552
19.504
2.565
0.422
0.616
0.165
0.518
0.103
0.000
0.000
0.000
0.000
0.000
0.589
0.681
0.208
0.000
0.000
0.000
0.000
0.000
0.000
0.000
0.000
0.000
0.000
0.000
0.000
0.000
0.000
0.000
0.000
0.000
0.000
0.000
0.000
0.000
0.000
0.000
0.000
0.000
0.000
0.000
0.000
0.000
0.000
0.000
0.000
0.000
0.000
0.000
0.000
0.000
0.000
0.000
0.000
0.000
0.000
0.000
0.000
0.000
0.000
0.000
0.000
0.000
0.000
0.000
0.000
0.000
0.000
0.000
0.000
0.000
0.000
0.000
0.000
0.000
0.000
0.000
0.000
0.000
0.000
0.000
0.000
0.000
0.000
0.000
0.000
0.000
0.000
0.000
0.000
0.000
0.000
0.000
0.000
0.000
0.000
0.000
0.000
0.000
0.000
0.000
0.000
0.000
0.000
0.000
0.000
0.000
0.000
0.000
0.000
0.000
0.000
0.000
0.000
0.000
0.000
0.000
0.000
0.000
0.000
0.000
0.000
0.000
0.000
0.000
0.000
0.000
0.000
0.000
0.000
0.000
0.000
0.000
0.000
0.000
0.000
0.000
0.000
0.000
0.000
13.232
15.415
4.041
0.000
0.000
1.078
0.232
0.000
0.000
0.000
0.000
0.000
0.000
0.000
0.000
0.000
0.000
0.000
0.000
0.000
0.000
0.000
0.000
0.000
0.000
0.000
0.000
0.000
0.000
0.000
0.000
0.000
0.000
0.000
0.000
0.000
0.000
0.000
0.000
14.991
1.533
0.000
0.000
0.048
0.007
0.000
0.000
0.000
0.000
0.000
0.000
0.000
0.000
0.000
0.000
0.000
0.000
0.000
0.103
0.007
0.000
0.060
0.027
0.017
0.032
0.199
0.266
0.297
0.000
0.000
0.010
0.000
0.000
0.154
0.525
0.000
0.683
1.492
0.906
0.058
0.635
0.000
0.000
0.000
0.000
0.051
2.173
0.103
6.125
18.797
55.718
1.164
0.000
0.000
0.000
0.000
0.000
0.000
0.227
0.137
0.000
0.000
0.000
0.203
4.357
8.020
0.834
11.800
36.650
6.884
21.743
11.388
28.061
20.282
5.852
1.143
1.892
6.010
0.647
2.855
13.644
34.569
68.769
23.161
16.853
1.141
15.354
19.700
18.194
12.813
7.663
7.230
27.480
1.085
1.687
12.412
19.485
11.647
13.623
6.866
40.451
6.441
22.228
2.614
28.554
5.088
12.408
1.469
1.761
10.816
4.079
6.279
4.583
11.645
0.618
0.560
1.653
3.532
10.306
5.744
1.390
3.322
50.039
44.631
30.691
7.722
5.466
5.912
13.953
43.449
14.287
28.410
17.161
1.397
0.034
0.000
0.000
15.747
1.542
0.335
3.790
4.655
16.801
0.194
0.000
1.265
5.716
1.620
3.941
5.758
9.948
2.977
10.063
14.011
13.953
19.407
32.199
28.061
44.397
4.427
0.692
12.178
3.054
11.845
13.070
6.018
0.069
0.007
0.074
0.000
0.000
0.000
0.000
0.221
0.000
0.000
0.000
0.546
0.141
0.000
0.000
0.000
0.000
0.582
6.710
9.604
0.419
0.168
0.000
0.000
0.000
0.000
0.766
0.748
0.455
0.000
0.000
0.000
0.000
2.817
0.026
0.000
0.000
0.000
0.000
0.000
1.078
0.000
0.000
0.000
0.000
0.000
0.000
0.000
0.000
0.000
0.000
0.000
0.000
0.000
0.000
0.000
0.000
0.000
0.000
0.000
0.000
0.000
0.000
0.000
0.000
0.000
0.000
0.000
0.000
0.000
0.000
0.000
0.000
0.000
0.000
0.000
0.000
0.000
0.000
0.000
0.000
0.000
0.000
0.000
0.000
0.000
0.000
0.000
0.000
0.000
0.000
0.000
0.000
0.000
0.000
0.000
0.000
0.000
0.000
0.000
0.000
0.000
0.000
0.000
0.000
0.000
0.000
0.000
0.000
0.000
0.000
0.000
0.000
0.000
0.000
0.000
0.000
0.000
0.000
0.000
0.000
0.003
0.000
0.000
0.000
0.000
0.000
0.000
0.007
3.378
0.000
0.309
13.158
6.491
16.229
2.034
0.000
0.031
0.000
0.000
0.000
0.000
0.000
0.000
0.000
0.000
0.076
0.003
0.000
0.000
0.017
0.007
0.000
0.000
0.000
0.000
0.000
0.000
0.000
0.000
0.000
0.007
17.908
3.444
0.000
0.000
0.000
0.000
0.000
0.000
0.000
0.000
0.000
0.000
0.000
0.000
0.000
0.000
0.000
0.000
0.000
0.000
0.000
0.000
0.000
0.000
0.000
0.000
0.000
0.000
0.000
0.000
0.000
0.000
0.352
0.960
0.069
0.418
0.399
1.456
0.486
0.285
0.572
0.015
0.000
0.000
0.027
0.007
0.000
0.486
0.291
2.213
0.199
2.956
0.007
0.000
1.936
6.451
11.652
1.706
0.886
0.000
2.036
0.003
0.930
0.093
1.892
0.268
0.288
2.424
0.632
1.830
0.000
0.000
0.000
0.000
0.000
0.000
0.000
0.000
0.000
0.000
0.000
0.000
0.000
1.265
0.014
0.000
0.000
0.014
0.117
0.635
0.354
3.629
1.559
4.741
28.300
4.062
12.432
0.786
41.096
0.113
1.960
0.151
0.076
0.007
0.216
7.948
14.251
7.558
2.716
2.733
21.861
5.591
46.713
17.971
98.031
45.578
2.244
0.000
4.116
0.964
15.219
17.455
30.853
17.231
30.209
41.978
32.641
5.493
5.397
42.304
47.523
12.655
9.336
22.601
127.939
15.264
5.002
2.695
20.251
13.175
21.169
14.438
25.641
22.328
10.782
17.085
8.612
0.247
1.911
3.689
2.553
12.627
15.274
25.600
26.894
5.239
57.594
3.004
21.027
24.572
5.660
0.014
0.031
16.170
2.643
2.759
10.985
13.113
5.002
1.873
16.210
16.873
4.186
8.676
0.007
0.985
10.495
23.591
21.351
15.256
3.407
3.531
0.041
0.179
2.535
10.016
33.531
11.115
9.278
13.227
17.111
17.130
4.723
0.599
15.162
25.617
10.518
29.689
29.079
32.765
20.836
54.111
21.095
0.000
3.318
11.103
19.758
7.430
0.134
0.000
0.000
0.000
0.000
0.000
0.000
0.165
9.702
4.673
1.471
0.000
0.000
0.000
0.000
0.000
0.000
0.000
0.000
0.000
0.000
0.000
0.000
0.000
0.000
0.000
0.000
0.000
0.000
0.000
0.132
0.419
0.000
4.611
2.250
0.000
0.000
0.000
0.000
0.000
0.000
0.000
0.000
0.000
0.000
0.000
0.000
0.000
0.000
0.000
0.000
0.000
0.000
0.000
0.000
0.000
0.000
0.000
0.000
0.000
0.000
0.000
0.000
0.000
0.000
0.000
0.000
0.000
0.000
0.000
0.000
0.000
0.000
0.000
0.000
0.000
0.000
0.000
0.000
0.000
0.000
0.000
0.000
0.000
0.000
0.000
0.000
0.000
0.000
0.000
0.000
0.000
0.000
0.000
0.000
0.000
0.000
0.000
0.000
0.000
0.000
0.000
0.000
0.000
0.000
0.000
0.000
0.007
20.198
20.213
2.695
0.196
0.000
0.000
0.000
0.724
0.000
0.000
0.000
0.000
0.000
0.209
0.003
0.609
7.085
0.449
0.000
0.000
0.000
0.000
0.000
0.000
0.000
0.000
0.000
0.000
0.000
0.000
0.000
0.000
0.000
0.000
0.000
0.000
0.000
0.000
0.000
0.000
0.000
0.000
0.000
0.000
0.000
0.000
0.000
0.000
0.000
0.000
0.000
0.000
0.000
0.000
0.000
0.000
0.000
0.034
0.000
0.000
0.000
0.000
0.000
0.000
0.000
0.000
0.000
0.000
0.000
0.000
0.000
0.541
0.180
2.506
2.731
0.000
0.000
0.000
0.000
0.000
0.000
0.000
0.000
0.050
0.000
0.000
0.000
0.000
0.000
0.000
0.000
0.000
0.000
0.000
0.000
0.000
0.000
0.000
0.000
0.000
0.000
0.000
0.000
0.000
0.000
0.000
0.000
0.000
0.000
0.003
0.007
0.000
0.000
0.038
0.096
0.110
0.000
0.000
0.000
0.000
0.027
0.738
0.312
2.455
0.247
0.000
0.000
0.000
0.000
0.000
0.000
0.000
0.900
0.580
0.144
0.680
1.854
5.716
2.376
2.609
2.608
18.237
19.322
19.945
12.092
23.209
136.206
111.391
42.266
0.762
4.381
20.680
24.161
18.138
8.264
7.340
27.260
11.742
26.601
6.097
8.835
5.878
9.831
7.266
20.143
21.897
26.929
29.194
5.188
20.908
36.500
7.105
1.875
18.583
17.964
19.696
32.677
23.931
29.435
116.223
8.513
18.102
10.143
17.671
2.098
23.181
5.392
20.078
0.381
2.650
4.403
4.989
5.557
5.625
1.935
13.307
11.695
26.837
14.183
29.876
5.928
3.825
18.433
6.120
12.370
11.989
15.159
16.286
5.258
7.368
10.334
8.844
21.322
11.218
0.723
3.907
1.073
25.615
20.426
13.620
8.030
6.733
0.213
0.199
0.000
4.417
5.002
2.664
0.000
5.421
13.108
12.027
1.679
2.626
1.006
10.650
28.537
17.853
7.208
2.111
0.508
0.017
6.739
21.598
7.175
16.325
0.000
0.000
0.000
0.848
0.192
1.617
2.455
2.501
0.170
15.098
1.370
4.178
1.414
0.927
0.136
0.129
0.000
0.000
0.000
0.000
0.000
0.000
0.000
0.000
0.000
0.000
0.000
0.000
0.000
0.000
2.472
1.455
0.058
0.000
0.000
0.000
0.000
0.000
0.000
0.000
0.000
0.000
0.000
0.000
0.000
0.000
0.000
0.000
0.000
0.000
0.000
0.000
0.000
0.000
0.000
0.000
0.053
0.000
0.000
0.000
0.000
0.000
0.000
0.000
0.000
0.000
0.000
0.000
0.000
0.000
0.000
0.000
0.000
0.000
0.000
0.000
0.000
0.000
0.000
0.000
0.000
0.000
0.000
0.000
0.000
0.000
0.000
0.000
0.000
0.000
0.000
0.000
0.000
0.000
0.000
0.000
0.000
0.000
0.000
0.000
0.000
0.000
0.000
0.000
0.034
0.086
0.060
0.000
0.000
0.000
0.000
0.000
0.000
0.000
0.000
0.000
0.000
0.000
0.000
0.000
0.000
0.000
0.000
0.000
0.000
0.000
0.000
0.000
0.000
0.000
0.000
0.000
0.000
0.000
0.000
0.000
0.000
0.000
0.000
0.000
0.000
0.000
0.000
0.000
0.000
0.000
0.000
0.000
0.000
0.000
0.000
0.000
0.000
0.000
0.000
0.000
0.000
0.000
0.000
0.000
0.000
0.000
0.000
0.000
0.000
0.000
0.000
0.000
0.000
0.000
0.000
0.000
0.000
0.000
0.000
0.000
0.010
0.000
0.797
0.000
0.000
1.620
0.213
0.000
0.000
0.000
0.378
0.034
0.000
0.000
0.000
0.000
0.000
0.000
0.000
0.048
0.000
0.000
0.000
0.000
0.000
0.000
0.000
0.000
0.000
0.000
0.000
0.000
0.000
0.000
0.000
0.000
0.000
0.000
0.000
0.000
0.000
0.000
0.000
0.000
0.031
0.000
0.000
0.000
0.000
0.000
0.000
0.000
0.010
8.614
0.422
1.881
1.133
0.000
5.376
2.304
0.048
3.172
0.275
1.991
0.038
0.000
40.013
2.118
1.299
0.381
0.309
1.178
0.529
0.034
0.000
0.354
2.364
0.106
0.154
0.022
0.000
0.000
0.000
0.000
0.000
0.000
0.117
0.000
0.000
0.000
0.000
0.000
0.000
0.000
0.000
0.000
0.000
0.874
0.000
0.139
27.442
18.478
12.687
9.302
21.164
6.813
12.947
31.066
20.265
12.661
4.269
7.064
15.856
0.721
0.007
1.617
0.209
0.570
2.833
10.835
6.370
37.672
24.575
1.971
7.757
2.425
0.216
1.411
4.946
67.714
16.447
2.022
0.905
4.879
4.025
10.049
11.256
0.335
0.815
3.785
0.978
7.660
12.852
23.503
10.265
4.467
15.166
62.121
9.253
10.525
15.729
10.437
5.325
2.129
11.980
0.735
7.276
19.985
2.800
7.739
1.995
4.367
9.053
10.672
8.525
6.809
0.124
0.041
7.553
26.930
30.298
13.338
10.818
16.806
2.106
0.069
1.530
0.024
0.000
6.671
3.574
0.000
0.000
0.000
0.000
0.000
0.676
5.667
2.800
4.757
4.807
5.359
4.024
8.178
6.039
0.038
11.546
19.226
32.578
33.460
24.191
37.817
19.854
0.000
0.000
0.000
0.000
0.000
0.000
0.000
0.000
0.000
0.000
0.000
0.000
0.000
0.000
0.000
0.000
0.000
0.000
0.000
0.000
0.000
0.000
0.000
0.000
0.000
0.000
0.000
0.000
0.000
0.000
0.000
0.000
0.000
0.000
0.000
0.934
0.051
0.003
4.865
50.506
0.021
0.000
0.000
0.000
0.000
0.000
0.000
0.000
0.000
0.000
0.000
0.000
0.000
0.000
0.000
0.000
0.000
0.000
0.000
0.000
0.000
0.000
0.000
0.000
0.000
0.000
0.000
0.000
0.000
0.000
7.127
2.029
0.000
0.000
0.000
0.000
0.000
0.000
0.000
0.000
0.000
0.000
0.045
0.261
0.000
0.000
0.000
0.000
0.000
0.000
0.000
0.000
0.000
0.000
0.000
0.000
0.100
0.089
0.000
0.000
0.000
0.000
0.000
0.000
0.000
0.000
0.000
0.000
0.000
0.000
0.000
0.000
0.000
0.000
0.000
0.000
0.000
0.000
0.000
0.000
0.000
0.000
0.000
0.000
0.000
0.000
0.000
0.000
0.000
0.010
13.278
0.000
0.000
0.000
0.000
0.000
0.000
0.000
0.000
0.000
0.000
0.000
0.000
0.000
0.000
0.000
0.000
0.000
0.000
0.000
0.000
0.000
0.000
0.000
0.000
0.000
0.000
0.000
0.000
0.000
0.000
0.000
0.000
0.000
0.000
0.000
0.000
0.000
0.000
0.000
0.000
0.000
0.000
0.000
0.000
0.000
0.000
0.000
0.000
0.000
0.000
0.000
0.000
0.000
0.000
0.000
0.000
0.000
0.000
0.000
0.000
0.000
0.000
0.000
0.000
0.000
0.000
0.000
0.000
0.000
0.000
0.000
0.137
0.000
0.014
0.000
0.148
0.086
0.003
0.000
0.007
0.000
0.000
0.000
0.000
0.000
0.000
0.000
0.000
0.000
0.000
0.038
0.000
0.467
0.144
0.000
0.000
0.000
0.007
0.062
0.000
0.264
0.000
0.000
0.000
0.000
0.000
0.000
0.031
0.000
0.000
0.000
0.000
0.000
0.000
0.000
0.639
0.170
0.046
0.000
0.000
1.564
3.104
2.208
0.276
0.024
1.885
3.837
3.121
6.188
11.086
2.810
0.007
3.037
2.130
25.500
13.489
1.514
12.368
0.601
0.936
0.100
0.000
0.000
7.524
27.789
25.634
22.481
6.096
1.480
1.701
9.144
2.551
0.125
7.249
1.085
12.320
19.430
23.688
2.905
3.246
4.060
0.381
0.043
4.521
34.295
20.829
17.099
9.256
4.614
10.420
0.390
3.928
0.014
0.017
1.202
1.105
2.005
30.528
10.331
7.965
16.308
3.931
10.612
14.203
11.168
5.840
12.888
17.918
20.802
7.907
5.733
6.465
7.320
6.441
5.297
4.714
8.199
7.955
0.853
1.469
20.417
4.340
5.215
3.351
7.035
18.419
11.903
21.983
8.470
37.038
19.978
16.310
8.702
1.404
2.647
5.174
3.794
5.212
0.996
4.154
0.309
1.233
0.000
0.000
0.000
0.000
1.172
4.271
14.502
24.002
8.791
14.667
4.976
0.640
0.000
0.000
0.000
0.000
0.000
1.490
25.669
6.940
0.472
16.665
13.604
13.254
4.099
0.240
0.113
0.000
0.000
0.000
0.000
0.000
0.000
0.000
0.000
1.088
0.000
0.000
0.000
0.000
0.000
0.000
0.000
0.000
0.062
0.000
0.000
0.000
0.000
0.000
0.000
0.000
0.000
0.185
0.120
0.000
0.000
0.000
0.000
0.000
0.034
0.179
0.027
0.000
0.000
0.000
0.000
0.000
0.000
0.000
1.092
5.692
11.680
6.909
0.000
0.000
0.000
0.000
0.000
0.000
0.000
0.000
0.000
0.000
0.000
0.000
0.000
0.000
0.000
0.000
0.000
0.000
0.000
0.000
0.000
0.000
0.000
0.000
0.000
0.000
0.000
0.000
0.000
0.000
0.000
0.000
0.000
0.000
0.000
0.000
0.000
0.000
0.000
0.000
0.000
0.000
0.000
0.000
0.000
0.000
0.000
0.000
0.000
0.003
0.003
0.554
0.000
0.000
0.000
0.002
0.000
0.000
0.000
0.000
0.000
0.000
0.000
0.002
0.002
0.000
0.000
0.000
0.000
1.665
0.000
0.000
0.014
3.426
0.000
0.000
0.000
0.014
0.010
0.000
0.000
0.000
0.002
0.000
0.000
0.000
0.000
0.000
0.000
0.000
0.000
0.000
0.000
0.002
0.002
0.000
0.000
0.000
0.000
0.000
0.000
0.000
0.000
0.000
0.002
0.002
0.000
0.002
0.000
0.000
0.000
0.002
0.000
0.000
0.000
3.873
0.000
0.000
0.000
0.000
0.000
0.000
0.000
0.000
0.247
0.000
0.000
0.000
0.000
0.189
0.400
0.007
0.000
0.000
0.002
0.000
0.051
0.609
0.000
0.000
0.065
0.000
0.000
0.000
0.000
0.000
0.003
0.000
0.539
0.807
0.000
0.000
0.000
0.000
0.000
0.000
0.000
0.000
0.000
0.000
0.000
0.165
0.000
0.000
0.000
0.000
0.000
0.072
0.000
0.196
0.000
0.639
0.041
0.282
0.038
0.055
0.000
0.000
0.000
0.000
0.000
0.000
0.041
0.448
0.673
0.120
2.547
19.382
27.378
10.346
77.666
75.526
15.638
0.728
0.227
5.043
4.875
34.090
11.774
35.587
33.834
21.691
8.231
16.771
6.612
12.466
39.613
3.952
1.596
4.994
19.614
5.184
7.423
4.834
13.865
1.116
3.268
14.038
37.290
6.032
33.968
38.157
30.240
35.204
7.608
1.311
1.092
2.184
1.157
0.326
44.208
19.561
11.440
6.290
11.264
12.312
52.319
23.804
28.530
31.266
11.718
27.397
22.616
31.709
25.832
6.444
20.397
8.324
38.260
102.961
10.482
32.904
13.681
2.427
3.159
0.764
16.435
10.616
2.187
9.610
1.761
3.601
0.563
5.383
4.834
1.909
3.509
9.936
8.326
6.149
11.000
14.456
18.742
7.538
9.203
9.568
17.406
0.951
16.037
4.250
23.883
16.040
29.200
6.041
11.446
24.465
37.051
39.674
19.672
14.073
2.616
0.357
0.834
0.397
0.086
0.187
0.000
1.705
3.704
1.178
0.000
3.505
2.252
5.984
0.007
0.484
0.000
0.000
0.000
0.000
0.002
0.000
0.587
0.652
0.130
9.280
0.978
0.000
0.000
0.000
0.000
0.000
0.000
0.002
0.000
0.000
0.000
0.002
0.000
0.000
0.000
0.000
0.000
0.000
0.000
0.000
0.000
0.000
0.000
0.000
0.000
0.000
0.000
0.000
0.000
0.000
0.000
0.000
0.000
0.000
0.000
0.002
0.000
0.000
0.000
0.000
0.000
0.000
0.000
0.000
0.000
0.000
0.000
0.000
0.000
0.002
0.000
0.000
0.000
0.000
0.000
0.000
0.000
0.000
0.000
0.000
0.000
0.000
0.000
0.000
0.000
0.000
0.000
0.000
0.000
0.000
0.000
16.867
9.641
0.199
0.000
0.024
0.968
2.283
2.110
1.526
0.000
0.000
0.000
0.000
0.000
0.000
0.002
0.000
0.000
0.005
0.000
0.000
0.000
0.000
0.000
0.000
0.000
0.000
0.003
0.000
0.000
0.000
0.000
0.000
0.000
0.000
0.000
0.000
0.000
0.000
0.005
0.000
0.000
0.000
0.000
0.000
1.016
0.338
0.000
0.000
0.000
0.000
0.000
0.000
0.000
0.000
0.000
0.000
0.000
0.000
0.002
0.000
0.000
0.000
0.000
0.000
0.000
0.000
0.000
0.000
0.000
0.000
0.058
0.007
0.000
0.000
0.000
0.002
0.000
0.000
0.000
0.000
0.000
0.000
0.000
0.000
0.000
0.000
0.000
0.000
0.000
0.000
0.000
0.000
0.000
0.288
0.278
1.308
2.953
0.000
0.000
0.000
0.000
0.477
0.000
0.000
0.000
0.000
0.000
0.000
0.000
0.000
0.000
0.000
0.000
0.000
0.000
0.000
0.000
0.000
0.000
0.000
0.000
0.000
0.000
0.000
0.017
0.014
0.000
0.000
0.000
0.002
0.000
0.000
0.003
0.000
0.000
0.000
0.000
0.002
0.000
0.000
0.000
0.000
0.000
0.000
0.000
0.000
0.000
0.000
0.000
0.000
0.000
0.000
0.000
0.000
0.000
0.000
0.000
1.789
0.048
0.000
0.000
0.000
0.000
0.000
0.000
0.000
0.000
0.000
0.046
6.166
8.573
2.376
18.018
13.747
24.747
1.710
31.376
0.000
0.127
0.000
0.000
0.419
0.141
4.645
29.653
89.775
109.450
19.386
10.245
9.177
18.436
1.349
8.446
5.263
13.767
34.058
8.973
0.017
0.578
4.395
5.198
4.140
1.926
6.197
37.007
32.557
5.184
8.058
1.929
1.390
9.689
0.536
0.072
4.587
11.834
4.810
12.384
8.176
2.647
1.315
6.101
0.206
13.946
5.792
2.982
0.230
1.284
0.002
0.858
2.304
0.000
0.488
5.833
0.764
1.315
0.000
0.003
0.093
1.974
0.041
0.000
0.002
0.000
0.000
2.525
0.000
1.229
1.710
7.938
0.591
0.000
0.546
16.267
0.024
1.087
15.494
14.880
6.111
43.559
18.488
5.026
0.000
0.549
0.002
0.000
0.000
0.000
0.000
0.000
0.000
0.000
0.000
0.000
0.000
0.000
0.000
0.007
0.000
0.000
0.000
0.000
0.608
0.278
0.000
0.000
0.000
0.000
0.000
0.000
0.000
0.000
0.000
0.000
0.000
0.000
0.000
0.002
0.000
0.000
0.000
0.000
0.000
0.002
0.000
0.000
0.972
38.943
0.000
6.993
0.233
0.000
0.000
0.000
0.002
0.000
0.000
0.000
0.000
0.000
0.002
0.000
0.000
0.000
0.000
0.000
0.002
0.000
0.000
0.000
0.000
0.000
0.000
0.000
0.000
0.000
0.000
0.003
0.000
0.000
0.000
0.000
0.000
0.000
0.000
0.007
0.000
0.002
0.000
0.000
0.000
0.000
0.000
0.000
0.000
0.000
0.000
0.000
0.000
0.000
0.002
0.000
0.000
0.000
0.000
0.000
0.000
0.000
0.000
0.000
0.000
0.000
0.000
0.000
0.000
0.000
0.000
0.000
0.000
0.000
0.000
0.000
0.000
0.000
0.000
0.000
0.000
0.002
0.000
0.000
0.002
0.000
0.000
0.000
0.000
0.000
0.000
0.000
0.000
0.000
0.000
0.000
0.000
0.000
0.010
0.000
0.000
0.000
0.000
0.000
0.000
0.450
0.079
5.957
0.017
0.000
0.000
0.000
0.000
0.000
0.003
0.000
0.000
0.000
0.000
0.000
0.000
0.000
0.000
0.000
0.000
0.000
0.000
0.000
0.000
0.000
0.002
0.002
0.000
0.000
0.137
0.000
0.000
0.000
0.000
0.000
0.000
0.002
0.000
0.000
0.000
0.000
0.034
0.441
0.005
0.000
0.000
0.000
0.058
0.000
0.000
0.000
0.000
0.000
0.000
0.000
0.000
0.000
0.000
0.000
0.000
0.000
0.010
0.007
0.409
0.179
0.175
0.000
0.000
0.000
0.000
0.000
0.000
0.000
0.000
0.000
0.003
0.000
0.000
0.000
0.000
0.000
0.000
0.000
0.000
0.000
0.000
0.000
0.000
0.000
0.000
0.000
0.000
0.000
0.000
0.000
0.000
0.000
0.000
0.002
0.000
0.000
0.000
0.000
0.000
0.000
0.476
0.014
0.219
0.000
0.012
0.113
0.007
0.096
0.007
0.000
0.000
0.000
0.140
1.488
0.930
29.035
3.219
0.029
0.000
0.045
0.000
0.000
0.000
0.532
2.094
9.342
5.257
14.289
6.815
7.426
5.385
8.597
1.693
0.134
0.003
0.467
0.436
8.877
0.177
0.158
2.499
2.026
0.244
3.960
6.230
6.739
0.934
0.347
1.389
4.012
12.885
7.316
2.642
0.759
2.570
7.630
35.300
45.744
0.831
1.830
2.970
2.551
2.000
2.439
0.000
1.016
0.175
1.373
4.116
2.201
2.750
0.985
4.872
9.510
1.229
1.064
5.157
5.109
18.182
2.031
11.611
24.893
34.087
2.261
0.450
0.000
0.752
0.000
0.103
10.804
4.793
1.102
0.632
0.683
2.788
0.639
0.000
0.000
0.000
0.000
0.000
2.386
0.179
0.110
4.614
0.000
0.000
0.295
0.010
0.000
0.000
25.876
6.824
0.573
0.000
0.240
12.318
11.810
7.924
3.402
16.327
6.733
7.151
4.261
6.048
9.349
11.580
4.037
2.827
10.180
0.106
0.086
2.616
1.967
0.124
44.467
7.859
1.057
1.167
3.390
0.007
0.007
0.151
0.000
0.120
0.000
0.000
4.189
0.635
0.122
0.002
0.000
0.000
0.000
0.000
0.000
0.000
0.000
0.000
0.000
0.000
0.000
0.000
0.000
0.001
0.000
0.000
0.000
0.000
0.000
0.000
0.000
0.000
0.000
0.000
0.000
0.000
0.000
0.000
0.000
0.000
0.000
0.000
0.000
0.000
0.002
0.000
0.000
0.000
0.000
0.000
0.002
0.000
0.000
0.000
0.000
0.000
0.003
0.002
0.000
0.000
0.002
0.000
0.000
0.000
0.000
0.000
0.000
0.000
0.000
0.002
0.000
0.000
0.000
0.000
0.000
0.000
0.000
0.000
0.266
1.947
0.000
0.000
0.000
0.628
0.889
0.336
0.000
0.000
0.000
0.000
0.000
0.000
0.124
0.038
0.000
0.000
0.000
0.002
0.000
0.000
0.000
0.000
0.000
0.000
0.000
0.000
0.000
0.000
0.000
0.000
0.000
0.000
0.000
0.000
0.000
0.000
0.000
0.000
0.000
1.694
4.120
0.000
0.000
0.000
0.000
0.000
0.000
0.149
0.014
0.000
0.000
0.034
19.120
5.188
2.520
0.000
0.002
0.000
0.000
0.000
0.000
0.000
0.003
0.000
0.000
0.000
0.000
0.000
0.000
0.000
0.000
0.000
0.000
0.000
0.002
0.000
0.000
0.000
0.000
0.000
0.000
0.000
0.000
0.000
0.000
0.000
0.000
0.003
0.002
0.000
0.000
0.000
0.000
0.000
0.000
0.000
0.000
0.000
0.000
0.000
0.000
0.000
0.000
0.000
0.000
0.000
0.000
0.000
0.000
0.000
0.000
0.000
0.000
0.000
0.003
0.000
0.000
0.000
0.000
0.189
0.012
0.002
0.000
0.079
0.000
0.000
0.000
0.000
0.000
0.000
0.000
0.000
0.000
0.000
0.000
0.000
0.000
0.000
0.007
3.735
21.708
56.586
0.000
0.000
0.000
0.002
0.000
0.003
0.000
0.000
0.002
0.000
0.000
0.000
0.000
0.000
0.000
0.000
0.000
0.000
0.426
0.076
0.000
1.233
1.428
5.610
4.377
0.000
0.000
0.051
0.374
0.439
0.259
0.120
0.324
0.024
3.215
109.068
47.470
65.484
16.541
0.350
0.000
0.000
0.051
0.093
0.000
0.000
1.820
4.089
3.713
33.189
3.354
35.575
16.136
7.539
0.917
0.103
4.343
22.264
14.656
0.721
1.493
4.096
4.511
0.951
