20000101
0.420
0.533
0.485
0.474
0.511
0.430
0.432
0.480
0.492
0.454
0.482
0.471
0.441
0.480
0.534
0.398
0.345
0.303
0.326
0.330
0.442
0.373
0.512
0.501
0.481
0.462
0.430
0.404
0.489
0.399
0.336
0.394
0.571
0.579
0.532
0.657
0.778
0.669
0.570
0.409
0.384
0.745
0.745
0.732
0.508
0.296
0.341
0.351
0.232
0.214
0.228
0.404
0.445
0.335
0.154
0.194
0.179
0.352
0.211
0.222
0.229
0.327
0.335
0.232
0.253
0.210
0.199
0.210
0.140
0.113
0.111
0.181
0.231
0.441
0.347
0.107
0.110
0.137
0.147
0.093
0.089
0.158
0.283
0.285
0.209
0.162
0.189
0.222
0.131
0.133
0.112
0.095
0.121
0.101
0.097
0.098
0.087
0.057
0.068
0.077
0.099
0.089
0.159
0.220
0.127
0.323
0.349
0.204
0.142
0.161
0.167
0.151
0.193
0.200
0.230
0.191
0.354
0.472
0.385
0.249
0.194
0.149
0.181
0.471
0.479
0.367
0.350
0.323
0.293
0.217
0.223
0.218
0.224
0.234
0.205
0.298
0.361
0.260
0.190
0.252
0.428
0.454
0.477
0.502
0.445
0.311
0.192
0.221
0.217
0.224
0.355
0.384
0.390
0.353
0.385
0.490
0.568
0.772
0.752
0.647
0.678
0.597
0.496
0.428
0.342
0.339
0.490
0.534
0.552
0.733
0.872
0.755
0.745
0.804
0.636
0.548
0.486
0.397
0.462
0.577
0.685
0.619
0.560
0.571
0.583
0.525
0.435
0.377
0.785
0.692
0.637
0.641
0.748
0.819
0.818
0.753
0.815
0.808
0.779
0.843
0.889
0.812
0.834
0.768
0.774
0.766
0.891
0.897
0.880
0.860
0.882
0.841
0.841
0.872
0.771
0.691
0.623
0.566
0.643
0.639
0.764
0.865
0.809
0.810
0.744
0.781
0.811
0.803
0.823
0.849
0.888
0.841
0.798
0.795
0.751
0.745
0.734
0.728
0.712
0.750
0.747
0.780
0.871
0.900
0.950
0.919
0.877
0.750
0.878
0.912
0.890
0.923
0.926
0.851
0.787
0.770
0.753
0.833
0.935
0.858
0.887
0.942
0.919
0.946
0.907
0.910
0.923
0.881
0.804
0.745
0.769
0.757
0.763
0.662
0.737
0.744
0.763
0.750
0.773
0.770
0.742
0.705
0.677
0.709
0.720
0.703
0.610
0.597
0.666
0.719
0.730
0.756
0.702
0.685
0.641
0.623
0.641
0.603
0.600
0.596
0.648
0.842
0.768
0.715
0.684
0.625
0.623
0.597
0.524
0.637
0.599
0.559
0.567
0.517
0.449
0.544
0.477
0.512
0.568
0.521
0.575
0.578
0.564
0.587
0.429
0.414
0.443
0.597
0.622
0.474
0.530
0.518
0.528
0.484
0.551
0.386
0.339
0.442
0.360
0.376
0.381
0.487
0.543
0.407
0.419
0.488
0.487
0.467
0.407
0.490
0.541
0.540
0.407
0.448
0.534
0.503
0.544
0.561
0.561
0.595
0.668
0.666
0.609
0.550
0.546
0.475
0.860
0.704
0.563
0.542
0.493
0.570
0.518
0.480
0.404
0.437
0.381
0.351
0.303
0.320
0.460
0.429
0.388
0.360
0.346
0.357
0.348
0.426
0.342
0.268
0.230
0.227
0.237
0.248
0.318
0.299
0.289
0.290
0.239
0.161
0.192
0.203
0.202
0.158
0.157
0.176
0.193
0.189
0.232
0.281
0.299
0.226
0.355
0.309
0.345
0.298
0.201
0.250
0.313
0.242
0.320
0.260
0.313
0.304
0.200
0.385
0.207
0.138
0.172
0.324
0.301
0.130
0.142
0.130
0.147
0.129
0.130
0.157
0.162
0.193
0.216
0.190
0.129
0.132
0.145
0.152
0.236
0.331
0.209
0.129
0.172
0.161
0.151
0.133
0.400
0.485
0.438
0.168
0.137
0.129
0.111
0.120
0.111
0.117
0.092
0.077
0.092
0.098
0.244
0.409
0.393
0.329
0.272
0.409
0.269
0.188
0.151
0.129
0.108
0.095
0.121
0.128
0.127
0.106
0.101
0.165
0.330
0.322
0.347
0.319
0.260
0.425
0.496
0.448
0.325
0.219
0.367
0.500
0.375
0.357
0.349
0.379
0.330
0.304
0.259
0.267
0.292
0.290
0.230
0.180
0.156
0.333
0.430
0.391
0.265
0.340
0.243
0.326
0.440
0.476
0.433
0.436
0.375
0.396
0.323
0.316
0.442
0.513
0.506
0.633
0.844
0.848
0.822
0.771
0.733
0.736
0.837
0.762
0.872
0.837
0.871
0.836
0.876
0.881
0.856
0.851
0.857
0.814
0.866
0.832
0.834
0.796
0.731
0.747
0.759
0.820
0.873
0.900
0.900
0.883
0.867
0.909
0.903
0.890
0.873
0.898
0.873
0.909
0.880
0.896
0.881
0.884
0.862
0.883
0.884
0.858
0.860
0.812
0.747
0.779
0.865
0.850
0.914
0.877
0.864
0.786
0.744
0.870
0.852
0.839
0.818
0.853
0.891
0.855
0.829
0.832
0.890
0.873
0.907
0.876
0.909
0.923
0.951
0.874
0.885
0.788
0.812
0.871
0.939
0.919
0.898
0.903
0.916
0.925
0.881
0.926
0.886
0.926
0.847
0.779
0.915
0.846
0.864
0.877
0.897
0.848
0.747
0.731
0.665
0.764
0.765
0.715
0.744
0.818
0.788
0.799
0.852
0.853
0.885
0.860
0.885
0.862
0.853
0.880
0.894
0.841
0.811
0.833
0.793
0.742
0.736
0.711
0.766
0.698
0.550
0.633
0.656
0.666
0.656
0.672
0.751
0.681
0.667
0.690
0.638
0.619
0.688
0.761
0.766
0.728
0.598
0.557
0.641
0.637
0.553
0.549
0.656
0.606
0.607
0.503
0.606
0.639
0.672
0.653
0.605
0.593
0.587
0.620
0.616
0.632
0.662
0.624
0.597
0.575
0.569
0.559
0.581
0.611
0.610
0.524
0.413
0.429
0.447
0.413
0.426
0.455
0.523
0.465
0.441
0.554
0.578
0.522
0.580
0.640
0.589
0.606
0.593
0.599
0.592
0.546
0.499
0.556
0.545
0.524
0.541
0.544
0.542
0.543
0.588
0.576
0.502
0.439
0.539
0.551
0.527
0.541
0.520
0.513
0.487
0.500
0.528
0.424
0.415
0.454
0.542
0.489
0.363
0.520
0.482
0.568
0.598
0.581
0.693
0.826
0.401
0.328
0.398
0.494
0.870
0.661
0.564
0.545
0.494
0.396
0.337
0.286
0.400
0.335
0.397
0.705
0.593
0.584
0.444
0.573
0.554
0.476
0.489
0.443
0.364
0.364
0.333
0.305
0.368
0.335
0.339
0.323
0.357
0.286
0.214
0.262
0.319
0.300
0.406
0.364
0.220
0.180
0.189
0.288
0.496
0.352
0.267
0.169
0.151
0.204
0.336
0.291
0.150
0.156
0.174
0.159
0.166
0.169
0.168
0.167
0.165
0.162
0.458
0.314
0.322
0.157
0.133
0.139
0.201
0.401
0.370
0.292
0.264
0.203
0.165
0.173
0.176
0.147
0.134
0.245
0.212
0.178
0.223
0.212
0.108
0.122
0.107
0.098
0.128
0.194
0.294
0.348
0.284
0.240
0.115
0.129
0.305
0.288
0.290
0.327
0.290
0.315
0.374
0.362
0.233
0.270
0.315
0.267
0.305
0.384
0.370
0.462
0.489
0.428
0.327
0.243
0.115
0.120
0.058
0.102
0.315
0.391
0.396
0.344
0.375
0.411
0.427
0.375
0.273
0.270
0.307
0.220
0.260
0.326
0.286
0.243
0.367
0.538
0.650
0.640
0.436
0.407
0.405
0.452
0.385
0.355
0.354
0.355
0.360
0.415
0.805
0.733
0.639
0.562
0.557
0.521
0.541
0.461
0.750
0.839
0.882
0.892
0.920
0.728
0.515
0.444
0.403
0.401
0.353
0.351
0.368
0.385
0.677
0.781
0.751
0.724
0.799
0.817
0.878
0.789
0.687
0.569
0.530
0.564
0.576
0.564
0.467
0.543
0.696
0.707
0.774
0.832
0.826
0.859
0.874
0.881
0.822
0.817
0.907
0.956
0.932
0.942
0.907
0.902
0.909
0.890
0.846
0.825
0.841
0.908
0.898
0.871
0.831
0.780
0.798
0.845
0.898
0.879
0.887
0.886
0.863
0.909
0.867
0.880
0.876
0.905
0.869
0.867
0.920
0.893
0.936
0.892
0.905
0.865
0.776
0.712
0.698
0.765
0.792
0.785
0.807
0.909
0.912
0.894
0.921
0.909
0.906
0.875
0.886
0.826
0.709
0.640
0.698
0.701
0.737
0.751
0.776
0.822
0.799
0.778
0.748
0.747
0.795
0.848
0.837
0.778
0.817
0.947
0.883
0.736
0.662
0.623
0.648
0.659
0.666
0.671
0.628
0.594
0.592
0.591
0.620
0.587
0.625
0.603
0.598
0.679
0.715
0.714
0.701
0.649
0.577
0.593
0.738
0.755
0.541
0.583
0.616
0.625
0.604
0.556
0.539
0.545
0.596
0.580
0.659
0.653
0.510
0.497
0.502
0.495
0.478
0.531
0.470
0.547
0.573
0.563
0.556
0.496
0.475
0.366
0.422
0.481
0.512
0.491
0.596
0.641
0.599
0.547
0.511
0.562
0.477
0.454
0.458
0.581
0.590
0.597
0.656
0.572
0.553
0.537
0.589
0.540
0.806
0.825
0.652
0.642
0.664
0.628
0.576
0.595
0.601
0.529
0.541
0.453
0.371
0.437
0.446
0.570
0.532
0.527
0.518
0.451
0.372
0.300
0.312
0.415
0.450
0.446
0.354
0.467
0.624
0.635
0.455
0.718
0.841
0.780
0.769
0.751
0.631
0.524
0.456
0.510
0.493
0.473
0.628
0.400
0.306
0.282
0.284
0.330
0.394
0.613
0.703
0.526
0.408
0.433
0.444
0.371
0.336
0.300
0.330
0.334
0.342
0.312
0.243
0.134
0.182
0.150
0.157
0.179
0.159
0.282
0.603
0.531
0.479
0.330
0.270
0.301
0.368
0.263
0.295
0.204
0.220
0.248
0.269
0.316
0.352
0.275
0.306
0.345
0.297
0.318
0.196
0.165
0.156
0.333
0.386
0.310
0.158
0.101
0.095
0.087
0.114
0.092
0.135
0.151
0.180
0.181
0.164
0.175
0.163
0.175
0.221
0.139
0.122
0.161
0.242
0.223
0.201
0.292
0.326
0.490
0.421
0.365
0.338
0.186
0.062
0.072
0.076
0.119
0.575
0.429
0.276
0.222
0.299
0.369
0.362
0.242
0.134
0.119
0.154
0.305
0.219
0.324
0.341
0.256
0.222
0.151
0.147
0.134
0.108
0.112
0.120
0.126
0.207
0.257
0.287
0.297
0.223
0.323
0.352
0.265
0.232
0.210
0.169
0.289
0.372
0.418
0.381
0.379
0.461
0.676
0.626
0.682
0.800
0.838
0.857
0.725
0.761
0.798
0.819
0.744
0.734
0.773
0.808
0.809
0.785
0.677
0.661
0.611
0.685
0.804
0.742
0.781
0.705
0.795
0.851
0.788
0.789
0.704
0.681
0.610
0.673
0.756
0.835
0.838
0.795
0.890
0.922
0.904
0.859
0.821
0.866
0.953
0.895
0.918
0.884
0.851
0.785
0.810
0.787
0.785
0.822
0.829
0.895
0.919
0.898
0.878
0.909
0.881
0.869
0.868
0.917
0.883
0.836
0.858
0.925
0.872
0.888
0.896
0.908
0.936
0.919
0.896
0.895
0.932
0.956
0.918
0.924
0.914
0.881
0.943
0.927
0.932
0.905
0.853
0.873
0.930
0.905
0.880
0.897
0.896
0.897
0.893
0.907
0.880
0.868
0.873
0.889
0.906
0.913
0.909
0.902
0.914
0.901
0.871
0.820
0.784
0.811
0.876
0.906
0.935
0.957
0.965
0.889
0.747
0.695
0.709
0.648
0.730
0.771
0.838
0.840
0.890
0.872
0.718
0.699
0.943
0.971
0.970
0.936
0.911
0.928
0.906
0.855
0.840
0.818
0.788
0.757
0.709
0.724
0.679
0.646
0.704
0.690
0.656
0.651
0.696
0.650
0.724
0.737
0.701
0.661
0.646
0.677
0.683
0.645
0.657
0.664
0.670
0.678
0.632
0.671
0.629
0.641
0.685
0.684
0.669
0.666
0.609
0.604
0.615
0.638
0.670
0.739
0.726
0.686
0.662
0.655
0.646
0.627
0.770
0.876
0.801
0.710
0.618
0.625
0.587
0.601
0.606
0.597
0.566
0.534
0.760
0.779
0.729
0.707
0.590
0.659
0.637
0.653
0.610
0.621
0.596
0.617
0.570
0.640
0.673
0.646
0.639
0.592
0.650
0.675
0.693
0.617
0.622
0.575
0.527
0.574
0.748
0.745
0.684
0.593
0.570
0.558
0.548
0.527
0.584
0.740
0.594
0.524
0.450
0.434
0.379
0.472
0.474
0.547
0.506
0.513
0.459
0.439
0.537
0.387
0.421
0.481
0.447
0.419
0.437
0.418
0.299
0.302
0.328
0.359
0.410
0.383
0.295
0.231
0.197
0.165
0.165
0.151
0.162
0.150
0.192
0.264
0.288
0.369
0.360
0.277
0.280
0.251
0.216
0.203
0.232
0.252
0.211
0.155
0.171
0.205
0.149
0.139
0.141
0.135
0.152
0.158
0.130
0.142
0.256
0.179
0.130
0.158
0.212
0.239
0.194
0.172
0.231
0.260
0.214
0.199
0.145
0.100
0.113
0.106
0.110
0.127
0.139
0.206
0.403
0.305
0.295
0.339
0.260
0.371
0.386
0.316
0.325
0.330
0.278
0.289
0.266
0.127
0.133
0.120
0.171
0.134
0.172
0.237
0.194
0.171
0.175
0.210
0.276
0.232
0.244
0.302
0.300
0.263
0.204
0.232
0.288
0.254
0.387
0.272
0.245
0.283
0.345
0.246
0.178
0.236
0.298
0.376
0.309
0.263
0.329
0.327
0.380
0.371
0.338
0.345
0.431
0.520
0.805
0.887
0.866
0.789
0.748
0.803
0.785
0.862
0.838
0.640
0.500
0.439
0.482
0.464
0.490
0.483
0.421
0.407
0.455
0.578
0.625
0.801
0.760
0.748
0.801
0.835
0.711
0.690
0.599
0.537
0.671
0.685
0.810
0.900
0.847
0.781
0.734
0.705
0.649
0.700
0.738
0.856
0.823
0.753
0.835
0.838
0.837
0.886
0.837
0.849
0.834
0.825
0.840
0.901
0.891
0.921
0.948
0.900
0.916
0.914
0.935
0.947
0.922
0.886
0.895
0.903
0.869
0.856
0.926
0.937
0.925
0.902
0.917
0.881
0.840
0.873
0.892
0.881
0.782
0.791
0.734
0.738
0.749
0.698
0.665
0.808
0.768
0.699
0.653
0.864
0.919
0.917
0.921
0.815
0.931
0.944
0.948
0.962
0.922
0.908
0.876
0.862
0.859
0.813
0.793
0.859
0.803
0.817
0.757
0.752
0.827
0.863
0.839
0.877
0.910
0.938
0.961
0.837
0.757
0.720
0.700
0.710
0.834
0.889
0.881
0.744
0.686
0.692
0.748
0.722
0.698
0.655
0.697
0.678
0.653
0.684
0.656
0.685
0.632
0.671
0.636
0.583
0.498
0.428
0.522
0.604
0.642
0.631
0.603
0.617
0.644
0.549
0.564
0.473
0.424
0.411
0.477
0.522
0.555
0.599
0.578
0.608
0.566
0.660
0.681
0.689
0.662
0.617
0.582
0.584
0.616
0.545
0.533
0.635
0.581
0.535
0.525
0.590
0.668
0.666
0.677
0.674
0.696
0.673
0.666
0.596
0.500
0.614
0.644
0.643
0.611
0.503
0.587
0.539
0.640
0.577
0.400
0.347
0.454
0.386
0.402
0.526
0.514
0.527
0.599
0.600
0.500
0.483
0.411
0.447
0.400
0.393
0.505
0.610
0.621
0.502
0.454
0.544
0.506
0.701
0.676
0.497
0.440
0.400
0.587
0.600
0.599
0.535
0.530
0.694
0.739
0.749
0.866
0.933
0.654
0.491
0.497
0.446
0.451
0.449
0.538
0.602
0.436
0.360
0.393
0.379
0.310
0.335
0.394
0.463
0.451
0.448
0.345
0.339
0.550
0.506
0.364
0.261
0.244
0.258
0.260
0.248
0.271
0.291
0.278
0.250
0.269
0.291
0.299
0.383
0.445
0.442
0.495
0.368
0.306
0.290
0.324
0.447
0.342
0.339
0.275
0.229
0.204
0.245
0.420
0.415
0.185
0.187
0.234
0.377
0.318
0.307
0.139
0.098
0.205
0.116
0.141
0.188
0.166
0.212
0.299
0.245
0.154
0.063
0.073
0.098
0.124
0.134
0.104
0.114
0.115
0.282
0.188
0.161
0.141
0.150
0.180
0.173
0.173
0.152
0.146
0.222
0.303
0.247
0.236
0.242
0.221
0.227
0.213
0.362
0.280
0.144
0.117
0.092
0.094
0.118
0.117
0.117
0.112
0.202
0.301
0.400
0.269
0.277
0.300
0.331
0.231
0.135
0.163
0.212
0.145
0.183
0.145
0.127
0.092
0.107
0.110
0.211
0.340
0.217
0.331
0.301
0.190
0.119
0.135
0.130
0.137
0.153
0.163
0.196
0.150
0.194
0.241
0.309
0.362
0.413
0.457
0.458
0.488
0.538
0.741
0.923
0.850
0.772
0.702
0.756
0.793
0.836
0.788
0.754
0.675
0.613
0.714
0.787
0.825
0.949
0.948
0.866
0.815
0.827
0.743
0.643
0.714
0.699
0.710
0.608
0.735
0.749
0.795
0.863
0.786
0.842
0.873
0.874
0.810
0.741
0.891
0.938
0.882
0.859
0.892
0.819
0.745
0.682
0.718
0.692
0.623
0.651
0.858
0.903
0.824
0.815
0.830
0.872
0.897
0.899
0.905
0.902
0.806
0.784
0.752
0.724
0.725
0.677
0.677
0.673
0.716
0.804
0.840
0.830
0.871
0.825
0.872
0.866
0.846
0.889
0.904
0.919
0.928
0.901
0.869
0.862
0.946
0.861
0.826
0.864
0.887
0.852
0.863
0.822
0.830
0.819
0.798
0.764
0.759
0.733
0.811
0.928
0.917
0.809
0.783
0.755
0.744
0.722
0.711
0.762
0.717
0.753
0.908
0.932
0.870
0.906
0.907
0.954
0.961
0.944
0.917
0.915
0.860
0.839
0.835
0.820
0.789
0.777
0.726
0.702
0.814
0.856
0.813
0.694
0.631
0.585
0.604
0.690
0.695
0.692
0.676
0.600
0.481
0.501
0.530
0.492
0.409
0.452
0.513
0.573
0.630
0.589
0.496
0.500
0.590
0.587
0.583
0.593
0.621
0.470
0.474
0.531
0.421
0.384
0.357
0.491
0.494
0.540
0.626
0.542
0.490
0.449
0.360
0.381
0.434
0.561
0.571
0.557
0.596
0.545
0.520
0.579
0.614
0.608
0.436
0.503
0.513
0.525
0.528
0.560
0.568
0.508
0.498
0.515
0.515
0.432
0.321
0.341
0.303
0.282
0.391
0.316
0.326
0.314
0.406
0.375
0.380
0.406
0.336
0.426
0.394
0.369
0.352
0.366
0.282
0.316
0.341
0.390
0.422
0.338
0.336
0.422
0.509
0.512
0.318
0.294
0.327
0.412
0.442
0.511
0.450
0.472
0.450
0.363
0.368
0.326
0.352
0.256
0.246
0.290
0.336
0.452
0.324
0.240
0.213
0.197
0.185
0.159
0.189
0.247
0.200
0.208
0.311
0.230
0.264
0.185
0.203
0.242
0.466
0.648
0.734
0.664
0.463
0.347
0.447
0.485
0.337
0.217
0.158
0.179
0.207
0.184
0.160
0.172
0.186
0.169
0.157
0.151
0.141
0.155
0.154
0.147
0.166
0.151
0.171
0.159
0.126
0.232
0.202
0.254
0.254
0.219
0.152
0.104
0.135
0.189
0.192
0.364
0.497
0.524
0.367
0.266
0.275
0.246
0.202
0.196
0.174
0.173
0.308
0.251
0.185
0.212
0.202
0.187
0.182
0.197
0.153
0.218
0.426
0.374
0.360
0.326
0.318
0.369
0.361
0.444
0.395
0.382
0.298
0.274
0.275
0.285
0.294
0.362
0.341
0.373
0.417
0.530
0.495
0.396
0.308
0.292
0.303
0.288
0.322
0.450
0.519
0.631
0.846
0.933
0.834
0.538
0.435
0.337
0.279
0.284
0.255
0.254
0.266
0.359
0.297
0.302
0.471
0.659
0.640
0.699
0.735
0.769
0.722
0.782
0.790
0.803
0.768
0.770
0.811
0.856
0.795
0.757
0.696
0.823
0.933
0.949
0.902
0.926
0.852
0.890
0.897
0.916
0.906
0.870
0.850
0.911
0.903
0.857
0.867
0.886
0.856
0.872
0.858
0.870
0.905
0.943
0.865
0.884
0.908
0.882
0.913
0.873
0.856
0.820
0.799
0.805
0.837
0.820
0.813
0.853
0.839
0.888
0.881
0.922
0.919
0.902
0.909
0.913
0.910
0.948
0.926
0.929
0.935
0.919
0.934
0.920
0.914
0.822
0.735
0.764
0.849
0.850
0.913
0.871
0.832
0.862
0.786
0.772
0.773
0.791
0.784
0.855
0.879
0.862
0.832
0.868
0.879
0.911
0.957
0.966
0.956
0.967
0.958
0.937
0.920
0.901
0.911
0.900
0.890
0.860
0.835
0.818
0.789
0.695
0.770
0.739
0.704
0.721
0.710
0.690
0.785
0.800
0.765
0.733
0.718
0.628
0.693
0.838
0.847
0.847
0.789
0.713
0.667
0.655
0.683
0.728
0.743
0.744
0.652
0.711
0.705
0.740
0.791
0.818
0.629
0.591
0.600
0.801
0.695
0.817
0.784
0.736
0.673
0.681
0.630
0.574
0.592
0.526
0.461
0.529
0.571
0.541
0.519
0.598
0.623
0.520
0.552
0.539
0.474
0.320
0.335
0.385
0.352
0.509
0.529
0.598
0.588
0.649
0.640
0.516
0.595
0.533
0.449
0.439
0.473
0.611
0.639
0.602
0.649
0.623
0.641
0.525
0.479
0.471
0.391
0.414
0.517
0.567
0.566
0.567
0.439
0.514
0.458
0.367
0.338
0.324
0.428
0.493
0.399
0.371
0.448
0.587
0.479
0.285
0.262
0.335
0.381
0.396
0.294
0.332
0.457
0.469
0.420
0.448
0.316
0.290
0.444
0.441
0.457
0.372
0.403
0.432
0.359
0.318
0.363
0.323
0.428
0.553
0.740
0.632
0.585
0.720
0.817
0.888
0.735
0.593
0.554
0.518
0.514
0.461
0.410
0.336
0.335
0.357
0.402
0.399
0.467
0.420
0.356
0.344
0.503
0.427
0.320
0.245
0.215
0.210
0.226
0.265
0.318
0.460
0.401
0.682
0.660
0.473
0.240
0.308
0.337
0.302
0.284
0.299
0.288
0.262
0.226
0.167
0.151
0.145
0.174
0.191
0.175
0.169
0.157
0.151
0.129
0.106
0.106
0.119
0.141
0.154
0.183
0.201
0.187
0.322
0.437
0.452
0.443
0.393
0.375
0.374
0.382
0.303
0.313
0.234
0.188
0.123
0.166
0.307
0.405
0.419
0.406
0.424
0.430
0.431
0.429
0.352
0.369
0.419
0.562
0.597
0.581
0.527
0.357
0.410
0.389
0.394
0.423
0.428
0.417
0.420
0.493
0.446
0.377
0.257
0.229
0.167
0.164
0.199
0.294
0.230
0.204
0.186
0.185
0.203
0.171
0.113
0.507
0.413
0.330
0.394
0.294
0.374
0.412
0.462
0.369
0.461
0.595
0.673
0.676
0.641
0.535
0.694
0.638
0.699
0.660
0.614
0.622
0.698
0.644
0.771
0.670
0.826
0.811
0.777
0.723
0.847
0.824
0.936
0.953
0.902
0.782
0.691
0.686
0.771
0.740
0.843
0.869
0.849
0.918
0.861
0.825
0.849
0.890
0.921
0.866
0.862
0.891
0.939
0.872
0.849
0.847
0.900
0.854
0.871
0.894
0.883
0.895
0.844
0.856
0.863
0.857
0.858
0.846
0.791
0.817
0.885
0.908
0.936
0.905
0.955
0.863
0.945
0.949
0.931
0.828
0.798
0.869
0.840
0.857
0.834
0.922
0.911
0.863
0.862
0.882
0.852
0.873
0.840
0.836
0.899
0.923
0.930
0.906
0.856
0.887
0.786
0.798
0.792
0.841
0.926
0.889
0.863
0.912
0.912
0.882
0.897
0.873
0.952
0.954
0.926
0.919
0.952
0.945
0.924
0.928
0.940
0.885
0.892
0.901
0.901
0.899
0.787
0.615
0.600
0.635
0.636
0.719
0.724
0.774
0.873
0.870
0.833
0.735
0.717
0.701
0.695
0.666
0.642
0.675
0.716
0.743
0.773
0.776
0.771
0.722
0.792
0.767
0.752
0.670
0.691
0.697
0.724
0.759
0.738
0.806
0.776
0.688
0.709
0.680
0.651
0.649
0.817
0.754
0.719
0.642
0.556
0.605
0.679
0.717
0.660
0.632
0.573
0.656
0.689
0.657
0.687
0.620
0.559
0.622
0.625
0.613
0.703
0.658
0.613
0.565
0.536
0.492
0.541
0.595
0.643
0.610
0.453
0.379
0.459
0.490
0.387
0.339
0.327
0.387
0.444
0.488
0.498
0.489
0.363
0.386
0.342
0.349
0.365
0.450
0.461
0.478
0.541
0.497
0.381
0.473
0.427
0.423
0.495
0.440
0.349
0.293
0.327
0.326
0.455
0.511
0.422
0.611
0.506
0.403
0.718
0.884
0.916
0.903
0.658
0.413
0.400
0.705
0.656
0.471
0.365
0.368
0.469
0.657
0.616
0.704
0.877
0.797
0.484
0.372
0.409
0.270
0.273
0.272
0.261
0.293
0.343
0.446
0.416
0.507
0.464
0.375
0.318
0.332
0.268
0.192
0.268
0.287
0.265
0.365
0.380
0.279
0.273
0.329
0.383
0.368
0.273
0.281
0.167
0.192
0.225
0.280
0.289
0.243
0.181
0.167
0.196
0.297
0.339
0.194
0.163
0.393
0.373
0.260
0.170
0.139
0.178
0.206
0.129
0.252
0.284
0.268
0.369
0.398
0.496
0.448
0.248
0.171
0.151
0.176
0.199
0.216
0.246
0.272
0.325
0.284
0.217
0.094
0.087
0.092
0.100
0.116
0.111
0.106
0.115
0.125
0.145
0.142
0.126
0.204
0.142
0.110
0.239
0.288
0.302
0.246
0.206
0.192
0.169
0.207
0.219
0.248
0.263
0.297
0.316
0.310
0.236
0.184
0.283
0.331
0.350
0.355
0.364
0.389
0.451
0.347
0.227
0.193
0.191
0.184
0.218
0.211
0.377
0.448
0.405
0.393
0.488
0.600
0.633
0.675
0.700
0.721
0.720
0.711
0.706
0.786
0.926
0.935
0.863
0.707
0.768
0.814
0.849
0.831
0.777
0.745
0.806
0.829
0.897
0.921
0.824
0.811
0.845
0.859
0.815
0.871
0.892
0.885
0.901
0.884
0.888
0.815
0.820
0.835
0.871
0.885
0.863
0.877
0.892
0.948
0.873
0.857
0.894
0.923
0.851
0.885
0.887
0.898
0.900
0.884
0.891
0.847
0.831
0.817
0.793
0.851
0.878
0.898
0.891
0.916
0.944
0.923
0.875
0.874
0.864
0.904
0.909
0.890
0.876
0.896
0.932
0.935
0.917
0.912
0.866
0.859
0.820
0.890
0.903
0.870
0.839
0.829
0.776
0.787
0.755
0.808
0.837
0.816
0.799
0.820
0.879
0.828
0.792
0.786
0.779
0.823
0.889
0.901
0.932
0.900
0.839
0.785
0.809
0.863
0.890
0.917
0.831
0.753
0.750
0.761
0.865
0.811
0.814
0.772
0.787
0.858
0.815
0.809
0.765
0.808
0.744
0.735
0.698
0.689
0.686
0.706
0.635
0.617
0.687
0.690
0.657
0.679
0.670
0.634
0.623
0.664
0.815
0.835
0.773
0.582
0.641
0.664
0.647
0.605
0.591
0.611
0.624
0.605
0.695
0.658
0.646
0.697
0.679
0.661
0.597
0.614
0.590
0.615
0.599
0.571
0.579
0.602
0.589
0.691
0.544
0.466
0.482
0.543
0.644
0.679
0.634
0.630
0.589
0.640
0.660
0.658
0.629
0.641
0.669
0.683
0.673
0.638
0.683
0.651
0.556
0.585
0.640
0.599
0.520
0.597
0.596
0.547
0.538
0.559
0.609
0.589
0.540
0.556
0.573
0.563
0.565
0.558
0.547
0.545
0.512
0.601
0.531
0.526
0.482
0.463
0.684
0.720
0.677
0.673
0.643
0.642
0.589
0.519
0.570
0.556
0.474
0.486
0.493
0.449
0.402
0.399
0.412
0.408
0.453
0.414
0.389
0.499
0.455
0.412
0.397
0.378
0.426
0.440
0.414
0.413
0.329
0.352
0.416
0.395
0.396
0.313
0.373
0.403
0.419
0.348
0.326
0.345
0.303
0.231
0.303
0.252
0.181
0.222
0.252
0.240
0.232
0.198
0.184
0.160
0.194
0.322
0.321
0.253
0.248
0.131
0.169
0.196
0.266
0.242
0.152
0.136
0.130
0.156
0.203
0.221
0.181
0.189
0.185
0.282
0.280
0.277
0.212
0.245
0.342
0.251
0.206
0.285
0.356
0.284
0.191
0.183
0.265
0.193
0.158
0.171
0.172
0.243
0.272
0.208
0.165
0.132
0.141
0.165
0.144
0.226
0.258
0.117
0.069
0.091
0.102
0.108
0.077
0.046
0.071
0.086
0.066
0.096
0.114
0.191
0.175
0.254
0.343
0.285
0.265
0.181
0.116
0.115
0.133
0.133
0.334
0.588
0.518
0.444
0.376
0.421
0.536
0.537
0.534
0.535
0.456
0.433
0.412
0.431
0.845
0.594
0.470
0.438
0.388
0.481
0.475
0.397
0.375
0.337
0.341
0.422
0.414
0.316
0.179
0.120
0.135
0.170
0.234
0.264
0.273
0.248
0.218
0.161
0.170
0.174
0.156
0.144
0.133
0.229
0.338
0.444
0.401
0.484
0.641
0.720
0.738
0.756
0.729
0.713
0.728
0.784
0.762
0.826
0.741
0.787
0.852
0.855
0.755
0.722
0.707
0.801
0.798
0.797
0.760
0.821
0.764
0.862
0.807
0.742
0.696
0.660
0.672
0.851
0.838
0.786
0.731
0.701
0.689
0.698
0.857
0.619
0.576
0.588
0.698
0.757
0.756
0.831
0.837
0.778
0.820
0.862
0.876
0.862
0.841
0.830
0.831
0.795
0.870
0.791
0.805
0.890
0.860
0.881
0.882
0.875
0.866
0.844
0.848
0.869
0.791
0.757
0.816
0.921
0.953
0.942
0.905
0.893
0.839
0.800
0.787
0.749
0.741
0.862
0.827
0.736
0.723
0.699
0.686
0.725
0.733
0.789
0.856
0.867
0.877
0.830
0.860
0.872
0.859
0.820
0.927
0.890
0.919
0.915
0.912
0.886
0.811
0.713
0.724
0.662
0.656
0.731
0.722
0.715
0.736
0.735
0.677
0.575
0.532
0.585
0.631
0.685
0.607
0.637
0.621
0.634
0.588
0.607
0.639
0.595
0.619
0.654
0.713
0.664
0.641
0.628
0.589
0.577
0.522
0.619
0.545
0.539
0.743
0.779
0.764
0.808
0.940
0.815
0.712
0.466
0.525
0.540
0.605
0.627
0.594
0.523
0.546
0.552
0.598
0.629
0.666
0.668
0.617
0.613
0.584
0.595
0.547
0.587
0.611
0.579
0.573
0.621
0.606
0.590
0.559
0.558
0.634
0.735
0.692
0.583
0.514
0.491
0.467
0.460
0.525
0.532
0.535
0.491
0.523
0.557
0.727
0.545
0.642
0.616
0.579
0.714
0.662
0.594
0.595
0.601
0.583
0.565
0.411
0.594
0.664
0.667
0.638
0.542
0.529
0.559
0.545
0.542
0.483
0.494
0.489
0.445
0.450
0.487
0.516
0.524
0.397
0.421
0.484
0.471
0.382
0.313
0.375
0.392
0.482
0.509
0.394
0.514
0.490
0.506
0.522
0.517
0.425
0.678
0.498
0.294
0.298
0.319
0.329
0.340
0.306
0.326
0.394
0.386
0.321
0.278
0.289
0.266
0.199
0.249
0.244
0.292
0.284
0.317
0.245
0.257
0.231
0.199
0.184
0.190
0.174
0.217
0.290
0.290
0.266
0.252
0.198
0.173
0.149
0.130
0.135
0.143
0.147
0.146
0.138
0.123
0.149
0.163
0.151
0.112
0.150
0.141
0.132
0.111
0.071
0.087
0.088
0.089
0.086
0.167
0.158
0.171
0.164
0.183
0.191
0.165
0.125
0.108
0.124
0.132
0.120
0.094
0.103
0.238
0.339
0.286
0.386
0.353
0.277
0.297
0.260
0.250
0.357
0.430
0.334
0.230
0.190
0.143
0.148
0.121
0.169
0.139
0.175
0.234
0.315
0.324
0.401
0.427
0.433
0.371
0.401
0.391
0.395
0.438
0.431
0.371
0.346
0.229
0.204
0.152
0.196
0.282
0.273
0.206
0.174
0.189
0.272
0.255
0.385
0.403
0.439
0.401
0.314
0.272
0.428
0.544
0.546
0.555
0.502
0.478
0.593
0.585
0.642
0.729
0.741
0.603
0.514
0.573
0.767
0.763
0.736
0.747
0.668
0.670
0.676
0.598
0.518
0.584
0.828
0.819
0.841
0.858
0.769
0.761
0.747
0.714
0.656
0.716
0.677
0.730
0.786
0.835
0.842
0.883
0.840
0.764
0.711
0.805
0.863
0.855
0.803
0.806
0.793
0.814
0.774
0.782
0.669
0.655
0.630
0.608
0.740
0.862
0.835
0.842
0.872
0.779
0.827
0.878
0.869
0.832
0.837
0.906
0.925
0.834
0.827
0.844
0.819
0.869
0.812
0.821
0.869
0.889
0.796
0.780
0.855
0.838
0.833
0.830
0.768
0.818
0.852
0.894
0.860
0.911
0.912
0.913
0.887
0.890
0.890
0.857
0.849
0.850
0.830
0.819
0.768
0.762
0.779
0.702
0.714
0.697
0.762
0.783
0.847
0.875
0.844
0.886
0.897
0.888
0.804
0.686
0.594
0.741
0.757
0.849
0.882
0.924
0.831
0.875
0.823
0.889
0.911
0.863
0.822
0.750
0.695
0.702
0.687
0.679
0.663
0.723
0.749
0.816
0.838
0.765
0.699
0.703
0.733
0.722
0.714
0.724
0.759
0.745
0.758
0.697
0.702
0.696
0.612
0.610
0.674
0.719
0.704
0.541
0.504
0.549
0.554
0.606
0.678
0.744
0.712
0.659
0.559
0.485
0.508
0.532
0.563
0.629
0.639
0.938
0.918
0.932
0.779
0.653
0.588
0.579
0.538
0.540
0.585
0.529
0.623
0.480
0.490
0.465
0.521
0.514
0.545
0.603
0.658
0.621
0.568
0.551
0.598
0.485
0.698
0.697
0.759
0.799
0.780
0.740
0.770
0.797
0.751
0.606
0.610
0.624
0.668
0.629
0.625
0.649
0.519
0.558
0.584
0.589
0.654
0.648
0.628
0.633
0.660
0.675
0.772
0.611
0.605
0.627
0.663
0.547
0.605
0.640
0.635
0.633
0.605
0.571
0.492
0.499
0.421
0.494
0.422
0.526
0.549
0.478
0.447
0.700
0.603
0.564
0.528
0.760
0.542
0.510
0.468
0.371
0.430
0.377
0.391
0.302
0.321
0.387
0.413
0.455
0.356
0.261
0.246
0.290
0.287
0.338
0.325
0.311
0.294
0.348
0.293
0.206
0.243
0.248
0.188
0.160
0.158
0.148
0.220
0.302
0.208
0.214
0.356
0.400
0.490
0.439
0.187
0.160
0.362
0.642
0.447
0.181
0.110
0.149
0.217
0.262
0.238
0.225
0.351
0.461
0.314
0.305
0.263
0.270
0.321
0.273
0.207
0.273
0.233
0.179
0.295
0.397
0.422
0.375
0.363
0.358
0.304
0.225
0.204
0.389
0.413
0.339
0.372
0.331
0.211
0.153
0.218
0.231
0.304
0.323
0.335
0.254
0.291
0.345
0.416
0.447
0.423
0.344
0.328
0.221
0.308
0.474
0.447
0.408
0.375
0.410
0.390
0.307
0.283
0.306
0.269
0.181
0.298
0.318
0.357
0.351
0.335
0.330
0.435
0.506
0.570
0.751
0.849
0.853
0.962
0.958
0.929
0.801
0.758
0.808
0.793
0.888
0.898
0.910
0.940
0.906
0.902
0.878
0.808
0.852
0.940
0.870
0.860
0.877
0.861
0.837
0.855
0.832
0.875
0.850
0.839
0.901
0.916
0.878
0.907
0.918
0.944
0.949
0.935
0.871
0.847
0.815
0.781
0.741
0.915
0.930
0.912
0.844
0.824
0.905
0.931
0.932
0.902
0.936
0.950
0.953
0.907
0.919
0.948
0.912
0.944
0.880
0.912
0.942
0.887
0.944
0.938
0.871
0.886
0.891
0.951
0.911
0.896
0.925
0.877
0.889
0.845
0.866
0.846
0.867
0.905
0.905
0.899
0.902
0.936
0.933
0.955
0.943
0.943
0.905
0.925
0.877
0.923
0.939
0.939
0.949
0.971
0.956
0.961
0.944
0.967
0.958
0.935
0.954
0.943
0.907
0.886
0.879
0.863
0.833
0.789
0.847
0.866
0.878
0.869
0.850
0.868
0.882
0.868
0.851
0.792
0.821
0.789
0.777
0.748
0.784
0.845
0.904
0.859
0.865
0.828
0.829
0.782
0.717
0.713
0.710
0.702
0.716
0.673
0.697
0.738
0.680
0.668
0.722
0.763
0.689
0.711
0.724
0.685
0.670
0.673
0.721
0.742
0.766
0.699
0.708
0.653
0.681
0.759
0.729
0.735
0.705
0.692
0.675
0.674
0.681
0.654
0.684
0.704
0.684
0.655
0.688
0.703
0.698
0.659
0.673
0.708
0.689
0.700
0.673
0.662
0.571
0.701
0.672
0.635
0.639
0.647
0.625
0.635
0.617
0.591
0.574
0.562
0.488
0.592
0.582
0.571
0.618
0.638
0.593
0.549
0.891
0.898
0.847
0.810
0.763
0.807
0.821
0.835
0.863
0.669
0.626
0.671
0.616
0.597
0.631
0.574
0.605
0.634
0.591
0.784
0.636
0.529
0.561
0.549
0.540
0.511
0.595
0.583
0.571
0.511
0.505
0.510
0.439
0.516
0.515
0.481
0.503
0.551
0.432
0.551
0.388
0.464
0.476
0.346
0.415
0.601
0.672
0.663
0.455
0.325
0.361
0.467
0.472
0.440
0.395
0.359
0.339
0.235
0.214
0.263
0.275
0.263
0.262
0.294
0.378
0.266
0.215
0.292
0.230
0.243
0.204
0.277
0.328
0.473
0.309
0.233
0.201
0.229
0.321
0.339
0.243
0.161
0.117
0.144
0.162
0.171
0.172
0.154
0.183
0.176
0.213
0.312
0.214
0.182
0.264
0.266
0.360
0.385
0.415
0.440
0.469
0.533
0.428
0.244
0.217
0.265
0.271
0.186
0.189
0.226
0.168
0.183
0.256
0.203
0.193
0.163
0.171
0.228
0.224
0.207
0.163
0.136
0.160
0.302
0.215
0.316
0.271
0.196
0.202
0.258
0.351
0.229
0.294
0.261
0.186
0.155
0.140
0.149
0.302
0.298
0.213
0.189
0.172
0.147
0.118
0.095
0.122
0.200
0.227
0.203
0.134
0.224
0.306
0.265
0.224
0.173
0.186
0.239
0.312
0.287
0.208
0.183
0.219
0.231
0.224
0.197
0.215
0.273
0.361
0.520
0.677
0.709
0.775
0.888
0.914
0.918
0.721
0.657
0.491
0.392
0.402
0.381
0.497
0.628
0.705
0.808
0.890
0.881
0.873
0.853
0.889
0.849
0.810
0.850
0.834
0.825
0.915
0.919
0.810
0.777
0.837
0.885
0.906
0.864
0.885
0.950
0.903
0.924
0.933
0.929
0.900
0.920
0.941
0.904
0.862
0.882
0.931
0.957
0.934
0.888
0.871
0.933
0.901
0.903
0.873
0.906
0.827
0.832
0.800
0.856
0.864
0.843
0.850
0.884
0.870
0.900
0.821
0.777
0.838
0.891
0.856
0.795
0.792
0.767
0.750
0.861
0.802
0.914
0.913
0.917
0.885
0.809
0.855
0.933
0.874
0.854
0.909
0.936
0.899
0.890
0.918
0.932
0.845
0.808
0.815
0.806
0.740
0.710
0.721
0.743
0.750
0.726
0.695
0.668
0.761
0.772
0.812
0.816
0.732
0.640
0.683
0.741
0.804
0.809
0.741
0.743
0.694
0.654
0.619
0.651
0.688
0.674
0.646
0.641
0.633
0.564
0.642
0.641
0.633
0.621
0.547
0.630
0.608
0.604
0.613
0.597
0.650
0.958
0.881
0.953
0.777
0.723
0.637
0.565
0.636
0.656
0.629
0.627
0.631
0.616
0.598
0.600
0.616
0.625
0.524
0.570
0.591
0.610
0.596
0.538
0.580
0.566
0.566
0.567
0.545
0.605
0.623
0.582
0.472
0.442
0.386
0.390
0.447
0.515
0.485
0.547
0.603
0.550
0.497
0.595
0.597
0.568
0.535
0.442
0.536
0.569
0.566
0.547
0.624
0.576
0.540
0.543
0.493
0.489
0.467
0.510
0.457
0.516
0.569
0.572
0.535
0.339
0.371
0.454
0.454
0.486
0.555
0.555
0.509
0.506
0.460
0.438
0.499
0.404
0.449
0.423
0.470
0.349
0.293
0.434
0.428
0.443
0.451
0.428
0.428
0.418
0.392
0.320
0.299
0.279
0.309
0.314
0.359
0.561
0.552
0.361
0.352
0.312
0.356
0.355
0.420
0.495
0.668
0.723
0.676
0.594
0.533
0.451
0.372
0.359
0.346
0.511
0.399
0.405
0.316
0.262
0.303
0.334
0.417
0.342
0.298
0.223
0.255
0.284
0.254
0.199
0.206
0.215
0.213
0.249
0.334
0.364
0.326
0.229
0.268
0.282
0.244
0.196
0.229
0.257
0.209
0.154
0.197
0.333
0.340
0.250
0.234
0.209
0.257
0.243
0.170
0.127
0.118
0.144
0.156
0.153
0.192
0.211
0.184
0.166
0.244
0.189
0.228
0.303
0.306
0.382
0.445
0.450
0.486
0.363
0.270
0.251
0.259
0.206
0.197
0.179
0.162
0.138
0.094
0.100
0.144
0.348
0.391
0.305
0.155
0.182
0.215
0.255
0.201
0.179
0.209
0.293
0.213
0.188
0.326
0.301
0.249
0.209
0.228
0.240
0.291
0.326
0.356
0.253
0.497
0.619
0.718
0.597
0.555
0.385
0.359
0.364
0.345
0.377
0.379
0.359
0.313
0.386
0.510
0.719
0.814
0.790
0.691
0.589
0.534
0.588
0.573
0.396
0.381
0.504
0.755
0.882
0.856
0.780
0.797
0.912
0.859
0.778
0.771
0.696
0.610
0.629
0.672
0.746
0.703
0.637
0.694
0.803
0.808
0.763
0.826
0.821
0.787
0.776
0.769
0.819
0.878
0.901
0.888
0.872
0.871
0.910
0.953
0.926
0.879
0.845
0.866
0.917
0.907
0.802
0.751
0.805
0.824
0.864
0.862
0.866
0.824
0.856
0.840
0.893
0.866
0.824
0.826
0.835
0.878
0.888
0.903
0.946
0.965
0.900
0.879
0.828
0.874
0.807
0.814
0.904
0.887
0.873
0.860
0.847
0.867
0.783
0.706
0.639
0.691
0.711
0.706
0.750
0.790
0.805
0.841
0.801
0.824
0.824
0.772
0.724
0.756
0.918
0.910
0.860
0.833
0.855
0.866
0.892
0.888
0.879
0.930
0.953
0.952
0.957
0.952
0.913
0.913
0.880
0.881
0.938
0.928
0.872
0.914
0.877
0.889
0.950
0.903
0.930
0.933
0.916
0.839
0.797
0.808
0.819
0.833
0.873
0.870
0.952
0.902
0.891
0.774
0.662
0.619
0.686
0.708
0.695
0.734
0.754
0.686
0.708
0.695
0.677
0.724
0.751
0.677
0.700
0.702
0.689
0.718
0.753
0.744
0.741
0.706
0.690
0.681
0.706
0.735
0.686
0.682
0.685
0.692
0.725
0.771
0.728
0.683
0.646
0.636
0.650
0.647
0.653
0.690
0.677
0.665
0.676
0.670
0.570
0.595
0.597
0.642
0.660
0.692
0.704
0.640
0.587
0.677
0.592
0.649
0.700
0.597
0.576
0.422
0.558
0.701
0.622
0.640
0.615
0.747
0.676
0.607
0.593
0.713
0.523
0.535
0.519
0.605
0.635
0.837
0.829
0.775
0.672
0.639
0.621
0.583
0.813
0.766
0.619
0.639
0.651
0.623
0.663
0.629
0.618
0.589
0.635
0.628
0.575
0.569
0.512
0.478
0.403
0.523
0.525
0.542
0.567
0.543
0.537
0.503
0.450
0.410
0.435
0.707
0.882
0.627
0.447
0.548
0.503
0.469
0.433
0.580
0.612
0.578
0.592
0.722
0.771
0.743
0.649
0.601
0.548
0.534
0.504
0.398
0.471
0.403
0.364
0.393
0.442
0.411
0.383
0.354
0.347
0.336
0.338
0.308
0.242
0.253
0.213
0.261
0.287
0.333
0.343
0.296
0.247
0.210
0.217
0.245
0.215
0.223
0.197
0.197
0.207
0.224
0.239
0.213
0.172
0.110
0.103
0.120
0.141
0.198
0.233
0.224
0.220
0.233
0.244
0.221
0.195
0.191
0.161
0.170
0.163
0.163
0.186
0.188
0.124
0.115
0.150
0.177
0.221
0.300
0.262
0.279
0.300
0.253
0.273
0.337
0.284
0.184
0.207
0.192
0.167
0.197
0.202
0.197
0.177
0.144
0.155
0.171
0.132
0.246
0.410
0.674
0.871
0.868
0.455
0.382
0.462
0.456
0.488
0.395
0.319
0.266
0.224
0.252
0.284
0.258
0.265
0.223
0.190
0.253
0.205
0.268
0.394
0.404
0.454
0.544
0.583
0.620
0.540
0.361
0.333
0.407
0.432
0.489
0.534
0.536
0.506
0.587
0.841
0.955
0.943
0.920
0.839
0.751
0.641
0.597
0.574
0.714
0.719
0.769
0.813
0.844
0.820
0.893
0.877
0.911
0.894
0.935
0.898
0.838
0.833
0.951
0.893
0.857
0.859
0.904
0.916
0.895
