20000101
0.422
0.506
0.421
0.425
0.486
0.412
0.404
0.471
0.500
0.456
0.477
0.494
0.479
0.477
0.465
0.355
0.314
0.324
0.355
0.338
0.451
0.382
0.495
0.459
0.461
0.495
0.458
0.430
0.470
0.403
0.342
0.395
0.604
0.570
0.477
0.632
0.841
0.698
0.565
0.372
0.356
0.708
0.752
0.699
0.450
0.289
0.338
0.339
0.235
0.210
0.215
0.343
0.459
0.315
0.151
0.169
0.173
0.272
0.203
0.214
0.230
0.309
0.334
0.234
0.260
0.239
0.185
0.197
0.131
0.111
0.110
0.183
0.296
0.501
0.326
0.110
0.110
0.137
0.145
0.099
0.088
0.128
0.263
0.287
0.193
0.153
0.179
0.209
0.124
0.129
0.108
0.095
0.118
0.096
0.092
0.089
0.080
0.052
0.066
0.075
0.093
0.083
0.175
0.256
0.128
0.367
0.325
0.203
0.173
0.178
0.198
0.171
0.237
0.192
0.234
0.253
0.423
0.481
0.410
0.323
0.295
0.171
0.232
0.493
0.485
0.343
0.335
0.322
0.304
0.220
0.201
0.206
0.230
0.255
0.196
0.278
0.371
0.275
0.189
0.254
0.498
0.499
0.574
0.571
0.476
0.360
0.277
0.302
0.299
0.339
0.463
0.411
0.400
0.354
0.409
0.460
0.534
0.697
0.690
0.609
0.665
0.600
0.524
0.430
0.341
0.329
0.463
0.546
0.570
0.712
0.859
0.729
0.722
0.783
0.650
0.574
0.497
0.408
0.450
0.540
0.625
0.572
0.524
0.532
0.530
0.484
0.410
0.374
0.746
0.673
0.632
0.625
0.732
0.786
0.789
0.759
0.791
0.790
0.741
0.790
0.848
0.830
0.867
0.750
0.788
0.785
0.858
0.864
0.847
0.835
0.865
0.832
0.831
0.859
0.772
0.695
0.603
0.566
0.608
0.615
0.752
0.838
0.779
0.780
0.700
0.743
0.779
0.806
0.796
0.824
0.860
0.812
0.780
0.775
0.715
0.703
0.692
0.683
0.671
0.696
0.698
0.756
0.857
0.882
0.943
0.908
0.842
0.734
0.847
0.898
0.878
0.906
0.911
0.868
0.790
0.766
0.724
0.818
0.925
0.865
0.884
0.927
0.901
0.937
0.895
0.904
0.909
0.890
0.787
0.728
0.761
0.741
0.763
0.653
0.672
0.715
0.771
0.752
0.735
0.725
0.706
0.673
0.658
0.668
0.670
0.692
0.570
0.565
0.660
0.690
0.679
0.702
0.653
0.610
0.632
0.607
0.623
0.586
0.562
0.620
0.634
0.795
0.736
0.680
0.677
0.605
0.588
0.549
0.542
0.598
0.553
0.535
0.539
0.479
0.421
0.512
0.503
0.529
0.551
0.505
0.556
0.572
0.552
0.531
0.452
0.432
0.446
0.593
0.616
0.465
0.485
0.494
0.501
0.442
0.494
0.353
0.339
0.406
0.320
0.363
0.411
0.491
0.543
0.411
0.430
0.484
0.482
0.477
0.409
0.523
0.552
0.541
0.411
0.424
0.518
0.495
0.550
0.519
0.544
0.601
0.663
0.662
0.616
0.562
0.565
0.485
0.784
0.691
0.548
0.514
0.495
0.562
0.499
0.478
0.334
0.408
0.368
0.354
0.330
0.306
0.465
0.418
0.374
0.332
0.355
0.374
0.333
0.402
0.359
0.281
0.250
0.253
0.264
0.275
0.375
0.305
0.298
0.285
0.224
0.157
0.180
0.198
0.204
0.167
0.161
0.189
0.205
0.204
0.253
0.287
0.295
0.210
0.338
0.325
0.370
0.304
0.196
0.250
0.355
0.260
0.301
0.278
0.341
0.300
0.189
0.305
0.182
0.116
0.154
0.331
0.289
0.120
0.140
0.146
0.145
0.134
0.126
0.150
0.159
0.202
0.207
0.164
0.122
0.125
0.140
0.151
0.194
0.297
0.201
0.104
0.161
0.156
0.153
0.121
0.347
0.469
0.460
0.165
0.142
0.130
0.097
0.104
0.106
0.117
0.093
0.079
0.089
0.097
0.199
0.366
0.371
0.334
0.266
0.408
0.275
0.187
0.154
0.130
0.110
0.101
0.121
0.127
0.143
0.104
0.144
0.260
0.389
0.349
0.342
0.337
0.270
0.518
0.526
0.478
0.402
0.313
0.473
0.471
0.368
0.328
0.358
0.378
0.350
0.298
0.262
0.259
0.285
0.271
0.230
0.165
0.187
0.376
0.459
0.388
0.264
0.395
0.269
0.313
0.433
0.514
0.523
0.492
0.391
0.399
0.326
0.341
0.454
0.514
0.497
0.594
0.805
0.846
0.826
0.779
0.757
0.734
0.811
0.764
0.841
0.829
0.849
0.808
0.842
0.852
0.831
0.814
0.825
0.805
0.836
0.795
0.795
0.755
0.699
0.726
0.738
0.773
0.859
0.861
0.864
0.856
0.829
0.863
0.897
0.867
0.841
0.850
0.848
0.889
0.845
0.843
0.842
0.852
0.848
0.870
0.874
0.869
0.862
0.808
0.739
0.774
0.857
0.834
0.897
0.865
0.842
0.747
0.712
0.819
0.801
0.812
0.770
0.825
0.863
0.834
0.785
0.777
0.852
0.838
0.860
0.845
0.883
0.885
0.923
0.863
0.871
0.804
0.832
0.873
0.926
0.906
0.884
0.893
0.906
0.919
0.907
0.924
0.908
0.942
0.891
0.823
0.937
0.863
0.870
0.878
0.886
0.874
0.771
0.746
0.652
0.735
0.806
0.709
0.747
0.802
0.769
0.784
0.843
0.848
0.874
0.856
0.885
0.858
0.858
0.887
0.889
0.837
0.783
0.754
0.785
0.722
0.723
0.711
0.774
0.686
0.576
0.621
0.632
0.666
0.662
0.694
0.736
0.654
0.653
0.669
0.649
0.610
0.658
0.712
0.739
0.695
0.595
0.560
0.642
0.632
0.547
0.567
0.629
0.563
0.573
0.514
0.557
0.602
0.629
0.614
0.570
0.533
0.531
0.587
0.614
0.629
0.646
0.603
0.565
0.556
0.558
0.536
0.569
0.607
0.577
0.464
0.434
0.425
0.465
0.443
0.440
0.510
0.560
0.499
0.447
0.545
0.583
0.528
0.570
0.648
0.592
0.622
0.602
0.601
0.594
0.536
0.460
0.546
0.531
0.523
0.547
0.555
0.561
0.562
0.615
0.560
0.463
0.446
0.531
0.556
0.556
0.561
0.539
0.520
0.535
0.549
0.557
0.442
0.426
0.469
0.511
0.509
0.386
0.533
0.501
0.582
0.598
0.566
0.682
0.755
0.389
0.352
0.402
0.470
0.874
0.700
0.556
0.556
0.488
0.415
0.352
0.293
0.407
0.349
0.408
0.726
0.602
0.569
0.429
0.576
0.544
0.505
0.480
0.457
0.409
0.434
0.347
0.309
0.351
0.325
0.350
0.334
0.403
0.364
0.222
0.274
0.322
0.311
0.421
0.373
0.232
0.184
0.184
0.245
0.484
0.354
0.244
0.164
0.152
0.196
0.316
0.290
0.152
0.152
0.173
0.157
0.168
0.169
0.167
0.160
0.168
0.204
0.493
0.325
0.284
0.169
0.153
0.161
0.288
0.468
0.413
0.314
0.275
0.246
0.157
0.170
0.168
0.140
0.132
0.277
0.223
0.197
0.285
0.283
0.152
0.109
0.101
0.117
0.149
0.250
0.363
0.379
0.339
0.257
0.147
0.228
0.362
0.337
0.383
0.404
0.391
0.360
0.410
0.382
0.254
0.308
0.327
0.287
0.358
0.406
0.380
0.473
0.463
0.412
0.339
0.254
0.107
0.119
0.085
0.181
0.365
0.404
0.400
0.413
0.406
0.447
0.447
0.377
0.286
0.285
0.323
0.263
0.323
0.332
0.287
0.257
0.430
0.556
0.643
0.650
0.457
0.452
0.436
0.513
0.421
0.393
0.374
0.371
0.387
0.462
0.818
0.630
0.562
0.548
0.505
0.454
0.490
0.442
0.693
0.800
0.843
0.884
0.898
0.710
0.504
0.426
0.379
0.374
0.327
0.318
0.325
0.355
0.630
0.734
0.675
0.675
0.746
0.783
0.844
0.773
0.669
0.551
0.495
0.523
0.541
0.527
0.437
0.544
0.670
0.673
0.738
0.828
0.828
0.837
0.846
0.838
0.771
0.783
0.890
0.922
0.929
0.926
0.900
0.909
0.888
0.886
0.862
0.837
0.844
0.915
0.894
0.849
0.802
0.769
0.752
0.813
0.866
0.856
0.869
0.862
0.852
0.877
0.893
0.860
0.870
0.867
0.851
0.858
0.894
0.867
0.890
0.871
0.877
0.853
0.762
0.693
0.682
0.743
0.750
0.733
0.781
0.895
0.901
0.895
0.904
0.903
0.895
0.880
0.874
0.811
0.691
0.626
0.697
0.722
0.707
0.727
0.728
0.808
0.796
0.764
0.740
0.716
0.763
0.825
0.817
0.745
0.781
0.934
0.855
0.734
0.632
0.627
0.658
0.623
0.580
0.634
0.609
0.596
0.540
0.596
0.589
0.565
0.608
0.580
0.593
0.662
0.696
0.704
0.669
0.576
0.536
0.561
0.733
0.739
0.510
0.536
0.547
0.539
0.547
0.513
0.520
0.536
0.576
0.548
0.613
0.621
0.497
0.469
0.461
0.448
0.455
0.434
0.423
0.522
0.552
0.542
0.512
0.403
0.422
0.349
0.365
0.404
0.475
0.432
0.546
0.631
0.597
0.588
0.527
0.567
0.503
0.429
0.421
0.557
0.588
0.601
0.632
0.536
0.516
0.525
0.597
0.532
0.776
0.805
0.647
0.611
0.633
0.583
0.578
0.575
0.560
0.510
0.534
0.446
0.344
0.396
0.399
0.559
0.521
0.519
0.498
0.410
0.384
0.331
0.303
0.410
0.456
0.436
0.348
0.455
0.660
0.639
0.464
0.752
0.839
0.754
0.758
0.739
0.643
0.509
0.463
0.518
0.494
0.460
0.573
0.322
0.291
0.271
0.295
0.327
0.374
0.593
0.703
0.537
0.413
0.431
0.456
0.372
0.335
0.288
0.322
0.334
0.334
0.313
0.232
0.137
0.186
0.152
0.158
0.179
0.159
0.287
0.631
0.571
0.484
0.305
0.280
0.305
0.338
0.274
0.309
0.193
0.219
0.253
0.254
0.308
0.329
0.270
0.268
0.298
0.296
0.340
0.187
0.151
0.136
0.280
0.387
0.309
0.147
0.088
0.099
0.084
0.115
0.092
0.119
0.160
0.185
0.192
0.197
0.177
0.147
0.220
0.255
0.125
0.114
0.256
0.304
0.246
0.238
0.318
0.404
0.527
0.466
0.397
0.363
0.231
0.061
0.062
0.069
0.104
0.562
0.467
0.287
0.240
0.301
0.371
0.363
0.259
0.158
0.190
0.196
0.320
0.239
0.401
0.361
0.283
0.231
0.142
0.132
0.127
0.116
0.135
0.130
0.149
0.233
0.285
0.302
0.302
0.294
0.431
0.393
0.327
0.293
0.268
0.205
0.253
0.332
0.403
0.386
0.398
0.462
0.627
0.586
0.623
0.778
0.822
0.879
0.674
0.747
0.803
0.794
0.720
0.756
0.766
0.803
0.790
0.772
0.683
0.642
0.588
0.644
0.770
0.734
0.756
0.681
0.754
0.834
0.791
0.779
0.704
0.661
0.575
0.641
0.734
0.813
0.800
0.761
0.868
0.889
0.870
0.831
0.843
0.850
0.936
0.896
0.899
0.861
0.814
0.740
0.781
0.747
0.756
0.797
0.817
0.879
0.902
0.897
0.864
0.903
0.866
0.836
0.849
0.901
0.871
0.806
0.845
0.897
0.875
0.850
0.867
0.874
0.888
0.877
0.868
0.892
0.912
0.939
0.907
0.904
0.894
0.854
0.924
0.907
0.922
0.888
0.824
0.839
0.908
0.892
0.869
0.876
0.882
0.874
0.866
0.879
0.854
0.838
0.852
0.880
0.893
0.889
0.892
0.880
0.901
0.886
0.848
0.802
0.756
0.765
0.853
0.904
0.916
0.950
0.959
0.893
0.776
0.741
0.742
0.647
0.721
0.755
0.808
0.787
0.850
0.842
0.678
0.602
0.902
0.962
0.959
0.932
0.907
0.902
0.890
0.828
0.834
0.754
0.775
0.736
0.711
0.719
0.666
0.634
0.705
0.699
0.676
0.665
0.664
0.624
0.709
0.714
0.689
0.649
0.625
0.638
0.631
0.620
0.623
0.646
0.653
0.668
0.618
0.639
0.572
0.591
0.642
0.661
0.639
0.629
0.597
0.602
0.606
0.636
0.665
0.734
0.701
0.646
0.630
0.636
0.637
0.609
0.734
0.831
0.776
0.675
0.578
0.564
0.567
0.559
0.525
0.554
0.528
0.494
0.733
0.761
0.713
0.680
0.593
0.645
0.615
0.634
0.592
0.571
0.566
0.584
0.549
0.620
0.662
0.623
0.606
0.627
0.617
0.655
0.678
0.635
0.618
0.572
0.505
0.585
0.780
0.768
0.689
0.588
0.559
0.558
0.556
0.526
0.529
0.696
0.565
0.538
0.466
0.419
0.396
0.482
0.479
0.530
0.499
0.514
0.447
0.447
0.504
0.414
0.430
0.481
0.446
0.421
0.444
0.424
0.318
0.296
0.320
0.381
0.411
0.401
0.318
0.232
0.190
0.164
0.169
0.158
0.161
0.149
0.182
0.272
0.268
0.341
0.364
0.276
0.284
0.262
0.214
0.203
0.223
0.232
0.213
0.143
0.249
0.277
0.154
0.127
0.131
0.129
0.147
0.150
0.115
0.123
0.197
0.149
0.164
0.173
0.281
0.285
0.205
0.168
0.235
0.256
0.287
0.251
0.177
0.085
0.107
0.097
0.110
0.153
0.147
0.323
0.420
0.304
0.295
0.338
0.296
0.394
0.400
0.295
0.314
0.329
0.322
0.278
0.252
0.122
0.141
0.127
0.138
0.132
0.164
0.209
0.182
0.140
0.141
0.207
0.271
0.230
0.265
0.315
0.309
0.281
0.294
0.324
0.335
0.339
0.413
0.303
0.263
0.296
0.345
0.256
0.195
0.262
0.345
0.411
0.324
0.285
0.354
0.341
0.403
0.363
0.338
0.348
0.410
0.490
0.757
0.864
0.829
0.752
0.711
0.738
0.763
0.843
0.852
0.648
0.494
0.425
0.473
0.443
0.440
0.449
0.391
0.395
0.429
0.601
0.628
0.772
0.756
0.729
0.787
0.834
0.724
0.730
0.597
0.530
0.658
0.673
0.813
0.878
0.831
0.772
0.713
0.695
0.650
0.732
0.742
0.830
0.799
0.735
0.810
0.809
0.819
0.866
0.832
0.837
0.814
0.804
0.812
0.875
0.855
0.900
0.918
0.866
0.893
0.886
0.903
0.933
0.887
0.871
0.876
0.857
0.833
0.830
0.902
0.912
0.904
0.882
0.883
0.872
0.814
0.864
0.880
0.874
0.762
0.758
0.726
0.690
0.706
0.644
0.645
0.769
0.724
0.689
0.643
0.881
0.891
0.887
0.885
0.802
0.905
0.930
0.931
0.957
0.895
0.896
0.845
0.839
0.824
0.787
0.744
0.822
0.762
0.766
0.753
0.750
0.835
0.840
0.821
0.862
0.892
0.924
0.949
0.838
0.757
0.705
0.685
0.689
0.804
0.866
0.881
0.686
0.631
0.664
0.728
0.715
0.677
0.621
0.667
0.649
0.625
0.652
0.626
0.644
0.637
0.606
0.587
0.551
0.486
0.400
0.456
0.572
0.571
0.541
0.525
0.552
0.598
0.513
0.506
0.438
0.407
0.422
0.479
0.516
0.551
0.597
0.604
0.590
0.561
0.668
0.678
0.651
0.632
0.619
0.580
0.547
0.583
0.524
0.522
0.627
0.555
0.522
0.523
0.603
0.666
0.655
0.667
0.664
0.675
0.636
0.624
0.568
0.473
0.601
0.634
0.608
0.606
0.509
0.606
0.543
0.596
0.542
0.364
0.335
0.408
0.388
0.406
0.495
0.500
0.513
0.566
0.572
0.474
0.425
0.370
0.428
0.387
0.390
0.507
0.595
0.616
0.499
0.455
0.554
0.542
0.713
0.677
0.467
0.424
0.404
0.561
0.660
0.646
0.536
0.506
0.660
0.717
0.733
0.849
0.914
0.641
0.466
0.455
0.428
0.410
0.430
0.522
0.565
0.416
0.351
0.389
0.361
0.291
0.344
0.396
0.481
0.449
0.477
0.385
0.306
0.534
0.479
0.348
0.265
0.240
0.246
0.259
0.243
0.261
0.270
0.272
0.242
0.267
0.259
0.297
0.358
0.424
0.411
0.465
0.349
0.287
0.277
0.316
0.442
0.350
0.335
0.288
0.243
0.208
0.243
0.411
0.418
0.190
0.192
0.265
0.387
0.295
0.246
0.132
0.105
0.166
0.102
0.157
0.196
0.165
0.197
0.285
0.275
0.180
0.061
0.067
0.093
0.111
0.125
0.111
0.108
0.092
0.259
0.187
0.164
0.142
0.166
0.171
0.165
0.163
0.156
0.147
0.225
0.290
0.270
0.239
0.243
0.206
0.227
0.229
0.389
0.292
0.144
0.111
0.081
0.092
0.115
0.128
0.125
0.127
0.253
0.368
0.472
0.338
0.335
0.330
0.373
0.243
0.196
0.184
0.217
0.134
0.127
0.136
0.117
0.087
0.098
0.111
0.262
0.346
0.255
0.366
0.292
0.167
0.122
0.125
0.142
0.129
0.136
0.146
0.231
0.153
0.242
0.284
0.304
0.357
0.393
0.447
0.415
0.454
0.505
0.686
0.870
0.806
0.756
0.636
0.692
0.786
0.791
0.802
0.712
0.624
0.578
0.678
0.758
0.850
0.927
0.931
0.857
0.815
0.833
0.721
0.622
0.712
0.699
0.694
0.585
0.735
0.712
0.751
0.814
0.771
0.782
0.807
0.805
0.770
0.682
0.833
0.894
0.836
0.820
0.881
0.793
0.752
0.688
0.715
0.689
0.636
0.679
0.841
0.879
0.795
0.791
0.799
0.861
0.889
0.878
0.879
0.882
0.813
0.795
0.769
0.711
0.720
0.673
0.666
0.666
0.664
0.742
0.809
0.815
0.857
0.819
0.834
0.842
0.836
0.880
0.869
0.878
0.915
0.851
0.829
0.813
0.931
0.842
0.794
0.841
0.853
0.850
0.849
0.784
0.824
0.790
0.767
0.726
0.724
0.712
0.792
0.916
0.884
0.786
0.778
0.756
0.736
0.681
0.653
0.729
0.669
0.721
0.848
0.917
0.826
0.893
0.854
0.942
0.951
0.925
0.903
0.897
0.839
0.830
0.820
0.790
0.755
0.749
0.692
0.668
0.756
0.820
0.740
0.645
0.600
0.558
0.592
0.663
0.635
0.639
0.631
0.580
0.476
0.504
0.544
0.474
0.397
0.436
0.444
0.530
0.595
0.582
0.517
0.483
0.572
0.562
0.555
0.574
0.593
0.452
0.446
0.467
0.386
0.353
0.327
0.456
0.454
0.547
0.620
0.526
0.444
0.409
0.322
0.356
0.387
0.479
0.543
0.536
0.585
0.540
0.512
0.588
0.648
0.596
0.408
0.465
0.458
0.513
0.538
0.571
0.583
0.515
0.487
0.511
0.482
0.416
0.327
0.348
0.303
0.281
0.318
0.318
0.302
0.316
0.347
0.436
0.390
0.459
0.367
0.420
0.378
0.351
0.330
0.338
0.260
0.309
0.357
0.386
0.376
0.351
0.354
0.491
0.539
0.559
0.360
0.295
0.310
0.403
0.461
0.508
0.461
0.449
0.432
0.321
0.384
0.350
0.375
0.293
0.253
0.302
0.357
0.471
0.365
0.224
0.211
0.210
0.190
0.160
0.183
0.229
0.181
0.190
0.335
0.228
0.246
0.179
0.179
0.200
0.395
0.599
0.736
0.659
0.443
0.337
0.410
0.446
0.315
0.198
0.154
0.179
0.203
0.182
0.160
0.161
0.187
0.168
0.153
0.148
0.139
0.152
0.154
0.148
0.161
0.143
0.181
0.153
0.173
0.294
0.276
0.293
0.313
0.220
0.141
0.101
0.106
0.126
0.156
0.323
0.519
0.567
0.392
0.272
0.279
0.262
0.230
0.196
0.181
0.174
0.276
0.232
0.173
0.191
0.196
0.213
0.181
0.186
0.147
0.291
0.456
0.386
0.350
0.349
0.318
0.425
0.405
0.427
0.381
0.347
0.288
0.267
0.265
0.282
0.294
0.340
0.329
0.376
0.403
0.502
0.489
0.392
0.334
0.254
0.275
0.296
0.331
0.487
0.547
0.596
0.836
0.900
0.835
0.635
0.472
0.341
0.280
0.299
0.271
0.247
0.278
0.383
0.309
0.312
0.450
0.629
0.611
0.623
0.694
0.775
0.719
0.781
0.782
0.786
0.743
0.722
0.749
0.799
0.779
0.698
0.679
0.814
0.876
0.933
0.926
0.929
0.871
0.885
0.885
0.898
0.884
0.849
0.816
0.876
0.865
0.837
0.839
0.881
0.836
0.861
0.844
0.845
0.887
0.888
0.833
0.849
0.871
0.873
0.852
0.823
0.855
0.786
0.755
0.751
0.823
0.776
0.756
0.796
0.805
0.832
0.836
0.860
0.885
0.911
0.897
0.882
0.864
0.923
0.895
0.903
0.916
0.908
0.920
0.904
0.886
0.805
0.733
0.730
0.840
0.819
0.864
0.836
0.809
0.839
0.769
0.738
0.791
0.767
0.760
0.849
0.861
0.845
0.824
0.849
0.855
0.871
0.943
0.959
0.948
0.952
0.949
0.927
0.905
0.904
0.905
0.893
0.868
0.845
0.811
0.797
0.771
0.710
0.760
0.745
0.722
0.703
0.724
0.729
0.802
0.791
0.751
0.724
0.715
0.634
0.692
0.804
0.855
0.848
0.773
0.692
0.668
0.678
0.692
0.672
0.710
0.695
0.647
0.669
0.691
0.680
0.778
0.786
0.602
0.605
0.629
0.810
0.711
0.787
0.771
0.714
0.660
0.684
0.597
0.541
0.587
0.518
0.468
0.509
0.544
0.540
0.512
0.508
0.597
0.497
0.497
0.531
0.403
0.306
0.316
0.354
0.341
0.417
0.508
0.594
0.587
0.635
0.631
0.558
0.560
0.481
0.429
0.446
0.512
0.607
0.619
0.591
0.621
0.608
0.637
0.521
0.416
0.437
0.373
0.400
0.493
0.584
0.559
0.578
0.421
0.502
0.449
0.361
0.325
0.329
0.400
0.433
0.346
0.339
0.433
0.582
0.454
0.269
0.261
0.349
0.376
0.421
0.318
0.344
0.452
0.435
0.435
0.424
0.324
0.313
0.461
0.452
0.467
0.368
0.384
0.382
0.356
0.333
0.369
0.377
0.448
0.632
0.740
0.624
0.550
0.717
0.864
0.894
0.789
0.645
0.594
0.567
0.499
0.464
0.402
0.355
0.353
0.371
0.392
0.389
0.491
0.441
0.366
0.379
0.567
0.412
0.319
0.254
0.221
0.221
0.233
0.243
0.261
0.393
0.399
0.621
0.665
0.471
0.254
0.308
0.332
0.289
0.265
0.293
0.293
0.262
0.217
0.171
0.159
0.144
0.172
0.189
0.178
0.168
0.157
0.142
0.122
0.105
0.102
0.110
0.136
0.161
0.187
0.191
0.208
0.377
0.448
0.448
0.429
0.380
0.383
0.371
0.371
0.304
0.298
0.270
0.182
0.161
0.232
0.417
0.434
0.450
0.388
0.441
0.451
0.420
0.420
0.353
0.352
0.382
0.552
0.584
0.561
0.523
0.366
0.399
0.380
0.409
0.432
0.423
0.402
0.411
0.479
0.439
0.386
0.247
0.221
0.158
0.158
0.215
0.360
0.255
0.190
0.179
0.188
0.176
0.150
0.144
0.560
0.450
0.381
0.403
0.344
0.438
0.495
0.532
0.407
0.506
0.620
0.710
0.700
0.666
0.539
0.687
0.645
0.682
0.649
0.595
0.599
0.649
0.612
0.716
0.630
0.771
0.757
0.765
0.707
0.797
0.824
0.912
0.930
0.872
0.740
0.646
0.634
0.734
0.711
0.820
0.837
0.829
0.871
0.856
0.815
0.838
0.894
0.929
0.863
0.851
0.897
0.938
0.868
0.842
0.840
0.896
0.853
0.853
0.899
0.866
0.883
0.815
0.840
0.827
0.807
0.820
0.792
0.733
0.783
0.857
0.893
0.927
0.895
0.952
0.864
0.930
0.931
0.905
0.797
0.777
0.829
0.807
0.809
0.820
0.891
0.866
0.837
0.863
0.861
0.819
0.845
0.809
0.806
0.881
0.917
0.924
0.891
0.826
0.888
0.792
0.792
0.777
0.815
0.904
0.856
0.834
0.889
0.874
0.878
0.870
0.821
0.932
0.943
0.928
0.916
0.939
0.942
0.919
0.901
0.924
0.856
0.861
0.877
0.871
0.878
0.802
0.649
0.644
0.675
0.656
0.738
0.719
0.766
0.864
0.871
0.853
0.740
0.720
0.682
0.705
0.661
0.659
0.677
0.708
0.749
0.774
0.769
0.756
0.710
0.749
0.723
0.728
0.637
0.665
0.669
0.668
0.720
0.722
0.793
0.789
0.690
0.707
0.675
0.604
0.602
0.815
0.731
0.688
0.598
0.503
0.576
0.658
0.696
0.649
0.619
0.552
0.587
0.645
0.619
0.662
0.592
0.550
0.609
0.614
0.613
0.698
0.630
0.577
0.517
0.518
0.494
0.506
0.554
0.625
0.569
0.404
0.359
0.362
0.400
0.324
0.336
0.339
0.405
0.456
0.512
0.511
0.479
0.371
0.325
0.338
0.323
0.339
0.452
0.438
0.422
0.496
0.482
0.346
0.447
0.408
0.428
0.490
0.404
0.349
0.320
0.358
0.373
0.465
0.531
0.455
0.593
0.482
0.363
0.686
0.893
0.878
0.876
0.669
0.417
0.410
0.667
0.657
0.459
0.379
0.385
0.424
0.664
0.586
0.679
0.839
0.769
0.455
0.381
0.392
0.283
0.283
0.309
0.292
0.363
0.448
0.477
0.459
0.511
0.461
0.386
0.350
0.323
0.265
0.201
0.294
0.313
0.283
0.341
0.350
0.294
0.311
0.380
0.401
0.337
0.292
0.280
0.170
0.184
0.230
0.272
0.287
0.233
0.193
0.177
0.178
0.267
0.308
0.184
0.167
0.339
0.353
0.244
0.167
0.140
0.159
0.163
0.127
0.243
0.281
0.270
0.351
0.388
0.507
0.444
0.244
0.176
0.155
0.181
0.207
0.223
0.240
0.289
0.375
0.290
0.223
0.083
0.085
0.089
0.097
0.110
0.106
0.102
0.114
0.124
0.148
0.168
0.148
0.222
0.176
0.167
0.281
0.331
0.312
0.239
0.237
0.205
0.160
0.248
0.237
0.250
0.270
0.294
0.324
0.319
0.268
0.256
0.308
0.361
0.356
0.388
0.389
0.418
0.466
0.350
0.247
0.185
0.188
0.204
0.238
0.242
0.439
0.477
0.422
0.420
0.507
0.619
0.605
0.660
0.690
0.707
0.698
0.715
0.733
0.760
0.889
0.933
0.885
0.723
0.759
0.801
0.815
0.796
0.752
0.717
0.799
0.809
0.882
0.895
0.822
0.792
0.817
0.858
0.796
0.841
0.835
0.846
0.861
0.857
0.880
0.789
0.820
0.833
0.864
0.886
0.888
0.882
0.906
0.949
0.856
0.844
0.888
0.913
0.858
0.883
0.872
0.886
0.869
0.878
0.864
0.823
0.809
0.803
0.757
0.822
0.856
0.866
0.865
0.901
0.925
0.904
0.866
0.868
0.867
0.869
0.893
0.885
0.876
0.902
0.916
0.921
0.906
0.893
0.845
0.849
0.804
0.873
0.893
0.880
0.840
0.811
0.765
0.757
0.717
0.802
0.842
0.823
0.795
0.797
0.854
0.830
0.785
0.781
0.760
0.792
0.854
0.883
0.895
0.858
0.827
0.757
0.757
0.832
0.903
0.922
0.873
0.767
0.744
0.793
0.893
0.833
0.793
0.747
0.761
0.839
0.792
0.793
0.782
0.816
0.756
0.743
0.699
0.695
0.642
0.679
0.640
0.647
0.689
0.688
0.662
0.681
0.669
0.635
0.619
0.625
0.787
0.815
0.759
0.593
0.678
0.670
0.633
0.621
0.605
0.602
0.617
0.582
0.667
0.659
0.648
0.696
0.636
0.641
0.595
0.602
0.582
0.599
0.590
0.552
0.577
0.607
0.614
0.657
0.499
0.417
0.446
0.556
0.647
0.671
0.625
0.629
0.586
0.633
0.651
0.652
0.628
0.653
0.656
0.656
0.701
0.626
0.677
0.657
0.551
0.570
0.641
0.551
0.473
0.604
0.607
0.544
0.534
0.547
0.618
0.567
0.492
0.560
0.580
0.583
0.593
0.569
0.564
0.564
0.533
0.613
0.540
0.540
0.489
0.474
0.678
0.690
0.677
0.666
0.614
0.652
0.598
0.531
0.560
0.553
0.502
0.509
0.501
0.435
0.437
0.481
0.481
0.442
0.473
0.481
0.460
0.501
0.466
0.404
0.402
0.363
0.413
0.456
0.433
0.444
0.363
0.364
0.412
0.358
0.395
0.340
0.385
0.398
0.435
0.346
0.318
0.320
0.293
0.244
0.310
0.260
0.178
0.231
0.287
0.279
0.238
0.189
0.163
0.154
0.208
0.326
0.338
0.263
0.240
0.125
0.181
0.188
0.249
0.224
0.155
0.142
0.139
0.154
0.182
0.216
0.182
0.181
0.183
0.282
0.292
0.279
0.201
0.238
0.320
0.238
0.228
0.328
0.357
0.265
0.181
0.193
0.289
0.210
0.170
0.171
0.161
0.236
0.266
0.185
0.157
0.127
0.134
0.175
0.157
0.234
0.265
0.109
0.070
0.087
0.100
0.187
0.074
0.047
0.062
0.078
0.058
0.081
0.143
0.206
0.212
0.321
0.359
0.278
0.287
0.196
0.113
0.106
0.124
0.123
0.397
0.573
0.535
0.460
0.384
0.424
0.536
0.529
0.524
0.526
0.463
0.426
0.391
0.417
0.827
0.623
0.562
0.467
0.430
0.509
0.470
0.407
0.369
0.333
0.365
0.425
0.413
0.315
0.187
0.119
0.124
0.203
0.284
0.332
0.305
0.274
0.200
0.151
0.171
0.165
0.142
0.140
0.185
0.269
0.359
0.429
0.392
0.480
0.617
0.680
0.745
0.778
0.755
0.693
0.717
0.766
0.730
0.791
0.743
0.757
0.805
0.796
0.680
0.659
0.653
0.711
0.742
0.733
0.668
0.763
0.738
0.786
0.762
0.704
0.622
0.599
0.618
0.859
0.844
0.806
0.726
0.722
0.686
0.755
0.841
0.635
0.615
0.659
0.729
0.772
0.755
0.819
0.816
0.756
0.816
0.884
0.861
0.853
0.848
0.821
0.835
0.791
0.841
0.803
0.801
0.930
0.858
0.869
0.872
0.867
0.843
0.829
0.825
0.845
0.779
0.729
0.812
0.909
0.945
0.899
0.897
0.906
0.836
0.835
0.793
0.767
0.692
0.829
0.849
0.770
0.725
0.707
0.727
0.736
0.778
0.789
0.835
0.862
0.844
0.794
0.820
0.853
0.836
0.787
0.889
0.868
0.917
0.906
0.901
0.890
0.859
0.732
0.739
0.694
0.664
0.717
0.707
0.725
0.740
0.727
0.687
0.609
0.544
0.575
0.631
0.684
0.615
0.610
0.613
0.610
0.588
0.587
0.594
0.587
0.620
0.660
0.703
0.657
0.639
0.615
0.594
0.557
0.523
0.571
0.546
0.508
0.663
0.719
0.697
0.813
0.935
0.803
0.701
0.456
0.497
0.518
0.560
0.602
0.585
0.521
0.558
0.528
0.561
0.611
0.655
0.660
0.616
0.623
0.569
0.546
0.508
0.561
0.551
0.534
0.549
0.610
0.588
0.548
0.515
0.500
0.619
0.752
0.675
0.537
0.473
0.477
0.450
0.441
0.480
0.482
0.533
0.541
0.537
0.540
0.687
0.570
0.667
0.630
0.578
0.714
0.664
0.596
0.592
0.567
0.557
0.578
0.427
0.560
0.669
0.678
0.639
0.574
0.543
0.570
0.519
0.542
0.494
0.496
0.523
0.498
0.453
0.492
0.529
0.554
0.442
0.433
0.479
0.477
0.381
0.311
0.352
0.433
0.538
0.531
0.402
0.537
0.501
0.528
0.527
0.514
0.445
0.623
0.517
0.304
0.302
0.343
0.367
0.370
0.322
0.355
0.414
0.398
0.347
0.325
0.348
0.308
0.220
0.256
0.253
0.293
0.271
0.305
0.225
0.263
0.225
0.189
0.188
0.198
0.191
0.237
0.293
0.282
0.248
0.256
0.221
0.187
0.157
0.139
0.128
0.155
0.182
0.143
0.117
0.159
0.233
0.185
0.142
0.115
0.150
0.135
0.122
0.104
0.078
0.091
0.086
0.097
0.092
0.202
0.175
0.201
0.205
0.228
0.266
0.239
0.120
0.097
0.135
0.113
0.133
0.094
0.110
0.329
0.369
0.320
0.383
0.389
0.386
0.346
0.255
0.264
0.353
0.444
0.328
0.227
0.174
0.144
0.157
0.116
0.143
0.164
0.216
0.299
0.312
0.320
0.370
0.407
0.432
0.369
0.423
0.442
0.440
0.475
0.428
0.378
0.344
0.231
0.234
0.200
0.251
0.310
0.246
0.190
0.151
0.203
0.303
0.284
0.373
0.390
0.425
0.407
0.332
0.290
0.431
0.597
0.563
0.558
0.523
0.482
0.601
0.595
0.645
0.708
0.718
0.591
0.532
0.582
0.725
0.744
0.715
0.704
0.616
0.598
0.622
0.557
0.448
0.533
0.827
0.814
0.831
0.837
0.741
0.715
0.700
0.709
0.668
0.697
0.647
0.706
0.758
0.810
0.778
0.850
0.825
0.723
0.679
0.798
0.836
0.852
0.798
0.781
0.750
0.785
0.737
0.726
0.631
0.590
0.606
0.570
0.696
0.834
0.790
0.815
0.847
0.758
0.802
0.864
0.858
0.836
0.832
0.892
0.910
0.818
0.801
0.811
0.791
0.834
0.795
0.803
0.834
0.840
0.745
0.740
0.841
0.815
0.811
0.815
0.753
0.795
0.841
0.884
0.828
0.888
0.894
0.895
0.891
0.878
0.861
0.832
0.838
0.871
0.853
0.846
0.785
0.771
0.769
0.710
0.717
0.687
0.721
0.747
0.799
0.823
0.820
0.855
0.856
0.875
0.795
0.673
0.610
0.725
0.724
0.818
0.880
0.914
0.848
0.863
0.805
0.872
0.918
0.856
0.824
0.758
0.694
0.697
0.666
0.668
0.676
0.714
0.710
0.793
0.782
0.736
0.681
0.697
0.714
0.695
0.681
0.676
0.724
0.714
0.718
0.643
0.653
0.636
0.614
0.592
0.644
0.696
0.670
0.493
0.455
0.509
0.541
0.581
0.653
0.720
0.695
0.616
0.521
0.457
0.436
0.452
0.490
0.598
0.597
0.912
0.903
0.902
0.749
0.605
0.546
0.559
0.514
0.517
0.540
0.492
0.588
0.443
0.458
0.439
0.513
0.529
0.537
0.608
0.660
0.568
0.538
0.521
0.546
0.481
0.725
0.707
0.758
0.793
0.777
0.725
0.768
0.805
0.753
0.592
0.628
0.628
0.681
0.643
0.663
0.668
0.531
0.591
0.589
0.581
0.638
0.645
0.636
0.643
0.662
0.703
0.728
0.573
0.637
0.627
0.657
0.535
0.609
0.629
0.632
0.619
0.608
0.591
0.519
0.499
0.400
0.480
0.429
0.527
0.560
0.494
0.474
0.721
0.586
0.506
0.458
0.655
0.502
0.472
0.456
0.374
0.373
0.352
0.356
0.273
0.312
0.363
0.396
0.432
0.321
0.244
0.230
0.280
0.261
0.308
0.320
0.304
0.302
0.343
0.300
0.200
0.267
0.260
0.211
0.174
0.153
0.140
0.221
0.305
0.214
0.223
0.389
0.394
0.466
0.452
0.177
0.180
0.334
0.630
0.486
0.196
0.116
0.155
0.201
0.255
0.243
0.236
0.383
0.387
0.296
0.266
0.252
0.262
0.317
0.250
0.198
0.247
0.197
0.157
0.312
0.405
0.396
0.349
0.352
0.355
0.335
0.289
0.287
0.468
0.385
0.345
0.371
0.369
0.207
0.172
0.274
0.305
0.348
0.362
0.318
0.299
0.320
0.355
0.462
0.486
0.454
0.372
0.338
0.227
0.379
0.481
0.417
0.397
0.366
0.395
0.379
0.329
0.300
0.324
0.255
0.241
0.321
0.335
0.358
0.345
0.330
0.337
0.448
0.490
0.551
0.735
0.776
0.817
0.943
0.945
0.882
0.753
0.703
0.744
0.743
0.868
0.923
0.905
0.926
0.894
0.893
0.873
0.800
0.844
0.933
0.856
0.829
0.852
0.849
0.821
0.834
0.805
0.837
0.837
0.823
0.885
0.882
0.862
0.883
0.918
0.935
0.929
0.904
0.823
0.833
0.801
0.755
0.716
0.907
0.914
0.903
0.845
0.812
0.901
0.922
0.923
0.903
0.932
0.933
0.944
0.907
0.918
0.916
0.909
0.938
0.867
0.895
0.935
0.877
0.935
0.922
0.840
0.835
0.887
0.909
0.885
0.882
0.906
0.868
0.876
0.838
0.842
0.823
0.850
0.912
0.883
0.864
0.859
0.904
0.909
0.936
0.914
0.912
0.907
0.904
0.831
0.894
0.915
0.910
0.925
0.940
0.926
0.937
0.936
0.958
0.949
0.924
0.930
0.945
0.900
0.884
0.868
0.859
0.841
0.804
0.848
0.870
0.857
0.866
0.817
0.846
0.858
0.831
0.812
0.767
0.803
0.775
0.778
0.748
0.780
0.853
0.879
0.820
0.861
0.846
0.823
0.769
0.720
0.702
0.679
0.663
0.688
0.637
0.634
0.722
0.672
0.658
0.702
0.726
0.685
0.702
0.730
0.675
0.645
0.668
0.706
0.732
0.741
0.698
0.696
0.653
0.674
0.733
0.705
0.707
0.676
0.667
0.650
0.653
0.664
0.640
0.673
0.682
0.660
0.642
0.686
0.690
0.681
0.626
0.660
0.695
0.687
0.698
0.669
0.627
0.502
0.662
0.644
0.618
0.628
0.626
0.611
0.631
0.618
0.588
0.563
0.524
0.467
0.573
0.578
0.595
0.627
0.644
0.581
0.545
0.806
0.886
0.821
0.810
0.771
0.787
0.786
0.766
0.775
0.543
0.583
0.654
0.588
0.583
0.626
0.595
0.625
0.635
0.555
0.770
0.642
0.540
0.567
0.539
0.512
0.472
0.550
0.559
0.504
0.488
0.485
0.505
0.435
0.513
0.534
0.501
0.453
0.516
0.458
0.548
0.383
0.472
0.509
0.395
0.408
0.583
0.652
0.664
0.440
0.318
0.361
0.458
0.489
0.422
0.330
0.332
0.308
0.242
0.224
0.275
0.277
0.271
0.260
0.295
0.372
0.307
0.262
0.279
0.220
0.238
0.195
0.225
0.298
0.473
0.298
0.209
0.193
0.235
0.344
0.330
0.257
0.170
0.115
0.140
0.159
0.166
0.179
0.158
0.177
0.164
0.214
0.336
0.218
0.197
0.270
0.305
0.392
0.436
0.457
0.487
0.515
0.563
0.455
0.280
0.252
0.270
0.254
0.177
0.186
0.214
0.162
0.258
0.231
0.183
0.180
0.152
0.191
0.206
0.199
0.194
0.167
0.197
0.229
0.353
0.256
0.340
0.280
0.211
0.207
0.281
0.341
0.277
0.329
0.266
0.174
0.141
0.125
0.137
0.382
0.311
0.227
0.212
0.161
0.131
0.106
0.105
0.146
0.232
0.257
0.207
0.174
0.262
0.301
0.274
0.267
0.200
0.214
0.256
0.305
0.281
0.210
0.190
0.195
0.268
0.214
0.190
0.207
0.256
0.404
0.551
0.599
0.607
0.707
0.831
0.835
0.837
0.656
0.605
0.435
0.410
0.391
0.373
0.471
0.584
0.650
0.800
0.871
0.861
0.868
0.841
0.866
0.829
0.763
0.829
0.786
0.775
0.853
0.865
0.762
0.715
0.795
0.827
0.876
0.816
0.832
0.914
0.881
0.893
0.888
0.887
0.906
0.902
0.903
0.878
0.772
0.827
0.882
0.928
0.905
0.846
0.839
0.882
0.845
0.878
0.845
0.856
0.782
0.776
0.733
0.780
0.791
0.803
0.798
0.826
0.837
0.841
0.775
0.708
0.762
0.840
0.803
0.748
0.737
0.715
0.684
0.769
0.726
0.866
0.878
0.902
0.871
0.752
0.816
0.908
0.844
0.806
0.854
0.880
0.879
0.883
0.915
0.895
0.795
0.755
0.766
0.750
0.677
0.698
0.696
0.718
0.714
0.685
0.624
0.603
0.647
0.718
0.727
0.738
0.694
0.620
0.630
0.704
0.723
0.759
0.666
0.675
0.629
0.619
0.613
0.633
0.664
0.648
0.613
0.604
0.591
0.523
0.609
0.622
0.620
0.582
0.484
0.580
0.584
0.564
0.581
0.559
0.486
0.921
0.857
0.903
0.708
0.659
0.626
0.518
0.596
0.621
0.571
0.595
0.600
0.561
0.534
0.532
0.587
0.530
0.388
0.492
0.544
0.575
0.561
0.486
0.537
0.472
0.530
0.540
0.475
0.558
0.591
0.521
0.396
0.428
0.365
0.405
0.445
0.497
0.449
0.448
0.596
0.489
0.401
0.525
0.551
0.542
0.517
0.438
0.524
0.566
0.549
0.529
0.601
0.565
0.538
0.563
0.531
0.502
0.457
0.493
0.452
0.522
0.548
0.546
0.508
0.322
0.365
0.393
0.412
0.468
0.545
0.568
0.494
0.480
0.457
0.429
0.474
0.366
0.396
0.408
0.449
0.348
0.321
0.449
0.379
0.428
0.476
0.456
0.444
0.432
0.397
0.336
0.364
0.302
0.309
0.302
0.340
0.539
0.489
0.325
0.346
0.319
0.290
0.318
0.334
0.487
0.668
0.726
0.684
0.578
0.514
0.421
0.380
0.335
0.337
0.487
0.385
0.365
0.291
0.254
0.325
0.341
0.379
0.367
0.307
0.208
0.235
0.234
0.233
0.218
0.196
0.216
0.214
0.242
0.291
0.314
0.314
0.222
0.271
0.261
0.222
0.195
0.242
0.245
0.195
0.147
0.184
0.315
0.318
0.234
0.221
0.192
0.235
0.218
0.159
0.122
0.113
0.134
0.149
0.147
0.184
0.197
0.165
0.155
0.234
0.183
0.313
0.325
0.347
0.433
0.505
0.495
0.500
0.343
0.253
0.241
0.228
0.197
0.188
0.170
0.156
0.132
0.088
0.095
0.232
0.428
0.394
0.322
0.186
0.247
0.231
0.276
0.231
0.190
0.205
0.305
0.245
0.185
0.341
0.312
0.257
0.214
0.236
0.268
0.300
0.323
0.347
0.242
0.519
0.676
0.836
0.693
0.635
0.390
0.337
0.372
0.364
0.401
0.393
0.349
0.311
0.364
0.476
0.671
0.780
0.810
0.721
0.620
0.599
0.625
0.573
0.390
0.389
0.487
0.709
0.853
0.834
0.738
0.742
0.875
0.834
0.761
0.758
0.683
0.602
0.631
0.636
0.665
0.641
0.609
0.655
0.765
0.783
0.740
0.781
0.780
0.737
0.727
0.723
0.772
0.848
0.875
0.849
0.845
0.853
0.858
0.939
0.915
0.842
0.781
0.817
0.889
0.897
0.811
0.706
0.780
0.777
0.833
0.831
0.824
0.800
0.841
0.822
0.844
0.835
0.774
0.773
0.796
0.838
0.859
0.869
0.923
0.949
0.888
0.852
0.790
0.778
0.744
0.744
0.896
0.881
0.853
0.805
0.793
0.832
0.740
0.642
0.615
0.641
0.659
0.635
0.704
0.760
0.755
0.793
0.739
0.718
0.739
0.699
0.636
0.664
0.889
0.898
0.820
0.801
0.810
0.809
0.858
0.862
0.849
0.914
0.921
0.935
0.934
0.944
0.900
0.895
0.864
0.870
0.913
0.876
0.850
0.876
0.827
0.843
0.934
0.878
0.877
0.906
0.904
0.836
0.787
0.810
0.804
0.823
0.827
0.833
0.909
0.883
0.868
0.754
0.671
0.618
0.663
0.678
0.657
0.695
0.731
0.635
0.676
0.674
0.668
0.715
0.706
0.619
0.661
0.679
0.657
0.700
0.726
0.710
0.709
0.681
0.673
0.652
0.660
0.676
0.638
0.645
0.678
0.664
0.718
0.754
0.708
0.657
0.632
0.611
0.616
0.622
0.627
0.667
0.652
0.641
0.658
0.648
0.582
0.589
0.581
0.622
0.642
0.667
0.697
0.631
0.600
0.664
0.584
0.633
0.636
0.530
0.504
0.403
0.537
0.677
0.620
0.627
0.565
0.715
0.611
0.560
0.547
0.650
0.473
0.500
0.514
0.604
0.643
0.815
0.812
0.765
0.683
0.639
0.618
0.556
0.823
0.735
0.656
0.689
0.656
0.586
0.613
0.618
0.591
0.595
0.664
0.629
0.583
0.580
0.476
0.446
0.415
0.516
0.514
0.547
0.575
0.551
0.507
0.486
0.433
0.385
0.404
0.698
0.857
0.610
0.485
0.574
0.532
0.488
0.430
0.617
0.611
0.565
0.565
0.722
0.769
0.769
0.643
0.604
0.533
0.527
0.489
0.392
0.464
0.395
0.367
0.370
0.436
0.410
0.364
0.348
0.329
0.339
0.339
0.318
0.246
0.269
0.223
0.262
0.290
0.324
0.325
0.285
0.233
0.202
0.218
0.229
0.198
0.208
0.194
0.192
0.200
0.214
0.278
0.215
0.150
0.101
0.093
0.115
0.132
0.185
0.218
0.211
0.211
0.224
0.222
0.203
0.174
0.165
0.143
0.163
0.150
0.154
0.171
0.169
0.128
0.121
0.155
0.200
0.252
0.350
0.318
0.276
0.280
0.234
0.233
0.297
0.259
0.171
0.192
0.172
0.152
0.188
0.192
0.180
0.159
0.126
0.128
0.157
0.124
0.256
0.394
0.635
0.850
0.894
0.518
0.480
0.542
0.489
0.479
0.395
0.312
0.270
0.250
0.279
0.318
0.295
0.278
0.237
0.185
0.242
0.185
0.242
0.356
0.365
0.413
0.488
0.542
0.548
0.492
0.325
0.322
0.357
0.437
0.482
0.518
0.510
0.498
0.585
0.816
0.953
0.955
0.931
0.852
0.774
0.683
0.640
0.652
0.746
0.733
0.772
0.814
0.851
0.865
0.882
0.892
0.914
0.885
0.926
0.906
0.805
0.809
0.942
0.876
0.836
0.836
0.883
0.887
0.854
