20000101
16.725
16.756
16.966
16.957
17.033
17.056
17.013
16.841
16.414
16.083
16.825
16.798
15.553
16.855
14.849
17.027
17.927
17.742
17.606
17.876
17.633
17.650
17.562
17.666
17.983
18.254
18.194
18.087
18.278
18.542
18.651
17.573
18.237
18.047
18.104
6.271
11.587
18.717
18.117
17.699
20.006
3.934
14.848
13.378
19.650
20.692
20.302
20.450
20.875
20.915
21.218
9.017
20.199
16.699
21.170
21.086
15.701
22.365
22.472
22.349
22.146
20.678
22.534
22.748
22.797
23.114
22.199
23.052
24.153
24.263
24.353
23.756
23.342
22.361
24.326
25.181
24.918
24.772
24.877
25.698
25.693
21.635
6.887
16.055
25.225
25.643
20.961
25.649
26.157
26.263
26.593
26.720
26.453
26.864
27.069
27.009
27.304
27.690
27.703
27.415
27.427
27.666
27.113
27.527
27.602
24.540
26.194
27.447
27.695
27.504
27.559
27.269
27.610
20.694
22.381
23.057
27.669
20.805
27.408
28.172
28.674
28.986
29.214
25.327
27.588
26.734
27.980
22.959
22.493
28.250
16.639
24.914
24.569
26.295
25.178
10.109
16.887
28.315
26.498
16.162
21.586
10.126
15.668
16.994
22.813
20.940
26.473
28.627
26.362
27.712
27.338
21.267
20.646
11.880
21.204
21.328
11.198
6.561
21.253
18.529
13.303
13.925
26.333
25.513
19.248
22.698
18.373
13.536
9.609
23.149
8.637
23.185
18.519
20.695
26.808
25.700
13.616
23.025
14.175
13.076
23.688
23.324
15.187
11.466
10.585
11.796
12.328
14.855
1.900
14.530
13.877
18.629
21.711
11.679
18.911
18.469
19.858
20.890
24.156
16.699
13.501
22.838
10.301
22.900
14.191
15.275
18.902
22.008
16.159
19.202
22.331
23.645
23.107
21.995
24.025
23.650
26.069
23.603
12.378
12.941
22.917
22.860
24.677
21.177
21.675
16.998
23.678
22.829
21.178
18.638
18.584
22.335
25.229
24.205
25.208
25.234
25.191
24.582
25.160
24.992
23.884
22.709
22.879
15.232
2.652
8.364
9.364
24.311
20.713
20.478
20.527
19.239
13.557
23.695
24.136
24.245
23.456
19.099
12.791
18.576
21.370
8.817
11.313
7.750
21.580
19.006
18.775
22.853
23.030
23.101
22.991
23.093
17.087
22.243
20.608
21.322
17.965
21.860
21.640
21.599
21.430
19.935
18.674
19.286
21.183
21.602
21.981
22.220
21.853
21.071
20.684
19.582
18.702
20.391
20.902
20.575
20.816
20.600
20.500
20.347
20.097
15.349
18.933
19.578
19.553
19.314
19.243
18.946
18.700
18.828
19.010
18.936
18.889
18.891
18.580
18.459
18.502
18.291
18.306
17.886
18.278
17.916
17.930
17.662
17.577
17.434
17.172
17.039
17.159
17.387
17.246
17.178
16.729
17.194
16.767
17.144
17.657
17.440
17.256
17.069
17.015
16.738
16.614
16.602
16.468
16.309
16.652
16.593
16.496
16.485
16.265
16.304
16.366
16.308
16.522
16.616
16.569
16.422
16.346
16.106
15.883
15.934
16.257
16.528
16.490
16.291
1.238
13.851
16.506
16.625
16.988
16.911
16.896
16.623
16.033
17.244
17.396
17.384
17.056
17.725
17.853
17.382
17.650
18.071
18.130
18.384
17.915
17.315
17.732
18.766
18.874
18.833
18.785
18.897
18.946
18.518
18.826
18.520
18.519
19.570
19.504
18.819
20.064
20.411
20.433
20.453
20.500
20.523
21.108
21.000
20.700
19.944
16.718
20.183
20.641
21.028
21.118
17.984
21.368
21.303
21.398
18.089
21.494
21.582
21.385
11.111
21.071
22.000
22.440
16.040
23.355
23.808
23.295
23.585
24.049
24.214
24.216
24.308
24.021
23.592
24.117
21.310
25.012
25.128
24.504
24.412
11.330
20.210
25.383
24.343
25.450
25.560
25.820
25.291
15.563
11.575
19.025
26.237
26.614
26.537
26.317
23.342
26.844
25.780
27.188
24.517
27.128
27.321
15.512
16.032
13.141
23.798
20.441
24.552
26.471
27.571
28.269
28.379
28.432
28.514
28.359
28.026
28.096
28.522
28.563
27.694
27.788
16.246
27.821
18.717
22.608
27.475
26.407
21.957
28.275
28.940
28.018
18.877
25.725
13.998
20.955
20.419
13.779
23.143
26.125
12.838
12.993
14.618
27.176
29.181
29.158
26.766
16.078
18.553
22.331
14.028
28.646
11.591
11.479
10.320
14.881
12.339
12.686
17.869
22.122
23.448
14.034
15.168
15.151
19.691
6.528
5.410
11.477
15.079
16.636
15.976
9.909
24.601
8.120
19.705
19.842
19.993
20.341
23.993
20.849
19.930
17.495
19.150
20.217
26.145
26.143
26.872
27.281
26.275
26.244
15.757
19.699
22.871
19.489
6.981
9.720
18.342
9.883
18.631
22.780
10.577
20.413
17.075
23.984
21.931
24.429
22.308
22.970
25.877
23.781
17.508
17.385
25.522
25.102
19.633
24.368
25.344
9.879
19.887
25.387
24.355
22.617
23.828
25.169
13.155
20.315
22.459
13.126
22.170
24.577
25.012
22.810
23.189
7.971
16.791
14.214
18.929
12.308
17.533
21.171
22.849
24.092
15.298
13.086
16.972
18.522
18.084
15.448
20.833
21.432
19.615
22.270
16.747
23.574
23.128
18.289
23.192
23.261
22.578
21.912
20.325
24.050
24.305
24.000
23.283
22.749
22.999
22.764
22.503
22.483
22.386
22.011
19.588
20.581
18.751
18.036
20.097
17.175
15.684
18.625
20.999
20.985
18.184
21.024
21.001
21.249
21.421
20.763
21.061
21.635
18.695
20.053
20.945
20.842
20.754
19.971
20.142
19.484
20.041
20.412
20.040
19.117
17.967
18.943
19.192
19.506
19.250
19.165
19.007
18.933
18.829
18.471
18.550
18.535
18.701
17.415
18.315
18.179
18.039
17.904
17.354
15.981
17.602
17.928
17.484
14.173
14.612
17.020
17.077
17.120
17.045
16.906
16.794
16.680
17.186
17.225
16.997
16.952
16.705
16.730
16.608
16.481
16.428
16.468
16.131
16.432
16.299
16.222
16.334
16.263
16.008
16.201
16.185
16.108
16.312
15.798
16.618
16.498
16.483
16.532
16.480
16.469
16.405
16.127
16.117
16.620
16.754
16.948
16.927
15.985
16.763
16.588
16.560
13.847
16.888
16.961
17.210
17.202
17.088
16.892
16.886
16.536
16.478
16.235
17.086
16.437
8.910
11.405
4.429
18.120
18.482
18.306
11.726
11.692
18.191
18.665
18.889
19.081
19.162
19.468
19.604
19.610
14.507
13.017
10.614
19.103
19.039
18.403
14.914
19.859
20.476
20.403
20.474
20.758
18.155
21.056
20.643
20.805
21.294
20.989
21.177
13.210
21.855
21.896
22.000
21.850
21.687
20.638
23.035
22.945
23.218
23.573
21.963
11.024
22.715
23.222
23.669
21.607
21.492
9.967
24.384
24.914
24.853
24.771
24.937
25.140
24.827
24.876
25.008
25.008
24.907
12.714
17.370
15.110
26.677
26.036
25.954
22.635
25.900
26.336
26.131
26.260
26.508
25.965
26.584
17.108
21.145
24.203
26.999
27.267
27.243
27.292
27.616
27.594
27.754
27.234
24.303
22.100
26.939
27.151
20.764
14.132
28.280
28.744
28.811
28.531
28.112
27.504
27.770
28.410
28.458
27.919
27.229
28.651
27.965
27.969
28.705
28.366
27.788
15.069
14.623
15.563
14.728
21.948
29.369
29.350
27.994
30.502
29.766
27.571
23.055
18.213
14.746
19.946
16.126
12.945
18.482
29.103
28.739
13.638
13.615
24.863
18.419
27.663
21.912
25.930
15.993
20.507
18.137
25.816
21.905
16.230
24.596
25.626
21.507
19.224
19.508
22.282
21.760
3.996
25.404
15.717
18.914
11.622
16.202
12.568
24.724
22.191
19.648
7.687
5.471
6.865
21.546
22.524
23.585
26.021
22.321
24.680
15.481
22.229
21.739
13.132
23.614
18.247
26.783
20.393
24.621
19.607
13.259
11.856
21.675
25.114
25.076
14.881
4.271
20.798
20.233
12.450
24.873
19.054
22.603
13.619
24.818
22.675
20.534
25.560
23.443
17.622
2.237
8.382
2.253
10.701
18.691
16.889
19.794
17.738
16.085
12.611
18.172
18.930
14.844
22.212
23.344
25.037
23.088
19.856
22.139
22.300
24.044
22.560
21.840
15.291
21.036
23.523
21.791
23.303
22.948
20.947
19.157
6.686
20.657
20.803
21.954
23.930
24.312
21.976
23.546
23.431
22.490
22.378
12.148
18.480
20.987
18.311
19.641
18.536
21.667
21.999
22.138
22.276
23.008
22.557
22.556
22.198
21.459
21.514
21.159
21.267
21.357
21.480
14.768
20.201
20.598
20.572
20.701
15.114
7.158
17.163
20.809
20.829
20.598
20.416
19.961
20.293
20.471
20.447
20.229
19.970
19.834
19.705
17.968
19.369
19.380
19.042
18.751
18.615
18.308
18.276
18.024
16.166
12.903
13.365
17.486
18.263
18.226
18.123
18.121
17.897
17.836
17.562
17.533
17.310
17.120
16.236
16.838
17.314
17.242
16.979
17.075
17.231
17.040
17.402
17.132
16.804
16.646
16.490
16.434
16.515
16.573
16.814
16.828
16.509
16.228
16.000
16.082
15.996
15.856
15.884
15.847
16.125
15.989
16.187
16.065
13.934
15.744
16.039
15.980
16.251
16.473
16.538
14.861
13.401
14.272
16.613
16.435
16.540
16.740
16.958
16.670
17.280
17.263
17.328
17.464
17.309
17.731
17.868
17.644
17.688
17.686
17.838
18.184
18.122
18.227
18.015
18.091
17.868
18.214
17.934
17.726
15.132
18.010
17.978
15.972
13.227
16.589
16.114
16.632
18.992
19.251
19.248
17.725
16.246
9.344
13.934
19.735
20.440
20.391
20.563
19.148
17.960
12.282
16.537
21.060
21.257
21.015
21.286
21.449
21.763
21.540
21.391
16.800
20.092
19.953
22.859
24.012
23.611
23.865
23.915
23.529
23.580
20.118
11.893
22.579
23.277
23.230
22.543
18.320
24.151
18.292
24.392
24.879
24.799
24.831
24.639
12.421
21.498
24.149
14.116
13.741
15.738
25.146
26.201
26.080
25.740
18.973
16.313
25.759
25.586
26.960
27.349
27.538
27.457
27.172
27.149
24.880
19.482
27.032
26.975
27.054
25.840
27.207
27.320
27.708
28.409
28.190
27.725
22.350
18.127
22.051
11.841
14.497
14.602
27.848
27.927
29.097
29.564
29.392
29.229
29.028
8.789
28.572
28.658
28.198
28.179
21.818
20.800
28.228
30.083
29.243
29.395
23.140
28.838
14.259
28.394
19.630
25.637
29.182
29.187
29.439
29.809
30.179
29.938
29.653
29.143
26.048
21.657
22.135
27.585
28.272
23.926
14.474
28.784
24.894
24.280
20.340
15.302
17.840
16.352
22.495
13.193
15.915
12.565
17.447
14.478
18.289
13.794
21.805
23.982
18.464
10.422
19.796
22.131
21.507
25.012
25.954
18.940
21.035
21.944
21.237
8.827
15.267
21.071
24.079
21.463
22.944
20.760
23.691
26.170
26.351
26.394
24.357
11.791
18.636
18.024
21.868
25.685
13.553
4.371
4.735
23.754
21.932
15.693
1.157
19.086
19.641
25.633
22.202
26.148
26.196
24.966
25.863
18.028
24.847
21.157
18.374
13.956
23.874
13.126
19.583
17.297
16.750
17.354
23.480
23.173
23.191
7.101
17.747
20.165
24.377
24.394
7.065
12.613
17.619
22.632
19.711
6.414
15.333
21.054
20.562
23.903
10.503
15.521
9.561
21.933
19.680
20.492
13.446
22.203
22.896
22.691
20.358
20.313
20.404
18.594
19.427
22.407
22.140
21.240
18.932
17.974
18.591
20.110
19.049
19.772
20.170
22.364
22.404
17.024
18.039
6.199
1.168
3.564
2.790
17.572
21.341
21.744
21.799
21.991
21.662
20.847
20.153
19.347
17.173
19.307
19.483
19.460
1.994
1.229
1.262
8.818
13.113
5.142
14.693
12.722
16.346
4.544
5.361
19.151
19.118
19.095
19.095
18.720
18.667
18.735
18.629
16.893
18.705
18.615
18.356
18.248
17.986
17.868
17.693
17.520
17.299
17.980
18.058
17.722
17.567
17.228
17.509
17.423
17.349
17.219
17.260
16.945
16.994
17.021
16.703
16.641
16.410
16.559
16.282
15.859
16.106
16.146
16.286
16.119
16.257
7.827
2.603
6.377
15.704
15.962
16.156
16.279
16.383
16.156
16.222
16.281
16.206
15.628
14.673
16.028
16.099
16.123
16.580
16.461
16.494
16.807
16.748
16.473
16.664
16.781
16.752
16.715
16.542
16.728
16.755
16.868
16.931
16.807
16.991
17.088
17.420
17.364
17.090
16.865
3.658
16.878
17.862
17.826
18.264
18.567
18.472
17.470
14.278
15.380
18.588
19.357
19.535
19.371
18.616
19.709
19.706
19.791
19.913
19.951
19.967
19.755
20.090
20.262
20.631
20.676
20.254
20.669
20.751
21.291
21.496
21.565
21.742
21.618
21.809
22.066
21.863
22.205
22.666
22.965
23.264
23.187
23.107
20.261
22.861
20.804
22.152
16.135
23.322
23.681
23.609
23.998
24.014
24.204
24.086
24.284
24.631
25.064
25.350
24.970
25.137
25.216
25.669
25.334
25.228
25.339
25.359
22.822
20.656
26.231
26.338
26.286
26.098
25.808
25.893
22.321
25.240
26.260
26.356
26.536
27.110
27.417
27.133
27.275
27.258
27.529
27.858
27.589
26.827
23.437
21.899
17.469
27.305
12.815
17.277
22.415
24.072
20.974
25.231
17.957
28.177
29.419
29.311
29.095
28.614
28.754
28.085
11.652
28.121
28.258
28.544
26.320
24.736
27.975
26.677
26.506
28.201
26.733
29.225
29.408
27.425
28.987
27.985
28.900
25.673
24.444
19.743
29.153
28.982
28.877
27.891
25.474
24.520
27.053
23.081
19.484
21.227
23.866
24.571
20.531
15.985
10.457
8.022
2.829
4.174
22.448
18.311
15.142
22.835
6.507
19.881
28.051
24.767
28.250
21.431
16.023
18.667
17.693
24.771
14.568
20.243
17.811
14.744
13.762
20.265
20.074
23.519
13.408
24.599
6.751
27.230
26.772
13.660
16.057
23.648
13.210
21.586
25.118
24.195
19.020
23.010
21.136
22.925
17.097
23.984
25.655
18.211
24.044
23.273
22.522
23.385
24.959
26.016
25.685
22.611
8.018
19.361
11.018
5.308
21.021
18.400
20.326
13.354
4.140
17.648
23.308
21.571
23.782
21.962
24.760
20.341
7.780
11.949
24.798
22.003
24.259
24.828
19.805
22.207
11.239
24.523
21.882
16.021
23.091
23.078
24.559
24.322
22.587
24.098
22.426
24.082
9.430
12.638
13.252
5.883
19.865
13.463
12.566
10.241
2.291
19.010
20.843
22.574
22.517
22.606
22.430
22.466
9.740
22.181
18.429
21.508
22.302
20.948
21.380
21.699
20.172
18.644
14.862
2.888
21.273
21.735
21.571
16.443
19.791
20.701
19.091
9.483
21.580
21.511
21.275
20.872
20.757
20.807
20.382
17.801
20.121
20.320
18.424
19.474
14.280
18.947
19.449
19.518
19.567
19.836
19.916
19.692
19.398
19.002
18.767
18.483
18.221
18.413
18.432
18.121
18.005
18.387
18.196
18.194
17.770
17.520
17.459
17.608
17.257
17.141
16.938
16.823
16.680
16.637
16.734
16.492
16.764
16.649
16.322
16.570
16.558
16.473
16.396
16.549
16.268
16.060
15.961
15.894
15.967
15.670
15.812
15.884
15.972
16.161
15.977
15.787
15.594
15.442
15.933
15.880
15.484
12.611
10.680
16.278
16.530
16.392
16.403
16.560
16.146
15.436
15.169
6.612
15.914
16.544
16.538
16.046
16.821
16.806
16.730
13.141
16.827
16.796
16.997
16.445
16.909
16.468
12.849
17.245
17.737
16.559
16.911
6.603
17.518
17.479
17.285
17.296
4.434
15.758
5.733
10.568
1.900
19.248
19.176
19.130
18.752
18.820
14.713
16.277
18.968
19.826
19.374
19.681
19.699
20.152
19.954
19.838
19.929
18.094
19.769
20.254
18.731
6.707
20.851
21.934
21.641
21.811
21.723
21.883
21.719
21.886
21.771
22.039
21.052
22.125
20.570
20.892
16.495
7.677
8.367
9.062
23.420
23.595
23.684
23.693
22.805
23.718
23.055
24.679
24.538
23.353
10.597
16.878
23.652
25.390
25.249
21.658
24.913
15.177
25.128
26.675
27.048
26.875
26.859
26.929
26.793
26.789
13.924
5.284
25.740
27.540
28.412
28.322
27.071
27.468
27.153
27.829
26.809
25.096
19.856
27.793
27.855
27.419
24.554
16.793
26.430
23.783
23.911
24.653
19.137
14.554
25.044
19.580
21.126
23.189
15.209
25.645
25.363
28.628
29.314
29.690
29.806
29.501
29.295
29.660
29.343
27.635
23.655
17.343
26.362
29.046
28.475
28.456
26.934
28.985
29.369
25.545
26.188
20.546
29.085
25.342
29.080
30.123
29.601
23.377
15.233
27.716
16.163
17.065
20.848
25.073
29.430
29.426
29.692
28.947
29.035
26.628
29.018
29.076
19.238
25.140
17.090
9.584
11.087
9.727
11.606
12.075
10.459
5.545
3.134
13.360
21.247
20.120
18.294
8.766
6.560
24.968
26.199
21.785
19.135
19.465
18.537
17.348
1.732
1.453
12.285
15.101
17.774
19.016
20.473
21.865
26.504
20.918
24.793
20.062
25.100
15.897
9.355
25.074
25.638
14.255
10.547
26.131
26.214
12.795
3.772
18.601
21.547
19.829
25.419
26.215
22.094
12.500
19.234
25.643
18.939
14.244
10.149
18.591
20.332
20.071
19.687
14.431
17.444
14.840
10.390
25.101
24.897
24.555
25.217
23.958
25.419
19.658
24.544
24.313
22.873
16.849
23.771
19.224
23.149
22.229
23.110
19.437
17.576
9.620
5.425
6.458
15.585
14.652
23.145
4.141
21.180
21.454
20.824
13.613
22.387
22.392
19.301
22.471
19.980
22.642
22.264
22.504
21.812
21.618
11.727
8.152
21.759
21.782
21.600
21.946
16.219
21.355
21.165
20.987
12.634
2.038
2.270
11.049
5.745
15.006
3.276
1.443
4.116
4.953
6.473
17.877
18.310
18.243
14.683
19.017
18.571
18.875
16.566
1.983
17.571
15.588
16.244
19.175
19.281
19.094
18.900
18.555
18.654
18.770
18.503
18.584
18.443
18.361
18.132
18.440
18.326
18.070
17.882
17.463
17.514
17.310
16.759
16.842
17.459
17.047
17.070
16.864
16.377
16.278
16.107
16.110
14.336
17.143
17.102
16.851
16.569
16.487
16.575
16.716
16.641
16.802
16.661
16.596
12.974
14.362
16.250
16.264
16.046
15.641
13.607
13.040
15.324
16.097
16.315
16.221
16.190
16.463
16.434
16.517
16.464
16.689
16.488
16.617
16.924
16.755
16.830
16.830
17.204
17.165
17.331
17.227
17.120
17.243
17.036
17.326
17.310
17.146
17.115
17.388
17.231
17.936
17.592
14.856
18.508
18.374
18.422
18.419
18.440
18.531
18.580
18.756
18.775
19.231
19.363
19.355
19.524
19.470
19.468
19.480
19.405
19.902
19.863
19.850
20.117
20.179
20.292
20.506
20.421
20.591
20.480
21.251
21.441
21.327
21.713
21.933
22.080
21.457
21.394
17.124
21.277
22.291
21.698
22.088
22.214
22.625
19.244
16.312
13.202
10.645
15.812
17.767
21.565
8.856
22.997
24.252
25.187
24.987
24.874
21.765
25.474
25.544
25.211
24.916
22.076
22.771
25.124
25.936
26.162
26.312
26.061
25.555
26.022
25.999
26.570
26.784
26.449
26.312
26.101
26.476
26.460
26.833
22.154
26.260
25.151
15.300
11.747
9.910
27.022
27.048
27.367
13.380
25.904
25.399
18.461
27.380
27.864
26.126
26.876
27.902
27.803
25.228
26.734
24.071
23.473
28.519
23.289
25.689
26.159
16.594
25.173
12.153
13.266
28.065
20.191
13.663
17.255
26.947
14.311
24.051
21.807
15.935
14.087
18.794
15.790
12.162
9.415
12.148
26.656
24.499
17.468
17.938
19.661
19.187
8.717
8.251
6.949
7.724
6.797
17.312
27.965
27.948
21.130
23.396
27.884
21.178
25.792
21.892
28.734
28.704
27.332
16.529
14.061
15.286
18.392
15.794
25.520
17.402
23.319
22.626
24.209
27.150
19.219
11.718
9.082
15.256
10.304
24.585
6.527
1.768
2.285
6.556
5.645
11.619
18.459
21.840
17.315
19.187
26.072
21.367
14.979
13.514
20.427
20.337
24.177
25.371
22.157
24.799
24.868
12.208
3.647
24.901
24.781
11.334
19.671
6.140
21.367
23.395
25.360
15.534
25.882
25.086
22.127
24.616
19.341
23.753
21.787
23.269
3.840
9.541
16.943
21.435
22.183
19.364
6.903
18.582
13.523
20.910
13.336
18.433
16.780
8.104
22.415
25.104
25.011
14.831
24.257
7.494
21.248
24.084
23.638
22.140
20.626
22.556
12.555
19.559
19.198
19.431
21.850
21.339
20.788
21.039
18.619
2.759
2.231
7.173
1.708
3.540
8.250
20.336
21.518
19.260
21.288
20.228
19.327
21.670
21.607
22.239
22.295
22.196
22.188
21.572
21.611
21.439
21.738
21.026
21.128
21.019
20.977
21.195
21.258
20.233
16.829
19.962
17.455
19.967
20.480
20.402
20.303
19.223
19.045
15.140
18.886
11.242
6.279
18.253
9.949
10.676
4.861
18.054
18.478
18.309
4.280
16.101
17.496
17.715
17.864
17.926
17.843
17.956
17.770
17.745
17.430
17.480
17.341
17.203
17.135
16.870
16.734
16.867
17.100
17.093
16.711
16.270
16.809
17.010
17.333
16.991
16.412
16.088
16.092
15.900
15.789
13.693
15.728
16.049
16.362
16.320
16.325
16.167
15.982
15.918
15.943
15.607
15.689
15.937
16.066
16.508
16.289
16.276
15.865
15.954
16.279
16.434
16.378
16.408
16.397
16.465
16.770
16.835
16.769
16.585
16.631
17.088
17.139
16.612
16.140
16.805
17.218
17.326
16.853
17.524
17.493
17.432
17.581
17.232
17.742
18.358
18.139
18.001
18.133
18.190
18.146
16.645
17.828
14.899
18.527
18.778
18.828
18.349
18.693
19.008
10.334
16.621
18.385
15.199
14.568
16.769
5.230
18.159
20.219
12.821
20.510
20.585
20.797
21.132
21.400
21.223
21.080
20.888
20.433
21.252
21.214
21.581
14.353
12.798
22.606
22.695
23.311
23.481
23.693
23.480
21.798
16.500
10.367
12.183
16.149
8.466
23.841
24.500
23.842
24.068
24.155
24.316
23.295
23.336
24.320
24.757
25.366
26.010
26.013
25.669
25.726
25.806
25.856
26.044
25.922
26.445
27.047
27.005
26.615
26.330
25.912
22.530
26.588
27.004
26.334
26.113
18.731
21.051
14.644
13.022
11.885
11.562
21.889
18.041
22.048
27.316
27.107
24.785
24.665
15.897
13.051
15.450
10.988
15.060
12.430
12.301
11.948
10.232
15.896
10.608
13.971
14.280
27.432
28.097
21.827
24.066
20.157
15.239
12.827
17.928
14.704
14.721
18.387
27.736
24.947
28.685
24.774
26.588
16.742
11.859
13.622
28.569
28.837
28.234
29.156
29.312
29.292
14.569
20.563
17.865
14.585
17.031
7.975
12.417
15.504
12.443
10.254
16.349
7.500
17.203
23.971
23.339
12.336
17.123
25.201
23.680
23.144
17.852
10.712
21.289
11.197
19.485
3.697
14.037
18.086
21.571
6.184
18.952
5.888
1.202
4.736
20.178
27.167
23.693
19.843
23.800
13.640
7.817
21.446
10.830
20.396
19.590
17.081
7.913
1.963
19.305
22.231
14.255
1.669
18.639
15.544
18.955
16.206
20.692
17.707
9.105
23.886
20.401
23.835
25.851
19.935
13.901
18.189
25.546
25.482
25.053
19.522
20.669
11.729
14.154
1.305
23.197
4.368
9.519
7.707
25.512
22.712
23.160
22.466
19.758
21.730
10.855
11.995
21.919
23.247
23.332
21.513
20.766
22.918
19.250
20.463
14.944
16.643
21.952
21.783
17.746
22.533
23.146
23.703
18.238
18.975
19.423
20.530
13.235
20.074
20.161
18.483
11.486
1.551
1.620
16.021
21.411
7.085
15.739
18.481
16.794
12.682
20.403
19.001
21.237
19.955
21.084
21.458
21.014
21.199
20.599
21.602
21.229
21.643
20.683
20.237
20.259
17.362
20.497
18.785
20.796
20.790
21.080
20.762
20.694
20.321
19.962
19.694
19.700
19.548
19.450
4.097
14.200
16.462
18.772
18.500
18.449
14.046
17.956
14.263
17.666
17.950
18.624
18.351
18.405
18.197
17.679
11.115
17.432
17.310
17.512
17.792
17.616
17.533
17.120
17.220
17.228
16.799
16.566
16.751
16.737
16.543
16.673
16.463
15.946
16.568
16.191
16.167
15.563
16.091
16.637
16.435
15.981
15.800
15.588
15.591
15.390
15.662
16.787
16.850
16.880
16.443
16.470
16.498
16.322
16.010
16.257
16.420
16.273
16.297
16.620
16.766
16.965
17.159
16.945
16.363
16.278
16.460
16.444
16.455
16.626
16.864
16.406
16.599
16.665
17.124
17.299
17.464
17.160
16.828
17.078
16.996
16.425
17.156
14.667
3.288
3.103
3.308
4.990
18.098
18.435
12.757
2.903
9.236
19.316
19.453
18.794
17.004
13.707
7.364
15.150
0.939
14.355
19.975
20.200
20.440
21.117
21.113
20.897
20.891
20.771
20.767
20.797
20.974
21.014
20.986
21.266
21.322
21.528
22.435
22.569
22.481
22.546
22.603
22.519
22.614
22.584
22.838
22.896
23.022
23.099
23.392
23.485
23.600
23.039
16.020
19.891
19.443
24.067
24.524
24.631
23.465
22.020
23.649
25.031
22.460
21.178
20.141
20.418
25.622
25.732
25.587
25.865
23.539
19.246
25.696
19.364
20.547
8.590
19.242
26.162
26.831
26.622
27.114
26.689
26.314
16.394
23.539
15.254
26.663
26.536
27.124
28.439
28.550
28.446
28.486
28.445
28.483
28.407
28.190
28.407
28.299
29.212
28.722
28.165
27.260
26.463
25.984
21.572
16.149
26.936
20.611
28.018
28.326
25.822
16.037
26.080
20.553
15.513
23.706
21.362
22.760
25.936
18.896
24.657
12.224
15.702
12.499
12.941
27.976
25.513
29.283
27.422
23.194
27.916
16.620
16.679
11.248
14.601
9.859
16.356
8.215
18.352
18.708
9.459
10.908
27.064
22.068
17.680
19.538
23.374
5.958
1.541
11.188
23.668
12.497
15.185
24.250
22.126
23.769
25.515
26.577
21.280
7.897
2.658
20.974
25.244
22.871
14.776
23.154
18.000
19.496
23.700
14.292
21.648
18.369
24.235
24.791
25.376
22.770
20.548
22.511
24.991
18.227
3.296
25.502
26.249
10.765
8.289
24.997
22.720
22.715
20.969
9.038
11.862
21.408
24.627
24.933
24.247
22.687
25.592
24.749
22.969
20.326
23.933
4.861
12.325
22.151
21.388
24.776
17.153
20.997
23.079
19.887
12.008
10.679
12.707
23.574
21.286
21.708
24.229
24.527
23.631
18.295
23.734
24.620
24.539
22.487
24.608
24.522
24.487
24.353
24.487
24.475
22.957
22.981
23.418
23.644
23.401
23.464
23.305
22.302
16.268
5.287
9.557
21.391
22.885
22.813
22.147
16.934
18.324
16.577
19.347
22.846
20.950
7.615
21.201
21.850
21.820
21.630
21.105
20.034
21.273
21.408
21.509
21.429
21.570
21.647
19.861
18.644
18.998
17.971
20.914
20.655
19.819
20.853
20.786
20.749
20.652
20.431
19.693
14.035
18.245
17.503
19.792
19.866
19.519
19.277
19.348
19.319
19.135
18.776
18.589
13.698
18.332
18.706
18.500
18.120
18.161
18.028
17.891
17.570
14.997
17.075
17.562
14.469
17.039
12.791
16.580
14.508
17.575
17.481
17.304
16.742
16.884
16.936
16.524
16.222
16.159
16.040
16.322
16.415
16.360
16.076
15.546
15.208
15.622
15.675
15.743
15.886
15.552
15.583
16.175
16.018
15.993
16.120
15.880
15.727
15.222
15.192
13.570
16.185
16.323
16.170
16.216
16.275
16.292
16.237
16.184
16.252
16.423
16.380
16.378
16.224
14.000
10.759
14.836
14.755
16.031
15.318
16.765
16.912
16.857
17.070
17.203
17.293
17.122
17.168
17.365
17.967
17.592
17.632
18.071
17.451
17.860
17.867
18.105
18.443
18.512
18.355
19.113
19.007
19.227
19.369
19.361
19.247
19.580
19.511
19.773
20.013
19.252
20.035
20.102
20.359
20.676
20.571
20.711
20.820
21.197
21.024
21.333
21.280
19.470
21.413
21.669
21.690
21.688
21.756
22.778
22.352
22.327
22.751
22.744
23.037
23.591
23.535
22.779
13.871
23.012
24.616
24.214
24.325
23.733
17.421
21.092
24.411
24.797
13.615
16.884
21.341
23.955
24.830
16.023
19.913
25.491
24.725
21.356
15.280
25.341
26.282
25.922
25.736
25.910
26.225
26.388
26.436
17.351
24.785
26.635
27.424
27.749
26.956
26.975
27.317
26.931
26.712
28.431
28.295
28.281
28.074
27.472
29.143
29.588
28.689
28.367
29.625
28.572
28.403
28.211
28.446
27.294
16.364
26.430
16.407
16.335
29.443
28.898
28.920
24.520
23.808
15.543
21.644
27.874
20.110
21.425
11.066
16.000
21.392
12.352
15.482
16.558
12.636
17.688
1.265
27.237
25.775
28.578
27.211
19.860
18.637
24.973
21.411
16.789
26.810
19.647
21.804
28.823
29.269
29.414
27.025
26.505
28.323
22.064
15.229
21.802
26.424
25.611
29.117
29.415
28.249
29.007
29.854
29.322
15.585
10.189
25.361
8.812
22.536
10.035
16.520
18.256
20.831
17.772
20.915
22.066
24.229
19.623
24.584
21.229
23.100
10.643
25.810
26.833
25.578
8.204
18.796
26.240
26.875
22.374
26.320
9.836
23.397
19.660
26.082
22.589
23.266
12.125
20.402
19.031
21.628
24.760
25.741
21.359
5.028
22.608
22.321
18.833
17.555
13.311
25.208
24.858
24.204
21.273
21.698
15.443
17.133
16.222
22.241
20.922
23.771
25.198
23.380
21.677
24.485
11.606
21.428
16.013
13.547
19.805
23.730
22.527
21.633
21.955
21.487
22.178
23.291
13.021
4.671
3.727
22.328
15.185
22.206
21.995
23.883
23.882
19.003
20.378
18.357
23.045
22.356
19.073
20.684
23.129
20.644
22.075
20.482
22.284
19.997
22.327
21.270
20.019
21.868
21.954
3.105
18.690
13.309
16.599
17.057
19.496
19.554
22.159
21.752
21.883
21.545
21.916
21.455
21.261
20.635
21.015
21.106
21.187
20.905
21.088
21.177
20.793
21.232
20.822
20.714
20.705
20.346
20.282
16.372
17.227
18.988
19.429
18.909
18.672
18.588
18.137
18.014
15.500
10.308
6.570
5.243
16.431
10.238
16.579
16.246
9.668
0.885
16.524
17.143
17.961
17.769
17.707
17.526
17.471
17.079
17.445
17.230
17.192
16.801
16.876
16.566
16.649
16.676
16.547
16.454
16.392
16.317
13.328
16.219
16.167
15.988
16.036
16.058
15.970
15.707
15.585
15.468
12.400
15.703
16.060
16.416
16.388
16.478
16.200
16.052
16.004
16.243
16.254
16.312
9.865
14.722
16.613
16.774
16.613
15.944
16.559
16.881
17.058
16.980
16.747
16.661
16.642
16.559
8.152
15.527
16.321
17.077
17.808
17.447
17.751
17.820
17.877
17.989
18.114
18.081
18.096
18.235
18.418
18.229
18.471
18.629
18.549
18.633
18.091
18.704
15.967
19.375
19.168
19.072
19.118
12.678
7.057
19.231
12.955
19.445
19.610
19.488
8.785
19.142
21.013
20.755
21.029
21.346
21.042
12.343
21.181
21.429
21.579
21.784
21.790
21.980
22.256
21.090
22.446
22.221
22.314
22.243
22.649
23.169
23.424
21.377
23.460
23.741
24.163
24.106
18.904
21.028
23.906
24.125
24.480
24.806
24.887
24.974
25.208
25.030
22.157
25.097
25.472
25.691
25.904
26.020
25.661
26.021
26.066
26.039
26.437
26.683
27.182
27.197
24.674
25.622
26.863
27.424
27.122
26.925
27.710
27.454
27.455
27.019
27.567
27.600
27.602
27.769
27.768
27.894
28.172
28.096
27.529
24.578
10.812
26.266
15.678
17.914
18.208
17.251
12.628
16.893
16.084
27.547
28.275
28.307
28.750
28.853
24.904
23.567
23.990
28.374
28.431
18.748
23.692
14.082
15.391
17.805
24.918
19.944
28.235
25.792
28.043
28.000
28.085
15.585
22.719
29.304
29.219
29.058
20.031
28.404
28.584
28.634
27.042
20.719
28.274
14.848
17.005
22.731
11.672
20.210
18.789
9.597
13.743
9.596
13.594
12.692
9.816
18.776
18.376
10.439
23.413
23.959
21.955
15.601
11.502
21.463
15.163
17.926
25.486
24.745
19.885
21.344
21.869
15.024
11.136
11.811
14.984
19.786
12.892
23.020
17.941
25.484
22.398
15.859
21.960
21.682
21.590
24.110
19.921
13.987
8.926
18.082
26.639
26.005
16.944
24.026
20.308
23.072
25.488
22.706
20.320
23.193
24.878
23.893
19.037
20.299
15.155
14.628
21.097
19.965
23.039
20.212
23.029
23.796
20.357
14.606
20.260
14.080
20.808
6.601
20.681
21.734
23.964
21.655
20.409
23.730
20.280
22.634
20.685
24.012
23.637
22.243
21.533
22.156
20.798
22.951
22.705
22.035
19.357
17.933
21.326
18.018
16.377
21.377
15.238
12.967
21.772
22.196
20.233
20.141
22.781
22.744
22.672
22.429
23.148
22.898
22.502
22.014
21.815
19.011
20.094
21.400
21.151
6.875
8.334
21.323
21.997
21.687
21.444
21.089
2.647
17.002
6.961
20.151
17.382
18.243
10.851
14.167
17.395
19.796
20.105
20.076
20.086
20.090
20.235
20.298
19.307
8.448
1.663
15.924
18.906
19.124
18.974
18.428
17.730
17.778
12.260
12.826
17.702
14.188
17.722
16.433
17.170
17.243
16.919
16.787
16.681
16.854
17.455
17.534
17.116
16.429
16.288
13.280
15.421
15.072
16.274
16.965
17.263
16.921
16.977
17.102
16.733
8.407
0.667
4.177
2.433
12.593
16.090
16.145
16.304
16.351
16.382
16.263
16.164
16.023
16.601
16.620
16.661
16.568
16.506
16.178
16.258
16.215
16.306
16.177
16.198
8.930
15.797
15.002
16.757
16.688
16.527
16.540
16.618
16.875
16.949
17.115
17.249
17.049
17.171
17.046
16.854
16.763
17.157
17.482
17.463
17.755
17.735
17.595
17.450
17.335
17.414
17.466
16.946
16.126
18.210
10.014
17.279
18.506
18.999
19.218
19.063
19.181
19.206
19.468
19.616
19.386
19.512
19.822
19.869
20.072
20.000
19.668
19.789
17.026
14.233
17.934
9.949
19.425
3.030
21.187
21.407
21.709
20.909
17.802
21.918
22.079
22.548
21.841
21.859
21.848
21.906
22.486
23.040
23.081
20.499
23.107
19.921
23.625
24.011
24.007
23.823
24.306
24.223
24.196
24.304
24.825
24.787
25.231
25.022
23.553
21.028
25.044
25.599
25.065
24.994
20.021
25.548
25.983
26.206
11.379
13.244
23.854
27.449
26.908
25.933
23.403
24.376
26.198
25.294
17.539
10.898
24.647
20.925
27.020
11.288
17.261
25.224
25.357
19.917
24.561
24.957
22.166
11.434
12.980
18.236
16.803
12.382
27.411
25.248
28.260
19.443
17.359
18.183
13.401
17.903
28.758
28.826
20.080
28.578
28.177
22.186
24.648
26.207
28.451
15.086
27.144
27.900
25.708
18.068
27.564
28.891
20.332
18.273
10.865
12.727
16.822
20.416
12.004
20.820
15.469
13.556
27.472
29.303
15.486
25.582
18.988
18.559
16.277
16.197
17.009
15.526
12.140
25.736
15.586
12.608
0.851
4.313
4.869
25.237
27.757
21.145
27.009
18.073
20.500
9.456
4.188
14.927
13.587
21.030
25.230
19.140
5.790
26.327
22.240
19.334
26.521
27.024
26.313
26.188
26.316
22.795
25.224
25.325
21.598
24.697
22.408
18.159
5.769
13.657
8.649
16.552
16.022
26.731
24.772
15.763
9.819
10.839
20.406
25.619
24.642
11.358
10.793
17.301
22.354
9.513
6.403
2.612
14.221
15.094
7.000
19.875
6.489
21.542
17.351
7.085
21.403
3.480
14.417
25.549
24.227
10.104
4.434
20.073
22.924
23.301
24.385
24.163
25.006
22.994
22.389
15.766
16.164
17.947
24.022
16.177
14.847
21.043
11.672
11.110
8.241
21.408
22.782
23.538
22.905
17.576
17.031
17.942
4.315
10.063
10.183
11.695
5.018
7.845
14.262
6.284
3.909
20.557
20.148
22.511
22.520
19.842
22.511
21.993
21.867
21.778
19.106
21.352
18.727
20.939
20.995
20.959
21.250
19.776
21.512
21.247
21.296
20.485
20.170
20.107
8.093
18.374
20.270
20.301
20.333
20.540
20.235
20.010
20.263
19.895
19.995
19.731
19.520
19.605
19.371
18.980
18.735
18.928
18.997
18.699
18.884
18.495
18.406
18.082
17.933
15.615
18.043
17.818
17.854
17.592
17.356
17.494
17.235
17.232
17.066
17.033
17.145
17.147
17.144
16.927
16.850
17.014
16.617
16.264
16.174
16.250
16.354
16.385
16.297
16.553
16.327
16.138
15.234
15.400
16.016
16.493
16.381
16.351
16.660
16.557
16.527
16.619
16.664
16.362
16.258
16.423
16.525
16.737
16.697
16.420
16.285
15.635
15.802
1.056
11.160
13.567
14.342
15.586
14.941
15.629
15.399
14.978
16.504
17.055
16.991
17.176
17.208
17.060
17.014
17.000
14.652
15.421
16.869
17.986
18.129
17.545
17.788
17.804
16.451
18.124
17.885
17.796
18.469
18.356
18.541
19.317
19.204
18.890
19.112
18.845
18.837
16.655
19.800
20.342
20.376
20.009
13.608
15.213
19.397
11.860
19.789
20.617
20.900
20.939
20.916
21.100
21.293
21.618
21.597
21.685
22.293
22.129
22.496
22.746
22.777
23.019
22.644
22.555
22.766
23.235
23.420
23.539
23.756
23.780
19.136
11.496
23.868
24.082
24.389
24.417
24.417
24.206
24.692
24.773
25.789
26.150
25.852
25.678
25.783
25.505
25.512
25.396
25.845
19.479
25.600
25.727
26.075
17.627
17.711
25.402
26.125
26.086
26.346
19.134
24.554
25.463
26.527
26.601
18.857
27.013
27.532
26.879
26.999
26.774
26.729
27.321
27.527
27.625
19.727
27.506
20.445
27.894
17.583
28.878
27.508
28.722
23.732
25.124
23.887
27.692
28.330
28.538
13.751
26.921
28.423
23.668
22.678
26.253
25.229
29.279
27.996
23.136
27.243
28.967
29.127
26.952
28.934
29.668
30.114
29.419
29.013
29.084
29.721
29.551
29.246
28.960
27.725
26.525
18.932
27.894
27.356
18.334
10.890
28.379
27.742
29.211
29.220
28.294
28.862
28.278
23.607
19.691
20.762
12.309
17.625
17.667
6.483
4.843
4.310
19.828
19.912
28.484
25.694
28.041
27.559
21.176
15.660
19.208
19.376
12.827
16.910
18.123
21.792
18.733
22.515
23.270
16.467
18.100
17.534
11.708
5.177
25.146
25.374
12.580
20.176
13.311
18.227
13.327
4.530
21.451
18.015
15.684
11.774
9.176
15.692
8.477
8.654
18.664
21.297
12.986
5.113
18.921
25.288
21.184
16.019
25.007
20.588
19.292
9.247
24.716
19.101
23.366
14.065
23.473
24.262
17.464
16.511
16.942
13.354
21.980
23.649
22.166
20.744
22.563
24.802
24.815
24.832
24.609
22.854
24.161
5.915
5.337
17.397
19.678
24.211
9.385
12.132
21.084
23.522
22.597
14.559
21.394
16.109
21.677
19.637
20.546
22.826
22.919
22.879
23.273
23.264
23.693
23.173
19.802
22.709
22.290
22.156
21.786
21.780
14.557
20.106
22.360
22.808
22.198
21.063
14.226
11.621
21.270
21.488
21.828
21.787
21.556
21.283
21.357
21.248
21.375
21.230
20.034
19.761
20.762
20.442
19.964
19.827
19.939
20.332
20.563
20.235
19.931
18.674
2.971
0.816
11.276
4.284
5.855
11.314
18.828
18.768
18.770
18.537
18.381
18.410
18.414
18.580
18.680
18.095
17.672
17.258
17.324
17.556
17.567
17.410
17.244
17.282
17.036
17.286
17.305
17.163
17.014
16.792
16.815
16.453
16.778
16.856
16.457
16.649
16.592
16.344
15.973
12.495
15.078
15.757
15.629
15.799
16.116
15.767
16.398
16.063
16.403
16.543
16.663
16.931
16.213
16.630
16.554
16.601
16.720
16.601
16.405
16.104
16.061
15.239
16.384
16.659
16.752
16.423
16.849
17.262
17.173
17.078
17.181
17.157
16.794
17.136
17.061
16.541
16.581
16.961
17.078
17.488
17.765
17.968
18.333
18.424
18.417
18.631
18.573
18.661
18.787
18.847
18.913
15.326
15.991
18.935
18.557
18.669
18.835
17.579
8.371
20.326
20.566
20.017
19.906
19.818
20.043
13.793
13.816
15.091
19.674
20.785
20.872
21.383
21.299
21.409
15.453
21.484
22.137
22.303
21.884
23.011
22.850
22.961
23.048
23.343
23.526
23.782
23.287
23.852
23.773
23.580
23.828
23.828
23.118
23.303
20.443
10.028
24.652
24.510
24.389
21.773
24.599
24.832
24.631
24.908
25.255
24.126
19.525
20.243
24.648
25.134
25.903
25.649
16.580
26.173
26.934
27.343
27.176
27.022
26.828
26.905
24.271
20.152
26.446
27.004
20.744
27.054
24.134
16.641
11.793
10.818
10.715
21.310
17.025
19.917
27.602
20.915
27.045
27.826
27.854
27.996
28.173
28.325
28.940
28.934
28.590
27.661
23.513
28.326
28.934
28.738
28.891
23.537
27.985
28.770
27.798
24.366
20.207
29.106
28.837
28.786
28.929
28.745
28.918
28.802
28.656
27.701
22.552
28.884
19.182
5.604
3.074
27.326
14.819
17.848
16.839
14.236
15.711
21.764
21.701
18.862
26.497
20.005
20.906
21.031
5.247
17.366
25.377
12.663
11.155
17.907
10.258
28.190
23.950
16.906
19.681
9.119
12.958
23.351
19.521
2.221
5.272
17.468
22.249
21.036
18.685
15.509
14.904
14.140
10.655
17.270
20.593
21.532
19.736
21.494
25.052
26.348
24.939
19.717
19.816
18.066
15.666
12.691
20.315
13.994
13.927
13.780
3.158
5.007
11.086
21.190
23.676
7.184
11.604
25.583
22.486
19.459
20.295
23.250
23.130
13.997
21.343
14.445
18.540
17.471
23.282
24.911
22.839
23.555
22.068
16.475
12.048
8.907
3.458
23.951
21.820
25.180
19.142
18.210
13.445
12.551
18.021
21.694
22.582
22.739
8.353
21.239
22.988
24.558
24.391
24.888
24.485
24.050
23.631
23.923
23.752
23.819
23.578
23.532
23.437
23.391
22.658
8.997
18.508
22.335
22.875
20.153
22.394
22.246
22.133
21.885
19.263
8.254
8.808
4.464
3.922
13.827
16.529
13.033
21.141
17.101
14.741
20.866
10.584
20.691
8.570
2.608
5.699
2.790
9.409
19.981
20.646
20.430
20.225
20.326
12.940
8.471
13.103
2.515
18.339
16.575
19.635
19.972
19.959
19.724
19.447
19.004
15.513
18.876
19.241
19.270
19.224
19.189
18.687
18.338
18.752
18.583
18.488
18.547
18.113
18.021
17.945
17.796
17.913
17.899
17.611
17.285
17.281
17.302
17.219
17.061
16.742
16.184
16.212
16.578
16.908
16.907
16.917
16.744
16.789
16.458
16.367
16.435
16.342
16.425
16.422
16.497
16.294
16.203
16.298
16.088
16.087
15.977
15.910
15.781
15.755
15.629
15.657
15.762
16.195
16.151
16.047
15.971
15.691
16.051
15.900
15.937
15.925
16.533
16.880
15.364
15.138
16.965
16.966
16.677
15.993
9.271
10.150
16.441
17.131
16.963
16.235
16.785
15.720
16.384
16.186
18.011
16.959
16.916
16.469
16.773
18.403
18.448
18.697
17.953
18.584
18.786
18.996
19.428
18.785
19.156
18.725
19.157
19.084
19.163
19.324
19.541
19.321
20.156
19.736
9.107
12.008
9.280
20.822
21.047
21.281
21.248
20.918
20.419
14.649
21.008
19.762
18.459
14.818
12.407
11.280
20.612
22.194
12.978
22.523
22.162
22.946
22.882
23.126
22.155
22.873
19.781
21.631
23.424
23.904
24.347
24.170
23.938
23.976
24.832
23.788
24.473
24.734
24.380
23.059
24.244
24.736
25.281
25.537
25.437
25.406
25.550
25.788
26.158
26.670
26.165
26.165
26.177
25.284
26.580
27.410
27.382
24.577
24.392
25.696
26.818
20.216
26.855
19.771
24.310
27.200
27.304
27.339
27.541
27.826
27.934
27.889
20.710
27.918
28.924
28.563
25.761
26.125
26.953
14.087
22.355
19.892
17.109
26.484
17.205
12.144
21.787
28.548
20.864
28.347
28.924
25.942
23.077
25.099
29.042
29.512
28.857
29.006
29.657
28.955
19.211
4.363
6.377
12.706
28.855
28.855
28.216
28.184
14.443
28.001
28.502
29.086
29.343
28.998
29.151
29.186
22.177
29.047
28.777
28.431
28.925
21.023
15.867
16.070
10.862
12.228
7.482
12.713
24.085
26.131
22.374
14.102
19.207
12.611
12.369
20.503
9.833
13.845
2.904
1.971
3.280
5.621
23.830
19.882
26.406
17.123
26.687
23.259
26.123
22.444
25.259
23.022
22.942
14.420
13.273
6.472
18.175
6.286
7.874
15.198
16.807
2.433
21.466
26.115
25.025
12.039
10.811
13.141
