20000101
16.592
16.634
16.871
16.859
16.934
16.961
16.898
16.757
16.119
15.705
16.753
16.690
14.751
16.757
14.203
16.981
17.767
17.640
17.526
17.777
17.535
17.626
17.501
17.580
17.889
18.133
18.096
18.006
18.285
18.461
18.602
17.546
18.193
18.220
18.364
6.357
9.592
18.980
18.715
17.807
19.897
3.280
12.665
14.699
19.700
20.577
20.157
20.348
20.897
20.942
21.108
9.232
19.575
16.361
21.409
21.024
14.468
22.250
22.319
22.214
22.001
20.654
22.397
22.629
22.752
22.976
22.020
22.925
23.991
24.110
24.219
23.586
22.888
23.105
24.207
25.022
24.733
24.619
24.742
25.507
25.504
21.581
6.923
17.680
25.061
25.506
23.492
25.541
25.996
26.052
26.437
26.489
26.222
26.630
26.839
26.795
27.101
27.488
27.459
27.201
27.213
27.560
27.055
27.487
27.407
24.874
26.442
27.343
27.491
27.348
27.392
27.195
27.412
21.490
23.359
22.031
27.541
22.461
27.279
28.006
28.488
28.803
28.945
26.538
27.477
26.502
27.759
22.690
24.643
27.976
17.519
24.365
26.136
27.320
25.854
12.012
19.713
28.296
26.761
18.469
22.722
10.783
16.042
15.593
22.153
21.466
26.137
28.256
25.905
27.427
27.927
25.879
19.163
12.490
20.718
24.330
11.114
8.919
21.820
17.277
13.625
14.637
26.111
25.408
24.547
23.008
21.023
15.935
10.745
22.622
11.996
20.155
18.665
19.789
26.739
26.566
14.736
23.429
14.747
12.590
24.702
22.392
14.905
11.840
11.276
12.965
12.762
12.352
2.554
14.245
14.003
20.658
19.639
14.088
20.886
17.082
19.736
22.059
23.259
20.387
12.641
24.230
13.544
20.190
19.492
16.949
15.679
21.826
15.063
18.812
22.256
23.865
22.768
21.557
23.284
24.730
25.216
23.970
12.452
14.558
22.620
23.074
25.258
21.894
18.655
18.406
22.724
23.942
21.708
20.706
19.151
23.685
25.102
24.628
24.988
25.163
25.049
24.614
24.985
24.830
24.332
23.188
23.862
12.499
2.096
7.825
8.871
24.003
21.388
20.811
20.307
19.146
12.682
23.689
23.974
24.091
23.306
21.241
12.919
20.892
22.167
9.394
13.344
5.651
22.180
20.039
18.797
22.760
22.852
22.970
22.841
22.942
15.827
22.215
21.367
22.017
20.658
21.875
21.521
21.503
21.293
20.778
18.694
20.381
21.094
21.450
21.802
22.026
21.757
21.042
20.566
19.941
19.821
20.349
20.785
20.450
20.726
20.488
20.352
20.323
20.038
15.236
18.846
19.443
19.453
19.261
19.266
18.780
18.674
18.775
18.975
18.888
18.815
18.812
18.481
18.380
18.460
18.210
18.224
17.853
18.194
17.901
17.849
17.563
17.505
17.398
17.104
16.985
17.059
17.285
17.154
17.067
16.630
17.114
16.681
17.170
17.620
17.395
17.189
17.014
16.951
16.673
16.560
16.556
16.411
16.265
16.603
16.580
16.453
16.453
16.266
16.272
16.326
16.216
16.491
16.587
16.538
16.406
16.296
16.054
15.832
15.950
16.260
16.502
16.439
16.202
1.351
15.111
16.414
16.528
16.885
16.833
16.769
16.528
16.150
17.142
17.307
17.206
16.941
17.633
17.766
17.235
17.519
17.957
18.052
18.246
17.796
17.229
17.661
18.666
18.786
18.738
18.693
18.800
18.845
18.564
18.717
18.378
18.374
19.477
19.374
18.720
19.959
20.266
20.296
20.335
20.367
20.406
20.964
20.848
20.548
19.483
17.372
20.202
20.517
20.882
20.975
18.937
21.272
21.162
21.263
18.932
21.399
21.742
21.428
14.914
20.722
21.906
22.234
18.257
23.243
23.638
23.136
23.494
23.888
24.017
24.062
24.134
23.823
23.405
23.929
22.221
24.828
24.935
24.291
24.222
10.734
20.570
25.231
23.421
25.259
25.382
25.621
25.052
18.361
19.321
21.385
26.041
26.389
26.320
26.127
23.806
26.748
25.547
26.958
24.285
26.944
27.103
14.433
17.085
16.134
25.108
20.776
24.468
26.744
27.344
28.010
28.144
28.244
28.303
28.110
27.816
27.901
28.283
28.314
27.946
27.779
18.058
27.675
19.970
26.664
27.460
26.649
21.504
28.137
28.731
27.964
20.398
25.923
12.449
23.455
23.079
17.139
22.040
26.438
14.245
13.944
16.528
27.429
28.880
28.883
27.565
21.303
18.522
24.689
16.195
28.413
12.044
12.913
12.868
16.255
13.509
16.522
22.627
22.904
26.154
16.368
16.376
13.517
16.525
9.012
7.736
12.660
16.908
20.311
15.556
12.067
24.119
5.116
19.936
19.283
14.491
21.132
23.649
21.569
22.577
20.229
20.482
20.996
25.478
25.991
25.867
26.938
26.501
26.423
19.499
22.392
23.216
20.579
5.970
7.575
15.011
13.412
18.978
22.697
11.278
21.817
19.092
24.794
22.909
23.775
22.017
22.784
25.760
23.389
17.353
20.470
25.313
24.752
19.687
24.517
25.281
16.139
19.978
25.330
24.346
22.771
23.971
25.294
18.633
15.898
22.059
13.651
22.535
24.929
24.781
22.786
23.202
11.140
19.377
13.970
18.972
12.400
18.987
20.864
21.361
24.306
12.518
14.228
19.473
19.131
17.121
14.966
21.395
23.132
20.603
22.937
20.663
23.660
22.601
21.885
23.339
23.084
22.520
21.677
20.775
23.939
24.121
23.906
23.169
23.091
22.937
22.455
22.397
22.320
22.220
21.877
19.800
21.207
18.425
17.930
20.703
16.611
15.682
18.802
20.621
20.896
19.848
20.898
20.838
21.186
21.301
20.660
21.051
21.551
19.127
20.761
20.854
20.735
20.751
19.965
20.060
19.896
19.914
20.278
19.890
19.328
17.970
18.931
19.148
19.442
19.182
19.094
18.941
18.877
18.711
18.389
18.424
18.447
18.602
17.504
18.294
18.100
18.000
17.783
16.452
16.833
17.521
17.815
17.431
15.311
14.953
16.968
17.033
17.027
16.962
16.822
16.706
16.624
17.092
17.169
16.928
16.903
16.660
16.689
16.566
16.437
16.379
16.418
16.065
16.353
16.208
16.186
16.309
16.212
15.967
16.135
16.133
16.054
16.290
15.851
16.540
16.401
16.383
16.474
16.434
16.388
16.325
16.083
16.091
16.557
16.668
16.849
16.873
16.109
16.699
16.526
16.541
14.190
16.822
16.915
17.142
17.114
17.004
16.826
16.798
16.553
15.839
16.649
16.987
16.627
12.741
12.875
5.943
18.007
18.398
18.218
12.337
11.407
18.098
18.577
18.838
18.946
19.022
19.352
19.492
19.356
13.889
13.218
10.790
19.056
18.968
18.020
11.184
19.730
20.375
20.273
20.373
20.658
17.205
20.878
20.523
20.700
21.153
20.852
21.039
16.323
21.784
21.765
21.867
21.671
21.630
21.103
22.911
22.767
23.040
23.393
21.608
15.194
22.567
23.077
23.544
21.590
21.733
8.887
24.235
24.731
24.709
24.597
24.787
24.984
24.607
24.715
24.825
24.996
24.952
15.728
18.287
17.300
26.493
25.851
25.856
21.774
25.838
26.213
26.018
26.116
26.356
25.828
26.378
19.323
22.981
25.238
26.873
27.073
27.035
27.171
27.492
27.368
27.486
26.951
23.465
23.930
27.405
27.086
23.987
18.437
28.047
28.540
28.633
28.348
28.015
28.007
27.834
28.308
28.357
27.818
27.238
28.498
28.221
27.886
28.548
28.270
27.889
17.928
17.174
17.741
16.798
24.386
29.113
29.104
28.605
30.009
29.478
27.717
23.347
22.986
17.366
24.061
19.235
19.688
22.619
28.886
28.563
17.038
14.897
23.983
19.896
25.780
24.429
27.441
18.578
16.426
17.301
26.171
22.766
18.911
25.756
25.822
22.438
20.550
20.266
24.041
23.789
5.719
23.897
15.144
15.767
10.525
17.306
13.589
25.490
23.308
20.457
6.164
4.398
4.302
21.680
21.885
22.064
25.784
21.605
25.112
17.115
20.316
22.444
11.292
24.114
19.146
26.557
22.742
24.658
18.314
14.094
13.420
21.807
22.764
26.173
18.021
4.764
21.213
20.585
11.805
24.391
17.757
23.748
8.535
24.365
23.023
19.741
25.161
23.795
20.322
2.132
7.991
1.899
7.920
19.637
17.462
21.206
18.423
17.239
12.774
19.204
19.893
16.805
23.437
23.716
24.824
23.083
18.743
22.690
22.963
24.179
22.940
21.498
16.213
19.860
23.872
22.268
23.464
23.561
21.134
18.470
4.843
21.528
21.606
22.800
23.852
24.160
23.032
23.356
23.320
23.095
22.239
15.537
19.161
20.590
18.314
18.833
19.032
22.000
21.928
22.070
22.318
22.899
22.481
22.401
22.194
21.568
21.403
21.047
20.411
21.346
21.369
19.312
20.934
20.500
20.459
20.576
11.756
4.416
17.346
20.670
20.711
20.481
20.290
19.859
20.242
20.293
20.286
20.182
19.845
19.753
19.604
17.857
19.290
19.299
18.988
18.699
18.580
18.247
18.214
17.957
14.420
12.049
13.542
17.480
18.176
18.081
18.000
18.040
17.790
17.771
17.485
17.456
17.268
17.069
16.213
16.774
17.254
17.265
16.972
17.029
17.101
16.938
17.337
17.073
16.757
16.581
16.376
16.343
16.381
16.458
16.723
16.696
16.390
16.149
15.932
16.069
16.010
15.845
15.866
15.806
16.083
15.941
16.083
16.002
13.062
15.734
16.021
15.938
16.214
16.435
16.471
14.175
10.991
14.499
16.497
16.308
16.471
16.668
16.855
16.587
17.166
17.163
17.227
17.388
17.100
17.626
17.750
17.552
17.608
17.585
17.771
18.045
18.034
18.138
17.910
18.001
17.767
18.131
17.820
17.610
15.404
17.957
17.897
16.280
12.978
16.268
14.693
17.529
18.924
19.181
19.134
17.933
16.072
11.390
15.885
19.668
20.325
20.241
20.424
19.079
16.765
12.375
16.866
20.965
21.127
20.888
21.174
21.314
21.621
21.417
21.323
19.100
20.834
21.536
22.739
23.841
23.443
23.697
23.723
23.385
23.444
22.100
12.881
23.006
23.182
23.127
22.769
19.375
24.055
18.633
24.247
24.666
24.644
24.660
24.482
15.144
23.515
22.091
14.334
19.140
19.627
25.044
25.991
25.852
25.320
18.893
18.915
25.629
25.372
26.766
27.133
27.312
27.238
26.966
26.925
25.674
20.813
26.828
26.821
26.884
25.685
27.108
27.239
27.483
28.154
28.062
27.561
25.372
20.842
23.124
14.663
12.903
17.081
27.702
27.833
28.922
29.300
29.164
28.983
29.021
10.054
28.607
28.521
28.113
28.053
24.048
20.021
28.527
29.822
28.984
29.161
27.209
28.598
18.712
28.183
24.726
25.158
28.845
28.905
29.149
29.522
29.923
29.677
29.381
28.959
28.544
25.130
22.908
26.043
28.034
26.617
16.071
28.083
23.346
25.046
23.344
13.328
16.854
17.224
23.316
13.657
15.725
12.090
16.827
15.711
14.869
19.447
21.977
22.408
19.463
11.683
16.507
21.421
21.965
25.243
25.757
20.467
20.058
18.675
20.506
10.769
14.136
20.280
24.141
20.796
23.020
19.078
24.006
25.895
25.973
25.703
23.945
12.152
15.533
19.018
23.371
25.483
15.509
4.627
5.413
23.888
22.401
16.125
0.939
19.428
18.267
25.395
21.852
25.656
26.025
25.363
25.758
18.888
24.764
22.907
16.997
13.617
23.274
13.130
19.798
17.484
17.037
18.411
23.798
23.156
23.945
10.205
21.531
19.741
23.728
24.390
8.002
14.254
18.084
22.196
20.722
6.841
20.635
21.129
19.859
23.827
12.938
16.796
8.343
22.410
19.829
21.483
14.021
21.892
22.770
22.544
20.220
20.222
19.735
18.445
19.940
22.362
22.083
21.942
19.186
17.984
18.381
20.172
19.756
19.227
19.806
22.331
22.489
18.184
18.587
7.693
1.218
3.874
2.268
18.735
21.159
21.589
21.665
21.853
21.617
20.789
20.082
19.372
17.179
18.301
19.567
19.199
1.830
0.839
1.399
7.232
12.620
6.546
14.562
9.657
16.972
3.289
11.497
19.127
18.989
19.005
18.989
18.613
18.488
18.641
18.510
16.911
18.586
18.506
18.322
18.205
17.933
17.780
17.577
17.399
17.206
17.834
17.931
17.626
17.458
17.143
17.432
17.349
17.165
17.044
17.189
16.902
16.934
16.957
16.659
16.587
16.360
16.516
16.252
15.843
16.077
16.087
16.215
16.080
16.233
7.942
2.469
6.493
15.796
15.998
16.120
16.194
16.278
16.092
16.120
16.185
16.124
14.886
15.227
15.981
16.036
16.015
16.489
16.377
16.391
16.693
16.602
16.346
16.573
16.690
16.653
16.635
16.461
16.593
16.654
16.785
16.859
16.721
16.885
16.991
17.321
17.267
17.011
16.787
2.737
17.041
17.755
17.737
18.220
18.464
18.360
17.295
16.152
15.631
18.488
19.230
19.425
19.217
19.005
19.621
19.575
19.675
19.779
19.817
19.833
19.651
19.981
20.168
20.526
20.517
20.226
20.548
20.567
21.198
21.357
21.420
21.616
21.488
21.737
21.907
21.735
22.051
22.491
22.754
23.078
23.002
22.916
20.040
22.914
22.120
22.213
20.255
23.176
23.501
23.456
23.830
23.838
24.056
23.924
24.120
24.590
24.845
25.227
24.824
24.964
25.001
25.449
25.140
25.037
25.176
25.296
22.590
20.769
25.979
26.116
26.111
25.951
25.723
25.845
23.662
25.879
26.071
26.126
26.307
26.894
27.188
26.882
27.037
27.041
27.303
27.667
27.438
26.739
23.973
24.294
19.178
27.467
15.062
18.546
24.985
26.888
23.840
24.630
17.907
28.003
29.172
29.061
28.947
28.349
28.396
24.591
12.546
27.842
27.969
27.908
25.377
25.852
27.185
27.517
27.759
28.117
28.353
29.016
29.196
27.863
28.830
28.286
28.722
25.431
25.476
20.432
28.966
28.838
28.603
28.351
26.061
25.540
27.523
25.121
21.702
23.340
25.015
26.919
22.728
16.405
10.328
7.757
3.182
4.202
23.689
20.708
10.978
21.781
5.693
21.203
27.575
26.246
27.860
20.927
17.769
19.246
20.395
26.291
17.437
24.356
16.012
13.182
14.795
21.485
17.461
23.812
14.104
23.801
8.992
27.181
27.146
10.912
18.460
22.494
13.147
21.983
24.744
21.826
18.698
22.948
22.715
22.899
17.894
22.099
25.886
19.510
24.673
24.001
23.487
22.558
25.226
25.426
25.652
23.127
11.058
22.533
8.772
5.292
20.905
20.178
20.511
15.165
4.071
17.431
23.466
21.351
23.692
22.309
24.596
21.082
8.943
14.709
24.653
22.051
24.508
23.916
20.303
21.893
7.659
24.365
19.421
15.698
22.246
23.363
24.414
24.176
23.478
23.935
22.951
24.113
11.558
15.351
15.061
7.542
21.747
13.282
16.954
15.596
4.467
19.371
21.363
22.253
22.385
22.457
22.277
22.284
12.150
22.033
18.438
21.695
22.191
20.641
21.282
21.577
20.868
19.100
17.220
2.633
21.210
21.641
21.517
16.716
20.570
20.592
18.855
14.857
21.482
21.403
21.134
20.725
20.632
20.655
20.259
19.320
20.083
20.301
19.377
19.652
16.822
19.014
19.331
19.392
19.460
19.756
19.730
19.518
19.280
19.008
18.720
18.401
18.142
18.369
18.323
18.046
17.924
18.292
18.103
18.102
17.727
17.462
17.480
17.542
17.187
17.094
16.914
16.791
16.658
16.537
16.647
16.438
16.638
16.582
16.305
16.560
16.505
16.449
16.337
16.522
16.298
16.082
15.947
15.834
15.938
15.671
15.792
15.824
16.026
16.142
15.930
15.779
15.644
15.583
15.914
15.831
15.457
14.259
12.330
16.233
16.473
16.346
16.357
16.504
16.080
15.141
15.028
7.081
15.779
16.453
16.433
12.065
16.779
16.706
16.666
15.613
16.735
16.729
16.906
16.446
16.949
16.187
12.890
17.148
17.644
16.596
16.955
4.793
17.496
17.404
16.950
17.146
4.294
17.023
5.826
9.543
1.786
19.085
19.045
19.003
18.649
18.746
14.532
15.928
18.840
19.695
19.231
19.563
19.562
19.998
19.836
19.696
19.841
18.744
19.992
20.118
18.711
8.411
20.792
21.760
21.522
21.678
21.569
21.747
21.556
21.702
21.588
21.818
21.458
22.024
21.291
20.741
16.651
8.197
8.294
10.900
23.205
23.455
23.495
23.579
23.334
23.587
23.748
24.548
24.376
23.249
10.972
19.123
24.638
25.214
25.071
23.048
24.828
14.974
25.253
26.512
26.860
26.764
26.670
26.781
26.712
26.672
16.484
5.404
26.330
27.460
28.164
28.089
26.663
27.231
27.073
27.641
26.871
25.658
22.337
27.640
27.624
27.216
25.276
15.857
25.062
22.630
26.322
24.451
17.927
17.633
24.625
23.822
23.111
23.501
17.618
27.295
27.298
28.402
29.068
29.433
29.590
29.221
29.024
29.424
29.158
27.253
24.906
23.324
28.275
28.944
28.243
28.234
27.856
28.889
29.120
25.257
28.319
23.236
28.809
24.166
28.993
29.837
29.195
24.700
17.300
26.558
19.162
20.056
21.656
24.903
29.066
29.120
29.394
28.741
28.692
26.396
28.767
28.775
19.570
27.749
18.878
16.018
15.983
13.252
13.797
12.774
10.953
6.967
3.192
14.209
21.983
21.682
13.363
8.488
5.199
24.442
26.056
21.548
18.334
15.365
19.015
17.958
2.097
0.968
13.229
17.962
18.985
20.189
22.072
23.801
25.612
24.067
24.545
21.409
25.079
18.786
14.446
26.277
24.533
15.353
12.272
25.867
25.923
15.256
3.348
19.031
22.502
20.218
23.676
26.069
23.971
10.950
18.142
25.549
18.523
15.576
14.843
19.131
22.269
21.643
20.048
16.785
17.938
17.051
13.024
24.843
24.827
24.446
25.197
21.288
25.289
19.430
24.425
24.246
21.928
20.263
23.572
20.102
22.950
21.853
23.308
19.773
19.619
11.468
6.694
11.103
12.734
15.206
22.984
4.312
20.636
21.310
20.874
15.113
22.390
22.271
21.445
22.336
17.119
22.529
22.100
22.346
22.109
21.550
16.051
10.479
21.664
21.798
21.747
21.811
16.256
21.233
21.089
20.736
10.697
1.499
1.933
10.915
9.116
15.978
4.484
1.798
4.179
5.987
5.092
14.369
18.613
19.091
16.080
18.768
18.286
18.868
15.325
2.579
18.620
16.572
11.344
19.063
19.224
19.007
18.791
18.507
18.649
18.661
18.430
18.489
18.320
18.269
18.063
18.348
18.232
17.989
17.784
17.373
17.493
17.209
16.754
16.783
17.287
16.940
16.928
16.757
16.309
16.257
16.007
16.013
14.527
17.094
17.047
16.804
16.548
16.466
16.550
16.665
16.616
16.738
16.601
16.546
13.049
14.655
16.196
16.229
16.024
15.553
14.229
13.200
15.211
16.086
16.261
16.183
16.173
16.415
16.387
16.429
16.369
16.609
16.381
16.497
16.813
16.675
16.761
16.775
17.106
17.059
17.249
17.119
17.025
17.174
16.952
17.229
17.230
17.053
17.002
17.286
17.135
17.787
17.502
17.159
18.411
18.284
18.351
18.312
18.373
18.468
18.562
18.682
18.693
19.097
19.211
19.250
19.388
19.362
19.340
19.422
19.310
19.791
19.758
19.734
20.007
20.067
20.176
20.367
20.355
20.460
20.374
21.117
21.294
21.200
21.583
21.809
21.904
21.317
21.233
18.389
21.285
21.937
21.209
21.999
22.121
22.471
18.992
17.413
13.596
9.268
15.862
15.076
22.429
8.808
22.895
24.113
25.027
24.792
24.657
21.872
25.295
25.373
24.988
24.776
22.803
23.783
25.052
25.782
26.032
26.141
25.870
25.589
25.836
25.823
26.336
26.562
26.333
26.201
25.956
26.333
26.271
26.649
24.915
25.908
24.901
15.051
11.859
14.139
26.854
26.828
27.168
14.756
26.950
25.913
22.609
27.512
27.746
26.456
26.008
27.654
27.595
26.414
27.252
26.001
26.923
28.254
24.110
26.102
26.600
15.559
25.717
12.735
16.339
27.865
19.792
14.456
16.426
27.224
16.954
23.718
24.077
17.395
14.144
18.966
15.947
12.495
10.482
15.693
27.612
23.878
18.828
19.871
19.129
21.113
9.292
13.088
6.602
8.461
2.428
16.059
28.072
27.590
22.641
25.449
28.698
21.265
27.646
23.812
28.577
28.552
26.491
15.700
15.992
15.054
16.919
16.599
25.536
8.847
23.648
21.004
23.100
26.624
19.116
14.537
10.978
18.251
8.788
19.346
6.997
1.256
1.965
7.095
6.010
13.841
18.461
23.095
19.077
20.924
25.897
20.817
15.535
16.044
23.846
19.958
24.802
25.287
23.054
24.409
24.586
14.545
2.859
24.964
24.321
12.100
18.555
5.844
18.270
22.960
25.731
17.072
25.726
25.435
20.623
23.582
19.578
24.520
22.469
24.218
4.395
7.755
19.945
21.871
21.985
18.545
7.537
15.653
14.994
19.522
14.801
19.801
18.223
11.633
22.534
24.973
24.850
13.638
24.062
10.116
22.713
23.972
23.469
22.299
20.697
23.124
16.723
21.362
20.121
20.007
22.060
21.169
21.106
20.650
17.945
3.019
1.430
4.024
1.249
3.508
6.822
21.087
21.860
20.072
21.045
20.198
20.013
21.545
21.477
22.184
22.208
22.105
22.037
21.512
21.518
21.423
21.683
21.068
21.039
20.873
20.953
21.071
21.104
20.457
17.232
19.904
18.294
19.872
20.241
20.205
20.168
17.958
18.778
14.805
18.811
13.342
8.701
17.983
9.548
9.651
6.902
18.077
18.416
18.361
4.463
16.798
17.483
17.675
17.816
17.866
17.798
17.863
17.701
17.651
17.335
17.389
17.251
17.044
17.050
16.792
16.586
16.777
16.978
17.018
16.595
16.229
16.752
16.927
17.257
16.902
16.311
16.042
16.010
15.826
15.729
15.146
15.737
16.010
16.297
16.258
16.273
16.156
15.962
15.915
15.975
15.611
15.674
15.899
16.101
16.378
16.224
16.195
15.778
15.921
16.296
16.405
16.303
16.298
16.310
16.351
16.647
16.730
16.645
16.497
16.546
16.976
16.959
16.494
16.277
16.689
17.140
17.251
16.924
17.478
17.412
17.331
17.487
17.144
17.686
18.261
18.052
17.922
18.038
18.102
18.067
16.193
17.742
15.630
18.415
18.682
18.803
18.527
18.368
18.937
10.213
18.108
18.681
15.212
14.962
16.067
4.154
18.247
20.113
14.681
20.393
20.476
20.658
20.963
21.277
21.074
20.950
20.799
20.585
21.096
21.354
21.497
14.271
13.744
22.460
22.546
23.133
23.296
23.523
23.286
21.717
17.362
12.503
17.038
16.734
8.609
23.642
24.282
23.688
23.860
23.942
24.041
23.193
23.479
24.152
24.619
25.186
25.829
25.833
25.518
25.587
25.657
25.686
25.865
25.669
26.238
26.838
26.790
26.364
26.110
25.899
23.406
26.425
26.809
26.247
26.087
19.775
22.446
20.027
15.410
9.055
12.662
22.411
22.810
22.365
27.243
27.287
25.066
24.360
19.463
13.577
16.104
11.286
19.785
15.700
13.643
12.489
10.824
16.292
14.391
14.132
18.754
27.180
27.890
20.426
25.207
21.705
14.891
13.352
19.632
16.027
14.098
20.347
27.552
24.200
28.515
27.712
27.848
20.159
14.315
15.532
27.853
28.631
28.102
28.938
29.121
28.946
16.322
22.642
20.803
16.562
19.515
9.101
13.312
15.808
14.113
10.928
12.621
7.917
18.315
24.944
23.435
13.779
14.220
21.402
17.992
19.312
18.757
9.016
18.947
7.562
17.969
3.967
13.275
18.140
21.545
9.287
16.214
4.577
1.583
6.518
23.286
26.957
22.828
19.946
23.327
17.093
7.787
18.244
11.312
18.523
20.356
17.059
5.375
2.847
20.502
23.136
14.980
1.717
20.127
19.493
19.346
19.347
20.864
18.476
9.902
23.889
20.122
24.485
25.651
17.866
15.293
20.569
25.284
25.020
24.590
20.215
19.527
11.323
10.064
1.277
23.781
4.223
9.514
9.177
24.979
23.048
22.709
23.194
20.063
22.243
11.208
11.479
22.530
23.176
22.349
20.804
17.115
22.583
19.148
21.727
15.531
16.982
21.931
21.772
16.436
22.941
22.636
23.603
20.679
16.958
18.057
20.406
13.510
19.891
19.927
18.455
13.735
1.580
2.261
17.726
21.567
10.314
14.816
16.018
15.876
10.676
20.486
18.962
20.807
19.175
20.826
21.371
21.229
21.308
20.631
21.578
21.229
21.649
20.846
19.780
20.082
17.069
20.639
20.676
20.671
20.710
20.963
20.641
20.525
20.195
19.924
19.630
19.611
19.501
19.343
5.427
14.362
17.616
18.710
18.518
18.543
16.919
18.013
15.282
17.694
17.953
18.472
18.341
18.308
18.174
17.638
15.552
17.422
17.281
17.496
17.674
17.534
17.420
17.008
17.128
17.117
16.708
16.559
16.732
16.707
16.583
16.602
16.431
15.857
16.537
16.172
16.149
15.638
15.988
16.594
16.344
15.940
15.735
15.561
15.531
15.607
15.815
16.695
16.783
16.808
16.369
16.411
16.439
16.301
16.007
16.176
16.289
16.206
16.245
16.520
16.717
16.911
17.106
16.810
16.196
16.146
16.358
16.324
16.341
16.547
16.743
16.334
16.489
16.562
17.023
17.220
17.377
17.071
16.750
16.991
16.921
16.434
17.115
14.133
2.932
2.964
3.212
5.830
18.023
18.332
11.509
3.250
11.367
19.221
19.340
18.597
15.415
15.487
6.456
15.057
0.768
15.717
19.863
20.091
20.321
20.973
20.978
20.771
20.761
20.687
20.668
20.796
20.847
20.912
20.914
21.174
21.208
21.402
22.362
22.394
22.378
22.459
22.403
22.377
22.407
22.445
22.654
22.796
22.875
22.905
23.245
23.384
23.436
22.795
14.013
20.330
20.744
23.882
24.331
24.459
23.395
21.479
23.931
24.871
22.518
20.411
22.679
21.626
25.454
25.530
25.381
25.732
24.113
20.846
25.492
20.011
20.303
8.468
23.249
25.955
26.620
26.380
26.847
26.433
26.174
18.770
24.256
18.609
26.607
26.658
26.991
28.199
28.292
28.185
28.200
28.180
28.233
28.153
27.984
28.177
28.205
28.912
28.508
27.981
27.223
26.760
27.142
25.190
17.531
27.253
24.028
27.497
28.153
27.405
19.392
26.723
23.443
21.939
26.892
21.974
23.448
26.323
18.025
25.048
14.336
15.579
12.282
16.349
27.986
25.434
29.036
28.050
24.228
28.227
19.831
20.167
13.361
16.621
10.437
18.878
9.066
19.038
17.564
13.475
13.033
27.048
24.133
18.249
19.053
22.618
4.842
1.199
13.892
23.433
12.364
15.377
24.490
23.065
18.729
25.594
26.537
21.533
9.568
3.716
20.681
25.739
22.190
14.821
23.199
18.835
17.922
25.021
17.885
21.704
17.177
23.520
25.767
24.986
22.526
21.209
24.284
24.921
19.528
3.414
25.735
26.035
7.740
9.330
25.068
23.612
23.771
21.393
10.957
14.118
22.398
24.958
24.994
23.584
21.634
25.586
24.439
23.274
20.788
23.451
5.958
11.062
20.312
21.680
24.570
16.389
21.322
23.210
18.436
11.346
9.143
14.244
22.837
21.070
21.504
24.229
24.288
22.363
18.067
23.367
24.399
24.346
22.134
24.415
24.376
24.349
24.209
24.379
24.330
23.903
23.237
23.438
23.550
23.432
23.261
23.182
22.108
18.113
4.977
10.813
21.792
22.922
22.646
21.923
18.853
19.192
20.675
20.621
22.568
21.375
5.359
21.581
21.714
21.680
21.526
20.986
19.795
21.193
21.267
21.392
21.308
21.441
21.476
20.769
18.320
19.028
15.944
20.855
20.483
19.841
20.761
20.728
20.607
20.546
20.300
19.884
14.972
18.614
18.827
19.696
19.805
19.487
19.181
19.383
19.231
19.101
18.763
18.686
12.842
18.283
18.613
18.428
17.972
18.100
17.985
17.777
17.615
15.416
16.405
17.400
14.512
16.955
11.835
16.674
16.655
17.512
17.371
17.222
16.662
16.800
16.888
16.502
16.074
16.187
16.042
16.298
16.414
16.368
16.126
15.925
15.590
15.601
15.656
15.731
15.839
15.545
15.593
16.125
16.054
15.948
16.108
15.828
15.694
15.186
15.151
12.798
16.145
16.269
16.141
16.183
16.241
16.244
16.176
16.123
16.194
16.353
16.310
16.278
16.138
12.608
13.829
15.505
13.927
15.960
15.700
16.671
16.781
16.717
16.917
17.109
17.242
17.011
17.067
17.269
17.853
17.526
17.563
18.031
17.176
17.767
17.764
18.012
18.357
18.375
18.210
18.991
18.876
19.119
19.233
19.151
19.125
19.458
19.387
19.658
19.937
19.050
19.956
19.978
20.231
20.528
20.426
20.569
20.689
21.092
20.904
21.192
21.154
20.214
21.298
21.527
21.553
21.557
21.672
22.569
22.153
22.165
22.575
22.573
22.880
23.379
23.371
22.666
14.137
22.859
24.446
24.029
24.229
23.430
20.251
22.763
24.242
24.586
14.788
18.054
23.195
24.375
24.656
16.905
21.429
25.297
24.497
22.677
17.742
25.189
26.059
25.690
25.521
25.708
26.025
26.185
26.219
18.014
23.374
26.455
27.223
27.534
26.670
26.841
27.169
26.840
26.544
28.189
28.069
27.999
27.774
27.596
28.953
29.344
28.427
28.131
29.341
28.312
28.211
28.045
28.239
27.574
17.749
26.654
20.269
18.596
29.202
28.633
28.657
24.346
22.950
17.555
22.528
27.610
22.686
22.623
13.242
16.700
26.074
13.451
15.707
16.585
13.857
16.645
1.312
27.414
27.249
28.309
26.667
22.408
19.104
23.980
22.324
16.641
27.574
20.632
23.829
28.537
28.999
29.077
26.875
27.153
28.439
22.560
18.386
22.749
25.831
25.643
28.808
29.066
26.110
28.662
29.547
29.111
19.487
10.144
24.720
9.188
16.980
9.718
17.281
20.813
20.982
13.426
19.913
22.698
23.455
21.559
25.681
20.017
24.093
13.416
25.910
26.202
25.376
7.970
19.355
25.760
26.622
23.317
25.111
11.069
23.174
16.466
25.756
23.348
23.109
13.501
20.851
21.200
21.283
24.663
26.038
21.088
7.381
20.921
23.700
13.297
17.706
10.864
25.409
24.127
24.174
18.886
22.808
15.700
18.768
13.140
23.132
22.906
22.403
25.051
22.979
16.848
24.343
14.286
22.896
16.272
17.006
20.985
22.905
23.309
22.326
21.218
21.558
22.320
23.547
13.820
4.871
1.133
22.896
16.956
21.876
23.721
23.760
23.774
20.718
21.853
18.658
23.112
22.603
18.782
22.007
23.112
18.819
21.541
21.662
22.387
19.428
22.192
21.088
19.995
21.826
21.832
1.837
18.804
16.497
16.606
16.563
19.436
19.637
22.000
21.636
21.783
21.416
21.650
21.233
21.116
20.221
20.775
20.875
21.087
20.734
20.900
21.020
20.746
21.090
20.697
20.577
20.547
20.258
20.157
16.881
17.712
19.508
19.341
18.894
18.581
18.479
18.037
18.110
15.325
13.758
7.687
5.642
16.627
7.944
16.573
15.550
9.887
0.797
16.778
17.140
17.948
17.713
17.590
17.450
17.384
17.028
17.351
17.154
17.103
16.754
16.813
16.546
16.622
16.673
16.520
16.385
16.355
16.228
12.961
16.176
16.083
15.945
15.995
16.023
15.890
15.642
15.563
15.435
12.667
15.703
16.046
16.381
16.329
16.410
16.101
15.938
15.931
16.173
16.192
16.227
7.474
14.803
16.542
16.681
16.499
15.871
16.499
16.777
16.918
16.837
16.652
16.596
16.566
16.432
8.855
16.221
15.954
16.983
17.692
17.430
17.647
17.714
17.782
17.877
18.002
18.003
18.011
18.158
18.306
18.171
18.409
18.496
18.453
18.534
18.148
18.535
15.543
19.239
19.066
18.956
19.007
12.437
7.312
19.127
14.454
19.341
19.516
19.442
10.615
19.511
20.849
20.710
20.916
21.257
20.852
10.266
21.049
21.311
21.490
21.656
21.681
21.785
22.137
21.344
22.286
22.065
22.138
22.084
22.510
23.025
23.294
21.137
23.285
23.563
24.004
23.939
20.709
22.486
23.843
24.001
24.414
24.634
24.738
24.793
25.047
24.868
23.419
24.934
25.286
25.482
25.716
25.761
25.439
25.824
25.844
25.860
26.213
26.481
27.031
26.908
24.226
25.394
26.675
27.168
26.988
26.794
27.619
27.317
27.319
27.082
27.346
27.329
27.362
27.486
27.551
27.665
27.944
27.872
27.472
25.567
11.627
26.447
17.240
20.715
20.140
18.014
13.217
16.350
20.761
27.558
28.053
28.107
28.449
28.608
25.563
24.865
25.912
28.471
28.440
18.612
23.733
15.759
14.167
20.659
25.548
19.656
28.047
27.109
27.881
27.827
27.970
19.895
25.949
29.089
28.940
28.828
19.967
28.109
28.409
28.285
26.564
22.880
28.215
20.781
17.933
22.169
12.430
21.791
20.930
10.089
12.394
9.309
13.391
13.404
9.789
16.765
18.140
9.886
22.880
24.140
22.145
19.393
13.834
20.617
13.444
18.213
25.748
24.557
20.957
19.841
21.146
15.545
11.391
12.265
13.649
18.796
12.055
20.228
18.074
25.275
22.465
16.752
23.237
20.856
21.252
23.960
20.130
16.196
13.406
16.838
26.390
26.009
16.842
23.933
20.941
22.076
25.501
22.700
19.480
23.935
25.201
23.591
15.579
22.569
17.243
14.103
21.293
20.757
23.505
21.583
22.531
23.719
20.861
14.992
21.136
17.088
21.752
5.689
19.917
21.296
23.732
22.071
20.668
23.352
20.423
23.045
20.895
23.765
23.634
22.163
21.662
22.814
21.302
23.266
22.743
22.252
20.285
18.260
21.386
19.598
17.086
22.272
18.982
16.936
20.082
22.217
21.021
20.441
22.688
22.673
22.561
22.324
22.951
22.801
22.462
21.963
21.724
18.180
19.089
21.275
21.018
8.493
9.246
21.233
21.856
21.587
21.306
21.058
4.581
16.752
7.739
20.120
17.871
19.148
7.752
14.385
17.314
19.815
19.953
19.968
20.009
20.013
20.102
20.243
18.913
4.507
2.258
18.190
18.859
19.088
18.889
18.378
17.606
17.242
8.323
12.956
17.612
14.273
17.735
16.902
17.139
17.189
16.868
16.701
16.638
16.832
17.376
17.456
17.021
16.325
16.220
13.871
15.770
14.987
16.243
16.883
17.187
16.873
16.916
17.083
16.770
11.016
0.722
3.771
2.269
14.048
16.038
16.178
16.214
16.307
16.357
16.306
16.167
16.007
16.540
16.546
16.585
16.534
16.455
16.134
16.228
16.162
16.262
16.161
16.080
9.355
15.755
15.531
16.597
16.540
16.399
16.370
16.479
16.748
16.845
16.983
17.064
16.931
16.989
16.906
16.718
16.645
17.062
17.325
17.334
17.595
17.554
17.420
17.294
17.202
17.255
17.323
17.110
16.164
18.014
14.105
17.738
18.334
18.766
18.991
18.815
18.929
18.995
19.245
19.381
19.163
19.287
19.596
19.642
19.852
19.758
19.445
19.615
18.461
14.203
18.786
8.205
19.361
3.942
20.964
21.145
21.434
20.288
19.564
21.705
21.818
22.248
21.545
21.574
21.540
21.620
22.227
22.721
22.790
20.199
22.850
21.781
23.359
23.749
23.749
23.581
24.027
23.986
23.884
24.012
24.523
24.499
24.913
24.701
23.117
21.988
24.799
25.298
24.855
24.787
24.055
25.224
25.607
25.825
13.571
15.643
21.871
27.089
26.563
25.783
24.236
25.818
26.071
25.367
17.346
13.960
25.369
24.018
26.635
15.709
17.326
26.060
25.818
21.083
26.260
24.964
24.641
14.561
14.357
18.432
19.815
17.110
26.611
23.054
27.767
21.726
18.059
19.989
16.838
18.958
28.319
28.357
19.396
28.181
27.332
24.216
24.214
26.361
28.086
21.782
26.803
27.640
27.475
18.499
27.889
28.368
22.908
18.417
9.354
14.288
21.794
21.442
14.362
21.281
15.659
17.071
26.154
28.854
14.248
25.577
18.417
20.190
20.272
21.470
18.574
15.636
11.517
20.540
18.477
11.034
0.889
3.272
3.866
25.333
27.236
23.144
26.614
19.635
23.427
10.557
9.490
17.465
14.198
22.654
25.606
21.918
6.323
26.695
20.853
19.455
25.737
26.888
26.110
26.239
26.213
23.407
25.478
25.365
23.802
24.607
21.894
18.525
3.291
13.641
7.658
14.368
13.922
25.766
25.842
18.461
3.550
10.887
20.107
25.376
24.180
10.911
12.686
16.399
22.712
4.413
7.630
5.185
16.431
17.347
9.945
22.804
7.283
21.757
18.693
8.698
22.122
2.563
19.340
25.185
24.348
10.721
5.731
20.782
22.604
23.565
24.130
23.464
24.658
23.420
23.249
16.422
19.694
18.557
23.407
16.536
15.272
21.377
12.241
6.281
6.907
22.507
22.337
23.256
22.539
19.632
19.019
18.443
7.605
11.018
10.393
17.225
3.745
7.515
15.483
7.712
4.747
20.522
20.967
22.280
22.270
18.017
22.289
21.828
21.684
21.510
20.985
21.134
17.808
20.817
20.788
20.809
20.968
20.642
21.278
21.014
21.050
19.605
20.081
20.004
16.394
18.191
20.156
20.100
20.178
20.343
20.036
19.746
19.992
19.667
19.795
19.564
19.430
19.416
19.202
18.808
18.653
18.767
18.766
18.650
18.692
18.333
18.217
17.917
17.792
17.625
17.971
17.654
17.685
17.459
17.220
17.344
17.095
17.070
16.911
16.862
16.981
16.961
16.967
16.753
16.680
16.815
16.565
16.163
16.072
16.198
16.296
16.358
16.246
16.499
16.244
16.086
15.711
15.418
15.989
16.404
16.271
16.307
16.573
16.480
16.406
16.515
16.566
16.264
16.146
16.312
16.426
16.645
16.589
16.345
16.238
15.524
15.711
0.930
11.754
10.342
14.038
15.796
15.020
15.387
15.341
15.081
16.456
16.860
16.869
17.040
17.060
16.916
16.903
16.841
16.374
16.160
16.716
17.892
18.003
17.363
17.589
17.630
16.024
17.941
17.712
17.701
18.300
18.169
18.348
19.071
18.969
18.699
18.884
18.624
18.613
16.563
19.536
20.114
20.171
19.808
12.958
18.904
19.183
15.274
19.622
20.358
20.691
20.693
20.703
20.897
21.058
21.362
21.336
21.432
22.025
21.890
22.259
22.484
22.469
22.687
22.359
22.281
22.514
22.946
23.137
23.307
23.548
23.501
18.638
14.186
23.569
23.771
24.076
24.099
24.171
24.039
24.359
24.510
25.490
25.804
25.529
25.346
25.457
25.169
25.258
25.066
25.506
22.483
25.338
25.609
25.709
18.839
20.158
24.461
25.739
25.731
26.008
21.803
24.782
25.050
26.245
26.345
19.640
26.605
27.103
26.520
26.579
26.482
26.279
26.847
27.142
27.274
22.490
27.128
21.304
27.482
21.233
28.418
27.659
28.268
26.847
26.583
25.088
27.854
28.041
28.105
15.551
27.122
27.946
24.149
22.188
25.891
27.867
28.739
26.430
24.159
27.189
28.632
28.716
26.063
28.543
29.144
29.546
28.702
28.606
28.736
29.227
29.165
28.920
28.506
27.279
25.449
22.738
26.675
28.024
17.260
13.226
28.147
26.981
28.601
28.737
28.289
28.222
27.575
23.235
19.633
23.418
11.915
19.836
16.329
5.536
5.152
2.738
19.698
19.776
27.991
25.726
27.548
27.664
19.680
13.038
19.010
19.007
14.630
16.304
14.196
23.018
19.956
23.516
20.322
17.373
19.556
19.827
14.983
7.543
23.521
20.766
18.186
18.224
16.080
20.176
13.347
3.710
17.959
21.092
16.492
10.408
12.752
17.954
9.208
14.979
19.612
20.678
13.313
6.287
20.076
25.115
21.635
13.977
24.214
22.132
19.045
9.504
24.413
19.020
23.248
12.438
23.784
23.898
17.244
18.748
14.655
15.164
23.216
23.780
23.078
19.444
22.835
24.501
24.509
24.631
24.368
23.114
23.837
9.523
7.706
19.358
17.864
23.927
10.001
13.609
20.748
23.204
22.470
16.836
21.865
18.891
21.234
19.404
18.939
22.616
22.659
22.621
22.963
22.938
23.368
22.809
21.845
22.445
22.076
21.761
21.558
21.583
13.251
20.583
22.131
22.577
22.131
21.512
13.815
10.550
21.143
21.392
21.698
21.607
21.311
21.019
20.970
20.973
21.094
20.905
19.863
19.855
20.520
20.149
19.478
19.610
19.718
20.038
20.317
20.034
19.700
18.582
2.836
1.448
13.246
5.678
6.002
13.754
18.677
18.626
18.613
18.355
18.250
18.151
18.242
18.370
18.447
17.932
17.576
17.184
17.237
17.425
17.354
17.256
17.079
17.102
16.909
17.127
17.149
16.981
16.836
16.684
16.704
16.361
16.679
16.769
16.347
16.554
16.484
16.229
15.858
14.027
14.853
15.714
15.551
15.740
16.019
15.691
16.295
15.950
16.316
16.458
16.577
16.808
16.260
16.497
16.476
16.482
16.574
16.506
16.302
16.046
15.898
15.245
16.285
16.546
16.613
16.287
16.760
17.101
17.010
16.931
17.024
17.008
16.633
17.019
16.887
16.386
16.421
16.809
16.940
17.409
17.643
17.833
18.114
18.216
18.204
18.459
18.395
18.700
18.633
18.681
18.701
16.398
15.212
18.701
18.336
18.420
18.621
16.750
8.546
20.092
20.228
19.775
19.565
19.559
19.792
12.664
12.798
16.548
20.304
20.546
20.642
21.112
21.063
21.180
14.717
21.269
21.894
21.997
21.617
22.698
22.556
22.645
22.763
23.086
23.336
23.553
23.052
23.524
23.389
23.345
23.533
23.533
23.007
23.151
22.073
11.144
24.331
24.197
24.085
22.713
24.279
24.601
24.328
24.548
24.885
23.870
18.448
20.728
24.851
24.703
25.524
25.252
17.855
25.812
26.509
26.949
26.765
26.626
26.355
26.492
25.080
20.187
26.269
26.578
22.858
26.706
24.109
19.398
15.599
9.873
12.200
23.498
22.311
20.453
27.193
20.792
25.666
27.427
27.439
27.571
27.711
27.864
28.403
28.453
28.195
27.407
24.329
27.912
28.448
28.359
28.535
26.812
27.402
28.426
27.506
24.212
21.370
28.664
28.454
28.384
28.490
28.334
28.571
28.372
28.270
27.915
26.960
28.395
22.318
6.692
4.377
27.731
13.621
17.518
14.701
14.120
17.420
21.386
21.858
19.173
25.964
20.462
24.233
21.046
6.465
12.830
26.424
10.519
11.652
12.991
10.758
27.811
23.898
18.241
16.814
11.440
12.702
23.280
19.188
2.174
3.745
19.821
21.622
18.929
16.735
13.858
12.749
11.608
11.283
19.427
12.939
22.012
22.656
20.517
24.009
23.767
23.819
20.027
18.985
15.522
15.912
13.553
20.568
16.020
13.275
17.908
5.195
7.677
9.893
19.826
22.532
8.807
15.276
25.482
22.375
18.083
20.691
21.313
22.779
14.630
21.426
13.531
19.417
16.916
24.383
24.416
22.710
23.910
22.608
18.421
14.425
11.884
3.570
23.490
20.778
24.885
17.961
17.578
13.619
12.031
19.178
22.281
18.366
22.165
6.942
21.714
22.668
24.326
24.118
24.590
24.330
23.854
23.674
23.667
23.491
23.594
23.334
23.299
23.086
23.075
22.629
9.998
21.445
22.262
22.734
18.339
22.161
21.929
21.897
21.784
20.950
8.756
11.027
5.414
6.372
10.328
17.573
11.930
21.002
16.428
11.552
20.132
7.092
20.401
12.859
2.514
4.797
2.446
10.789
19.950
20.445
20.257
20.106
20.146
17.834
8.032
11.717
3.798
18.559
15.992
19.455
19.711
19.721
19.494
19.245
18.839
15.786
18.781
19.079
19.110
19.008
19.001
18.455
18.119
18.576
18.422
18.351
18.363
17.998
17.851
17.798
17.652
17.772
17.739
17.449
17.143
17.129
17.140
17.046
16.934
16.627
16.038
16.274
16.434
16.859
16.823
16.781
16.625
16.696
16.364
16.263
16.335
16.261
16.322
16.325
16.392
16.179
16.131
16.215
16.013
16.023
15.941
15.874
15.745
15.715
15.579
15.581
15.694
16.083
16.068
15.973
15.890
15.617
15.997
15.832
15.807
15.788
16.299
16.675
15.490
15.685
16.814
16.804
16.463
15.971
8.857
8.224
16.488
17.027
16.685
16.505
16.605
15.351
16.510
15.659
17.597
16.722
16.627
15.722
16.917
18.214
18.284
18.492
17.915
18.419
18.628
18.792
19.164
18.489
18.926
18.525
18.941
18.861
18.945
19.102
19.363
19.292
19.949
19.307
10.177
10.578
7.901
20.614
20.869
21.072
21.027
20.684
20.157
13.560
20.855
19.442
17.632
17.565
12.076
11.336
20.670
21.987
12.530
22.246
21.691
22.635
22.606
22.559
22.292
22.596
21.150
21.755
23.120
23.594
24.005
23.922
23.669
23.690
24.529
23.753
24.383
24.446
24.211
23.138
24.175
24.408
24.957
25.189
25.135
25.074
25.174
25.451
25.816
26.304
25.765
25.789
25.853
24.634
26.256
26.972
26.934
26.189
24.772
26.080
26.449
20.619
26.487
20.222
25.520
26.804
26.895
26.946
27.161
27.435
27.524
27.451
21.659
27.506
28.504
28.113
26.441
26.080
27.735
15.669
26.708
22.074
19.591
26.874
18.348
12.745
24.637
28.086
21.487
27.776
27.762
25.220
24.029
22.406
28.563
28.988
28.371
28.549
29.173
28.568
18.891
2.680
7.894
19.901
28.483
28.422
27.858
27.048
15.514
28.046
28.196
28.662
28.884
28.659
28.722
28.727
24.915
28.612
28.439
28.076
27.316
21.877
15.851
18.037
11.224
12.010
7.840
11.241
21.344
25.409
23.566
17.457
17.329
15.227
12.584
18.860
10.929
12.605
4.051
2.757
5.616
4.521
21.557
17.792
26.422
13.949
25.125
20.601
25.679
22.513
24.712
22.878
22.186
12.982
13.894
9.543
17.454
7.657
13.542
20.666
16.775
3.533
20.868
25.975
25.364
14.222
14.191
16.911
