20000101
16.314
16.345
16.539
16.520
16.609
16.683
16.558
16.444
15.806
15.775
16.412
16.354
13.263
16.410
14.766
16.788
17.719
17.344
17.199
17.483
17.249
17.294
17.194
17.337
17.657
17.840
17.738
17.594
17.938
18.098
18.275
16.902
17.792
17.933
18.179
7.865
4.225
18.481
18.815
18.992
19.567
4.734
12.979
17.490
19.379
20.347
19.946
20.030
20.722
20.821
20.892
10.785
19.311
19.850
21.714
21.544
20.989
21.998
22.030
21.945
21.734
19.779
22.120
22.326
22.399
22.739
22.368
22.795
23.786
23.829
23.990
23.247
22.954
23.209
23.986
24.766
24.536
24.387
24.518
25.219
25.256
21.946
6.758
20.687
24.858
25.346
24.440
25.394
25.718
25.824
26.241
26.247
26.083
26.480
26.727
26.685
27.039
27.333
27.245
27.166
27.005
27.374
26.923
27.273
27.287
25.842
26.210
27.099
27.195
27.122
27.209
27.186
27.239
23.719
24.423
23.143
27.305
24.506
27.059
27.750
28.180
28.664
28.747
26.943
27.305
26.932
27.549
23.255
24.152
27.850
20.618
24.990
24.144
27.438
27.090
13.863
21.140
28.155
27.764
20.355
23.626
10.764
19.743
16.829
22.779
21.634
28.029
25.233
25.827
27.529
28.208
26.353
19.599
12.706
23.516
24.211
10.757
14.783
23.230
14.261
15.142
14.041
26.390
25.297
21.600
22.908
23.745
19.385
12.345
21.230
13.600
20.866
19.732
21.252
26.656
25.625
15.803
23.057
15.724
12.481
25.017
19.926
15.817
14.316
12.307
14.682
13.815
15.250
4.225
16.304
17.794
23.869
22.268
17.718
21.227
15.232
20.427
22.893
21.436
22.586
17.195
22.151
12.357
23.734
14.203
15.943
19.586
22.982
18.399
20.866
23.466
24.851
24.285
21.289
23.501
23.809
25.383
18.287
16.220
14.058
22.698
23.891
25.545
23.436
20.672
20.609
24.229
23.432
21.951
21.224
22.366
24.567
24.947
24.099
25.021
25.082
24.989
24.878
24.562
24.757
24.813
23.414
23.905
15.043
1.683
8.830
15.330
23.867
22.560
21.738
21.110
19.782
14.825
23.441
23.740
23.883
23.257
21.468
15.267
21.959
22.203
10.211
19.459
7.700
21.557
19.405
18.600
22.429
22.641
22.629
22.551
22.654
8.141
22.385
22.192
21.731
21.496
21.560
20.460
21.210
21.057
20.929
20.732
20.890
20.881
21.159
21.608
21.745
21.358
20.785
20.388
20.043
20.012
20.067
20.467
20.062
20.356
20.153
20.050
19.919
19.767
16.278
18.609
19.135
19.128
18.932
18.955
17.045
18.286
18.457
18.634
18.526
18.498
18.496
18.190
18.053
18.121
17.957
17.924
17.503
17.834
17.577
17.510
17.213
17.205
17.064
16.769
16.649
16.703
16.983
16.881
16.780
16.400
16.845
16.421
16.968
17.303
17.073
16.890
16.706
16.643
16.361
16.237
16.228
16.109
15.967
16.317
16.223
16.139
16.131
15.921
15.949
15.988
15.895
16.224
16.280
16.178
16.049
15.907
15.678
15.450
15.590
15.892
16.144
16.090
15.873
1.513
15.270
16.035
16.226
16.473
16.539
16.485
16.261
16.628
16.861
17.012
17.057
16.754
17.387
17.442
17.026
17.323
17.706
17.704
17.959
17.524
17.030
17.372
18.294
18.440
18.422
18.400
18.497
18.516
18.372
18.375
18.042
17.586
19.382
19.221
17.388
19.708
19.972
19.988
20.014
20.093
20.106
20.731
20.569
20.276
19.675
17.735
20.016
20.090
20.640
20.720
17.726
20.992
20.874
20.985
16.397
21.100
21.578
21.251
20.176
21.667
21.947
21.996
15.796
23.085
23.436
22.948
23.357
23.625
23.807
23.855
23.848
23.533
23.402
23.696
17.728
24.605
24.697
24.118
24.111
12.717
23.805
25.097
24.651
25.074
25.277
25.456
24.972
18.489
19.606
21.100
25.885
26.123
26.114
24.911
23.734
26.542
25.301
26.870
26.240
26.816
26.960
14.755
18.604
17.888
24.554
20.383
24.238
25.195
27.198
27.817
27.981
28.046
28.135
27.950
27.705
27.770
28.165
28.149
27.587
27.409
22.148
27.466
21.625
27.227
27.216
26.726
20.538
27.867
28.473
27.640
20.934
26.378
13.351
24.339
25.802
16.942
18.536
21.800
17.802
16.613
19.476
25.910
28.735
28.771
27.885
18.616
18.322
22.040
17.935
28.253
12.901
15.500
13.226
20.428
14.261
18.286
25.325
24.471
27.864
18.487
18.572
14.677
13.680
14.104
7.851
17.764
18.737
21.562
19.141
14.111
22.903
5.907
21.673
21.720
18.079
23.263
24.894
24.408
26.110
24.622
20.814
23.172
26.337
26.358
25.104
26.938
26.368
26.259
23.108
22.672
24.640
24.781
6.884
8.496
20.051
14.211
19.690
24.367
14.909
22.081
20.847
25.611
25.287
25.269
23.718
21.804
25.523
23.643
9.465
17.474
25.266
24.796
20.467
23.934
25.215
19.975
20.529
25.252
25.742
21.238
25.289
25.305
22.147
18.932
23.862
11.462
23.296
25.178
24.851
23.764
23.811
11.360
19.614
16.966
19.270
17.118
19.669
21.997
20.615
23.935
13.070
16.330
19.687
20.808
20.032
12.811
20.756
22.191
19.454
21.626
19.272
23.464
21.692
19.344
23.033
21.793
22.062
21.377
20.817
23.684
23.933
23.624
22.900
21.738
22.791
22.440
22.186
22.114
22.006
21.626
19.540
21.122
18.343
17.254
20.476
15.782
15.747
18.303
20.149
20.740
20.129
20.641
20.552
20.883
20.977
20.397
20.806
21.257
19.463
20.427
20.462
20.363
20.340
19.791
19.816
19.472
19.602
19.904
19.539
18.917
18.754
18.700
18.868
19.003
18.817
18.695
18.554
18.525
18.394
18.018
18.043
18.156
18.303
17.517
18.055
17.833
17.709
17.619
14.935
16.702
17.221
17.507
17.168
16.653
16.078
16.641
16.796
16.762
16.722
16.448
16.412
16.363
16.773
16.850
16.607
16.571
16.312
16.372
16.223
16.123
16.052
16.085
15.801
16.102
15.937
15.836
15.952
15.870
15.506
15.808
15.798
15.737
15.966
15.679
16.220
16.158
16.149
16.231
16.092
16.062
16.014
15.740
15.770
16.286
16.333
16.522
16.483
15.934
16.374
16.300
16.317
16.007
16.475
16.544
16.784
16.802
16.694
16.503
16.485
16.316
16.032
16.521
16.600
16.533
12.410
12.646
9.369
17.794
18.065
17.888
12.705
7.009
17.819
18.323
18.428
18.696
18.625
19.027
19.178
19.168
11.856
12.119
10.002
18.576
18.705
16.569
6.336
19.586
20.048
19.936
20.025
20.300
15.172
20.515
20.200
20.386
20.832
20.559
20.562
11.656
21.384
21.501
21.568
21.388
21.284
20.883
22.567
22.458
22.797
23.297
22.435
16.032
22.278
22.820
23.379
21.257
22.245
9.116
23.979
24.400
24.386
24.285
24.480
24.666
24.366
24.555
24.685
23.828
24.711
14.163
21.612
15.854
26.165
25.603
25.778
23.910
25.459
25.841
25.684
25.854
26.086
25.758
26.231
23.028
22.446
25.667
26.677
26.746
26.853
26.927
27.240
27.263
27.419
26.782
24.868
25.855
27.257
26.707
24.004
20.614
27.829
28.335
28.535
28.086
27.746
27.648
27.657
27.921
27.991
27.498
27.683
28.274
28.043
27.648
28.211
27.834
27.575
19.518
20.169
20.736
15.917
25.668
28.915
28.886
28.459
30.147
29.251
27.822
23.927
23.381
18.031
25.096
21.603
18.823
21.377
28.702
28.454
16.825
17.965
24.376
22.839
15.929
26.408
27.705
20.372
14.861
19.526
26.594
21.763
19.636
26.128
25.446
22.725
21.599
20.774
25.703
25.411
5.221
22.514
11.993
11.904
9.315
19.906
13.938
24.612
23.776
20.189
10.038
3.320
2.994
23.252
22.844
22.063
25.989
20.523
26.312
19.827
24.793
22.462
16.308
23.265
18.174
23.439
23.997
24.566
21.674
13.126
18.630
21.790
22.346
25.054
22.431
5.920
20.685
20.271
12.155
23.667
16.914
24.013
18.263
24.597
22.974
21.077
25.608
24.965
22.361
4.421
8.168
3.538
11.307
20.682
19.445
21.506
19.837
19.738
16.179
20.479
18.938
22.428
24.236
24.493
24.729
22.632
19.325
23.277
23.790
24.282
23.771
22.038
17.314
21.532
23.766
23.145
23.294
23.334
22.574
18.783
6.979
21.933
19.892
23.014
23.574
23.848
22.013
22.904
23.116
23.014
22.004
18.767
17.367
21.376
17.649
18.910
18.726
21.809
21.404
21.830
22.079
22.557
22.123
22.087
21.822
21.164
21.091
20.405
20.646
21.044
20.997
20.609
20.641
20.310
20.199
20.392
13.859
2.850
18.383
20.291
20.325
20.107
19.956
19.547
20.127
19.967
19.887
19.885
19.511
19.418
19.342
18.029
19.003
18.968
18.623
18.370
18.220
17.913
17.908
17.396
14.407
12.354
14.760
17.149
17.876
17.777
17.688
17.676
17.478
17.462
17.163
17.134
16.897
16.767
16.260
16.446
16.912
16.888
16.616
16.725
16.769
16.731
17.015
16.699
16.450
16.281
16.157
16.079
16.180
16.157
16.436
16.533
16.159
15.867
15.638
15.736
15.658
15.487
15.527
15.482
15.759
15.644
15.822
15.730
10.516
15.294
15.674
15.576
15.871
16.114
16.121
14.432
7.915
14.413
16.196
16.038
16.093
16.309
16.501
16.282
16.904
16.880
16.895
17.076
16.719
17.324
17.416
17.216
17.302
17.285
17.512
17.763
17.694
17.807
17.647
17.735
17.490
17.879
17.555
17.282
15.140
17.678
17.552
10.207
7.931
16.689
8.705
17.346
18.572
18.854
18.786
18.098
16.893
12.573
16.990
18.852
20.047
20.059
20.082
18.073
17.768
12.315
16.991
20.583
20.820
20.572
20.849
20.948
21.428
21.075
21.053
19.326
17.907
21.446
22.512
23.441
23.168
23.412
23.428
23.138
23.231
22.341
14.329
22.635
22.913
22.867
22.889
20.465
23.718
22.985
23.955
24.419
24.375
24.341
24.173
15.491
23.261
23.944
15.249
22.010
20.560
24.779
25.828
25.822
25.553
21.308
19.282
25.521
25.997
26.623
26.940
27.051
26.918
26.870
26.782
23.748
22.697
26.697
26.074
26.758
25.424
26.844
26.908
27.348
28.029
27.706
27.134
26.557
23.281
25.202
14.870
13.664
20.278
27.449
27.596
28.831
29.383
29.231
29.003
29.127
10.443
28.258
28.284
28.088
27.959
24.756
12.341
28.458
29.656
28.770
29.008
26.818
28.256
22.755
28.090
26.163
26.538
28.659
28.822
29.169
29.461
29.808
29.669
29.324
28.764
28.382
24.331
21.383
24.848
27.928
26.688
17.137
26.825
22.861
25.720
23.830
13.618
15.705
18.596
21.800
15.094
16.293
12.987
17.831
16.457
17.324
17.781
21.418
21.093
18.627
16.092
11.719
19.829
22.157
24.309
25.922
21.759
20.272
15.094
23.487
12.086
13.182
20.876
23.029
21.948
24.315
18.355
24.860
25.944
24.495
23.833
24.866
12.284
14.979
20.161
25.536
25.950
17.616
7.054
7.775
24.932
21.390
17.928
1.281
19.869
21.065
25.696
22.596
26.063
25.866
25.508
25.743
20.136
25.079
23.453
19.359
15.785
22.981
14.088
21.133
20.091
17.838
20.450
23.890
23.880
23.911
10.757
19.807
21.322
24.114
24.490
15.997
19.332
19.375
22.617
21.608
8.349
21.368
20.803
20.141
23.739
15.592
17.985
6.875
22.336
19.829
22.595
12.389
21.301
22.098
22.452
20.344
20.447
19.898
18.510
20.543
22.246
21.880
21.877
19.717
18.595
18.721
20.995
19.869
18.300
19.530
22.076
22.209
19.513
18.427
5.057
1.190
3.665
2.230
18.567
20.947
21.282
21.387
21.643
21.241
20.595
19.934
19.429
17.309
15.528
19.706
18.016
0.764
0.673
1.452
5.897
15.790
9.713
10.885
12.829
15.490
3.353
12.088
18.788
18.595
18.647
18.647
18.318
18.218
18.294
18.167
17.255
18.236
18.129
17.989
17.898
17.591
17.440
17.218
17.082
16.984
17.606
17.645
17.335
17.122
16.860
17.117
17.075
17.006
16.888
16.873
16.690
16.603
16.606
16.337
16.283
16.051
16.181
15.905
15.530
15.761
15.766
15.924
15.870
15.934
8.921
2.216
11.911
15.506
15.705
15.843
15.910
15.928
15.802
15.816
15.894
15.884
13.970
14.676
15.340
15.732
15.599
16.162
16.068
16.078
16.385
16.386
16.148
16.304
16.381
16.349
16.324
16.152
16.348
16.388
16.432
16.537
16.448
16.627
16.702
16.987
17.043
16.741
16.420
3.331
16.675
17.431
17.419
17.952
18.112
18.119
16.522
17.114
16.344
18.107
18.873
19.051
18.936
18.862
19.227
19.265
19.349
19.474
19.493
19.484
19.322
19.630
19.881
20.148
20.230
19.987
20.182
20.267
20.909
21.016
21.171
21.306
21.140
21.354
21.543
21.447
21.824
22.303
22.551
22.881
22.740
22.702
19.833
22.253
22.474
22.296
21.081
22.888
23.177
23.094
23.566
23.601
23.781
23.693
23.866
24.342
24.765
24.855
24.505
24.787
24.848
25.294
24.983
24.721
25.014
25.061
23.210
22.072
25.873
25.896
25.905
25.669
25.607
25.782
24.705
25.749
25.985
25.875
25.923
26.796
27.121
26.816
26.969
26.938
27.110
27.577
27.212
26.447
24.421
25.683
23.072
27.059
17.927
19.208
26.152
27.044
26.018
26.773
18.055
27.895
28.994
28.779
28.841
28.373
28.419
26.017
17.265
27.728
28.017
27.689
22.396
26.701
26.849
27.956
27.191
27.924
28.253
28.812
28.902
27.511
28.510
28.064
28.361
24.669
25.447
23.284
28.889
28.794
28.661
28.414
27.742
26.647
27.731
26.677
21.818
25.064
25.481
28.025
26.059
19.504
10.948
10.093
3.360
5.181
19.522
21.295
14.288
23.043
8.358
22.040
27.170
26.853
26.618
23.492
21.725
20.620
19.934
24.257
18.600
24.613
15.287
11.915
16.447
21.335
17.500
23.843
14.840
24.110
6.391
26.498
27.049
9.243
14.336
24.304
14.368
23.320
24.394
21.388
18.255
24.565
22.466
21.954
18.719
20.785
25.922
21.306
25.183
25.209
24.223
22.857
25.236
25.725
25.497
24.792
11.805
23.657
14.255
11.388
23.282
22.580
22.704
20.546
6.201
21.930
23.826
21.957
24.169
22.650
24.860
23.013
9.464
16.016
24.551
21.542
24.401
23.744
19.409
21.893
7.813
24.507
24.204
16.208
23.081
24.235
24.267
24.020
23.793
23.725
22.742
23.941
14.494
17.987
15.059
12.834
21.062
15.135
19.430
20.496
3.125
20.312
20.902
22.040
22.238
22.275
22.107
21.817
15.538
21.959
19.123
21.138
21.899
18.956
21.134
21.294
20.449
19.776
18.635
3.162
20.873
21.318
21.211
18.981
19.764
20.318
18.544
16.132
21.151
21.062
20.764
20.367
20.294
20.383
19.812
19.461
19.783
19.954
19.402
19.271
18.753
16.387
19.017
19.070
19.133
19.493
19.360
19.231
18.989
18.670
18.395
18.077
17.869
18.135
18.007
17.712
17.731
17.902
17.809
17.791
17.405
17.154
17.118
17.216
16.867
16.751
16.584
16.431
16.305
16.265
16.330
16.109
16.304
16.289
16.036
16.266
16.167
16.133
16.043
16.235
15.964
15.736
15.631
15.560
15.604
15.347
15.473
15.497
15.701
15.836
15.632
15.486
15.398
15.313
15.612
15.509
15.103
14.310
9.463
16.024
16.155
16.031
16.049
16.164
15.651
14.735
14.622
4.791
15.101
16.248
16.206
12.368
16.488
16.416
16.343
15.996
16.422
16.170
16.632
16.244
16.717
15.828
13.294
16.794
17.259
16.032
16.786
4.012
17.165
17.080
16.023
15.246
3.776
16.816
5.925
6.800
1.815
18.706
18.786
18.703
18.359
18.474
13.397
16.767
18.556
19.425
18.933
19.262
19.253
19.734
19.525
19.445
19.543
19.537
19.733
19.710
18.449
12.881
20.521
21.400
21.244
21.439
21.325
21.486
21.268
21.470
21.426
21.576
21.876
21.226
21.765
19.969
17.192
8.729
11.581
15.221
22.963
23.256
23.220
23.300
23.001
23.223
23.441
24.114
24.097
18.489
15.448
18.857
24.402
24.966
24.820
22.361
24.593
17.850
25.147
26.369
26.550
26.566
26.436
26.451
26.404
26.490
19.372
8.203
26.065
27.293
27.948
27.865
26.355
27.081
26.918
27.510
26.646
26.542
22.868
27.275
27.436
27.149
25.794
21.258
24.300
21.976
26.710
25.106
21.775
20.378
23.415
22.263
24.472
22.715
18.171
27.440
27.416
28.283
28.994
29.388
29.526
29.059
28.851
29.264
29.126
25.645
25.721
21.723
28.274
28.636
28.087
27.993
27.404
28.795
29.032
26.115
28.496
27.927
28.911
26.281
29.090
29.820
29.182
25.025
17.070
26.505
20.640
24.816
21.454
25.955
29.018
29.079
29.338
28.736
28.830
25.669
28.756
28.718
20.434
28.333
21.744
18.618
15.656
14.659
20.747
12.633
12.921
9.920
6.754
13.683
21.606
20.545
19.126
11.555
6.621
24.703
26.531
24.592
18.011
15.771
17.952
16.720
3.052
0.942
14.758
18.797
18.121
21.535
24.202
23.526
23.776
22.138
25.198
22.791
23.419
21.912
17.243
26.216
25.690
19.464
20.786
25.999
25.252
16.736
4.646
23.673
22.895
19.766
21.837
24.670
24.526
18.807
19.048
25.494
17.653
20.341
10.169
22.389
23.915
24.037
22.585
18.943
21.749
20.346
18.207
22.318
23.505
24.578
25.026
18.793
25.111
18.434
24.321
24.189
21.129
20.688
23.278
20.719
21.152
22.658
23.025
19.165
18.819
14.440
11.733
8.803
8.926
15.162
22.807
4.240
20.194
21.806
20.474
19.961
22.054
22.056
20.384
22.071
19.238
22.328
21.951
22.000
21.917
21.394
17.684
12.137
21.332
21.451
21.204
21.391
19.621
20.782
20.837
20.150
17.721
2.716
2.226
13.819
8.584
17.217
5.541
2.080
5.175
7.768
5.662
6.318
19.207
19.166
18.620
18.550
18.574
19.120
18.518
6.495
18.261
17.223
15.408
18.750
18.888
18.667
18.459
18.185
18.338
18.318
18.094
18.164
18.002
17.905
17.753
18.089
17.940
17.719
17.473
17.076
17.180
16.862
16.736
16.589
17.005
16.684
16.615
16.481
16.176
16.249
15.899
15.806
14.718
16.782
16.720
16.480
16.223
16.107
16.257
16.313
16.282
16.461
16.324
16.294
15.186
14.943
15.861
15.883
15.875
15.295
15.194
10.373
15.320
15.735
15.970
15.895
15.875
16.125
16.103
16.134
16.061
16.300
16.070
16.150
16.581
16.406
16.554
16.558
16.823
16.792
16.953
16.857
16.714
16.925
16.636
16.921
16.893
16.764
16.730
17.045
16.842
17.552
17.240
17.343
18.126
17.959
18.072
17.998
18.064
18.146
18.181
18.293
18.335
18.777
18.877
18.944
19.040
18.987
18.953
19.003
18.966
19.487
19.454
19.432
19.679
19.665
19.911
20.088
20.032
20.104
20.022
20.852
21.017
20.919
21.261
21.513
21.632
21.082
21.053
20.015
20.580
22.256
20.888
21.132
21.982
22.161
19.072
18.670
16.647
9.109
15.650
17.476
20.493
10.632
22.559
23.923
24.753
24.515
24.418
21.706
25.016
25.138
24.791
24.522
23.812
25.132
24.955
25.504
25.826
25.857
25.580
25.455
25.675
25.574
26.207
26.383
26.117
25.947
25.740
25.990
26.189
26.572
26.633
26.449
25.920
17.107
12.962
13.319
26.024
26.647
26.848
18.090
26.154
26.533
25.121
27.669
27.597
26.811
26.853
27.726
27.452
27.009
27.517
26.632
27.241
28.096
24.824
25.356
26.661
20.056
26.518
22.658
25.073
27.765
23.121
14.536
18.047
26.965
17.539
24.597
24.306
19.000
15.162
19.754
15.955
12.634
11.981
15.703
27.604
25.418
22.771
21.408
20.271
20.132
8.970
14.661
6.960
8.166
4.754
7.790
27.575
27.203
21.131
28.100
27.353
17.442
27.902
26.358
28.523
28.463
27.235
17.636
18.313
16.088
14.946
17.953
22.822
7.968
24.849
20.175
23.297
25.421
21.765
19.459
19.256
15.555
11.561
20.531
4.811
4.038
2.103
4.985
3.215
10.330
21.622
24.276
20.874
24.722
26.124
23.110
19.665
21.188
23.662
22.364
25.199
25.274
23.981
24.996
24.546
17.900
7.731
24.837
24.900
16.534
15.217
13.075
17.815
22.588
25.692
25.056
25.742
25.451
21.039
25.010
21.499
25.186
24.794
24.935
5.694
9.146
19.819
23.026
23.190
23.398
5.687
14.408
16.559
22.111
17.535
20.589
19.731
17.254
23.428
24.807
24.664
14.433
23.924
14.662
21.154
23.760
23.152
21.697
20.189
19.588
22.968
21.493
19.317
20.372
21.725
21.296
21.142
21.312
20.190
4.292
1.100
3.664
1.943
2.970
7.231
20.938
19.332
19.838
20.559
19.985
20.097
21.410
20.785
21.905
21.866
21.743
21.669
21.116
21.165
21.008
21.319
20.649
20.633
20.493
20.659
20.753
20.741
20.264
17.448
19.492
16.739
19.489
19.966
19.888
19.892
18.327
16.912
16.850
18.712
15.855
14.625
17.512
9.761
6.822
11.223
17.950
18.152
18.171
6.073
16.439
17.180
17.322
17.470
17.485
17.414
17.537
17.372
17.300
16.987
17.074
16.951
16.527
16.717
16.127
16.453
16.592
16.772
16.783
16.325
15.915
16.558
16.662
16.966
16.613
16.075
15.715
15.686
15.502
15.401
14.829
15.282
15.685
16.029
15.962
15.969
15.842
15.617
15.596
15.639
15.257
15.358
15.538
15.777
16.121
15.926
15.905
15.486
15.653
15.951
16.078
15.987
15.996
15.977
16.080
16.387
16.416
16.383
16.178
16.289
16.724
16.663
16.200
15.974
16.532
16.989
16.784
16.574
17.162
17.107
17.027
17.145
16.836
17.438
17.890
17.731
17.608
17.738
17.784
17.763
16.969
17.296
15.498
18.106
18.440
18.498
18.330
18.550
18.595
11.137
17.919
18.627
14.885
16.539
9.278
3.773
17.868
19.706
10.653
19.993
20.187
20.350
20.716
20.961
20.755
20.629
20.472
20.384
20.758
20.855
21.281
13.081
13.413
22.175
22.239
22.863
23.018
23.292
23.042
22.442
21.942
15.134
20.685
17.053
9.957
23.351
23.978
23.458
23.649
23.742
23.753
22.941
22.991
23.915
24.380
24.853
25.523
25.565
25.202
25.280
25.351
25.412
25.581
25.575
26.117
26.654
26.567
26.275
25.932
24.881
23.834
26.250
26.592
25.911
25.775
21.997
23.137
25.048
17.318
13.308
14.772
24.299
23.120
21.311
26.715
27.289
25.751
22.476
24.072
15.723
22.415
12.358
23.055
16.748
15.953
15.036
11.033
16.358
16.475
13.998
20.372
27.117
27.726
20.469
26.044
22.240
13.639
14.096
19.063
16.145
15.954
21.341
27.544
27.755
28.409
28.703
27.057
18.625
18.431
17.506
25.750
28.480
24.310
28.807
29.109
28.582
14.288
23.569
22.539
19.195
21.789
11.456
14.131
11.753
17.812
14.384
13.913
9.380
16.567
25.557
24.441
15.649
13.445
15.128
12.211
17.739
21.127
11.058
18.910
8.865
13.894
4.874
16.537
18.553
21.990
15.128
9.556
9.828
2.866
11.495
24.757
26.372
21.627
20.290
18.421
17.873
17.619
17.487
13.306
17.993
19.618
14.838
7.761
2.816
18.858
23.779
12.566
1.063
19.749
22.886
19.388
20.769
21.189
19.010
8.514
24.747
19.165
25.203
25.479
22.084
22.826
24.515
25.023
25.487
24.871
21.717
21.982
14.321
5.660
1.549
23.914
8.660
14.123
12.774
25.220
24.458
23.401
23.561
20.121
22.709
16.202
20.035
21.900
23.320
22.422
21.111
22.065
23.266
19.299
22.376
15.968
18.654
22.601
21.717
20.682
23.000
20.777
23.449
21.366
15.015
19.278
21.062
11.479
20.888
20.007
17.512
21.261
2.098
1.585
15.903
21.214
12.750
10.929
17.341
16.401
15.719
21.266
18.520
20.920
19.915
20.111
21.204
21.200
21.174
20.784
21.235
20.858
21.333
20.548
19.921
19.776
16.025
20.396
20.557
20.282
20.344
20.635
20.294
20.171
19.794
19.569
19.250
19.268
19.216
19.056
7.491
18.336
18.450
18.476
18.264
18.240
16.842
17.702
16.292
17.234
17.517
18.060
17.927
17.956
17.868
17.349
16.528
17.157
17.014
17.274
17.389
17.175
17.029
16.673
16.804
16.846
16.402
16.260
16.395
16.416
16.300
16.289
16.134
15.296
16.205
15.862
15.796
15.622
15.646
16.290
16.138
15.658
15.472
14.862
15.196
15.143
15.649
16.420
16.463
16.487
16.157
16.114
16.147
15.962
15.666
15.935
16.059
15.914
15.998
16.309
16.418
16.598
16.771
16.493
15.898
15.873
16.091
16.051
16.060
16.223
16.396
16.041
16.206
16.308
16.742
16.935
17.049
16.761
16.432
16.663
16.594
16.132
16.902
13.899
3.129
4.105
4.374
6.050
17.674
18.009
8.740
7.489
15.694
18.900
18.984
17.756
15.657
17.565
5.558
13.562
0.800
16.321
19.705
19.836
20.163
20.700
20.604
20.452
20.464
20.341
20.334
20.407
20.400
20.588
20.584
20.803
20.883
21.158
22.059
22.047
22.024
22.115
22.098
22.050
22.074
22.092
22.274
22.404
22.516
22.647
22.941
23.074
23.223
22.385
16.185
18.297
21.757
23.729
23.990
24.201
23.718
22.797
23.577
24.661
22.538
21.528
23.142
21.173
25.326
25.251
25.101
25.569
24.836
21.735
25.208
18.906
20.841
10.650
23.261
25.719
26.431
26.333
26.638
26.215
25.613
20.258
24.300
19.463
26.272
26.605
26.774
28.140
28.108
28.051
28.140
28.052
28.082
28.072
27.860
28.053
28.139
28.776
28.247
27.678
26.073
26.472
25.461
25.224
18.707
28.071
23.159
26.737
27.422
26.449
20.242
26.958
25.447
22.988
27.009
23.404
22.961
26.273
18.216
24.941
18.171
15.628
13.000
15.830
27.902
27.472
28.967
28.146
26.403
27.059
23.655
19.885
13.182
15.785
12.036
15.882
11.471
18.843
14.962
13.227
12.501
26.713
21.859
17.645
19.037
21.436
7.750
1.071
11.558
23.384
14.912
19.509
25.672
26.393
14.303
25.989
26.407
19.606
17.196
4.115
20.394
25.970
23.292
13.768
23.018
19.048
22.733
26.198
23.714
21.037
21.129
26.050
24.801
24.528
21.053
21.299
23.534
24.696
18.773
2.759
26.091
25.892
7.320
13.012
21.075
23.972
23.515
22.054
17.461
12.256
25.033
25.953
25.632
22.096
22.792
25.421
24.944
23.160
19.699
22.574
8.274
9.328
21.085
20.615
24.287
24.179
22.411
23.199
12.721
13.413
12.279
16.175
24.331
20.911
21.958
24.662
23.812
19.240
18.196
22.549
24.053
24.209
22.267
24.281
24.268
24.158
23.949
24.153
24.120
23.689
23.386
23.231
23.370
23.252
22.967
23.036
22.433
20.510
7.640
18.772
22.110
22.727
22.551
21.944
18.195
18.948
18.347
21.321
22.414
21.171
3.840
21.148
21.524
21.395
21.305
20.696
19.813
21.012
20.964
20.638
20.980
21.075
21.100
20.298
19.741
18.131
18.877
20.470
20.199
19.754
20.378
20.383
20.328
20.267
19.920
19.602
15.760
18.681
18.946
19.349
19.438
19.135
18.848
18.966
18.865
18.790
18.454
18.323
10.266
17.966
18.334
18.068
17.774
17.748
17.638
17.579
17.391
15.822
17.118
17.241
14.321
16.688
10.201
16.141
16.903
17.251
17.044
16.872
16.224
16.462
16.494
16.136
16.034
15.865
15.745
15.990
16.101
16.016
15.789
15.688
14.935
15.294
15.353
15.402
15.553
15.164
15.287
15.850
15.775
15.600
15.822
15.410
15.430
15.081
14.886
12.409
15.843
15.949
15.763
15.813
15.896
15.939
15.865
15.807
15.834
15.978
16.032
15.974
15.832
12.503
13.632
15.414
10.593
15.631
15.865
16.317
16.512
16.445
16.654
16.801
16.946
16.687
16.738
17.009
17.156
17.172
17.249
17.650
16.337
17.422
17.453
17.684
18.081
18.125
17.949
18.720
18.559
18.789
18.935
18.899
18.860
19.125
19.070
19.366
19.667
19.148
19.636
19.661
19.926
20.224
20.123
20.284
20.369
20.852
20.668
20.908
20.916
20.169
21.080
21.210
21.331
21.290
21.449
22.379
21.927
21.876
22.290
22.326
22.703
23.135
23.145
21.593
16.397
22.739
24.170
23.786
23.931
23.083
22.379
22.849
23.925
24.276
18.536
18.587
23.253
24.000
24.436
17.709
22.365
25.047
23.675
21.860
17.803
25.081
25.879
25.551
25.114
25.598
25.828
25.998
26.017
20.176
24.451
26.297
27.022
27.343
26.526
26.748
26.967
26.786
26.453
28.104
27.973
27.954
27.694
27.410
28.873
29.165
28.238
28.017
29.170
28.199
28.048
27.844
28.020
27.428
23.196
27.409
19.999
16.589
29.190
28.540
28.497
25.050
20.963
22.361
23.493
27.624
25.861
22.407
16.402
15.832
24.861
12.835
15.863
15.736
14.750
14.140
1.480
27.062
27.299
27.855
26.685
22.137
19.690
24.976
22.626
15.668
27.776
20.635
24.103
28.445
28.991
29.283
27.100
25.935
28.490
23.920
21.219
23.260
26.201
24.921
28.770
29.078
25.371
28.608
29.519
29.010
19.042
10.662
25.151
9.285
14.804
8.358
15.027
13.364
19.457
15.192
19.959
22.097
22.953
24.877
25.728
19.831
24.324
15.847
23.453
24.686
23.943
11.408
18.370
25.957
25.235
22.390
24.626
20.222
22.545
17.581
25.338
24.582
22.266
15.938
18.808
18.078
11.486
23.601
25.715
21.828
10.753
19.898
23.478
15.175
16.575
8.967
25.194
24.689
24.407
18.916
22.400
9.646
19.366
16.044
22.857
24.385
17.077
25.010
23.764
17.671
24.308
9.392
23.505
18.118
18.284
20.446
23.577
23.565
23.016
22.533
22.001
23.439
23.540
14.783
4.947
2.232
22.917
15.445
22.725
22.121
23.461
23.513
23.242
22.669
20.002
22.517
23.075
17.541
18.932
23.029
18.237
18.652
21.062
22.117
19.143
22.013
21.258
20.196
21.632
21.656
1.708
18.514
17.586
16.643
16.445
18.284
17.879
21.689
21.278
21.359
21.065
21.345
20.914
20.737
20.510
20.355
20.580
20.771
20.398
20.601
20.690
20.364
20.740
20.410
20.244
20.218
19.926
19.810
18.071
18.225
19.271
19.001
18.576
18.309
18.276
17.546
17.950
17.577
17.086
10.222
5.354
16.878
12.284
14.470
14.834
2.401
0.765
16.297
16.973
17.684
17.431
17.287
17.082
17.053
16.822
17.035
16.819
16.771
16.437
16.428
16.193
16.277
16.298
16.166
16.130
16.045
15.931
14.704
15.987
15.831
15.666
15.664
15.659
15.571
15.364
15.241
14.971
12.701
15.325
15.723
16.096
15.996
16.043
15.823
15.724
15.763
15.893
15.902
15.905
9.184
14.443
16.162
16.305
16.158
15.558
16.123
16.476
16.602
16.492
16.369
16.349
16.195
16.172
11.755
16.028
16.183
16.706
17.355
17.203
17.334
17.333
17.422
17.467
17.642
17.588
17.668
17.838
17.940
17.856
18.111
18.173
18.132
18.150
17.990
18.309
16.012
18.881
18.739
18.626
18.665
12.153
6.307
18.831
15.908
18.908
19.250
18.953
15.342
19.382
20.515
20.556
20.567
20.911
20.495
8.733
20.780
21.007
21.155
21.275
21.406
21.433
21.805
18.764
21.977
21.909
21.870
21.893
22.261
22.844
22.988
21.585
23.119
23.388
23.666
23.661
22.135
22.935
23.465
23.679
24.100
24.325
24.575
24.586
24.918
24.672
24.524
24.699
25.076
25.305
25.485
25.508
25.212
25.665
25.706
25.667
26.050
26.268
26.951
26.864
22.947
25.550
26.538
27.139
26.733
26.731
27.399
27.062
27.025
26.856
27.114
27.212
27.242
27.439
27.494
27.556
27.848
27.021
27.142
26.742
12.134
26.598
19.157
21.241
23.015
19.011
12.258
15.267
21.858
27.506
28.029
28.022
28.355
28.542
27.901
25.518
26.229
28.316
28.337
21.812
25.986
14.703
14.597
24.904
26.484
21.767
27.837
27.600
27.678
27.742
27.941
22.938
28.106
29.049
28.942
28.638
20.366
27.109
27.752
28.480
27.522
21.403
28.316
22.466
20.824
22.532
15.971
25.275
20.853
10.084
18.833
12.206
13.159
14.281
10.472
17.521
19.800
9.591
22.405
25.328
22.530
21.530
14.580
18.359
13.569
16.861
21.942
21.471
19.891
16.064
16.222
21.589
9.740
16.067
12.197
18.450
20.599
22.438
17.551
24.957
21.855
13.395
23.707
19.627
22.250
23.735
17.273
22.987
15.994
17.404
26.326
26.112
15.804
24.570
20.291
22.226
25.515
25.058
19.886
25.267
25.519
23.935
12.042
21.921
20.309
12.311
18.828
18.978
23.986
22.953
23.353
23.319
20.860
16.704
19.055
20.395
21.738
7.344
21.734
21.620
23.304
23.359
22.010
23.284
21.303
23.773
22.512
23.488
23.853
22.717
22.067
23.065
22.910
23.201
22.816
22.067
20.144
20.332
21.495
21.105
16.717
22.405
20.912
21.357
21.917
22.051
20.012
20.386
22.343
22.397
22.210
22.212
22.587
22.459
22.165
21.748
21.520
16.207
18.715
21.066
20.771
10.614
16.036
21.037
21.483
21.285
20.996
20.759
5.950
17.340
10.481
19.808
17.122
18.352
1.377
4.124
16.782
19.619
19.645
19.730
19.620
19.725
19.749
19.859
18.129
4.175
3.684
18.269
18.759
18.724
18.539
18.049
17.590
17.066
7.865
13.407
17.306
14.161
17.462
17.017
16.740
16.852
16.543
16.370
16.071
16.602
17.092
17.085
16.712
15.995
15.854
13.325
15.493
15.308
15.983
16.562
16.906
16.651
16.673
16.654
16.383
13.541
1.343
4.841
3.833
15.208
15.669
16.027
15.945
16.047
15.943
15.953
15.807
15.633
16.191
16.217
16.241
16.175
16.123
15.798
15.906
15.870
15.844
15.769
15.779
13.362
15.291
14.839
16.102
16.077
16.024
16.049
16.082
16.317
16.452
16.649
16.740
16.560
16.644
16.508
16.362
16.214
16.630
16.962
17.004
17.250
17.208
17.061
16.961
16.840
16.920
16.978
15.074
17.056
17.777
5.973
17.139
17.984
18.405
18.629
18.423
18.518
18.624
18.858
18.960
18.753
19.028
19.262
19.298
19.505
19.419
19.076
17.426
18.887
9.154
19.413
15.224
19.441
5.463
20.665
20.814
21.096
13.854
20.121
21.376
21.516
22.043
21.198
21.288
21.203
21.260
21.986
22.478
22.505
20.984
22.649
22.284
22.964
23.326
23.387
23.244
23.803
23.690
23.595
23.744
24.276
24.295
24.632
24.445
23.679
20.831
24.453
25.013
24.456
24.459
23.948
24.907
25.412
25.521
16.451
16.408
21.622
26.805
26.224
24.931
23.697
25.658
25.787
25.275
18.836
17.435
24.998
25.591
26.386
18.229
18.114
26.209
26.499
20.628
26.806
26.683
26.109
17.170
15.852
24.456
24.411
23.149
27.009
22.775
27.132
23.034
23.368
23.722
16.130
18.691
28.112
28.175
23.794
27.935
27.347
27.324
26.173
27.263
27.867
25.836
27.156
27.167
27.234
21.069
27.698
28.340
24.080
20.386
11.123
20.404
23.973
23.185
14.659
25.045
21.634
19.353
26.103
28.779
14.184
26.057
20.906
19.237
23.924
22.626
17.880
18.208
13.641
22.821
19.703
4.757
1.206
2.862
5.441
26.182
26.985
25.396
26.191
19.843
24.128
9.372
12.559
19.573
15.099
21.070
26.343
20.335
5.908
26.686
25.293
20.183
22.491
26.765
26.144
26.029
25.776
23.750
26.085
25.114
25.328
25.367
22.536
19.072
3.150
17.284
11.257
16.723
15.750
26.224
25.990
17.689
1.534
13.733
19.732
24.060
23.148
10.157
13.912
15.976
20.879
6.053
10.463
3.945
19.356
14.508
11.929
22.719
11.355
20.590
20.868
7.687
22.403
2.157
21.040
25.032
24.725
9.551
20.219
20.277
20.083
24.041
23.837
24.219
24.435
24.244
24.182
21.407
16.309
16.047
23.601
21.016
19.961
21.658
16.302
10.897
4.168
22.178
22.297
23.071
22.259
20.721
20.062
19.362
12.640
16.905
16.517
16.797
3.666
10.216
19.675
7.364
5.056
19.549
21.199
22.019
21.964
17.660
21.991
21.564
21.353
21.088
20.917
20.636
16.749
20.502
20.476
20.616
20.695
20.504
20.915
20.660
20.668
19.485
19.783
19.726
19.218
18.051
19.564
19.606
19.764
19.863
19.635
19.399
19.637
19.265
19.449
19.196
19.055
18.953
18.836
18.420
18.273
18.358
18.400
18.263
18.309
17.977
17.811
17.560
17.431
17.141
17.421
17.265
17.319
17.046
16.811
17.037
16.733
16.716
16.598
16.621
16.675
16.631
16.604
16.373
16.335
16.454
16.229
15.798
15.652
15.805
15.920
15.947
15.852
16.088
15.825
15.567
15.466
14.636
15.666
16.053
15.985
15.999
16.188
16.054
16.012
16.154
16.213
15.921
15.832
16.054
16.081
16.248
16.210
15.941
15.874
15.223
15.391
1.214
9.133
10.410
14.734
15.459
15.184
14.924
14.971
12.521
16.193
16.443
16.530
16.707
16.694
16.533
16.528
16.474
16.469
16.544
16.414
17.484
17.601
17.058
17.358
17.374
16.242
17.611
17.469
17.509
18.015
17.920
18.079
18.657
18.621
18.352
18.491
18.207
18.291
15.827
18.409
19.804
19.793
19.474
9.519
18.847
18.966
16.824
19.309
20.074
20.400
20.354
20.330
20.462
20.719
20.968
20.983
21.250
21.748
21.636
21.974
22.159
22.216
22.398
22.017
21.925
22.157
22.539
22.875
23.075
23.303
23.301
19.165
17.766
23.158
23.474
23.809
23.813
23.838
23.660
24.002
24.158
25.220
25.450
25.198
25.010
25.122
24.812
24.973
24.758
25.218
24.288
24.988
25.194
25.415
22.696
22.650
24.530
25.482
25.361
25.666
24.454
25.038
24.994
26.183
25.861
19.134
26.429
26.907
26.142
26.383
26.434
24.665
26.810
26.915
27.168
24.231
27.207
23.154
27.260
17.948
28.178
24.675
27.951
26.816
26.354
26.864
27.707
27.855
27.894
21.589
27.645
27.797
26.775
21.403
26.166
27.644
28.506
27.457
25.014
27.639
28.470
28.454
25.144
28.426
29.088
29.477
28.556
28.379
28.564
29.135
29.085
28.671
28.346
27.217
25.389
20.987
22.585
28.018
16.812
17.846
28.164
28.061
28.608
28.737
28.224
28.299
27.743
25.074
20.564
20.703
13.522
17.775
12.989
9.587
10.822
8.471
20.506
21.645
27.702
26.154
27.368
27.759
21.236
15.196
18.636
21.095
12.593
15.713
17.253
23.461
20.893
25.738
19.192
16.246
20.074
23.206
17.449
11.175
21.274
16.017
19.920
22.525
14.662
22.966
12.130
4.716
17.374
22.658
20.655
16.769
12.540
21.851
9.933
15.976
21.917
23.849
21.283
11.139
22.063
25.084
21.316
12.287
25.044
19.762
18.545
8.890
23.541
20.969
24.105
18.388
24.687
24.102
17.668
18.872
12.782
20.837
22.847
24.026
23.893
15.868
23.972
24.436
24.362
24.437
24.266
23.352
23.810
15.045
11.095
19.339
21.354
23.767
9.957
18.397
19.046
23.091
22.566
18.414
21.799
18.134
22.053
19.600
21.495
22.360
22.412
22.418
22.746
22.798
23.074
22.503
22.281
22.161
21.845
21.667
21.322
21.325
17.407
21.227
21.915
22.172
21.844
21.293
15.770
10.057
20.927
21.175
21.317
21.234
20.955
20.679
20.601
20.639
20.744
20.618
19.649
19.951
20.176
19.789
19.035
19.315
19.420
19.706
19.936
19.729
19.436
18.526
6.378
4.739
12.246
7.018
6.421
17.267
18.285
18.283
18.258
18.015
17.933
17.814
17.891
18.054
18.124
17.606
17.367
16.973
17.136
17.247
17.159
16.968
16.793
16.766
16.590
16.799
16.809
16.643
16.488
16.327
16.414
16.088
16.348
16.463
16.047
16.265
16.148
15.941
15.633
13.853
15.221
15.437
15.229
15.437
15.685
15.391
15.961
15.610
15.960
16.110
16.253
16.459
15.847
16.113
16.154
16.199
16.347
16.206
16.006
15.757
15.618
13.401
15.965
16.282
16.353
16.045
16.508
16.740
16.664
16.623
16.693
16.676
16.320
16.685
16.594
16.099
16.122
16.525
16.629
17.145
17.405
17.572
17.865
17.966
17.928
18.148
18.025
18.421
18.302
18.360
18.471
15.822
15.592
18.446
17.980
18.151
18.293
15.318
14.006
19.730
20.019
19.497
19.290
19.224
19.600
10.691
10.219
18.990
20.075
20.161
20.277
20.787
20.730
20.854
19.902
20.952
21.515
21.601
21.375
22.334
22.130
22.234
22.351
22.745
22.987
23.153
22.724
23.150
23.059
23.001
23.232
23.259
22.778
22.932
22.418
13.362
23.991
23.815
23.733
22.412
24.111
24.347
24.069
24.288
24.846
23.095
16.039
21.116
24.639
24.024
25.283
25.015
16.274
25.544
26.334
26.703
26.566
26.422
26.189
26.304
24.991
19.974
26.151
26.076
18.915
26.518
25.372
22.594
18.574
13.203
13.713
20.349
23.141
25.342
26.967
23.556
25.697
27.297
27.292
27.450
27.597
27.734
28.362
28.330
27.886
27.185
25.822
27.732
28.304
28.116
28.156
26.959
27.726
28.314
27.589
24.552
22.520
28.474
28.093
28.147
28.298
28.095
28.256
28.171
28.043
27.785
27.964
28.305
21.659
5.870
2.876
27.568
16.675
21.035
18.613
15.822
20.740
26.381
24.989
19.697
26.455
23.572
27.465
18.882
8.679
13.568
21.797
8.203
13.696
15.094
12.200
27.634
23.362
21.620
14.193
14.885
14.060
23.095
20.568
3.265
4.337
17.496
21.096
22.171
20.653
14.497
16.722
11.601
12.294
20.599
10.410
22.484
21.969
22.649
23.532
25.093
24.263
20.042
20.803
17.119
14.702
14.794
20.532
18.916
13.203
23.424
4.266
12.109
8.224
25.435
24.263
10.233
17.286
24.940
22.575
14.132
22.032
24.980
22.886
12.980
20.801
12.586
20.873
20.650
25.112
24.160
20.420
23.436
22.545
18.637
17.338
15.932
5.886
24.050
21.309
24.829
19.658
17.652
15.824
7.194
22.798
22.486
22.337
21.985
8.011
22.114
20.967
24.276
23.857
24.323
24.188
23.265
22.893
20.976
23.221
23.362
22.401
23.103
21.383
22.853
22.483
10.569
19.183
22.398
22.527
21.401
21.936
21.571
21.227
21.574
20.144
15.009
14.444
6.802
5.004
10.607
17.956
8.371
20.761
16.648
13.692
19.482
6.685
20.091
15.867
2.318
5.676
2.484
13.874
17.895
20.025
19.857
19.659
19.884
19.285
8.261
11.899
8.631
18.710
15.999
19.026
19.356
19.341
19.107
18.921
18.459
15.434
18.449
18.867
18.750
18.713
18.677
18.043
17.766
18.230
18.089
17.970
17.982
17.617
17.495
17.456
17.335
17.434
17.354
17.158
16.903
16.834
16.919
16.700
16.565
16.342
15.822
15.910
16.085
16.546
16.457
16.457
16.330
16.347
15.997
15.931
15.982
15.926
15.930
15.920
15.989
15.833
15.793
15.880
15.674
15.627
15.538
15.481
14.921
15.334
15.212
15.210
15.424
15.763
15.733
15.625
15.525
15.266
15.748
15.443
15.372
15.373
16.104
16.379
15.278
15.492
16.443
16.527
16.236
11.857
9.325
6.168
16.175
16.627
16.421
16.189
16.274
14.253
15.540
16.213
17.152
16.117
16.141
15.130
16.951
17.852
17.928
18.040
17.705
18.077
18.347
18.508
18.807
18.025
18.614
18.167
18.630
18.434
18.544
18.753
19.098
19.088
19.675
19.282
14.644
13.516
6.659
20.326
20.440
20.674
20.566
20.376
19.789
13.097
20.441
19.276
14.081
19.626
14.143
9.385
20.269
21.584
13.615
21.857
21.464
22.251
22.308
21.293
22.504
22.259
21.057
21.800
22.918
23.287
23.683
23.549
23.302
23.438
24.162
23.867
24.126
24.140
23.653
23.475
23.988
24.113
24.780
24.899
24.845
24.839
25.049
25.153
25.454
26.092
25.544
25.496
25.533
24.818
26.135
26.690
26.581
24.922
23.388
25.991
26.175
19.764
25.843
19.855
25.878
26.557
26.730
26.854
27.039
27.156
27.342
26.879
22.084
27.362
28.340
27.967
26.236
26.393
27.421
20.555
27.246
24.993
16.209
26.984
22.101
16.711
25.218
27.827
19.573
26.776
28.368
24.513
25.513
23.402
28.475
28.965
27.966
28.429
29.099
28.422
21.753
2.365
15.085
18.542
28.274
28.179
27.599
27.248
18.580
27.786
28.115
28.608
28.812
28.512
28.519
28.466
27.121
28.588
28.401
27.970
28.004
22.341
19.016
22.094
14.222
14.273
10.632
13.504
24.656
25.808
21.814
23.406
18.658
16.834
18.837
19.531
15.930
12.218
6.729
2.630
4.416
3.762
23.585
18.352
26.298
16.957
25.782
22.168
26.347
22.255
24.226
21.467
22.249
13.959
15.009
6.438
21.354
10.123
13.517
25.166
17.054
5.162
23.950
25.480
25.279
16.517
17.577
22.842
