20000101
16.529
16.511
16.683
16.709
16.779
16.885
16.756
16.576
16.281
16.296
16.539
16.541
15.579
16.631
15.928
16.913
17.941
17.473
17.352
17.693
17.436
17.364
17.330
17.493
17.815
18.021
17.875
17.788
17.884
18.247
18.327
17.276
17.823
18.068
18.341
6.485
5.929
17.265
17.591
18.948
19.761
6.141
14.022
15.071
19.563
20.514
20.190
20.362
20.841
20.856
21.115
13.704
20.281
20.138
21.911
21.719
20.923
22.247
22.276
22.192
21.953
20.129
22.365
22.537
22.458
22.983
22.654
23.015
24.089
24.090
24.173
23.697
23.566
23.354
24.145
25.060
24.823
24.649
24.721
25.530
25.552
22.676
7.390
17.027
25.077
25.530
21.167
25.632
26.024
26.181
26.469
26.579
26.388
26.831
27.053
26.974
27.310
27.615
27.602
27.397
27.330
27.418
26.879
27.184
27.497
25.459
26.058
27.219
27.544
27.337
27.329
27.342
27.374
21.813
24.052
24.535
27.367
23.251
25.827
27.787
28.341
28.787
28.563
26.586
26.317
27.711
27.850
22.005
20.598
28.263
22.276
25.140
23.858
24.724
26.056
13.857
15.863
28.003
28.063
17.827
19.284
11.588
10.936
20.209
25.589
20.721
28.335
27.650
26.767
28.170
27.127
22.579
21.460
13.573
23.962
21.112
11.091
12.844
24.444
14.228
12.226
16.701
27.114
26.077
15.919
23.375
20.279
18.475
8.459
25.471
7.187
24.845
19.159
22.385
26.766
24.060
17.740
22.642
14.945
13.794
24.661
22.066
14.731
14.340
11.037
12.510
10.727
19.450
2.496
14.453
16.603
17.178
24.592
14.515
19.832
18.367
20.584
22.917
24.221
20.502
17.592
19.673
6.178
24.733
7.397
11.658
23.026
22.637
19.859
20.704
23.268
24.807
24.435
22.791
24.459
21.249
26.504
18.255
20.117
12.932
23.534
23.327
25.513
20.312
22.977
21.513
24.301
22.187
22.131
20.321
22.489
23.342
25.127
23.618
25.156
25.200
25.153
24.997
25.038
24.951
24.560
23.301
21.991
19.807
2.558
9.910
16.916
24.388
21.729
21.197
21.226
21.296
15.536
22.266
23.935
24.087
23.439
19.016
13.009
18.637
19.625
8.541
15.721
9.059
20.174
16.856
18.932
22.562
22.912
22.908
22.838
22.953
14.463
22.705
22.507
14.736
15.053
21.826
21.500
21.433
21.322
20.928
20.037
20.491
21.091
21.410
21.951
22.048
21.535
20.937
20.616
19.302
18.596
20.163
20.766
20.333
20.494
20.382
20.383
19.903
19.897
17.490
18.886
19.389
19.351
19.113
18.932
18.744
18.458
18.625
18.811
18.715
18.658
18.671
18.411
18.235
18.214
18.164
18.148
17.578
17.963
17.534
17.667
17.433
17.395
17.165
16.891
16.746
16.916
17.173
17.037
17.006
16.590
17.002
16.586
16.912
17.384
17.143
17.026
16.839
16.774
16.493
16.346
16.338
16.249
16.073
16.412
16.252
16.249
16.211
15.916
16.011
16.113
16.147
16.299
16.319
16.244
16.121
15.996
15.801
15.561
15.600
15.893
16.196
16.196
16.034
1.477
13.671
16.186
16.378
16.635
16.664
16.749
16.438
16.214
17.031
17.187
17.343
16.949
17.537
17.554
17.308
17.519
17.894
17.781
18.086
17.792
17.335
17.557
18.485
18.595
18.628
18.578
18.661
18.680
18.398
18.630
18.316
18.104
19.553
19.424
17.794
19.875
20.205
20.252
20.244
20.299
20.321
20.907
20.786
20.544
20.175
16.491
20.170
20.337
20.880
20.991
16.837
21.163
21.159
21.212
17.270
21.226
21.678
21.474
19.329
21.863
22.049
22.351
11.763
23.240
23.676
23.204
23.487
23.912
24.127
24.090
24.173
23.920
23.693
24.042
16.598
24.926
25.037
24.482
24.414
16.783
23.603
25.305
25.166
25.357
25.479
25.728
25.350
15.351
9.120
15.785
26.188
26.474
26.449
24.280
23.214
26.812
25.616
27.162
26.155
27.156
27.286
17.184
16.866
16.077
24.130
19.998
23.846
26.331
27.517
28.146
28.311
28.338
28.389
28.299
27.958
27.970
28.454
28.347
26.781
27.300
21.592
27.647
20.243
19.460
26.153
21.110
23.039
27.552
28.534
27.635
21.656
26.436
19.892
18.559
21.655
13.362
23.461
25.768
15.633
14.394
17.277
26.165
28.987
28.968
26.497
12.653
18.671
19.998
14.470
28.681
14.426
12.691
13.552
20.335
13.574
14.705
17.498
26.023
25.131
15.765
16.349
15.107
19.566
8.405
5.424
16.013
12.165
16.330
17.578
10.593
24.153
10.463
21.836
22.923
21.498
23.344
25.494
23.770
24.453
21.827
19.805
23.006
27.056
26.909
26.960
27.306
25.660
24.085
19.741
19.325
23.970
24.121
9.239
15.559
24.142
7.968
21.019
25.573
13.874
20.486
18.010
23.942
24.497
25.914
24.322
21.649
25.525
24.145
13.355
14.744
25.593
25.391
20.134
23.421
25.307
10.386
21.905
25.339
25.795
21.468
25.546
25.309
12.988
22.914
24.316
16.422
22.897
25.007
25.186
24.271
24.102
8.756
16.170
18.226
19.428
18.074
16.913
22.380
23.425
23.351
17.535
15.418
15.556
20.647
20.919
15.616
20.584
13.844
17.971
20.537
10.650
21.352
22.577
9.941
22.419
22.905
22.217
21.924
19.704
23.670
24.181
23.787
23.076
17.356
22.861
22.626
22.136
22.374
22.257
21.817
19.253
19.956
19.178
17.469
18.816
16.828
12.690
17.793
20.974
20.975
18.176
20.914
20.923
21.120
21.228
20.588
20.890
21.480
19.171
17.579
20.645
20.561
20.331
20.046
20.062
18.312
19.875
20.140
19.846
18.583
18.984
18.814
19.004
19.198
18.950
18.867
18.800
18.674
18.626
18.199
18.349
18.357
18.486
17.435
18.106
17.955
17.792
17.860
17.244
15.209
17.353
17.709
17.176
16.664
16.317
16.726
16.910
16.908
16.866
16.607
16.586
16.416
16.935
16.979
16.784
16.674
16.442
16.501
16.341
16.228
16.166
16.191
15.952
16.243
16.088
15.909
15.976
16.012
15.580
15.907
15.874
15.822
15.973
15.537
16.383
16.286
16.272
16.327
16.186
16.156
16.127
15.802
15.825
16.389
16.469
16.661
16.502
15.729
16.440
16.382
16.313
15.953
16.607
16.591
16.885
16.928
16.837
16.649
16.687
16.464
16.300
15.820
16.748
16.595
5.686
12.021
6.965
18.013
18.236
18.042
12.672
8.543
17.722
18.483
18.449
18.932
18.862
19.186
19.337
19.568
16.787
13.085
8.199
18.765
18.852
15.926
11.109
19.776
20.233
20.120
20.137
20.429
17.505
20.826
20.356
20.521
21.037
20.774
20.881
9.652
21.447
21.740
21.816
21.706
21.458
19.487
22.745
22.734
23.093
23.556
22.727
10.359
22.555
23.087
23.563
20.987
22.213
12.943
24.193
24.721
24.638
24.570
24.731
24.913
24.778
24.772
24.877
24.997
24.672
9.456
19.299
13.125
26.445
25.870
25.997
24.478
24.334
26.019
25.864
26.035
26.289
26.247
26.551
22.314
21.901
23.750
26.727
27.046
27.094
26.944
27.276
27.497
27.825
27.316
25.509
24.135
27.085
26.572
18.982
15.605
28.207
28.513
28.482
28.286
27.866
27.432
27.759
27.979
28.029
27.554
27.886
28.390
26.827
27.732
28.231
27.860
26.732
16.494
15.133
19.371
14.009
17.021
29.095
29.210
25.948
30.693
29.298
27.646
24.325
16.181
18.206
21.788
14.959
10.872
14.878
28.553
28.241
14.122
14.686
24.326
21.585
26.079
23.258
22.521
14.561
22.184
17.610
25.957
22.231
12.992
18.575
25.922
17.699
18.120
17.882
20.678
23.487
2.199
26.828
13.018
15.107
9.932
15.771
9.915
20.405
23.529
16.231
11.069
4.912
10.527
23.439
24.604
26.102
26.167
23.173
25.749
19.438
22.723
21.653
19.072
24.879
16.502
25.893
19.627
24.332
22.648
16.034
15.517
21.520
25.800
21.129
16.161
6.006
19.576
16.091
13.170
23.857
16.363
22.283
23.497
24.980
22.486
23.645
25.812
25.013
15.247
6.966
7.034
4.608
14.638
18.123
19.671
21.079
17.976
19.212
16.821
14.534
17.076
20.094
21.154
24.505
25.060
22.660
22.128
21.650
23.087
24.402
23.137
22.909
9.590
21.662
22.232
22.292
23.089
21.547
22.039
20.902
15.404
17.795
18.856
21.521
23.709
24.111
19.850
23.250
23.447
22.969
22.270
14.173
16.604
21.514
17.323
20.103
18.257
20.737
21.725
21.912
22.000
22.782
22.328
22.320
21.857
20.077
21.260
21.019
21.105
21.120
21.283
16.563
20.637
20.486
20.407
20.715
16.878
5.990
19.206
20.591
20.587
20.341
20.251
19.857
20.357
20.302
20.244
20.028
19.840
19.585
19.498
18.306
19.153
19.107
18.750
18.457
18.306
18.061
18.043
17.649
16.640
13.254
11.542
17.262
18.069
18.063
17.905
17.807
17.668
17.630
17.299
17.227
16.955
16.869
16.376
16.672
17.041
16.833
16.612
16.754
16.982
16.921
17.125
16.785
16.569
16.439
16.348
16.249
16.397
16.380
16.579
16.737
16.263
15.964
15.768
15.760
15.620
15.557
15.601
15.647
15.875
15.807
16.060
15.917
14.097
15.439
15.731
15.691
15.943
16.184
16.209
15.383
14.228
14.219
16.329
16.266
16.203
16.415
16.660
16.437
17.042
17.031
17.029
17.174
17.053
17.476
17.569
17.329
17.390
17.423
17.613
17.969
17.843
17.960
17.869
17.951
17.694
18.033
17.778
17.490
14.452
17.787
17.720
7.597
7.262
17.132
15.723
14.650
18.666
18.997
18.994
18.462
17.052
10.580
14.464
19.036
20.204
20.268
20.289
18.304
19.051
12.322
16.075
20.724
21.036
20.814
21.063
21.204
21.615
21.314
21.318
16.599
19.383
20.689
22.739
23.737
23.440
23.667
23.773
23.344
23.474
18.648
12.521
22.602
23.082
23.115
22.661
19.183
23.938
21.145
24.213
24.784
24.608
24.628
24.429
13.208
20.654
24.819
21.512
19.006
15.156
24.884
26.155
26.137
26.090
21.793
16.661
25.768
25.980
26.968
27.258
27.420
27.269
27.155
27.096
22.918
22.543
26.984
23.450
26.891
25.933
26.358
26.942
27.724
28.394
27.753
27.373
22.929
19.107
23.103
9.602
15.644
16.652
27.527
26.449
28.860
29.677
29.545
29.324
28.907
10.078
28.146
28.420
28.092
28.145
19.316
16.405
27.974
29.892
28.984
29.141
17.094
28.754
19.123
28.361
20.357
27.854
29.265
29.240
29.605
29.694
30.021
29.911
29.446
28.879
22.887
19.025
22.157
27.715
27.659
21.122
13.991
28.249
26.955
25.139
25.461
15.329
17.842
15.457
20.752
15.503
17.950
14.368
19.383
12.274
19.744
6.929
22.678
24.729
13.744
13.742
19.486
20.270
21.144
23.755
26.225
20.684
22.949
22.652
24.546
10.130
15.600
22.155
24.224
22.808
24.086
20.863
24.789
23.066
24.909
25.686
25.280
10.856
21.726
19.504
24.207
26.201
14.785
7.680
7.308
23.855
20.343
17.687
2.684
18.784
21.158
25.884
22.793
26.287
26.067
24.538
25.779
19.096
25.335
21.446
21.643
15.638
23.276
15.556
21.859
19.093
17.911
19.583
23.320
24.768
22.100
7.170
9.128
21.870
24.506
24.352
13.748
18.338
20.391
21.119
20.179
6.213
8.079
20.638
22.051
23.845
12.420
15.901
10.396
22.469
19.957
21.038
11.342
22.057
22.277
22.425
20.927
20.289
21.484
19.243
19.374
22.350
22.036
20.421
18.982
18.720
18.965
20.410
18.321
19.686
20.557
22.143
22.044
18.191
17.288
2.509
1.250
3.127
2.684
15.641
21.381
21.664
21.598
21.969
21.244
20.666
20.091
19.536
17.290
15.453
19.965
19.610
1.054
1.552
1.462
10.774
16.336
5.612
12.499
18.354
14.984
8.597
2.009
18.867
18.869
18.843
18.886
18.584
18.551
18.493
18.406
16.794
18.386
18.250
17.989
17.946
17.695
17.581
17.431
17.326
17.180
17.840
17.822
17.455
17.265
16.964
17.260
17.211
17.340
17.194
17.022
16.731
16.720
16.759
16.455
16.388
16.159
16.241
15.927
15.551
15.804
15.884
16.037
15.949
16.002
8.769
2.625
12.646
15.392
15.630
15.867
16.041
16.112
15.955
16.005
16.068
16.071
15.634
13.095
15.693
15.863
15.848
16.273
16.188
16.257
16.553
16.559
16.292
16.391
16.496
16.501
16.446
16.311
16.559
16.567
16.643
16.658
16.585
16.786
16.894
17.159
17.203
16.926
16.192
3.561
15.906
17.650
17.602
18.010
18.307
18.331
17.608
16.090
15.770
18.433
19.078
19.225
19.227
18.704
19.328
19.461
19.522
19.656
19.707
19.708
19.455
19.817
20.043
20.341
20.499
20.121
20.428
20.613
21.031
21.252
21.423
21.519
21.376
21.517
21.857
21.718
22.160
22.621
22.923
23.197
23.056
23.049
19.802
22.420
20.822
22.028
17.432
23.150
23.476
23.367
23.821
23.912
24.025
23.985
24.129
24.319
25.092
24.841
24.659
25.037
25.177
25.612
25.296
25.121
25.290
25.377
23.523
23.194
26.274
26.173
26.189
25.816
25.685
25.989
23.507
25.024
26.082
26.130
26.407
27.001
27.298
27.096
27.231
27.211
27.327
27.742
26.954
26.743
24.505
23.449
20.406
26.424
16.820
18.220
21.657
21.533
21.525
26.777
19.611
28.149
29.366
29.145
29.161
28.701
28.899
28.517
14.599
28.163
28.435
28.753
21.791
24.107
27.831
27.573
22.146
27.880
23.207
28.735
28.891
26.155
28.361
26.999
28.697
25.563
24.863
20.428
28.965
29.037
28.916
25.999
26.596
24.409
28.733
24.322
19.015
20.537
24.120
23.905
22.636
17.819
11.159
11.656
2.866
6.143
17.652
20.283
20.516
24.524
12.759
19.488
28.014
24.255
27.375
23.984
18.583
21.512
17.173
22.114
15.132
19.017
19.376
15.358
17.935
18.644
24.178
23.709
13.762
25.385
4.428
27.020
26.878
15.650
13.802
24.301
14.200
22.575
25.135
25.778
18.129
23.479
18.625
22.444
18.106
22.635
24.979
19.502
24.922
24.204
22.873
23.556
24.317
26.241
25.443
25.109
10.419
18.551
19.428
10.793
23.463
19.711
22.928
19.189
4.138
20.224
23.880
22.977
24.621
22.168
25.025
21.933
11.585
14.610
24.730
22.292
23.564
24.848
19.109
21.913
17.784
24.472
24.895
15.175
23.181
24.386
24.474
24.126
22.974
23.906
21.313
23.478
14.985
12.861
11.626
7.681
17.852
15.965
10.988
12.128
1.458
19.464
20.288
22.568
22.124
22.427
22.399
21.883
12.698
22.234
19.979
20.611
21.469
20.873
21.351
21.492
19.403
19.249
12.819
4.080
19.771
21.526
21.350
18.769
19.324
20.548
17.546
5.677
21.317
21.234
20.979
20.599
20.528
20.628
20.086
17.880
19.857
19.941
18.360
17.618
16.244
16.061
19.202
19.282
19.364
19.607
19.708
19.532
19.145
18.678
18.452
18.226
18.044
18.230
18.189
17.878
17.835
18.048
17.969
17.947
17.475
17.317
17.165
17.269
16.961
16.789
16.607
16.486
16.343
16.494
16.420
16.198
16.522
16.385
16.118
16.298
16.269
16.153
16.154
16.275
15.874
15.686
15.658
15.667
15.633
15.355
15.517
15.639
15.637
15.920
15.679
15.526
15.391
14.545
15.705
15.620
14.790
11.949
7.405
16.133
16.247
16.137
16.159
16.310
15.828
15.185
15.055
5.708
15.668
16.397
16.421
16.217
16.535
16.600
16.502
14.948
16.571
16.512
16.792
16.305
16.653
16.456
13.589
16.966
17.398
15.692
16.593
5.468
17.178
17.178
16.881
17.340
5.235
16.320
6.704
8.351
1.979
18.972
18.996
18.936
18.668
18.585
14.612
17.428
18.780
19.602
19.147
19.453
19.519
20.011
19.741
19.591
19.747
18.649
19.305
19.935
19.427
6.777
20.614
21.672
21.452
21.657
21.603
21.719
21.456
21.758
21.745
21.931
22.044
21.140
21.942
19.355
17.035
8.777
13.014
14.183
23.313
23.515
23.582
23.245
19.889
23.485
21.491
24.286
24.323
21.507
15.589
15.609
19.417
25.240
25.113
19.676
24.577
16.054
25.324
26.580
26.898
26.752
26.775
26.661
26.534
26.637
15.340
6.309
24.963
27.414
28.328
28.257
27.031
27.463
27.103
27.771
26.468
26.006
22.150
27.469
27.802
27.471
25.987
22.414
25.418
26.160
22.923
26.551
20.168
18.853
23.633
15.864
24.622
22.763
17.349
23.897
23.788
28.494
29.247
29.693
29.786
29.495
29.203
29.493
29.298
27.774
26.235
13.822
25.786
28.732
28.230
28.306
24.342
28.816
29.183
26.176
26.611
26.239
29.319
28.018
29.099
30.176
29.767
25.079
13.782
28.589
16.920
19.297
21.317
27.968
29.496
29.487
29.609
28.989
29.232
25.583
28.820
29.051
23.416
23.784
21.649
11.728
10.906
8.853
14.605
16.444
13.959
6.733
4.255
14.477
20.544
15.901
17.815
9.458
13.972
24.894
24.628
26.208
20.305
21.506
17.307
13.425
2.803
2.245
13.113
14.062
14.700
21.813
21.858
22.048
26.421
16.066
24.633
20.605
20.031
16.699
11.888
20.551
26.459
19.607
19.767
26.253
25.164
14.059
5.280
22.538
21.345
18.145
25.806
25.584
19.212
15.496
20.455
25.686
18.139
17.287
5.823
21.266
20.637
21.560
19.775
13.834
19.824
16.199
14.866
24.826
24.827
24.787
25.093
24.284
25.181
19.185
24.454
24.272
22.472
16.184
23.465
16.958
22.373
23.177
22.687
19.043
15.956
12.639
7.174
7.675
17.037
16.518
23.098
4.162
20.317
22.074
20.076
20.252
22.228
22.186
19.580
22.310
22.440
22.513
22.136
22.291
20.708
21.633
8.839
11.792
21.060
20.761
18.931
21.709
18.066
21.086
21.044
20.766
15.962
3.525
2.122
13.092
3.956
13.463
2.873
1.465
4.543
7.104
7.520
14.136
17.559
18.511
18.202
18.917
18.908
19.246
19.210
3.162
16.530
16.067
18.396
18.951
18.992
18.839
18.693
18.312
18.345
18.528
18.244
18.344
18.240
18.104
17.985
18.303
18.134
17.869
17.703
17.252
17.235
17.028
16.763
16.691
17.275
16.870
16.841
16.682
16.368
16.355
16.040
15.988
14.202
16.915
16.846
16.545
16.275
16.204
16.294
16.401
16.297
16.564
16.443
16.345
14.779
14.269
15.923
15.985
15.958
15.474
14.322
11.399
15.442
15.772
16.072
15.950
15.900
16.198
16.167
16.264
16.213
16.450
16.276
16.384
16.743
16.502
16.645
16.629
16.990
16.962
17.071
17.038
16.892
17.039
16.764
17.093
17.059
16.957
16.998
17.228
17.019
17.862
17.408
12.243
18.308
18.079
18.160
18.168
18.176
18.228
18.223
18.391
18.439
18.953
19.079
19.087
19.234
19.157
19.163
19.121
19.125
19.659
19.624
19.638
19.883
19.868
20.087
20.352
20.163
20.337
20.272
21.014
21.322
21.206
21.522
21.743
21.934
21.323
21.349
18.777
21.309
22.578
21.873
20.805
22.457
22.031
21.007
18.425
16.696
11.374
16.522
21.253
19.839
13.563
22.891
24.139
25.016
24.895
24.799
22.689
25.296
25.380
25.191
24.718
23.592
23.905
25.224
25.906
26.049
26.156
25.862
25.178
25.864
25.791
26.545
26.578
26.277
26.027
25.923
26.032
26.439
26.801
24.757
27.158
26.169
17.840
12.541
10.592
26.013
27.056
27.132
13.597
24.123
26.454
20.499
27.638
27.670
27.050
27.799
28.038
27.754
25.497
26.905
25.415
19.452
28.500
24.346
25.102
26.506
20.827
26.712
19.612
18.587
27.962
25.176
13.152
17.592
26.283
12.279
24.908
19.557
15.439
18.658
20.341
16.412
12.330
10.411
10.338
25.313
27.457
21.181
17.062
18.863
16.139
8.043
6.727
10.729
6.525
14.616
11.243
25.827
28.238
21.890
24.338
23.488
18.835
24.945
24.113
28.370
27.322
27.204
18.180
15.802
16.973
16.220
18.961
22.604
23.492
24.341
23.328
24.284
27.029
22.466
19.087
14.226
11.227
12.009
23.599
4.402
10.659
3.476
4.871
5.121
10.977
20.731
22.228
15.838
21.584
26.239
24.883
17.871
18.830
20.320
22.941
23.723
25.396
22.353
25.125
25.246
12.191
13.195
24.681
25.299
14.555
16.646
15.773
24.110
24.342
24.185
25.419
25.540
24.853
22.343
25.845
23.625
24.388
24.682
23.863
7.207
13.649
14.397
22.438
22.472
23.642
6.955
21.080
15.507
22.711
15.453
18.625
17.795
11.143
22.507
24.952
24.958
16.620
24.313
13.084
17.538
23.914
23.428
21.229
20.258
15.552
21.417
19.584
18.980
19.623
21.538
21.203
20.673
22.320
20.134
2.858
1.941
6.023
3.743
3.629
7.707
19.067
19.243
16.652
21.144
19.361
19.048
21.620
21.501
22.019
22.001
21.908
21.949
21.290
21.346
21.089
21.354
19.730
20.816
20.749
20.715
20.989
21.022
20.042
16.721
19.445
16.341
19.726
20.339
20.179
19.988
19.140
18.612
15.682
18.800
11.162
7.770
18.116
12.094
9.673
6.297
17.629
18.233
18.038
5.467
14.995
17.201
17.395
17.529
17.562
17.482
17.683
17.505
17.494
17.207
17.272
17.155
16.979
16.944
15.928
16.679
16.782
16.985
16.950
16.498
15.919
16.666
16.844
17.060
16.684
16.241
15.822
15.844
15.642
15.521
12.742
15.321
15.753
16.142
16.058
16.069
15.837
15.662
15.604
15.559
15.233
15.377
15.602
15.694
16.360
16.073
16.114
15.704
15.746
15.888
16.131
16.054
16.182
16.114
16.274
16.590
16.564
16.557
16.326
16.422
16.863
16.944
16.384
15.474
16.695
17.077
16.959
15.168
17.216
17.201
17.196
17.304
16.982
17.498
18.061
17.861
17.716
17.851
17.899
17.879
17.537
17.428
15.078
18.327
18.605
18.532
18.500
18.810
18.732
11.741
14.694
18.484
14.983
14.802
9.690
4.847
18.138
19.829
9.329
20.129
20.326
20.591
21.006
21.142
21.021
20.911
20.728
20.720
20.992
21.192
21.445
13.363
11.330
22.407
22.501
23.141
23.332
23.568
23.412
22.508
22.187
14.084
15.156
10.439
9.879
23.723
24.361
23.756
24.050
24.138
24.279
23.321
23.119
24.212
24.601
25.151
25.806
25.871
25.492
25.540
25.636
25.736
25.799
25.956
26.413
26.936
26.914
26.673
26.314
25.526
22.259
26.467
26.711
25.930
25.208
20.671
22.242
16.988
12.675
18.029
12.864
20.898
17.435
21.970
27.152
27.271
25.629
22.960
15.708
16.183
24.423
11.642
17.295
11.816
12.376
13.118
10.389
14.694
6.761
14.891
14.604
25.986
27.926
23.772
25.401
23.050
16.414
13.140
16.141
14.473
16.240
17.657
27.713
28.098
28.646
24.781
26.675
14.902
15.100
13.929
28.653
28.789
26.144
29.150
29.290
29.152
10.348
20.533
15.959
15.255
18.502
12.220
14.029
14.329
13.321
15.289
19.854
6.643
15.220
23.838
24.789
13.523
22.523
24.987
18.295
25.381
17.409
18.687
22.638
17.903
18.466
4.793
17.659
19.294
20.491
18.037
19.675
12.114
1.495
7.610
24.372
26.918
22.613
21.262
22.709
14.166
15.220
21.910
15.825
20.219
17.504
11.565
11.006
1.179
14.431
22.064
11.001
1.322
16.302
15.549
17.597
13.130
21.461
18.040
6.841
24.718
19.489
24.626
25.623
24.738
21.722
20.492
25.590
26.038
25.066
22.349
23.047
14.520
15.278
1.447
22.650
9.374
13.447
13.378
25.599
23.664
23.978
22.623
17.963
22.157
16.237
19.652
20.797
23.187
23.699
22.899
23.583
23.684
20.030
20.738
16.347
16.449
21.806
22.173
20.154
22.850
23.010
23.548
16.742
19.954
20.691
21.266
11.239
21.424
20.153
17.027
18.330
1.886
2.143
7.983
20.027
6.659
11.445
19.000
16.027
18.607
20.856
18.666
21.201
21.086
20.995
21.358
20.512
20.189
20.728
21.339
20.977
21.326
19.820
20.134
19.884
16.863
20.290
20.595
20.551
20.568
20.870
20.522
20.437
20.019
19.647
19.423
19.455
19.307
19.292
4.819
18.651
16.823
18.727
18.272
18.191
11.738
17.837
15.120
17.028
17.657
18.296
17.973
18.190
17.957
17.480
9.524
17.199
17.113
17.318
17.568
17.356
17.187
16.911
16.932
17.013
16.598
16.319
15.881
16.504
16.255
16.449
16.218
16.036
16.253
15.911
15.833
15.540
15.834
16.424
16.342
15.825
15.620
15.370
15.374
14.838
15.154
16.559
16.554
16.600
16.286
16.237
16.276
16.031
15.707
16.144
16.278
16.068
16.143
16.489
16.530
16.734
16.804
16.634
16.155
16.083
16.237
16.241
16.226
16.306
16.605
16.199
16.391
16.481
16.908
17.060
17.178
16.891
16.561
16.845
16.761
16.536
17.031
14.597
3.350
3.441
5.009
5.639
17.819
18.215
9.883
4.523
11.217
19.061
19.179
18.606
17.842
15.220
7.131
13.179
1.115
15.891
19.887
19.992
20.371
20.887
20.800
20.642
20.683
20.498
20.511
20.327
20.572
20.758
20.695
20.987
21.126
21.437
22.201
22.309
22.146
22.242
22.430
22.275
22.456
22.335
22.593
22.551
22.730
23.040
23.201
23.223
23.562
22.919
18.636
19.751
20.889
24.046
24.287
24.460
24.070
23.267
23.382
24.899
23.163
22.272
20.436
21.317
25.569
25.591
25.558
25.768
24.475
19.022
25.572
19.850
23.987
10.422
15.435
26.124
26.806
26.747
27.043
26.627
26.198
15.859
24.228
12.078
24.551
26.754
26.985
28.452
28.438
28.403
28.551
28.433
28.446
28.491
28.159
28.367
28.172
29.104
28.481
27.914
27.189
26.502
24.202
16.783
17.801
28.266
19.893
27.797
26.992
23.815
14.272
25.635
17.844
13.914
19.672
20.646
21.428
25.265
20.448
24.714
12.260
15.974
15.573
11.117
24.255
28.124
29.244
28.863
24.226
28.659
20.114
16.423
14.500
13.056
11.594
12.917
11.685
18.688
18.179
8.989
13.660
26.661
16.853
17.669
19.212
22.288
8.097
1.248
6.441
19.919
13.032
17.796
25.577
25.317
24.222
25.947
26.372
20.541
16.232
3.163
21.039
24.887
24.488
14.091
23.427
19.662
26.626
24.362
20.076
20.547
20.782
25.977
23.243
24.861
20.878
21.362
18.567
24.919
18.792
2.263
25.910
26.159
10.386
10.058
21.948
22.643
23.742
21.689
14.192
10.730
22.812
25.985
25.744
23.778
24.620
25.340
24.985
23.020
19.277
24.008
4.918
12.263
23.531
19.657
24.717
24.351
21.722
22.517
17.150
15.252
14.935
16.231
24.836
21.714
21.989
24.399
24.134
23.771
18.003
23.091
24.487
24.466
24.419
24.590
24.540
24.331
24.187
24.257
24.286
23.248
23.134
22.926
23.385
23.206
23.179
23.214
22.584
16.878
10.029
16.702
21.437
21.479
22.805
22.186
16.945
17.851
5.323
19.329
22.710
17.916
7.503
21.053
21.778
21.698
21.544
21.005
20.968
21.199
20.744
21.230
21.227
21.336
21.429
19.492
20.792
17.996
20.523
20.720
20.614
19.737
20.534
20.526
20.627
20.459
20.197
18.078
15.012
18.377
16.118
19.523
19.487
19.196
19.050
18.980
19.051
18.885
18.524
16.731
13.084
18.119
18.452
18.231
17.975
17.893
17.788
17.789
17.371
14.973
17.252
17.554
14.219
16.859
14.088
14.895
14.588
17.341
17.272
17.006
16.338
16.583
16.603
16.132
16.256
15.846
15.786
16.140
16.124
15.960
15.676
14.154
11.862
15.375
15.454
15.487
15.672
15.223
15.254
15.930
15.719
15.684
15.822
15.473
15.486
15.237
15.062
13.557
15.935
16.036
15.804
15.876
15.983
16.052
15.991
15.966
15.952
16.109
16.145
16.172
16.043
14.907
5.590
14.386
14.548
15.730
15.954
16.495
16.714
16.690
16.896
16.932
16.988
16.879
16.955
17.192
17.511
17.294
17.393
17.715
16.987
17.650
17.668
17.893
18.226
18.407
18.256
18.926
18.780
18.990
19.149
19.263
19.078
19.341
19.272
19.554
19.752
19.373
19.820
19.907
20.156
20.514
20.368
20.539
20.652
21.093
20.839
21.159
21.124
18.508
21.270
21.437
21.577
21.507
20.553
22.737
22.292
22.164
22.558
22.588
22.981
23.534
23.371
21.850
16.016
22.934
24.448
24.080
24.037
23.732
18.318
18.335
24.211
24.627
18.403
17.286
20.985
23.419
24.714
17.968
21.091
25.330
24.482
19.387
14.693
25.207
26.252
25.904
25.588
25.955
26.121
26.276
26.395
18.581
25.847
26.530
27.292
27.668
26.929
26.880
27.153
26.828
26.241
28.374
28.196
28.324
28.049
27.245
29.114
29.478
28.716
28.365
29.588
28.644
28.138
28.002
28.145
27.363
23.498
27.208
15.668
14.758
29.433
28.888
28.840
26.414
17.173
17.652
24.511
27.244
24.186
17.824
10.825
16.263
15.496
13.375
15.143
15.962
12.183
15.063
2.014
25.289
26.394
28.406
27.194
19.185
17.480
23.349
21.627
17.857
25.799
15.908
21.658
28.778
29.220
29.547
27.881
24.207
28.489
21.395
18.289
21.816
27.207
24.920
29.273
29.553
29.045
28.975
29.512
28.967
13.879
12.309
25.399
9.562
23.870
8.139
12.876
12.455
19.110
21.973
22.043
22.444
24.208
22.085
26.674
18.019
24.478
13.098
24.119
26.733
25.225
14.767
19.749
26.688
26.689
20.101
24.994
19.707
24.653
23.345
25.063
24.021
21.106
10.124
17.918
10.526
21.206
23.297
24.140
17.638
7.300
24.051
20.073
19.500
17.719
13.132
24.422
25.419
24.463
22.881
19.793
7.748
15.807
19.888
20.950
23.564
22.156
25.005
24.063
22.509
24.410
4.659
21.644
20.161
15.392
19.133
24.165
22.114
21.918
22.107
21.764
23.278
22.676
13.425
3.399
16.964
21.101
10.514
22.679
13.651
23.786
23.749
20.562
20.969
18.799
22.530
22.389
21.083
15.835
23.012
21.715
21.634
19.646
20.171
19.868
22.190
21.508
20.360
20.854
21.889
5.735
18.090
12.476
15.613
16.550
17.997
16.185
21.898
21.514
21.642
21.381
21.800
21.272
21.011
20.561
20.762
21.015
20.964
20.807
21.008
20.987
20.478
21.012
20.705
20.517
20.480
20.084
19.985
17.198
17.238
19.016
19.035
18.607
18.514
18.452
16.606
17.597
17.941
13.213
7.473
4.253
16.451
13.750
15.129
16.631
3.613
0.751
16.056
17.107
17.759
17.501
17.480
17.165
17.213
16.964
17.233
16.955
16.913
16.474
16.537
16.215
16.337
16.336
16.237
16.258
16.181
16.130
14.904
16.113
16.031
15.773
15.778
15.780
15.716
15.501
15.297
15.176
11.553
15.369
15.779
16.176
16.095
16.182
16.020
15.942
15.951
16.090
16.090
16.124
12.308
14.535
16.281
16.420
16.362
15.769
16.268
16.690
16.831
16.753
16.546
16.476
16.346
16.394
10.778
15.211
16.346
16.841
17.348
17.173
17.452
17.483
17.576
17.657
17.807
17.728
17.831
17.960
18.125
17.960
18.213
18.424
18.307
18.296
18.206
18.595
16.818
19.108
18.890
18.811
18.868
12.540
9.870
19.019
13.523
19.205
19.362
19.329
14.473
17.359
20.763
20.657
20.740
21.039
20.842
13.643
20.995
21.270
21.353
21.534
21.601
21.776
22.013
17.615
22.224
22.135
22.184
22.108
22.508
23.043
23.169
21.964
23.363
23.662
23.938
23.902
20.675
21.346
23.349
23.912
24.253
24.615
24.716
24.810
25.106
24.905
24.370
24.935
25.388
25.670
25.725
25.787
25.362
25.947
26.077
25.997
26.373
26.560
27.197
27.338
23.443
25.840
26.782
27.413
26.760
26.914
27.369
27.178
27.150
26.891
27.231
27.536
27.565
27.730
27.820
27.890
28.154
27.012
27.137
26.419
13.696
26.382
19.007
10.823
20.173
17.299
12.087
16.169
14.983
27.662
28.351
28.288
28.702
28.812
26.348
23.801
23.814
28.029
28.169
22.417
25.352
11.769
16.932
20.510
25.559
21.896
27.939
27.067
27.611
27.948
28.239
14.029
25.334
29.216
29.273
28.852
21.822
28.405
28.368
28.852
27.373
18.772
28.052
12.366
18.753
24.395
12.973
21.699
18.767
9.904
16.099
13.407
14.499
17.071
11.385
21.657
20.502
12.353
24.106
24.059
22.119
17.236
11.017
20.570
15.247
17.265
25.423
23.119
19.162
22.102
19.276
21.017
8.850
10.631
13.465
20.846
19.188
23.948
16.893
25.091
21.468
12.802
19.811
22.974
22.506
23.847
18.531
22.224
9.454
20.013
26.624
26.149
16.165
23.977
19.923
22.450
25.514
24.867
21.724
25.236
25.821
23.388
22.098
17.805
15.583
11.968
20.640
16.393
23.057
21.453
23.852
23.401
19.484
16.752
19.653
12.300
21.612
6.849
22.244
22.100
23.615
23.278
22.183
24.032
22.181
23.802
23.210
24.007
23.775
22.738
21.617
22.936
22.396
22.831
22.721
20.967
17.578
19.724
21.424
18.457
16.273
21.490
17.196
19.159
22.632
22.052
17.467
21.355
22.069
22.505
22.472
22.360
22.990
22.633
22.008
21.924
21.700
19.695
21.241
21.258
21.063
7.846
7.965
21.141
21.715
21.455
21.213
20.859
2.656
18.128
9.917
18.849
16.771
16.680
7.239
4.431
17.126
19.714
19.900
20.007
19.868
19.848
20.008
19.929
18.890
12.560
2.276
18.373
18.870
18.831
18.714
18.256
17.801
17.655
16.485
13.520
17.536
14.494
17.451
17.119
16.394
16.981
16.725
16.574
15.761
16.740
17.266
17.301
16.903
16.234
16.019
12.863
15.123
15.429
16.110
16.712
17.037
16.765
16.783
16.620
16.388
10.504
0.868
5.348
3.362
14.897
15.707
15.996
16.185
16.176
16.026
15.906
15.851
15.722
16.228
16.343
16.392
16.311
16.289
15.950
16.019
16.028
15.990
15.867
16.042
11.467
15.503
14.565
16.370
16.299
16.224
16.362
16.303
16.486
16.557
16.707
17.016
16.740
16.928
16.765
16.620
16.447
16.719
17.208
17.179
17.495
17.497
17.359
17.225
17.081
17.192
17.209
16.524
17.307
18.093
4.175
17.532
18.266
18.750
18.942
18.780
18.892
18.903
19.178
19.327
19.069
19.385
19.621
19.630
19.830
19.757
19.449
19.108
16.807
8.253
19.544
17.955
19.956
3.225
21.020
21.252
21.560
20.337
19.570
21.752
21.949
22.502
21.633
21.717
21.643
21.697
22.351
22.951
22.914
21.961
22.940
21.413
23.350
23.692
23.688
23.614
24.183
23.961
23.939
24.096
24.569
24.629
25.054
24.878
24.220
18.935
24.780
25.359
24.676
24.754
21.544
25.386
25.890
25.973
14.714
13.552
24.625
27.239
26.651
25.122
25.267
23.810
26.387
25.904
19.180
15.002
23.156
24.003
26.798
14.249
18.478
24.282
26.939
19.326
27.567
28.000
24.617
16.214
13.558
24.127
21.373
18.577
27.694
25.607
27.917
22.295
24.774
21.249
16.432
20.590
28.561
28.745
28.222
26.536
28.109
21.038
27.832
27.862
28.176
20.767
24.847
27.609
24.349
21.349
26.068
28.839
21.511
21.877
15.138
14.355
21.324
25.312
13.382
24.604
20.386
15.578
28.081
29.123
20.321
27.720
22.622
23.012
21.388
13.532
16.044
22.315
15.453
22.708
21.953
12.288
0.979
2.998
9.216
27.586
27.658
24.559
27.050
17.888
4.148
12.103
5.300
18.485
12.778
17.492
24.793
18.592
9.523
26.799
27.150
21.447
26.621
26.407
26.674
25.030
26.714
21.018
26.279
24.270
23.990
22.907
23.556
16.030
9.748
15.439
13.342
23.608
19.247
26.624
25.539
20.896
8.174
10.427
19.280
22.631
24.736
9.447
8.473
16.406
16.894
9.413
6.989
1.895
14.718
12.518
11.945
18.233
7.392
20.030
19.809
6.196
19.207
5.786
16.077
25.448
25.047
7.565
18.671
21.294
17.748
23.752
24.566
24.713
24.849
24.642
24.298
20.326
9.024
17.713
23.667
22.903
20.456
23.230
14.269
14.017
13.747
15.749
21.693
23.499
22.772
18.002
18.234
14.890
4.539
15.641
15.149
16.530
5.022
8.109
11.864
8.064
3.261
20.027
20.280
22.210
22.247
22.136
22.279
21.824
21.596
21.545
10.915
21.177
21.067
19.415
20.831
20.876
21.138
20.849
21.282
20.916
20.949
20.181
20.109
19.884
6.849
18.319
19.276
19.919
19.957
20.136
19.879
19.784
20.080
19.721
19.774
19.418
19.247
19.236
19.097
18.737
18.449
18.655
18.781
18.325
18.608
18.198
18.095
17.827
17.675
13.902
17.484
17.526
17.565
17.280
17.067
17.256
16.997
16.981
16.854
16.932
16.961
16.923
16.901
16.660
16.628
16.755
16.330
15.987
15.862
15.938
16.062
16.043
15.997
16.178
16.061
15.768
15.685
15.049
15.760
16.240
16.182
16.093
16.364
16.206
16.207
16.328
16.382
16.140
16.064
16.280
16.250
16.369
16.261
16.093
15.986
15.441
15.580
1.882
9.227
12.692
15.749
15.208
15.247
15.264
15.276
14.787
16.309
16.766
16.748
16.912
16.978
16.802
16.695
16.721
15.888
16.428
16.633
17.580
17.765
17.369
17.720
17.679
17.354
17.919
17.767
17.761
18.286
18.248
18.339
19.031
18.977
18.641
18.874
18.551
18.661
15.374
19.376
20.173
20.092
19.768
13.635
16.796
19.265
16.431
19.574
20.490
20.714
20.726
20.623
20.773
21.091
21.398
21.405
21.624
22.134
21.878
22.259
22.514
22.598
22.817
22.396
22.294
22.442
22.891
23.231
23.298
23.561
23.678
20.494
17.703
23.578
23.944
24.285
24.241
24.179
23.818
24.423
24.549
25.597
25.927
25.672
25.461
25.582
25.311
25.353
25.263
25.690
21.152
25.337
23.440
25.843
19.246
20.416
25.741
25.867
25.825
24.887
24.050
25.566
25.570
26.585
26.480
19.703
26.895
27.394
26.838
26.921
26.913
26.016
27.462
27.406
27.637
21.646
27.625
22.862
27.786
16.183
28.684
25.065
28.323
20.019
26.243
25.758
28.193
28.341
28.348
23.576
28.135
28.248
25.196
26.647
27.703
28.729
29.249
28.984
24.925
27.403
28.735
28.812
26.376
28.958
29.719
29.964
29.315
28.622
28.738
29.504
29.234
28.828
28.754
27.604
28.238
18.582
21.691
27.699
19.220
11.675
28.520
28.796
29.275
29.041
28.756
28.812
28.635
24.578
23.129
21.272
11.787
12.111
16.538
10.155
11.121
17.126
20.221
25.430
28.473
24.870
28.108
27.133
23.015
15.364
20.274
16.730
10.660
16.430
20.217
22.847
17.940
24.391
24.950
13.867
19.847
18.631
15.873
11.975
24.964
24.793
10.693
20.859
12.744
20.360
15.126
7.451
21.367
19.641
20.779
20.077
5.692
17.474
9.179
7.463
20.941
24.297
19.655
8.160
19.273
25.227
21.578
20.325
24.793
19.944
20.082
12.769
23.103
16.294
22.677
19.774
24.890
24.517
18.190
18.483
18.904
22.485
18.201
24.108
24.090
23.200
23.833
24.789
24.734
24.290
24.416
22.768
24.164
9.843
8.484
16.911
19.715
24.112
8.283
15.856
20.732
23.390
23.037
19.975
20.112
18.235
19.296
20.760
22.474
22.561
22.732
22.724
23.104
23.187
23.441
23.034
20.345
22.506
22.199
22.090
21.699
21.638
20.576
21.116
22.213
22.513
21.866
19.835
13.762
8.630
21.137
21.393
21.633
21.636
21.406
21.167
21.229
21.040
21.195
21.143
19.771
20.141
20.582
20.302
19.808
19.721
19.824
20.244
20.292
20.057
19.765
18.728
9.253
1.508
9.263
4.448
4.717
14.798
18.523
18.492
18.531
18.338
18.148
18.216
18.246
18.413
18.487
17.873
17.493
17.083
17.238
17.452
17.504
17.261
17.088
17.073
16.814
17.047
17.075
16.920
16.794
16.571
16.683
16.298
16.548
16.649
16.261
16.414
16.334
16.167
15.880
13.617
15.611
15.587
15.447
15.625
15.890
15.541
16.145
15.867
16.117
16.281
16.446
16.599
15.884
16.357
16.319
16.404
16.574
16.409
16.231
15.872
15.889
15.339
16.137
16.478
16.597
16.293
16.647
16.979
16.916
16.855
16.939
16.883
16.632
16.904
16.907
16.377
16.464
16.839
16.857
17.303
17.592
17.774
18.268
18.269
18.298
18.464
18.342
18.685
18.519
18.582
18.827
13.312
16.964
18.777
18.333
18.483
18.598
16.999
11.603
20.074
20.454
19.885
20.045
19.675
20.024
13.338
14.356
17.072
19.617
20.535
20.686
21.231
21.106
21.193
20.461
21.265
21.901
22.191
21.788
22.774
22.570
22.739
22.803
23.067
23.343
23.601
23.056
23.627
23.668
23.281
23.659
23.690
22.413
23.350
23.029
11.611
24.468
24.258
24.191
23.214
24.466
24.721
24.485
24.734
25.287
23.856
17.692
21.216
25.166
24.766
25.810
25.612
16.653
25.982
26.867
27.156
27.074
26.909
26.766
26.836
24.874
22.938
26.691
26.904
18.673
26.762
26.211
24.300
15.360
13.879
13.717
15.343
14.925
24.475
27.525
26.726
27.410
27.741
27.791
27.925
28.105
28.229
28.936
28.858
28.268
27.639
27.254
28.134
28.757
28.396
28.438
22.775
28.640
28.693
27.778
24.512
22.434
29.013
28.449
28.532
28.782
28.497
28.619
28.497
28.399
26.008
23.133
28.785
15.319
2.633
1.952
26.389
15.206
23.745
24.427
16.503
20.041
25.276
25.747
21.085
27.423
25.496
17.417
18.633
6.414
17.404
26.200
15.624
10.537
25.214
12.669
27.778
23.996
19.403
20.382
8.546
14.749
23.223
15.766
4.569
6.793
18.965
17.931
23.852
22.218
18.033
21.054
17.991
11.044
17.396
22.418
24.607
20.487
25.163
25.906
26.531
24.861
21.603
22.119
22.346
15.817
14.573
20.353
17.749
16.872
20.502
8.371
8.065
10.790
26.292
25.412
8.905
11.813
24.912
22.429
16.111
22.022
24.809
23.535
16.276
20.553
12.296
19.923
22.151
22.999
25.242
22.767
22.355
22.034
15.811
15.117
10.865
4.569
22.480
21.601
25.059
20.027
18.367
16.470
7.488
18.124
22.670
18.807
22.473
10.724
21.057
22.445
24.546
24.282
24.775
24.492
23.953
23.442
23.791
23.628
23.689
23.505
23.413
23.345
23.249
22.238
10.445
17.672
22.776
22.045
21.188
22.273
22.040
21.731
21.584
15.942
11.759
7.557
4.428
3.130
18.118
17.295
10.722
20.965
19.314
19.061
20.673
16.745
20.714
9.853
3.175
7.911
5.412
9.540
19.804
20.331
20.118
19.895
20.191
16.245
17.291
14.493
4.561
18.609
16.507
19.309
19.783
19.689
19.427
19.220
18.806
16.168
18.556
19.092
19.104
18.925
18.836
18.430
18.166
18.497
18.431
18.240
18.302
17.829
17.760
17.701
17.598
17.684
17.607
17.438
17.166
17.113
17.201
16.970
16.782
16.515
15.926
15.932
16.283
16.663
16.682
16.737
16.611
16.559
16.191
16.115
16.191
16.079
16.121
16.116
16.183
16.049
15.908
16.075
15.836
15.774
15.642
15.600
15.526
15.316
15.356
15.376
15.568
15.954
15.891
15.780
15.736
15.468
15.838
15.591
15.620
15.641
16.475
16.703
15.398
15.435
16.692
16.781
16.607
15.464
11.352
9.138
16.355
16.753
16.766
16.415
16.585
15.864
15.150
17.099
17.615
16.734
16.693
16.204
16.767
18.133
18.198
18.353
17.939
18.417
18.673
18.782
19.147
18.549
18.929
18.476
18.976
18.771
18.870
19.082
19.338
19.321
19.992
19.887
13.431
14.940
9.139
20.687
20.705
20.960
20.913
20.750
20.234
15.756
20.709
19.698
19.810
17.678
16.502
14.385
20.152
21.886
14.265
22.307
22.191
22.698
22.695
22.908
22.587
22.749
20.934
21.562
23.384
23.765
24.248
23.918
23.727
23.782
24.609
24.281
23.986
24.527
24.256
23.833
24.489
24.592
25.236
25.378
25.253
25.170
25.499
25.396
25.870
26.484
26.058
25.929
25.927
25.797
26.506
27.327
27.313
22.802
24.158
26.744
26.733
20.986
26.833
20.748
25.320
27.058
27.284
27.412
27.607
27.601
27.859
27.755
21.888
27.893
28.787
28.464
27.365
26.924
27.585
22.446
25.854
25.369
17.598
27.976
22.249
16.484
26.244
28.372
22.471
28.387
29.013
27.328
25.448
28.474
29.020
29.613
28.920
28.999
29.659
28.865
21.526
5.386
7.000
6.221
28.537
28.549
27.935
28.223
23.335
28.463
28.628
28.926
29.166
28.675
28.857
28.954
26.284
28.950
29.037
28.488
28.992
25.577
19.044
21.770
14.699
14.001
8.497
15.655
26.121
27.873
21.589
16.509
17.203
13.086
17.382
24.159
13.041
12.940
3.524
2.196
1.070
4.300
20.493
21.309
25.887
21.839
25.929
22.300
26.622
22.021
23.826
20.592
18.163
17.129
14.645
7.271
20.285
6.696
6.921
25.528
16.924
2.606
24.605
25.813
24.811
14.489
14.866
16.295
