20000101
23.060,5.804
22.993,6.572
22.193,6.871
22.599,7.074
23.269,6.395
21.512,6.453
21.511,7.710
22.331,5.955
24.429,6.375
26.964,7.323
26.821,7.632
27.434,8.569
26.486,11.556
25.692,13.255
26.739,8.863
24.614,12.627
23.047,8.167
22.849,7.456
23.285,8.102
25.054,10.521
24.618,6.629
27.360,9.520
26.225,9.971
24.892,9.288
24.854,7.735
25.570,6.213
27.247,8.552
26.390,9.316
23.739,11.322
24.448,8.043
26.469,9.656
28.344,12.398
27.657,13.872
27.667,10.737
28.172,11.532
24.991,15.139
21.499,14.796
23.958,12.830
24.148,8.978
25.415,9.922
25.254,8.420
21.624,13.653
25.335,15.264
25.527,12.089
25.513,12.331
25.584,10.651
26.783,8.130
27.212,9.287
26.041,12.061
26.769,9.011
27.173,7.144
22.139,12.347
27.737,10.452
26.773,10.339
26.912,11.217
26.688,10.812
25.748,12.758
27.379,9.326
27.616,9.515
29.527,12.229
32.047,13.197
30.966,15.328
32.363,15.051
34.385,16.386
34.179,17.105
32.662,16.236
34.484,14.367
32.669,19.775
29.356,15.233
30.384,13.955
33.839,12.816
34.723,15.494
34.098,15.842
32.182,17.822
30.376,15.996
30.931,15.017
32.729,14.517
36.049,15.945
33.083,16.258
32.468,14.796
34.239,13.013
38.542,17.109
32.735,22.712
32.240,18.881
34.008,16.506
34.355,15.275
36.431,16.740
34.468,18.839
36.427,15.888
36.522,16.375
38.973,20.792
39.692,19.129
39.729,23.090
39.238,21.139
38.947,20.741
39.591,18.800
39.996,19.671
39.687,18.227
40.713,19.756
40.788,20.245
38.804,18.036
40.318,21.768
38.288,19.862
40.115,21.601
40.949,22.190
40.444,23.648
41.172,24.354
39.824,24.165
40.723,22.968
42.394,25.123
42.583,25.176
44.286,24.643
42.280,23.240
40.678,24.313
39.929,25.391
41.529,21.998
41.469,22.653
42.059,22.493
42.267,25.042
43.515,23.821
43.060,23.216
42.717,25.149
42.437,24.923
37.749,26.382
36.444,24.139
37.189,23.908
37.878,24.452
38.028,25.077
42.185,25.254
42.355,24.425
42.541,26.127
44.517,26.382
43.533,26.862
42.885,27.021
43.505,30.487
40.246,28.384
38.858,27.287
42.375,27.191
43.581,27.333
42.541,31.143
42.211,27.351
39.387,26.744
34.310,25.248
37.757,25.304
38.401,24.909
41.822,27.724
43.303,28.890
43.412,26.910
44.531,27.740
44.363,30.087
42.064,27.635
41.079,28.463
39.228,26.982
38.993,26.731
38.882,26.688
37.135,27.511
35.895,26.192
27.492,25.093
31.503,24.669
35.725,25.094
35.993,25.736
35.767,26.255
37.952,25.379
40.268,26.609
40.413,27.429
40.643,27.550
35.942,27.535
36.052,26.321
34.715,28.004
32.419,26.137
26.716,25.032
33.441,24.688
33.194,24.817
32.545,24.961
35.804,25.225
37.584,25.362
36.290,25.530
38.054,27.833
36.212,26.607
34.216,25.684
32.260,25.445
34.682,24.371
35.927,24.981
37.217,26.244
36.149,26.371
36.306,25.928
39.369,27.466
38.113,29.348
30.530,25.734
37.123,24.951
36.281,25.474
38.042,26.828
32.936,25.585
29.621,25.260
31.335,24.622
34.326,23.874
32.592,25.477
32.271,24.915
33.644,24.548
28.831,24.502
27.714,23.933
30.333,23.718
28.148,22.764
31.538,22.792
29.725,23.277
30.390,23.596
29.466,23.797
29.323,24.031
29.565,23.992
30.497,23.562
30.618,23.940
32.519,23.829
31.790,24.412
30.018,24.392
32.379,24.003
32.976,23.400
34.040,23.637
34.362,24.068
33.474,25.125
35.468,24.380
33.162,25.353
30.322,24.496
30.905,23.631
29.874,23.360
32.644,24.474
34.429,24.233
34.943,23.522
31.926,23.578
31.541,23.149
30.913,23.605
29.934,23.155
30.436,23.884
32.178,23.935
31.029,24.254
32.277,23.951
32.459,23.338
32.992,23.273
33.392,23.672
33.783,23.897
33.291,23.250
33.745,23.276
33.120,22.563
29.836,23.076
29.535,23.542
25.076,23.422
27.423,23.147
27.919,22.426
31.686,22.313
30.015,22.635
30.669,23.440
30.326,24.354
29.940,23.660
28.597,23.238
29.574,22.922
31.379,22.530
31.292,21.538
30.558,19.968
28.945,21.149
27.223,23.539
31.589,22.920
29.760,24.450
26.705,23.174
25.553,21.841
26.297,21.691
28.296,22.689
28.000,23.133
28.727,21.893
28.712,20.674
30.714,20.173
30.317,19.913
30.269,18.674
30.924,18.126
31.482,18.092
31.608,17.379
30.215,18.992
29.107,20.329
29.835,22.298
32.319,20.081
31.924,20.803
32.291,21.615
33.881,21.628
34.373,22.224
33.999,21.569
32.383,21.986
31.673,20.183
30.758,18.839
30.709,18.171
29.799,15.524
29.582,13.103
30.228,15.332
30.801,17.863
32.532,20.123
33.516,19.868
32.135,19.328
31.815,16.691
31.097,15.276
30.331,16.218
31.215,14.986
31.335,15.465
30.193,13.889
29.329,16.057
28.036,17.234
28.185,16.549
28.300,14.302
29.542,13.799
29.308,15.492
30.633,15.188
29.935,17.286
30.336,17.380
29.120,15.911
29.853,14.888
29.301,13.682
29.429,13.236
29.200,13.430
30.590,14.530
29.975,13.315
28.959,13.417
28.834,11.456
27.990,11.230
28.807,12.872
27.364,11.210
27.430,10.998
28.346,11.065
27.946,11.280
30.479,11.777
29.152,13.677
29.979,14.137
29.003,12.620
27.499,12.373
28.088,11.863
26.613,11.317
26.318,8.052
28.147,9.518
26.970,10.543
26.589,9.940
24.792,10.389
23.373,7.227
22.765,6.027
22.619,7.240
23.414,6.585
24.418,6.517
24.764,5.208
23.923,5.982
26.084,6.837
25.776,8.332
25.665,7.337
23.630,5.939
22.581,5.108
22.832,5.522
23.711,5.197
23.755,5.775
24.828,5.772
25.824,7.570
26.234,10.691
23.800,9.569
23.127,6.017
23.374,5.238
23.336,6.333
24.124,5.809
24.327,6.803
24.595,8.305
24.940,8.343
24.237,7.378
24.198,6.257
24.601,5.391
24.750,6.231
14.710,13.289
24.281,11.767
24.334,9.415
22.584,7.788
21.075,7.150
22.211,3.433
22.731,2.857
24.656,4.500
22.510,9.284
22.388,4.896
22.198,4.564
23.914,2.826
24.571,7.029
23.629,6.733
23.264,3.034
25.634,4.223
24.822,6.354
25.156,5.146
25.118,4.793
26.235,4.192
27.678,7.034
29.270,9.410
26.695,14.631
22.721,10.234
22.947,7.095
24.273,5.231
24.756,7.850
25.619,7.849
27.143,5.526
28.120,8.576
30.931,9.708
30.394,12.935
29.608,15.086
28.362,11.521
27.666,6.748
29.741,10.046
27.824,11.734
27.359,10.740
27.483,10.320
26.305,9.860
27.258,8.651
27.595,9.047
28.689,7.041
30.170,7.246
31.704,8.793
33.233,13.504
30.469,15.585
32.292,12.526
31.065,11.964
31.411,14.634
30.959,12.749
30.022,12.069
29.634,12.398
29.766,12.496
32.494,11.198
35.197,15.208
32.540,15.894
31.675,14.552
33.402,13.263
31.156,17.728
31.315,16.421
32.749,14.134
32.923,14.487
27.830,18.179
30.979,15.887
31.956,12.771
32.799,11.858
31.831,14.194
33.099,13.651
33.066,13.622
33.019,13.600
33.686,14.132
35.050,14.220
34.311,15.704
34.309,16.610
34.475,17.227
34.408,16.567
35.511,14.853
37.342,16.332
38.542,19.230
38.405,20.606
34.700,21.337
34.733,19.622
35.440,18.744
35.531,19.560
36.810,18.503
37.420,18.971
41.430,20.235
40.725,25.499
34.845,22.108
34.755,21.905
35.666,19.425
37.328,18.169
37.572,17.770
38.196,19.212
38.442,22.978
41.205,21.135
38.214,22.426
40.292,22.841
41.220,21.869
41.050,22.433
40.801,24.459
37.301,25.031
34.841,23.190
37.547,22.171
37.536,22.410
40.777,20.613
36.275,19.948
36.716,19.596
37.151,22.248
36.821,23.037
37.799,21.357
39.191,21.531
41.077,20.600
41.091,20.180
42.761,23.978
42.974,24.588
43.052,25.226
44.134,21.634
44.208,24.417
42.897,26.317
42.548,26.516
42.992,25.863
42.234,25.226
41.216,24.889
36.768,25.811
41.135,24.566
42.167,25.463
42.678,26.314
43.381,26.131
42.110,26.333
37.227,24.879
39.645,25.227
39.409,26.917
43.009,27.545
41.810,26.204
42.762,26.177
38.948,26.479
39.833,25.887
40.237,26.898
40.399,24.969
38.180,28.165
41.717,27.109
42.953,27.188
44.554,28.905
44.847,28.187
39.393,28.462
43.833,27.242
41.349,28.937
39.219,27.316
41.875,26.808
38.967,29.092
37.748,26.705
36.204,27.235
37.376,27.739
37.330,27.358
38.267,26.864
39.295,26.355
41.803,26.071
41.888,29.021
39.210,27.329
37.988,26.199
37.006,26.774
34.301,25.799
26.264,24.542
27.491,24.179
28.432,24.142
30.789,23.335
31.210,23.733
35.228,25.114
28.217,25.307
33.578,23.989
28.285,24.821
30.908,24.188
29.888,24.906
31.804,24.291
29.685,24.075
30.674,24.833
31.349,24.813
30.177,25.140
28.442,24.827
30.495,24.502
30.455,24.686
31.373,24.961
30.168,24.705
32.280,24.654
34.690,24.952
32.455,24.883
32.683,24.706
28.712,24.203
30.058,24.686
29.679,24.343
28.660,24.087
27.097,23.109
29.080,23.735
29.840,24.566
27.469,23.692
30.286,23.892
30.652,24.276
28.649,23.652
29.970,23.917
29.437,23.745
30.163,24.637
29.162,24.346
30.526,23.887
31.118,24.638
31.791,24.525
30.741,24.624
30.236,24.379
29.764,24.011
29.657,23.895
31.440,24.011
32.752,24.045
32.221,23.644
29.482,24.126
30.797,24.129
28.154,23.958
29.910,23.962
30.148,23.740
32.980,23.526
32.688,24.150
29.930,23.413
30.953,24.402
31.121,24.093
33.809,24.184
31.644,24.143
28.740,24.589
31.292,23.827
33.653,23.166
32.008,23.899
30.214,24.370
32.733,24.527
29.468,24.539
31.243,24.509
31.684,24.431
30.927,24.746
28.138,24.581
29.685,24.000
29.726,23.881
32.029,23.779
31.360,23.466
29.784,23.749
27.852,23.918
27.763,24.350
29.268,23.829
29.769,23.210
28.711,23.305
28.356,24.039
29.115,23.099
28.720,23.668
29.595,22.930
27.212,22.668
29.774,22.744
31.098,22.358
26.607,22.089
32.383,21.677
29.894,22.094
30.544,22.956
30.879,23.243
30.050,22.744
30.579,20.485
31.273,19.173
31.520,20.224
31.586,18.928
31.715,21.177
35.281,21.065
31.375,23.116
31.885,22.481
33.935,22.213
32.347,22.281
29.768,22.038
30.980,23.874
28.851,23.363
29.029,23.148
29.301,22.875
30.278,23.675
30.234,23.291
28.885,23.160
28.429,22.735
31.498,20.793
32.142,22.173
30.995,21.578
31.432,21.829
32.002,19.564
31.457,19.139
30.942,17.414
31.217,18.164
30.948,18.327
31.021,15.198
31.197,15.544
30.994,19.227
30.668,16.079
30.658,14.999
29.895,14.462
29.669,16.612
30.518,16.208
29.971,19.562
30.378,17.107
30.996,14.511
29.709,15.081
29.364,15.825
29.729,18.695
29.167,18.067
29.868,17.726
30.615,16.478
31.983,17.131
30.317,15.897
31.483,16.148
31.538,15.905
31.073,15.481
28.885,15.818
29.240,14.992
28.682,14.635
27.748,13.475
27.230,14.436
26.742,14.188
27.732,13.253
27.781,13.511
28.818,12.200
29.314,14.624
30.340,17.626
28.703,15.012
27.335,11.643
27.022,10.930
27.839,12.062
28.122,14.208
27.386,13.953
27.549,12.007
26.872,11.006
26.875,11.485
27.394,11.005
27.059,10.381
26.330,11.306
25.042,10.215
24.965,10.049
24.691,9.488
25.484,9.300
25.912,9.350
26.147,9.643
26.533,9.518
25.680,10.582
26.254,8.803
27.005,8.873
26.639,8.452
25.867,8.258
27.108,8.354
25.616,7.934
24.729,7.069
24.778,6.437
24.183,9.181
24.955,7.065
24.042,8.617
23.917,7.058
24.509,9.285
23.229,9.053
23.416,6.909
24.275,5.270
23.903,5.492
23.485,4.756
23.743,4.805
25.087,5.489
24.717,6.450
25.144,7.315
24.062,8.235
22.669,6.881
22.182,3.517
22.047,6.172
23.299,3.590
23.380,5.781
24.160,5.946
24.444,5.585
25.082,6.379
25.470,8.387
23.975,6.382
23.849,6.996
25.504,8.702
23.881,7.949
25.394,8.000
26.377,7.055
28.087,9.183
30.757,14.535
28.930,10.811
31.013,13.729
29.401,12.567
30.502,11.857
22.902,12.834
25.027,11.943
19.580,13.455
24.223,9.558
23.291,8.493
25.857,7.101
26.959,11.778
20.524,11.252
22.235,8.754
22.501,8.299
22.672,7.634
23.857,5.913
25.282,7.947
24.949,9.763
26.143,9.387
25.933,6.099
29.137,9.292
30.548,14.676
23.679,16.798
29.677,13.861
28.771,14.209
30.993,13.239
26.832,14.117
26.911,13.479
26.848,11.216
27.219,11.162
28.806,10.646
30.198,11.197
30.662,10.866
31.377,14.492
31.655,15.872
31.623,12.828
31.872,13.046
33.277,12.714
33.837,16.027
32.712,18.048
30.503,16.238
30.309,14.163
31.143,12.585
32.031,13.425
35.265,16.000
32.638,19.353
29.603,14.259
30.642,13.387
31.219,14.142
31.546,12.966
33.937,12.961
33.952,20.398
35.646,18.103
34.781,17.140
34.320,17.254
34.412,18.657
34.364,20.662
31.201,18.535
34.080,18.700
33.822,15.885
35.260,15.641
36.305,15.617
36.337,16.810
36.567,17.736
36.906,18.247
36.853,20.133
37.272,18.963
38.153,19.221
39.012,24.338
35.707,21.996
35.351,20.136
33.074,20.209
35.719,18.295
37.694,17.259
39.961,19.492
38.593,23.668
36.119,20.537
36.290,19.079
38.396,20.143
39.073,21.516
40.930,22.279
40.551,22.078
37.948,24.055
37.122,23.380
37.031,21.718
40.117,21.165
37.532,19.978
38.775,21.481
40.532,21.302
41.442,22.464
42.302,23.344
41.954,24.580
41.975,23.925
44.741,25.140
41.760,23.731
41.717,21.910
42.845,23.578
40.964,24.767
45.435,26.177
37.993,25.516
39.324,22.494
42.539,23.349
44.039,23.590
40.995,21.599
43.661,22.258
45.027,25.042
43.767,23.837
41.660,24.396
42.400,24.560
42.227,25.270
43.623,25.163
42.429,27.188
43.215,26.575
42.149,27.096
44.431,26.966
42.794,26.205
43.340,27.200
42.031,29.040
38.258,26.745
36.634,25.585
37.170,26.456
41.346,27.766
45.544,28.525
45.037,26.639
44.412,31.897
44.092,25.034
45.535,25.264
43.347,27.168
41.101,26.538
43.323,25.502
40.038,25.381
39.348,23.847
39.401,24.675
38.577,25.481
39.345,24.544
40.461,25.135
41.149,26.001
42.187,26.833
43.153,29.807
42.172,28.220
40.718,27.057
42.210,29.009
43.011,29.129
40.874,29.245
39.469,27.770
34.692,26.183
34.002,25.552
40.687,25.914
41.654,26.939
41.234,29.133
42.326,28.321
42.719,27.678
41.680,28.359
42.707,28.906
42.081,28.750
42.052,27.801
40.320,28.282
29.283,24.772
34.992,24.586
34.354,25.136
35.006,25.312
35.458,26.188
37.102,26.510
36.191,27.097
40.557,28.830
33.159,26.733
32.660,25.854
28.250,24.635
26.878,23.345
28.250,24.176
34.735,24.400
36.534,26.209
37.530,27.429
38.810,27.262
39.627,28.779
40.378,29.248
39.375,29.130
39.638,28.661
40.279,28.210
33.131,26.478
32.466,25.401
33.823,24.999
34.207,25.169
32.618,25.157
33.941,25.435
30.968,24.993
30.692,23.900
31.714,23.704
35.269,25.351
35.480,26.878
35.868,25.880
33.813,24.676
31.326,25.472
40.267,27.320
39.246,26.260
35.796,24.931
35.372,24.496
35.559,25.206
32.347,25.130
29.935,24.839
31.076,24.014
31.008,24.945
30.564,25.533
32.963,24.753
32.167,24.776
28.376,24.904
26.636,24.664
27.429,24.053
24.724,23.582
28.790,23.479
29.321,23.975
29.454,23.549
30.320,23.444
29.474,23.425
30.029,23.622
32.540,23.929
28.260,23.852
28.915,24.040
28.699,23.421
29.021,23.340
31.963,22.940
31.186,22.873
30.179,23.436
29.678,23.913
30.324,23.696
27.718,22.782
28.602,23.012
29.660,22.420
28.566,23.672
28.060,23.627
29.953,24.124
30.499,23.429
28.887,23.776
29.528,23.249
30.243,23.655
28.935,23.793
29.559,23.631
26.190,23.261
27.993,23.560
29.601,23.084
31.157,22.584
31.074,22.458
30.748,21.097
31.028,21.691
30.810,20.831
30.238,20.623
31.130,21.530
32.147,21.451
28.017,23.700
29.738,23.405
29.621,23.229
29.476,22.562
29.110,22.373
29.855,21.876
29.632,21.689
28.491,21.667
30.637,21.507
31.981,19.089
29.668,18.463
30.189,18.536
31.244,17.426
31.886,19.655
32.941,20.715
31.823,21.476
29.773,21.514
30.205,19.262
31.011,18.203
31.031,19.063
26.490,19.920
29.476,18.982
28.071,19.863
29.031,19.005
29.759,19.355
30.005,20.168
24.529,21.116
26.985,19.785
29.128,17.657
29.047,17.134
30.635,17.370
30.776,16.695
30.961,16.706
28.274,15.709
27.558,14.695
26.848,14.511
27.486,14.498
28.146,14.650
29.219,14.331
28.898,15.016
30.009,15.211
28.732,14.091
28.890,14.773
29.162,14.741
28.874,13.910
27.676,15.145
28.612,14.571
29.183,16.062
29.284,17.470
29.328,18.880
28.416,17.251
25.520,18.760
26.746,16.911
26.066,14.578
25.865,13.355
26.345,12.457
25.788,12.487
26.223,11.510
26.002,12.564
27.087,11.678
27.983,11.609
26.619,11.557
26.599,13.071
27.246,12.620
27.097,12.486
26.284,11.830
26.691,12.655
26.087,11.463
25.868,12.578
25.989,9.493
26.378,9.561
25.629,9.449
25.509,7.868
25.999,8.071
25.761,8.684
26.346,9.063
26.760,9.278
25.589,11.018
26.449,10.133
24.599,10.947
25.017,6.061
24.729,5.971
24.594,7.184
24.579,8.029
24.508,8.612
25.519,9.390
25.621,10.113
26.389,9.980
27.665,11.485
27.435,10.925
26.636,12.172
25.666,10.998
25.233,9.384
25.750,9.661
26.571,11.631
23.834,9.785
23.865,9.626
23.187,10.013
21.878,6.510
21.970,5.129
25.407,7.917
20.732,11.026
21.087,8.775
22.980,6.416
22.029,9.498
21.247,7.943
21.494,5.799
21.894,5.522
21.363,7.316
20.946,4.777
22.043,3.816
22.062,5.020
22.477,7.066
22.507,5.333
21.031,6.337
21.792,3.895
22.335,3.137
23.350,3.866
24.688,4.491
24.812,5.708
25.013,6.694
22.931,6.931
23.560,6.169
25.273,6.372
24.325,7.282
25.922,7.100
26.034,8.154
28.279,9.903
28.228,10.594
25.640,12.282
25.859,11.972
28.916,10.792
25.249,15.757
24.750,12.924
26.419,15.947
25.235,13.797
25.190,14.644
26.214,13.105
26.646,10.349
28.908,12.080
28.570,13.403
29.104,14.833
28.958,14.406
26.999,13.562
27.366,13.285
27.580,11.328
28.389,10.832
28.407,9.317
29.380,10.840
31.582,13.183
32.571,16.361
26.649,15.321
25.942,13.652
27.216,12.099
27.579,11.041
29.052,12.782
30.184,14.567
30.003,13.898
31.375,15.432
32.893,14.337
35.141,19.282
34.525,18.651
34.865,17.047
31.484,17.523
28.379,11.795
28.750,11.415
29.559,12.746
29.712,12.266
31.676,11.116
34.034,13.090
34.483,17.933
29.773,17.985
33.390,16.489
32.305,17.379
31.971,16.705
35.687,18.167
36.357,17.371
33.946,18.936
35.342,17.922
32.735,17.299
33.019,16.972
33.865,16.073
34.766,15.279
36.043,17.977
36.808,19.184
36.740,18.993
35.981,17.725
35.560,22.005
36.332,20.413
38.609,18.904
36.092,20.239
36.535,21.333
37.659,21.218
39.620,19.893
38.070,21.831
38.304,23.459
38.558,22.099
38.308,22.071
38.423,20.200
39.121,20.162
39.683,20.034
40.363,20.945
41.133,22.929
41.962,24.512
41.084,23.660
40.737,22.971
40.846,24.522
41.163,23.014
42.758,24.101
43.042,25.806
41.565,24.349
40.432,26.544
41.530,22.091
41.747,24.142
42.937,22.383
41.670,24.927
43.903,26.853
45.343,26.965
42.686,27.101
42.393,24.983
36.391,22.893
38.153,22.877
39.796,22.606
41.691,24.338
40.782,26.546
40.695,23.982
42.165,22.963
43.186,23.739
42.141,24.096
37.640,22.192
41.893,20.541
41.355,23.377
42.735,25.714
39.702,25.227
39.640,26.159
42.318,26.484
42.435,28.251
43.474,26.268
43.680,23.121
43.400,24.550
43.342,27.207
44.290,27.774
43.217,28.197
41.051,25.963
41.536,27.273
42.414,27.121
42.979,29.439
41.767,28.695
42.931,28.140
43.290,26.166
43.239,23.981
44.369,24.427
44.099,25.482
43.552,27.411
44.738,29.385
44.131,29.536
46.028,28.979
44.640,29.298
41.840,28.909
44.362,27.666
42.993,29.146
44.142,29.087
44.283,28.420
44.714,31.028
39.111,31.398
44.016,29.736
39.584,27.569
39.737,26.691
40.207,28.114
37.853,26.868
34.510,25.777
35.961,25.412
35.921,25.824
29.387,25.273
31.299,24.736
32.368,25.255
35.330,24.910
33.729,25.656
33.183,25.708
31.032,24.235
34.933,24.292
33.630,25.641
32.828,25.510
32.342,25.355
32.269,25.296
32.411,25.802
35.084,24.812
35.364,24.754
36.970,25.249
38.428,26.006
31.365,25.870
36.453,24.890
32.118,25.130
36.456,25.173
34.256,26.216
31.111,26.239
31.853,25.031
32.783,24.247
34.450,24.760
34.421,24.213
36.233,24.364
35.507,25.107
35.224,25.203
31.185,24.850
30.874,25.012
32.903,25.633
29.856,25.517
26.941,24.681
27.580,24.792
31.427,24.575
30.631,24.770
29.336,24.260
24.639,23.766
31.872,23.076
29.152,24.769
29.923,23.991
31.333,24.237
32.292,23.915
31.854,23.893
33.716,23.979
33.399,24.571
33.245,24.614
34.030,24.816
30.134,25.080
29.365,24.694
29.683,24.669
31.789,24.751
28.807,25.546
31.120,24.850
30.701,24.294
31.007,24.402
30.378,24.305
31.200,23.825
32.382,23.972
31.872,23.991
25.907,23.993
28.730,24.303
31.408,24.366
31.963,23.899
29.308,23.960
26.656,23.694
27.354,23.714
29.105,23.729
31.028,24.567
29.129,24.780
26.208,24.126
27.268,23.406
28.589,24.173
29.629,24.269
29.427,23.721
26.887,23.358
28.275,23.677
27.564,23.684
29.077,23.213
32.818,23.928
31.081,23.285
28.019,24.432
29.158,23.753
30.244,23.753
29.925,23.633
30.257,24.466
29.774,23.522
31.005,23.850
31.512,24.657
31.949,24.131
31.839,22.811
30.532,22.820
30.207,23.540
28.256,23.239
29.609,23.082
29.351,22.991
29.191,22.647
29.909,23.448
30.646,23.249
30.024,22.556
29.591,20.603
29.298,18.852
29.108,18.406
28.450,21.346
25.173,21.875
21.901,20.356
23.935,22.083
24.932,21.327
28.379,20.823
30.503,19.192
29.791,18.676
29.000,18.551
27.782,15.086
28.080,14.561
28.843,14.712
29.750,18.965
30.769,19.011
28.755,22.093
27.549,20.527
29.143,17.560
28.895,19.417
23.311,20.602
21.376,20.225
20.018,18.699
24.664,18.740
26.889,19.549
25.287,17.140
27.228,19.427
28.119,17.992
27.087,18.741
24.970,17.357
21.219,16.688
27.005,15.800
26.998,14.612
26.678,14.687
26.043,14.245
27.615,14.405
26.459,14.809
27.906,15.586
26.689,14.028
25.934,13.162
24.860,11.916
24.911,10.851
23.738,10.394
24.510,10.710
23.982,11.870
24.191,11.327
25.368,12.060
26.187,13.491
26.045,15.023
24.165,12.459
23.148,9.282
23.946,8.893
24.061,8.810
23.905,10.570
23.952,9.257
23.089,8.799
22.650,7.290
22.530,6.200
22.575,7.285
22.074,7.736
21.895,6.472
22.355,7.677
22.825,8.105
23.025,8.154
23.359,8.691
22.214,9.308
23.359,7.168
23.018,9.137
23.726,8.055
24.784,8.967
23.231,8.123
23.794,7.784
24.328,8.004
22.362,10.569
16.052,14.005
21.235,12.432
22.868,9.665
23.033,10.927
23.282,10.458
22.304,9.572
22.561,6.648
22.750,7.269
22.165,7.776
22.823,8.981
22.153,7.840
22.798,6.072
20.418,11.764
18.737,8.260
19.015,6.226
19.981,6.869
20.951,6.888
21.255,5.825
21.582,6.722
20.163,5.883
19.731,3.548
19.583,4.850
20.559,5.842
20.509,7.600
21.412,7.499
21.266,8.083
22.398,7.147
22.345,8.376
22.276,7.852
24.774,7.937
23.952,8.327
23.333,7.353
23.218,6.875
25.167,7.518
23.201,11.711
25.212,7.620
26.897,10.521
26.917,13.348
19.790,12.668
23.357,13.268
22.376,10.298
22.805,7.974
20.912,7.910
20.981,6.978
22.222,5.706
24.689,6.608
26.878,13.585
23.838,11.223
22.402,10.145
20.877,8.219
21.516,5.914
24.175,5.895
22.834,12.087
21.292,7.322
22.164,6.749
23.771,6.384
26.937,7.209
27.981,7.591
27.887,9.689
28.429,11.454
26.231,11.558
27.030,10.900
25.680,9.559
27.768,8.544
29.617,11.941
30.612,12.373
29.728,12.932
28.855,11.208
28.913,12.332
28.608,13.400
29.833,11.454
28.625,12.555
28.810,11.808
29.961,11.318
33.948,15.321
32.661,15.738
32.341,17.107
31.604,15.459
31.066,14.233
32.255,14.072
32.700,15.698
33.356,16.713
34.866,18.965
31.293,16.870
31.881,15.176
29.333,18.301
33.133,16.417
34.413,16.766
34.740,16.987
35.183,16.693
35.314,17.599
36.094,18.020
36.009,17.816
37.930,18.254
37.390,18.877
37.516,20.587
36.038,16.607
38.733,19.695
40.883,22.502
40.340,22.850
39.074,21.851
39.166,21.163
39.802,19.854
38.070,21.684
38.332,20.407
37.087,18.983
37.585,21.058
38.136,22.582
38.363,20.820
38.905,19.334
39.175,20.657
38.710,21.329
39.557,22.073
38.278,25.627
38.022,21.502
38.458,21.608
39.678,21.738
40.270,24.713
40.837,21.630
41.665,24.026
42.213,25.148
41.895,26.061
42.378,26.430
42.393,25.249
41.348,22.966
40.779,23.053
40.215,22.367
44.098,23.536
40.707,23.947
43.163,24.794
36.628,21.579
36.253,21.158
37.747,20.097
37.290,22.384
39.090,23.153
42.167,24.194
40.077,24.456
42.584,24.560
39.089,24.192
39.009,19.981
39.405,19.501
40.697,23.010
41.160,23.505
41.961,24.812
44.328,25.694
43.318,26.260
42.726,27.405
43.363,28.836
43.348,27.011
40.697,31.641
41.957,30.703
43.491,29.374
43.778,27.645
44.296,28.574
42.636,29.395
43.313,28.163
44.000,27.152
44.515,27.383
45.470,27.212
43.205,28.748
44.049,25.354
40.937,25.731
39.714,25.138
40.154,27.399
40.461,26.007
40.883,25.483
43.276,26.385
42.678,28.185
43.300,27.029
41.802,28.029
43.144,27.343
42.850,28.216
42.356,26.813
45.393,27.461
39.792,26.796
39.850,27.176
40.421,27.784
41.011,28.768
37.298,28.032
34.013,26.989
28.278,24.805
25.157,24.080
26.557,24.128
31.323,24.503
32.874,24.109
31.809,24.285
31.583,24.714
28.018,24.059
30.542,22.954
34.611,24.326
36.296,25.690
37.216,26.262
36.367,26.987
36.237,25.857
37.091,26.712
36.842,26.449
38.828,27.657
36.808,28.139
38.879,26.951
35.921,26.370
35.687,25.566
30.549,25.404
32.174,24.789
33.750,25.822
31.503,25.605
30.113,24.875
33.105,24.231
31.940,25.105
33.974,24.495
35.202,24.810
34.943,24.493
35.825,24.613
31.126,24.794
29.069,24.456
31.268,24.420
31.772,24.425
32.605,23.987
34.553,24.296
34.077,24.640
31.538,24.435
32.528,23.725
29.794,24.564
31.237,23.619
33.372,23.886
30.440,24.354
31.325,24.318
31.238,24.342
29.575,24.249
31.926,24.537
31.971,23.776
31.941,23.843
32.102,24.033
30.146,24.792
26.996,24.234
29.707,24.070
28.851,24.481
26.249,24.121
29.145,23.398
28.650,23.989
28.955,24.710
27.885,24.213
25.129,23.753
28.990,23.605
30.125,23.290
30.344,23.704
30.542,24.631
32.287,24.348
30.235,23.307
29.035,23.724
27.202,24.081
27.490,23.963
29.602,23.550
31.180,24.882
29.663,24.802
30.571,23.230
28.937,23.118
29.182,22.545
28.540,23.542
31.018,23.547
31.251,22.868
30.809,23.761
32.166,24.008
32.274,23.910
32.837,23.106
35.176,22.534
32.017,24.182
33.575,23.294
33.596,24.271
34.702,24.429
27.198,23.480
27.376,22.058
26.368,21.576
25.325,21.118
27.038,20.097
25.807,20.156
25.832,21.817
24.946,21.265
25.231,22.786
27.378,23.144
28.452,23.198
29.245,22.436
30.267,22.739
30.535,22.735
31.116,22.752
32.676,22.448
29.030,23.174
32.017,22.329
30.095,22.083
33.192,22.740
31.724,22.218
29.772,22.211
29.291,21.176
30.358,22.239
28.680,21.994
28.462,22.698
26.723,22.386
23.746,20.468
28.593,19.175
30.503,19.797
30.823,20.248
29.980,19.656
29.148,20.353
29.367,18.721
26.542,18.989
24.703,18.268
26.614,14.323
26.920,13.425
27.112,13.859
28.187,15.451
28.902,14.987
28.314,15.851
28.438,15.911
28.289,17.091
29.447,16.879
28.955,15.235
28.503,14.234
29.169,16.852
29.029,15.442
28.313,16.915
27.628,15.571
27.303,15.130
26.812,14.212
25.403,13.316
25.550,11.797
25.058,11.583
26.333,11.182
25.834,11.711
27.517,12.783
27.453,13.411
27.677,14.090
27.862,12.633
27.459,12.534
27.580,13.105
27.614,14.968
27.234,13.582
27.155,13.812
26.666,12.117
26.608,11.864
26.276,11.303
26.777,13.195
27.264,11.190
27.439,11.397
26.565,12.407
26.703,12.409
25.823,12.702
26.132,12.648
26.323,11.838
25.663,11.601
26.112,11.785
26.099,11.370
26.656,11.097
27.516,12.638
26.091,11.857
25.369,10.813
24.584,11.115
25.129,10.234
24.672,8.809
25.137,8.919
24.508,10.559
23.985,10.386
24.464,9.478
24.204,8.998
25.518,10.025
25.644,11.021
24.800,11.218
25.369,11.075
24.167,9.814
25.202,7.936
25.348,9.672
26.284,10.029
26.029,13.995
27.063,13.091
25.462,11.554
27.001,11.370
25.187,12.770
22.675,12.243
23.123,9.631
21.785,5.375
21.243,5.287
22.146,6.219
23.877,7.774
24.351,8.069
26.340,8.832
27.694,10.256
23.673,13.279
26.702,12.125
24.557,10.495
25.190,7.249
25.843,10.405
23.556,9.520
23.706,8.076
25.591,9.026
23.118,11.942
23.320,7.118
22.853,7.192
24.246,8.114
25.929,9.875
26.017,9.982
26.324,8.918
24.171,14.051
22.744,11.717
21.944,7.768
22.655,6.085
23.907,9.024
26.743,11.965
24.053,8.799
22.697,6.407
25.230,9.096
26.486,10.049
21.193,13.978
23.522,12.509
21.330,14.585
19.628,14.472
16.832,12.024
21.694,8.763
22.993,8.799
24.179,7.248
26.560,7.859
26.941,14.133
29.354,12.167
27.465,13.190
28.328,14.390
29.391,14.396
30.999,15.024
31.595,15.023
29.833,16.666
29.867,15.961
30.918,16.332
31.283,14.475
31.626,14.878
32.084,17.313
33.068,16.146
33.634,18.999
32.734,16.102
24.136,17.026
29.012,17.397
28.416,12.352
30.829,14.262
30.363,15.021
30.525,14.937
32.117,15.605
33.772,17.691
34.404,19.080
35.368,19.247
36.165,19.942
36.178,20.390
35.845,19.378
35.287,19.068
33.944,19.878
31.483,19.702
27.681,19.438
30.961,18.331
30.740,15.816
30.604,15.659
31.607,15.602
33.500,15.383
33.863,17.470
36.189,19.354
36.756,20.605
37.379,21.183
37.087,20.684
37.803,19.113
38.103,19.640
34.798,23.442
32.568,21.388
32.000,17.500
33.542,18.305
36.736,19.461
38.554,21.856
37.009,20.170
36.939,23.296
36.274,21.644
35.094,17.838
36.780,16.822
36.965,20.376
36.901,17.941
38.391,19.088
38.502,21.578
40.993,22.338
39.069,24.537
34.603,28.510
39.341,25.148
37.182,22.923
35.906,18.500
37.162,17.945
37.706,19.486
40.192,20.660
41.323,23.090
40.220,21.737
39.599,21.327
41.088,21.948
42.302,22.923
40.607,25.210
41.484,22.764
42.346,25.076
42.253,25.481
38.772,27.363
39.605,24.839
38.645,25.571
39.658,26.770
38.833,22.111
39.271,23.428
39.437,21.267
39.419,22.432
37.622,24.029
38.097,22.956
37.969,23.653
36.249,23.393
39.975,24.261
38.750,23.642
40.386,23.092
41.149,25.386
40.185,23.000
40.506,21.714
41.446,21.875
43.063,23.076
41.565,23.938
43.369,24.907
44.352,23.684
43.106,29.841
43.169,28.281
43.493,25.202
43.459,25.233
42.642,25.804
43.602,26.669
43.450,26.746
43.175,27.728
43.568,23.685
47.728,25.379
43.140,28.009
42.540,26.011
43.520,26.752
43.105,26.132
43.144,30.748
43.418,28.051
43.218,26.509
43.331,29.510
42.456,29.363
42.666,25.148
43.577,28.300
41.510,29.503
42.472,27.816
43.037,25.390
43.765,26.061
44.859,29.230
43.575,25.661
43.932,27.776
44.110,29.499
44.110,28.812
44.353,28.308
44.956,27.868
43.993,29.994
44.285,29.417
45.631,29.303
36.387,30.106
38.415,28.787
35.570,28.861
37.477,26.669
36.713,28.256
35.006,26.923
28.831,24.898
24.751,23.667
28.498,23.859
31.679,24.246
34.178,24.505
32.978,24.732
28.983,24.663
29.985,23.766
30.759,24.654
31.800,24.760
35.159,24.083
35.097,24.544
33.830,25.876
32.393,24.927
31.134,25.141
25.728,24.454
24.826,24.088
29.477,23.869
29.938,23.959
31.201,23.926
34.107,24.280
34.435,24.958
32.570,25.102
32.788,24.423
34.851,24.388
34.788,24.592
32.444,24.925
33.021,24.093
31.240,23.997
27.726,24.334
31.396,23.665
30.425,23.755
29.148,22.989
29.075,23.612
31.660,24.368
34.848,23.193
29.255,24.786
27.182,24.376
29.667,24.025
32.187,23.860
29.802,24.277
31.135,23.577
31.732,23.315
32.014,24.206
29.520,24.397
32.356,24.385
32.982,23.291
32.527,25.100
29.405,23.898
28.909,23.998
32.878,23.480
32.490,23.302
30.496,24.027
31.250,23.555
28.861,23.793
31.069,23.297
28.774,23.843
27.645,23.666
31.276,22.851
31.796,22.797
33.706,22.468
33.643,22.902
32.007,23.566
32.970,22.824
33.275,21.568
34.065,23.210
33.703,24.510
32.795,24.572
31.535,23.506
32.300,23.127
30.655,24.438
31.322,22.881
30.254,23.710
30.563,22.582
30.477,23.436
28.182,23.330
26.945,23.065
25.269,23.615
25.557,23.461
30.236,23.497
30.318,23.145
30.041,23.003
26.550,23.222
30.284,22.627
30.825,22.773
29.518,22.525
29.020,22.495
30.264,22.917
30.212,22.893
31.298,22.532
30.237,22.391
29.943,21.520
30.443,21.221
31.083,21.469
30.956,20.564
33.345,20.472
30.459,21.269
25.646,20.260
26.260,19.743
29.835,20.576
30.045,19.336
31.233,19.233
31.732,18.569
31.182,18.664
31.365,20.560
30.315,20.417
31.730,19.580
30.177,21.512
25.441,21.165
22.701,20.432
27.899,19.319
24.825,21.421
26.212,21.396
22.992,21.500
21.531,19.026
20.630,18.376
23.485,18.523
24.602,19.200
26.412,19.641
28.944,18.568
27.816,19.374
27.954,17.542
28.398,17.620
28.342,16.174
27.913,16.211
27.756,15.323
22.579,19.506
24.796,17.736
26.126,15.449
27.037,14.869
26.787,14.908
26.193,14.483
25.767,12.465
26.627,10.908
26.279,13.338
25.547,13.884
25.432,12.281
26.248,12.544
25.637,13.278
25.878,13.662
24.923,12.790
26.389,12.557
25.564,12.195
24.848,10.367
26.253,9.517
26.013,9.026
25.060,9.871
26.053,11.227
25.747,10.898
27.555,11.563
25.811,10.980
25.471,8.748
25.197,8.971
26.175,10.498
25.825,10.957
26.204,9.955
26.862,10.432
26.434,11.555
25.647,13.231
24.953,13.449
23.552,9.880
24.488,8.347
23.862,8.627
24.168,8.930
24.249,8.071
24.572,8.304
23.078,8.413
23.548,7.924
22.558,7.589
21.770,7.123
22.785,6.400
22.961,6.611
23.157,7.190
23.621,6.937
23.487,6.505
24.829,5.239
27.072,8.141
24.950,9.781
24.494,12.159
24.889,8.847
22.230,10.991
23.167,8.394
24.734,7.734
23.945,6.055
24.297,6.518
24.099,6.342
23.867,5.726
25.530,7.183
25.929,7.207
26.609,6.834
25.717,10.101
24.586,11.365
24.192,8.711
25.086,9.119
25.066,9.010
24.955,8.964
24.417,5.961
24.387,7.019
26.471,7.808
26.977,8.435
25.287,10.053
25.907,7.099
26.916,8.802
29.144,8.954
29.610,13.317
29.192,12.694
28.509,15.194
27.568,14.318
25.758,12.273
25.606,8.860
23.139,11.368
23.186,7.322
23.723,7.318
23.918,7.874
24.664,7.239
26.839,9.130
27.548,9.777
27.895,9.102
28.808,10.076
29.288,10.006
29.625,11.462
27.424,12.053
27.723,12.048
29.659,10.811
28.797,11.191
28.902,11.390
29.941,11.479
28.291,12.827
28.856,11.003
29.626,11.582
30.256,11.972
32.184,13.893
34.042,14.406
33.463,14.049
32.601,16.608
32.846,15.796
33.021,16.673
32.110,15.953
33.562,16.005
34.457,17.235
34.552,16.843
35.116,17.220
34.573,18.344
35.938,17.827
36.167,19.736
34.202,20.275
33.354,21.139
31.525,15.985
31.937,15.638
33.135,15.078
33.123,15.740
33.991,15.912
34.453,17.976
34.921,18.739
35.512,20.793
33.183,19.291
26.198,18.300
27.456,17.204
30.129,19.792
32.111,21.303
34.274,19.983
30.277,16.930
31.171,17.909
31.178,16.351
32.850,16.107
33.660,16.531
34.854,19.695
33.550,19.537
33.554,19.165
35.293,19.501
38.321,19.481
38.280,21.211
36.871,21.529
35.397,18.154
35.912,21.056
35.021,17.224
35.266,17.555
37.099,19.164
39.414,18.368
38.770,20.101
38.314,19.823
37.714,20.895
39.473,18.007
40.257,19.711
41.762,21.749
42.557,23.197
41.315,25.619
40.895,23.519
41.091,21.844
40.428,23.169
41.353,21.757
41.239,20.987
37.581,24.346
33.422,24.797
30.875,21.487
34.098,19.463
36.829,18.325
38.421,21.838
38.490,23.112
38.774,24.180
39.820,22.262
39.950,26.177
42.106,26.085
43.148,26.305
39.350,25.796
40.020,26.097
41.034,25.420
45.177,25.582
44.251,27.769
42.642,26.705
41.841,28.020
42.019,26.829
42.990,26.511
41.986,25.814
40.482,24.777
41.447,26.169
41.034,25.864
40.146,26.267
42.011,26.963
43.321,27.099
40.465,24.028
38.540,25.165
35.791,25.837
37.815,24.512
44.528,26.028
43.533,29.649
40.823,26.592
38.620,27.251
42.937,27.403
39.249,28.700
40.102,28.705
39.456,27.862
38.585,28.341
37.797,26.727
39.575,27.358
40.162,26.920
43.234,26.458
44.198,30.538
42.542,30.362
44.174,30.004
42.962,29.112
37.672,28.828
35.800,27.686
31.879,26.225
27.779,24.500
29.238,24.322
28.519,23.304
37.934,25.355
38.971,26.303
39.449,30.028
40.602,26.997
40.064,27.751
40.676,29.222
40.487,27.968
41.321,27.639
40.563,27.116
42.866,26.427
40.922,27.747
35.705,27.826
34.023,26.443
35.164,25.134
34.680,25.442
33.008,25.288
33.073,25.882
33.801,25.970
34.304,25.783
33.318,25.694
33.275,26.187
32.985,26.236
32.402,25.969
29.530,24.508
29.281,24.735
32.336,24.904
31.676,24.828
32.264,25.411
28.277,25.093
26.242,24.263
24.776,23.813
26.133,23.593
26.779,23.898
30.052,23.263
29.424,24.022
30.951,23.841
28.235,24.901
28.795,24.505
30.733,24.282
31.362,23.896
27.971,24.646
27.386,23.616
28.068,22.603
30.724,23.179
29.942,23.736
30.960,23.859
31.668,25.111
30.733,24.338
31.046,24.590
26.471,23.734
25.498,23.851
31.035,23.441
31.586,23.684
28.426,24.512
29.188,23.900
26.296,22.558
28.515,22.406
29.529,22.457
31.944,23.407
31.548,23.205
32.717,23.224
30.526,24.237
32.174,24.138
32.310,23.927
29.346,23.608
30.796,23.618
29.530,24.630
29.387,23.650
25.158,23.699
27.602,23.598
29.433,24.362
28.638,23.818
29.210,24.167
28.219,23.728
25.674,23.430
28.768,23.414
29.144,23.875
29.866,24.185
27.717,23.494
29.279,22.762
27.734,23.736
25.316,23.371
30.286,23.531
30.941,21.358
31.188,21.977
27.674,23.129
29.077,22.331
26.369,23.179
29.606,23.015
30.516,23.324
29.804,23.592
32.043,23.427
31.327,23.740
30.756,23.981
29.763,23.915
32.795,23.202
33.446,23.951
31.191,23.794
30.506,23.458
31.146,23.986
30.496,23.377
30.852,21.816
29.030,23.735
24.446,21.987
22.617,21.382
26.605,21.334
24.603,23.006
24.886,22.621
23.897,20.496
29.049,21.483
29.361,21.910
28.901,22.940
28.517,23.027
29.698,23.129
31.473,22.733
31.554,22.335
31.512,22.545
31.471,20.353
30.209,19.535
30.317,18.267
30.436,16.729
30.694,18.857
30.637,20.110
30.966,19.813
30.528,18.828
31.780,20.241
30.220,19.931
31.213,18.645
30.838,18.617
30.635,17.285
31.503,16.002
31.157,17.327
27.461,19.756
28.617,17.635
27.428,17.484
28.238,15.403
28.414,14.280
28.794,14.484
29.616,13.721
29.611,15.268
28.706,17.998
28.932,18.536
28.803,17.723
26.098,16.712
22.618,18.123
29.651,17.167
28.183,17.343
26.563,18.651
23.883,17.913
29.073,17.595
29.388,16.182
29.814,15.000
24.157,17.864
26.006,16.853
25.368,15.338
26.884,14.500
27.302,15.188
27.812,14.399
27.602,13.886
27.747,13.096
27.540,13.019
27.363,12.987
28.015,13.989
27.480,16.101
27.027,14.630
26.860,13.737
28.284,13.763
28.650,14.460
27.399,13.204
26.241,12.075
26.603,9.970
25.558,9.604
25.496,8.692
26.397,10.642
24.824,12.463
24.600,11.968
24.248,9.647
25.140,8.337
26.104,9.582
28.160,11.597
28.464,13.575
28.374,12.166
27.363,12.177
27.616,12.946
28.725,16.600
23.773,12.792
24.334,10.661
23.447,9.142
23.448,9.894
23.901,8.912
24.497,8.089
25.008,10.705
25.562,8.943
26.122,10.640
26.303,11.002
25.615,10.863
25.185,12.147
24.384,7.957
24.421,9.699
26.257,10.342
26.116,10.164
25.422,12.495
23.566,7.543
23.131,6.451
24.034,6.582
24.670,7.523
23.884,8.906
22.730,10.124
22.833,9.190
23.247,8.155
23.778,8.158
24.121,10.323
23.561,8.561
23.881,7.337
25.107,8.364
25.635,11.139
25.170,10.606
25.343,10.543
23.985,7.961
24.841,6.231
25.310,6.021
25.397,6.203
24.023,7.338
24.958,9.461
25.723,11.799
27.538,8.710
26.157,10.761
25.359,6.712
25.477,6.503
26.109,8.998
28.455,9.467
29.636,9.179
30.272,10.067
30.170,10.821
31.103,13.370
29.317,15.925
28.852,12.962
29.093,11.318
28.966,11.751
30.835,11.541
29.586,14.060
29.436,13.042
29.698,13.957
23.956,15.224
27.986,11.172
28.844,16.931
29.289,15.851
23.101,16.300
20.159,16.108
22.000,13.138
23.153,10.226
21.780,10.301
24.516,10.294
25.812,9.456
25.727,9.647
26.352,11.817
27.007,11.905
28.197,11.276
30.633,14.345
31.552,13.723
32.271,14.853
29.574,13.355
30.890,14.486
31.743,15.908
32.156,18.734
27.904,16.751
27.609,13.261
29.750,13.185
29.324,14.704
28.919,13.671
29.446,14.331
31.413,12.042
33.235,15.695
31.431,18.178
34.590,19.637
35.243,21.057
24.101,16.603
27.815,17.452
29.348,17.491
29.571,15.490
30.295,15.032
32.537,15.006
33.834,16.161
35.413,17.349
35.906,20.154
37.904,22.353
37.484,21.098
36.288,20.897
35.593,20.265
34.049,19.538
34.934,18.016
36.170,16.697
39.154,18.011
40.846,20.076
41.939,21.182
39.672,22.417
40.280,24.329
39.520,22.690
38.968,20.995
39.785,18.794
39.571,20.901
40.706,20.895
40.873,21.837
38.450,22.511
38.066,21.311
38.094,19.252
38.701,22.088
37.476,22.543
37.419,23.736
37.438,23.896
35.537,23.683
38.603,24.926
35.255,23.639
37.698,24.788
41.151,25.560
38.783,25.864
39.253,27.622
41.367,27.340
42.290,26.823
42.050,23.766
39.605,25.697
40.176,27.776
38.169,23.885
38.393,24.872
38.089,25.374
36.818,23.044
37.636,24.515
37.671,24.122
38.504,26.016
37.197,26.282
37.606,25.580
31.956,24.639
32.348,24.183
34.131,23.524
37.401,24.112
41.915,26.326
39.429,26.698
40.233,26.608
37.629,26.214
39.556,25.237
37.722,26.010
40.138,25.401
35.511,27.678
39.171,25.314
37.278,25.483
40.399,26.054
40.392,28.313
42.425,28.891
41.702,27.521
44.503,27.191
41.959,28.897
39.781,29.501
41.000,28.016
40.223,25.945
41.929,27.715
41.977,29.611
43.265,28.201
43.902,27.542
44.583,26.010
40.106,26.759
40.988,25.939
42.218,28.978
44.970,26.911
44.091,30.089
35.800,29.475
38.944,27.955
38.891,27.628
41.593,29.820
40.342,28.610
35.608,26.810
31.017,25.411
32.793,25.001
33.505,26.718
38.931,26.132
31.864,25.138
35.282,25.592
34.436,25.604
35.568,25.538
35.468,25.675
33.272,25.929
34.726,26.256
36.610,25.082
32.168,26.049
36.219,25.709
26.780,25.257
29.724,24.820
33.480,24.632
34.280,24.940
30.779,25.268
30.844,24.838
27.229,24.789
26.007,24.539
24.911,23.722
29.834,23.317
32.951,22.164
36.246,23.802
33.627,25.377
33.631,25.239
29.281,25.295
31.763,25.502
31.604,25.362
28.407,25.589
31.829,25.146
30.387,24.456
30.649,24.393
28.560,24.207
25.151,23.666
29.668,23.041
30.663,23.911
28.163,24.024
24.739,23.980
29.728,23.666
29.212,23.953
29.117,24.130
29.283,24.362
31.751,24.332
31.088,24.720
28.141,24.441
29.942,24.278
29.123,24.982
33.416,25.016
30.666,24.418
29.696,24.792
28.596,24.150
29.130,23.811
31.811,23.450
33.895,24.107
32.080,24.685
30.102,24.707
29.333,24.010
28.314,24.510
28.914,23.369
23.348,22.309
30.704,22.818
27.836,23.639
27.347,23.922
26.000,23.104
30.181,22.932
31.142,22.916
30.642,23.454
31.468,23.584
32.689,23.870
33.637,23.825
29.543,24.372
27.576,23.882
30.526,23.785
32.391,23.705
31.546,24.761
31.885,24.413
30.374,23.195
32.286,23.863
31.827,23.899
30.477,23.569
29.302,24.070
28.462,23.696
29.003,23.425
32.864,23.190
29.669,24.043
31.405,23.753
31.202,22.755
30.650,22.204
30.827,22.280
28.827,23.557
30.023,23.597
31.929,24.021
31.017,23.960
28.898,23.732
31.899,23.961
29.970,23.470
27.332,21.441
23.170,20.393
24.059,23.110
27.530,23.552
28.861,23.882
27.997,24.217
27.348,23.440
28.643,22.595
29.314,23.358
27.668,23.212
29.435,22.951
29.804,23.027
29.511,21.760
29.390,21.861
29.322,23.154
30.374,21.459
27.684,18.853
26.499,17.734
27.474,17.101
27.476,16.675
28.613,16.948
28.716,17.687
29.715,16.235
29.592,18.949
28.550,19.726
29.074,21.644
29.114,20.783
27.726,17.155
28.852,16.724
29.105,15.732
29.761,14.890
28.422,14.118
28.818,13.301
29.119,13.672
29.538,15.960
29.283,17.581
28.721,15.863
28.590,15.814
28.916,15.138
24.132,17.871
29.733,17.334
28.755,17.654
30.018,16.217
29.963,17.909
28.672,16.803
28.780,17.950
28.835,17.957
29.159,17.070
27.197,18.340
28.986,15.238
28.179,12.566
27.711,12.490
26.228,12.854
27.012,13.017
26.911,14.307
23.783,13.069
26.319,12.660
27.488,13.135
26.585,13.559
25.501,12.716
26.011,11.574
24.445,11.012
26.121,12.498
26.179,12.865
26.790,11.060
27.919,13.826
27.453,13.668
25.282,13.185
25.320,10.978
26.097,10.735
25.724,11.201
26.193,11.993
25.237,9.714
25.549,9.638
25.132,9.713
24.781,9.188
24.876,11.310
24.653,9.216
24.245,9.072
24.907,7.366
25.378,9.671
25.857,9.230
26.501,11.350
27.320,15.147
24.573,14.450
24.671,12.235
22.750,8.938
22.734,6.262
23.288,5.381
24.338,9.675
23.793,9.841
24.668,11.420
23.059,10.039
23.348,9.319
24.215,8.048
24.798,8.846
24.431,8.516
24.759,9.237
23.480,6.174
23.859,7.872
23.596,8.528
23.140,6.265
24.233,4.197
25.579,5.921
26.906,11.597
26.184,10.177
26.441,7.553
26.379,9.207
26.080,11.339
28.646,11.547
29.393,13.731
26.920,12.537
24.512,12.245
23.763,9.760
24.207,9.628
24.173,10.262
24.931,7.884
25.482,10.722
26.670,8.435
29.693,11.513
27.187,12.511
25.293,12.379
25.982,8.531
17.591,10.986
15.245,11.443
15.684,11.472
16.949,10.848
20.714,9.390
20.922,8.444
21.593,9.991
14.268,8.418
19.758,9.151
19.532,5.103
21.140,3.984
22.615,6.119
26.052,10.864
27.015,16.503
27.354,16.087
25.603,17.452
19.381,16.716
23.170,14.007
22.317,10.052
23.757,8.397
24.096,7.429
22.426,8.348
22.933,6.786
24.587,7.553
25.965,9.069
27.015,9.365
27.783,9.087
29.136,10.434
26.338,9.730
26.219,9.442
29.310,12.304
30.788,12.945
32.054,13.385
30.928,14.533
28.896,13.991
28.687,10.962
28.274,10.540
29.599,10.326
29.914,10.034
31.290,12.083
32.186,12.621
33.610,14.077
33.051,16.002
32.496,14.530
33.047,15.251
33.858,14.835
33.409,15.052
32.945,15.511
34.102,18.322
35.412,19.324
34.215,20.840
33.899,22.204
34.459,20.834
35.759,17.940
34.667,16.637
36.274,17.974
39.552,19.400
38.208,21.502
37.129,21.746
37.128,20.348
37.889,20.782
36.054,23.281
35.738,20.669
37.137,21.388
36.308,21.650
37.473,21.227
37.965,20.722
37.871,22.343
38.169,20.161
36.278,20.397
35.960,19.883
36.871,21.248
34.137,19.627
32.828,21.442
31.255,21.119
33.004,18.319
34.445,19.218
36.401,19.973
37.557,21.146
38.169,22.421
40.347,22.717
40.771,24.334
39.924,22.320
40.644,24.868
42.403,24.460
42.144,24.833
40.475,24.232
40.448,21.200
40.293,21.913
40.586,23.111
41.179,20.930
41.267,21.827
41.707,22.301
42.347,24.386
45.368,25.291
42.884,25.143
44.998,25.841
42.909,24.621
43.013,24.094
42.252,25.383
43.642,26.345
42.483,24.172
41.800,25.620
41.383,26.045
39.967,26.010
42.088,25.967
41.160,25.786
41.010,25.307
41.422,27.204
41.423,25.763
41.241,27.693
40.586,24.231
42.217,26.684
42.069,27.682
40.444,25.608
41.056,28.205
42.691,27.042
42.756,24.249
39.585,25.776
38.738,24.995
42.151,25.816
41.185,26.612
37.543,27.310
36.632,26.557
38.138,24.173
41.235,25.498
41.007,24.774
42.306,26.024
43.826,26.619
42.082,26.994
45.428,26.905
47.154,28.085
44.379,28.798
41.844,25.941
37.083,27.652
41.616,27.530
35.500,27.613
35.417,25.578
34.180,25.472
29.685,26.113
34.581,25.296
33.540,25.171
38.463,25.675
33.791,26.012
36.767,25.863
32.085,25.815
28.778,24.588
25.018,23.419
29.268,22.998
33.746,24.014
31.399,24.448
30.190,23.754
31.051,24.497
32.207,24.602
33.579,24.133
35.959,25.090
31.923,25.836
30.785,25.028
28.873,24.980
26.871,24.218
31.612,24.564
31.854,24.327
31.255,24.889
30.545,24.444
32.948,24.260
31.612,24.214
29.471,25.051
29.337,24.022
27.959,24.227
29.528,24.022
29.224,24.724
32.878,23.753
30.422,24.088
30.956,23.990
30.067,25.136
29.413,24.274
29.457,24.526
30.376,24.224
29.286,23.915
26.271,24.076
30.773,23.776
31.414,24.565
30.745,24.338
27.495,23.952
30.024,23.418
32.374,25.297
28.831,24.510
29.627,23.997
28.035,23.778
28.873,23.850
29.953,23.460
30.450,24.669
31.120,24.157
31.192,24.024
31.671,24.402
30.774,24.145
30.820,23.964
31.395,25.312
30.544,24.328
30.384,24.784
25.259,23.994
29.737,24.386
30.690,23.865
30.028,23.426
31.268,24.217
30.081,24.218
29.611,23.951
30.419,24.421
29.965,23.991
29.041,24.091
28.745,23.539
29.237,23.351
29.305,22.137
30.132,22.420
31.400,23.284
31.717,23.975
32.915,23.724
30.871,24.109
29.210,24.420
30.333,24.262
30.758,23.648
32.833,23.720
33.808,23.443
33.127,23.554
34.397,23.536
32.267,23.083
30.988,22.651
31.252,22.802
31.866,20.944
32.707,22.045
29.720,22.783
31.314,23.208
31.502,22.574
31.872,23.242
32.785,23.263
31.849,22.727
30.315,22.978
28.763,22.141
25.565,23.450
26.681,23.654
30.614,23.569
33.268,22.863
31.296,22.878
30.897,22.713
29.007,22.472
28.023,22.893
27.301,22.925
29.289,22.611
30.797,21.213
30.350,23.411
26.817,22.917
31.794,22.081
31.687,21.899
33.443,21.794
33.073,21.723
30.329,22.273
31.365,21.983
31.318,21.506
32.666,21.919
30.392,20.894
32.109,19.125
31.963,19.161
31.674,18.297
32.801,19.457
31.643,20.358
30.971,20.992
31.818,20.043
32.941,19.876
30.432,18.411
30.052,18.237
30.218,17.706
30.154,15.426
29.859,14.338
31.544,15.197
31.742,16.023
29.792,16.896
27.742,16.992
27.594,16.801
27.365,14.976
29.760,15.700
29.041,15.712
28.662,15.997
29.991,17.354
28.615,16.280
30.286,15.017
29.304,14.966
30.048,16.525
30.516,17.119
29.853,15.914
30.161,16.317
28.431,14.183
29.385,13.868
30.521,14.247
29.276,14.308
29.033,16.286
29.775,14.735
28.944,16.045
27.589,15.609
29.449,15.061
28.805,14.878
27.887,15.104
29.180,13.956
29.201,16.880
28.113,17.630
26.693,15.403
26.402,10.891
25.256,11.042
25.175,9.508
26.107,10.170
26.691,10.698
26.832,11.238
26.892,12.643
26.699,10.706
26.375,11.317
26.837,12.515
26.847,12.326
26.050,10.740
25.978,9.591
25.769,10.369
25.440,13.149
26.797,12.073
27.611,13.192
27.657,13.054
28.294,12.353
28.321,12.373
29.344,13.771
27.457,12.978
25.908,12.239
26.208,9.788
25.558,8.390
26.030,9.857
26.168,7.830
27.026,10.302
25.907,11.957
25.313,11.451
24.886,11.423
24.096,10.170
22.945,8.291
23.768,7.958
24.767,9.011
25.049,8.382
24.368,8.069
24.615,6.799
25.472,8.243
25.162,8.731
24.149,8.511
24.756,7.237
25.650,6.713
26.104,8.168
27.200,11.915
21.509,15.415
25.718,14.663
26.608,16.392
26.628,12.164
25.622,12.677
25.696,11.243
26.131,9.192
26.475,10.725
26.298,8.957
26.784,9.797
26.884,9.883
28.451,11.413
28.477,13.496
28.004,14.110
26.335,11.605
27.153,9.739
27.939,10.712
29.455,12.296
30.197,11.483
32.098,11.948
31.703,13.533
29.308,14.404
27.897,10.364
28.600,10.618
29.017,12.247
27.517,11.283
27.458,8.817
28.085,8.194
28.193,8.427
30.079,7.823
30.721,11.466
30.727,10.934
29.034,11.237
29.074,10.351
29.762,9.332
32.759,13.020
29.555,14.439
27.901,12.481
30.080,10.796
30.357,13.411
30.860,12.748
30.488,13.399
31.579,11.713
31.426,13.324
32.893,10.945
31.949,14.890
33.186,16.396
33.201,17.518
34.125,14.086
34.170,14.861
33.264,17.076
33.868,17.114
33.116,17.035
31.808,16.332
32.439,12.572
32.985,13.467
34.880,14.253
35.560,17.897
34.642,18.654
35.929,15.547
37.104,15.964
37.197,19.524
35.610,21.721
35.533,19.836
34.314,17.321
35.346,14.809
37.027,17.287
36.224,16.250
32.737,19.627
37.845,17.787
37.402,20.618
35.778,17.805
39.014,19.060
36.977,21.075
35.159,19.649
35.892,19.571
36.267,21.079
38.021,19.462
37.975,21.038
33.429,19.530
36.359,21.774
40.204,20.621
36.867,21.128
37.468,22.042
36.542,19.348
37.207,18.696
38.849,20.670
40.049,22.175
41.371,20.850
38.668,21.451
38.801,24.354
38.130,22.118
40.154,19.071
37.845,24.083
37.589,21.150
39.448,19.367
41.683,21.264
41.450,23.041
41.900,23.993
42.594,25.362
42.035,25.410
40.270,26.396
41.067,26.398
41.320,25.038
42.898,23.110
42.313,22.230
40.293,25.956
39.756,22.962
40.399,22.075
40.831,20.909
41.623,20.226
42.042,22.378
43.485,23.242
43.409,26.754
44.786,25.209
43.462,25.120
41.156,27.110
45.672,26.174
43.772,26.021
42.603,27.183
41.526,27.722
41.400,25.358
42.397,23.923
43.885,24.872
39.049,25.869
30.611,22.669
40.530,21.559
39.872,23.694
38.702,24.748
39.595,26.336
41.223,26.581
38.806,25.459
37.468,25.599
37.698,26.293
42.439,27.475
37.591,27.835
38.805,27.179
37.810,26.973
26.729,22.383
36.192,22.062
39.991,24.326
40.467,25.519
39.899,27.074
38.559,26.883
40.930,26.910
37.528,26.611
38.487,26.120
38.168,28.522
41.870,26.880
40.712,27.137
38.405,28.035
40.993,27.479
43.012,28.097
44.410,25.960
44.409,27.864
42.948,27.861
43.930,27.010
45.338,28.375
43.010,29.019
42.352,28.463
43.075,28.858
42.488,29.286
42.910,27.605
42.881,28.664
43.082,27.202
43.711,27.269
44.555,27.077
45.664,27.605
41.710,29.931
37.477,28.967
40.707,28.189
38.187,28.950
35.391,27.771
37.457,26.896
33.528,26.152
32.243,26.488
34.253,26.149
33.738,26.266
34.363,26.185
32.386,25.974
33.711,25.708
30.756,25.438
33.350,24.753
31.210,25.308
30.350,24.431
29.209,24.576
34.841,23.539
34.284,25.085
35.592,24.824
29.467,24.919
30.881,24.362
31.484,24.840
35.082,24.720
31.363,26.037
34.066,25.586
28.509,24.571
31.358,24.252
33.814,23.661
35.770,23.737
35.219,24.327
34.902,26.811
30.728,25.223
31.528,25.025
31.945,24.204
31.761,24.366
33.656,24.491
35.539,24.686
34.463,25.041
27.660,24.592
36.764,24.611
36.024,25.946
33.717,26.734
36.410,25.589
34.373,24.935
35.404,24.480
31.997,25.181
32.006,25.424
34.605,25.523
32.918,25.588
31.848,26.034
29.677,25.130
31.122,24.456
31.394,24.513
30.685,24.376
31.216,23.793
32.624,23.560
30.089,23.815
31.073,23.514
31.833,23.767
27.756,23.678
29.815,23.704
27.819,22.889
26.560,23.350
29.505,23.871
29.768,23.959
33.060,24.231
32.657,24.320
30.979,23.966
31.814,23.823
35.108,23.434
30.208,23.716
27.594,24.193
25.374,23.793
27.391,24.019
29.892,23.692
28.365,23.242
30.397,23.603
31.830,23.187
31.388,22.562
31.676,21.894
34.440,22.063
29.870,23.770
29.393,22.818
31.039,22.433
31.935,22.800
33.316,23.997
32.661,24.234
33.367,22.761
32.185,23.296
32.473,23.175
31.070,23.395
29.393,22.469
30.517,23.039
31.798,22.475
30.664,23.402
31.818,23.302
30.692,22.673
31.086,23.461
27.780,24.096
30.318,23.835
28.850,24.220
28.987,23.816
28.961,23.566
29.742,24.312
28.143,20.911
29.776,18.989
30.102,19.959
30.446,18.800
29.901,18.160
29.377,17.273
29.898,17.016
30.817,15.940
30.998,17.282
29.620,18.988
29.965,17.618
29.504,18.120
30.680,17.302
29.446,16.027
27.862,15.355
27.716,14.547
28.317,13.265
27.621,12.480
29.156,12.616
27.897,13.165
29.123,13.104
28.128,13.937
28.205,15.115
28.477,16.352
28.508,15.330
28.653,13.341
29.493,15.430
31.071,15.513
30.069,15.659
29.917,18.565
31.586,17.520
29.882,17.867
27.240,18.369
26.526,20.493
25.037,16.726
30.162,16.689
28.832,19.717
30.750,21.452
29.278,19.158
26.451,19.095
19.114,17.908
25.530,15.557
25.713,15.195
23.709,11.255
23.036,9.798
23.869,8.714
23.535,9.961
24.019,10.785
24.225,10.892
25.634,10.473
24.752,10.295
24.889,9.090
24.351,9.772
24.903,9.053
25.677,9.895
25.200,9.575
26.193,8.985
25.497,9.284
24.762,9.357
25.238,9.302
25.636,10.703
26.178,11.896
24.691,10.094
25.060,9.038
24.324,10.235
25.451,10.171
26.683,10.316
26.377,12.494
26.895,11.863
27.496,13.062
27.194,13.405
25.331,14.274
25.488,15.461
24.413,10.853
24.198,8.530
23.020,8.424
22.647,8.252
22.142,9.169
22.634,9.785
23.945,7.947
23.567,7.250
23.538,7.936
23.336,8.319
23.826,7.060
21.659,10.805
20.796,7.474
21.155,6.187
21.431,5.621
22.240,8.607
21.665,9.247
20.987,7.370
22.707,3.427
23.462,4.435
23.872,7.647
24.356,9.262
23.315,8.158
24.719,7.872
20.750,10.937
25.282,13.545
24.119,10.506
22.724,9.472
22.668,5.016
23.483,5.637
22.677,6.098
23.326,7.073
23.464,6.191
24.882,7.853
24.862,7.549
25.665,7.556
26.322,7.266
26.287,9.045
26.055,8.703
26.221,7.622
26.035,7.671
26.404,9.981
26.329,11.356
26.700,9.171
27.583,9.187
26.792,11.559
25.716,10.947
27.052,9.422
27.212,10.203
27.774,10.595
29.567,11.620
29.952,14.443
29.163,14.514
31.405,13.728
30.772,14.916
29.910,12.423
29.701,13.841
30.642,12.882
26.725,15.803
29.833,16.449
27.712,13.949
28.750,9.668
28.536,10.826
29.040,11.123
29.891,10.333
30.677,12.723
32.125,18.022
31.091,15.522
30.876,13.580
31.859,14.667
33.003,17.001
33.588,16.109
33.866,17.453
33.967,17.348
34.828,17.729
36.506,18.551
35.166,18.387
34.486,18.663
35.150,18.494
33.507,16.939
34.231,14.982
34.391,14.449
34.569,17.842
34.314,17.907
34.840,15.731
36.983,17.889
35.876,19.539
37.374,20.217
38.493,19.227
36.535,18.850
37.669,18.914
38.701,18.953
41.427,22.865
40.504,22.734
40.604,22.496
41.633,22.701
41.326,23.540
41.071,22.764
40.205,21.340
40.054,24.117
40.436,21.416
41.044,18.562
40.762,22.210
40.266,22.064
42.174,20.571
40.763,21.555
40.505,21.316
41.146,21.659
41.312,21.174
41.455,19.834
41.358,22.307
42.191,25.334
43.116,26.181
43.732,23.991
43.544,25.150
44.178,24.517
44.823,24.796
42.984,25.348
44.756,26.127
45.051,25.409
43.260,24.665
43.283,26.528
44.224,29.824
43.187,27.738
42.870,26.121
43.836,24.123
43.455,25.902
44.261,25.422
42.176,25.793
45.512,25.605
42.455,25.895
41.679,24.639
41.145,26.504
38.501,28.165
42.336,24.777
40.656,27.646
42.356,27.892
37.337,26.167
40.425,25.004
40.329,25.911
41.657,26.285
42.868,26.383
44.248,28.326
44.553,26.584
44.432,27.080
46.028,27.426
45.776,25.610
46.336,27.790
47.868,29.184
44.097,28.664
46.754,27.756
41.177,28.434
36.748,28.161
38.735,26.118
39.632,24.909
42.145,26.995
43.300,26.828
44.237,28.168
40.948,28.051
40.630,24.714
42.214,26.436
45.030,28.115
43.746,28.162
43.827,28.190
45.259,28.476
44.628,28.499
42.532,28.720
42.040,30.616
43.527,32.115
43.080,29.238
44.286,26.768
43.427,30.461
43.091,29.783
40.906,29.702
40.773,28.834
40.512,27.414
43.364,27.526
43.232,28.735
42.571,28.342
38.787,29.264
35.601,28.017
38.577,25.776
35.807,28.166
40.760,26.875
39.900,28.270
38.948,27.622
38.035,26.718
36.958,26.225
33.468,26.499
33.040,25.676
41.574,25.839
39.564,27.278
40.342,27.410
32.134,25.853
33.615,25.194
32.393,25.042
33.118,24.679
35.761,24.306
34.213,25.518
34.259,24.696
37.034,24.217
40.373,26.388
38.181,28.472
30.536,25.988
32.698,25.523
32.939,25.307
30.330,25.264
33.377,24.663
33.234,25.305
34.721,25.512
37.301,25.195
36.516,25.902
35.027,26.309
34.615,25.225
34.572,25.269
33.947,25.123
31.554,25.345
29.553,24.008
26.379,24.289
30.514,24.039
34.147,23.967
33.782,24.274
31.824,24.890
30.977,24.897
32.697,25.095
33.198,24.916
32.141,24.522
33.615,23.798
33.052,24.724
31.978,23.815
33.008,24.358
35.375,23.164
34.181,25.944
37.233,25.502
38.612,24.951
32.439,26.096
30.623,25.539
31.279,25.146
32.038,24.884
30.819,24.506
34.259,24.699
33.783,24.560
30.004,25.231
29.999,24.721
31.509,24.051
30.553,24.319
30.579,23.814
30.279,24.934
32.015,24.069
32.261,23.856
31.891,23.932
33.176,23.967
31.784,24.255
31.958,24.363
31.364,24.280
30.264,23.690
30.265,23.902
33.089,23.876
33.355,23.646
31.243,23.968
31.461,23.786
30.451,24.074
31.670,24.116
32.261,24.493
32.449,23.632
31.919,24.377
32.088,24.405
31.844,24.112
29.023,23.436
28.880,23.893
27.999,23.135
29.321,23.684
26.936,23.350
26.470,23.299
29.328,22.191
30.612,22.616
29.550,22.279
29.600,22.148
30.126,20.913
30.965,21.378
31.177,21.776
31.620,21.532
31.330,20.956
31.485,20.725
32.860,20.525
31.626,20.640
31.014,21.340
31.278,22.179
29.691,22.762
30.316,21.241
28.005,22.022
24.036,21.701
23.651,19.594
29.673,16.951
31.829,19.528
32.663,19.310
30.765,18.403
29.964,19.133
23.948,19.397
28.125,20.411
25.396,22.330
28.953,21.959
29.827,21.852
33.144,21.659
29.478,21.496
29.693,21.314
28.297,20.337
28.862,18.949
30.368,17.795
29.896,16.796
29.192,15.106
29.326,15.278
27.992,15.030
28.256,13.896
27.473,12.776
26.086,17.171
18.503,16.354
24.105,15.470
27.511,14.065
28.981,13.675
27.815,13.162
27.956,15.431
28.143,14.851
30.177,17.795
29.962,18.708
29.228,18.478
28.849,17.480
27.566,16.878
28.714,15.658
29.249,16.706
29.750,18.071
30.397,17.863
30.091,18.505
30.280,19.004
30.041,18.659
28.131,17.254
26.644,13.996
27.110,11.329
27.039,11.442
26.902,13.534
29.011,15.823
28.127,18.740
28.348,19.643
27.790,17.337
27.439,15.804
25.543,12.920
24.375,9.393
24.820,8.645
24.080,8.701
24.864,8.335
24.081,8.965
20.786,13.741
17.859,15.335
21.527,16.778
19.827,14.775
24.890,13.311
24.843,13.946
22.004,12.037
22.077,7.552
22.232,8.617
22.112,8.265
22.960,8.072
23.226,9.497
24.213,11.074
23.092,9.023
21.994,8.314
21.258,6.388
21.105,6.182
23.028,6.125
24.794,8.224
23.344,7.686
22.858,6.338
22.974,7.429
23.025,8.221
24.548,9.103
23.352,11.838
27.536,14.092
21.027,10.980
18.227,6.699
17.698,3.372
18.977,5.631
18.161,5.045
19.172,4.681
18.864,5.980
19.345,2.904
19.606,3.728
17.415,5.971
18.732,5.324
18.646,4.769
20.830,5.386
22.552,5.504
26.013,8.398
20.689,9.495
18.358,5.525
20.582,4.384
20.880,3.666
20.287,3.611
19.644,4.031
21.385,4.898
23.638,8.259
24.809,7.804
24.407,8.861
27.079,11.108
23.615,12.270
23.648,6.151
22.841,9.441
28.128,13.018
24.557,11.758
23.566,9.322
22.327,5.676
23.612,5.374
24.065,6.822
26.177,7.754
26.438,7.563
27.698,8.558
28.659,10.520
26.639,13.065
27.055,10.777
26.807,8.869
27.594,11.196
28.200,11.593
29.511,12.970
31.667,13.989
32.275,17.643
22.682,11.336
26.193,11.113
24.900,10.554
26.657,8.954
18.254,11.956
24.684,9.029
26.096,9.236
27.583,9.774
26.076,11.766
28.152,13.742
28.215,11.781
27.204,13.194
27.923,12.035
29.050,11.714
31.365,14.369
30.576,14.273
32.643,15.757
32.238,16.939
31.953,15.845
32.632,16.803
34.422,15.534
32.770,19.756
33.530,16.551
30.636,15.536
30.660,12.967
30.764,13.951
31.508,14.474
33.639,14.669
34.733,17.919
34.489,17.361
37.216,18.642
36.974,17.940
35.919,19.428
35.866,18.259
35.717,16.013
35.643,17.701
36.139,20.295
35.178,19.442
34.639,17.323
35.294,18.459
35.272,19.520
37.404,19.854
33.720,19.669
34.798,17.308
37.491,17.400
36.007,22.079
32.229,21.061
33.785,18.128
34.309,15.805
36.569,17.478
36.808,17.539
36.394,18.556
37.415,20.141
37.259,21.547
37.722,20.381
38.167,21.817
36.289,21.491
38.174,19.868
37.954,21.929
39.162,21.977
40.195,24.067
41.617,24.204
37.135,24.540
37.810,20.154
38.298,24.532
37.368,21.928
39.872,22.638
37.460,22.551
34.875,21.839
34.972,21.574
36.233,22.638
40.650,22.978
41.145,24.367
39.731,24.258
40.749,23.061
41.126,23.992
39.295,24.465
36.748,23.364
38.826,24.118
40.926,25.038
36.865,24.614
40.687,25.183
41.228,25.592
41.266,25.318
42.234,26.287
40.909,25.509
41.196,25.103
41.201,25.163
42.201,26.489
45.849,27.903
40.635,28.229
38.417,27.789
42.039,24.303
42.296,23.967
44.537,26.868
39.676,26.234
40.787,25.411
44.764,25.413
40.673,26.811
37.149,25.680
39.266,25.740
38.577,26.955
39.057,25.358
39.575,25.684
40.836,26.015
43.295,27.434
39.477,26.418
40.844,26.395
42.553,24.068
39.609,28.413
44.626,28.043
44.375,27.122
41.539,26.679
38.930,26.569
40.552,27.790
38.324,27.135
38.225,25.882
35.791,25.218
33.332,24.774
29.106,23.361
27.267,22.995
24.216,22.720
24.753,23.559
25.885,23.921
31.385,23.267
32.917,24.525
31.096,24.507
33.716,24.720
30.511,25.262
26.770,24.535
28.932,23.750
26.276,23.932
29.488,23.658
28.379,23.581
29.005,22.631
31.040,23.734
28.892,23.340
27.506,23.540
28.249,23.039
28.771,22.465
28.956,22.597
29.139,23.198
30.295,23.333
31.103,23.212
31.675,24.155
30.226,24.138
30.575,23.626
31.187,23.867
29.269,24.295
29.284,23.970
28.634,23.291
31.821,23.933
28.701,24.628
27.494,24.646
27.945,23.844
26.326,22.797
27.860,21.879
29.962,22.339
30.701,22.917
31.406,23.053
33.040,23.750
29.549,23.957
28.286,24.307
29.612,24.060
31.763,24.071
33.609,24.659
29.112,24.641
28.934,24.160
30.302,23.791
31.260,24.489
28.682,24.206
25.331,23.377
25.154,23.552
27.098,23.312
27.804,23.137
26.654,23.469
27.013,22.459
25.402,23.068
28.910,22.389
29.104,23.025
26.255,22.833
29.961,22.998
26.210,23.309
26.801,23.070
30.057,22.045
29.760,22.306
28.459,23.277
26.894,23.960
29.241,23.470
29.015,22.882
27.878,22.606
28.771,22.665
28.260,22.472
30.010,22.218
28.821,22.833
29.227,23.441
27.821,23.364
27.026,23.306
28.010,23.201
28.892,23.113
28.863,23.159
27.167,22.546
27.850,22.665
27.096,23.653
26.438,23.178
27.277,23.286
28.183,22.344
28.538,22.950
32.034,20.751
28.751,21.872
27.886,22.899
29.028,21.720
27.058,22.958
24.994,21.731
25.905,22.537
26.474,21.687
26.606,22.549
25.486,22.106
25.666,22.913
26.123,22.599
25.923,21.822
23.690,20.216
27.755,20.195
27.329,19.660
27.340,19.960
28.123,19.627
27.961,20.437
27.988,18.877
26.651,19.029
26.981,17.374
28.256,17.373
29.162,17.839
30.893,18.669
30.031,19.736
29.473,19.146
29.359,19.828
29.357,19.356
29.804,17.138
31.303,18.375
28.636,16.742
28.141,15.453
29.246,13.950
29.164,13.650
28.254,17.248
26.421,17.475
24.060,17.172
26.701,17.544
27.624,15.671
27.332,15.545
27.493,14.985
27.883,14.554
28.051,14.406
27.488,13.367
26.478,12.340
26.695,12.140
26.472,12.428
26.878,13.403
25.691,12.585
26.921,10.679
26.718,13.332
25.428,12.895
27.610,13.840
26.961,13.825
25.438,11.978
25.791,11.531
25.999,10.247
26.991,11.318
26.320,13.273
26.171,11.626
26.253,11.880
26.585,13.521
26.433,13.642
25.208,12.530
25.955,11.612
25.359,11.804
24.886,10.911
24.794,11.262
25.326,10.936
25.308,10.576
26.069,10.844
25.548,11.852
25.033,11.097
25.171,9.549
25.195,9.464
24.734,9.760
24.495,10.307
23.088,7.708
23.802,7.382
24.751,8.846
25.262,10.295
26.258,10.769
26.164,11.049
25.024,10.233
24.090,9.115
24.207,7.614
25.869,7.828
25.426,8.382
23.488,8.818
22.984,11.832
22.808,7.668
21.808,6.502
21.030,4.207
21.432,3.852
19.981,3.057
20.031,2.215
20.946,2.534
21.013,3.341
20.839,2.489
22.390,2.857
22.329,6.349
21.708,7.163
21.890,3.667
21.760,3.014
22.929,3.868
23.964,5.002
24.166,5.695
25.611,7.274
27.825,9.806
18.171,14.409
21.228,13.763
20.224,13.667
20.984,9.719
22.548,11.681
23.213,12.610
23.242,13.842
22.898,13.083
21.910,13.156
19.893,9.149
19.075,6.933
18.517,6.012
17.618,5.433
18.816,4.550
20.557,5.589
22.854,5.750
24.201,6.748
24.768,7.270
24.465,11.105
22.685,9.894
19.825,9.556
19.768,5.106
23.259,3.881
23.382,8.152
23.636,7.108
23.848,8.084
22.987,10.086
23.577,8.132
23.820,10.543
22.919,7.236
22.717,6.645
23.087,8.858
22.174,7.013
22.504,5.225
24.972,6.707
27.940,6.457
27.394,10.849
28.315,11.138
31.989,14.592
23.587,11.241
22.440,6.863
23.482,3.995
24.356,4.502
27.367,8.725
29.763,13.908
30.267,11.894
24.960,15.938
27.412,14.367
27.352,12.059
27.702,11.409
26.664,10.792
28.918,10.585
32.070,10.646
31.208,15.034
31.631,14.377
31.634,13.974
31.015,15.870
29.513,12.598
31.788,12.519
29.514,13.449
29.701,9.930
29.883,9.790
30.078,10.822
31.680,14.020
32.346,14.564
34.286,16.125
32.491,15.052
30.684,12.506
31.977,13.488
30.430,14.187
32.819,12.379
35.372,15.264
31.716,16.065
29.955,12.007
30.430,14.979
30.707,13.601
32.894,14.189
33.896,16.407
33.515,16.352
34.983,16.195
37.354,17.923
35.222,19.340
34.719,16.884
35.281,15.271
35.841,16.333
36.072,15.600
38.051,16.847
39.934,19.398
36.884,20.956
36.060,18.904
37.156,19.346
37.084,21.355
40.318,23.840
41.196,23.332
39.152,19.665
41.265,23.054
35.917,19.221
37.360,20.437
38.775,19.686
36.873,21.379
37.236,22.023
37.009,21.526
37.257,20.153
37.712,20.075
38.370,20.934
38.077,20.625
37.376,20.182
38.261,20.923
39.156,21.475
39.424,24.127
40.237,23.771
37.856,21.590
38.196,23.670
38.944,23.923
40.262,21.247
40.273,24.392
40.011,20.922
40.224,24.619
38.593,25.378
38.730,23.375
39.529,23.161
39.728,20.587
38.635,19.324
39.810,22.122
39.742,22.243
39.258,21.166
38.700,22.978
42.784,22.695
40.107,24.548
40.375,25.297
39.646,25.380
41.320,25.404
41.264,24.783
41.235,25.007
41.810,26.779
41.479,27.901
40.908,25.227
42.913,24.349
41.731,25.635
41.771,26.998
41.968,26.443
41.692,25.199
43.079,24.145
43.935,26.421
43.126,26.787
44.367,24.215
44.150,25.861
43.340,27.333
43.748,28.225
44.228,27.179
43.007,26.286
43.435,27.154
44.450,27.274
45.009,28.850
44.659,26.544
42.625,27.600
44.040,30.426
43.315,27.485
41.762,28.685
41.375,27.138
42.024,28.627
42.365,26.454
43.416,28.633
44.637,27.608
44.499,28.805
44.215,30.458
43.333,29.549
43.144,30.481
40.238,28.011
38.862,25.418
34.000,25.232
31.852,26.130
32.953,25.297
26.843,24.498
26.953,24.335
27.908,24.167
33.512,23.271
36.205,24.561
37.051,25.110
38.316,26.754
38.866,25.838
40.192,26.247
38.676,27.731
33.757,25.802
31.197,24.312
31.358,24.595
30.578,25.320
29.949,24.411
31.164,24.072
30.543,24.500
30.166,24.322
30.555,23.715
31.875,23.800
30.318,24.577
30.080,24.479
30.541,24.674
29.345,24.234
27.784,23.910
30.841,22.859
32.284,23.756
31.231,24.067
29.780,23.920
28.606,22.700
30.895,23.809
31.476,23.399
28.033,23.447
30.324,23.511
27.737,23.695
28.732,24.211
28.074,23.711
28.606,22.998
27.591,22.784
25.609,22.712
26.735,22.301
29.249,23.071
28.493,22.422
27.375,23.641
25.333,23.647
27.077,23.654
29.319,23.174
30.112,22.643
27.595,23.534
29.225,22.876
27.833,23.034
29.235,22.743
28.262,22.156
29.641,22.070
29.224,22.788
30.070,22.113
29.171,22.852
28.851,23.051
30.227,23.190
29.682,23.401
29.811,22.489
28.632,21.958
27.853,20.972
29.417,21.213
31.453,21.387
28.928,22.773
29.163,22.442
30.587,22.251
31.116,22.144
31.003,22.568
30.849,21.350
32.466,21.580
29.893,22.755
30.640,23.215
24.721,23.276
24.736,22.960
27.217,23.085
28.947,22.345
30.467,20.140
24.452,21.447
25.980,22.452
29.643,22.316
30.701,21.678
29.912,22.116
27.500,22.775
29.025,21.928
30.434,21.237
27.614,21.465
27.451,22.086
29.561,21.376
30.990,21.639
30.210,21.507
30.549,21.378
28.633,19.485
28.572,18.203
28.310,17.060
28.772,15.953
28.952,16.562
30.616,17.108
31.242,17.532
32.178,18.730
31.298,20.346
32.568,21.129
30.152,20.681
30.656,20.871
29.985,18.665
28.882,16.094
29.712,15.655
27.759,16.712
26.937,18.543
25.558,18.634
27.352,16.570
29.405,15.497
30.102,15.122
29.840,14.942
28.438,14.104
27.586,12.786
27.122,11.834
27.063,11.791
27.685,11.666
27.929,11.334
26.985,11.672
27.579,13.952
27.407,12.547
27.511,12.123
28.595,13.530
27.769,13.956
27.173,13.132
26.691,11.310
26.920,9.935
27.222,10.687
27.406,9.943
27.911,10.103
22.341,14.052
16.361,13.555
22.752,12.857
22.448,17.821
20.107,16.107
23.877,15.752
25.573,13.452
25.307,12.149
24.201,10.057
24.399,10.132
24.605,10.449
24.289,10.034
24.279,10.313
23.590,9.398
22.716,7.968
23.420,9.909
24.537,8.773
25.135,10.742
24.610,11.516
24.589,9.852
25.083,9.201
25.770,9.815
25.690,9.105
24.358,11.437
24.501,9.598
23.388,10.021
24.059,7.790
23.928,6.702
24.327,8.049
23.577,9.134
23.164,6.437
22.937,6.779
24.453,10.741
24.685,10.057
24.119,10.771
24.656,10.674
24.948,10.451
25.733,9.279
27.397,7.857
27.572,12.692
26.099,10.957
24.638,10.631
25.912,11.970
25.790,10.366
24.431,8.705
24.128,12.252
23.407,11.081
23.573,10.622
22.334,7.882
22.094,2.863
20.422,3.217
19.304,2.156
21.032,3.811
21.110,2.618
19.828,3.348
19.390,1.619
20.991,1.592
23.322,2.935
23.667,3.178
24.177,6.478
24.873,7.038
26.157,10.664
22.575,9.407
21.643,4.242
22.417,4.042
21.372,6.721
19.506,5.621
17.695,2.601
18.682,1.213
20.643,2.939
20.071,4.055
19.855,1.865
23.228,4.858
24.850,6.014
24.463,6.426
26.528,8.160
27.805,9.666
28.460,12.778
26.187,13.017
23.453,10.434
22.413,5.206
22.551,4.712
22.091,3.826
21.780,4.440
22.079,5.024
21.972,3.264
22.696,2.870
22.476,3.877
22.296,2.739
23.746,3.180
24.767,4.825
24.706,9.611
25.396,6.397
25.920,7.160
27.381,8.927
29.026,12.443
30.620,11.743
26.545,13.436
24.216,13.271
24.986,8.661
26.773,3.853
27.386,6.764
27.747,9.770
27.653,11.542
29.043,12.954
28.644,11.221
27.803,9.548
24.638,13.695
23.725,10.708
23.540,8.198
25.421,6.804
26.261,9.028
27.496,7.893
29.948,9.317
27.933,14.168
28.596,13.033
29.000,11.992
31.132,10.109
31.897,16.391
28.831,13.546
28.731,11.611
30.568,12.328
30.731,11.347
31.770,11.361
32.740,11.541
31.400,11.225
30.919,12.580
31.699,13.957
32.157,11.421
34.499,14.400
33.073,14.721
33.444,14.318
34.972,17.521
34.125,16.883
33.558,20.021
29.468,17.521
31.814,16.267
33.393,16.057
34.870,16.725
34.754,16.030
35.519,19.262
36.733,16.668
36.958,19.509
35.655,18.379
35.103,19.585
35.423,19.825
36.162,19.234
35.633,21.426
36.360,19.015
35.796,20.267
36.109,18.828
37.110,17.958
36.802,23.090
36.171,22.409
35.298,20.593
36.123,18.671
37.386,19.037
38.360,19.517
39.027,18.577
41.223,19.075
40.051,21.392
40.784,22.084
40.409,23.742
39.350,24.602
37.211,22.918
39.042,22.113
39.148,20.975
38.386,21.439
36.319,22.834
34.991,20.972
31.891,20.289
31.938,17.453
32.428,18.216
34.663,19.143
36.617,20.524
39.950,22.787
39.432,23.280
40.102,23.908
40.096,22.513
41.513,22.977
42.390,23.897
42.386,25.752
41.240,24.585
42.959,21.426
42.762,21.649
41.620,24.536
41.902,24.477
40.504,24.336
42.671,25.249
43.257,25.369
43.531,25.608
41.570,26.700
40.764,25.602
39.299,24.412
39.929,24.559
39.304,25.565
41.902,25.363
42.172,24.605
43.425,24.909
41.904,26.210
41.632,26.383
44.800,25.994
43.262,27.632
42.133,26.875
41.047,26.704
40.938,27.204
40.534,26.859
40.254,23.467
33.808,26.032
26.727,21.774
23.820,21.637
34.817,21.444
35.677,24.281
37.829,24.614
38.949,26.171
39.442,27.656
40.819,27.207
39.797,27.034
39.470,26.234
39.286,26.453
40.154,28.209
38.009,26.511
37.652,26.137
30.892,24.987
25.907,24.425
30.683,24.197
32.208,23.886
34.400,23.950
37.836,26.366
34.162,25.605
32.499,25.502
39.365,23.727
35.634,26.056
35.567,27.030
30.721,25.223
26.114,24.044
29.390,24.278
32.826,23.291
30.914,23.416
24.915,23.405
27.792,23.322
32.892,23.896
31.367,23.394
31.806,23.090
34.338,23.881
32.605,24.644
33.203,25.390
32.392,24.906
34.824,24.980
36.066,24.701
33.375,25.436
30.820,24.842
28.750,23.850
32.117,23.171
29.361,23.741
30.496,23.173
31.785,23.755
30.555,23.854
31.584,23.708
30.556,24.719
28.804,24.225
27.541,23.572
28.627,23.801
28.384,24.090
28.302,24.139
27.807,24.230
25.320,23.624
25.695,22.974
28.298,22.172
29.262,22.697
29.343,22.951
25.879,23.471
25.594,22.829
29.567,22.982
30.828,21.448
29.990,23.961
30.273,23.363
29.266,22.901
28.999,23.258
27.884,22.839
32.481,22.731
29.682,22.803
30.358,22.878
28.520,22.846
29.287,22.404
31.247,22.454
32.628,22.695
29.400,23.493
30.959,23.798
27.289,22.363
26.802,22.123
25.250,22.485
24.050,22.900
27.971,22.813
28.303,22.480
31.847,21.536
31.215,22.776
29.187,21.667
29.049,21.888
25.880,22.116
28.624,21.294
29.786,22.026
31.199,21.508
29.994,21.766
27.208,22.241
29.706,21.931
30.273,21.928
30.922,21.484
31.162,22.418
30.447,20.779
30.124,19.660
30.166,20.246
31.029,22.879
32.010,21.064
29.555,21.017
30.819,20.767
31.438,21.350
29.992,20.836
31.405,20.450
31.635,20.302
30.914,21.238
26.301,22.033
27.548,22.893
28.751,22.423
29.854,21.918
30.490,22.471
30.426,21.887
28.888,22.238
28.435,21.937
28.651,22.369
27.714,22.050
26.083,21.977
24.700,21.618
23.971,22.103
23.652,22.464
27.432,22.536
28.215,22.200
27.694,21.398
27.788,22.032
27.410,21.923
26.566,21.235
27.166,20.705
26.468,19.832
28.529,18.403
25.448,20.387
23.430,21.717
25.662,21.099
21.701,19.784
25.684,19.390
26.634,18.091
28.579,17.117
28.811,19.776
27.462,18.578
27.658,17.631
26.479,17.677
25.666,18.693
26.491,18.114
22.366,19.985
24.534,18.726
26.013,16.512
26.480,16.082
26.443,15.167
26.753,13.252
27.087,12.648
27.022,12.712
27.127,13.833
26.815,15.555
25.996,13.130
25.535,10.954
24.907,10.504
25.603,9.619
26.071,9.135
24.836,9.366
24.501,13.273
23.657,11.364
23.532,10.289
22.628,9.895
22.968,8.416
23.500,8.717
24.229,10.428
24.038,11.104
24.483,12.526
23.999,11.190
24.085,9.698
23.874,8.340
24.218,9.603
25.012,9.929
24.444,9.970
23.416,8.989
23.420,10.315
24.389,8.633
24.614,10.143
25.083,11.410
24.563,11.981
24.185,9.785
23.316,7.899
23.233,6.278
23.687,6.838
22.696,7.346
22.829,6.952
23.288,6.836
23.171,7.067
23.666,7.048
23.969,6.970
22.868,8.213
22.399,8.209
23.007,8.244
21.823,6.514
22.467,5.766
23.664,7.800
22.381,7.699
21.598,7.251
22.949,8.192
24.413,10.201
23.851,10.771
25.206,12.799
25.022,11.399
22.947,11.751
21.298,9.605
21.442,8.059
23.210,8.051
24.257,8.745
23.404,9.143
23.980,7.445
24.233,8.746
24.572,10.895
23.598,11.948
21.329,9.759
20.755,5.398
23.206,8.907
22.943,11.669
20.624,7.541
20.498,2.624
22.880,3.931
23.819,8.053
22.596,11.659
18.012,9.437
19.660,5.845
20.419,4.990
21.140,4.022
22.730,6.233
24.270,8.646
24.955,12.597
22.598,12.267
21.243,8.548
22.192,4.047
23.205,6.239
23.398,7.337
24.791,10.530
23.378,11.573
22.233,9.232
21.520,6.467
23.228,7.159
23.325,6.407
23.117,5.928
23.567,5.548
23.227,5.617
23.121,6.843
25.447,6.611
26.949,10.018
27.498,10.126
26.989,12.355
29.161,11.510
29.569,11.830
28.199,12.511
24.956,11.063
25.172,8.170
24.844,9.325
27.372,5.683
26.278,12.350
23.838,10.996
20.993,10.522
20.505,9.552
22.286,6.983
23.539,5.713
26.027,5.888
27.855,8.477
27.678,11.446
28.250,12.839
27.010,14.615
27.551,11.124
28.571,11.720
26.405,14.019
24.812,14.086
26.602,16.315
27.156,15.393
25.434,13.318
25.176,10.562
26.081,11.308
26.258,13.196
27.711,12.339
27.697,12.045
27.172,11.693
28.550,11.286
29.950,16.009
31.151,15.982
30.658,18.836
30.326,16.934
31.204,14.100
31.911,14.799
32.381,14.937
34.479,16.293
33.074,17.932
31.891,17.200
31.868,14.251
34.527,17.122
32.837,17.480
34.775,18.314
36.418,19.540
35.268,18.518
36.799,19.616
37.111,21.998
37.418,21.240
37.392,22.324
35.650,21.713
35.691,20.221
36.730,20.021
37.799,20.321
34.048,19.794
35.119,17.876
37.937,19.805
39.141,21.112
38.710,22.529
36.424,22.802
35.958,18.447
37.067,17.290
40.271,20.073
38.890,21.661
38.830,22.227
37.737,19.903
39.229,20.108
39.023,21.434
39.255,21.267
38.633,24.706
37.225,22.628
37.615,22.087
39.204,21.773
39.500,23.755
39.421,23.852
39.723,23.125
40.845,22.039
41.633,22.158
40.755,22.281
40.795,21.829
41.650,22.915
42.474,23.514
42.253,23.759
41.961,25.023
39.969,23.275
39.286,24.297
38.744,22.217
38.849,25.138
39.643,24.930
37.921,27.464
36.786,28.185
40.453,23.870
40.282,27.087
40.505,26.109
40.433,25.972
38.488,26.159
39.515,23.864
40.818,27.382
41.185,25.809
41.107,25.754
41.978,25.630
41.998,25.883
41.252,25.460
42.944,23.726
42.759,26.474
38.537,26.405
29.630,23.568
26.167,22.796
26.600,21.063
37.465,21.903
40.788,24.148
38.176,24.381
37.850,25.143
35.537,26.145
39.302,25.477
41.711,27.389
45.311,28.411
44.920,27.626
46.976,29.297
45.227,29.878
45.410,29.364
47.503,29.672
43.668,28.461
43.103,27.524
40.678,29.888
40.778,28.422
39.347,28.431
38.758,28.732
40.298,27.510
37.203,26.331
36.552,26.088
34.603,27.011
36.221,25.593
36.593,25.854
39.017,27.288
39.521,27.947
39.286,28.033
38.146,26.918
37.153,27.447
36.169,26.510
37.920,25.808
37.675,26.645
35.702,25.285
25.072,23.256
23.765,22.828
23.574,22.873
26.934,22.840
29.939,23.784
32.721,23.638
34.324,24.081
33.924,25.224
35.462,25.004
32.270,25.276
32.539,24.967
31.054,25.120
30.856,24.835
29.679,24.303
29.837,24.559
29.961,24.104
28.002,23.798
28.292,24.160
29.143,24.034
25.606,24.119
25.217,22.683
26.611,21.327
29.843,20.763
24.483,21.062
29.440,22.576
30.635,23.926
28.767,23.243
26.411,23.345
26.988,24.092
27.374,24.108
