20000101
23.482,5.775
23.436,6.141
22.702,6.285
23.112,7.484
23.466,5.461
21.687,6.062
21.877,6.716
22.609,6.352
24.583,6.104
26.899,6.711
27.159,7.782
27.553,8.206
26.521,10.218
26.224,12.993
27.280,8.503
24.485,11.127
22.767,7.734
23.232,7.737
23.930,8.442
25.406,10.321
24.986,7.131
27.931,10.112
26.516,8.934
25.224,8.331
25.467,7.932
26.003,6.147
27.776,9.296
26.560,9.388
24.452,11.537
25.127,9.195
27.127,9.935
30.776,13.398
27.394,13.245
27.965,10.832
28.466,11.046
25.718,15.901
21.599,14.325
24.569,12.687
25.668,8.998
26.495,8.693
26.561,8.082
23.482,13.422
26.253,14.723
26.296,11.480
26.168,11.235
26.049,9.362
27.511,8.093
28.054,9.166
27.251,8.735
27.839,8.234
27.622,7.055
25.618,12.740
28.551,11.018
28.150,9.527
27.528,9.971
27.291,10.470
27.986,12.014
28.043,9.851
28.570,10.247
31.571,12.690
33.239,13.027
32.417,16.693
32.922,14.292
34.438,17.263
35.130,17.039
33.574,15.515
36.644,14.762
33.368,17.887
30.214,14.975
31.667,14.380
35.091,14.204
35.444,16.386
34.674,15.621
32.338,17.597
31.206,16.703
32.277,15.340
34.038,15.509
36.522,15.699
34.171,15.856
33.458,14.873
35.098,12.925
39.311,17.867
36.290,23.464
33.456,19.013
34.151,16.734
34.489,16.888
36.149,16.518
35.585,18.831
37.482,16.325
37.552,16.939
40.456,21.704
40.760,20.602
40.707,23.865
40.161,21.695
40.095,21.227
40.628,19.755
40.781,20.268
40.349,19.776
41.811,20.786
41.172,19.677
39.738,19.589
41.611,21.547
39.270,20.190
41.115,22.724
42.029,22.836
41.933,24.824
41.508,26.123
40.953,25.502
41.185,22.171
42.932,22.363
43.634,25.484
44.442,24.673
43.221,24.937
42.370,25.288
41.108,26.337
42.182,23.022
42.048,23.764
43.169,24.204
43.551,26.243
44.083,25.336
43.714,24.474
43.709,25.668
42.999,23.198
39.733,27.054
39.197,25.173
39.230,25.248
40.140,26.470
41.759,25.501
42.415,26.399
43.719,25.230
42.066,27.161
43.329,26.817
42.718,27.622
44.387,28.195
43.586,31.540
40.230,28.972
39.532,27.949
43.641,29.136
44.809,29.299
43.969,31.288
43.829,28.573
41.363,27.990
34.917,26.550
37.843,26.163
38.908,26.081
42.520,29.402
43.546,29.840
43.771,28.681
45.349,30.021
45.162,31.154
42.665,28.266
42.249,29.898
40.084,28.607
39.906,28.459
40.622,27.770
39.912,28.964
37.518,28.147
32.166,27.099
34.696,26.671
37.217,27.196
37.462,26.787
36.610,27.361
39.070,26.861
41.368,27.877
41.379,29.077
42.620,28.744
36.642,28.416
37.134,27.147
35.202,28.891
34.837,27.499
29.136,26.104
34.433,25.663
35.317,25.827
34.919,26.073
36.159,25.782
38.634,26.388
37.246,27.030
38.729,28.867
37.332,27.943
37.427,26.872
34.526,26.978
36.878,25.772
38.986,26.603
39.094,28.556
36.696,27.986
36.776,27.363
42.349,29.878
41.111,31.026
32.214,25.725
38.924,25.900
37.256,26.545
36.475,27.549
34.700,26.333
33.406,26.479
32.845,25.747
36.521,25.079
33.624,26.585
33.968,25.643
35.740,25.546
32.502,25.614
30.585,24.976
31.323,24.765
29.029,23.662
32.217,23.775
31.220,23.967
31.592,24.531
30.404,24.582
31.028,24.860
30.657,24.581
32.534,24.290
31.281,24.582
34.497,24.467
33.451,25.529
30.813,25.233
33.365,24.804
33.460,24.266
35.468,25.003
35.560,25.678
35.583,26.284
37.429,25.011
35.175,25.962
32.000,25.466
32.970,24.535
32.034,24.455
34.837,25.998
37.113,26.002
35.173,24.645
33.050,24.439
33.058,23.999
32.921,24.599
31.667,24.007
32.721,24.252
33.748,24.915
33.220,25.217
34.459,25.321
34.603,24.648
35.204,24.605
35.644,24.848
36.115,25.000
35.858,24.454
35.938,24.241
35.411,23.623
31.415,23.843
29.748,24.222
24.998,24.023
28.413,23.700
29.070,23.660
33.215,23.501
31.942,23.270
31.721,23.922
31.494,24.989
31.194,24.461
28.976,23.970
29.948,23.322
32.320,23.347
32.461,22.100
31.832,19.554
30.214,21.280
28.429,24.138
33.364,23.232
31.434,24.709
26.978,23.653
27.667,22.478
26.727,22.453
28.983,22.633
28.760,23.473
29.558,22.370
29.539,21.099
31.634,20.927
31.264,20.847
31.378,19.889
32.070,19.212
29.745,19.258
31.625,17.822
31.687,19.227
30.478,18.913
31.888,21.674
33.209,20.944
34.199,21.001
34.256,22.125
34.848,22.431
34.831,23.314
34.593,22.434
33.542,22.012
32.589,20.212
31.717,19.368
31.791,17.609
30.872,15.510
30.941,13.296
31.152,14.627
31.608,16.504
32.788,18.491
34.242,19.782
32.805,19.686
33.089,16.982
32.024,15.921
31.523,17.201
32.560,16.734
32.332,16.236
31.390,14.581
30.757,14.948
30.180,18.078
29.318,17.489
29.222,14.546
29.820,15.058
30.550,16.037
31.522,15.817
30.738,16.829
31.188,16.155
30.175,16.260
30.416,15.544
30.375,14.524
30.655,14.493
30.520,13.815
31.909,14.903
30.893,13.153
29.543,14.249
29.761,11.860
28.705,10.942
30.053,14.027
28.338,10.562
28.171,11.003
28.884,11.049
28.866,12.100
31.565,12.566
30.635,13.559
30.873,13.087
29.778,12.542
28.511,12.332
28.983,13.322
27.351,10.968
27.116,7.855
28.657,9.328
27.535,9.355
27.234,8.573
25.175,9.649
24.137,7.663
23.540,4.396
23.530,7.162
24.619,6.163
25.275,7.575
25.457,5.733
24.833,5.521
26.623,7.815
26.638,8.789
26.243,7.380
24.216,6.060
23.366,5.597
23.615,6.948
24.272,6.029
24.636,6.220
25.750,6.485
26.353,8.394
27.015,11.193
24.079,9.257
23.713,5.880
24.085,5.666
23.869,6.419
24.698,5.581
24.762,6.801
25.483,9.385
25.612,8.394
24.903,7.242
24.969,6.593
25.246,6.174
25.469,6.946
15.644,14.387
25.048,11.342
24.881,9.594
22.845,7.952
21.482,7.610
22.656,3.284
23.338,2.875
24.754,3.768
22.858,8.272
23.066,4.105
22.640,3.964
23.794,2.326
24.446,4.994
23.969,5.702
23.873,2.349
25.696,3.457
25.226,5.606
25.008,4.966
25.426,5.663
26.649,3.886
27.861,6.903
29.695,9.772
27.132,13.346
23.651,9.746
23.488,7.816
24.910,5.965
25.506,8.309
26.151,8.097
27.660,5.585
28.696,8.975
31.588,8.962
30.881,13.261
29.867,15.330
28.409,10.284
27.848,5.728
29.521,13.994
27.905,9.048
28.402,10.899
28.423,10.330
27.425,10.141
27.875,9.401
28.099,9.992
29.154,8.254
30.698,7.369
32.875,9.266
34.397,14.429
32.473,17.450
33.506,12.432
31.520,11.186
32.217,15.085
31.895,13.438
30.628,11.391
30.610,12.943
30.880,12.904
33.291,11.942
35.869,16.458
33.038,13.015
32.702,14.843
32.916,13.029
31.903,18.777
32.811,15.420
33.632,12.972
33.946,13.193
29.086,18.301
31.880,15.305
33.214,12.234
34.006,11.399
32.962,12.532
34.373,12.493
34.163,13.728
34.195,13.472
34.284,13.466
36.465,14.322
35.369,15.233
35.629,15.909
35.366,17.406
35.426,16.655
36.673,15.176
38.302,16.502
39.525,18.948
37.560,21.873
37.219,21.536
35.812,19.695
36.771,19.299
36.677,19.999
37.480,19.050
38.016,19.820
41.329,21.522
42.620,26.361
38.673,22.708
36.117,23.053
36.655,18.875
37.419,18.720
38.423,18.442
39.153,20.866
40.424,24.301
41.159,21.496
39.321,23.189
41.491,23.179
42.736,21.113
41.925,21.691
41.878,24.789
37.732,25.837
35.088,24.018
37.478,22.897
38.481,23.165
41.748,22.166
37.394,20.710
37.678,20.265
38.151,22.791
37.702,23.338
38.379,22.027
40.179,22.350
41.710,22.321
42.026,21.117
43.704,22.679
43.621,23.285
44.156,26.341
44.886,21.956
44.096,25.091
43.424,27.325
43.553,28.434
43.519,27.638
45.051,26.995
42.226,26.328
38.608,27.068
40.993,26.304
43.218,26.993
43.877,27.591
44.532,27.512
42.354,27.925
38.741,26.457
40.653,26.887
41.840,28.676
42.822,29.248
42.312,27.628
40.881,27.775
38.872,27.326
39.836,26.584
40.768,27.391
38.208,26.324
39.844,29.550
42.961,28.062
44.092,29.072
45.591,29.881
45.470,29.712
40.850,30.403
42.767,28.631
42.501,30.073
40.000,27.401
42.542,27.112
39.826,30.248
39.011,27.158
37.825,28.599
38.137,29.230
38.198,27.383
40.188,28.474
40.372,27.723
41.885,27.753
41.504,28.933
40.954,28.867
39.716,27.644
37.920,28.496
36.575,28.105
29.611,26.128
28.567,25.152
30.546,24.448
33.932,24.177
32.741,24.622
35.940,26.054
30.349,26.237
34.287,25.077
27.877,25.461
33.813,24.819
31.515,25.871
33.316,25.065
30.931,25.069
31.748,25.677
32.774,25.794
32.580,25.938
31.908,25.762
31.471,25.531
31.833,25.509
32.924,25.835
31.286,26.115
34.741,25.876
36.038,25.766
34.011,26.090
34.595,25.870
31.683,25.473
31.632,25.840
31.304,25.208
30.871,24.889
28.120,24.085
30.510,24.524
30.199,25.313
28.853,24.553
32.737,24.308
32.035,24.885
30.945,24.504
31.720,24.601
30.448,24.588
32.055,25.153
31.257,25.032
32.132,24.751
32.466,25.441
32.873,25.447
31.550,25.605
30.666,25.131
29.262,24.691
30.212,24.485
31.913,24.589
33.893,24.767
33.635,24.500
31.040,25.082
32.521,24.844
30.992,24.744
31.147,24.664
31.437,24.417
34.733,24.388
34.533,25.207
31.863,24.477
32.832,25.173
32.395,24.995
35.532,25.100
33.273,25.087
30.405,25.344
33.092,24.519
35.548,24.211
33.131,24.985
32.218,25.378
33.817,25.552
31.247,25.242
32.805,25.311
31.775,25.223
31.425,25.384
29.388,25.557
30.806,24.648
30.548,24.754
33.455,24.564
32.509,24.448
31.379,24.749
28.778,24.508
29.087,24.842
29.847,24.371
30.624,23.822
28.393,24.000
28.844,24.905
30.075,23.726
29.273,23.803
29.825,22.639
27.681,22.576
30.737,23.152
31.989,23.186
27.137,21.916
32.703,22.266
31.474,22.854
31.704,23.845
31.944,24.100
31.738,23.157
31.593,20.920
32.077,19.948
32.755,21.499
32.460,19.838
32.323,21.634
35.405,21.080
34.288,23.139
33.650,22.887
34.462,22.948
33.906,23.316
31.060,22.935
31.724,24.220
30.660,23.933
30.967,23.977
30.370,23.901
31.192,24.222
31.490,24.256
29.010,23.867
29.689,23.143
30.993,20.937
32.311,22.514
32.682,22.408
32.395,21.961
32.403,20.228
32.133,19.308
31.675,17.812
31.659,19.134
31.997,19.030
32.123,15.708
32.169,16.333
31.555,19.262
31.366,16.262
31.599,15.419
30.832,15.243
30.553,16.999
31.202,16.597
30.684,18.933
30.916,17.865
31.814,15.552
30.824,16.208
30.219,15.858
30.912,18.906
30.640,17.745
30.710,18.172
31.822,17.765
32.031,17.339
30.940,15.825
32.263,17.022
32.430,16.225
32.223,16.057
29.545,16.526
29.967,15.608
29.776,15.403
28.701,14.001
27.944,12.871
27.662,12.716
28.380,12.171
28.281,12.529
29.042,12.152
30.044,14.871
30.923,17.960
29.250,14.515
27.902,11.131
27.849,10.817
28.186,12.405
29.446,14.612
28.372,14.207
28.440,12.177
27.706,11.182
27.641,11.614
28.285,11.658
27.130,10.627
27.272,10.521
25.823,10.200
25.504,9.943
25.262,9.785
26.035,9.907
26.492,9.898
26.864,10.120
27.287,10.432
26.133,10.472
26.730,9.249
27.401,9.633
27.134,9.192
26.248,7.440
27.395,8.258
26.066,7.663
25.250,7.548
25.109,7.127
24.253,9.241
25.603,6.653
24.454,8.542
24.192,6.455
25.138,9.695
23.612,7.070
23.723,6.792
24.517,5.491
24.313,4.887
24.052,4.154
24.080,5.674
25.433,5.721
24.730,6.985
25.437,7.285
24.546,7.428
23.186,6.229
22.450,3.329
22.637,4.828
23.659,3.372
23.991,5.547
24.745,6.102
24.843,5.803
25.013,6.082
26.009,7.469
24.070,5.357
24.380,7.775
25.984,9.258
24.379,8.293
26.146,8.131
26.729,7.289
28.222,10.029
31.130,15.324
29.150,14.002
31.506,14.815
29.343,13.545
30.221,13.406
24.398,12.102
24.021,13.618
22.641,13.166
24.506,9.747
24.173,8.993
26.541,7.640
28.625,12.407
18.936,10.488
22.585,8.306
22.673,7.285
23.528,8.176
24.260,5.872
25.817,8.011
25.563,9.815
26.623,9.658
26.271,5.765
29.215,9.364
30.794,15.873
22.289,16.882
30.157,16.352
29.132,14.193
31.632,13.603
24.455,14.066
26.813,12.632
26.619,10.923
27.580,11.386
29.205,10.719
30.596,10.848
30.949,10.971
31.885,14.935
32.599,16.454
32.293,12.849
32.454,12.603
33.721,12.566
34.451,14.923
33.157,18.479
30.732,16.007
31.170,14.442
31.587,13.029
32.747,13.784
35.966,16.687
33.770,19.337
30.127,14.769
31.213,13.987
31.716,14.085
31.980,12.362
35.570,13.221
36.819,21.530
36.218,18.536
35.748,17.660
34.629,17.463
35.369,19.134
35.362,20.220
30.382,18.891
34.856,19.156
34.666,17.350
36.253,16.650
36.592,16.074
37.031,17.291
37.434,18.285
37.875,18.043
37.777,19.934
38.149,20.051
38.948,18.358
39.518,21.828
38.513,23.613
37.542,22.187
35.807,21.149
36.707,19.601
38.859,18.261
41.040,20.959
38.727,24.723
36.853,22.221
37.116,20.218
38.456,21.393
39.866,23.050
42.110,23.773
41.611,22.258
38.789,24.230
38.898,24.203
38.577,23.889
38.820,23.269
38.343,20.619
39.303,22.067
41.349,22.807
42.269,23.497
43.444,24.119
42.844,24.205
43.259,25.181
44.336,24.298
43.234,23.042
43.038,23.564
43.058,25.242
41.749,26.234
43.847,27.632
41.320,26.883
40.367,23.031
43.363,24.181
44.699,25.272
41.460,22.634
42.852,23.924
45.048,26.562
43.492,25.404
42.254,25.582
43.459,26.164
43.127,27.014
43.590,27.144
43.422,28.547
44.107,27.806
43.281,28.834
45.322,28.954
43.610,28.049
43.528,29.040
42.879,30.644
39.555,28.551
38.856,27.621
38.877,28.554
42.895,29.547
46.523,29.820
45.928,29.110
45.486,32.776
45.088,26.279
46.205,27.446
43.839,28.924
41.994,28.224
41.788,27.280
41.010,27.407
40.563,25.999
39.484,26.599
38.465,27.817
39.019,26.060
41.423,26.215
42.085,27.015
43.427,28.609
43.670,30.926
43.626,29.319
42.264,28.678
41.988,29.822
43.962,29.473
42.676,30.523
39.410,29.120
37.462,27.077
35.797,26.866
41.994,26.733
42.631,28.437
42.301,30.624
42.839,29.813
43.726,29.133
42.903,30.101
42.996,30.259
42.941,30.162
42.797,29.075
41.459,30.167
31.767,25.676
37.597,25.694
35.782,26.631
36.766,27.040
36.342,27.535
38.799,27.704
38.904,28.631
41.262,29.750
36.571,27.797
33.405,26.686
29.482,25.327
26.577,24.109
27.966,24.779
35.944,24.918
38.142,27.673
38.491,28.759
39.657,28.647
40.705,29.618
41.852,30.575
40.488,30.232
41.548,29.665
41.755,29.091
34.493,27.778
34.942,26.424
35.181,26.117
36.023,26.276
34.581,26.207
35.451,26.339
31.031,25.441
31.531,24.554
33.854,24.476
36.342,26.451
36.490,28.434
36.491,26.606
36.737,25.608
31.995,27.261
40.619,27.653
38.347,27.557
39.212,26.779
37.255,25.941
36.512,26.351
34.964,25.960
31.792,25.947
32.520,24.946
32.135,25.727
31.478,26.260
34.620,25.541
35.287,25.630
30.766,25.925
28.879,25.500
27.406,24.631
25.914,24.063
29.552,24.063
29.991,24.744
30.654,24.598
30.870,24.739
30.444,24.248
32.534,24.069
32.874,25.165
29.257,24.385
30.022,24.626
30.899,24.391
31.390,24.734
33.365,23.746
32.284,23.912
31.471,24.757
30.109,25.011
31.474,24.690
29.802,23.461
29.987,23.639
31.365,23.117
29.691,24.078
30.404,24.177
31.007,24.604
31.800,23.873
30.393,24.267
30.742,23.821
31.444,24.175
29.924,24.159
30.898,24.244
28.028,23.979
29.878,24.547
30.980,23.812
31.382,23.228
31.988,23.408
31.760,22.039
32.043,22.865
31.672,21.805
31.402,21.257
32.523,22.026
32.317,22.300
29.470,24.194
29.787,24.327
31.472,23.897
29.769,22.060
29.592,21.873
30.277,21.782
30.034,21.501
29.382,22.245
31.743,21.911
33.003,20.860
30.406,19.265
31.027,19.692
31.801,18.530
33.188,20.217
33.699,20.988
33.700,21.691
30.670,22.055
31.498,20.303
31.887,18.772
31.330,19.671
31.538,19.031
31.339,19.230
29.858,20.643
30.532,20.402
30.982,20.730
32.168,20.241
23.921,21.103
28.669,19.999
30.300,18.657
30.082,18.366
31.221,18.411
31.678,16.505
32.082,17.959
29.520,16.177
28.685,15.031
28.276,14.940
28.626,15.759
29.445,15.775
30.580,15.343
30.744,15.577
31.247,15.816
30.029,14.932
30.333,15.292
30.180,15.932
29.980,14.955
29.048,15.602
30.529,15.817
30.663,17.131
30.481,18.774
30.410,17.085
29.207,17.305
27.781,18.744
27.871,17.084
27.693,15.086
27.199,13.824
27.581,12.932
26.862,12.957
27.245,12.586
26.991,13.288
28.151,12.588
29.022,12.978
27.678,11.678
27.984,12.414
28.350,12.915
27.986,12.754
27.128,11.980
27.551,13.066
27.127,11.555
26.706,12.363
26.896,10.397
27.058,9.059
26.213,9.707
26.297,8.321
26.794,8.575
26.675,9.408
27.317,8.920
27.346,8.864
26.558,10.178
27.264,10.932
25.690,10.339
25.525,5.619
25.594,6.248
24.996,7.748
25.344,8.316
25.478,9.714
26.279,9.931
26.442,10.467
26.880,11.221
28.118,11.764
28.253,11.038
27.550,13.034
26.484,10.801
25.611,9.071
25.838,9.706
26.651,12.541
24.648,9.264
24.568,10.169
23.664,10.598
22.277,6.860
22.665,5.598
27.208,8.585
19.666,10.142
21.626,7.887
23.423,5.686
22.550,9.384
22.042,8.455
21.926,5.686
22.250,4.117
21.708,6.275
21.427,3.088
22.084,2.238
22.257,4.614
22.531,5.707
22.400,3.726
21.423,5.456
22.304,2.899
22.501,2.583
23.610,3.810
24.680,4.049
25.237,5.632
25.454,5.989
22.952,5.362
23.898,6.019
25.322,6.087
24.831,7.051
26.509,6.716
26.424,7.365
28.839,10.786
28.853,9.305
24.218,13.667
26.070,11.702
29.123,11.277
24.294,16.480
23.588,13.023
26.473,15.744
23.321,14.481
26.438,15.536
27.308,13.720
27.812,11.127
29.558,11.899
29.612,13.120
29.698,14.788
29.876,14.972
28.225,14.431
28.108,14.926
28.281,11.064
29.325,10.441
29.405,9.649
30.046,11.348
32.867,13.866
33.669,15.941
28.952,14.977
26.696,14.217
27.982,12.521
28.096,11.392
29.726,12.368
31.174,15.522
31.154,14.562
32.488,16.075
33.730,15.581
34.821,21.212
35.714,19.662
36.822,17.254
31.619,17.411
28.479,11.819
29.498,11.985
30.428,13.266
30.485,12.565
31.969,11.890
34.053,12.383
35.054,16.961
33.404,16.333
33.471,16.491
32.836,17.596
32.979,17.649
36.312,18.878
35.284,17.332
35.284,17.664
35.436,18.237
33.802,17.257
34.333,17.601
34.957,17.258
35.128,15.662
36.472,19.477
37.259,18.436
37.366,19.495
36.932,18.725
37.669,21.049
37.038,21.511
39.088,20.759
37.347,21.190
37.748,21.837
38.794,21.614
40.937,20.760
39.781,23.975
39.681,24.414
38.965,21.763
39.376,22.844
39.312,19.835
40.066,21.210
40.467,22.010
41.299,20.288
42.250,23.689
42.925,25.563
41.555,22.828
42.140,23.093
41.825,23.346
41.079,22.477
42.176,25.095
43.471,27.047
42.277,23.351
41.243,26.347
41.731,21.808
41.997,22.533
42.375,22.957
42.227,25.607
44.281,27.790
44.918,25.635
40.879,28.399
40.803,26.710
39.153,25.125
37.810,25.112
40.780,23.510
43.049,25.888
41.819,26.769
41.407,23.804
42.210,22.785
42.536,22.678
43.068,23.440
39.456,24.238
41.140,21.567
41.261,24.405
43.206,26.046
41.653,26.887
44.314,27.550
42.882,28.458
42.977,30.349
44.365,24.530
44.138,25.462
44.665,24.538
43.207,27.570
45.282,29.274
42.711,29.705
41.957,27.346
43.047,29.171
43.568,28.182
44.045,30.303
42.970,30.220
44.144,28.844
44.717,26.092
44.282,24.586
45.691,25.122
45.416,26.234
44.706,28.789
45.031,30.030
45.121,31.071
47.304,30.764
45.282,29.660
42.655,30.201
43.767,29.248
43.414,30.486
44.828,30.845
45.263,28.906
45.745,32.944
43.894,31.346
42.709,32.438
42.162,29.401
41.530,28.483
42.350,29.967
38.795,28.860
36.842,27.303
37.275,27.062
37.936,27.132
31.789,26.461
32.361,25.734
32.444,26.411
37.686,25.518
33.313,27.057
33.813,26.900
33.063,24.638
34.134,25.322
33.974,26.252
35.347,26.285
32.199,26.302
34.415,26.048
35.235,26.913
36.586,25.957
37.143,26.369
41.564,26.118
37.524,27.102
32.200,27.077
38.666,25.868
34.378,25.854
37.848,25.834
35.699,27.847
34.002,26.987
33.457,26.033
34.013,25.241
36.021,25.797
36.892,25.322
37.599,25.866
37.921,26.844
36.595,26.328
32.330,25.826
33.477,25.824
35.757,26.423
31.092,26.347
29.309,25.918
30.941,26.131
33.263,25.310
31.081,25.559
29.887,25.150
25.471,24.452
31.046,23.598
30.006,25.373
30.946,24.627
32.778,24.902
34.249,24.787
32.671,24.571
35.173,24.709
34.896,25.437
36.065,25.267
35.634,25.723
30.752,26.192
29.824,25.384
30.238,25.445
33.314,25.221
30.273,26.050
32.413,25.620
32.449,25.090
31.910,25.263
30.880,24.756
31.216,24.393
33.429,24.804
33.222,24.986
27.790,25.122
30.560,25.310
32.378,25.186
31.023,24.794
30.831,24.523
28.953,24.189
29.751,24.894
30.202,24.575
31.338,25.374
30.324,25.302
27.318,24.726
29.308,23.896
29.530,24.962
30.635,24.843
30.710,24.886
28.588,23.974
29.431,24.257
28.139,24.550
30.338,23.785
33.638,24.516
33.430,24.177
29.544,24.988
29.904,24.411
31.427,24.367
31.245,24.176
32.597,25.026
31.229,24.229
32.089,24.555
32.801,24.906
33.236,24.406
33.435,23.583
31.654,23.740
31.455,23.878
29.524,23.687
30.570,23.574
30.517,23.612
30.441,23.055
30.309,24.204
31.376,23.747
30.839,23.062
30.148,20.622
29.749,18.299
29.889,17.266
29.774,22.102
25.308,22.725
23.133,20.921
24.419,22.369
23.039,21.550
29.469,21.155
31.328,20.067
30.594,19.460
29.542,18.590
28.811,15.866
28.765,15.352
30.226,15.474
30.194,18.177
30.782,18.947
29.160,22.689
28.393,20.676
29.727,18.191
29.117,19.975
22.773,20.752
21.751,19.920
19.977,18.903
23.523,18.848
26.195,19.451
26.880,16.919
26.502,19.041
28.896,18.383
27.136,18.360
24.758,18.019
23.207,17.597
27.638,16.377
27.579,15.759
27.387,15.721
26.719,14.952
27.566,15.127
27.142,15.245
28.424,16.478
27.248,15.135
26.585,13.932
25.576,12.520
25.770,11.945
24.845,11.257
24.549,11.181
24.667,12.577
24.998,12.493
26.141,13.029
26.958,14.048
26.549,15.527
24.717,12.565
24.089,8.921
24.381,9.535
24.306,9.251
24.274,11.510
24.041,10.110
23.521,9.336
23.207,8.013
23.049,6.159
22.995,7.590
22.420,8.052
22.646,6.690
22.666,8.694
23.243,8.763
23.711,9.060
24.111,9.537
22.909,9.871
24.145,8.171
23.816,9.448
24.484,8.264
25.476,9.967
23.938,8.170
24.474,7.626
24.849,8.309
23.563,10.503
16.454,13.733
22.794,12.850
23.383,9.230
23.675,9.377
23.700,10.513
23.102,10.070
23.134,6.492
23.291,7.299
22.645,7.762
23.211,8.846
22.691,7.129
23.450,5.964
20.125,13.031
19.325,9.374
19.361,6.344
20.163,7.424
21.151,5.826
21.218,5.667
21.543,5.447
20.196,4.959
19.942,2.556
19.600,5.280
20.938,5.972
21.100,7.468
21.627,6.926
21.719,7.540
22.623,6.759
22.671,7.583
22.417,7.731
24.546,7.892
23.944,8.356
23.288,7.376
23.147,6.471
25.036,7.803
23.453,11.220
25.101,6.882
26.801,10.373
26.835,13.627
17.794,12.223
24.290,13.177
22.554,10.790
23.154,7.279
21.101,7.935
21.201,7.017
22.570,6.071
24.765,6.610
26.622,13.753
24.034,10.944
22.632,9.876
21.266,8.661
21.901,6.494
24.120,5.545
22.829,9.046
21.804,7.922
22.883,6.673
24.229,6.166
27.131,7.410
27.966,8.306
28.630,8.976
28.884,11.578
26.539,10.747
27.207,11.627
26.348,9.544
28.087,8.607
30.334,12.242
30.647,12.491
30.146,12.635
29.243,11.407
29.728,12.638
29.469,14.017
30.030,11.477
29.006,12.828
29.439,12.417
30.389,12.168
34.581,16.001
33.528,15.385
33.249,17.722
32.356,15.672
31.751,14.547
33.085,14.507
33.482,16.024
33.911,17.293
34.960,16.302
32.415,14.064
33.893,14.512
32.057,18.773
33.854,17.138
35.060,17.600
35.520,18.377
36.169,17.568
36.261,18.631
37.303,19.045
36.512,18.917
38.631,18.896
38.525,20.162
38.698,20.786
36.757,16.796
39.846,18.783
41.918,23.031
41.289,23.832
39.990,21.529
40.096,21.423
40.478,19.713
38.955,22.358
38.966,20.471
37.821,18.988
38.883,21.396
39.088,22.974
39.305,20.953
39.819,19.078
39.863,21.634
39.393,22.430
40.723,22.756
38.482,25.610
39.475,22.694
39.150,21.684
40.393,21.671
40.932,23.926
41.810,21.235
42.900,24.452
43.395,24.564
43.015,25.660
43.618,27.119
43.223,24.702
42.535,22.425
41.378,23.826
40.814,24.027
41.956,24.762
42.594,24.847
42.346,26.854
38.506,22.159
36.937,23.064
38.887,21.124
39.220,23.915
41.136,24.231
43.294,25.744
40.983,25.239
43.598,27.347
40.134,23.788
40.184,20.119
40.376,19.706
41.384,21.810
42.072,23.044
42.566,24.154
43.481,25.957
43.191,27.129
44.176,28.197
44.757,29.057
44.520,27.440
42.120,32.075
42.655,30.920
45.042,29.261
44.610,27.190
44.986,30.506
44.628,31.245
45.151,29.495
44.950,28.924
44.579,28.808
45.431,27.870
43.621,29.867
45.186,26.522
42.058,26.987
40.369,24.750
41.515,28.934
40.816,27.340
42.192,26.222
43.278,26.307
43.297,29.017
44.415,28.683
42.938,29.639
44.138,29.041
43.694,29.454
42.911,28.443
44.376,29.176
40.251,28.321
41.728,29.003
41.429,28.618
41.887,28.325
40.406,29.678
35.257,28.997
31.424,26.497
26.648,25.376
29.066,25.324
32.796,25.579
34.639,25.179
33.182,25.373
32.343,25.709
29.723,24.789
31.756,23.741
35.531,25.050
37.833,26.644
38.183,27.358
37.451,28.085
37.588,27.043
39.214,28.157
38.114,28.289
39.918,28.651
39.399,30.259
39.711,28.253
37.091,27.790
37.366,26.892
32.355,26.430
33.972,25.795
35.815,26.888
33.030,26.470
30.859,25.711
33.404,25.094
31.886,25.943
33.923,24.989
36.364,25.822
36.610,26.279
36.048,25.111
32.108,25.752
29.956,25.304
31.917,25.313
32.743,25.177
34.152,25.012
35.606,25.616
35.976,25.672
33.962,25.044
34.440,24.903
31.033,25.441
33.163,24.783
35.203,24.831
32.410,25.148
32.840,25.160
33.041,25.292
30.885,25.001
32.940,25.264
33.025,24.591
33.103,24.529
33.629,24.839
32.394,25.486
29.236,25.402
30.905,25.021
29.701,25.254
28.930,24.654
30.850,24.160
30.095,24.791
30.936,25.422
29.613,25.013
26.367,24.441
30.365,24.247
31.414,24.020
31.797,24.417
32.054,25.411
33.619,25.198
31.811,23.997
30.040,24.511
29.154,24.977
29.277,24.461
30.778,24.060
31.721,25.508
30.925,25.328
31.068,24.180
29.945,24.067
30.041,23.523
28.983,24.286
32.272,24.416
32.044,23.858
31.694,24.673
33.963,24.662
33.526,24.810
33.748,24.054
35.798,23.747
34.693,24.757
36.491,24.196
34.851,25.544
35.685,25.679
29.886,24.424
29.050,22.544
28.265,22.053
28.814,20.911
29.331,20.124
27.984,20.804
28.197,22.147
27.339,21.599
25.303,23.361
29.415,23.728
29.649,23.757
30.587,23.008
32.084,23.458
32.062,23.463
32.267,23.417
33.422,23.718
30.401,23.505
32.351,22.999
31.288,22.292
33.130,23.190
32.608,21.494
30.818,22.849
31.021,21.948
31.977,23.006
30.465,22.617
30.606,22.478
28.170,23.041
23.552,20.894
30.039,19.575
31.434,20.348
31.935,20.508
31.365,19.996
31.402,21.579
30.222,18.895
26.353,19.614
26.635,18.566
27.889,15.682
28.221,15.515
28.381,15.303
29.419,16.559
29.379,15.979
29.380,16.783
29.694,16.813
30.024,18.191
30.370,17.116
29.530,15.469
30.592,14.480
30.325,17.179
30.871,14.805
29.632,15.097
28.620,14.938
28.655,15.329
28.199,14.796
26.808,13.746
26.731,12.538
26.095,12.308
26.883,12.352
27.131,12.090
28.446,13.325
28.320,14.309
28.497,14.784
28.704,13.930
28.206,13.843
28.519,14.694
28.745,15.167
28.420,14.189
28.358,14.338
27.984,13.002
27.674,12.954
27.233,12.416
27.894,14.482
27.990,12.041
28.194,11.892
27.405,13.833
27.247,12.318
26.837,13.091
27.271,12.601
27.359,11.982
26.772,11.697
27.368,12.673
27.140,12.148
27.572,11.703
27.718,12.966
26.786,11.834
26.373,10.819
25.621,12.039
26.082,11.078
25.385,10.137
25.866,10.298
25.225,10.739
24.815,11.027
25.365,10.822
25.186,9.273
26.319,10.310
26.470,10.912
25.618,11.517
26.031,11.927
24.833,10.836
26.136,9.196
26.476,10.260
26.529,10.996
27.162,13.489
27.656,12.634
26.043,11.821
26.666,12.026
24.879,13.485
23.526,12.343
23.442,9.871
22.354,6.451
21.859,5.270
22.758,6.533
24.601,7.847
25.235,9.069
26.805,9.340
28.486,10.881
23.198,13.498
27.294,12.086
24.755,10.354
25.737,6.886
25.423,10.077
23.708,9.719
24.120,8.523
26.347,9.928
24.614,13.150
24.078,8.219
23.602,7.784
25.047,8.636
26.638,10.026
26.677,9.719
26.572,8.810
27.173,13.906
23.023,11.431
22.507,8.295
23.543,6.050
24.782,8.809
27.344,11.342
24.061,8.756
22.982,6.470
25.365,8.945
26.679,9.998
20.701,14.406
24.515,11.259
21.379,15.002
19.064,14.853
17.231,13.550
22.378,8.958
23.681,9.192
25.156,7.812
27.605,8.551
27.773,14.391
30.796,13.664
29.903,14.052
29.347,13.375
30.442,14.322
31.975,14.596
32.752,14.384
30.862,17.160
30.811,16.557
31.543,16.858
32.273,16.000
33.036,14.874
32.400,17.711
34.337,16.532
34.586,18.210
32.540,15.651
25.477,16.378
29.528,17.475
28.916,11.974
31.519,14.531
31.501,15.433
31.437,15.284
33.409,15.793
34.947,18.129
35.531,19.314
36.444,19.729
37.480,20.467
37.028,20.118
36.959,19.354
36.909,19.533
34.864,19.823
32.711,20.014
29.130,19.135
32.133,18.720
31.098,15.414
31.675,15.018
32.701,15.850
34.406,15.522
34.996,17.873
37.339,19.805
37.257,21.462
37.926,21.931
38.007,20.739
38.795,19.601
39.031,21.185
35.841,22.127
34.052,22.485
33.916,18.738
34.977,19.215
37.676,20.814
39.128,23.746
38.073,21.231
39.202,23.581
38.158,21.920
36.206,18.487
36.808,18.078
37.559,19.833
37.759,18.915
38.389,20.092
39.541,22.594
41.629,23.452
41.039,25.428
37.201,29.235
40.787,24.247
37.748,22.902
37.156,18.586
37.881,19.188
38.317,20.818
41.044,22.412
42.223,22.252
41.237,23.162
40.644,21.664
41.147,21.897
44.243,24.317
41.230,26.433
41.574,23.574
43.205,25.582
42.775,24.800
40.453,26.801
41.032,26.019
39.842,26.079
41.288,26.513
39.675,24.089
38.465,23.475
39.039,22.533
38.914,24.544
38.016,25.890
39.188,23.427
39.283,24.744
37.808,24.543
40.363,23.879
39.932,24.857
41.560,23.988
42.262,26.243
41.188,24.153
41.392,23.274
42.608,24.345
43.567,23.453
42.574,23.928
43.828,25.286
44.632,24.026
43.897,30.567
42.827,29.651
44.800,26.616
44.283,26.370
43.439,26.753
44.069,28.199
44.239,28.334
44.649,28.612
44.454,25.476
45.044,26.346
44.570,27.590
44.310,25.330
44.520,26.924
44.168,27.060
44.292,31.238
44.493,28.689
44.325,28.075
44.350,30.073
47.146,31.137
43.975,26.956
43.667,28.442
43.146,30.995
43.183,28.904
44.392,26.775
44.841,27.216
45.888,30.637
44.689,27.931
45.115,29.206
45.352,30.232
45.108,29.768
45.250,29.606
45.976,29.702
45.228,28.314
45.618,29.996
43.961,31.539
40.758,31.848
39.540,30.908
36.794,29.161
37.897,27.253
38.766,29.693
37.284,27.997
31.283,26.722
26.610,25.027
31.100,24.968
33.595,25.271
36.168,25.488
34.454,26.593
30.036,25.737
29.849,24.928
32.232,25.504
33.883,25.647
37.557,25.207
36.451,26.078
35.799,27.265
34.987,26.201
32.547,25.913
26.644,25.286
25.175,24.642
30.441,24.527
31.166,24.653
32.742,24.833
34.466,24.853
35.726,26.392
32.888,26.173
34.002,25.160
34.973,25.697
35.718,25.950
33.943,25.896
34.058,25.163
32.914,25.220
30.628,25.575
33.329,24.761
32.996,24.713
32.744,23.923
32.476,24.684
33.650,25.396
37.937,24.391
31.532,26.034
27.539,25.157
31.776,24.599
34.158,24.916
30.563,25.139
32.087,24.279
32.840,24.187
34.336,24.824
31.977,25.429
33.706,25.207
34.842,24.518
34.982,26.486
31.091,24.570
29.721,24.707
35.261,24.153
34.369,24.548
32.781,24.915
31.353,24.373
30.693,24.127
31.415,23.667
29.998,24.516
29.342,24.199
31.356,23.677
32.697,23.384
34.068,23.036
34.578,24.061
33.579,24.807
34.104,23.818
34.416,22.771
35.178,24.223
35.863,25.492
34.713,25.424
35.199,24.048
33.892,23.926
32.061,24.926
32.591,24.277
32.073,24.345
32.478,23.760
31.833,24.090
30.085,24.326
29.186,23.764
27.783,24.702
27.486,24.055
31.460,24.203
31.672,23.721
31.292,23.513
27.508,23.882
31.565,23.160
32.374,23.570
31.261,23.751
30.617,23.386
31.044,24.024
31.982,23.531
32.177,23.356
31.155,22.766
30.949,22.156
31.388,21.812
32.025,21.583
32.097,21.335
34.581,20.185
32.367,21.814
28.422,20.524
28.025,19.694
31.321,19.481
31.449,19.958
31.899,20.399
32.989,19.291
32.192,19.416
32.858,23.253
33.313,21.294
33.277,20.568
31.864,21.405
26.958,21.929
23.472,20.684
29.942,19.106
26.328,21.992
28.565,21.922
24.897,21.541
21.521,19.362
21.540,18.862
24.182,18.889
24.799,19.766
25.996,19.883
30.050,17.925
29.183,19.259
29.501,17.441
29.695,17.652
29.711,17.487
29.266,16.075
29.109,15.796
25.975,17.531
27.289,17.818
27.972,15.383
28.103,14.058
28.168,15.588
27.599,14.992
27.017,12.948
27.783,11.867
27.561,13.377
26.824,13.853
26.606,12.972
27.529,13.821
27.225,13.996
27.226,14.093
26.192,13.217
27.242,13.635
26.883,12.810
26.064,11.301
26.701,10.572
26.511,9.337
26.189,10.387
26.898,12.332
26.747,11.986
28.621,12.186
26.881,10.453
26.682,8.856
26.237,8.611
27.495,9.352
26.870,10.269
27.513,10.283
28.192,10.147
27.595,12.455
26.811,12.159
25.916,13.190
24.586,9.029
25.312,8.358
24.714,8.741
25.063,9.563
25.114,9.304
25.437,8.144
23.984,8.921
24.464,8.372
23.351,8.283
22.631,7.672
23.528,6.840
23.883,6.818
23.987,6.621
24.365,7.509
24.224,6.876
25.294,5.579
27.742,8.782
26.534,9.645
24.957,11.400
25.662,10.287
23.240,10.766
24.035,8.951
25.022,8.536
24.252,5.903
24.905,6.411
24.843,5.944
24.643,5.726
26.368,6.773
26.745,7.225
27.348,6.782
26.528,9.093
25.153,11.172
24.301,8.846
25.360,9.316
24.968,8.882
25.313,8.520
24.685,5.808
24.649,7.306
26.795,7.419
27.589,7.529
25.660,10.001
26.702,7.648
27.453,8.943
29.779,8.723
30.298,13.006
30.209,12.617
29.701,15.155
28.221,13.644
26.235,11.782
26.032,7.649
23.912,10.220
24.102,7.855
24.287,8.136
24.643,8.118
25.313,7.360
27.497,9.988
28.365,10.868
28.716,10.062
29.405,10.142
29.924,10.883
30.289,12.327
28.485,12.167
28.571,12.390
30.179,12.015
28.960,11.679
29.201,12.237
30.421,11.131
29.298,12.368
30.051,11.585
30.538,11.841
31.256,12.295
33.540,15.176
34.874,14.598
34.414,13.940
33.839,16.961
34.115,16.710
34.117,17.229
33.015,16.204
34.887,16.542
35.695,17.954
35.713,17.349
36.379,17.403
35.934,18.712
37.210,17.747
37.122,19.977
35.075,19.590
34.474,21.098
32.492,16.250
32.484,14.683
34.297,15.435
34.227,16.367
35.135,15.322
35.592,18.229
36.337,18.825
35.210,20.414
32.971,18.729
26.371,18.577
28.760,17.042
31.400,20.202
34.255,21.445
34.365,20.224
31.304,17.193
32.186,17.119
32.401,16.503
33.774,16.783
34.893,17.265
36.272,20.435
34.363,19.966
34.458,19.403
36.553,19.620
39.499,21.163
39.622,20.359
37.615,21.435
36.320,17.853
36.722,17.671
36.029,16.360
36.243,18.195
38.158,19.867
40.065,18.581
39.580,20.384
38.902,19.840
38.712,21.232
40.258,18.495
41.509,21.088
42.267,23.115
42.304,24.312
42.126,26.123
41.865,23.554
41.175,22.672
41.624,21.484
42.508,21.189
41.921,22.086
39.393,25.606
34.823,25.625
31.923,21.963
33.546,19.971
37.104,19.274
39.272,23.323
37.925,24.858
39.725,24.678
40.404,22.943
42.551,29.362
42.628,26.542
42.948,26.735
40.739,27.347
41.313,27.089
42.222,26.385
43.629,27.204
44.889,27.668
43.285,24.869
43.472,26.780
43.515,27.842
43.998,26.284
43.414,27.540
41.758,26.582
42.454,28.133
42.420,27.780
40.864,28.190
44.266,28.223
41.358,29.123
41.237,25.840
40.397,26.411
37.113,27.413
39.180,25.866
44.208,26.846
45.435,31.260
40.463,28.051
40.153,27.844
41.285,29.027
42.520,29.625
41.727,29.852
41.115,28.485
40.516,29.784
39.840,28.572
38.823,29.180
42.313,28.358
44.201,27.776
44.370,31.063
44.668,31.414
46.657,31.151
44.536,30.399
38.698,29.884
36.861,28.269
33.957,27.698
29.187,25.336
28.793,24.853
29.938,23.941
38.757,25.753
39.602,27.328
41.048,29.767
42.006,27.792
40.806,28.089
43.399,29.238
41.595,28.617
41.941,28.155
41.495,28.262
43.180,27.749
42.184,28.951
38.030,29.212
34.542,27.518
36.768,26.983
36.461,27.327
36.290,26.827
33.048,27.317
34.396,26.985
34.688,26.953
33.897,26.536
32.459,27.131
34.909,27.025
33.943,27.058
32.493,26.009
31.692,26.190
33.668,25.752
33.385,26.337
33.309,26.867
28.588,25.990
29.248,25.083
25.895,24.391
26.231,24.209
26.568,24.410
29.328,24.033
30.492,24.776
32.196,24.549
29.282,25.618
30.631,25.200
31.847,25.055
32.671,24.935
29.491,25.420
29.665,24.814
30.479,23.759
31.593,24.134
30.538,24.410
32.469,24.478
32.095,25.640
31.976,25.129
31.348,25.465
27.976,24.750
28.248,24.319
32.703,24.421
32.386,24.642
29.908,25.242
30.400,24.848
28.744,23.780
30.304,23.319
31.131,23.437
33.188,23.963
33.039,24.033
34.879,24.156
32.044,25.047
34.020,24.886
34.047,24.945
31.633,24.622
32.706,24.506
31.408,25.342
30.970,24.495
28.195,25.017
29.526,24.752
30.046,24.940
29.538,24.546
30.083,24.885
30.323,24.494
26.502,24.145
29.922,23.985
30.681,24.517
30.204,24.619
28.432,23.979
30.001,23.320
29.529,24.762
28.187,24.483
31.525,24.646
31.740,22.169
32.051,22.672
29.092,23.392
30.884,23.419
29.294,24.108
31.097,24.597
31.579,24.408
30.757,24.783
33.199,24.003
32.243,24.952
31.787,24.683
33.114,24.261
34.448,24.491
33.796,24.721
32.538,24.100
32.391,24.014
32.402,24.561
32.310,24.193
32.800,23.386
30.787,24.376
25.117,22.502
23.114,22.023
25.686,22.612
25.145,23.623
24.914,22.797
23.923,20.788
28.596,21.497
30.106,22.486
30.470,23.190
29.640,23.705
31.014,23.593
31.736,23.232
32.529,22.518
32.385,22.865
32.444,21.259
31.108,20.308
31.341,19.526
31.215,18.586
31.891,20.095
31.662,21.561
31.681,20.883
31.082,19.496
32.045,20.780
30.976,20.652
31.748,19.571
31.671,18.969
31.647,18.553
32.216,17.660
31.295,18.118
28.783,19.545
29.945,18.289
28.279,18.163
28.945,16.655
29.203,14.780
29.643,15.282
30.057,14.901
30.599,16.214
29.955,20.227
30.418,20.331
30.529,18.159
28.106,15.997
26.853,18.020
30.272,18.879
28.308,18.398
24.884,18.934
27.261,19.278
30.137,18.980
30.450,16.555
30.797,14.821
24.981,18.178
27.474,16.499
27.435,16.237
27.847,15.454
28.388,15.919
28.988,15.450
28.699,15.025
28.815,14.586
28.324,14.273
28.318,14.175
29.134,14.649
28.449,16.650
27.892,14.646
27.559,14.284
29.077,14.384
29.516,15.647
28.028,14.247
26.477,12.050
26.673,10.327
26.040,9.017
25.983,8.330
26.981,10.990
25.672,12.293
25.561,11.275
24.962,9.670
26.088,9.232
26.843,10.285
29.092,13.037
29.462,13.599
29.261,12.762
28.131,12.317
29.059,13.200
29.327,15.733
24.775,11.715
24.695,10.157
24.059,9.245
24.193,9.847
24.343,9.746
25.110,7.393
25.629,10.805
26.138,8.501
27.082,10.507
27.146,11.769
26.343,11.027
26.114,12.919
25.106,8.531
25.181,9.883
26.470,10.760
26.708,10.410
25.787,11.559
24.007,7.743
23.500,6.346
24.641,7.450
25.125,8.371
24.212,8.447
23.374,10.198
23.375,9.341
23.638,7.872
23.902,7.264
24.623,9.998
24.008,7.946
24.226,7.739
25.599,8.265
26.204,10.053
26.098,10.360
25.365,9.553
23.768,8.123
24.373,6.622
25.124,6.123
25.594,5.522
24.579,8.102
25.562,9.911
26.432,11.674
27.960,9.097
26.387,9.720
25.363,7.549
25.930,6.503
26.603,9.352
29.002,10.580
30.220,9.570
30.936,10.842
30.951,11.028
31.890,13.604
30.332,16.677
29.694,13.298
29.671,11.595
29.692,11.337
30.865,11.184
29.736,12.856
30.133,13.146
30.445,14.629
26.147,15.315
29.121,12.316
30.635,17.706
29.994,17.042
20.309,15.808
18.967,14.757
22.135,12.392
23.706,10.398
22.641,10.623
25.163,9.306
26.156,10.081
26.536,10.157
27.192,12.073
27.552,11.798
29.000,11.828
31.509,14.909
32.362,13.662
31.382,14.624
29.652,12.271
31.894,14.381
33.723,16.390
35.379,19.427
29.064,15.919
28.373,13.740
30.524,13.203
30.328,15.067
30.030,13.948
29.938,14.583
32.173,12.413
33.679,15.977
33.353,18.852
35.916,18.565
35.414,21.190
24.530,17.239
30.106,17.727
29.671,17.325
30.316,15.090
31.037,15.609
33.330,15.293
34.734,16.507
36.699,18.261
36.904,20.804
38.549,23.444
38.175,22.362
36.811,21.081
36.368,20.406
34.693,19.876
35.681,18.911
37.271,17.605
40.044,18.686
41.877,20.160
42.515,21.358
40.938,23.914
41.401,24.812
40.489,22.641
39.372,22.009
39.527,20.236
40.348,20.931
41.546,21.516
42.296,21.505
39.942,22.896
39.042,21.146
38.958,20.170
39.635,23.561
38.941,24.152
38.952,25.433
39.453,25.607
38.985,24.771
40.701,26.445
37.427,25.326
38.157,25.728
40.471,26.013
39.876,27.338
40.768,26.186
43.029,27.863
43.286,25.595
42.734,25.278
40.732,27.000
39.746,28.494
39.312,26.075
40.501,26.501
40.167,26.981
38.231,24.300
39.853,26.138
41.697,26.057
42.000,27.225
38.390,27.198
39.707,26.926
32.770,25.746
33.592,25.305
35.974,24.585
39.299,25.544
41.960,28.040
40.678,28.237
40.907,28.260
39.557,27.571
42.222,26.576
38.589,27.512
39.934,26.671
37.916,28.493
38.497,26.834
38.316,26.969
41.680,27.526
41.737,29.524
43.045,30.330
43.261,28.451
45.478,29.080
46.356,29.106
41.896,29.637
42.059,29.137
41.463,27.102
42.736,28.580
42.733,29.537
44.465,28.752
44.634,29.514
45.752,26.301
43.362,29.238
41.831,27.749
42.878,30.411
45.249,28.728
44.375,30.930
40.278,31.087
39.108,29.220
39.359,28.468
41.347,30.154
39.503,30.604
36.604,28.402
33.566,26.558
33.846,26.692
35.899,27.818
39.975,27.333
33.102,25.398
37.233,26.620
37.623,27.311
38.066,27.286
37.816,27.485
35.938,27.579
35.720,28.126
38.991,26.928
32.959,26.930
37.472,26.742
29.107,27.011
33.313,26.443
36.016,26.468
36.806,25.606
33.493,26.468
31.431,25.793
28.895,25.542
27.155,25.537
27.337,24.972
32.268,24.602
35.750,23.667
39.487,25.343
35.074,26.816
35.615,26.396
33.118,26.388
33.492,26.488
33.069,26.405
30.105,26.456
32.171,26.154
31.371,25.463
31.366,24.796
28.713,25.077
26.731,24.412
29.777,23.873
31.618,24.183
28.478,25.034
25.397,24.374
31.162,24.051
30.607,24.437
30.475,24.855
30.704,25.050
31.790,25.211
32.047,25.536
28.817,25.309
32.824,25.028
30.305,25.681
34.084,25.440
31.809,25.313
31.069,25.840
31.219,25.343
31.782,24.805
33.342,24.450
35.499,25.107
34.586,25.673
31.551,25.551
30.481,24.904
29.436,24.820
28.545,23.891
24.099,23.138
31.491,23.557
28.629,24.333
28.575,24.392
28.261,23.809
31.502,24.016
33.165,23.610
31.613,23.978
32.570,24.404
34.516,24.109
35.010,24.498
30.959,25.185
29.870,24.503
32.510,24.481
32.867,24.541
33.169,25.332
34.038,25.217
31.472,24.015
33.512,24.515
32.265,24.693
32.088,24.029
30.639,24.779
29.364,24.401
30.147,24.245
34.026,23.485
30.563,24.727
32.565,24.061
31.645,23.452
31.931,23.306
31.634,23.500
29.798,23.863
32.460,24.349
33.200,24.765
30.590,24.372
30.773,24.140
33.438,24.384
31.843,24.512
29.930,23.328
23.183,21.286
24.862,23.328
28.588,24.162
29.926,24.192
28.556,24.635
27.116,24.276
29.738,23.257
29.974,24.285
27.943,24.173
30.906,22.924
31.093,24.215
30.295,23.269
30.235,23.570
30.379,23.906
30.378,21.682
28.572,18.890
27.266,17.914
28.030,17.290
27.863,17.874
29.099,18.028
29.265,17.615
30.819,16.242
30.408,20.025
29.293,20.235
28.761,20.527
29.885,19.684
29.960,17.418
29.754,17.728
29.989,16.562
29.949,15.802
29.664,15.610
30.177,14.628
30.050,14.585
29.940,16.794
29.678,17.299
29.387,16.636
29.491,16.369
29.973,17.294
26.675,18.599
31.407,17.888
29.433,17.814
30.368,16.739
30.395,16.866
29.651,15.793
29.937,17.411
29.747,18.159
30.141,17.260
27.463,17.036
29.586,15.453
28.873,13.706
28.588,13.346
27.285,12.510
28.134,12.497
27.868,12.795
26.721,12.169
27.286,13.383
28.156,12.951
27.467,13.628
26.391,12.421
26.636,11.482
25.596,11.447
27.127,13.539
27.044,13.300
27.053,11.274
29.171,13.240
28.239,13.549
26.192,13.804
25.670,10.720
25.924,10.321
26.338,12.049
26.847,12.792
25.801,9.470
26.456,10.570
25.778,10.252
25.471,8.862
25.677,10.178
24.985,9.877
24.501,9.228
25.618,8.252
26.089,9.709
26.636,9.245
27.290,11.415
27.902,12.904
24.587,14.509
24.872,11.173
23.383,8.426
22.771,5.457
23.461,4.061
24.569,8.664
24.227,10.005
25.139,11.299
23.600,10.242
23.766,9.825
24.762,9.271
25.413,10.055
24.634,9.475
24.817,9.447
23.845,6.558
23.726,7.880
23.987,8.360
23.210,6.812
24.517,3.627
25.936,6.544
26.971,10.456
26.473,9.763
26.625,7.273
26.451,9.903
26.498,10.270
29.279,11.982
30.022,14.412
27.444,12.760
25.037,12.073
23.838,10.026
24.467,10.163
24.853,10.240
25.218,9.468
25.875,10.968
27.005,8.194
29.663,11.583
26.214,11.536
24.848,11.002
25.169,7.205
16.434,11.576
15.319,12.196
17.947,12.489
17.919,10.768
21.645,9.148
21.545,8.739
21.435,10.381
16.701,9.189
21.192,8.269
20.418,6.138
21.553,4.036
23.549,6.433
26.790,12.564
27.756,15.472
27.622,17.246
25.336,16.997
19.193,15.841
24.063,14.243
22.586,10.037
23.837,7.992
23.857,6.595
22.969,8.252
23.058,7.163
24.814,7.420
26.780,9.270
27.377,8.531
28.238,8.663
29.524,9.779
26.689,9.611
26.895,9.260
30.128,12.966
31.300,13.022
32.621,12.649
31.629,14.078
29.035,13.780
28.982,11.948
28.776,11.052
30.697,10.611
30.241,10.217
31.481,11.845
33.348,13.117
33.834,14.700
33.673,15.153
33.306,15.313
33.866,16.023
34.701,15.626
34.258,15.849
33.889,16.845
35.069,18.482
36.419,20.926
34.883,20.521
34.495,22.431
36.229,18.775
36.319,18.215
35.970,17.480
37.128,18.461
39.125,19.060
38.642,20.404
38.219,20.930
38.344,19.803
37.690,20.612
36.452,23.254
37.061,21.286
37.121,20.128
37.224,21.680
38.921,21.403
39.212,20.281
38.378,22.083
38.204,20.222
35.868,20.225
36.958,19.754
37.787,22.281
34.903,20.384
35.644,21.934
33.783,21.709
33.685,18.468
35.166,19.816
37.616,20.592
38.692,22.306
39.269,23.362
41.705,24.283
41.228,25.919
40.670,23.876
41.812,25.950
43.004,25.917
42.925,25.667
41.561,25.401
41.201,21.922
41.149,23.195
41.597,24.060
42.220,21.178
42.359,22.387
42.840,23.035
43.443,25.710
44.087,25.942
43.948,24.541
44.145,25.880
43.590,23.975
43.771,24.082
43.197,24.444
44.324,24.820
43.428,24.420
42.184,26.872
42.935,27.558
41.315,27.118
43.045,26.848
42.277,26.679
42.121,26.532
42.297,29.593
42.083,27.053
41.462,27.928
41.748,25.887
41.956,27.871
41.407,29.245
41.720,27.202
41.710,29.100
43.503,27.138
43.406,25.710
40.001,27.592
40.004,26.435
41.126,26.878
39.910,25.886
38.315,29.079
38.400,27.308
39.453,25.050
42.036,26.704
41.977,26.710
43.217,28.158
43.696,27.791
42.672,26.027
45.335,29.255
45.150,29.557
42.942,30.425
43.716,27.629
38.970,29.019
40.614,28.913
36.469,28.635
36.512,26.734
34.902,27.154
31.438,27.539
35.157,26.290
35.655,26.402
39.088,26.651
34.346,26.799
36.115,26.902
34.237,26.694
29.905,25.344
25.425,24.149
29.946,23.706
35.123,24.536
32.649,25.747
31.238,24.998
32.870,25.282
34.172,25.508
33.732,25.189
36.550,25.955
33.169,26.596
32.356,26.012
29.942,25.560
27.534,24.740
31.917,25.277
34.744,25.455
32.794,25.663
31.407,25.114
35.366,24.706
32.997,24.777
30.791,25.835
30.643,24.851
30.451,25.028
31.419,24.906
30.323,25.404
34.552,24.615
31.445,24.902
31.403,24.716
30.438,25.796
29.684,24.778
30.213,25.209
31.065,24.765
30.204,24.665
26.275,24.898
32.754,24.248
32.746,25.267
30.684,25.056
28.366,24.586
30.336,24.255
33.429,25.615
30.520,25.392
31.041,24.645
30.191,24.520
30.053,24.548
31.770,24.076
32.217,25.291
32.638,24.871
31.952,24.805
32.974,25.010
32.205,25.361
32.160,24.657
32.545,26.005
31.178,25.286
31.401,25.775
26.667,24.800
30.755,25.154
32.862,24.521
32.093,24.381
32.074,24.809
32.602,24.716
31.802,24.654
31.185,25.409
30.229,24.558
30.061,24.638
29.358,24.065
30.086,23.843
30.346,22.740
32.183,23.725
32.379,24.044
33.576,24.555
34.976,24.433
31.849,24.708
30.128,25.386
31.142,24.850
31.739,25.014
33.608,25.199
34.249,23.901
34.018,24.326
34.013,24.604
33.051,23.819
32.110,23.150
31.995,23.085
32.388,21.761
32.319,22.518
31.546,23.267
31.716,23.958
32.983,23.093
33.357,24.076
34.455,23.995
33.910,23.773
31.106,23.544
30.503,23.238
27.858,24.196
29.396,24.875
32.551,24.751
33.714,23.101
33.107,23.818
33.058,23.371
30.425,23.372
28.894,23.210
29.204,23.567
31.213,22.883
32.000,21.781
31.383,23.754
26.993,22.213
32.117,21.688
32.314,22.317
33.890,22.741
33.043,22.237
32.817,23.066
32.757,22.727
31.948,21.693
33.821,22.227
31.388,21.109
33.269,20.307
33.289,20.378
33.217,19.604
33.085,20.740
32.727,21.334
32.821,21.408
32.421,21.281
33.435,19.628
31.657,18.969
31.389,18.683
31.336,18.050
30.783,15.842
30.752,14.390
31.427,15.770
32.370,16.369
30.677,17.118
28.400,16.777
28.962,17.971
28.950,15.404
30.797,16.438
30.058,16.462
29.762,16.929
31.221,18.143
29.726,17.228
30.407,16.247
30.450,15.382
32.397,17.164
31.821,17.894
30.548,17.812
31.280,17.365
29.648,14.986
29.812,14.501
31.379,15.209
30.098,15.529
29.814,15.975
29.768,15.061
30.331,16.455
29.246,16.428
30.145,16.279
29.726,15.148
28.927,15.352
30.158,14.002
29.109,16.816
28.975,17.781
28.302,15.357
26.844,11.162
26.084,11.280
25.933,10.098
26.953,9.850
27.622,11.030
27.998,11.267
27.751,13.109
27.383,11.190
27.568,11.905
27.626,12.288
27.518,12.125
26.435,11.094
27.243,10.398
27.088,11.578
26.788,13.594
28.274,12.403
28.896,13.817
28.528,14.116
28.805,13.929
29.250,13.163
29.942,14.533
28.105,12.917
26.682,11.703
26.780,10.610
26.255,8.927
26.794,10.288
26.871,8.168
27.972,10.461
26.846,11.800
26.061,12.239
25.372,11.939
24.611,10.152
23.435,8.496
24.607,8.863
25.574,9.667
25.829,8.618
25.116,8.001
25.421,7.363
26.183,9.196
25.776,9.520
24.690,8.615
25.071,8.086
26.172,6.852
26.618,7.487
28.188,11.618
23.807,16.059
27.964,14.222
26.550,14.711
27.257,11.334
26.779,13.276
26.551,11.638
26.794,9.538
27.170,10.448
26.985,9.320
27.628,10.742
27.813,10.809
29.384,12.647
29.480,14.190
29.072,14.632
26.136,12.192
27.499,9.841
28.373,11.089
29.733,12.759
30.340,11.440
32.942,11.569
32.507,13.841
29.642,14.635
28.408,10.514
28.985,10.404
29.297,12.353
27.720,11.716
28.273,9.126
28.609,8.411
28.917,8.361
30.958,7.971
31.699,12.050
31.584,11.202
29.987,12.178
29.805,10.958
30.089,9.605
33.269,14.091
30.096,14.646
28.440,12.583
30.918,11.079
31.439,12.681
31.563,12.414
31.209,12.965
32.245,10.537
31.637,13.138
33.827,10.961
33.097,14.014
34.490,16.898
34.325,18.198
34.968,13.694
34.922,14.328
34.322,17.498
34.437,17.689
33.855,16.964
32.624,16.420
32.994,11.914
33.782,13.881
35.931,15.130
36.713,18.803
35.376,18.723
36.849,16.368
37.469,15.239
38.021,19.403
36.657,21.207
36.150,19.218
35.349,17.262
35.521,15.605
36.989,16.570
36.733,15.847
37.613,19.899
38.288,16.802
38.149,18.795
36.701,17.186
37.824,19.846
38.040,21.936
38.123,20.044
37.968,20.911
37.112,22.463
39.000,21.209
37.815,21.752
34.279,18.760
37.101,22.749
39.532,22.156
37.715,22.706
37.845,22.637
37.573,20.433
38.010,20.250
39.929,22.434
41.151,21.851
40.797,22.114
39.298,22.400
39.658,25.785
38.925,23.016
42.022,19.514
38.644,23.239
38.033,22.095
39.582,20.546
41.164,22.628
41.351,23.124
41.689,23.869
45.672,26.455
42.465,27.025
41.387,26.447
42.095,26.761
42.403,25.226
44.005,23.315
43.340,22.623
41.424,25.750
40.855,23.132
41.596,23.020
42.167,21.903
42.582,21.786
42.933,23.841
44.463,23.942
44.396,27.551
45.482,26.049
44.553,26.671
43.979,28.749
45.224,27.987
42.747,27.568
43.414,28.318
42.497,28.329
42.697,25.994
43.725,25.442
45.489,28.011
39.658,27.507
31.404,24.177
38.752,22.739
38.558,24.928
40.715,26.051
41.896,28.079
40.607,28.138
39.466,27.243
39.588,27.322
39.901,27.987
43.366,29.360
38.354,29.201
42.055,28.587
39.095,28.339
29.002,22.895
37.171,22.582
41.059,24.881
41.601,26.676
40.630,28.042
39.741,27.681
39.994,27.673
38.068,27.815
40.198,26.820
39.470,29.852
43.281,28.236
41.732,28.623
40.784,29.453
42.184,28.909
44.221,29.137
45.221,27.558
45.398,27.124
43.623,27.676
45.031,28.220
45.635,30.069
44.024,30.212
43.740,29.591
43.977,30.247
43.516,30.132
43.909,28.143
44.118,29.178
44.324,29.547
44.755,28.853
45.473,27.503
45.862,28.729
43.710,31.402
39.583,30.665
42.452,29.954
40.867,30.976
37.743,29.671
38.535,28.180
33.410,27.160
32.683,26.768
34.298,26.532
35.372,26.828
36.015,27.394
33.614,27.137
35.074,26.934
32.614,26.368
34.676,25.757
32.964,26.294
31.736,25.433
32.115,25.496
36.722,24.901
36.377,26.800
38.253,26.020
32.580,26.643
33.417,25.966
33.937,26.376
38.122,25.949
34.332,27.043
35.444,26.694
32.716,25.473
33.041,25.879
35.567,24.810
36.522,24.975
36.799,26.009
35.654,27.847
32.511,25.709
32.624,25.726
33.921,25.169
32.009,25.797
34.289,25.513
36.613,25.574
36.176,25.801
33.524,25.719
38.149,25.617
37.794,26.999
34.496,28.224
37.319,26.605
35.670,25.844
36.210,25.382
33.543,26.059
33.714,26.209
37.316,26.709
34.955,26.242
31.407,26.651
31.562,25.968
31.735,25.278
33.987,25.217
33.518,25.238
31.727,24.869
33.632,23.886
31.743,24.587
32.385,24.782
32.917,24.355
27.526,24.297
31.636,24.261
29.919,24.194
29.762,24.274
31.216,24.740
31.403,24.461
35.708,24.898
34.918,25.204
32.561,24.587
33.626,24.459
36.927,24.056
33.026,24.695
29.285,25.262
25.802,24.609
28.141,24.648
31.198,24.317
29.187,24.070
31.891,24.224
32.854,23.428
32.288,23.445
32.783,22.736
34.729,22.761
30.462,24.247
30.938,23.491
32.453,23.103
32.960,23.384
33.355,24.148
32.912,24.966
34.609,22.626
34.644,22.594
35.395,24.235
32.557,23.864
31.358,23.209
32.411,23.525
33.498,23.215
32.447,23.769
33.277,23.977
32.849,23.536
33.121,24.176
27.555,24.894
31.591,24.430
29.577,24.636
29.858,24.437
29.901,24.213
30.984,24.890
29.268,21.918
30.887,20.013
31.064,20.820
31.668,19.571
30.827,19.466
30.697,16.766
31.039,16.463
31.155,16.975
31.868,18.489
30.776,19.415
31.000,18.200
30.467,18.854
31.870,17.150
30.639,15.727
28.780,15.068
28.710,15.483
28.877,13.660
28.670,13.031
29.811,13.605
28.842,14.237
29.146,13.301
28.874,12.987
29.576,15.818
29.409,16.092
29.837,14.615
29.793,14.548
30.448,15.236
32.038,16.134
31.342,15.966
30.877,19.467
31.701,17.459
30.564,16.172
30.570,15.867
29.063,19.664
25.713,17.721
31.973,17.174
31.177,21.509
31.411,21.418
30.539,19.769
24.777,19.679
19.586,18.328
26.505,15.454
26.373,15.021
24.177,10.936
23.843,10.255
24.447,9.017
24.492,10.810
24.802,11.541
25.227,11.520
26.561,10.844
25.754,10.576
25.971,9.211
25.289,9.940
25.815,9.705
26.044,10.331
25.915,9.417
26.520,9.018
26.359,9.847
25.682,10.394
26.135,9.284
26.439,11.025
27.473,12.240
25.391,9.461
25.681,8.712
25.284,9.184
26.476,9.896
27.550,11.328
27.183,12.736
27.796,11.302
28.095,12.768
28.140,12.883
26.431,14.362
26.177,14.969
25.183,10.099
24.433,7.708
23.686,8.113
23.190,7.930
23.071,9.409
23.499,9.931
24.722,7.259
24.147,7.646
24.397,7.408
24.226,7.534
24.674,6.150
22.185,10.385
21.514,7.371
21.689,6.250
21.905,6.492
22.283,9.158
22.024,9.162
21.319,7.473
23.053,4.177
24.284,5.406
24.281,7.313
24.440,7.402
23.946,8.476
25.028,7.001
24.324,10.302
25.997,13.049
24.853,10.818
23.056,8.697
22.922,4.047
23.858,5.745
22.937,6.320
23.773,6.329
23.816,6.328
25.116,7.537
25.267,7.817
26.097,7.732
26.802,6.519
26.712,8.703
26.944,9.051
26.920,8.071
26.841,8.003
27.283,10.762
26.988,11.456
27.564,9.807
28.553,8.844
27.749,10.393
26.075,9.912
27.523,9.495
27.901,10.604
28.828,10.484
30.358,11.909
31.206,15.341
29.489,13.807
31.477,12.884
30.639,14.832
30.474,12.103
29.793,11.896
30.099,11.208
29.822,15.199
31.148,15.891
28.471,13.656
29.719,8.750
29.381,11.535
29.806,11.224
30.876,11.410
31.072,12.223
33.113,15.040
31.989,14.006
32.159,13.640
32.822,15.100
34.239,17.339
34.498,16.349
35.198,17.245
34.733,17.369
35.932,16.849
37.367,18.814
35.760,18.404
35.437,18.896
35.909,18.076
34.724,16.500
35.321,15.631
34.926,14.976
35.592,18.220
35.411,17.142
35.758,15.624
37.979,18.787
37.390,20.625
37.602,21.276
38.153,20.059
37.245,18.965
38.610,19.767
39.730,19.647
42.585,23.473
41.502,23.664
41.556,23.306
42.962,23.924
41.882,22.442
41.743,21.916
41.095,20.307
41.182,23.992
41.420,20.810
41.878,18.900
42.110,21.854
41.500,21.460
41.896,20.893
41.742,21.584
41.597,21.314
42.152,22.607
42.422,21.967
42.324,20.336
42.680,23.814
43.365,25.979
44.028,26.624
44.531,24.219
44.391,23.906
43.895,24.918
43.563,24.046
43.508,24.660
45.411,26.110
46.142,26.729
44.198,25.516
44.812,27.683
45.419,29.775
44.302,28.396
43.909,26.135
44.585,24.282
43.814,26.033
43.963,23.408
43.015,26.748
43.376,26.908
40.273,27.876
42.564,25.981
42.516,28.001
38.884,28.354
45.014,26.246
43.737,28.698
42.081,28.786
37.924,26.685
40.283,26.164
41.956,27.257
42.911,27.224
43.875,27.416
45.405,27.088
45.401,26.523
45.259,26.334
47.466,26.332
45.649,27.376
45.424,29.523
46.787,30.006
47.023,30.551
46.361,29.707
44.423,30.694
39.738,30.176
41.835,28.119
41.456,26.890
43.721,28.988
43.708,28.468
44.867,29.530
41.623,29.605
41.555,26.022
43.204,27.922
43.300,29.749
44.332,29.170
44.601,29.011
45.976,28.220
45.779,28.558
42.364,29.338
42.777,31.582
44.720,31.569
44.006,30.469
44.929,27.056
44.251,31.403
43.671,29.885
46.121,30.784
44.701,30.938
42.612,29.452
46.549,29.244
43.589,29.846
42.889,30.705
38.732,30.890
36.432,28.505
41.277,27.742
38.280,30.180
41.490,28.327
42.200,29.517
40.002,29.032
39.897,27.577
38.186,27.567
36.521,27.887
35.856,26.650
42.486,27.011
40.615,28.574
40.834,28.290
35.302,27.226
35.379,26.206
33.863,26.297
35.886,26.057
37.953,25.496
36.591,26.828
36.028,26.104
37.742,25.791
43.796,28.023
39.925,29.335
31.855,26.476
33.962,26.176
32.847,25.830
31.871,25.646
35.053,25.681
35.015,26.281
35.174,26.479
38.680,26.195
38.278,27.297
36.066,27.467
36.390,26.865
34.699,26.717
35.359,25.861
31.739,26.431
32.727,24.936
29.502,25.853
31.711,25.309
35.884,24.745
35.805,25.314
32.754,26.246
31.983,25.779
34.433,25.974
34.766,25.822
33.575,25.154
35.023,24.534
34.470,25.771
34.154,24.689
34.546,25.254
38.188,24.266
33.854,26.109
37.424,25.418
40.694,25.813
33.078,27.509
31.537,26.445
33.240,25.780
34.059,25.386
32.377,25.344
36.001,25.527
35.461,25.538
31.384,26.121
31.371,25.529
32.001,24.659
32.571,25.231
31.009,24.872
30.699,25.542
33.144,24.815
33.076,24.544
32.809,24.664
34.637,24.672
32.937,24.814
33.196,24.840
32.499,24.962
31.924,24.558
31.673,24.602
34.337,24.696
34.933,24.677
32.162,24.657
33.197,24.493
31.802,25.042
33.256,25.227
33.820,25.383
35.226,24.212
33.300,24.955
33.028,24.834
32.329,24.420
30.481,24.265
30.189,24.553
29.614,24.000
30.387,24.424
29.442,24.020
29.485,24.101
31.095,23.253
32.712,23.187
30.659,23.496
31.016,22.543
31.122,21.510
32.246,22.338
32.260,22.538
32.559,22.174
32.325,21.300
32.731,21.655
33.883,21.525
32.883,21.125
33.797,22.243
32.294,23.127
30.958,23.522
33.304,21.406
29.396,22.579
26.570,22.435
26.501,19.581
31.285,17.262
32.903,20.467
33.696,18.881
31.749,19.579
31.103,19.134
26.508,18.474
28.913,20.758
27.401,22.862
30.037,22.635
29.755,22.272
34.155,22.608
26.196,22.424
26.695,20.913
28.939,19.643
29.680,18.464
31.366,19.185
30.907,17.033
29.594,16.129
29.951,15.722
28.859,15.986
29.310,14.549
28.670,13.612
24.938,17.455
20.083,15.880
27.678,15.030
28.854,14.433
29.605,14.999
28.991,13.431
29.188,15.415
29.465,15.411
31.922,18.088
31.850,19.380
31.105,19.718
30.232,18.955
28.844,17.163
30.194,15.982
31.011,17.562
31.382,18.928
31.680,17.389
31.186,19.228
31.338,19.021
31.685,18.457
28.941,16.928
27.476,14.748
28.172,12.352
27.930,12.100
27.730,13.761
29.757,16.233
29.297,18.880
29.684,19.713
28.317,17.199
28.045,15.368
26.352,12.799
24.865,9.391
25.342,8.612
24.513,7.468
25.517,9.411
25.019,7.946
25.588,12.374
18.815,16.282
22.136,17.336
21.486,16.603
26.399,14.532
25.947,14.463
22.182,11.879
23.098,7.880
23.103,8.761
23.196,9.032
23.864,9.066
24.105,10.151
24.982,11.935
23.932,9.699
22.601,8.341
21.975,6.087
21.767,7.182
24.042,6.836
25.211,7.687
24.057,7.058
23.616,6.426
23.693,7.470
24.075,9.155
25.401,9.556
25.288,10.464
28.377,13.018
21.418,12.138
19.827,7.873
19.514,4.300
20.402,5.412
19.443,4.148
20.479,4.868
20.219,5.113
20.708,3.161
21.046,3.956
19.276,6.460
20.165,6.008
20.267,5.809
22.186,5.073
24.106,6.414
26.892,9.000
22.240,10.519
20.077,7.254
21.895,5.444
22.564,5.382
21.691,4.434
21.075,4.962
23.003,6.398
25.115,9.325
26.184,9.644
25.620,9.517
27.126,11.762
24.921,11.914
24.496,6.663
24.308,9.924
29.434,14.393
25.958,11.206
25.094,9.480
23.581,6.717
25.067,7.140
25.412,8.492
27.011,10.041
27.663,8.948
29.083,10.470
29.862,10.985
27.814,12.934
27.764,9.135
28.268,8.877
28.844,10.646
30.045,11.228
30.744,13.011
31.384,16.944
33.131,15.652
21.584,11.488
28.233,11.824
26.439,9.897
27.878,8.589
21.136,14.426
27.272,10.574
28.395,9.633
29.622,10.723
25.437,12.166
30.202,13.566
30.305,11.109
29.389,12.916
29.750,10.082
30.931,11.347
33.318,14.768
31.828,15.143
34.446,16.824
34.286,16.783
34.340,16.577
34.990,17.520
35.649,15.800
34.346,18.982
34.292,16.992
32.197,14.698
32.267,14.492
32.531,15.140
33.842,14.867
35.143,15.208
37.597,19.122
36.139,16.952
39.253,19.502
39.246,18.977
38.495,19.037
37.489,18.427
37.532,17.064
37.180,18.510
38.258,22.303
36.959,21.299
36.811,17.925
37.259,20.660
37.157,21.238
37.719,22.069
35.912,21.692
37.294,17.923
38.139,18.170
38.548,23.294
34.561,22.481
34.741,18.651
35.704,18.096
38.874,19.109
38.597,18.983
38.096,21.287
39.159,22.504
39.558,23.065
39.696,22.800
39.156,24.134
38.160,23.288
39.372,21.905
39.960,22.920
40.936,21.866
42.473,25.264
42.119,26.682
39.767,25.918
40.049,21.586
38.778,25.505
39.889,23.094
40.374,23.533
40.177,24.096
37.466,24.694
37.618,23.708
38.466,25.502
41.344,25.518
41.183,27.312
42.118,26.819
43.100,24.073
43.507,25.646
41.367,27.496
39.555,26.219
41.281,27.211
42.126,27.239
39.605,27.623
43.290,28.054
43.363,25.520
43.187,27.388
44.373,28.449
43.099,27.157
43.189,27.802
43.816,27.880
44.387,29.423
47.107,30.623
43.481,30.839
40.658,30.332
40.051,27.340
43.084,25.945
44.105,29.202
41.532,28.461
43.405,28.515
46.485,28.259
42.622,29.569
39.630,28.736
41.692,28.401
41.435,29.420
41.493,28.286
40.632,28.504
43.766,28.199
44.952,29.242
43.554,28.484
42.576,27.313
43.871,25.209
43.573,29.964
44.204,30.694
44.946,29.758
42.938,29.435
42.274,28.795
42.822,29.799
42.065,30.096
40.867,28.570
38.652,27.974
35.297,26.414
33.066,25.088
28.915,25.309
25.743,24.069
26.150,24.365
28.426,25.118
34.326,24.810
35.839,26.664
34.809,26.611
37.832,27.069
33.289,27.000
30.104,25.939
30.782,25.545
28.639,25.315
33.406,24.320
30.921,24.907
30.720,24.250
33.306,25.193
30.612,25.344
28.854,25.072
31.004,24.593
31.347,23.680
30.983,23.929
30.866,24.981
33.360,24.608
34.001,25.025
34.997,25.565
32.003,25.937
32.883,25.384
33.966,25.398
31.658,25.617
31.014,25.499
31.788,24.857
32.872,25.777
30.843,26.112
28.525,26.126
29.605,25.003
29.154,24.510
30.151,23.167
31.628,23.710
32.716,24.194
34.197,24.725
34.740,25.256
27.353,25.073
30.202,24.875
31.243,25.562
33.757,25.579
35.978,25.960
30.610,25.897
30.677,25.529
31.265,25.334
34.012,26.014
28.635,25.632
27.553,24.471
27.953,24.474
31.423,24.633
28.835,24.883
29.043,24.752
29.372,23.991
28.142,24.195
31.305,23.824
30.807,24.280
27.929,24.055
32.817,24.453
26.401,24.594
29.078,23.929
32.123,23.385
33.756,23.595
30.125,24.801
31.797,25.639
32.372,25.753
31.074,24.429
29.585,23.782
31.047,23.774
30.481,23.673
32.131,23.495
32.051,24.110
32.231,24.591
30.460,24.534
29.327,24.782
31.044,24.623
30.935,24.397
30.966,24.941
29.829,24.111
29.714,24.213
28.822,24.365
29.119,23.963
29.648,24.526
30.680,23.299
30.036,23.880
34.022,23.171
31.009,23.735
30.129,24.416
32.188,23.055
29.361,23.959
27.115,23.318
27.806,23.213
28.656,22.517
27.964,23.435
26.445,23.110
27.173,23.929
28.736,24.085
27.722,23.556
24.602,20.654
28.915,20.682
29.019,21.049
29.699,21.084
29.949,21.262
30.115,21.861
29.801,20.426
28.742,20.639
29.174,19.142
29.914,19.533
30.553,19.552
33.330,20.316
31.898,21.920
31.649,21.383
32.256,21.383
31.460,20.237
32.030,19.000
31.829,19.516
30.171,18.722
29.831,17.537
30.353,15.821
30.296,15.502
30.443,18.116
29.183,19.225
30.199,19.002
28.848,19.829
29.407,16.850
29.509,16.992
29.966,17.597
30.807,16.731
30.031,16.495
29.677,15.596
29.054,14.413
29.131,14.983
28.600,15.182
29.118,14.551
27.687,13.126
29.080,13.285
28.310,14.964
27.510,13.600
29.413,13.998
28.701,15.421
27.711,13.960
27.711,13.306
27.691,12.337
29.540,12.783
27.641,14.393
27.624,13.693
27.947,13.333
28.355,14.893
28.250,15.207
27.657,14.452
28.122,13.133
27.173,12.978
26.669,12.247
26.917,13.000
27.502,12.555
27.577,11.949
28.212,12.058
27.418,12.510
26.887,11.888
27.091,11.112
27.089,11.435
26.635,11.677
26.054,11.991
24.496,8.682
25.407,8.331
27.052,10.270
27.213,12.429
28.035,13.295
28.019,13.252
26.674,11.998
25.780,10.613
25.957,10.724
27.258,9.479
26.881,10.874
25.142,10.011
24.804,12.869
24.052,8.090
22.800,8.228
22.554,6.539
22.572,5.874
21.122,4.024
21.361,5.162
22.124,5.266
22.038,5.573
22.209,3.618
23.890,4.746
23.853,7.138
23.116,7.024
22.905,4.739
22.960,4.581
24.609,5.267
25.658,7.393
25.657,7.227
26.963,8.606
29.285,12.211
19.910,15.403
22.511,15.123
21.491,12.323
22.279,9.678
24.103,10.154
25.369,12.149
25.729,13.950
25.232,14.413
24.017,13.400
21.618,9.067
20.804,6.927
19.816,5.775
19.888,6.732
20.538,6.292
22.005,6.247
24.416,7.638
24.990,7.925
26.167,7.922
26.506,12.306
23.509,9.867
21.628,9.508
21.236,5.360
24.117,4.699
24.287,7.492
24.947,7.530
25.043,7.969
24.639,10.545
25.392,8.675
25.371,9.638
23.958,6.337
23.688,5.866
24.229,8.499
23.525,7.153
23.605,5.139
25.818,7.841
29.239,8.072
28.947,10.595
29.483,10.741
33.886,14.988
24.491,11.616
23.170,6.832
24.234,4.773
25.203,6.107
28.895,10.013
32.458,15.273
31.048,12.318
30.897,17.583
28.480,14.693
28.747,11.614
28.911,11.180
28.205,11.142
30.840,11.468
33.523,12.152
33.319,15.145
33.523,13.623
33.275,13.931
32.953,15.165
31.185,13.373
32.993,12.818
31.153,12.365
31.447,10.242
31.517,10.698
32.230,11.519
33.757,14.177
34.727,14.498
36.331,16.863
34.260,15.841
32.778,13.193
32.546,13.896
32.270,12.785
33.583,12.215
36.116,16.625
33.788,17.773
31.572,13.586
32.432,15.521
32.946,14.789
34.447,16.502
35.767,17.144
35.521,17.063
36.827,16.941
39.325,19.839
37.021,19.824
36.564,17.392
37.301,16.366
37.564,17.928
38.135,17.323
39.909,18.156
40.744,19.968
38.727,20.316
37.942,19.806
38.957,20.678
38.758,22.093
43.792,26.461
41.236,24.141
40.845,22.260
40.836,24.903
37.918,22.594
38.867,22.448
39.971,22.272
38.394,23.385
40.404,23.520
39.255,23.417
38.857,22.223
39.739,21.780
39.987,23.506
39.939,22.049
39.133,21.700
40.216,21.436
41.405,22.548
41.562,25.735
42.517,23.902
39.700,23.641
40.280,24.547
41.061,24.539
42.309,23.355
42.004,24.592
42.132,21.992
42.431,24.167
40.794,26.210
41.572,24.744
41.748,23.913
40.542,22.336
40.930,21.275
41.007,23.400
40.720,24.164
39.205,23.703
40.868,25.059
42.954,24.701
42.432,26.395
42.353,26.445
42.070,28.065
43.567,27.142
43.836,27.272
43.387,27.886
44.064,28.590
43.789,28.339
43.593,26.834
45.107,26.974
43.757,28.057
43.812,29.647
44.142,28.213
43.723,27.592
45.009,25.686
45.806,27.052
45.286,27.451
46.289,24.998
45.676,25.802
45.328,29.732
45.588,29.522
46.299,29.008
44.675,27.108
45.518,29.980
46.133,30.261
47.089,31.271
46.511,29.224
46.103,28.442
45.701,29.705
45.124,28.424
43.457,29.868
42.729,30.679
44.842,29.570
44.396,27.437
45.150,30.178
46.536,29.833
46.483,30.278
46.774,32.365
45.482,30.972
45.119,32.526
43.001,30.992
40.405,28.217
37.279,27.768
36.413,27.663
37.915,27.667
32.619,26.321
31.250,25.681
30.207,25.692
37.776,25.469
39.222,26.668
40.204,27.305
40.987,28.930
41.663,28.176
42.918,28.843
42.273,30.692
37.459,28.741
35.655,26.882
34.187,26.812
32.453,26.836
32.275,26.021
33.421,25.608
32.910,25.971
32.215,25.826
33.473,25.211
34.061,25.499
31.823,26.036
34.390,26.382
33.717,26.639
31.847,25.672
29.093,25.766
32.495,24.842
33.838,25.756
33.771,26.053
31.722,25.444
30.438,24.350
32.744,24.985
30.654,25.282
28.615,25.611
32.560,25.093
30.796,24.958
31.544,25.228
30.947,25.203
31.177,25.073
29.899,24.356
28.290,23.876
28.864,23.864
33.345,24.877
32.404,24.346
30.835,24.706
28.242,24.873
30.339,25.002
32.007,24.565
32.086,24.219
30.401,24.944
32.557,24.048
31.114,24.507
31.625,24.220
29.916,23.757
31.758,23.648
32.182,24.485
32.294,23.840
31.543,24.741
32.210,24.580
32.836,24.366
32.866,25.167
32.856,24.487
30.556,23.625
30.449,22.847
31.600,22.904
35.205,23.028
32.676,23.982
32.052,23.733
34.079,24.126
34.163,24.085
34.052,24.613
33.976,23.584
36.806,23.854
33.789,24.212
33.801,23.682
29.439,24.750
29.126,24.933
30.006,24.302
31.219,23.534
33.660,21.870
26.486,22.912
29.702,23.303
31.911,23.332
33.484,22.911
33.112,23.691
29.737,24.088
31.081,23.334
33.098,22.910
29.360,23.127
29.559,23.050
32.033,21.810
32.569,23.582
32.539,22.843
32.629,22.128
31.041,20.391
31.205,19.059
30.957,18.826
31.381,17.445
31.566,18.588
33.124,18.745
34.111,19.645
34.889,20.832
34.536,22.459
35.676,23.061
33.362,22.234
33.478,23.505
32.948,20.015
31.624,17.292
33.412,16.661
31.378,17.305
28.928,20.076
26.410,19.982
30.085,17.330
31.299,16.778
32.932,16.032
32.371,16.793
30.796,17.410
30.123,16.891
29.706,14.801
29.641,14.266
31.339,14.071
30.595,13.730
30.118,13.400
30.320,16.097
29.895,14.530
29.984,13.743
30.700,14.543
29.999,15.224
29.588,15.144
29.104,12.035
29.367,10.306
29.915,10.271
30.207,10.077
30.281,11.153
27.700,14.888
19.980,15.496
24.830,14.931
22.641,19.027
23.326,18.698
26.958,17.966
28.282,15.021
28.096,13.563
27.068,11.841
27.271,11.719
27.931,11.695
27.666,10.711
26.945,11.900
26.311,9.603
25.673,8.255
26.515,9.083
27.345,8.683
27.560,9.910
27.092,10.345
27.109,9.488
27.579,10.069
27.997,10.163
28.043,9.597
27.163,11.083
26.599,10.231
25.818,10.198
26.169,8.536
26.178,8.054
26.958,9.178
25.818,7.920
25.319,6.337
25.178,5.782
26.771,9.472
26.689,9.957
26.527,9.204
27.002,10.465
27.059,10.152
27.842,9.046
28.946,8.615
29.828,13.610
27.314,12.260
26.436,11.191
28.184,13.314
27.306,11.827
26.591,8.840
26.696,13.142
25.749,11.534
25.657,11.446
24.178,8.791
23.226,3.437
21.809,2.776
21.068,1.892
22.597,3.496
22.307,4.296
21.221,2.275
20.883,1.580
22.364,1.442
24.766,3.056
24.754,3.508
25.697,7.628
26.701,8.520
27.797,13.106
23.735,9.741
22.645,3.608
23.183,4.050
22.286,5.725
20.105,3.892
18.626,0.607
19.927,0.311
22.258,2.883
21.761,4.654
21.607,3.195
24.783,6.628
26.700,7.772
26.381,8.414
28.638,10.302
30.069,10.959
31.158,15.073
27.681,10.732
24.742,8.260
23.677,4.452
23.966,4.560
23.674,2.712
23.206,2.202
23.494,2.850
23.578,3.065
24.345,2.921
24.196,2.971
24.165,3.403
25.703,4.416
26.880,6.235
26.757,10.616
27.580,7.903
27.947,7.782
29.693,10.910
31.524,14.832
32.690,12.622
27.898,12.194
27.059,12.168
26.732,6.823
28.380,4.696
29.096,6.197
29.752,8.438
29.726,8.569
30.956,10.267
29.648,12.770
25.662,11.209
26.494,14.446
24.905,10.928
24.503,8.540
26.677,8.144
27.882,9.446
28.805,9.363
31.185,9.698
30.083,14.461
29.922,13.088
30.241,11.920
32.714,10.941
33.935,15.971
30.774,13.981
29.768,12.021
32.098,11.635
32.288,12.109
33.506,12.507
33.779,12.459
33.036,12.002
32.812,12.803
33.659,12.885
33.749,12.932
36.809,15.816
34.832,15.792
35.338,15.466
37.008,18.933
36.169,17.494
35.816,19.250
30.618,18.163
34.017,17.770
35.641,18.498
36.919,17.485
36.788,17.384
37.585,19.842
37.745,17.584
38.938,20.646
37.862,19.674
37.245,20.593
37.340,20.737
37.313,19.531
37.873,21.076
37.719,20.560
37.247,19.820
37.965,18.826
39.091,18.175
38.966,24.685
38.297,24.041
37.466,21.951
38.299,20.652
39.738,21.554
40.444,20.730
40.755,19.931
43.209,20.765
42.113,22.052
42.792,25.803
42.013,23.629
41.537,25.378
39.013,25.228
41.005,24.892
40.789,23.512
40.852,24.117
39.016,24.763
36.616,24.447
33.224,22.138
33.880,19.332
34.408,19.909
37.653,21.692
39.557,23.887
41.309,25.103
41.920,25.944
42.458,24.704
41.928,24.449
43.610,26.034
44.322,26.005
44.304,27.895
42.813,25.921
43.791,22.930
43.924,25.294
43.093,25.899
41.930,26.979
42.343,26.748
44.750,26.789
45.005,27.730
44.819,27.700
43.677,28.733
42.278,26.783
40.844,25.236
41.923,26.492
41.089,28.199
44.172,27.755
44.105,26.843
43.930,27.425
43.830,28.192
43.534,28.598
45.806,28.475
45.045,30.237
43.967,29.501
43.215,29.125
42.881,29.510
42.702,29.361
43.713,27.449
38.192,27.836
29.825,24.338
26.371,24.224
36.996,22.520
38.215,26.121
42.072,26.987
41.873,28.915
42.197,30.542
46.230,29.832
41.537,29.696
43.300,28.726
41.874,29.966
42.834,31.301
40.691,29.525
40.419,28.772
35.996,28.388
30.138,27.268
32.390,26.152
35.679,25.679
38.357,26.552
39.568,27.913
39.217,27.888
39.280,28.172
42.480,26.807
39.168,28.870
37.840,29.830
35.189,27.785
31.321,25.907
31.690,26.066
38.417,25.925
34.568,26.142
26.855,25.196
29.588,24.937
34.873,25.284
32.911,25.279
35.209,25.408
38.359,26.579
35.414,27.234
36.821,27.449
38.903,27.275
40.602,27.455
41.004,26.985
38.892,28.130
34.719,26.788
33.278,25.888
35.762,25.716
33.582,26.463
34.653,25.703
35.899,26.286
34.258,26.130
36.091,25.821
35.027,26.422
31.509,26.223
30.584,25.240
32.400,25.412
32.631,25.879
31.573,25.795
31.989,25.814
27.511,25.055
28.582,24.950
29.544,24.149
34.442,23.654
33.200,24.667
28.801,25.315
29.439,24.278
33.170,24.518
35.178,23.432
32.244,25.728
34.465,24.972
33.292,24.510
33.758,24.884
32.980,24.650
35.537,24.430
30.255,24.516
35.133,24.634
31.557,24.732
33.826,24.080
36.192,24.194
36.852,24.863
32.823,25.189
34.502,25.724
30.491,24.113
29.826,23.643
28.548,23.754
26.226,24.187
30.879,24.331
31.329,23.246
35.725,23.093
34.065,24.372
32.956,23.612
32.288,23.934
26.882,23.058
32.193,22.136
33.907,23.183
35.138,23.242
33.273,23.381
29.007,23.964
33.537,24.146
33.603,24.404
34.346,24.068
34.633,24.122
33.860,23.025
35.893,21.447
34.613,22.633
35.971,23.696
36.797,23.417
33.739,22.957
35.267,23.060
36.068,23.189
34.473,22.740
37.105,22.545
36.646,22.215
34.908,23.303
29.227,23.547
30.753,24.282
32.394,23.640
33.325,23.263
34.041,23.204
34.963,23.596
31.436,24.297
31.839,23.525
31.569,23.854
29.716,22.975
28.540,23.042
26.905,22.845
26.202,23.157
25.062,23.282
29.834,23.136
30.808,23.403
28.651,23.096
30.415,22.456
29.321,22.761
29.787,22.698
29.787,21.637
28.616,20.995
31.148,19.515
30.386,20.045
25.085,22.897
27.850,21.617
22.707,20.340
27.178,19.986
27.775,19.105
30.579,19.312
31.725,20.239
29.392,20.429
29.562,19.068
29.307,18.511
27.794,19.307
28.208,18.224
25.350,21.672
27.897,20.431
28.281,17.962
28.938,17.566
29.099,17.484
29.197,15.867
29.415,15.339
29.413,14.732
29.444,15.942
29.583,17.426
28.358,13.986
28.144,11.831
27.122,11.323
27.919,11.096
28.452,10.836
27.283,10.478
27.245,13.603
26.110,12.116
25.790,10.854
25.205,10.817
25.385,9.457
25.761,9.257
26.557,11.185
26.230,11.628
26.604,12.536
26.100,11.476
26.456,10.982
26.153,9.471
26.577,11.128
27.006,11.237
26.783,10.171
25.709,10.229
25.621,12.044
26.379,10.541
26.905,12.182
26.932,12.533
26.657,12.725
26.171,9.416
25.556,8.633
25.554,7.948
26.050,9.348
24.852,8.520
24.764,7.227
25.276,8.151
25.367,8.621
25.767,9.006
25.519,8.830
24.899,10.299
24.653,10.278
25.225,10.072
23.880,8.495
24.721,7.731
25.652,9.750
24.069,8.795
23.811,8.392
24.923,10.776
25.717,10.674
25.956,11.884
27.972,13.426
27.108,10.977
24.851,12.129
23.242,9.966
23.120,9.051
25.057,8.026
25.863,8.548
25.332,10.255
25.615,7.955
25.997,10.063
25.826,10.797
25.465,12.731
23.047,8.613
22.195,5.235
24.684,8.371
24.662,10.771
22.028,7.526
22.109,4.083
23.958,5.075
23.338,8.963
25.049,12.550
18.163,10.043
21.013,6.603
21.837,5.846
22.525,6.346
24.035,8.547
26.231,10.328
28.406,14.566
22.378,11.039
21.889,8.364
23.692,4.457
24.543,7.494
24.236,9.154
26.246,11.635
25.439,11.690
23.481,8.539
22.868,5.791
24.383,6.811
24.686,7.496
24.142,6.967
24.347,5.544
24.108,5.434
24.351,6.128
26.389,7.285
28.593,9.399
29.156,11.195
28.964,12.039
30.476,12.350
30.998,13.192
29.076,12.401
25.932,9.695
26.476,7.988
26.738,8.841
28.396,5.925
27.542,13.344
28.683,11.986
20.954,11.487
22.640,10.179
24.157,9.022
25.047,7.748
27.818,7.521
30.240,9.733
29.777,12.975
27.583,13.673
28.463,14.709
28.742,12.023
29.687,12.929
27.844,14.265
29.528,16.180
25.653,17.543
28.851,17.563
27.037,14.563
26.610,12.058
27.991,11.763
28.522,14.202
29.672,12.193
29.610,12.995
28.895,12.982
30.679,12.161
32.039,16.966
33.504,17.160
32.605,19.398
32.330,17.394
33.195,15.059
33.647,15.190
33.987,17.168
36.395,18.387
35.287,19.270
33.877,17.714
33.694,15.542
37.483,17.827
34.892,19.117
36.591,19.694
38.246,21.381
37.005,21.309
39.082,21.586
39.332,23.238
39.581,22.617
39.533,23.849
37.539,23.002
37.633,21.333
39.021,20.620
39.864,21.469
36.125,20.260
37.373,20.559
40.386,21.631
41.166,23.196
40.899,24.345
38.356,22.806
38.153,18.945
39.259,18.276
40.926,21.465
40.188,22.255
38.755,24.768
39.918,21.134
40.977,23.544
40.841,22.153
40.988,22.624
40.464,27.230
39.607,22.949
39.991,22.058
41.516,23.177
41.701,23.968
41.444,24.719
41.770,23.738
42.927,23.939
43.476,23.379
42.683,23.323
43.052,22.998
43.722,23.788
44.525,24.877
44.464,26.243
43.645,27.772
42.324,25.816
41.921,26.956
40.745,24.959
41.688,28.104
42.366,26.908
43.290,29.215
40.741,30.307
43.619,25.970
42.505,28.919
42.100,27.406
42.683,27.986
40.697,27.964
41.388,26.547
43.314,28.974
43.683,27.146
43.441,26.986
44.312,25.138
44.206,27.308
43.393,26.504
44.434,25.154
44.332,28.820
41.340,29.401
31.705,25.169
28.685,23.505
29.192,22.167
41.310,23.914
42.650,26.033
40.530,26.509
40.065,27.528
38.870,28.545
41.910,28.099
44.953,30.024
46.694,31.089
46.267,30.360
47.214,31.463
45.752,31.937
45.818,30.968
48.724,31.800
45.975,31.459
45.509,30.106
43.467,32.185
43.432,30.098
41.884,31.397
40.542,30.892
45.085,30.866
39.286,28.802
38.953,28.601
38.292,29.008
39.288,28.075
39.952,28.553
41.986,30.324
42.105,30.509
42.730,30.873
42.379,29.873
40.966,30.107
39.864,28.255
41.253,28.464
40.802,29.372
38.434,28.031
29.283,25.108
25.201,24.516
25.687,24.188
27.797,24.505
32.748,25.346
35.852,25.300
36.447,25.688
36.864,26.964
38.275,26.842
35.675,27.500
36.218,27.264
34.505,27.367
34.098,26.674
33.501,26.049
32.482,26.421
34.078,26.143
30.521,25.608
29.237,24.965
31.716,25.321
28.380,25.620
28.704,24.872
30.561,23.376
32.798,22.695
27.703,23.826
32.291,23.892
33.485,25.920
32.215,25.170
30.333,25.011
30.671,25.301
31.834,25.389
