20000101
23.200,5.900
23.397,6.342
22.698,6.863
22.995,7.742
23.400,6.354
21.613,6.337
21.828,7.228
22.435,6.303
24.292,6.069
26.802,6.911
26.945,7.747
27.313,8.272
26.410,10.245
26.026,13.390
27.340,8.849
24.487,12.029
22.685,8.105
22.753,7.532
23.479,8.233
25.209,10.558
24.696,6.871
27.458,10.003
26.417,9.539
25.160,9.060
25.182,7.774
25.759,6.020
27.440,9.240
26.697,9.277
24.407,12.029
24.825,8.826
27.078,10.373
29.485,13.134
27.076,13.985
27.549,10.469
28.211,10.919
25.345,15.647
21.283,16.132
24.311,12.842
24.959,9.336
26.250,9.027
26.036,8.387
23.083,13.614
25.647,14.489
25.923,11.943
26.066,12.061
25.867,10.065
27.154,8.251
27.814,9.640
26.993,10.038
27.339,8.875
27.310,7.383
24.948,11.343
28.297,11.004
28.013,9.785
27.212,10.754
27.024,10.838
27.661,12.339
27.775,10.218
28.050,10.089
30.275,12.454
32.583,13.797
31.720,16.716
32.501,14.383
34.432,17.386
34.614,17.160
33.359,15.939
36.099,14.864
33.210,18.666
29.883,15.471
31.069,14.402
35.380,13.958
35.083,16.132
34.333,15.818
32.494,18.230
30.950,16.413
31.759,15.291
33.282,15.228
36.246,15.566
33.631,15.948
33.062,15.113
34.768,13.134
39.565,17.486
33.745,23.007
33.245,19.075
34.028,16.957
34.437,16.738
36.634,16.793
35.429,19.301
36.986,16.417
37.347,16.879
39.960,21.673
40.339,20.099
40.358,23.908
39.817,21.504
39.681,21.047
40.237,19.712
40.496,20.374
40.045,19.745
41.429,20.858
40.963,19.472
39.349,19.376
42.775,21.770
38.889,20.829
40.797,22.873
41.505,22.708
41.009,24.691
40.665,25.439
40.533,25.155
40.972,22.175
42.856,22.060
43.142,25.270
44.618,24.979
42.864,24.843
41.954,24.843
40.724,26.630
42.268,23.617
41.650,23.350
42.496,23.492
43.055,25.558
43.958,24.889
43.017,24.586
43.369,25.986
42.771,23.390
38.675,26.703
38.094,25.096
38.513,24.641
39.302,25.735
40.005,25.239
43.335,26.121
43.363,25.250
42.713,26.857
43.257,26.376
42.718,27.432
43.792,28.094
43.416,31.258
41.288,28.997
39.222,27.691
43.098,28.325
44.282,28.337
43.293,29.900
43.860,27.696
39.613,27.190
32.808,25.892
37.374,25.405
38.904,25.292
41.833,28.419
42.662,28.879
43.348,28.462
44.923,29.209
44.707,30.396
41.659,27.698
41.282,28.992
39.830,28.055
39.430,27.682
39.591,27.545
39.178,28.442
37.104,27.544
31.131,26.597
34.241,26.136
36.875,26.615
36.105,26.830
36.044,27.064
38.073,26.301
40.682,27.147
40.901,28.501
42.071,28.354
36.677,28.355
37.736,26.737
36.000,28.209
33.934,27.084
27.916,25.752
34.211,25.369
34.495,25.639
33.366,25.851
36.200,25.746
38.074,25.982
36.924,26.466
38.389,28.635
36.750,27.542
36.214,26.903
34.311,26.666
36.286,25.636
37.736,26.183
38.709,28.065
36.602,27.904
37.808,26.791
42.453,29.374
40.891,30.552
31.810,26.083
37.721,25.773
36.684,26.274
37.702,27.303
34.410,26.024
32.406,26.242
32.038,25.493
34.856,25.188
32.954,26.288
32.763,25.548
34.894,25.334
31.680,25.311
29.568,24.669
30.557,24.708
27.574,23.865
32.292,23.542
29.802,23.933
30.862,24.267
30.423,24.375
30.688,24.669
30.696,24.328
31.345,24.355
31.048,24.495
33.362,24.460
32.667,25.344
30.592,25.102
32.707,24.665
33.261,24.137
35.075,24.579
35.093,25.496
35.064,25.670
36.626,25.028
34.228,25.771
31.620,25.306
32.556,24.517
31.426,24.235
34.247,25.580
35.839,25.305
35.884,24.393
32.512,24.373
32.658,23.891
32.798,24.419
31.366,24.210
32.072,24.278
33.295,24.790
32.527,25.000
33.913,25.021
34.050,24.418
34.664,24.445
35.109,24.805
35.494,24.852
35.438,24.288
35.430,24.092
34.552,23.530
30.785,24.006
30.302,24.142
25.162,24.074
27.968,23.708
29.230,23.624
32.895,23.334
31.681,23.359
31.165,23.910
30.906,25.093
30.358,24.416
29.408,24.006
29.599,23.783
31.821,23.224
32.045,22.034
31.582,20.238
29.616,21.500
27.978,24.109
32.649,23.286
30.782,24.983
26.679,23.229
26.735,22.273
27.066,22.253
28.960,23.074
28.610,23.645
29.112,22.548
29.011,21.561
31.211,20.800
30.860,21.015
31.011,19.528
31.832,18.870
31.308,19.056
31.559,17.832
31.521,19.053
29.299,20.612
30.302,21.672
33.074,21.056
33.832,21.220
33.822,22.194
34.663,22.392
34.684,23.259
34.466,22.114
33.612,22.533
32.313,20.634
31.442,19.532
31.535,18.230
30.645,16.376
30.770,13.734
31.111,15.098
31.713,17.142
32.579,20.075
34.166,19.769
32.698,19.932
32.472,16.779
31.806,15.717
31.263,17.160
32.136,16.097
32.092,16.275
31.265,15.704
30.505,15.706
29.284,18.287
28.755,17.121
29.146,14.333
29.713,14.629
30.314,16.065
31.555,15.520
30.736,17.214
31.010,16.171
29.904,16.288
29.959,15.516
30.203,14.303
30.339,14.422
30.069,13.643
31.585,14.573
30.667,13.169
29.199,13.645
29.456,11.979
28.488,11.093
29.701,13.775
28.166,11.097
27.940,11.215
28.706,11.116
28.476,12.338
31.159,12.418
30.125,13.942
30.705,13.833
29.647,12.878
28.017,12.341
28.776,12.945
27.113,11.173
27.015,7.790
28.399,9.363
27.236,10.334
27.285,9.237
25.066,10.050
23.680,7.625
23.335,5.740
23.271,7.570
24.152,6.315
24.746,7.114
25.154,5.987
24.365,5.728
26.309,7.306
26.136,8.824
25.950,7.599
23.978,5.949
23.042,5.141
23.351,6.337
23.963,5.746
24.187,5.953
25.423,6.186
26.197,8.251
26.693,10.841
23.927,9.777
23.481,6.296
23.810,5.841
23.877,6.753
24.749,6.280
24.692,7.215
25.331,8.848
25.522,8.378
24.589,7.496
24.633,6.945
24.912,5.926
25.113,7.079
15.646,14.322
24.818,12.227
24.791,9.759
22.717,8.333
21.339,7.834
22.348,3.489
23.018,2.980
24.509,3.909
22.877,9.026
22.794,4.941
22.402,4.425
23.466,2.769
24.233,5.365
23.719,6.394
23.547,2.788
25.567,4.141
25.131,6.165
24.922,5.433
25.237,5.627
26.358,4.186
27.414,6.872
29.703,9.826
27.027,13.614
23.278,10.283
23.124,7.648
24.512,5.452
25.139,7.955
25.826,7.717
27.240,5.159
28.323,8.760
31.002,8.723
30.400,13.001
29.744,15.551
28.289,10.999
27.727,6.277
29.232,13.356
27.836,10.175
28.092,10.928
27.993,10.238
27.077,9.903
27.532,9.336
27.771,9.535
28.779,8.090
30.471,7.566
32.238,9.131
34.214,14.386
31.723,16.630
33.155,12.653
31.461,11.435
31.887,15.249
31.395,13.223
29.997,11.491
30.345,12.736
30.542,13.134
32.849,11.726
35.496,15.765
32.948,14.044
32.534,15.080
32.826,13.220
31.388,18.570
32.700,16.120
33.312,13.845
33.782,13.722
28.225,18.568
31.671,15.814
32.884,12.414
33.703,11.459
32.649,12.500
34.005,12.770
33.874,13.739
33.847,13.601
34.112,13.589
36.314,14.013
35.119,15.315
35.397,16.735
34.786,17.740
35.079,16.531
36.273,14.957
37.941,16.148
39.087,18.685
38.165,21.129
36.409,22.077
35.537,19.908
36.638,19.297
36.371,19.828
37.207,19.398
37.742,19.666
41.067,21.002
42.036,25.634
36.743,22.372
35.515,22.864
36.392,19.214
37.074,19.019
38.045,18.079
38.911,20.268
39.532,23.781
40.917,21.166
39.038,23.090
41.161,23.052
42.320,21.195
41.354,21.916
41.333,25.082
38.120,26.142
36.256,24.244
36.826,22.853
38.386,23.214
41.455,22.431
36.965,20.561
37.411,20.422
37.796,22.824
37.380,23.312
38.069,21.900
39.851,22.144
41.401,21.223
41.760,21.383
43.454,23.239
43.334,23.826
43.671,25.816
44.595,22.706
43.541,25.414
42.004,27.174
42.988,27.657
43.246,27.191
44.883,26.593
41.301,26.008
36.650,26.932
40.024,25.491
42.269,26.700
43.311,27.396
43.907,27.103
41.944,27.468
38.571,25.822
40.248,26.305
41.428,28.200
42.498,29.076
41.560,26.960
40.612,27.406
39.104,27.297
40.252,26.586
40.157,26.868
38.514,25.578
39.763,28.999
42.598,28.029
43.799,29.434
45.216,29.936
45.164,29.378
39.309,29.622
41.908,28.170
41.905,29.567
39.592,28.145
42.332,27.181
40.061,29.715
38.404,26.931
37.030,27.753
36.748,28.258
37.338,27.207
39.379,28.033
39.668,27.299
41.262,27.151
40.649,29.267
39.909,28.277
38.974,27.166
37.305,27.970
35.868,27.355
28.254,25.578
28.071,24.868
30.540,24.184
31.394,23.872
31.913,24.409
35.800,25.733
29.839,26.096
33.969,24.749
28.613,25.589
31.936,24.858
31.193,25.497
32.635,24.988
30.811,24.870
31.328,25.381
31.852,25.348
31.792,25.786
30.859,25.515
31.125,25.215
32.088,25.396
32.738,25.847
31.370,25.711
34.657,25.712
35.850,25.692
33.321,26.036
34.073,25.628
31.231,25.153
31.252,25.600
30.947,25.112
30.299,24.561
28.585,24.049
31.512,24.392
31.097,25.211
28.200,24.446
31.622,24.535
31.789,24.762
30.223,24.332
30.815,24.659
30.151,24.360
31.520,25.065
30.956,24.883
31.849,24.721
31.859,25.155
32.198,25.383
31.645,25.446
30.699,25.131
29.525,24.617
29.998,24.477
31.972,24.477
33.658,24.455
33.008,24.454
30.700,24.932
31.965,24.778
29.876,24.680
30.856,24.618
30.980,24.368
34.257,24.212
34.033,24.984
31.712,24.239
32.406,25.132
31.589,24.815
35.005,24.908
33.140,25.001
30.293,25.244
32.195,24.513
35.161,24.056
33.483,24.788
32.089,25.346
33.727,25.411
31.044,25.099
32.393,25.387
31.910,24.997
32.105,25.214
29.439,25.508
30.436,24.688
30.339,24.579
32.641,24.433
31.794,24.155
30.651,24.567
28.665,24.470
28.658,24.814
30.090,24.378
30.616,23.986
28.713,24.018
28.543,24.621
29.117,23.793
28.958,23.790
29.575,22.770
27.134,22.781
29.613,23.125
31.421,23.017
26.091,22.399
32.324,22.415
30.503,23.241
31.296,23.572
31.049,24.114
30.761,23.439
31.220,20.938
31.728,19.665
32.395,21.392
32.278,20.014
31.812,21.911
35.306,21.207
32.574,23.554
32.887,23.012
34.845,22.870
33.234,23.077
30.559,22.821
31.295,24.276
30.035,23.990
30.410,23.824
30.116,23.616
30.905,24.208
31.013,24.224
28.877,23.906
29.194,23.254
30.856,21.133
32.086,22.583
31.940,22.132
32.071,21.561
32.009,19.958
31.999,19.449
31.338,17.752
31.402,19.029
31.838,18.755
31.969,15.555
32.117,15.895
31.385,19.700
31.204,16.425
31.183,15.224
30.578,15.591
30.329,17.339
31.049,16.572
30.602,19.521
30.855,17.974
31.560,15.540
30.631,16.423
30.075,16.280
30.931,18.638
30.515,18.157
30.819,18.097
31.652,17.534
32.093,17.577
31.082,15.610
32.351,17.360
32.406,16.106
31.972,15.799
29.447,16.840
29.811,15.690
29.573,14.879
28.555,13.481
27.985,13.682
27.639,13.572
28.341,12.667
28.167,13.097
28.902,11.959
29.886,14.494
31.247,17.927
29.068,14.755
27.714,11.289
27.673,10.963
27.936,12.325
29.176,14.240
28.157,14.153
27.944,11.955
27.439,11.065
27.385,11.364
28.324,11.162
26.975,10.552
27.020,10.898
25.550,10.549
25.241,10.103
24.918,9.582
25.814,9.538
26.170,9.727
26.485,10.032
26.949,10.029
25.829,9.955
26.488,8.868
27.302,9.153
26.787,8.696
25.849,7.891
26.920,8.129
25.743,7.493
24.875,7.429
24.776,6.968
24.033,9.415
25.349,6.780
24.241,8.542
23.952,6.724
24.790,9.467
23.518,8.230
23.729,6.816
24.537,5.528
24.182,5.176
23.884,4.443
23.859,5.326
25.175,5.690
24.478,7.006
25.185,7.490
24.458,7.922
22.733,6.987
22.362,3.409
22.482,5.494
23.629,3.778
23.730,5.967
24.493,5.910
24.591,5.425
24.883,6.180
25.817,7.714
23.858,5.341
24.087,7.752
25.754,9.182
24.110,7.865
26.010,8.291
26.625,7.576
27.982,9.708
30.884,15.289
28.994,13.315
31.183,14.870
29.198,13.524
30.096,13.079
23.799,12.477
23.620,13.461
21.697,12.882
24.240,9.935
23.741,8.749
26.181,7.530
27.769,12.233
19.684,10.845
22.448,8.808
22.562,7.445
23.219,8.300
24.080,5.969
25.626,8.376
25.417,10.062
26.377,9.635
25.949,6.023
29.252,9.331
30.487,14.984
22.236,17.106
29.993,15.678
29.165,14.322
31.200,13.042
25.383,14.304
26.815,12.960
26.479,11.306
27.555,11.541
29.181,11.144
30.389,11.078
30.912,11.139
31.645,15.138
32.337,16.417
32.121,12.804
32.264,12.841
33.215,12.374
34.267,15.622
32.540,18.797
30.598,16.187
30.850,14.518
31.401,13.554
32.441,14.091
35.554,16.578
33.291,19.312
30.019,14.843
30.967,14.073
31.503,14.421
31.782,12.681
35.312,13.455
36.235,21.219
36.119,18.427
35.588,17.836
34.453,17.678
34.943,19.059
35.141,20.539
31.160,19.016
34.612,19.257
34.347,16.875
36.004,16.773
36.938,16.097
36.810,17.267
37.170,18.243
37.676,18.364
37.334,20.280
37.882,19.897
38.821,18.338
39.349,22.972
38.236,23.082
37.165,21.442
34.760,20.784
36.405,19.533
38.300,18.956
40.573,21.297
38.520,24.494
36.299,21.762
36.583,19.689
38.283,21.186
39.516,23.099
41.823,23.337
41.131,22.574
38.588,24.519
38.673,24.201
38.025,23.258
39.113,23.037
37.821,21.074
39.195,22.662
40.824,22.628
41.890,23.438
43.042,24.170
42.514,24.722
42.798,25.033
44.041,24.208
42.857,22.897
42.429,23.685
42.661,25.112
41.251,25.779
44.339,26.906
38.894,26.580
39.976,23.100
43.031,23.952
44.715,24.955
41.079,22.710
42.683,23.273
44.446,25.892
43.099,24.585
41.642,25.064
42.687,25.308
42.684,26.647
43.116,26.399
42.804,28.067
43.734,27.722
42.452,28.664
44.890,28.288
43.137,27.865
42.926,28.718
42.379,30.038
38.774,27.465
38.561,26.965
38.235,27.856
41.709,29.453
46.183,29.529
45.633,28.673
45.043,32.975
44.666,24.206
46.477,27.066
43.273,28.434
41.248,27.706
42.204,26.713
40.393,26.644
39.600,25.303
38.477,26.153
37.846,26.930
39.339,25.605
41.187,26.223
41.655,27.013
42.814,27.975
43.418,30.721
42.699,28.861
41.565,28.316
42.359,29.468
43.362,29.152
41.192,30.036
39.448,28.631
36.327,26.771
34.681,26.152
41.357,26.449
42.318,27.907
41.369,29.913
42.459,29.031
43.149,28.493
42.152,29.360
42.594,29.814
42.458,29.885
42.648,28.742
40.601,28.890
30.497,25.314
37.525,25.164
35.301,26.496
35.498,26.914
36.718,27.491
38.043,27.690
39.124,28.662
40.705,29.510
36.110,27.677
33.626,26.738
29.951,25.357
26.685,23.860
29.074,24.992
35.598,24.714
37.670,27.559
38.514,28.254
39.672,28.127
40.588,29.601
41.737,30.402
40.277,30.464
41.254,29.623
41.166,29.077
35.178,27.361
35.035,26.340
34.854,25.960
35.564,26.265
34.146,26.111
34.785,26.245
31.384,25.629
31.059,24.486
33.452,24.581
36.154,26.351
36.509,28.149
36.772,27.097
35.492,25.256
30.889,26.378
40.666,27.301
38.333,27.570
37.598,25.714
36.742,25.469
35.065,26.302
33.190,25.704
31.039,25.408
32.215,24.717
31.960,25.595
31.408,26.072
34.600,25.375
34.235,25.558
29.227,25.761
28.992,25.462
27.177,24.611
26.110,23.817
29.242,23.862
29.378,24.809
30.469,24.329
30.409,24.567
30.075,24.308
31.424,24.099
33.040,24.771
28.466,24.551
29.462,24.491
30.196,24.145
30.597,24.369
32.994,23.372
32.210,23.768
31.118,24.380
30.500,24.583
31.384,24.495
29.296,23.444
29.779,23.572
30.902,23.070
29.630,24.004
28.873,24.070
30.753,24.760
31.230,24.124
30.143,24.314
30.531,23.849
31.146,24.313
29.683,24.053
30.693,24.209
28.504,23.893
29.169,24.234
30.860,23.610
31.853,23.203
31.885,23.374
31.484,21.845
31.831,22.836
31.455,21.904
31.287,21.105
32.612,22.020
32.721,22.452
29.054,24.288
29.606,24.216
30.287,23.709
29.511,22.201
29.236,22.053
30.297,22.286
29.516,22.009
29.152,22.406
31.465,21.853
32.766,20.304
30.328,19.377
30.877,19.591
31.734,18.253
33.069,20.664
33.699,21.563
33.296,22.095
30.469,21.750
31.187,19.987
31.775,18.844
31.294,19.884
30.011,19.086
30.665,19.341
29.266,20.582
30.424,20.059
30.743,20.197
31.778,19.836
24.175,21.079
28.208,19.972
30.035,18.650
29.862,18.212
31.037,18.172
31.196,16.521
31.853,17.374
29.252,16.406
28.459,15.238
27.877,14.876
28.423,15.630
29.117,15.425
30.252,15.167
30.369,15.847
30.925,15.787
29.775,14.357
30.052,15.259
30.018,15.557
29.769,14.758
28.821,15.717
30.080,15.716
30.212,17.125
30.252,18.656
30.299,18.239
29.147,17.563
26.664,19.242
27.681,16.767
27.343,15.123
26.756,13.841
27.322,13.022
26.758,13.172
27.096,12.394
26.846,13.271
27.907,12.405
28.735,12.740
27.520,11.949
27.681,12.940
28.188,13.216
27.839,12.730
26.978,12.300
27.375,13.359
27.017,12.000
26.710,12.885
26.657,10.725
26.854,9.807
26.075,9.892
26.111,8.587
26.552,8.487
26.313,9.184
26.846,8.959
27.338,9.768
26.078,10.619
26.850,10.543
25.267,10.486
25.260,6.049
25.393,6.322
25.090,7.529
25.067,8.046
25.203,9.362
26.094,9.478
26.160,10.275
26.653,10.672
27.698,11.680
28.042,10.833
27.227,12.682
26.113,11.101
25.295,9.036
25.722,9.716
26.547,12.809
24.504,9.664
24.367,10.345
23.416,10.871
22.136,7.112
22.173,5.660
26.086,8.189
20.623,10.964
21.620,8.570
23.371,6.070
22.285,9.640
21.946,8.375
21.904,6.125
22.103,5.018
21.560,6.816
21.282,4.183
21.880,2.920
22.101,5.242
22.412,6.646
22.320,4.523
21.289,5.943
22.136,3.650
22.573,3.184
23.585,4.149
24.580,4.264
25.069,6.022
25.087,6.739
22.767,6.241
23.582,6.169
24.969,6.341
24.520,6.750
26.046,6.903
26.233,7.726
28.461,10.132
28.494,9.422
23.839,13.236
25.931,11.482
28.654,11.306
22.675,15.617
23.301,12.594
26.292,15.615
24.604,14.332
26.534,15.585
26.950,13.620
27.388,11.240
29.216,12.453
29.262,13.403
29.272,14.896
29.684,15.023
27.938,14.115
27.915,15.761
27.987,11.467
28.910,10.722
28.923,9.872
29.466,11.305
32.367,13.558
33.405,15.523
28.188,15.044
26.483,14.193
27.712,12.505
27.799,11.293
29.425,12.345
30.856,15.577
30.874,14.783
32.182,15.630
33.165,15.063
34.377,20.406
35.507,18.879
36.087,17.137
31.730,17.823
28.502,12.067
29.197,11.881
30.032,13.277
30.161,12.615
32.160,11.884
33.694,12.825
34.856,17.421
31.915,17.280
32.446,16.938
32.443,17.928
32.469,17.605
35.648,18.921
35.181,17.863
34.759,18.408
35.529,19.221
33.339,17.714
33.522,17.731
34.605,17.413
35.176,16.029
36.732,19.877
37.036,19.155
36.787,19.567
36.561,18.556
37.019,21.020
37.010,20.591
38.430,19.750
36.754,21.950
37.346,21.886
38.376,19.907
40.528,20.833
39.121,23.439
38.995,23.812
38.711,22.130
39.145,22.573
38.921,20.247
39.773,21.086
40.220,21.798
40.937,20.232
41.831,23.580
42.575,25.252
41.230,22.152
41.647,22.889
41.481,23.760
40.665,22.501
41.855,24.806
43.203,26.572
42.049,23.070
41.079,26.571
41.481,21.561
41.984,22.261
42.296,23.307
41.991,25.714
43.692,27.847
46.175,25.403
41.776,27.956
40.360,26.282
37.438,23.579
37.096,23.518
39.898,23.442
43.147,25.256
41.549,27.099
40.851,24.224
41.858,22.996
42.173,23.219
42.732,23.335
39.437,23.221
41.599,21.365
41.624,24.143
42.571,25.735
40.842,26.444
41.259,27.157
43.179,27.667
42.816,29.513
44.152,24.969
44.205,25.216
44.021,25.331
43.657,27.699
44.989,28.838
41.666,29.177
41.635,26.959
42.300,28.358
43.152,28.049
43.647,29.399
42.698,30.173
43.763,28.043
43.930,24.523
43.935,23.727
45.185,24.909
44.777,26.976
44.212,28.803
44.795,30.205
44.351,30.938
46.266,30.247
45.172,29.968
41.715,29.419
44.435,28.560
42.623,30.560
44.523,30.139
44.705,28.728
45.390,32.746
43.255,30.434
42.619,31.508
41.188,28.997
40.624,28.217
41.200,29.517
38.810,28.081
36.981,26.833
36.859,26.644
37.349,26.704
30.213,25.937
32.238,25.332
31.330,25.746
36.956,25.340
33.348,26.736
34.022,26.472
32.169,24.895
34.742,25.082
33.052,26.067
34.353,26.102
31.942,26.128
33.187,25.886
33.823,26.526
36.029,25.707
36.426,25.871
39.162,26.057
37.832,26.886
32.158,26.921
38.217,25.735
33.509,25.694
37.554,25.822
34.576,27.443
33.111,26.871
32.630,25.881
33.656,25.011
35.038,25.635
36.123,25.150
37.253,25.521
37.275,26.394
35.827,26.127
31.948,25.558
32.860,25.565
35.017,26.247
30.733,26.321
29.325,25.668
29.808,25.801
32.718,25.283
30.214,25.410
29.948,24.720
25.855,24.540
31.472,23.908
30.015,25.311
30.690,24.510
32.608,24.754
33.698,24.805
32.550,24.499
34.968,24.682
34.614,25.293
34.884,25.218
35.042,25.547
30.664,25.662
30.049,25.344
30.408,25.474
32.423,25.477
29.515,25.916
31.484,25.454
32.380,25.020
31.856,25.281
30.914,24.901
31.204,24.540
33.529,24.724
32.958,24.820
27.115,24.922
29.368,25.070
32.089,24.862
31.770,24.626
30.579,24.603
28.611,24.114
29.468,24.642
30.198,24.547
31.036,25.229
30.006,25.468
27.029,24.554
28.386,23.847
29.464,24.767
30.344,24.730
30.647,24.792
28.293,23.874
28.857,24.233
28.079,24.442
30.115,23.743
33.812,24.622
32.478,24.157
28.969,24.926
29.673,24.319
30.921,24.327
30.959,24.248
31.827,25.063
30.791,24.164
32.018,24.479
32.123,24.982
33.263,24.654
33.349,23.450
31.663,23.570
30.822,24.106
29.102,23.785
30.630,23.552
30.185,23.620
30.163,23.246
30.553,24.094
31.226,23.723
30.885,22.921
30.197,21.462
30.019,19.752
29.532,18.454
29.732,22.153
25.069,22.650
22.529,20.860
23.812,22.288
23.953,21.534
28.991,21.135
31.089,19.721
30.273,19.137
29.544,19.055
28.362,15.852
28.521,15.346
30.173,15.437
30.604,18.720
31.054,19.185
29.045,22.726
28.428,21.112
29.743,18.025
29.145,19.637
22.775,20.620
21.669,19.707
20.076,18.817
24.701,19.260
26.129,19.511
26.752,17.158
26.793,19.443
29.103,18.545
27.187,18.856
26.291,17.949
21.422,17.853
27.445,16.410
27.523,15.444
27.299,15.567
26.568,15.067
27.587,15.035
26.896,15.051
28.355,16.045
27.066,14.813
26.497,14.070
25.512,12.512
25.749,11.781
24.697,11.378
24.904,11.544
24.513,12.528
24.857,12.305
26.024,13.050
26.728,14.249
26.518,15.482
24.493,12.483
23.655,9.446
24.428,9.510
24.206,9.203
24.354,11.363
24.005,9.936
23.478,9.496
23.017,8.044
22.608,6.050
22.899,7.291
22.424,8.412
22.414,6.831
22.668,8.761
23.175,8.629
23.533,8.755
23.859,9.248
22.776,9.771
23.989,7.650
23.767,9.446
24.527,8.266
25.376,9.414
23.749,8.062
24.388,7.712
24.697,8.276
23.580,10.616
16.524,14.169
23.009,13.028
23.510,9.630
23.781,10.117
23.745,10.739
22.915,9.943
23.044,6.992
23.248,7.638
22.524,8.268
23.157,9.449
22.371,7.511
23.198,5.525
20.071,12.603
19.394,9.442
19.281,6.156
20.096,7.422
21.065,6.695
21.220,5.811
21.604,6.449
20.065,5.683
20.022,3.106
19.776,5.387
20.979,6.377
20.932,7.761
21.517,7.157
21.647,7.976
22.617,6.989
22.724,8.001
22.380,7.500
24.385,7.741
24.019,8.516
23.270,7.196
23.169,6.600
24.844,7.647
23.130,11.496
25.175,7.720
26.545,10.330
26.638,13.619
17.823,12.600
23.764,13.485
22.439,10.718
23.080,7.714
20.924,8.146
21.104,7.224
22.410,6.181
24.488,6.381
26.865,13.530
24.097,11.040
22.578,10.182
21.006,8.698
21.649,6.432
24.034,6.232
22.910,8.814
21.712,7.750
22.764,6.764
24.357,6.294
27.235,7.250
27.814,8.035
28.491,9.107
28.755,11.746
26.604,10.990
27.274,11.111
26.195,10.020
27.964,8.636
30.147,12.150
30.563,12.551
29.862,12.789
29.257,11.620
29.310,12.668
29.222,13.902
29.931,12.094
28.946,12.996
29.240,12.236
30.145,11.871
34.399,15.657
33.194,15.943
32.968,17.761
32.073,15.766
31.400,14.557
32.701,14.099
33.111,15.922
33.682,17.176
34.716,16.708
32.082,14.255
34.018,14.682
30.907,18.553
33.540,17.128
34.942,17.840
35.266,17.914
35.876,17.541
36.113,18.447
36.815,18.660
36.770,18.657
38.986,19.005
38.179,19.369
38.225,20.831
36.290,17.212
39.370,18.611
41.465,22.867
41.074,23.696
39.501,22.117
39.908,21.594
40.496,20.010
38.736,22.561
38.697,20.864
37.535,19.139
38.746,21.462
38.879,22.724
38.963,21.141
39.569,18.910
39.480,21.366
39.014,22.274
40.508,22.963
38.015,25.508
39.055,22.086
38.748,21.559
39.846,21.371
40.555,23.193
41.452,20.866
42.419,23.940
42.910,23.644
42.516,24.358
43.154,26.929
42.859,22.646
42.340,21.708
41.127,23.854
40.209,23.451
43.036,24.454
41.524,24.607
42.403,25.655
38.110,22.429
38.277,22.314
38.729,20.638
38.331,23.728
39.668,23.963
43.827,25.080
40.420,24.893
42.398,26.210
40.089,23.966
39.989,20.246
40.091,19.574
41.156,22.521
41.681,23.055
42.080,23.513
44.375,25.715
43.214,26.926
43.467,28.002
44.324,28.748
44.144,25.382
41.684,31.472
42.352,30.527
44.673,28.443
44.319,27.405
44.423,29.836
43.679,30.672
44.155,29.343
44.575,28.432
44.620,28.521
45.160,27.712
43.311,29.436
45.130,25.812
41.564,26.595
39.967,24.506
40.910,28.479
40.720,26.983
41.667,27.048
43.022,26.335
42.996,28.939
43.882,28.308
42.237,29.245
43.367,28.384
43.061,29.316
42.144,27.920
43.594,28.336
40.122,28.054
41.154,28.440
41.150,28.738
41.829,28.457
39.132,29.104
34.972,28.387
30.758,26.073
26.180,25.076
29.068,25.034
32.335,25.463
34.512,25.093
33.395,25.251
32.530,25.522
30.342,24.705
31.037,23.608
35.117,24.906
37.345,26.470
38.163,27.272
37.476,27.663
37.186,26.933
38.859,27.768
38.061,27.627
39.815,28.835
38.353,29.199
39.687,28.159
36.878,27.514
36.782,26.367
32.117,26.140
33.021,25.617
34.736,26.574
32.387,26.306
30.607,25.505
33.224,25.036
31.616,25.805
34.325,24.761
36.030,25.548
34.891,25.645
36.229,25.305
31.419,25.474
29.613,25.066
31.846,25.166
32.327,25.057
33.513,24.633
35.305,25.214
35.235,25.308
32.943,25.116
33.522,24.597
30.689,25.224
32.220,24.585
34.400,24.712
31.633,25.044
32.512,24.973
32.478,25.148
30.553,24.901
32.161,25.041
32.943,24.926
32.667,24.477
33.420,24.743
32.182,25.294
28.886,25.084
30.799,24.879
29.187,25.112
28.713,24.535
30.469,23.928
29.636,24.677
30.547,25.286
29.453,24.825
25.752,24.283
30.410,24.141
30.634,24.096
31.135,24.175
31.949,25.161
33.306,25.059
31.385,23.835
29.830,24.248
29.085,24.765
28.897,24.437
30.389,24.005
32.358,25.456
30.304,25.632
31.150,24.027
29.572,23.878
29.837,23.285
29.099,24.213
31.667,24.422
32.098,23.784
31.399,24.520
33.672,24.742
33.237,24.420
33.646,24.015
36.225,23.544
34.004,24.712
35.707,24.218
34.490,25.229
35.587,25.363
28.905,24.156
28.339,22.501
27.320,22.197
27.445,21.185
28.013,20.355
27.375,20.675
27.326,22.085
26.284,21.727
25.248,23.293
28.851,23.695
29.237,23.704
30.439,22.930
31.464,23.466
32.306,23.305
31.924,23.336
33.338,23.472
30.188,23.738
32.796,22.769
31.089,22.574
33.575,23.362
32.669,22.455
30.511,22.713
30.178,22.249
31.045,22.930
30.092,22.617
30.196,22.726
27.564,22.995
23.935,20.877
29.560,19.595
31.226,20.352
31.607,20.739
31.248,20.074
30.443,21.176
30.109,19.197
26.978,19.603
25.476,19.150
27.577,15.817
27.930,15.173
28.057,15.293
29.288,16.898
29.369,15.966
29.098,16.759
29.397,16.731
29.277,18.275
30.327,17.231
29.461,16.180
30.415,14.828
29.651,17.651
30.592,14.975
28.990,15.984
28.440,15.499
28.350,15.450
27.753,14.593
26.474,13.722
26.479,12.434
25.978,12.248
27.107,12.057
26.844,12.577
28.389,13.887
28.357,14.416
28.161,14.983
28.558,13.703
28.020,13.745
28.468,14.334
28.479,15.272
28.070,14.119
27.923,14.215
27.646,12.775
27.434,12.450
27.069,11.856
27.625,14.230
27.934,12.026
27.987,11.824
27.233,13.686
27.269,12.671
26.585,12.851
27.005,13.052
27.112,12.084
26.557,12.035
27.081,12.818
26.961,12.097
27.443,11.633
27.688,13.222
26.706,12.410
26.138,10.444
25.401,11.756
25.600,10.818
25.190,9.633
25.733,9.480
25.161,11.055
24.647,11.111
25.150,10.160
25.055,9.332
26.214,10.281
26.332,10.926
25.478,11.536
25.961,11.945
24.677,10.459
25.985,8.532
26.219,10.123
26.652,11.112
26.873,14.376
27.449,13.101
25.815,12.046
26.156,12.024
24.441,13.320
22.671,12.314
23.334,9.914
22.164,6.404
21.595,5.110
22.492,6.633
24.140,7.753
24.827,8.843
26.557,9.338
28.289,11.026
23.206,13.408
27.134,12.442
24.540,10.499
25.547,7.233
25.823,10.301
23.665,9.762
23.937,8.525
26.185,9.692
23.724,12.761
23.660,7.905
23.328,7.717
24.672,8.493
26.233,9.943
26.252,9.955
26.431,9.021
25.784,14.606
23.115,11.916
22.393,8.375
23.088,6.255
24.477,8.947
26.924,11.592
23.807,8.293
22.720,6.597
25.070,9.533
26.532,10.763
21.128,13.968
24.226,10.890
21.906,14.946
19.158,14.828
17.020,12.950
22.173,9.091
23.511,9.350
24.888,7.676
27.117,8.191
27.554,14.065
29.739,12.806
28.984,13.655
29.053,13.775
30.069,14.547
31.735,15.098
32.312,14.599
30.599,17.272
30.486,16.485
31.088,16.842
31.734,15.695
32.571,14.808
32.638,18.039
34.019,16.691
34.490,18.120
32.825,16.158
24.301,16.919
29.511,17.518
28.750,12.645
31.247,14.723
31.150,15.516
31.191,15.267
32.912,15.742
34.549,18.008
35.166,19.248
36.036,19.874
36.999,20.350
36.795,20.798
36.744,19.774
36.564,20.078
34.503,19.946
32.454,20.239
28.364,19.602
32.245,18.782
31.197,15.887
31.438,15.184
32.449,15.798
34.107,15.621
34.728,18.068
36.915,20.094
36.769,21.417
38.135,21.872
37.688,20.983
38.492,19.957
39.173,20.960
36.065,22.821
33.646,22.263
33.025,18.310
34.421,19.092
36.945,20.322
38.515,23.106
37.452,20.850
38.908,23.650
37.770,21.924
35.885,18.242
36.694,18.316
37.397,20.191
37.517,19.162
38.143,20.154
39.211,22.658
41.244,23.209
40.465,25.209
35.856,28.868
40.191,24.788
37.648,23.527
36.863,18.778
37.705,18.877
38.235,20.559
40.688,21.650
42.044,22.522
40.915,22.994
40.349,21.644
40.892,22.241
43.862,23.759
41.013,26.431
41.146,23.401
42.771,25.572
42.273,24.048
40.318,27.267
40.277,25.886
39.438,25.997
41.124,26.132
39.499,23.431
38.871,22.514
39.969,21.960
38.877,24.626
37.540,24.716
39.190,23.560
38.717,25.199
37.021,23.917
39.960,23.910
39.322,24.722
41.001,23.759
41.988,26.349
41.023,24.063
41.301,23.899
42.231,24.585
43.273,23.420
42.141,23.811
43.531,25.063
44.479,24.302
43.717,30.317
41.286,29.074
45.025,26.024
43.818,25.362
43.136,26.396
43.811,27.933
43.296,27.816
43.987,28.558
44.114,24.810
44.904,26.493
43.892,27.419
44.033,25.260
44.207,26.611
44.021,26.264
44.036,31.691
44.123,28.620
43.917,27.827
43.962,28.491
45.663,30.287
43.430,26.028
43.351,28.924
42.478,30.187
43.104,28.480
43.720,25.818
44.490,27.128
45.646,29.812
44.382,26.222
44.717,27.740
45.020,30.099
44.774,29.554
44.939,29.440
45.624,29.314
44.755,27.746
44.486,30.499
44.135,30.686
39.067,31.559
39.825,30.144
36.424,29.531
37.528,27.780
37.767,29.494
36.560,27.503
30.249,26.134
25.856,24.773
30.296,24.793
33.767,24.958
35.736,25.290
34.378,26.353
30.227,25.565
30.373,24.624
31.161,25.478
33.303,25.483
36.718,25.324
36.195,25.698
34.551,26.729
34.216,25.977
30.715,25.677
27.086,25.178
25.574,24.657
30.053,24.497
30.559,24.561
31.542,24.778
34.609,24.609
35.280,26.068
32.992,26.063
33.529,25.037
35.819,25.681
35.546,25.311
33.415,25.707
33.839,25.030
32.254,25.018
29.638,25.228
32.650,24.573
32.453,24.666
31.842,23.747
32.136,24.368
33.007,25.168
36.588,24.225
30.866,25.674
27.914,25.046
31.363,24.569
33.730,24.733
30.110,25.107
32.132,24.154
32.029,23.983
33.320,24.792
31.389,25.041
33.123,24.783
34.193,24.217
33.816,26.068
30.399,24.504
29.555,24.574
33.831,23.980
33.567,24.252
31.983,24.707
30.341,24.280
29.460,24.065
31.534,23.606
29.962,24.374
28.719,24.174
31.253,23.564
32.201,23.412
33.614,22.884
34.177,23.914
32.573,24.357
33.855,23.603
34.039,22.367
34.576,24.128
35.689,25.275
34.321,25.340
33.533,24.146
33.284,23.855
30.864,24.948
31.759,24.090
31.747,24.382
31.535,23.504
31.586,24.030
29.313,24.140
28.575,23.590
26.851,24.487
27.451,23.903
31.753,24.073
31.604,23.735
31.435,23.491
27.076,23.858
31.356,22.961
32.186,23.574
31.011,23.616
30.447,23.138
30.509,23.974
31.226,23.466
32.284,23.337
30.700,22.839
30.943,22.153
31.300,21.783
31.962,21.901
31.949,21.406
34.454,20.667
31.699,22.349
26.680,20.647
27.469,20.326
30.948,20.819
30.982,20.393
31.618,20.452
32.767,19.428
32.159,19.520
32.447,22.847
32.754,21.363
32.976,20.836
31.441,21.283
27.296,22.164
23.334,20.937
29.577,19.393
25.555,21.857
27.776,21.885
23.938,21.464
21.437,19.246
20.981,18.593
24.348,18.110
24.949,19.741
26.688,20.462
29.573,19.418
28.696,19.474
29.220,17.791
29.441,18.081
29.391,17.266
29.077,16.060
28.853,16.187
24.841,17.639
26.684,18.348
27.547,15.664
27.994,14.355
27.895,15.402
27.216,14.967
26.763,12.924
27.654,11.451
27.318,13.494
26.613,14.321
26.369,13.093
27.207,13.272
26.717,13.897
26.788,13.833
25.862,13.040
27.113,13.286
26.441,12.601
25.609,11.014
26.667,10.279
26.356,9.266
25.948,10.061
26.690,12.033
26.376,11.631
28.293,12.565
26.629,10.664
26.236,9.006
25.821,8.646
27.060,9.659
26.393,10.500
27.089,10.143
27.703,10.442
27.284,12.430
26.376,12.879
25.679,13.194
24.132,9.292
25.031,8.382
24.478,8.932
24.801,9.623
24.944,8.848
25.316,9.056
23.799,9.097
24.280,8.657
23.029,8.392
22.416,7.605
23.498,7.148
23.986,7.316
23.815,7.485
24.203,7.521
24.034,7.275
25.140,5.348
27.447,8.401
26.133,9.369
24.942,11.473
25.496,9.709
23.045,11.073
23.835,8.937
24.736,8.573
24.193,6.094
24.520,6.421
24.474,6.119
24.217,5.648
26.016,6.999
26.468,7.394
26.949,6.766
26.366,9.742
24.827,11.596
24.141,9.109
25.102,9.554
24.870,9.159
25.102,8.770
24.417,6.312
24.432,7.404
26.379,7.689
27.311,7.857
25.344,9.930
26.213,7.109
26.943,9.240
29.108,8.350
29.842,13.151
29.841,12.668
29.378,15.292
28.160,14.175
26.022,12.235
25.903,8.386
23.360,11.194
23.958,7.746
24.020,7.734
24.588,8.219
25.090,7.452
27.151,9.748
27.923,10.261
28.393,9.912
29.153,10.398
29.606,10.609
30.034,12.053
28.125,12.331
28.304,12.359
29.912,11.818
29.149,11.144
29.150,11.740
30.552,11.674
28.994,12.328
29.625,11.599
30.126,11.886
30.588,12.023
33.038,14.875
34.522,14.635
34.156,14.264
33.319,16.904
33.613,16.634
33.522,17.325
32.679,15.710
34.348,16.784
35.265,18.098
35.232,16.779
35.952,17.163
35.459,18.540
36.831,18.024
36.963,20.381
34.837,20.172
34.169,21.341
32.252,16.377
32.099,15.134
33.858,15.562
33.897,15.662
34.850,15.460
35.293,17.904
35.850,18.696
35.233,20.738
33.241,19.274
26.944,18.595
28.346,17.400
31.543,20.144
33.687,21.564
34.596,20.384
31.191,17.322
31.916,17.563
31.937,16.584
33.493,16.482
34.516,16.980
35.960,19.906
34.137,19.855
34.224,19.593
36.100,19.497
39.204,20.643
39.235,20.343
37.479,21.646
36.201,18.261
36.572,18.626
35.885,16.487
35.913,18.092
37.857,19.439
39.993,18.201
39.053,20.564
38.701,19.539
38.427,21.035
39.873,18.718
41.052,20.711
41.982,22.376
42.561,24.015
41.641,25.873
41.615,23.818
41.095,22.584
41.368,21.499
42.270,21.552
41.776,22.268
39.971,25.918
34.711,25.818
30.788,21.688
33.417,19.901
36.498,18.896
38.795,22.914
37.734,24.391
39.240,24.196
39.980,23.318
41.494,28.655
42.340,26.372
42.474,26.321
40.145,26.858
40.926,26.739
41.810,25.770
44.032,26.885
44.307,27.808
42.994,25.099
42.931,26.625
42.758,28.229
43.463,26.722
42.654,27.136
40.789,25.629
41.408,27.479
41.898,27.073
40.269,27.636
43.907,27.676
39.915,28.246
40.471,24.985
39.678,25.703
36.352,27.022
39.305,25.878
44.215,26.995
44.718,30.830
40.768,27.834
40.158,28.526
41.583,28.460
40.079,29.235
41.249,29.963
40.466,28.782
39.510,29.232
39.080,28.121
39.237,28.651
40.961,28.288
43.658,27.516
43.862,31.266
43.766,31.040
45.024,30.012
42.718,30.083
37.217,29.200
36.312,27.864
33.535,27.288
28.550,25.302
30.097,25.033
29.519,23.997
37.543,25.853
39.365,26.885
40.486,29.470
41.209,27.431
40.398,27.365
41.708,29.085
41.236,28.154
41.572,28.003
41.100,28.100
43.073,27.436
41.538,28.392
36.959,28.835
33.284,27.298
35.856,26.417
36.059,26.901
35.030,26.314
32.964,26.696
34.732,26.776
34.348,26.586
33.445,26.323
32.643,26.988
34.374,26.898
33.890,26.691
31.954,25.714
31.185,25.833
32.864,25.670
33.188,26.177
32.923,26.561
28.123,25.729
29.937,25.079
26.033,24.526
26.147,24.113
26.648,24.272
29.400,23.966
30.301,24.832
31.823,24.666
28.749,25.524
30.114,25.075
31.663,24.982
32.591,24.839
29.224,25.214
29.189,24.584
29.987,23.569
31.316,23.920
30.334,24.286
32.034,24.427
31.449,25.650
31.442,24.990
31.337,25.373
27.420,24.447
28.782,24.309
32.023,24.426
31.964,24.464
29.817,25.100
30.234,24.646
28.724,23.557
29.976,23.163
30.261,23.158
33.166,24.179
32.432,24.131
34.303,24.188
31.454,24.975
33.623,24.778
33.636,24.679
31.216,24.530
32.125,24.438
31.424,25.226
30.821,24.372
28.203,24.716
28.778,24.428
29.688,24.929
29.546,24.406
29.997,24.497
30.077,24.608
26.482,24.061
29.750,23.875
30.183,24.449
30.780,24.060
28.789,24.090
29.902,23.396
28.831,24.566
27.351,24.257
31.367,24.379
31.377,22.190
31.903,22.629
28.698,23.720
30.575,22.969
28.893,23.886
30.653,24.050
31.177,24.285
30.523,24.549
32.981,24.040
32.038,24.762
30.899,24.684
32.204,24.323
33.752,24.124
33.608,24.428
32.110,24.227
32.017,23.886
32.103,24.597
31.250,24.013
31.772,23.170
30.588,24.217
24.719,22.354
23.724,22.181
25.724,22.638
25.449,23.560
24.949,22.931
24.120,21.128
29.318,21.897
29.591,22.715
29.372,23.362
29.412,23.574
30.560,23.793
31.676,23.404
32.305,22.585
32.206,22.984
32.194,21.080
30.905,20.398
31.141,19.371
31.158,18.363
31.260,20.029
31.490,21.280
31.513,20.622
31.285,19.463
31.510,21.923
30.771,20.502
31.512,19.374
31.421,19.185
31.256,18.082
32.003,17.109
31.456,18.127
28.281,19.797
29.422,18.786
27.996,18.365
28.762,17.112
28.977,15.075
29.266,14.932
29.951,14.629
30.471,15.735
29.694,19.695
30.165,20.198
30.119,18.715
27.140,16.298
25.363,18.688
29.722,18.149
28.533,18.029
25.143,18.922
25.959,18.751
29.883,18.497
30.138,16.203
30.351,15.292
25.047,18.580
26.601,16.700
26.821,16.631
27.485,15.114
28.159,15.813
28.637,15.226
28.401,14.904
28.569,14.609
28.080,14.170
28.002,13.915
28.636,14.432
28.044,16.579
27.550,14.728
27.182,14.083
28.755,13.859
29.349,14.878
27.757,14.423
26.433,12.236
26.357,10.497
25.778,9.220
25.572,8.492
26.821,10.980
25.330,12.187
25.193,11.507
24.595,9.618
25.598,8.644
26.333,9.642
28.490,12.066
29.082,13.243
28.935,12.340
27.875,12.214
28.663,12.903
29.209,15.787
24.369,12.473
24.613,10.534
23.762,9.185
23.700,9.652
24.302,9.053
25.057,7.850
25.543,11.082
26.160,9.095
26.850,11.079
26.898,11.570
26.140,10.749
25.927,13.180
24.886,8.550
24.831,9.826
26.208,10.727
26.399,10.048
25.562,12.276
23.894,7.944
23.436,6.281
24.256,7.453
24.709,7.962
23.990,8.842
23.017,10.044
22.916,9.128
23.251,7.939
23.710,7.647
24.557,9.944
23.824,8.665
23.812,7.637
25.099,8.356
25.827,10.813
25.803,10.344
25.288,9.883
23.780,8.100
24.461,6.393
24.782,5.969
25.488,5.748
24.285,7.752
25.253,9.977
25.926,11.703
27.810,9.118
26.329,10.169
25.345,7.495
25.762,6.397
26.376,9.217
28.571,10.082
29.798,9.351
30.591,10.744
30.541,10.983
31.615,13.472
29.936,16.285
29.432,13.009
29.339,11.457
29.476,11.724
30.810,11.111
29.355,12.106
29.764,13.093
30.171,14.488
24.761,15.448
28.641,12.595
29.910,17.433
29.851,16.544
20.525,15.443
19.096,15.946
21.807,12.458
23.530,10.920
22.263,10.779
24.925,9.312
26.058,10.085
26.233,9.940
26.998,12.030
27.314,11.765
28.533,11.557
31.336,14.583
32.135,13.996
31.594,15.193
29.368,12.599
31.506,14.187
32.768,16.146
34.690,19.388
28.076,16.172
28.115,13.824
30.024,13.433
29.916,15.016
29.612,13.988
29.622,14.511
31.903,12.878
32.997,15.606
32.987,18.557
35.440,18.440
35.921,21.112
23.949,17.068
30.170,17.530
29.473,17.558
29.806,15.316
30.703,15.333
32.882,14.973
34.361,16.388
36.054,18.019
36.556,20.862
37.866,23.212
37.912,22.203
36.579,21.406
36.024,20.544
34.495,19.905
35.514,18.797
36.914,17.217
39.810,18.745
41.520,20.338
42.728,21.688
40.569,23.585
41.081,24.601
40.179,22.985
39.335,21.796
39.746,19.960
40.192,20.015
41.247,21.387
41.847,21.261
39.483,23.017
38.785,21.051
38.709,21.112
38.942,23.198
38.004,23.607
38.159,24.540
38.555,24.980
38.073,24.556
39.796,25.941
37.245,24.957
38.181,25.491
40.057,25.610
38.931,26.973
40.014,26.248
42.552,27.689
42.900,24.755
42.423,25.932
39.703,26.156
38.457,27.772
38.462,25.341
40.143,25.915
38.126,25.833
36.956,23.618
38.371,25.632
39.804,25.518
40.151,26.710
38.253,27.465
38.961,26.768
31.643,25.574
33.438,24.973
35.003,24.411
37.922,25.255
41.833,27.339
40.253,27.714
40.311,27.899
38.841,26.839
40.255,26.198
38.204,26.901
39.570,26.257
36.643,28.721
39.153,26.252
37.942,27.161
41.093,27.175
41.467,28.946
42.761,29.938
42.978,28.619
45.425,28.560
46.124,28.831
43.243,29.371
41.736,28.247
41.090,26.361
42.593,28.336
42.459,29.865
44.228,28.958
44.371,29.298
45.173,26.510
40.972,27.895
41.806,26.587
41.852,29.413
45.423,28.099
43.549,30.641
39.614,29.989
37.797,28.662
39.569,28.339
41.017,30.084
39.014,29.822
35.734,27.716
31.971,26.045
32.814,26.120
34.843,27.290
39.350,26.862
32.738,25.505
36.144,26.333
36.235,26.702
37.212,26.654
37.248,26.920
34.718,27.183
35.452,27.328
38.657,26.309
33.397,26.897
37.504,26.847
29.074,26.585
32.682,26.053
34.822,26.015
36.802,25.719
32.538,26.376
30.973,25.605
28.806,25.521
26.965,25.230
26.462,24.752
31.831,24.344
34.955,23.455
38.490,25.154
34.031,26.422
34.985,26.128
31.530,26.135
32.801,26.267
32.231,26.241
30.448,26.300
32.275,26.020
31.223,25.366
30.522,24.672
28.769,24.885
25.623,24.268
29.871,23.741
31.032,24.240
28.253,24.812
25.227,24.195
30.321,24.028
30.001,24.406
30.010,24.713
30.078,24.895
31.210,25.110
32.054,25.452
28.242,25.121
31.733,24.914
29.737,25.601
34.097,25.276
31.374,25.047
31.140,25.610
30.879,25.074
31.094,24.527
33.170,24.572
35.282,25.038
33.787,25.490
31.252,25.513
30.061,24.778
29.498,24.760
29.051,23.830
24.056,23.007
31.114,23.415
28.461,24.233
28.382,24.054
28.090,23.616
31.238,23.744
32.127,23.089
31.455,23.693
32.285,24.334
34.297,24.515
34.647,24.456
30.463,25.088
29.749,24.485
31.667,24.609
32.389,24.421
32.726,25.298
33.423,25.041
31.368,23.960
33.281,24.364
32.228,24.507
31.632,24.077
30.211,24.486
28.956,24.408
29.757,24.087
33.672,23.370
30.456,24.503
32.287,23.770
31.929,23.513
31.541,23.118
31.801,23.416
29.575,24.199
31.986,24.230
33.073,24.679
30.359,24.370
30.517,24.023
32.082,24.308
31.787,24.394
29.371,22.853
23.125,21.010
24.781,23.260
27.476,24.148
29.623,24.321
28.524,24.682
27.293,24.194
29.294,23.058
30.349,24.182
28.303,23.999
30.656,23.395
30.820,24.064
30.279,22.861
30.194,23.123
30.289,23.857
30.708,22.112
28.259,19.060
26.766,18.023
27.878,17.519
28.001,17.656
29.234,17.885
29.324,18.573
31.018,16.969
30.098,21.295
29.057,20.157
28.927,21.621
29.608,20.622
29.366,17.832
29.641,17.529
29.759,16.396
29.836,15.736
29.439,15.182
29.841,14.501
30.090,14.672
29.561,16.800
29.619,17.582
29.403,16.397
29.376,16.500
29.785,17.175
26.321,18.641
31.279,17.622
29.441,17.925
30.112,16.674
30.340,17.523
29.450,16.420
29.560,18.323
29.657,18.754
29.882,17.596
27.283,18.221
28.941,15.459
28.697,13.236
28.367,13.408
27.035,12.348
27.869,12.942
27.752,13.647
25.084,12.498
27.087,13.115
28.132,13.234
27.270,13.581
26.096,12.720
26.595,11.743
25.473,11.278
26.855,13.416
26.906,13.314
26.954,11.132
28.912,13.619
27.906,13.708
25.775,13.816
25.686,10.911
26.038,10.829
26.094,12.139
26.654,12.808
25.850,9.738
26.180,10.679
25.651,9.889
25.404,9.266
25.573,10.676
24.885,9.673
24.460,9.326
25.309,8.448
25.812,9.556
26.408,9.236
27.116,11.186
27.928,14.400
24.515,15.065
24.868,11.501
23.182,8.971
22.823,6.684
23.455,5.119
24.364,9.625
23.905,9.775
24.721,11.258
23.380,9.916
23.667,9.813
24.453,8.861
25.011,9.120
24.388,9.151
24.720,9.629
23.669,6.556
23.644,8.095
23.923,8.501
23.146,6.923
24.421,4.109
25.759,6.755
26.977,11.280
26.393,10.540
26.275,7.283
26.236,9.824
26.250,10.919
28.914,11.716
29.774,14.125
27.344,12.847
24.946,12.565
23.683,9.987
24.174,9.948
24.308,10.127
24.990,8.843
25.502,10.825
26.757,8.390
29.524,11.376
26.060,12.007
24.958,11.850
25.282,7.640
16.411,11.099
15.231,11.835
17.693,12.336
17.855,10.057
21.341,9.253
21.194,8.758
21.128,10.663
15.714,9.220
20.512,8.943
20.141,5.945
21.281,4.068
22.912,6.211
26.417,12.488
27.580,15.320
27.837,17.238
25.543,17.028
19.204,16.539
24.250,14.513
22.421,10.195
23.813,8.557
23.800,7.216
22.561,8.399
23.035,7.325
24.583,7.596
26.487,8.973
27.127,8.049
27.955,8.823
29.262,10.393
26.498,9.886
26.758,9.334
30.014,13.243
31.191,13.549
32.437,12.846
31.529,14.656
28.832,14.178
28.744,11.370
28.565,10.609
30.507,10.781
30.266,10.264
31.780,12.158
33.089,13.263
33.510,14.722
33.413,15.332
32.758,15.563
33.350,15.773
34.488,15.618
33.907,15.518
33.594,16.677
34.692,18.186
35.906,20.196
35.045,20.599
34.537,22.728
35.848,19.047
36.175,17.994
35.338,17.578
36.786,18.177
39.306,18.951
38.236,20.865
37.895,21.609
38.104,20.522
37.991,19.833
35.997,23.420
36.650,21.176
37.653,20.606
36.992,21.451
38.272,21.645
38.886,20.660
38.164,22.280
38.491,20.015
35.473,20.270
36.577,20.987
37.429,22.419
34.944,20.556
34.037,21.965
33.021,21.408
33.433,18.598
34.947,19.888
37.282,20.440
38.177,21.763
38.929,22.776
41.185,23.705
40.849,25.162
40.136,23.128
41.503,25.794
42.556,25.179
42.800,24.975
41.266,24.948
40.949,21.897
40.815,22.737
41.230,23.738
41.935,20.928
41.994,22.237
42.604,23.128
43.220,25.440
43.848,25.785
43.802,25.365
43.680,26.585
43.397,24.235
43.394,24.436
42.566,24.826
44.029,24.164
42.703,23.336
41.955,26.632
41.773,28.060
40.799,26.729
42.504,26.532
42.258,26.786
41.817,26.518
42.014,28.812
41.853,26.619
41.241,28.297
41.309,25.632
41.921,27.657
42.455,29.036
41.338,27.030
41.312,28.834
43.138,26.872
42.839,26.680
39.122,27.426
39.468,25.701
42.270,26.591
40.017,26.078
37.718,28.585
37.866,27.354
38.615,24.782
41.641,26.456
41.624,26.568
42.834,27.279
43.424,26.639
42.459,25.744
45.948,28.917
45.387,29.409
41.768,29.652
42.046,26.737
39.726,28.585
40.721,28.549
36.118,28.039
36.640,26.404
34.492,26.288
30.871,27.013
34.839,25.964
34.488,26.013
39.791,26.313
34.463,26.706
36.134,26.495
33.484,26.538
31.174,25.266
25.300,24.177
29.153,23.552
34.787,24.733
31.994,25.345
31.177,24.506
32.539,25.185
33.526,25.352
34.492,24.979
36.900,25.932
32.690,26.534
32.193,25.700
29.715,25.521
27.201,24.612
31.885,25.170
33.352,25.210
32.308,25.706
31.173,25.132
34.089,24.858
33.105,24.917
31.248,25.801
30.446,24.884
30.101,24.872
30.956,24.716
29.725,25.518
34.058,24.653
30.838,24.826
31.166,24.528
30.039,25.724
29.745,24.758
29.461,25.275
30.989,24.513
29.993,24.816
26.341,24.716
32.226,24.346
32.272,25.265
31.001,24.930
28.040,24.530
30.442,24.172
32.749,25.799
30.221,25.282
30.904,24.729
29.921,24.406
29.755,24.432
31.268,24.042
31.778,25.239
32.443,24.783
31.827,24.786
32.663,24.990
31.953,25.275
31.709,24.536
32.270,25.759
31.237,25.066
31.251,25.603
26.176,24.739
30.356,24.980
32.321,24.666
30.776,24.275
31.361,24.668
31.472,24.646
30.891,24.520
30.989,25.122
30.054,24.575
29.758,24.665
29.716,24.277
29.713,24.037
29.459,22.783
31.638,23.437
32.158,23.917
32.508,24.547
34.435,24.341
31.915,24.587
29.798,25.230
30.468,24.754
31.145,24.504
33.278,24.660
34.368,23.740
33.777,24.360
33.805,24.488
32.289,23.725
31.429,23.091
31.846,23.289
32.016,21.901
32.871,22.594
30.981,23.337
31.675,23.921
32.760,23.093
33.144,23.912
34.834,24.045
32.777,23.541
31.179,23.507
29.941,22.908
27.991,24.051
28.801,24.633
31.751,24.470
34.007,23.810
32.611,23.710
32.568,23.311
29.595,23.441
28.488,23.234
26.766,23.544
30.715,23.002
31.586,21.812
30.860,23.774
27.198,22.379
31.316,22.196
31.939,22.350
33.922,22.675
33.065,22.149
31.868,22.919
32.214,22.680
31.425,21.632
33.323,22.414
30.791,20.974
32.792,20.504
32.697,20.083
32.612,19.184
32.786,20.320
32.381,21.295
32.305,21.697
32.093,20.871
33.168,19.798
31.079,18.667
30.936,18.778
31.000,18.374
30.378,15.670
30.406,14.355
31.524,15.711
32.065,16.428
30.151,16.687
28.220,17.752
28.221,17.197
28.159,15.363
30.376,16.354
29.644,16.782
29.477,17.407
30.788,17.745
29.312,17.366
30.476,16.159
30.165,15.668
31.990,17.391
31.168,18.181
30.306,17.685
30.860,17.746
29.140,14.629
29.739,14.485
31.093,15.188
29.813,15.316
29.488,16.108
29.963,15.467
29.829,16.607
28.664,16.365
29.825,16.117
29.388,15.370
28.401,14.961
29.750,13.883
29.115,16.798
28.677,18.132
27.829,15.765
26.637,11.262
25.756,11.354
25.734,10.112
26.777,10.359
27.442,11.040
27.611,11.472
27.526,13.092
27.062,11.045
27.213,11.846
27.309,12.843
27.265,12.610
26.283,11.332
26.890,10.296
26.643,11.117
26.260,13.825
27.705,12.188
28.457,13.690
28.120,14.104
28.542,13.627
28.911,13.233
29.557,14.173
27.816,12.718
26.314,12.126
26.380,10.267
25.918,8.943
26.298,10.402
26.320,8.039
27.496,10.648
26.395,11.812
25.596,11.225
25.200,12.158
24.352,10.570
23.077,8.910
24.346,8.902
25.093,9.810
25.366,8.651
24.837,8.338
24.998,7.033
25.763,8.928
25.407,9.659
24.258,8.790
24.795,7.547
25.672,6.787
26.043,7.862
27.647,12.069
21.421,15.989
26.915,14.665
26.860,14.877
26.890,11.560
26.527,13.014
26.125,11.837
26.292,9.737
26.678,10.634
26.600,8.869
27.222,9.973
27.337,10.646
28.762,12.151
29.107,13.858
28.605,14.552
25.898,12.007
27.210,9.784
27.900,10.992
29.129,12.659
30.055,11.837
32.122,11.368
32.098,13.450
29.195,15.001
28.106,10.598
28.504,10.839
28.975,12.224
27.536,11.791
27.941,9.589
28.093,8.483
28.480,8.179
30.388,7.785
31.072,11.757
31.258,10.870
29.735,12.120
29.518,11.220
30.061,9.613
32.778,14.108
30.002,14.630
28.203,12.782
30.516,11.157
30.980,13.456
31.380,13.145
30.990,13.499
31.932,11.387
31.387,13.347
33.393,11.045
32.648,14.531
34.121,16.845
33.793,18.264
34.586,14.106
34.631,14.543
34.031,17.455
34.224,17.718
33.612,17.031
32.335,16.512
32.588,12.140
33.257,14.168
35.292,14.646
36.285,18.423
34.989,18.780
36.414,16.188
37.139,15.464
37.583,20.036
36.278,21.481
35.957,19.705
34.845,17.518
35.307,15.850
37.408,17.814
36.802,16.650
35.796,19.817
38.243,16.565
38.131,20.411
36.418,17.501
37.300,19.692
37.020,21.713
37.086,20.567
38.110,20.489
36.888,23.102
39.177,20.502
38.245,22.101
34.095,19.139
36.728,22.425
39.926,21.797
37.189,22.374
37.674,22.856
37.266,20.433
37.594,19.994
39.525,22.137
40.528,21.312
40.733,21.856
39.027,22.144
39.361,24.952
38.847,23.018
41.389,19.559
38.698,23.792
37.978,21.968
39.262,20.432
41.152,22.306
41.044,23.100
41.631,24.866
44.967,26.653
42.235,26.808
41.061,26.562
41.769,26.908
42.014,25.238
43.617,22.065
42.928,22.524
41.164,26.174
40.512,23.214
41.210,22.680
41.591,21.635
42.355,21.304
42.583,22.673
43.953,23.830
43.894,27.412
45.256,25.785
43.942,26.987
42.703,28.042
45.480,27.184
42.600,27.323
43.322,28.449
42.325,28.620
42.306,25.519
43.346,25.196
45.098,27.292
38.396,26.796
30.147,23.540
38.858,22.123
37.771,24.170
39.862,25.445
39.975,27.473
40.205,27.828
38.902,26.445
38.591,26.835
38.760,27.363
43.376,28.641
38.495,28.759
40.278,28.481
38.054,28.169
28.098,22.571
36.233,22.272
40.133,24.297
40.760,26.009
39.595,27.424
38.789,27.231
39.233,27.455
37.555,27.411
39.438,26.530
39.066,28.888
43.228,27.820
41.083,28.343
39.526,29.129
41.766,28.407
43.852,29.029
45.010,27.142
45.121,27.190
43.371,28.474
44.637,28.226
45.241,29.681
43.407,30.351
43.057,28.989
43.957,30.057
43.245,28.946
43.686,27.816
43.793,28.537
43.920,28.196
44.447,26.905
45.262,28.203
46.263,29.003
41.589,31.364
38.382,30.127
41.615,29.453
39.742,30.256
35.815,29.045
37.738,27.913
33.117,26.991
32.302,26.376
33.538,26.724
34.782,26.812
35.737,26.892
33.448,26.698
34.582,26.552
32.302,26.180
34.004,25.733
32.938,26.002
31.423,25.237
30.875,25.258
36.317,24.653
35.880,26.380
37.661,25.840
32.630,26.331
32.743,25.590
33.831,25.966
37.772,25.939
33.255,27.203
34.824,26.452
32.388,25.233
33.037,25.715
35.379,24.692
36.117,25.083
36.573,25.933
36.609,27.909
31.482,25.658
32.038,25.708
32.679,25.076
32.372,25.381
33.792,25.091
36.591,25.476
34.914,25.695
30.726,25.653
37.553,25.371
37.284,26.542
34.119,27.490
37.225,26.085
34.043,25.686
35.904,25.046
32.754,25.843
33.183,26.015
36.332,26.493
33.883,26.020
30.959,26.583
30.914,25.760
31.646,25.168
32.690,25.173
32.375,25.066
31.547,24.553
32.989,23.902
31.393,24.440
31.721,24.378
32.464,24.058
26.368,24.266
30.774,24.081
29.425,23.877
28.373,24.038
30.368,24.466
30.946,24.286
34.460,24.840
33.606,24.970
32.075,24.535
32.941,24.339
36.571,23.860
31.696,24.478
28.893,25.004
25.390,24.379
29.523,24.490
31.040,24.192
28.295,24.058
31.282,24.002
32.143,23.756
31.935,23.103
32.426,22.564
35.065,22.548
30.517,24.557
30.162,23.511
31.761,23.027
32.704,23.502
33.687,23.923
32.168,24.832
34.135,22.708
33.338,22.975
34.018,23.722
31.925,23.951
30.259,23.367
31.956,23.482
33.107,23.225
31.721,23.982
32.885,23.961
32.362,23.431
32.556,24.051
28.713,24.801
31.152,24.432
29.471,24.591
29.557,24.242
29.527,24.123
30.425,24.763
28.570,21.946
30.444,19.999
30.683,20.578
31.129,19.538
30.526,19.359
30.172,17.721
30.576,17.104
31.049,17.014
31.509,18.289
30.395,19.872
30.474,18.352
30.008,18.569
31.170,17.573
29.992,15.805
28.393,15.607
28.428,15.348
28.543,14.039
28.219,13.217
29.413,13.495
28.387,14.392
29.038,14.114
28.749,13.747
29.121,15.924
28.897,17.135
29.407,15.750
29.438,14.356
30.274,15.568
31.553,16.067
30.768,15.739
30.266,18.690
31.210,17.557
30.575,17.149
29.238,16.498
27.981,19.396
24.752,17.094
31.283,16.848
30.529,21.490
30.977,21.661
30.092,19.966
25.082,19.408
19.413,18.402
26.359,16.236
26.135,15.222
23.962,11.317
23.528,10.543
24.400,9.296
24.330,10.871
24.612,11.545
24.860,11.399
25.921,10.926
25.353,10.562
25.541,9.541
24.947,10.172
25.530,9.710
25.831,10.448
25.673,9.948
26.143,9.413
25.988,10.097
25.371,10.447
25.789,9.847
26.009,11.525
27.096,12.178
25.148,9.633
25.437,8.726
24.839,9.647
26.011,10.200
27.237,11.428
26.581,12.767
27.253,11.238
27.683,13.471
27.782,13.624
25.386,14.163
25.953,15.472
24.837,10.722
24.077,8.314
23.254,8.316
22.936,8.426
22.659,9.302
23.114,9.619
24.318,7.543
23.635,7.474
23.929,7.285
23.543,7.766
24.078,6.252
21.950,10.824
21.204,7.807
21.448,6.441
21.673,6.347
22.065,9.070
21.773,9.502
21.180,7.632
22.918,3.706
23.931,4.783
24.003,8.016
24.155,8.490
23.483,8.474
24.548,7.558
23.738,10.331
25.827,12.943
24.607,10.892
22.818,9.199
22.779,4.770
23.742,6.331
22.718,6.869
23.789,7.106
23.642,6.685
24.884,8.191
24.968,7.887
25.638,7.879
26.443,6.269
26.433,9.051
26.639,8.971
26.560,8.124
26.492,7.899
27.007,10.592
26.664,11.622
27.266,10.288
28.250,9.158
27.362,10.875
25.934,10.540
27.051,9.489
27.382,10.341
28.291,10.162
29.828,11.745
30.694,15.718
29.387,13.817
31.116,13.615
30.846,14.232
30.068,12.683
29.252,12.771
29.964,11.542
28.656,15.518
30.310,16.172
28.079,13.959
29.416,9.525
28.770,11.545
29.667,11.295
30.300,11.558
30.976,12.426
32.871,16.612
31.806,14.750
31.807,13.689
32.394,15.145
33.575,17.116
33.927,16.236
34.753,17.591
34.022,17.703
35.553,17.581
37.037,19.148
35.525,18.611
35.207,19.224
35.678,18.644
34.492,17.084
34.948,15.654
34.692,15.119
35.239,18.295
34.985,17.315
35.410,16.012
37.549,18.785
36.687,20.433
37.356,21.016
38.610,19.927
37.039,19.188
38.284,19.867
39.262,19.585
42.191,23.257
41.135,23.611
41.224,23.168
42.417,23.189
41.240,22.612
41.641,21.793
40.941,20.996
40.534,24.278
41.090,20.687
41.679,19.726
41.801,21.540
41.270,21.696
41.570,20.768
41.433,21.366
41.194,21.212
41.884,22.886
42.199,21.801
42.041,20.559
42.032,23.464
42.988,25.844
43.400,26.276
44.175,23.213
44.067,24.468
43.549,24.781
43.655,24.656
43.149,25.424
45.142,26.789
45.709,26.421
43.860,26.147
44.119,26.607
45.327,29.537
43.695,26.345
43.700,26.182
44.325,23.641
43.611,26.151
43.566,23.758
42.198,26.631
43.217,26.312
41.892,27.427
42.131,25.653
41.778,27.542
38.519,28.628
44.107,25.754
43.451,28.402
41.464,28.278
36.822,26.861
39.958,25.754
41.141,26.812
42.598,27.224
43.542,27.303
44.978,26.580
45.123,26.561
45.040,26.464
47.952,26.338
45.401,26.523
45.221,29.195
46.817,29.776
45.330,29.881
47.529,29.079
43.796,30.225
38.726,29.683
40.530,27.577
40.510,26.245
42.199,28.417
43.346,27.604
44.228,28.998
40.070,28.880
40.852,25.146
42.566,27.240
43.511,29.087
44.094,28.814
44.255,28.656
46.001,28.116
45.427,28.796
42.329,28.793
42.667,31.686
44.374,32.001
43.810,30.441
44.624,26.883
43.422,31.245
43.490,29.171
43.508,30.696
42.439,30.124
41.680,28.738
46.292,28.608
43.196,29.331
42.719,30.293
39.300,30.318
35.557,28.085
38.519,26.718
36.399,29.441
41.031,27.537
41.189,29.237
38.554,28.596
38.615,27.057
37.622,26.979
35.244,27.187
34.409,26.080
42.766,26.451
40.010,28.050
41.574,28.123
33.878,26.850
34.787,25.970
33.297,26.047
34.980,25.770
37.545,25.200
35.959,26.638
35.626,25.780
37.890,25.433
43.128,27.724
39.286,29.449
30.598,26.320
33.179,26.086
32.804,25.942
31.750,25.874
34.746,25.401
34.654,26.318
35.190,26.414
37.946,26.136
37.647,26.863
35.437,27.021
35.611,26.323
34.706,26.359
34.733,25.779
32.104,26.159
32.458,24.766
28.199,25.481
31.304,25.001
35.526,24.637
35.096,25.190
32.873,25.940
31.842,25.693
33.199,25.762
34.264,25.768
33.356,24.990
34.896,24.450
34.208,25.603
33.726,24.382
34.604,24.978
36.848,24.328
35.122,26.597
37.760,25.648
40.350,25.491
32.314,27.175
31.657,26.243
32.630,25.818
33.270,25.252
31.721,25.164
35.290,25.399
34.831,25.426
30.880,25.961
31.161,25.393
31.712,24.495
31.466,25.135
30.847,24.528
30.586,25.473
32.802,24.677
33.105,24.479
32.524,24.561
34.204,24.502
32.626,24.771
32.784,24.682
32.349,24.792
31.594,24.494
31.695,24.528
34.297,24.532
34.478,24.688
31.716,24.704
32.428,24.378
31.465,24.783
32.488,24.974
33.613,25.176
34.343,24.345
31.979,25.067
32.629,24.862
32.610,24.783
30.028,24.395
29.610,24.436
28.860,23.797
29.821,24.338
28.680,23.955
28.840,23.944
30.656,22.962
31.679,23.259
29.835,22.963
30.274,22.339
30.385,21.586
31.740,22.021
31.749,22.227
32.276,22.209
32.064,21.447
32.368,21.876
33.772,21.418
32.555,21.248
32.678,22.491
32.719,23.189
30.958,23.606
32.728,21.570
29.240,22.530
25.927,22.529
24.645,19.823
30.794,17.012
32.608,19.815
33.483,18.994
31.575,19.977
30.920,19.518
24.313,19.226
28.709,21.004
27.152,22.737
29.299,22.770
29.876,22.338
33.609,22.293
28.021,22.253
26.885,20.913
28.918,20.151
29.541,18.867
30.987,18.475
30.536,17.341
29.485,15.900
29.916,15.818
28.535,15.712
28.988,14.608
28.481,13.655
26.499,17.861
19.502,16.452
26.842,15.286
28.622,14.371
29.271,15.294
28.776,13.490
29.028,15.835
29.364,15.421
31.439,18.490
32.345,19.110
30.527,19.722
29.693,18.955
28.752,17.631
29.897,16.087
30.617,17.874
30.912,19.180
31.379,17.877
30.901,19.205
31.078,19.078
31.238,18.831
28.714,17.127
27.267,14.596
28.038,12.598
27.643,12.143
27.471,14.058
29.466,16.504
28.692,19.056
29.143,19.223
28.182,17.418
27.873,16.031
26.090,12.945
24.626,9.876
25.060,8.989
24.594,7.744
25.640,9.671
25.054,8.996
24.261,13.610
18.417,15.997
22.330,17.164
21.029,17.148
26.091,14.448
25.654,14.573
22.145,12.125
22.700,7.986
22.824,8.949
22.917,8.940
23.685,9.076
23.914,10.260
24.918,12.008
23.754,9.863
22.474,8.751
21.835,6.453
21.445,7.041
23.593,6.920
24.922,7.482
23.842,7.413
23.339,6.401
23.509,7.792
23.674,9.163
24.997,9.578
24.696,10.931
28.036,14.236
21.378,12.129
19.356,7.699
18.991,4.257
20.022,6.191
18.809,5.029
19.967,5.442
19.967,6.121
20.339,3.671
20.462,4.739
18.679,6.710
19.622,5.822
19.419,5.426
21.422,5.071
23.405,6.125
26.318,9.521
21.546,10.286
19.423,6.371
21.258,5.053
21.921,4.908
21.142,4.231
20.550,4.867
22.278,5.737
24.333,8.601
25.513,9.263
25.082,9.390
26.682,11.783
24.433,12.467
24.203,6.629
22.970,9.726
28.719,14.045
25.248,11.504
24.588,9.486
23.054,6.411
24.918,6.306
25.041,8.007
26.964,9.248
27.264,8.602
28.333,9.976
29.275,10.606
27.271,13.162
27.272,9.895
27.509,9.046
28.045,10.454
29.071,11.320
30.152,13.180
31.583,15.600
33.103,16.922
21.839,11.508
27.701,11.537
26.129,9.987
27.378,8.771
20.044,13.489
26.510,10.029
27.778,10.021
28.847,10.610
25.874,12.174
29.442,13.758
29.645,11.480
28.592,13.243
28.853,11.033
30.276,11.693
32.654,14.668
31.242,15.156
33.813,16.785
33.576,17.219
33.275,15.958
34.064,17.067
34.901,16.361
33.702,19.699
34.571,17.078
31.673,15.181
31.625,13.771
31.857,14.849
33.141,15.298
34.411,15.059
36.491,18.413
35.278,17.398
38.329,18.862
38.431,18.763
37.253,18.938
36.581,18.462
36.938,16.830
36.605,18.498
38.796,21.586
36.399,20.694
35.942,17.616
36.417,20.316
36.180,20.685
37.400,21.241
35.170,21.011
36.300,17.962
37.721,17.834
37.692,22.952
33.147,21.973
34.134,18.015
35.093,17.286
38.085,17.716
37.595,18.274
37.532,20.822
38.792,22.026
38.788,22.997
39.071,22.988
38.373,23.355
37.502,22.622
38.323,21.136
38.954,23.025
40.317,21.597
41.629,24.829
41.781,25.864
38.960,25.303
39.436,21.177
38.456,25.114
39.221,23.320
39.612,23.273
38.857,23.973
36.097,23.511
36.642,23.286
37.673,24.607
41.693,24.945
41.496,26.273
41.048,25.813
42.188,23.661
42.578,25.474
40.055,26.068
38.349,25.151
40.572,26.131
42.079,26.259
37.947,26.504
42.048,27.058
42.455,25.166
42.519,26.619
43.491,27.630
42.382,26.600
42.507,27.122
42.939,26.958
43.592,28.630
47.210,29.778
42.188,30.007
39.593,29.377
39.157,26.203
42.438,25.024
44.375,28.285
40.930,28.080
42.402,27.380
43.835,27.161
41.553,28.510
39.604,27.539
41.499,27.483
39.722,28.750
40.705,27.059
39.687,27.436
42.756,27.457
43.375,27.553
42.941,27.777
41.841,26.572
43.420,24.355
42.029,29.669
46.128,29.770
45.512,28.903
43.551,28.655
40.789,28.039
43.143,29.155
42.842,29.634
40.219,27.244
37.375,27.007
33.727,25.680
32.154,24.438
29.341,24.157
25.173,23.607
25.465,24.117
28.105,24.890
33.746,24.544
34.923,25.800
33.787,25.945
35.827,26.415
31.765,26.305
27.413,25.589
30.073,24.855
27.702,24.582
31.881,23.760
29.361,24.366
29.837,23.734
32.224,24.734
29.830,24.656
27.830,24.509
30.104,24.070
30.589,23.215
30.266,23.544
30.001,24.415
31.692,24.407
31.815,24.571
33.452,25.171
31.605,25.304
31.930,24.896
32.874,24.921
30.437,25.125
30.469,25.110
30.751,24.515
31.929,25.052
29.613,25.793
28.450,25.688
28.685,24.481
28.769,24.151
29.799,22.837
30.294,23.788
32.130,23.766
33.082,24.221
35.189,24.955
28.188,24.621
29.821,24.730
30.372,25.154
32.306,25.451
34.990,25.702
29.694,25.442
29.730,25.127
30.968,24.877
33.295,25.531
28.799,25.257
26.308,24.028
25.715,24.023
29.503,24.187
28.415,24.253
28.652,24.410
28.171,23.418
26.767,23.793
30.387,23.530
30.500,24.120
27.372,23.694
31.459,23.995
26.834,24.300
28.305,23.910
31.779,22.928
32.305,23.286
29.271,24.629
31.186,25.219
31.106,24.845
30.381,24.240
29.071,23.497
30.375,23.520
29.902,23.399
31.372,23.208
31.110,23.794
31.501,24.243
29.768,24.063
28.188,24.241
30.237,24.197
30.910,24.256
30.929,24.641
29.311,23.792
29.257,23.558
28.177,24.216
28.219,23.862
29.101,24.256
28.817,23.078
29.598,23.603
33.485,22.374
30.188,23.192
29.429,23.875
30.608,23.154
28.107,23.602
26.391,22.372
26.954,22.645
27.676,22.187
28.594,23.508
26.195,23.303
26.440,23.688
27.803,23.690
27.640,22.771
24.253,20.788
28.589,20.549
28.052,20.705
28.765,20.935
29.457,20.822
29.408,21.230
29.225,20.002
27.984,20.237
28.122,18.895
29.232,19.257
29.469,19.237
32.558,19.607
31.361,21.353
30.840,20.715
31.435,21.053
30.849,20.018
31.237,18.490
31.453,19.238
29.657,17.952
29.358,16.592
30.318,15.382
30.273,15.109
29.483,18.653
28.136,18.891
27.826,18.768
27.726,18.948
28.542,16.907
28.745,16.609
28.965,17.366
30.157,16.075
29.301,16.276
28.996,15.119
27.872,13.556
28.072,13.583
27.913,14.082
28.653,14.590
26.935,13.198
28.270,12.623
27.814,14.649
26.952,13.229
29.342,14.053
28.082,15.437
26.848,13.834
27.052,12.828
27.117,11.944
28.848,12.523
27.111,14.494
26.927,13.046
27.332,13.060
27.548,14.707
27.759,15.115
26.854,14.102
27.363,12.973
26.472,13.294
26.101,12.016
26.175,12.430
26.742,12.234
26.913,11.762
27.489,11.951
26.810,12.451
26.269,12.089
26.320,10.608
26.318,10.880
25.936,11.162
25.519,11.764
23.937,8.335
24.870,8.440
26.558,10.540
26.566,12.216
27.363,12.427
27.414,12.437
25.965,11.426
25.105,10.146
25.135,9.831
26.568,9.119
26.148,9.982
24.445,9.642
24.034,12.623
23.570,8.299
22.235,7.319
21.815,5.888
22.025,5.391
20.489,3.831
20.652,4.183
21.567,4.790
21.376,4.921
21.481,3.495
23.123,4.076
23.215,7.405
22.303,6.895
22.386,4.532
22.544,4.301
24.062,5.421
25.074,7.199
25.069,6.875
26.389,8.250
28.457,11.447
20.673,14.926
22.114,14.577
21.479,12.163
21.738,9.715
23.220,9.951
24.702,14.040
24.777,14.423
24.562,13.969
23.613,13.570
21.108,9.470
20.248,7.310
19.425,6.238
18.990,6.109
19.843,5.409
21.308,5.819
23.496,6.966
24.440,7.564
25.825,7.672
25.426,12.011
23.367,10.048
20.932,9.985
20.576,5.528
23.478,4.314
23.662,7.439
24.308,7.231
24.530,7.984
24.045,10.371
24.603,8.449
24.718,9.876
23.605,7.023
23.177,6.053
23.673,8.452
22.968,7.122
23.062,5.338
25.217,7.252
28.557,7.561
28.210,11.025
28.928,11.571
33.263,15.445
24.017,11.391
22.735,6.771
23.866,4.538
24.631,5.439
28.258,9.829
31.263,14.656
30.687,12.795
29.529,17.829
28.039,14.918
27.946,11.983
28.237,11.225
27.357,10.862
29.732,11.273
32.617,11.758
32.395,15.454
32.799,14.416
32.458,14.659
32.091,15.809
30.142,12.694
32.385,12.863
30.122,13.083
30.830,10.451
30.995,10.311
31.199,11.167
32.834,14.659
33.518,14.097
35.595,16.451
33.379,15.343
32.186,13.111
32.003,14.077
31.725,13.191
32.708,12.311
36.403,15.666
32.302,17.481
31.022,13.320
31.567,15.428
31.913,14.844
33.596,15.418
34.935,17.267
34.812,17.573
36.099,16.878
38.606,18.737
36.247,19.873
35.881,17.069
36.498,16.161
36.954,17.300
37.433,17.139
38.979,17.669
40.045,19.816
37.954,20.769
37.326,19.492
38.436,20.375
38.053,19.900
41.487,25.453
42.768,24.686
40.001,23.133
40.720,24.023
37.174,21.994
37.776,21.999
39.411,21.434
37.369,23.167
39.400,22.539
37.599,22.653
38.050,21.145
38.859,21.321
39.566,22.764
39.175,21.375
38.340,21.171
39.640,21.432
40.587,22.219
40.775,25.228
41.566,22.773
39.009,22.946
39.620,24.028
40.257,24.630
41.530,22.911
41.397,24.049
41.199,22.078
41.488,23.967
39.829,26.073
40.115,24.748
40.613,23.360
39.862,21.942
40.281,21.611
39.917,23.404
40.576,23.661
39.367,23.301
40.591,24.637
44.093,23.869
41.617,26.007
41.476,26.541
41.271,27.063
42.949,26.771
43.051,26.619
42.686,27.005
43.536,28.227
43.199,28.035
42.258,26.793
44.230,25.087
42.967,27.197
43.077,28.700
43.353,28.040
43.031,26.983
44.491,24.879
44.808,26.008
44.599,26.219
45.562,24.260
45.201,26.884
44.481,29.025
44.787,29.421
45.555,28.744
44.102,27.679
44.607,29.345
45.493,29.448
46.224,30.388
45.793,28.700
44.329,27.156
45.265,27.890
44.367,27.620
42.799,28.931
41.774,28.972
43.719,28.556
43.745,27.996
44.592,29.910
45.821,29.375
45.963,30.473
45.801,31.655
44.912,30.582
44.312,32.247
42.083,29.364
39.200,27.086
36.428,26.881
35.342,27.382
36.751,26.635
30.316,25.608
29.888,25.071
30.166,24.926
36.655,24.998
38.203,26.137
39.394,26.770
39.912,27.883
40.846,27.236
42.880,28.321
40.701,29.669
35.798,27.729
34.301,26.093
32.115,26.113
31.591,26.430
31.476,25.546
32.158,25.221
32.066,25.602
31.012,25.314
32.175,24.826
33.261,25.060
30.772,25.491
33.099,25.689
32.402,26.086
30.857,25.438
29.928,25.262
32.157,24.105
33.864,25.266
32.431,25.740
31.345,24.763
29.713,23.975
31.943,24.810
31.653,24.835
29.182,25.230
31.605,24.796
30.034,24.431
30.862,24.754
30.152,24.715
29.811,24.741
28.897,23.895
27.650,23.552
27.708,23.484
31.935,24.323
31.150,23.860
29.913,24.402
27.066,24.532
29.403,24.595
31.289,24.387
31.639,24.072
29.588,24.513
31.803,23.675
30.050,24.177
31.005,23.835
29.427,23.296
31.021,23.247
31.211,23.825
31.611,23.194
31.072,23.720
31.251,24.491
32.055,23.938
31.452,24.734
31.870,24.008
30.599,23.087
29.672,22.038
30.501,22.188
33.755,22.467
31.639,23.533
31.319,23.553
32.411,23.735
33.006,23.408
33.001,23.805
32.980,22.815
35.300,23.089
32.496,23.792
32.850,23.420
28.104,24.166
28.021,24.333
28.592,24.091
30.164,23.259
32.365,21.480
26.112,21.798
28.384,23.177
31.163,23.258
32.426,22.252
31.760,23.228
29.835,23.609
30.271,22.772
31.303,22.742
27.831,22.811
28.683,22.671
31.019,21.866
31.889,23.714
31.763,22.498
31.760,22.106
30.149,20.079
30.076,18.821
29.757,18.260
30.194,16.732
30.213,17.525
32.015,18.280
32.336,18.862
33.688,19.943
33.235,21.639
34.766,22.291
32.759,21.750
32.511,22.351
31.774,20.120
30.701,17.342
32.357,16.979
29.921,17.334
27.987,20.062
24.986,19.187
28.918,16.750
30.226,16.229
31.859,15.296
31.033,15.604
29.778,15.297
29.143,14.356
28.698,12.926
28.658,13.148
29.612,13.162
29.443,12.506
28.452,12.497
29.322,15.054
28.950,13.697
29.011,13.144
30.062,14.302
29.050,14.472
28.559,13.706
28.160,11.705
28.527,9.994
28.907,10.373
29.198,9.958
29.203,10.419
27.627,13.989
18.418,15.014
23.977,14.279
22.119,18.570
21.550,16.680
26.000,16.672
27.477,14.646
27.158,13.084
26.017,11.036
26.324,11.070
26.702,11.522
26.325,10.200
26.031,10.959
25.158,9.700
24.577,7.917
25.464,9.425
26.402,8.765
26.766,10.447
26.194,10.854
26.259,9.298
26.659,9.735
27.051,9.872
27.143,9.468
25.945,11.564
25.802,10.001
24.929,10.241
25.263,8.333
25.202,7.487
25.956,8.949
25.033,8.528
24.446,6.579
24.302,6.403
25.883,9.905
25.687,9.404
25.190,9.546
25.875,9.939
25.977,9.682
26.973,8.783
28.003,8.051
29.053,13.026
26.572,11.787
25.425,10.633
26.971,12.253
26.214,10.982
25.391,8.340
25.640,12.638
24.702,11.352
24.570,10.730
23.287,8.457
22.512,3.144
20.949,2.641
20.136,1.466
21.708,4.014
21.505,3.870
20.504,2.398
19.992,1.347
21.471,1.467
23.847,2.611
23.678,3.010
24.964,6.890
25.662,7.567
26.791,11.802
23.032,9.326
21.835,3.924
22.325,3.681
21.577,4.837
19.377,4.511
17.852,1.285
18.996,0.422
21.227,2.533
20.931,4.035
20.738,2.492
23.738,5.448
25.663,7.084
25.096,7.691
27.376,8.914
28.953,10.234
29.747,13.569
27.001,11.013
23.986,8.999
22.934,4.729
23.087,4.038
22.719,2.541
22.477,2.981
22.439,3.962
22.693,3.020
23.490,2.725
23.297,2.838
23.315,3.276
24.801,3.645
25.814,5.598
25.766,9.859
26.554,6.790
27.004,7.194
28.580,9.525
30.231,13.412
31.840,12.253
27.212,13.135
26.284,12.443
25.841,7.983
27.355,4.399
28.147,6.256
28.835,8.139
29.102,9.481
30.172,11.480
29.305,12.660
26.402,11.200
25.853,13.949
24.294,10.532
24.003,8.878
25.942,7.365
27.216,9.165
28.021,8.565
30.450,9.317
29.534,14.928
29.354,13.275
29.612,11.968
31.642,10.478
33.134,16.145
29.774,13.558
29.004,11.501
31.219,11.813
31.581,11.874
32.725,12.064
32.922,12.020
32.354,11.549
32.136,12.586
32.853,13.676
32.831,12.288
35.606,15.249
34.057,15.452
34.524,15.007
36.471,18.193
35.519,16.826
35.347,20.093
30.972,18.237
33.228,17.403
34.797,17.520
36.101,16.796
36.007,16.843
36.825,20.156
37.173,17.637
38.227,20.527
36.971,19.338
36.411,20.206
36.559,20.379
36.711,19.740
36.986,21.465
37.176,20.175
36.835,20.472
37.230,18.730
38.491,17.894
38.300,24.715
37.590,23.496
36.689,21.332
37.496,19.827
38.787,20.095
39.701,19.786
40.069,19.272
42.728,19.968
41.270,21.539
42.171,24.682
41.560,23.971
40.602,24.962
38.351,24.433
40.025,23.650
40.013,22.518
40.422,23.314
39.079,23.992
35.118,22.734
34.314,20.778
33.278,18.801
33.143,19.264
36.052,20.698
38.789,22.891
40.854,24.337
40.836,24.968
41.213,24.856
41.186,23.789
42.930,24.932
43.243,25.286
43.685,27.295
42.013,25.614
43.210,22.495
43.213,25.064
42.195,24.790
41.133,25.885
41.326,25.990
43.904,25.946
44.081,26.861
44.238,27.069
42.571,28.432
41.588,25.899
40.250,24.801
41.074,25.598
40.888,27.217
43.242,26.826
43.223,26.200
43.287,26.766
42.639,27.569
42.530,27.844
46.144,27.541
44.246,29.401
43.103,28.514
42.307,28.218
42.201,28.850
41.888,28.650
41.875,26.086
35.452,27.485
28.380,22.535
24.376,22.642
34.331,22.138
36.548,25.094
40.318,25.581
41.063,27.571
40.589,29.942
43.439,28.863
40.159,28.608
42.334,27.640
41.034,28.767
41.649,30.522
39.609,28.517
39.443,28.018
33.881,27.347
28.888,26.339
31.699,25.469
33.917,25.054
35.972,25.374
38.236,27.024
36.456,26.638
35.978,27.353
40.614,25.670
37.394,27.476
36.881,28.911
33.218,27.000
28.517,25.592
30.642,25.525
36.116,24.976
34.907,25.703
26.506,24.693
29.188,24.339
32.404,24.883
31.667,24.795
34.066,24.748
36.724,25.627
34.226,26.370
35.481,26.834
36.235,26.164
39.338,26.525
39.400,26.459
36.849,27.566
33.008,26.501
31.650,25.210
34.080,24.870
32.004,25.632
32.924,25.015
34.248,25.603
32.805,25.521
34.615,25.202
32.667,25.722
30.339,25.573
29.301,24.639
30.593,24.820
31.151,25.332
30.375,25.250
31.995,25.353
27.373,24.841
27.148,24.275
29.120,23.670
31.690,23.510
31.727,23.765
27.766,24.680
27.464,23.860
31.327,24.280
33.617,22.840
30.840,25.056
32.500,24.452
31.420,23.942
31.720,24.300
30.976,23.861
32.733,24.106
29.394,23.994
32.877,24.134
30.389,24.023
31.707,23.819
33.401,23.440
35.136,24.079
31.231,24.333
32.846,25.023
29.226,23.467
28.269,22.924
26.750,23.424
25.357,23.714
29.485,24.089
30.419,23.569
32.968,22.645
33.272,24.258
31.415,23.153
31.010,23.372
26.230,22.735
30.246,21.693
31.253,22.958
32.847,22.799
32.004,22.957
28.501,23.342
31.698,23.274
32.230,23.326
32.904,23.066
33.207,23.652
32.391,22.265
32.987,21.086
32.424,21.514
33.311,22.910
34.196,22.458
32.077,22.164
33.618,22.344
34.323,22.682
32.729,22.242
35.452,22.049
33.955,21.826
33.070,22.461
28.089,23.143
29.697,23.880
31.294,23.189
32.055,22.856
32.613,22.999
32.771,23.064
30.436,23.698
30.140,23.078
30.088,23.508
28.798,23.042
27.432,22.675
25.663,22.218
24.751,22.756
24.633,22.561
29.211,22.900
29.713,23.085
28.290,22.610
29.168,22.790
28.057,22.419
28.874,22.442
28.730,21.340
28.346,20.930
29.988,19.772
28.452,20.648
24.630,22.575
27.557,22.004
22.855,20.469
26.794,19.905
26.966,18.722
29.446,18.867
30.504,20.310
28.460,20.118
28.750,18.547
28.505,18.065
27.812,18.537
27.776,18.575
24.778,21.399
26.239,19.909
27.166,17.690
28.040,17.224
28.011,16.546
28.330,14.732
28.544,14.492
28.504,14.120
28.489,14.972
28.913,16.435
27.490,13.964
27.043,11.585
26.147,11.086
26.858,10.559
27.399,10.802
26.315,10.407
26.178,13.394
25.237,12.159
24.993,10.973
24.185,10.729
24.480,9.216
25.064,9.484
25.719,11.340
25.509,11.933
25.864,12.664
25.355,11.568
25.486,10.446
25.233,9.352
25.484,10.482
26.189,10.837
25.531,9.988
24.979,9.645
24.769,11.161
25.840,9.877
26.124,11.772
26.241,12.662
25.919,12.754
25.497,10.158
24.703,8.581
24.755,7.103
25.204,8.234
24.003,7.938
24.063,7.145
24.520,7.953
24.531,8.108
24.933,8.451
24.724,8.408
24.235,9.720
23.737,9.399
24.358,8.972
23.025,7.545
23.934,7.428
24.914,9.219
23.549,8.818
22.772,8.007
23.852,9.667
25.149,11.016
25.056,11.808
26.943,13.533
26.341,10.795
24.017,12.146
22.430,9.630
22.430,8.406
24.106,7.823
25.050,8.974
24.664,10.448
24.795,7.920
25.190,10.098
25.125,11.102
24.545,12.751
22.062,9.129
21.418,5.485
24.282,8.791
24.140,11.599
21.505,7.498
21.377,3.402
23.175,4.675
23.145,8.221
24.447,13.114
18.872,10.238
20.474,6.474
21.224,5.744
21.862,5.303
23.210,7.421
25.293,9.732
26.765,13.568
22.095,12.002
21.444,8.498
23.112,3.776
23.908,6.821
23.781,8.589
25.436,11.637
24.347,11.829
22.700,9.170
22.118,5.987
23.609,6.784
23.905,7.174
23.480,6.197
23.681,5.228
23.466,5.590
23.685,6.353
25.554,6.703
27.703,9.569
28.494,10.570
28.030,12.345
29.773,12.112
30.305,12.828
28.381,12.829
25.358,10.565
25.945,8.110
25.738,9.372
27.678,5.982
26.735,12.756
26.209,12.193
21.460,11.102
21.882,10.085
23.429,8.194
24.422,7.215
27.053,7.038
29.261,9.184
28.750,12.315
27.625,12.647
27.822,14.816
28.023,11.525
29.431,12.173
27.315,14.610
28.208,15.309
25.481,17.022
28.162,16.922
26.459,14.227
26.010,11.368
27.213,11.808
27.726,13.870
28.635,12.480
28.709,12.942
28.247,12.581
29.923,11.901
31.253,16.140
32.819,16.517
31.707,19.078
31.308,17.471
32.107,14.764
32.793,14.983
33.274,16.388
35.378,17.469
34.428,18.507
33.055,17.487
32.835,15.001
36.708,17.581
34.015,18.785
35.812,19.368
36.916,20.987
36.382,20.574
38.176,20.707
38.510,22.693
38.772,22.037
38.724,23.365
36.760,22.592
36.849,21.087
38.320,20.562
39.139,21.307
35.187,19.964
36.461,18.981
39.116,20.615
40.109,22.599
40.071,23.148
37.602,23.117
37.374,18.972
38.530,18.220
39.516,20.807
39.437,21.915
38.567,24.166
39.186,20.727
40.413,22.733
40.234,21.592
40.302,21.991
39.840,26.132
38.793,23.068
38.891,22.335
40.811,22.984
40.511,24.040
40.821,24.637
40.990,23.850
41.607,23.685
42.956,22.892
42.042,23.062
42.146,22.025
42.917,23.734
43.761,24.653
43.530,25.325
42.633,26.637
41.508,25.062
40.817,26.106
40.009,23.707
40.086,27.179
41.516,26.482
41.684,28.750
39.829,30.174
43.125,25.546
41.815,28.585
41.366,27.027
41.995,27.532
39.981,27.816
40.450,25.565
42.523,28.136
42.948,26.732
42.616,26.791
43.527,24.531
43.503,27.088
42.170,25.453
43.746,24.500
44.513,28.332
40.297,28.319
31.076,24.640
27.089,23.126
25.294,21.899
39.716,22.636
42.124,25.050
38.733,25.430
38.526,26.306
37.761,27.442
41.098,27.190
42.639,29.201
46.798,30.135
45.000,29.380
48.109,30.562
44.590,31.156
44.666,30.300
48.818,31.069
44.904,30.468
44.595,29.465
42.435,31.083
42.434,29.348
40.882,28.161
39.526,30.308
43.673,29.180
39.297,28.773
37.863,28.010
36.762,28.510
38.212,27.507
38.802,27.655
40.939,29.451
40.837,29.491
39.841,29.842
41.091,28.867
39.681,29.361
37.980,27.441
39.642,27.454
39.808,28.450
37.155,26.707
26.957,24.112
24.551,23.734
24.558,23.774
27.210,23.668
31.222,24.729
33.301,24.892
35.087,25.036
35.645,26.464
36.725,26.348
33.677,26.739
34.283,26.354
32.769,26.550
32.188,26.045
31.318,25.370
30.536,25.837
30.926,25.421
29.156,25.366
29.022,24.643
30.387,25.010
26.919,25.109
27.166,24.167
29.838,22.663
31.130,22.146
26.916,23.417
30.819,23.822
32.249,25.213
30.761,24.549
29.134,24.397
29.792,24.987
30.490,25.104
