20000101
23.828,5.806
23.623,6.139
22.818,5.830
23.372,7.090
23.640,4.830
21.921,5.687
22.109,6.216
22.837,6.123
24.913,5.969
27.073,6.639
27.368,7.944
27.825,8.262
26.140,10.321
26.415,12.489
27.192,8.412
24.612,10.533
23.058,7.228
23.802,7.692
24.580,8.451
25.778,10.138
25.279,7.307
28.006,9.704
26.780,8.525
25.375,8.200
25.776,8.496
26.421,6.496
28.118,9.269
26.556,9.552
24.626,10.972
25.417,9.422
27.002,8.992
31.740,13.283
27.687,12.337
28.201,10.705
28.830,10.829
26.706,15.832
21.511,12.702
24.819,11.870
26.553,8.652
26.608,8.261
27.153,7.758
23.531,12.936
26.485,15.117
26.663,10.759
26.490,10.501
26.275,8.600
27.871,7.818
28.302,8.650
27.520,7.919
28.198,7.621
27.886,6.810
25.412,13.621
28.741,10.993
28.347,9.646
27.972,9.217
27.674,9.773
28.040,11.868
28.337,9.490
29.220,10.294
31.831,12.602
33.819,12.047
33.091,16.666
33.308,13.922
34.782,16.941
35.378,16.457
33.732,15.249
36.801,14.655
33.600,17.258
30.606,14.313
32.296,14.140
35.529,14.003
35.590,16.144
35.079,15.291
32.609,16.640
31.786,16.720
32.806,15.097
34.685,15.513
36.841,15.777
34.665,15.856
33.716,14.485
35.350,12.911
39.079,18.023
37.351,22.946
33.706,18.918
34.241,16.585
34.659,16.740
36.201,16.319
35.816,17.841
38.314,16.311
37.784,17.099
40.790,21.688
41.512,21.237
41.078,23.674
40.538,21.660
40.688,21.184
41.050,20.031
41.147,20.069
40.990,19.848
42.549,20.559
41.481,20.282
40.478,19.909
41.001,21.239
39.782,19.678
41.445,22.207
42.353,22.661
42.615,24.589
42.442,26.695
41.543,25.573
41.402,22.100
43.348,22.601
43.993,25.174
44.536,24.268
43.399,24.642
42.769,25.735
41.212,27.438
42.512,22.817
42.740,24.208
43.493,25.091
43.752,26.778
44.234,25.422
44.247,24.144
44.109,25.299
43.407,23.433
40.692,27.480
40.099,25.316
40.014,25.865
41.046,27.061
42.441,25.823
41.366,26.498
44.143,25.470
41.879,27.294
43.687,27.587
43.048,28.579
44.555,27.897
43.838,31.477
40.802,28.849
40.483,28.471
44.063,29.626
45.114,29.783
44.352,31.981
43.213,29.460
42.805,28.732
36.402,27.191
37.417,26.870
39.633,26.833
43.225,30.213
44.263,31.256
44.394,28.314
45.779,30.836
45.656,31.644
43.458,28.774
42.886,30.707
40.281,29.104
40.709,29.375
41.569,28.088
40.677,29.443
37.893,28.707
33.268,27.655
34.969,27.179
37.379,27.588
38.081,26.941
36.880,27.655
39.881,27.549
41.927,28.583
42.393,29.699
43.165,29.628
36.833,28.914
37.313,27.637
35.325,29.194
36.672,27.925
30.187,26.518
34.724,25.971
35.889,26.147
35.722,26.323
36.315,25.978
38.812,26.548
38.016,27.797
39.303,29.143
38.265,28.556
37.284,27.057
35.092,27.376
37.571,26.036
40.265,27.031
39.547,28.987
37.220,28.369
37.815,28.315
41.265,30.339
43.280,31.530
32.380,26.157
39.182,26.211
37.996,27.023
35.477,28.026
34.318,26.747
33.941,26.461
33.299,25.930
37.918,25.135
35.017,27.005
34.330,25.971
36.341,25.728
33.167,25.790
31.180,25.284
32.106,24.990
30.286,23.625
31.784,23.958
31.938,23.967
32.623,24.805
30.491,24.742
31.194,24.876
30.553,24.829
33.546,24.202
31.844,24.695
35.401,24.589
34.138,25.770
31.070,25.368
33.992,24.946
33.597,24.494
35.898,25.445
36.087,25.738
36.395,26.741
37.683,25.415
35.992,26.363
32.291,25.697
33.380,24.592
32.773,24.627
35.374,26.318
37.914,26.410
34.525,24.991
33.851,24.553
33.351,24.169
33.071,24.801
31.782,24.151
33.213,24.258
34.520,24.925
33.875,25.252
35.002,25.503
35.171,24.804
35.759,24.777
36.195,24.919
36.724,25.026
36.312,24.555
36.461,24.446
36.140,23.844
32.178,24.076
29.652,24.309
25.229,23.947
28.730,23.793
28.931,23.722
33.381,23.688
31.870,23.283
32.357,24.061
32.385,24.841
31.442,24.502
28.625,23.862
30.661,23.195
32.860,23.303
32.969,22.397
32.232,19.666
31.081,21.309
29.217,23.899
33.782,23.005
31.975,24.323
27.673,23.877
28.421,22.650
25.756,22.399
29.036,22.068
28.697,23.285
29.607,22.167
30.353,21.051
32.423,21.169
31.751,20.956
31.837,20.153
32.577,19.687
28.476,19.389
31.762,17.945
31.870,19.086
31.256,18.359
32.892,20.957
33.449,20.772
34.070,21.161
34.574,22.084
35.083,22.560
35.026,23.488
34.767,22.800
33.704,21.642
32.989,19.944
32.120,19.343
32.196,17.189
31.242,15.186
31.079,13.710
31.197,14.735
31.571,16.316
33.145,18.198
34.438,19.845
33.008,19.750
33.609,17.504
32.407,16.344
32.165,17.320
33.050,17.451
32.772,16.590
31.525,13.885
30.882,14.188
30.663,17.385
29.867,17.768
29.411,15.187
30.014,15.504
30.915,15.977
31.500,15.869
30.880,17.358
31.561,16.206
30.489,16.265
31.205,15.850
30.631,14.566
30.993,14.528
31.038,14.151
32.286,15.233
31.245,13.339
30.100,14.858
30.108,11.954
29.002,11.021
30.459,14.359
28.590,10.849
28.569,11.728
29.132,11.326
29.327,12.024
31.661,12.711
30.961,12.999
30.858,12.500
29.917,12.309
29.009,12.474
29.219,13.224
27.572,11.011
27.513,8.101
28.930,9.496
27.814,8.512
27.255,8.128
25.392,9.325
24.541,7.616
23.792,3.673
23.936,6.565
25.244,6.206
25.839,7.655
25.799,5.700
25.318,5.803
26.967,8.189
27.107,8.714
26.507,7.218
24.468,6.396
23.708,6.118
23.929,7.083
24.681,6.266
25.123,6.500
26.048,7.043
26.728,8.431
27.529,11.287
24.372,9.151
24.043,5.663
24.394,5.816
24.010,6.121
24.690,5.419
24.977,6.834
25.696,10.119
25.760,8.773
25.226,7.412
25.319,6.525
25.586,6.529
25.801,6.872
15.503,14.400
25.324,10.989
25.059,9.192
23.207,7.497
21.587,7.422
22.924,3.433
23.615,3.078
24.875,3.873
22.950,7.621
23.347,3.665
22.857,3.544
23.960,1.957
24.749,6.475
24.233,5.075
24.170,2.433
25.757,3.354
25.425,5.176
25.252,4.478
25.571,5.377
26.881,3.931
28.187,6.563
29.850,9.596
27.314,13.366
24.067,9.139
23.935,7.796
25.381,6.084
25.971,8.307
26.483,8.226
27.963,6.183
29.050,8.912
32.174,9.270
31.393,13.285
30.050,15.490
28.524,9.941
27.944,5.248
29.658,13.697
28.224,8.124
28.908,10.610
28.942,10.127
27.768,10.294
28.198,9.083
28.537,10.018
29.535,8.062
30.907,7.283
33.428,9.240
34.610,14.248
33.137,17.334
33.682,12.362
31.551,11.075
32.592,14.958
32.276,13.352
31.249,11.383
30.841,13.279
31.453,12.658
33.767,12.308
36.049,16.593
32.989,12.568
32.817,14.455
32.941,12.734
32.577,18.923
32.835,14.887
33.940,12.052
34.073,12.732
29.709,17.632
32.135,14.582
33.458,12.154
34.164,11.383
33.157,12.557
34.648,12.547
34.364,13.905
34.402,13.340
34.424,13.645
36.699,14.806
35.609,15.237
35.807,15.667
35.997,17.243
35.939,16.561
37.058,15.559
38.583,16.927
39.798,19.161
36.501,21.813
37.551,21.331
36.146,19.435
36.978,19.248
37.050,20.255
37.785,18.808
38.246,19.981
42.067,21.721
43.147,26.551
40.052,23.558
36.412,23.047
36.793,18.841
37.711,18.335
38.931,18.854
39.689,21.407
41.625,24.637
41.186,21.942
39.600,23.185
42.098,23.097
43.080,20.968
42.255,21.590
42.257,24.381
37.685,25.906
35.110,24.122
38.002,22.901
38.344,23.196
42.025,22.535
37.510,20.917
37.876,20.467
38.509,22.628
38.028,23.258
38.719,21.994
40.499,22.299
41.930,22.940
42.352,21.030
43.935,22.485
43.965,23.156
44.664,26.131
45.235,21.704
44.268,24.692
44.111,27.440
43.988,28.973
43.440,27.990
44.924,27.581
42.960,26.496
40.767,27.230
42.339,27.115
44.079,27.354
44.613,27.646
45.170,27.344
42.738,28.298
39.050,27.055
40.862,27.426
43.055,28.956
42.433,29.357
43.023,28.173
41.356,28.074
39.325,28.078
39.577,26.590
40.362,27.428
38.569,27.066
39.995,30.054
43.178,28.033
44.487,28.894
46.217,29.585
45.869,29.940
41.577,31.343
43.711,29.183
42.859,30.268
40.594,26.618
42.829,27.333
40.063,30.928
39.209,27.601
38.514,29.513
39.700,29.630
39.022,27.533
41.052,29.196
41.162,28.131
42.562,28.311
42.270,29.005
42.109,29.381
40.414,28.359
38.611,29.084
37.187,28.857
30.892,26.819
29.723,25.482
30.276,24.931
34.544,24.429
33.692,24.962
35.942,26.378
30.779,26.397
34.486,25.417
27.258,25.463
35.161,24.872
32.035,26.179
33.987,25.233
31.192,25.397
31.950,26.027
32.976,26.307
33.318,26.136
32.819,25.975
32.012,25.828
31.774,25.667
33.964,25.948
31.470,27.027
34.794,26.204
36.431,26.064
35.415,26.404
35.247,26.204
32.354,25.827
31.972,26.132
31.533,25.346
31.141,25.180
27.524,24.239
30.397,24.690
30.041,25.077
29.525,24.715
33.208,24.293
32.222,25.094
31.592,24.709
32.601,24.711
30.983,24.963
32.340,25.256
31.438,25.161
32.609,24.856
32.794,25.659
33.963,25.552
31.780,25.786
30.801,25.217
28.885,24.863
30.599,24.543
31.872,24.749
34.268,25.027
34.106,24.528
31.369,25.290
32.972,24.908
32.492,24.778
31.534,24.768
32.236,24.374
35.417,24.626
34.924,25.447
32.199,24.771
33.126,25.134
33.929,25.123
35.221,25.295
33.287,25.251
30.452,25.378
34.334,24.503
35.966,24.505
33.387,25.012
32.288,25.542
33.669,25.666
31.895,25.361
33.032,25.171
31.692,25.497
31.199,25.592
29.689,25.655
31.205,24.693
30.888,25.014
34.244,24.944
33.272,24.939
31.871,24.931
29.091,24.622
29.662,24.812
29.880,24.300
30.366,23.702
28.400,24.240
29.549,25.235
31.056,23.724
29.626,23.718
30.255,22.839
28.519,22.640
31.819,23.190
32.576,23.349
28.342,21.781
32.945,21.750
32.128,22.725
32.075,24.033
32.427,24.162
32.673,22.973
32.148,21.265
32.634,20.341
33.805,21.575
32.729,19.950
33.169,21.327
35.619,21.075
35.803,22.579
34.140,22.721
34.210,23.100
35.000,23.482
31.586,23.261
32.091,24.112
31.273,23.730
31.613,24.043
30.741,24.112
31.629,24.161
32.213,24.316
29.289,23.644
29.948,23.059
31.079,20.892
32.578,22.413
32.875,22.673
32.727,22.449
32.946,20.802
32.664,20.055
32.117,18.541
32.423,19.367
32.135,18.515
32.271,16.295
32.316,17.111
31.740,18.723
31.622,16.563
32.064,16.189
31.030,15.312
30.741,16.770
31.311,16.665
30.865,18.593
31.145,17.797
31.902,15.782
31.069,16.067
30.352,15.278
30.777,19.561
30.661,17.452
30.766,18.305
32.130,18.106
32.017,17.928
31.134,16.388
32.214,17.266
32.453,16.705
32.360,16.479
29.623,16.276
30.084,15.535
29.983,16.084
28.910,14.774
27.896,12.692
27.729,12.210
28.454,12.069
28.499,12.193
29.321,12.529
30.081,15.430
30.895,18.029
29.464,14.568
28.083,11.408
28.048,11.311
28.952,12.700
29.735,15.614
28.589,14.354
28.811,12.572
27.966,11.362
27.885,11.933
28.292,12.199
27.264,10.853
27.469,10.267
26.136,9.895
26.012,9.674
25.853,9.828
26.254,10.087
26.793,9.717
27.231,10.084
27.589,10.482
26.473,10.859
26.998,9.366
27.713,9.795
27.417,9.555
26.609,7.393
27.822,8.565
26.388,7.989
25.629,7.954
25.450,7.539
24.537,9.581
25.863,6.934
24.692,8.562
24.472,6.621
25.511,9.756
23.739,6.338
23.784,6.864
24.467,5.725
24.399,5.104
24.237,4.314
24.275,5.963
25.689,5.936
24.926,6.801
25.687,7.082
24.654,7.258
23.593,5.717
22.590,3.521
22.844,4.427
23.690,3.463
24.230,5.563
24.974,6.180
25.078,6.251
25.090,5.909
26.144,7.177
24.320,5.530
24.646,7.550
26.189,9.182
24.643,8.435
25.810,7.775
26.785,7.107
28.417,10.148
31.308,15.029
28.765,14.487
31.657,14.469
29.388,13.379
30.191,13.529
24.626,11.626
24.194,13.805
23.510,13.393
24.820,9.362
24.808,9.028
27.082,7.907
28.830,12.317
18.858,10.636
22.600,7.804
22.913,7.424
23.768,8.049
24.371,5.866
25.921,7.622
25.718,9.556
26.825,9.453
26.478,5.859
28.448,9.872
30.513,16.818
22.942,16.811
30.100,16.464
28.859,14.055
31.972,14.401
23.064,13.628
27.034,12.477
26.645,10.589
27.567,10.890
29.230,10.228
30.727,10.764
30.671,10.981
32.362,14.755
32.727,17.589
32.350,13.025
32.594,12.425
34.012,12.960
34.552,14.656
33.677,18.598
30.943,15.896
31.530,14.245
31.743,12.499
32.943,13.774
36.386,16.580
34.261,19.283
30.373,14.564
31.482,13.758
32.306,13.445
32.112,12.042
35.648,13.031
36.669,21.305
36.586,18.438
35.898,17.601
34.841,17.180
35.799,19.097
35.616,19.986
29.266,18.741
35.213,18.866
34.927,17.565
36.389,16.498
36.699,16.037
37.414,17.366
37.596,18.457
38.115,17.950
38.148,19.496
38.391,20.043
39.059,18.336
39.701,20.488
38.710,24.221
37.706,22.502
36.704,21.174
36.996,19.323
39.277,17.364
41.296,20.125
39.310,24.806
37.502,22.842
37.526,20.655
38.790,21.364
40.151,22.798
42.290,24.136
41.803,22.078
39.268,24.045
39.485,24.244
39.250,24.153
39.464,23.453
38.691,19.932
39.395,20.938
41.939,22.862
42.683,23.407
44.050,23.471
43.245,24.129
43.533,25.265
44.567,24.136
43.604,23.534
43.458,23.885
43.442,25.123
42.286,26.603
43.363,28.314
42.448,26.967
40.829,23.070
43.639,24.101
44.672,25.426
42.259,22.462
43.566,24.410
45.607,27.216
43.853,26.201
42.675,25.851
44.287,26.886
43.746,27.285
44.043,27.767
44.083,28.836
44.494,27.605
44.234,28.813
45.832,29.331
43.979,27.947
44.132,29.218
43.908,31.022
40.895,29.559
39.369,28.295
40.226,29.252
44.756,29.352
46.906,29.659
46.246,29.541
45.797,32.552
45.572,27.425
46.609,27.294
44.620,29.338
43.123,28.810
42.269,27.834
42.014,28.333
41.145,26.983
41.010,26.947
39.239,28.164
40.074,26.568
41.568,26.151
42.704,27.027
43.872,29.423
44.086,30.343
43.884,29.495
42.655,29.037
40.375,30.638
44.316,29.772
43.499,30.901
39.990,29.915
38.726,27.607
37.399,27.626
42.348,27.188
43.406,29.001
43.265,31.598
43.943,30.630
44.122,30.012
43.869,30.752
43.566,30.720
43.140,30.418
43.525,29.535
41.805,30.570
33.047,25.983
37.339,26.224
36.311,26.730
37.537,27.064
36.673,27.484
39.293,27.760
38.184,28.724
41.241,30.108
37.085,28.117
33.212,26.690
29.271,25.459
26.781,24.597
27.018,24.627
36.348,25.094
38.738,27.739
38.685,28.890
39.850,29.246
40.811,29.704
42.054,30.724
41.048,30.191
41.714,30.025
42.261,29.180
34.114,28.178
34.198,26.517
35.408,26.462
36.334,26.466
35.086,26.373
36.597,26.591
31.149,25.391
31.992,24.652
34.602,24.742
36.703,26.713
36.820,28.342
35.968,26.116
37.699,25.705
34.538,28.064
40.679,28.062
38.826,27.603
40.381,27.814
37.900,26.549
36.700,26.837
36.112,26.182
32.970,26.541
33.096,25.274
32.254,25.874
31.764,26.406
34.921,25.729
36.195,25.851
31.807,26.298
28.852,25.566
27.734,24.723
26.433,24.251
29.548,24.317
30.991,24.553
30.777,24.815
31.245,24.926
30.846,24.257
33.308,23.956
32.575,25.209
29.918,24.270
30.456,24.755
31.433,24.598
32.065,25.045
33.738,23.990
32.590,24.147
31.862,25.099
29.692,24.986
31.353,24.673
30.249,23.467
30.087,23.648
31.757,23.225
29.732,24.084
31.506,24.291
31.036,24.393
32.241,23.656
30.543,24.113
30.742,23.775
31.687,23.974
30.126,24.241
30.974,24.294
27.876,24.014
30.017,24.568
31.159,23.982
31.622,23.304
32.283,23.402
32.203,22.328
32.453,22.914
31.974,21.859
31.679,21.433
32.702,22.092
32.323,22.206
29.947,24.016
29.791,24.384
32.883,24.123
30.001,22.271
30.189,21.699
30.326,21.683
30.808,21.435
29.990,22.191
32.174,21.834
33.331,21.140
30.721,19.045
31.374,19.612
31.961,18.870
33.291,19.768
33.951,20.390
33.942,21.513
31.141,22.235
32.128,20.395
31.289,18.772
31.576,19.616
32.977,19.214
31.886,19.197
30.413,20.543
30.739,20.966
31.368,20.862
32.882,20.805
23.091,20.858
29.159,19.782
31.157,18.888
30.528,18.597
31.502,18.664
32.098,16.685
32.355,18.526
29.850,16.090
29.175,15.306
28.864,15.456
28.909,15.808
30.074,15.901
30.961,15.643
31.060,15.583
31.645,15.861
30.775,15.218
30.659,15.276
30.211,15.979
30.293,15.475
29.235,15.477
30.968,15.913
31.486,17.121
30.735,18.998
30.463,16.827
29.387,17.202
28.953,18.122
28.170,17.087
28.185,15.046
27.689,13.912
27.958,12.844
27.069,12.715
27.501,12.635
27.219,13.148
28.485,12.686
29.546,13.070
27.953,11.651
28.501,12.223
28.543,12.639
28.247,12.766
27.452,11.472
27.838,12.632
27.369,11.045
26.887,11.603
27.241,9.743
27.546,8.426
26.481,9.330
26.590,8.296
27.079,8.868
27.099,9.563
27.786,9.283
27.443,8.354
27.095,9.885
27.926,11.098
26.185,10.249
25.873,5.551
25.780,6.314
25.093,7.754
25.729,8.546
25.805,9.663
26.506,10.364
26.817,10.439
27.239,11.318
28.595,11.874
28.565,11.197
28.011,13.233
27.076,10.697
26.002,9.132
25.872,9.531
26.569,12.364
24.937,9.168
24.881,10.341
23.869,10.319
22.451,6.450
23.222,5.578
28.048,8.978
18.803,10.376
21.681,7.635
23.568,5.854
22.977,9.046
22.174,8.484
21.959,5.248
22.418,3.774
21.911,5.816
21.544,2.568
22.339,2.041
22.420,4.156
22.730,4.834
22.580,3.300
21.701,4.843
22.479,2.424
22.521,2.503
23.637,3.569
24.779,4.002
25.405,5.253
25.886,5.200
23.218,4.644
24.332,5.726
25.744,5.698
25.233,7.098
26.888,6.559
26.836,7.064
29.270,11.063
29.127,9.529
24.691,13.817
26.224,12.032
29.459,11.349
24.948,17.200
23.868,13.498
26.737,15.902
22.286,14.739
26.390,15.269
27.679,13.769
28.306,11.091
29.873,11.125
29.960,12.893
30.059,14.146
30.495,14.703
28.715,14.656
28.368,14.410
28.750,10.711
29.705,10.177
29.774,9.565
30.714,11.756
33.459,14.505
33.804,16.297
29.821,15.234
27.040,14.215
28.308,12.500
28.432,11.552
30.116,12.564
31.608,15.131
31.429,14.162
32.811,16.421
34.122,15.895
35.315,21.833
35.746,20.246
37.333,17.408
31.542,16.978
28.766,11.518
29.891,11.878
30.715,13.111
30.974,12.471
31.912,11.945
34.491,12.036
35.101,16.753
34.529,15.721
33.961,16.540
33.162,17.262
33.359,17.745
36.689,18.507
35.695,17.004
35.602,17.549
35.112,17.876
34.304,17.227
35.013,17.440
35.459,17.071
35.540,15.838
36.894,19.494
37.572,18.661
37.731,19.675
37.219,19.175
37.917,20.918
37.241,22.347
39.770,21.886
37.994,21.587
38.154,21.896
39.217,22.393
41.222,20.942
40.322,24.554
40.280,25.025
39.088,21.696
39.719,22.584
39.698,19.772
40.281,21.465
40.629,22.037
41.825,20.566
42.690,23.636
43.300,25.579
41.902,23.619
42.562,24.221
42.139,22.879
41.776,22.581
42.726,25.133
43.666,27.485
42.388,23.539
41.385,25.329
42.046,22.114
42.273,22.792
42.619,22.602
42.415,25.490
44.574,27.566
44.948,25.725
40.981,28.494
41.422,26.395
39.196,26.354
38.498,26.251
41.753,23.723
43.151,26.488
42.113,26.318
41.842,23.345
42.388,22.256
42.749,22.127
43.154,23.479
39.740,25.617
40.830,21.990
41.933,24.428
43.538,26.215
42.489,27.120
46.148,27.761
42.730,29.241
43.176,29.968
44.791,24.588
44.544,25.835
45.087,24.708
43.829,27.806
45.698,29.456
43.605,30.037
42.244,27.655
44.111,29.997
43.973,27.852
44.428,30.498
43.275,30.183
44.519,28.764
45.395,26.849
44.716,26.321
46.114,25.823
45.846,26.744
45.009,28.481
45.473,29.770
46.051,30.884
47.954,31.294
45.605,28.904
43.513,29.960
44.819,29.880
44.027,30.550
45.011,31.075
45.892,28.852
46.474,32.831
44.433,32.820
42.785,33.142
42.717,29.929
42.182,28.875
43.228,30.305
39.229,29.825
35.678,27.941
37.465,27.718
37.901,27.470
33.150,27.003
31.988,26.229
33.924,26.696
37.932,25.965
33.784,27.582
34.052,27.086
33.854,24.697
33.741,25.714
34.650,26.237
36.280,26.557
32.689,26.550
35.253,26.305
36.814,27.243
37.377,26.244
37.376,26.787
42.944,26.251
37.234,27.497
32.950,27.371
37.872,26.130
34.903,26.110
38.174,26.076
36.487,27.974
34.174,27.154
34.308,26.130
34.038,25.454
36.962,25.963
37.752,25.629
38.019,26.220
37.943,27.246
37.841,26.806
33.248,26.218
34.172,26.178
36.171,26.597
31.569,26.360
29.457,26.172
31.724,26.187
33.779,25.224
32.077,25.680
29.883,25.330
25.444,24.486
32.155,23.351
30.324,25.355
31.057,24.772
32.821,25.069
34.790,24.845
33.261,24.676
35.298,24.743
35.214,25.547
36.591,25.282
35.769,25.887
31.054,26.524
29.680,25.508
29.997,25.491
33.738,25.049
30.801,25.927
33.081,25.630
32.822,25.198
32.326,25.312
30.409,24.582
31.572,24.323
32.979,24.914
33.321,25.095
28.536,25.278
31.515,25.416
32.679,25.538
30.948,24.977
30.968,24.692
29.285,24.278
29.876,25.066
30.436,24.493
31.768,25.520
30.848,25.196
27.515,24.917
30.169,24.007
29.712,25.187
31.207,25.026
30.602,24.934
28.870,24.142
29.843,24.300
28.289,24.607
30.537,23.833
33.103,24.426
33.907,24.157
30.224,24.912
30.269,24.622
31.669,24.311
32.186,24.108
33.749,25.011
31.817,24.229
32.223,24.434
33.166,24.832
33.222,24.306
33.573,23.747
32.011,24.014
31.992,23.829
29.852,23.631
30.242,23.703
31.033,23.523
30.877,23.223
30.127,24.366
31.369,23.808
30.923,23.159
30.365,20.156
29.604,17.018
30.090,16.353
29.940,21.651
26.237,22.756
23.682,21.006
25.024,22.433
22.741,21.661
29.751,21.110
31.705,20.496
31.015,20.079
29.770,17.887
29.395,16.059
28.892,15.346
30.269,15.425
30.392,17.732
30.827,18.888
29.305,22.522
28.672,20.602
29.821,18.515
29.041,20.278
22.723,20.723
21.811,20.080
19.910,18.925
22.831,18.899
26.442,19.686
27.438,16.968
26.719,19.185
28.643,18.635
27.086,18.348
23.193,18.337
25.362,18.025
27.945,16.668
27.841,16.276
27.619,15.944
27.107,14.926
27.261,15.309
27.582,15.277
28.697,16.730
27.613,15.346
27.061,13.752
25.773,12.758
25.921,12.168
24.949,11.243
24.520,10.968
24.923,12.628
25.257,12.696
26.411,13.072
27.214,14.005
26.793,15.441
25.083,12.813
24.564,8.784
24.489,9.350
24.496,9.495
24.491,11.808
24.173,10.139
23.650,9.051
23.424,7.921
23.477,6.610
23.165,7.569
22.512,7.494
22.974,6.786
22.812,8.378
23.483,8.685
23.972,9.167
24.479,9.721
23.128,9.841
24.417,9.140
23.921,9.633
24.467,8.642
25.575,10.461
24.321,8.679
24.671,8.112
25.035,8.717
23.613,10.487
16.480,13.278
22.759,12.487
23.331,9.199
23.781,9.156
23.938,10.333
23.438,10.197
23.280,6.492
23.420,7.308
23.038,7.430
23.338,8.059
23.082,7.006
23.581,6.591
20.186,13.060
19.298,9.565
19.502,6.361
20.303,7.203
21.305,5.365
21.327,5.573
21.545,4.765
20.370,4.334
19.899,2.462
19.544,4.964
20.985,5.627
21.432,7.061
21.842,6.698
21.872,6.878
22.716,6.665
22.632,7.309
22.509,7.748
24.926,7.892
23.931,8.100
23.385,7.611
23.166,6.764
25.196,7.871
23.914,10.935
25.044,6.479
26.948,10.254
26.844,13.358
17.486,12.428
24.609,12.825
22.611,10.837
23.256,7.470
21.277,7.810
21.348,6.886
22.718,5.812
25.014,7.955
26.310,13.420
23.775,10.610
22.642,9.591
21.557,8.592
22.204,6.383
24.124,4.873
22.841,8.966
21.946,7.904
23.010,6.592
23.981,6.166
26.885,7.666
28.202,8.429
28.770,9.005
28.964,11.400
26.488,10.576
27.217,11.826
26.469,8.950
28.224,8.661
30.439,12.208
30.806,12.299
30.531,12.643
29.441,10.915
30.316,12.502
29.854,14.012
30.506,10.829
29.188,12.629
29.644,12.154
30.764,12.234
35.069,16.321
33.981,14.918
33.599,17.538
32.772,15.457
32.263,14.442
33.597,14.603
34.003,15.924
34.393,17.373
35.306,16.034
32.913,14.042
33.561,14.478
33.081,18.092
34.088,17.036
35.200,17.375
35.835,18.906
36.677,17.719
36.615,19.195
37.881,19.172
36.697,19.052
38.262,19.173
39.076,20.724
39.219,20.719
37.290,17.087
40.473,19.300
42.598,22.957
41.764,23.848
40.333,21.161
40.261,21.319
40.314,19.731
39.295,22.147
39.548,20.264
38.151,19.182
39.020,21.293
39.392,23.019
39.600,20.361
40.123,19.463
40.198,21.556
39.780,22.042
40.889,22.383
38.910,25.507
39.703,22.879
39.603,21.574
40.901,22.775
41.399,24.844
42.279,21.514
43.403,24.538
43.920,25.071
43.501,25.736
44.115,27.125
43.627,26.009
42.975,23.851
41.625,22.811
41.183,24.539
42.025,24.922
44.016,24.947
44.018,27.085
38.725,22.253
35.693,23.157
38.755,21.725
40.053,23.798
40.996,24.502
42.596,26.209
41.416,25.165
44.725,27.808
40.099,23.881
40.264,20.129
40.486,19.718
41.947,21.025
42.501,22.784
42.996,25.228
43.175,26.416
43.472,27.537
44.780,28.315
45.224,29.488
44.896,28.854
42.548,31.818
43.018,31.074
45.212,30.115
45.272,27.001
45.572,31.049
45.357,31.575
45.716,29.468
45.413,28.826
44.958,28.416
45.988,27.852
44.075,29.539
44.996,27.358
42.427,27.315
40.706,25.390
41.979,29.243
41.693,27.677
42.594,25.612
43.581,26.387
43.717,28.834
45.428,29.074
43.514,29.919
44.636,29.581
44.271,29.885
43.419,28.840
45.081,30.030
40.624,28.497
42.201,29.464
42.290,28.324
42.303,28.875
41.265,30.281
35.812,29.600
31.754,26.815
27.290,25.666
29.123,25.694
33.362,25.662
34.819,25.429
31.854,25.691
32.138,25.843
29.229,24.971
32.786,24.063
36.111,25.282
38.448,26.994
38.281,27.436
37.709,28.519
37.898,27.382
39.552,28.741
38.152,28.995
40.024,28.973
40.702,30.817
39.685,28.499
37.368,28.224
38.356,27.626
33.000,26.933
35.132,26.147
36.485,27.167
33.797,26.760
31.263,25.973
33.794,25.162
32.934,26.047
33.743,25.239
37.114,26.170
37.815,26.669
35.999,25.115
32.974,25.952
30.245,25.677
32.047,25.441
33.175,25.337
34.790,25.356
36.362,26.034
36.575,26.041
34.786,25.408
35.207,25.397
31.255,25.757
33.952,24.993
35.681,24.929
33.126,25.280
32.873,25.330
33.392,25.309
31.116,25.039
33.503,25.469
33.787,24.450
33.467,24.619
33.820,25.013
32.728,25.738
29.595,25.636
31.513,25.091
29.877,25.311
29.108,24.775
31.085,24.355
30.398,24.929
31.315,25.548
29.789,25.182
26.855,24.585
30.332,24.325
32.485,23.984
32.440,24.659
31.724,25.701
33.936,25.284
32.311,24.090
30.353,24.819
29.215,25.102
29.633,24.363
31.149,24.052
30.812,25.550
31.692,25.137
31.148,24.439
30.212,24.247
30.406,23.654
29.671,24.428
32.762,24.565
31.974,24.019
32.283,25.078
34.266,24.644
34.038,25.361
34.027,24.173
35.358,24.167
35.504,24.689
36.849,24.267
35.271,25.845
36.043,25.955
31.200,24.798
29.632,22.779
28.654,22.066
30.153,20.979
30.233,20.216
28.574,21.129
28.916,22.266
28.558,21.503
26.503,23.429
29.601,23.791
30.112,23.721
30.651,23.129
32.770,23.413
31.758,23.668
32.590,23.588
33.846,24.214
31.072,23.640
32.572,23.319
31.603,22.173
33.120,22.987
32.743,20.953
31.689,22.925
31.759,21.655
32.715,23.034
30.837,22.641
30.522,22.281
28.590,23.108
23.849,20.261
30.857,19.572
31.926,20.497
32.644,20.438
31.926,20.236
32.201,21.364
30.424,18.795
26.412,20.413
27.631,17.674
28.293,15.831
28.543,15.740
28.957,15.706
29.382,16.646
29.729,15.968
30.193,17.225
30.229,16.932
30.695,18.357
30.310,17.114
29.803,15.408
30.762,14.330
30.399,16.394
31.156,14.625
30.013,15.254
28.860,14.551
29.041,15.480
28.685,15.009
27.292,13.703
27.186,12.498
26.298,12.197
26.869,12.467
27.918,12.231
28.614,12.840
28.599,14.424
29.050,14.932
28.901,14.124
28.689,13.460
28.517,14.305
29.132,14.833
29.021,14.082
29.061,14.275
28.437,13.141
28.043,13.020
27.555,12.776
28.335,14.296
28.309,11.914
28.506,12.316
27.789,13.759
27.448,12.644
27.198,13.320
27.574,12.279
27.607,11.853
27.046,11.492
27.666,12.285
27.349,12.191
27.683,11.654
27.901,12.771
26.925,11.307
26.769,11.057
26.020,12.117
26.697,11.199
25.742,10.252
26.012,10.530
25.360,10.495
25.018,11.006
25.630,11.380
25.362,9.734
26.493,10.669
26.696,11.320
25.857,11.509
26.211,11.773
25.060,10.748
26.306,9.622
26.695,10.449
26.546,10.895
27.408,12.471
27.838,12.236
26.301,11.589
27.211,11.840
25.310,14.417
24.226,12.663
23.647,9.775
22.555,6.305
22.214,5.535
23.076,6.271
25.134,7.769
25.646,9.216
27.203,9.373
28.787,10.860
23.272,13.910
27.763,12.157
25.014,10.112
25.924,6.653
24.331,9.399
23.896,9.494
24.542,8.209
26.504,9.971
25.118,13.140
24.416,7.877
23.891,7.977
25.372,8.560
26.907,9.858
27.195,9.359
26.441,8.873
28.020,13.775
22.951,11.070
22.665,8.203
23.954,6.072
25.088,8.788
26.524,11.422
24.190,8.959
23.271,6.511
25.443,8.475
26.294,9.512
19.832,14.516
24.826,11.730
21.160,14.844
19.124,14.867
18.229,13.402
22.682,8.868
23.837,8.947
25.355,8.076
27.929,8.896
27.888,14.148
31.304,14.015
30.819,14.118
29.437,13.375
30.754,13.816
32.230,13.785
33.174,14.054
31.132,16.969
31.154,16.473
32.006,16.786
32.529,15.701
33.376,15.033
32.588,17.418
34.501,16.247
34.545,18.021
32.263,15.401
26.514,16.130
29.389,17.358
29.058,11.282
31.773,14.148
31.857,15.248
31.722,15.175
33.914,15.631
35.370,18.146
35.922,19.214
36.842,19.588
37.796,20.456
37.184,19.497
37.088,19.016
37.230,19.422
35.224,19.475
32.988,20.266
30.054,19.159
32.182,18.612
31.393,15.117
31.835,15.232
33.060,16.134
34.636,15.750
35.573,17.603
37.573,19.621
37.661,21.480
38.430,21.653
38.399,20.293
39.148,19.517
38.090,21.167
36.150,21.618
34.533,22.601
34.414,18.939
35.600,19.010
38.233,20.613
39.591,24.123
38.452,21.338
39.583,23.144
38.385,22.111
36.399,18.457
37.184,17.955
37.752,19.515
37.862,19.056
38.732,20.064
39.785,22.353
42.031,23.368
41.451,25.670
38.847,29.688
40.836,23.950
37.775,22.107
37.410,18.469
38.016,19.248
38.888,20.848
41.447,22.781
42.335,22.297
41.278,23.108
40.847,21.769
41.740,21.389
44.949,24.723
41.191,26.114
41.965,23.797
43.690,25.242
43.051,25.231
41.433,26.834
41.351,26.255
39.951,25.962
41.614,26.753
39.771,24.811
38.195,24.649
38.997,22.855
39.099,24.448
38.698,26.191
39.497,23.677
39.625,24.088
38.415,25.013
41.187,23.586
40.843,24.990
42.044,24.036
42.547,25.794
41.271,24.076
41.507,22.975
43.354,24.398
44.013,23.636
43.190,23.743
44.255,25.137
45.035,23.734
44.311,30.537
42.973,29.476
45.058,26.598
44.558,27.069
43.835,27.097
44.395,28.329
44.608,28.779
45.364,28.388
45.161,25.786
45.266,26.342
45.185,28.006
44.665,26.168
44.764,27.580
44.695,27.738
44.579,31.412
44.885,28.465
44.770,28.118
45.036,30.112
45.632,30.868
44.163,27.805
44.283,28.108
43.425,31.659
43.397,29.316
44.941,27.373
45.240,27.429
46.191,30.469
45.085,29.585
45.531,29.310
45.688,30.779
45.479,30.604
45.656,29.648
46.755,30.299
45.636,28.959
46.304,29.552
44.327,32.342
43.578,31.984
39.722,31.723
37.976,28.363
39.335,26.692
38.039,30.297
38.334,28.705
32.493,27.370
27.600,25.281
31.548,25.115
33.812,25.671
36.266,25.689
34.235,26.752
30.349,25.684
29.505,25.282
34.295,25.500
34.247,26.057
38.165,25.236
36.621,26.472
36.754,27.737
35.505,26.517
33.754,26.339
27.608,25.436
25.356,24.729
30.742,24.553
32.277,24.762
33.386,25.072
34.712,25.179
36.169,26.710
33.252,26.360
34.836,25.626
34.481,26.027
36.227,27.118
34.663,26.265
34.353,25.440
33.506,25.392
31.444,25.862
34.173,24.937
33.502,24.777
33.528,24.293
32.902,24.906
34.132,25.576
38.867,24.641
32.362,26.440
27.633,25.327
32.252,24.701
34.007,24.913
30.915,25.170
31.815,24.413
33.685,24.291
35.162,25.052
31.764,25.805
34.057,25.589
35.420,24.695
35.542,27.196
31.643,24.692
29.950,24.699
35.981,24.281
34.895,24.870
33.250,25.123
32.316,24.483
31.613,24.336
31.316,23.975
30.456,24.761
29.977,24.273
31.289,23.790
32.722,23.452
34.603,23.286
34.948,24.143
34.600,25.092
34.406,23.975
34.771,23.296
35.712,24.302
36.046,25.631
35.215,25.570
36.175,23.956
34.722,24.017
33.178,24.896
33.261,24.545
33.202,24.380
33.290,24.142
31.934,24.339
30.711,24.425
29.483,23.924
28.767,24.883
27.725,24.211
30.809,24.339
31.935,24.243
31.465,24.044
28.042,23.903
31.739,23.385
32.524,23.461
31.435,23.824
30.834,23.524
31.794,24.253
32.359,23.539
32.180,23.429
31.358,22.833
30.941,22.258
31.492,21.935
32.144,21.784
32.320,21.292
34.675,20.165
32.831,21.513
29.572,20.827
28.269,19.522
31.720,19.526
31.861,20.233
32.262,20.315
33.271,19.488
32.337,19.555
33.483,22.874
34.048,21.177
33.501,20.328
32.296,21.416
26.962,21.574
23.640,20.432
30.061,18.711
27.645,22.245
29.112,21.922
25.502,21.580
21.663,19.547
21.895,19.171
24.510,19.375
24.709,19.797
25.863,18.749
29.894,16.952
29.597,18.884
29.779,17.324
29.855,17.236
30.014,17.551
29.549,16.152
29.450,15.419
27.237,17.406
28.074,17.489
28.547,15.144
27.812,14.451
28.500,15.713
28.092,14.777
27.349,12.907
27.926,12.264
27.781,13.303
26.966,13.528
26.940,12.841
27.926,13.638
27.784,13.776
27.724,14.146
26.714,13.221
27.492,13.825
27.418,12.837
26.607,11.176
26.959,10.328
26.651,9.304
26.474,10.592
27.293,12.277
27.276,12.010
28.901,11.582
27.135,10.391
27.219,9.077
26.935,8.896
28.009,9.414
27.366,10.304
28.103,10.295
28.588,10.061
28.167,12.537
27.241,11.528
26.310,13.188
25.125,9.074
25.583,8.306
25.075,8.688
25.450,9.295
25.415,9.548
25.574,7.464
24.271,8.593
24.726,8.055
23.724,7.939
22.949,7.478
23.649,6.469
23.967,6.443
24.270,5.993
24.613,7.457
24.515,6.685
25.427,5.805
27.996,9.036
26.880,10.094
24.819,11.719
25.820,10.435
23.436,10.485
24.335,8.797
25.316,8.320
24.444,5.863
25.339,6.417
25.190,5.866
25.098,5.986
26.790,6.853
27.046,7.242
27.785,6.881
26.828,8.757
25.546,10.699
24.713,8.461
25.676,8.726
25.326,8.452
25.539,8.038
24.938,5.180
24.965,6.866
27.240,6.925
27.892,7.245
26.227,9.893
27.116,8.134
28.185,8.373
30.476,9.190
30.934,12.780
30.637,12.728
30.058,15.026
28.186,12.919
26.659,11.226
26.160,7.083
24.072,9.415
24.229,7.684
24.551,8.244
24.680,7.788
25.579,7.188
27.843,9.819
28.753,10.978
29.120,10.070
29.647,9.843
30.270,11.012
30.575,12.301
28.913,11.903
28.829,12.078
30.492,12.131
28.985,11.886
29.414,12.339
30.136,10.904
29.652,12.301
30.391,11.796
30.845,11.670
31.874,12.425
34.221,15.318
35.306,14.520
34.677,13.804
34.595,16.803
34.572,16.335
34.763,16.952
33.345,16.817
35.513,16.253
36.170,17.757
36.191,17.392
36.803,17.386
36.422,18.536
37.593,17.079
37.198,19.555
35.311,19.051
34.757,21.180
32.634,16.042
32.786,14.419
34.692,15.336
34.444,16.820
35.358,15.175
35.805,17.973
36.809,18.624
35.423,20.458
33.675,18.829
26.236,18.316
29.233,16.874
30.924,20.351
34.774,21.045
34.104,19.747
31.353,17.437
32.440,16.900
32.835,16.423
33.918,16.863
35.164,17.416
36.748,20.623
34.737,19.880
34.898,19.081
37.032,19.364
39.808,21.136
40.197,20.572
37.766,21.369
36.334,17.868
36.783,17.296
36.094,16.608
36.499,18.368
38.379,19.935
40.299,19.177
39.819,20.562
39.434,19.944
39.109,21.201
40.532,19.685
41.747,21.525
42.531,23.630
43.439,24.375
42.618,26.048
42.016,23.224
41.575,23.078
41.829,21.792
42.654,21.114
41.995,22.326
39.445,25.461
34.958,25.465
33.359,22.469
34.093,20.034
37.471,19.601
39.537,23.602
38.489,25.037
40.035,24.850
41.109,22.576
43.111,29.735
43.090,26.548
43.184,26.815
41.194,27.374
41.733,27.198
42.718,26.854
43.826,27.109
45.207,27.671
43.494,24.928
43.919,26.918
44.022,27.789
44.362,25.968
44.060,27.841
42.148,27.666
43.021,28.749
42.422,28.468
41.732,28.685
43.786,28.683
42.826,29.738
41.782,26.682
41.081,27.238
37.873,27.511
39.143,25.863
45.364,26.993
45.599,31.592
41.100,28.106
40.810,27.574
42.238,29.452
42.127,30.162
41.870,29.281
41.625,28.017
41.741,30.253
40.332,29.081
39.364,29.508
43.110,28.543
44.773,28.245
44.992,30.277
45.084,31.768
46.930,32.675
45.930,30.626
40.342,30.387
36.525,28.389
34.672,27.967
29.484,25.434
27.384,24.701
29.301,23.900
39.226,25.505
40.054,27.515
41.525,29.946
42.797,28.363
41.564,29.171
44.954,30.638
41.958,29.471
42.479,28.632
41.964,28.485
44.375,27.866
42.756,29.425
39.567,29.550
35.592,27.796
37.733,27.547
37.591,27.903
37.299,27.492
33.578,28.153
32.962,27.382
35.246,26.900
34.618,27.032
32.825,27.305
36.376,27.261
34.093,27.736
33.253,26.376
32.634,26.575
34.129,25.932
33.774,26.539
33.340,27.351
28.823,26.143
28.113,25.139
25.983,24.588
26.512,24.402
26.775,24.702
30.228,24.228
30.828,24.860
32.377,24.685
30.006,25.741
31.118,25.415
32.109,25.141
32.825,25.156
29.779,25.686
30.019,25.004
30.988,23.909
32.138,24.456
30.995,24.568
33.017,24.710
32.419,25.734
32.231,25.340
31.966,25.416
28.939,25.119
27.642,24.300
33.258,24.359
32.416,24.930
29.990,25.382
30.432,25.066
28.966,23.878
30.729,23.427
32.085,23.693
33.565,23.738
34.367,24.001
35.450,24.283
32.581,25.061
34.766,25.032
34.341,25.083
32.049,24.650
33.198,24.616
31.489,25.374
31.193,24.611
27.961,25.057
29.975,25.078
30.951,24.890
29.784,24.654
30.515,25.360
30.375,24.285
26.498,24.215
30.079,24.186
30.707,24.156
29.800,24.788
28.541,23.940
30.099,23.426
30.057,24.949
29.001,24.687
31.619,24.734
32.486,22.149
32.331,22.635
29.760,23.128
31.165,23.770
29.885,24.263
32.091,25.042
31.993,24.467
31.078,24.965
33.486,24.143
32.527,24.988
32.678,24.737
33.986,24.251
35.262,24.665
33.841,25.042
32.929,24.044
33.037,24.108
33.401,24.324
32.527,24.121
33.704,23.428
30.787,24.510
25.471,22.663
22.689,21.741
25.358,22.643
24.822,23.460
25.314,22.664
24.087,20.700
28.649,21.415
30.554,22.281
31.108,23.003
29.957,23.752
31.803,23.709
32.062,22.975
32.807,22.657
32.676,23.181
32.748,21.760
31.457,20.726
31.695,19.841
31.361,18.938
32.530,20.349
31.928,21.885
32.019,21.000
31.021,19.758
32.346,19.847
31.298,20.681
32.258,19.940
32.223,18.932
32.364,19.549
32.491,18.201
31.346,18.471
29.539,19.442
30.716,18.455
28.490,18.085
29.276,16.565
29.463,14.956
30.051,15.925
30.221,15.401
30.515,17.653
30.170,19.599
30.661,19.803
30.794,18.211
28.968,16.062
28.204,17.494
30.495,19.141
27.919,18.201
24.653,18.806
28.757,19.378
30.399,19.016
30.792,16.570
31.101,14.727
25.235,17.432
28.211,16.593
28.095,16.102
28.194,15.667
28.649,16.257
29.389,15.800
29.057,15.201
29.110,14.703
28.635,14.295
28.697,14.278
29.773,14.778
29.007,16.538
28.343,14.855
28.143,14.568
29.624,14.755
29.646,16.189
28.407,14.251
26.741,12.096
26.946,10.046
26.339,8.886
26.493,8.289
27.261,10.693
26.189,12.242
26.098,11.011
25.560,9.389
26.691,9.585
27.567,10.986
29.885,13.711
30.017,14.403
29.608,13.406
28.576,12.716
29.504,13.642
29.094,16.692
25.222,11.604
24.865,10.019
24.625,9.284
24.914,9.873
24.524,9.910
25.241,7.309
25.777,10.709
26.177,8.421
27.305,10.130
27.408,11.881
26.663,11.513
26.411,12.052
25.364,8.556
25.657,9.801
26.781,10.418
27.086,10.474
26.094,11.235
24.297,7.549
23.666,6.408
25.100,7.364
25.781,8.558
24.578,8.344
23.927,10.186
23.910,9.368
24.280,7.618
24.410,6.903
24.975,9.948
24.430,7.436
24.738,7.538
26.379,8.145
26.553,9.369
26.365,10.471
25.592,9.117
23.828,7.832
24.345,6.485
25.411,6.090
25.789,5.432
24.908,8.295
26.222,10.004
27.047,11.395
28.155,9.003
26.510,9.453
25.400,7.346
26.137,6.686
26.890,9.123
29.444,10.596
30.667,10.007
31.259,10.948
31.326,11.138
32.034,13.843
30.766,16.491
29.944,13.798
29.952,11.718
29.868,11.011
31.318,11.424
30.189,13.251
30.497,13.382
30.456,14.387
27.663,14.982
29.480,11.728
31.338,17.627
29.492,17.436
20.569,16.060
18.854,14.077
22.631,12.486
23.944,10.105
22.970,11.145
25.357,9.445
26.265,9.964
26.903,10.388
27.412,11.850
27.789,11.642
29.404,11.918
31.774,15.044
32.530,13.742
31.306,14.241
30.003,11.844
32.166,14.361
34.659,16.310
35.946,19.529
29.217,16.126
28.568,13.568
31.063,13.037
30.756,14.944
30.470,13.736
30.305,14.413
32.310,12.159
34.284,15.763
33.708,18.631
36.529,18.743
36.504,20.850
25.336,17.220
30.955,18.076
29.949,17.240
30.823,14.812
31.433,15.838
33.714,15.771
35.057,16.976
37.251,18.917
37.177,21.044
38.988,23.714
38.460,22.584
37.098,21.110
36.751,20.304
34.993,19.747
35.854,18.805
37.488,18.037
40.417,18.860
42.127,20.242
42.430,21.417
41.276,24.177
41.714,24.869
40.815,22.366
39.391,21.988
39.539,20.189
40.471,21.800
41.733,21.768
42.537,21.853
40.163,22.980
39.359,21.373
39.493,19.682
40.143,23.737
39.593,24.586
39.789,26.152
39.986,26.123
40.090,25.032
41.501,27.135
36.549,25.699
38.482,25.218
41.703,26.267
40.814,27.834
41.341,26.428
43.439,28.178
43.786,26.788
43.368,25.520
41.228,27.701
41.229,28.930
39.935,26.717
41.628,26.980
42.067,27.483
39.149,24.948
41.406,26.716
42.341,26.618
42.993,27.712
38.654,27.127
40.094,27.133
34.429,26.058
34.373,25.511
37.002,24.991
40.514,25.931
42.585,28.560
41.258,28.936
41.430,28.430
40.136,28.290
42.220,26.969
38.403,28.131
40.016,27.153
38.953,28.356
38.261,27.438
39.185,27.081
42.323,27.927
41.999,30.027
43.636,30.678
43.565,28.261
46.100,29.971
47.223,29.252
42.607,29.416
42.975,29.754
41.635,28.135
43.034,28.811
43.136,29.653
44.635,28.613
45.347,29.497
46.198,26.713
43.716,30.808
42.225,28.881
44.098,31.462
44.552,29.425
44.892,31.278
40.910,31.905
39.871,29.670
38.133,28.593
42.767,30.397
40.194,31.324
36.694,29.164
35.601,27.132
35.311,27.302
36.754,28.458
40.472,28.185
33.851,25.702
38.517,26.905
37.920,27.956
38.800,27.902
38.471,27.975
37.657,27.925
37.070,28.944
39.763,27.668
32.446,27.235
37.518,26.617
29.354,27.249
33.534,26.857
37.189,26.990
36.882,25.543
34.304,26.790
31.293,25.991
28.916,25.662
27.253,25.906
28.083,25.162
32.995,24.869
36.481,23.956
40.000,25.759
36.729,27.375
36.550,27.315
33.212,26.862
34.381,26.844
33.795,26.704
30.045,26.525
31.817,26.264
31.641,25.585
31.751,25.016
28.455,25.445
28.137,24.688
30.441,24.081
32.000,24.280
28.673,25.246
25.631,24.630
32.148,24.181
31.478,24.492
30.823,24.931
31.185,25.095
33.072,25.356
32.492,25.632
29.506,25.545
33.485,25.201
30.790,25.767
33.887,25.574
32.122,25.649
31.044,25.848
31.639,25.591
32.241,25.049
33.549,24.275
35.911,25.236
35.439,25.898
31.828,25.677
30.667,25.112
29.234,24.930
27.781,24.010
24.404,23.336
31.825,23.775
28.842,24.791
28.794,24.418
28.439,24.044
31.674,24.227
33.931,24.225
31.949,24.485
32.724,24.520
34.467,23.886
35.063,24.616
31.531,25.238
29.939,24.462
33.811,24.341
33.344,24.757
33.255,25.312
34.644,25.377
32.055,24.121
33.822,24.587
32.610,24.823
32.512,24.134
30.449,24.928
29.558,24.463
30.763,24.431
34.169,23.683
30.603,24.864
33.006,24.266
31.645,23.608
32.429,23.411
31.577,23.823
29.464,23.488
33.501,24.456
33.356,24.788
30.887,24.374
30.899,24.372
34.295,24.486
31.918,24.475
30.478,23.591
23.617,21.555
25.018,23.342
29.324,24.125
30.779,23.948
29.355,24.584
27.210,24.418
30.105,23.367
29.579,24.436
28.609,24.325
31.234,22.707
31.380,24.263
30.378,23.666
30.348,23.904
30.460,24.033
30.239,21.196
29.091,18.726
28.006,17.990
28.660,17.361
28.179,17.855
29.169,17.991
29.438,17.274
30.653,15.826
30.606,19.021
29.662,20.403
29.091,19.943
30.294,19.251
30.464,17.215
29.989,17.937
30.270,17.375
30.238,16.194
30.013,16.020
30.394,15.158
30.006,14.774
30.208,16.747
29.867,17.247
29.391,17.217
29.444,16.589
30.117,17.367
27.583,18.422
31.588,18.212
29.621,17.807
30.618,16.897
30.285,16.464
29.930,15.621
30.134,16.664
29.903,17.827
30.323,17.027
27.947,16.972
30.254,15.982
29.105,14.365
28.914,13.788
27.677,12.804
28.402,12.397
28.016,12.467
27.972,12.415
27.524,13.717
28.314,12.901
27.686,13.823
26.798,12.306
26.782,11.834
25.828,11.559
27.451,13.746
27.210,13.439
27.245,11.915
29.410,13.158
28.542,13.239
26.745,14.175
25.777,10.780
26.110,9.878
26.521,11.859
27.080,12.571
25.912,9.605
26.653,10.619
25.993,10.537
25.584,8.750
25.823,10.008
25.157,10.217
24.653,9.146
25.881,8.020
26.323,9.787
26.793,9.476
27.435,12.260
27.774,12.834
24.542,14.962
25.058,11.290
23.805,8.129
22.935,4.641
23.636,3.649
25.045,7.673
24.715,9.956
25.762,11.133
23.915,10.184
24.073,9.627
25.242,9.548
25.884,10.361
24.972,9.610
24.999,9.463
24.118,6.410
23.937,7.462
24.339,8.057
23.437,6.364
24.655,3.531
26.173,6.411
27.093,10.174
26.671,9.100
27.088,7.598
26.852,9.988
26.924,9.778
29.714,12.150
30.303,14.611
27.803,12.687
25.403,11.464
24.208,9.887
25.025,10.143
25.493,10.065
25.466,9.628
26.291,11.052
27.267,8.124
29.803,11.533
26.507,11.261
24.825,10.362
25.210,7.056
16.098,11.475
15.375,12.493
18.070,11.897
17.755,10.517
22.022,9.087
21.870,8.528
21.433,10.315
17.421,10.216
21.474,7.675
20.620,6.160
21.919,4.040
23.873,6.320
26.694,13.402
28.253,15.503
26.900,16.451
25.098,16.918
19.024,14.966
23.744,13.945
22.750,9.806
23.880,7.326
24.039,6.080
23.434,7.957
23.191,6.663
25.283,6.965
27.254,9.317
27.621,8.863
28.469,8.655
29.711,9.590
26.857,9.408
27.020,9.461
30.183,12.475
31.612,12.654
32.787,12.612
31.715,13.789
29.214,13.253
29.177,12.068
28.981,11.361
30.204,10.579
30.358,10.126
31.665,11.851
33.590,13.316
34.045,14.813
34.127,14.946
33.808,14.993
34.338,16.374
34.889,15.956
34.588,16.190
34.244,16.997
35.495,18.746
36.798,21.328
34.719,20.482
34.634,22.154
36.563,18.428
36.714,18.443
36.605,17.543
37.621,18.787
39.597,18.775
38.999,20.509
38.443,20.382
38.576,19.176
37.499,21.169
37.396,23.252
37.910,21.559
37.425,21.009
37.558,21.812
39.484,21.098
39.507,19.986
38.705,21.866
37.974,20.439
36.909,20.039
37.229,19.208
38.006,21.802
35.164,20.332
36.921,21.547
34.309,22.211
34.303,18.370
35.437,19.781
37.975,20.657
39.238,22.568
39.775,23.722
42.287,24.621
41.871,26.904
41.135,24.491
42.783,26.063
43.352,26.511
43.128,25.997
41.802,25.392
41.711,22.110
41.705,23.533
42.132,24.127
42.573,21.574
42.753,22.823
43.002,23.208
43.627,25.921
44.477,25.883
44.054,24.119
44.441,24.626
43.980,23.455
44.200,23.319
43.670,24.270
44.596,25.580
43.861,26.512
42.453,26.893
43.615,26.170
41.774,27.321
43.326,27.139
42.301,25.874
42.333,26.310
42.452,29.724
42.046,26.866
42.089,26.986
41.979,26.165
42.431,28.129
41.935,29.549
42.086,27.239
41.743,29.319
44.256,27.366
43.698,26.087
41.611,27.983
40.795,26.992
40.536,27.196
39.691,25.916
40.305,29.155
38.537,27.376
39.822,25.366
42.760,26.924
42.401,26.920
43.647,28.627
44.087,28.524
42.912,26.334
45.179,29.310
46.037,29.259
43.907,30.802
44.342,28.633
38.920,29.804
40.538,29.279
37.149,28.993
36.711,27.042
35.762,27.984
32.975,28.215
35.728,26.720
38.044,26.986
37.597,27.262
34.770,26.927
36.603,27.428
35.610,26.907
28.089,25.492
25.411,24.151
31.009,23.839
35.791,24.450
33.095,25.705
31.838,25.556
33.589,25.466
34.510,25.785
33.356,25.511
36.154,26.141
33.971,26.872
32.563,26.346
30.647,25.717
27.881,24.818
31.843,25.451
35.643,25.515
32.907,25.723
31.249,25.122
36.257,24.734
32.950,24.829
31.153,25.845
30.844,24.946
30.910,25.235
31.929,25.122
31.119,25.509
34.416,24.821
31.879,25.078
31.908,25.146
31.006,25.946
30.102,24.883
31.218,25.253
31.153,25.276
30.455,24.665
26.251,25.128
33.189,24.254
33.123,25.335
29.079,25.294
29.001,24.668
30.032,24.504
33.894,25.319
30.885,25.496
31.302,24.771
30.585,24.604
30.467,24.633
31.815,24.299
32.360,25.221
32.594,24.855
32.260,24.805
33.265,25.018
32.299,25.479
32.468,24.811
32.109,26.125
30.951,25.536
31.677,25.929
27.239,24.954
30.938,25.280
33.200,24.430
32.972,24.418
32.639,24.978
33.321,24.886
32.597,24.904
31.666,25.640
30.645,24.575
30.346,24.648
28.305,23.953
30.460,23.717
30.844,23.176
32.312,23.813
32.552,24.249
34.258,24.613
35.234,24.500
31.947,25.000
30.598,25.476
31.868,25.045
32.399,25.406
33.821,25.619
34.601,24.620
34.311,24.378
34.430,24.706
33.901,24.096
32.636,23.518
32.153,23.017
32.763,21.893
32.499,22.604
32.314,23.265
31.841,24.009
33.116,23.173
33.685,24.058
34.318,23.881
34.873,23.915
31.401,23.798
31.150,23.758
27.469,24.344
29.848,24.966
33.233,24.975
33.372,22.656
33.759,23.913
32.801,23.502
31.290,23.115
29.822,22.947
31.004,23.421
31.559,22.555
32.580,21.758
32.203,23.609
27.322,23.036
32.711,21.295
32.910,22.288
33.918,22.819
33.125,22.467
33.335,23.210
33.377,22.846
32.643,21.912
34.334,21.964
32.154,20.707
33.654,19.961
34.158,20.661
34.073,20.119
33.444,21.039
33.176,21.490
33.495,21.035
32.804,21.342
34.052,19.453
32.256,19.546
31.895,18.911
31.755,18.216
31.341,16.827
31.152,14.664
31.735,15.914
32.707,16.256
31.048,17.215
28.927,16.304
29.720,19.181
29.819,15.879
31.245,16.544
30.519,16.210
30.252,16.695
31.856,18.678
30.250,17.124
30.544,16.187
30.706,15.105
32.768,16.881
32.237,17.499
30.966,17.525
31.664,17.084
30.196,15.408
30.058,14.805
31.666,15.478
30.399,15.558
30.191,15.971
29.967,15.274
30.788,16.469
29.736,16.420
30.526,16.225
30.205,14.984
29.542,15.901
30.582,14.348
28.471,16.919
29.253,17.626
28.720,14.761
27.172,10.809
26.485,11.319
26.204,9.723
27.189,9.773
27.827,11.362
28.406,11.078
27.999,13.099
27.728,11.440
27.990,12.126
28.012,11.988
27.784,11.944
26.808,10.976
27.589,10.525
27.434,11.646
27.401,12.531
28.893,12.821
29.346,14.049
28.952,13.977
29.230,13.986
29.614,13.061
30.350,14.770
28.392,12.987
27.057,11.747
27.163,10.784
26.629,9.062
27.286,10.122
27.396,8.340
28.384,10.113
27.241,11.642
26.612,12.709
25.485,11.933
24.850,9.918
23.790,8.424
24.947,8.691
26.029,9.527
26.235,8.483
25.427,7.706
25.792,7.525
26.566,9.325
26.104,9.303
25.149,8.622
25.467,8.444
26.619,6.906
27.174,7.264
27.754,10.757
25.329,15.981
28.819,13.967
25.839,13.866
27.537,11.166
26.994,13.368
26.910,11.538
27.245,9.373
27.649,10.501
27.378,9.529
28.046,11.125
28.266,10.674
30.065,12.942
30.058,14.366
29.537,14.644
26.367,12.208
27.688,9.517
28.859,10.867
30.243,12.704
30.582,11.085
33.657,11.883
32.931,14.099
30.087,14.318
28.699,10.331
29.442,9.839
29.442,12.275
27.890,11.431
28.556,8.861
28.986,8.385
29.325,8.619
31.376,8.317
32.191,12.118
31.836,11.475
30.182,12.065
30.057,10.597
30.225,9.550
33.717,13.618
30.159,14.437
28.614,12.278
31.277,10.956
31.718,11.663
31.723,11.539
31.459,12.290
32.704,10.070
31.934,12.884
34.096,10.887
33.560,13.869
34.822,16.711
35.059,18.051
35.535,13.530
35.315,14.262
34.627,17.397
34.812,17.179
34.083,16.619
32.956,16.221
33.332,11.853
34.198,13.701
36.579,15.593
37.131,18.792
35.940,18.723
37.166,16.211
37.949,15.294
38.189,18.036
36.332,21.346
36.623,18.636
35.824,16.887
35.752,15.035
37.063,15.398
36.719,15.230
38.552,20.045
37.960,17.438
38.073,18.268
36.912,17.282
38.765,19.755
39.204,22.071
37.211,19.715
38.197,20.602
37.200,21.547
38.134,21.471
37.438,21.284
34.788,18.583
37.595,22.395
39.104,22.265
38.229,22.882
38.167,22.432
37.823,20.545
38.408,20.196
40.303,22.385
41.638,22.970
41.053,21.709
39.708,22.729
39.994,25.119
39.171,23.651
42.191,19.969
38.703,22.952
38.081,21.994
40.593,20.802
41.474,23.501
41.626,23.208
42.072,23.661
45.058,26.030
42.813,26.941
41.750,26.041
42.472,26.406
42.842,25.062
44.441,24.661
43.826,23.300
41.715,25.284
41.289,22.810
42.283,23.139
42.578,22.409
42.761,22.027
43.365,24.027
44.805,23.778
44.727,26.916
45.738,26.037
45.003,26.173
45.756,29.508
44.806,28.314
43.149,27.724
43.465,28.058
42.724,27.839
43.119,26.464
44.430,25.848
45.688,28.487
40.898,28.435
32.388,25.003
38.984,23.400
39.164,25.516
41.395,26.621
44.044,28.476
40.537,28.530
40.617,28.038
40.754,27.890
41.203,28.651
43.426,30.046
40.632,29.893
44.360,28.737
39.927,28.619
29.981,23.307
38.157,22.982
41.487,25.447
42.577,27.306
41.587,28.661
40.834,28.047
40.340,28.047
38.760,28.085
40.768,27.668
40.040,30.396
43.169,28.186
41.900,29.011
41.771,29.807
43.036,29.461
44.692,29.672
45.557,28.120
45.672,27.302
43.752,27.581
45.393,27.814
45.183,30.605
45.232,29.917
44.967,30.374
44.557,30.439
43.837,31.074
44.494,28.124
44.500,29.078
44.590,30.061
45.199,29.245
46.240,26.918
46.276,28.533
44.981,31.290
40.354,31.305
43.458,30.523
42.242,31.686
41.483,30.473
38.973,28.863
33.819,27.583
33.485,27.449
35.385,26.790
37.432,26.994
36.556,28.035
33.863,27.447
36.457,27.368
33.255,26.652
35.096,25.823
33.608,26.412
32.324,25.669
33.328,25.770
36.933,25.439
36.921,27.136
38.827,26.222
33.000,26.911
34.457,26.410
34.263,26.840
38.162,26.104
34.836,27.057
35.840,27.070
32.999,25.751
33.226,26.004
36.244,24.970
36.863,25.087
36.999,26.303
35.674,27.957
33.443,25.897
33.075,25.702
35.292,25.470
31.700,26.217
35.194,25.823
36.401,25.800
37.237,26.098
34.095,25.811
38.421,26.025
37.790,27.403
33.855,28.596
37.977,27.127
36.692,25.962
35.424,26.062
34.673,26.311
34.503,26.367
37.977,26.633
35.512,26.475
31.677,26.673
31.654,26.060
31.424,25.300
35.335,25.215
34.219,25.396
32.217,25.209
34.185,23.964
31.982,24.700
33.004,25.038
33.460,24.691
29.151,24.506
32.280,24.413
30.130,24.365
30.351,24.483
31.692,24.925
31.668,24.557
36.224,24.738
35.484,25.181
32.677,24.753
34.250,24.513
36.958,24.157
34.353,24.994
29.658,25.516
26.050,24.726
27.015,24.778
31.126,24.504
29.967,24.005
32.407,24.453
33.673,22.771
32.716,23.912
33.212,23.006
34.901,23.122
30.948,23.702
32.129,23.634
32.853,23.209
33.568,22.971
33.507,24.277
34.276,25.018
35.049,22.772
36.142,23.192
36.205,24.510
33.028,23.551
32.513,23.094
32.451,23.588
34.065,23.322
33.082,23.646
33.927,24.045
33.333,23.677
33.687,24.156
26.658,24.963
31.400,24.389
29.707,24.657
30.045,24.449
30.198,24.256
31.341,24.865
29.875,21.858
31.356,20.030
31.496,20.902
32.190,19.657
31.154,19.185
31.269,16.334
31.537,16.377
31.508,17.696
32.130,18.899
31.186,19.355
31.685,18.069
30.973,18.643
32.514,16.828
31.240,15.746
29.174,14.702
29.083,15.485
29.379,13.588
29.119,13.137
30.024,13.894
29.320,14.442
29.365,13.155
29.046,12.909
29.959,15.617
29.987,15.525
30.305,13.653
30.141,14.800
30.562,14.902
32.565,16.175
31.868,16.081
31.463,19.694
32.097,17.381
30.599,15.817
31.543,14.909
29.942,20.541
26.821,18.412
32.592,17.561
31.574,20.831
31.776,21.454
31.000,19.686
24.276,19.891
19.824,17.920
26.603,14.722
26.666,14.896
24.459,10.807
24.095,9.851
24.541,8.581
24.678,10.506
24.983,11.399
25.584,11.470
27.073,10.725
26.109,10.502
26.328,9.092
25.599,9.537
26.169,9.744
26.294,10.218
26.172,9.028
26.800,8.765
26.677,9.704
25.942,10.029
26.430,8.837
26.691,10.347
27.723,12.441
25.633,9.473
25.925,8.609
25.653,8.932
26.873,9.860
27.794,11.267
27.730,12.579
28.288,11.556
28.380,12.250
28.509,12.667
27.282,15.025
26.306,15.301
25.495,9.755
24.749,7.140
24.064,7.777
23.477,7.608
23.476,9.324
24.085,9.992
25.027,7.127
24.819,7.634
24.859,7.611
24.769,7.094
24.748,6.334
22.499,10.064
21.835,6.842
21.909,6.205
22.093,6.330
22.613,9.168
22.271,9.099
21.436,7.300
23.142,4.460
24.612,5.720
24.443,6.553
24.612,6.711
24.514,8.445
25.468,6.575
24.800,10.525
26.136,13.428
25.049,10.679
23.254,8.290
23.035,3.936
23.924,5.188
23.140,5.596
23.820,5.596
23.980,5.900
25.308,6.742
25.505,7.657
26.478,7.627
27.025,6.607
26.947,8.480
27.182,8.951
27.198,7.862
27.121,8.206
27.611,10.627
27.323,11.229
27.827,9.260
28.737,8.865
28.042,10.035
26.176,9.363
27.937,9.268
28.403,10.481
29.281,10.810
30.793,12.116
31.483,14.806
29.352,13.727
31.778,12.599
30.815,15.164
30.689,11.685
30.182,12.474
30.528,11.251
30.699,15.026
31.320,15.457
28.854,13.298
29.842,8.228
29.854,11.414
30.101,10.883
31.247,11.230
30.181,12.066
33.141,13.951
32.104,13.658
32.395,13.605
33.253,14.940
34.850,17.327
35.166,16.652
35.616,16.956
35.475,16.948
36.533,16.458
37.531,18.605
35.986,18.172
35.819,18.790
36.004,17.646
34.863,15.961
35.569,15.598
35.260,14.654
36.016,17.829
35.847,17.216
36.410,15.585
38.239,18.183
38.029,20.174
37.895,21.229
38.411,20.065
37.435,18.975
38.870,19.853
40.014,19.792
42.974,23.410
42.137,23.666
42.194,23.191
43.184,24.261
42.537,22.472
41.966,21.425
41.400,20.291
41.682,23.897
41.819,21.004
41.966,19.284
42.373,23.284
41.617,22.034
42.070,21.084
41.925,21.698
42.052,21.613
42.431,22.767
42.593,22.131
42.455,20.313
43.352,24.224
43.759,25.752
44.478,26.595
44.756,25.071
44.585,23.800
44.137,24.965
43.792,23.474
43.715,24.217
45.877,25.147
46.460,26.615
44.649,24.722
45.415,27.669
45.496,29.475
44.824,28.875
44.019,26.141
44.778,25.264
44.310,25.781
44.191,23.125
43.646,26.435
43.949,27.494
39.615,28.155
42.898,26.293
43.149,28.282
39.207,28.727
46.120,26.508
42.778,28.916
42.679,29.380
38.544,26.423
40.917,26.510
42.659,27.673
43.245,27.182
44.542,27.689
45.875,27.482
45.776,26.465
45.634,26.262
47.628,26.314
46.071,27.462
45.942,29.738
47.296,30.098
47.161,31.078
45.915,30.276
46.534,31.200
40.732,30.850
43.022,28.351
42.432,27.309
43.909,29.414
44.163,29.250
45.471,29.992
42.812,30.157
42.112,26.936
43.667,28.630
43.698,30.341
44.776,29.527
45.327,29.327
46.464,28.156
46.509,28.601
42.347,30.096
42.969,31.460
44.997,32.525
44.250,30.491
45.124,27.766
44.277,31.655
43.982,30.041
48.138,30.602
47.255,31.590
43.471,30.246
46.475,29.774
44.759,30.536
43.323,30.690
38.658,31.763
37.178,29.313
41.874,29.106
42.155,30.134
42.006,29.114
43.276,29.853
41.825,29.766
40.742,28.284
38.081,28.437
37.271,28.611
37.374,27.325
42.861,27.725
41.594,29.374
40.859,28.855
37.174,27.810
36.155,26.569
34.709,26.837
36.808,26.459
38.209,25.842
37.111,27.068
36.483,26.470
37.802,26.227
44.429,28.381
40.566,28.963
32.691,26.816
33.669,26.299
33.015,25.504
31.954,25.540
34.989,25.791
35.331,26.344
35.397,26.502
39.294,26.244
38.645,27.457
37.100,28.017
37.533,27.537
35.009,27.111
35.903,26.163
31.757,26.781
33.052,25.157
30.777,26.137
31.820,25.506
36.055,24.843
36.481,25.294
33.027,26.452
32.317,25.869
35.097,26.156
35.176,25.900
34.068,25.326
35.141,24.708
34.768,26.005
34.384,24.982
34.782,25.418
39.416,24.210
32.664,25.889
37.684,25.352
41.002,26.327
34.144,27.763
31.250,26.621
33.576,25.740
34.688,25.676
32.920,25.510
36.527,25.689
36.017,25.876
32.106,26.293
31.549,25.585
32.278,24.793
33.483,25.323
31.217,25.184
30.964,25.428
33.599,24.972
32.976,24.598
33.455,24.807
35.121,24.855
33.362,24.878
33.640,25.008
32.531,25.082
32.368,24.646
31.604,24.668
34.036,24.735
35.312,24.614
32.646,24.581
33.935,24.608
32.000,25.107
33.578,25.181
34.125,25.454
36.591,24.158
34.380,24.923
33.376,24.916
32.073,24.240
31.402,24.128
30.863,24.690
30.323,24.260
30.950,24.391
30.063,24.096
30.302,24.175
31.505,23.550
33.526,23.222
31.564,23.410
31.276,22.625
31.756,21.528
32.729,22.764
32.808,22.866
32.911,22.297
32.687,21.275
33.100,21.679
33.997,21.373
33.376,21.299
34.715,21.905
32.024,23.187
30.338,23.706
33.554,21.433
29.452,22.600
26.957,22.390
27.890,19.768
32.165,17.866
33.265,21.008
33.881,19.064
31.909,19.456
31.505,19.032
29.207,18.701
29.198,21.054
27.714,23.077
30.855,22.436
29.745,22.182
34.114,22.449
25.480,22.567
26.629,20.947
28.890,19.551
29.979,18.534
31.793,19.341
31.345,17.158
29.758,16.326
30.086,16.044
29.341,16.290
29.638,14.340
28.873,13.610
23.368,17.160
20.702,15.770
28.250,15.018
29.067,14.701
29.869,14.978
29.219,13.529
29.308,15.245
29.583,15.538
32.344,17.467
30.444,19.725
31.605,19.480
30.694,19.223
28.980,17.258
30.409,15.853
31.288,16.673
31.377,18.442
31.943,17.162
31.448,19.371
31.623,18.974
32.190,18.188
29.197,16.799
27.795,14.857
28.290,11.684
28.233,12.179
28.217,13.481
30.070,15.803
29.846,18.862
30.233,20.112
28.534,17.078
28.164,14.941
26.666,12.637
25.202,8.962
25.656,8.204
24.576,7.543
25.431,9.286
25.027,7.504
26.519,11.696
19.292,16.251
22.027,17.387
21.672,16.103
26.784,14.700
26.399,14.348
22.336,11.817
23.526,8.070
23.508,8.713
23.538,9.126
24.073,9.050
24.357,9.987
25.107,11.949
24.139,9.328
22.887,7.798
22.186,5.839
22.122,7.183
24.384,6.767
25.465,7.847
24.250,6.968
23.993,6.501
23.873,7.401
24.520,8.940
25.870,9.619
25.799,10.380
28.737,12.615
21.691,12.140
19.956,8.052
19.614,4.695
20.412,5.238
19.601,4.084
20.629,4.622
20.086,4.763
20.497,3.040
21.014,3.687
19.589,6.458
20.347,6.176
20.570,6.191
22.569,5.403
24.429,6.740
26.744,8.617
22.437,10.740
20.368,7.649
22.164,5.686
22.796,5.703
21.726,4.664
21.171,5.027
23.264,6.819
25.423,9.841
26.370,9.435
25.735,9.576
26.702,12.539
25.052,11.593
24.279,6.659
24.998,10.146
28.942,13.811
26.223,10.911
25.401,9.582
23.737,6.903
24.844,7.942
25.395,8.747
26.951,10.216
27.542,9.004
29.278,10.558
30.020,11.383
28.305,12.741
28.006,9.041
28.686,9.019
29.358,10.976
30.701,11.157
30.935,12.977
31.079,16.824
33.188,14.826
23.275,12.653
28.233,11.988
26.497,9.684
27.871,8.337
22.059,14.725
27.509,10.678
28.549,9.689
29.893,10.651
25.406,12.613
30.425,12.986
30.383,10.769
29.549,12.694
30.041,9.775
31.132,11.336
33.462,14.948
31.969,15.068
34.392,16.455
34.552,16.410
34.850,16.827
35.357,17.497
35.709,15.474
34.446,18.297
34.566,16.876
32.250,14.560
32.474,14.820
32.873,15.115
34.059,14.706
35.543,15.200
37.728,18.706
36.389,16.811
39.632,20.139
39.894,18.815
38.841,18.830
37.863,18.206
37.596,16.972
37.573,18.346
38.068,21.967
37.012,20.801
37.198,18.042
37.577,20.410
37.399,21.197
38.269,22.422
36.088,21.390
37.761,18.186
38.291,17.974
38.698,22.825
35.492,22.559
34.970,18.610
36.235,17.758
39.116,19.478
39.417,19.242
38.391,21.029
38.577,21.782
39.765,21.671
39.807,21.644
39.525,24.376
38.274,23.096
39.540,21.784
40.452,22.298
41.240,21.714
42.465,24.946
42.459,26.942
40.087,25.754
40.184,21.734
39.282,25.590
40.059,21.908
40.775,22.846
40.609,22.663
38.275,25.836
37.978,23.757
38.974,25.654
41.035,25.465
41.879,27.472
42.767,26.745
43.288,24.200
43.829,24.871
42.369,28.080
40.256,26.789
41.388,27.489
41.124,27.532
39.873,28.024
43.743,27.974
43.873,25.190
43.484,28.199
44.830,28.548
43.516,27.311
43.476,28.058
44.130,28.176
44.656,29.614
47.120,30.858
44.858,31.112
41.257,30.592
40.883,28.127
43.732,26.340
43.996,29.628
41.882,28.592
43.843,28.697
46.618,29.114
43.057,30.213
39.888,29.357
41.571,28.844
41.929,29.239
41.789,28.939
42.472,28.988
43.428,28.014
46.594,29.653
44.824,28.211
42.802,27.957
44.154,25.939
44.132,29.142
44.393,30.403
44.235,29.961
42.478,29.706
42.991,28.629
43.116,29.762
41.196,30.819
40.967,29.379
39.412,28.675
36.405,26.795
33.517,25.432
29.466,26.000
25.934,23.993
25.811,24.437
27.883,25.005
34.096,24.638
35.932,26.744
35.068,26.684
38.783,27.259
35.511,27.366
32.442,26.137
31.081,26.213
30.627,25.860
34.092,24.846
31.304,25.141
31.323,24.422
34.105,25.332
31.738,25.779
29.322,25.347
31.414,24.790
31.448,23.697
31.235,23.948
31.383,25.076
33.960,24.712
34.798,25.194
35.983,25.692
32.172,26.376
32.797,25.556
34.339,25.396
32.134,25.731
30.969,25.604
31.870,24.866
33.376,26.002
31.463,26.389
28.300,25.997
29.726,25.289
29.136,24.560
29.942,23.401
31.490,23.351
32.741,24.300
35.513,24.696
34.408,25.273
27.350,25.210
30.321,24.756
31.632,25.588
34.646,25.470
36.033,25.782
30.899,26.069
31.072,25.646
31.849,25.551
32.970,26.201
28.085,25.783
27.866,24.596
28.372,24.456
32.231,24.781
28.939,25.102
29.147,24.825
29.879,24.270
28.427,24.355
31.405,23.746
30.795,24.003
28.369,24.165
32.987,24.582
26.134,24.587
29.213,23.687
31.943,23.355
34.186,23.517
30.576,24.483
31.877,25.587
32.777,25.837
31.193,24.400
29.503,23.878
30.615,23.684
30.086,23.753
31.944,23.446
32.153,23.995
32.270,24.468
30.071,24.729
29.516,24.544
30.593,24.303
30.770,24.350
30.644,24.869
29.815,24.191
29.556,24.437
29.083,24.441
29.284,23.889
29.040,24.428
31.479,22.955
30.023,24.224
34.118,23.290
31.329,23.958
30.096,24.632
32.125,23.420
29.890,24.049
28.263,24.090
28.169,23.293
28.904,22.646
28.243,23.136
25.841,22.366
27.155,23.868
28.990,24.047
27.570,23.789
25.774,20.736
28.702,20.032
29.388,21.094
29.716,21.109
30.269,21.383
30.496,21.799
30.398,20.608
29.445,20.247
29.940,19.091
29.705,19.601
31.172,19.671
33.074,20.698
31.277,22.126
31.575,21.314
32.404,21.449
31.558,20.380
32.270,19.232
31.769,19.502
30.343,18.974
29.921,18.002
30.400,15.840
30.337,15.745
30.029,18.094
29.603,19.338
31.920,19.050
29.628,20.046
29.696,17.052
30.216,17.031
30.589,17.579
30.747,16.792
30.256,16.310
29.869,15.870
29.532,14.957
29.978,15.577
28.649,15.195
28.671,13.725
28.130,12.884
29.207,13.662
28.453,14.997
27.663,13.625
29.476,13.862
28.858,15.345
28.087,13.812
27.890,13.589
27.796,12.458
29.376,12.716
27.680,13.688
27.827,13.881
28.121,13.341
29.071,14.539
28.148,14.704
27.940,14.620
28.628,13.121
27.466,12.884
26.783,12.290
27.102,13.168
27.723,12.732
27.679,11.822
28.347,12.184
27.500,12.047
27.016,11.681
27.396,11.543
27.425,11.499
26.854,11.738
26.091,12.202
24.771,8.487
25.456,8.329
26.997,9.819
27.326,12.304
27.921,13.531
28.190,13.437
26.940,12.000
26.178,10.689
26.332,10.972
27.407,9.479
27.149,11.146
25.401,12.187
25.032,12.910
23.964,7.899
22.999,8.437
22.784,6.736
22.604,5.768
21.361,4.200
21.582,5.562
22.222,5.421
22.223,5.734
22.531,4.189
24.279,5.386
24.316,7.407
23.442,6.993
23.001,4.735
23.012,4.832
24.652,5.214
25.761,6.940
25.739,6.988
26.961,8.305
29.574,11.941
18.920,15.516
21.440,15.242
20.864,12.417
22.050,9.448
24.304,9.918
25.562,11.864
25.947,13.420
25.406,14.428
23.662,12.935
21.676,8.642
20.892,6.931
19.858,5.701
20.214,6.896
20.790,6.691
22.199,6.702
24.726,7.761
24.928,8.127
26.079,7.956
26.647,11.974
22.933,9.997
21.657,9.321
21.461,5.446
24.277,4.799
24.523,7.682
25.033,7.739
25.352,8.168
24.741,10.568
25.555,8.574
25.527,9.814
23.832,6.019
23.760,5.969
24.378,8.227
23.562,7.323
23.722,5.168
25.871,7.943
29.372,7.779
29.078,10.222
29.588,10.261
33.634,14.043
24.339,11.751
23.042,6.984
24.087,4.978
25.281,6.372
28.385,9.513
32.498,15.253
30.812,11.734
31.411,17.260
28.529,14.348
29.292,11.567
29.360,11.280
28.682,11.394
31.381,11.620
33.750,12.258
33.733,15.120
34.304,13.393
33.831,13.542
33.289,14.548
31.523,13.522
33.014,12.749
31.251,11.640
31.513,9.842
31.629,10.764
32.463,11.640
34.267,13.952
35.176,14.623
36.583,16.793
34.159,15.750
32.720,13.094
32.382,13.263
32.215,12.213
33.853,11.694
36.356,17.049
34.158,18.163
31.695,13.484
33.045,15.602
33.335,14.637
35.096,15.859
35.908,16.440
35.737,16.511
37.117,17.027
39.427,20.712
37.154,19.656
36.810,17.648
37.615,16.442
37.740,18.120
38.240,17.200
39.909,18.390
40.820,19.838
39.477,19.949
38.135,20.220
39.113,20.053
39.270,22.779
41.882,26.031
41.378,21.988
41.012,21.282
40.796,24.991
38.330,22.779
39.550,22.333
40.248,22.811
39.138,23.533
40.913,23.926
39.939,23.751
38.935,22.866
39.902,22.450
40.058,24.020
40.850,22.526
39.909,21.963
40.275,21.440
41.617,22.712
41.947,25.695
42.991,24.187
40.062,25.178
40.511,24.741
41.150,24.353
42.291,23.411
42.122,25.064
42.349,21.777
42.732,25.208
41.249,26.206
41.783,24.584
41.820,23.549
40.862,22.235
41.145,21.301
41.504,22.831
41.055,24.556
39.247,23.484
41.392,24.940
43.458,24.568
42.846,25.518
42.825,27.293
42.576,28.458
43.791,26.160
43.847,27.229
43.520,27.927
44.111,28.506
44.015,28.127
44.140,26.600
45.396,27.964
43.854,28.488
44.062,29.905
44.392,27.029
44.211,26.717
45.128,26.106
46.183,27.208
45.564,27.843
46.589,25.094
45.926,25.488
45.676,29.771
45.932,29.209
46.390,27.955
45.010,27.569
46.057,30.136
47.106,30.593
47.534,31.443
47.360,29.485
47.119,29.442
45.687,31.100
45.140,29.155
43.609,30.452
43.383,30.695
44.996,29.492
44.712,28.801
45.400,30.113
46.542,29.047
46.389,29.929
47.113,32.145
45.724,31.176
45.308,32.378
43.089,32.086
40.856,29.112
36.592,28.502
36.721,28.145
37.741,28.557
32.726,26.683
30.834,25.899
29.380,26.129
37.319,25.432
39.770,26.918
40.724,27.336
41.668,29.183
41.848,28.875
43.227,28.972
42.316,31.370
38.035,29.269
36.434,27.376
35.392,27.196
32.898,26.955
32.240,26.198
32.845,25.770
33.562,25.944
32.826,26.132
34.716,25.418
34.069,25.823
32.355,26.235
34.687,26.552
34.367,26.865
32.906,25.832
28.778,25.944
32.493,25.119
33.668,25.880
33.761,25.981
31.095,25.672
31.011,24.477
32.681,25.004
29.610,25.247
27.660,25.316
32.850,25.145
31.184,25.128
31.726,25.384
30.732,25.373
31.557,25.005
30.383,24.559
28.978,24.187
30.368,23.861
34.323,24.959
32.447,24.700
30.836,24.645
28.558,24.711
30.114,25.136
31.867,24.422
31.829,24.000
30.128,24.985
32.266,23.998
30.894,24.445
31.479,24.084
29.140,23.837
32.149,23.572
32.562,24.583
32.570,23.988
31.195,25.104
32.207,24.191
32.889,24.336
33.676,25.153
32.778,24.370
30.269,23.978
30.398,23.353
32.157,23.293
35.084,23.223
33.024,23.853
31.966,23.453
34.858,24.237
34.583,24.179
34.402,24.742
34.316,23.658
36.718,24.173
34.129,24.214
33.930,23.594
30.204,25.006
29.197,24.833
30.555,24.115
31.434,23.557
34.112,22.202
27.774,23.115
30.146,23.240
31.778,23.256
33.581,22.958
33.135,23.927
29.664,24.361
31.187,23.355
32.835,22.848
31.117,23.090
30.741,22.950
32.669,21.858
32.653,23.235
32.748,22.984
32.782,22.118
31.231,20.508
32.055,19.274
31.847,19.285
32.098,18.353
32.439,18.745
33.517,18.807
34.197,19.937
34.997,20.965
35.271,22.303
35.553,23.161
33.875,22.452
33.724,23.115
33.701,19.486
32.134,17.737
33.892,17.060
32.693,16.922
29.393,19.535
27.687,20.074
30.496,17.848
31.594,16.917
33.180,16.112
32.730,16.574
31.165,17.694
30.733,18.402
30.391,16.227
30.713,15.348
31.866,15.228
31.437,14.883
31.253,13.976
31.386,16.488
30.284,15.038
30.505,14.285
31.128,14.908
30.729,15.275
30.109,15.634
29.713,12.117
29.883,11.139
30.280,10.867
31.062,10.456
30.779,11.948
27.253,15.521
21.431,15.416
25.526,14.716
23.699,19.175
23.793,18.909
27.505,18.762
28.565,15.009
28.439,13.739
27.769,12.234
28.013,12.178
28.560,11.913
28.557,11.746
27.515,12.433
27.465,10.099
26.307,8.692
27.232,9.118
27.732,8.894
27.925,9.527
27.395,10.167
27.431,9.697
28.039,10.318
28.350,10.058
28.268,9.390
27.849,10.850
27.003,10.266
26.187,10.297
26.513,8.688
26.651,8.412
27.649,9.363
26.311,8.006
25.621,6.530
25.651,5.719
27.350,9.158
27.405,10.414
27.425,9.310
27.736,11.205
27.630,10.723
28.275,9.298
29.335,8.763
30.145,14.901
27.418,12.463
26.954,11.105
28.844,13.310
27.890,11.984
27.216,9.356
27.171,13.502
26.111,11.815
26.317,11.749
24.592,8.980
23.474,3.720
22.245,2.895
21.699,2.568
23.061,3.412
22.722,4.569
21.601,2.273
21.453,1.843
22.827,1.840
25.197,3.478
25.304,3.895
26.062,7.955
27.067,8.864
28.012,13.089
24.087,9.995
23.007,3.565
23.544,4.226
22.585,6.491
20.496,3.699
19.007,0.797
20.490,0.567
22.909,3.554
22.212,4.956
22.113,3.515
25.410,7.427
27.128,7.795
27.133,8.223
29.316,10.412
30.629,11.109
32.059,15.502
27.731,10.533
25.027,7.975
24.003,4.391
24.484,5.070
24.209,2.849
23.557,2.276
24.092,2.661
23.988,3.259
24.711,3.224
24.676,3.221
24.591,3.720
26.139,4.957
27.480,6.665
27.274,11.213
27.937,8.718
28.355,8.153
30.270,11.339
32.282,15.228
32.963,12.505
28.177,11.703
27.456,12.281
27.085,6.256
28.853,4.874
29.647,6.254
30.172,9.141
29.827,8.538
31.239,9.765
29.823,13.566
23.180,11.499
27.020,14.455
25.003,11.401
24.610,8.520
26.905,8.791
28.077,9.796
29.082,9.668
31.603,10.373
30.320,13.695
30.032,12.894
30.420,12.009
33.337,11.394
34.210,16.024
31.064,14.208
30.191,12.478
32.537,11.739
32.514,12.054
33.756,13.052
34.209,12.498
33.206,12.086
33.019,13.090
33.911,12.703
34.618,13.089
36.725,15.783
35.092,15.677
35.830,15.588
37.592,18.788
36.436,18.066
35.889,18.769
29.942,18.719
34.359,17.835
36.012,18.534
37.634,17.653
36.963,17.609
37.887,19.203
38.344,17.688
39.091,19.962
38.340,19.779
37.622,20.684
37.819,20.811
37.131,19.623
37.646,21.252
38.290,20.849
37.177,19.540
38.105,18.919
39.492,18.405
39.757,25.127
38.563,24.002
37.810,22.095
38.658,20.861
40.195,21.857
40.752,21.150
41.056,20.306
43.135,21.198
42.240,22.410
42.845,26.135
42.139,23.502
41.838,25.201
39.201,25.577
41.517,24.258
41.285,22.500
40.809,24.488
38.653,24.513
39.399,25.309
32.552,22.567
34.371,18.848
35.681,20.157
39.827,21.634
40.656,23.940
41.483,25.058
42.194,26.010
43.062,24.884
42.299,24.283
43.880,25.887
44.584,25.895
44.627,27.887
43.399,25.587
44.176,22.772
44.457,25.013
43.640,26.426
42.618,27.592
43.019,26.797
45.160,26.246
45.288,27.644
44.820,27.462
44.317,28.514
42.466,27.011
41.033,24.824
42.450,26.535
41.654,28.441
44.314,28.470
44.788,26.730
43.972,27.630
44.399,28.257
44.414,28.672
45.593,28.643
45.942,30.368
44.788,29.751
43.826,29.324
43.410,29.563
43.050,29.544
46.016,28.378
40.145,28.051
31.196,25.664
27.434,24.954
38.673,22.636
41.668,26.652
44.961,27.606
43.445,29.751
45.139,30.726
47.847,30.123
42.571,30.140
44.523,29.113
41.952,30.351
43.844,30.190
42.062,31.007
40.990,29.084
36.592,28.566
31.051,27.761
31.994,26.484
35.878,25.960
39.245,26.958
39.823,27.872
38.502,28.608
40.826,28.365
42.591,27.244
40.168,29.438
38.365,30.531
36.235,28.217
32.392,25.870
31.987,26.251
38.009,26.449
34.108,26.135
26.856,25.331
29.159,25.156
34.516,25.275
33.257,25.078
35.420,25.701
39.789,26.938
35.607,27.710
37.250,27.569
39.600,27.424
40.961,27.785
40.359,27.153
40.176,28.042
35.227,26.929
33.844,26.111
36.303,26.083
34.877,27.098
35.308,26.117
36.650,26.536
34.119,26.501
37.018,26.116
36.543,26.814
31.992,26.323
31.319,25.543
32.747,25.646
33.015,25.963
31.887,25.910
32.848,25.837
27.901,25.354
29.521,25.097
28.947,24.402
34.114,23.851
33.706,24.720
28.962,25.606
30.207,24.351
33.993,24.592
35.920,23.422
33.480,25.822
35.603,24.913
34.122,24.762
34.521,24.910
33.463,25.025
35.067,24.428
31.115,24.489
35.324,24.680
33.543,25.016
34.584,24.142
37.538,24.329
37.427,24.841
33.604,25.046
33.288,25.876
31.354,24.156
30.766,23.900
29.870,23.864
26.324,24.380
31.149,24.493
31.739,23.355
36.073,23.044
33.662,23.956
33.397,23.853
33.230,24.362
27.099,22.784
32.787,22.400
34.442,23.054
35.832,23.268
33.527,23.434
29.253,24.258
34.422,24.427
34.295,24.796
35.017,24.346
35.293,23.860
34.861,23.184
36.569,21.180
36.170,23.115
37.334,23.287
37.365,24.794
34.701,23.412
36.022,23.281
37.052,23.369
35.121,23.243
37.652,22.678
37.699,22.422
35.822,23.719
29.739,23.344
30.673,24.417
32.559,23.722
33.663,23.341
34.167,22.966
34.723,23.662
31.922,24.346
32.253,23.701
32.028,23.992
29.997,23.153
28.803,23.184
27.015,23.056
26.704,23.085
25.379,23.083
29.204,23.197
30.621,23.312
28.382,23.152
30.704,22.382
28.741,22.938
29.902,22.181
29.898,21.976
27.599,20.702
31.082,19.857
30.911,19.701
24.800,22.681
26.342,21.146
22.277,20.227
27.112,20.089
27.888,18.941
30.466,19.318
31.383,19.630
29.619,20.318
29.594,19.082
29.389,18.317
27.898,20.732
27.818,18.108
26.106,21.585
28.407,20.298
27.554,18.147
29.055,17.525
29.407,17.531
29.251,16.052
29.775,15.738
29.545,15.220
29.714,16.663
29.676,18.278
28.258,14.224
28.002,12.419
27.388,11.579
28.112,11.842
28.690,11.220
27.367,10.818
27.407,14.284
26.125,12.583
25.900,11.102
25.434,11.132
25.442,10.085
25.761,9.567
26.547,11.257
26.234,11.589
26.657,12.577
26.008,11.597
26.523,11.269
26.225,9.664
26.775,11.292
27.025,11.159
26.941,10.541
25.717,10.948
25.908,12.436
26.194,11.030
26.917,12.172
26.920,12.138
26.745,12.584
26.161,9.304
25.656,9.288
25.710,8.554
26.189,10.096
25.083,9.151
25.000,7.782
25.290,8.446
25.566,9.016
25.914,9.558
25.609,9.197
24.913,10.478
24.841,10.615
25.401,10.681
23.827,8.879
24.699,7.282
25.608,9.611
24.078,8.559
24.321,8.902
25.250,10.956
25.328,9.787
26.280,10.990
27.839,11.969
27.286,11.118
24.944,12.441
23.568,10.369
23.497,9.563
25.245,8.502
25.828,8.179
25.426,10.292
25.904,8.107
26.063,9.912
25.978,10.690
26.037,12.774
23.424,8.463
22.472,5.265
24.595,8.571
24.584,10.652
22.029,7.781
22.209,4.339
24.071,4.972
22.840,9.962
24.820,12.655
16.918,9.613
21.035,6.662
21.925,6.330
22.624,7.016
24.357,9.057
26.482,10.312
28.635,14.866
22.146,10.422
21.796,8.216
23.719,5.627
24.433,7.508
24.156,8.988
26.410,11.650
25.603,11.587
23.743,8.269
23.089,6.104
24.572,7.389
24.829,7.338
24.249,7.480
24.458,6.156
24.200,5.492
24.478,6.189
26.536,7.676
28.892,9.497
29.207,11.591
29.259,12.021
30.570,12.354
30.986,13.186
29.319,11.944
25.952,9.361
26.357,7.860
26.829,8.456
28.646,5.918
27.696,13.611
29.494,11.045
20.727,11.858
22.752,10.103
24.243,9.381
25.047,7.715
27.887,7.568
30.420,9.715
29.959,12.848
27.016,13.827
28.566,14.549
28.921,11.993
28.304,13.111
27.894,13.964
29.247,16.737
25.118,17.467
28.719,17.266
26.938,14.561
26.365,12.525
28.176,11.549
28.653,14.325
29.712,12.169
29.809,13.090
29.115,13.279
30.761,12.221
32.182,17.630
33.542,17.503
33.158,19.406
32.800,16.916
33.563,15.063
33.824,15.242
34.162,17.632
36.680,18.944
35.567,19.936
34.110,17.755
34.108,15.886
36.999,17.341
35.153,18.416
36.657,19.337
38.076,20.967
37.110,21.231
39.896,21.959
39.588,23.418
39.848,22.754
39.815,23.818
37.824,23.078
37.924,21.440
39.148,20.757
40.211,21.037
36.543,20.100
37.817,20.910
40.798,22.121
42.095,22.439
41.743,24.531
38.649,22.460
38.957,18.968
39.450,18.493
41.073,21.723
41.384,21.768
38.878,24.999
39.981,21.366
41.150,23.598
40.682,22.233
41.615,22.956
40.696,27.267
39.561,22.919
40.242,21.882
41.618,23.392
41.985,23.915
41.604,24.428
41.983,23.650
43.210,23.888
43.382,23.496
42.867,23.601
43.474,23.979
43.951,22.777
45.208,24.520
44.559,26.051
43.719,28.315
42.516,25.848
42.638,27.067
41.280,25.186
42.159,28.294
42.680,26.750
43.366,29.064
40.782,30.061
43.805,26.179
42.646,28.518
42.565,27.873
42.730,27.806
40.967,27.742
41.741,26.705
43.603,28.423
43.792,28.176
43.816,27.150
44.664,25.455
44.487,26.996
43.889,26.516
44.848,25.582
44.823,28.720
41.713,30.073
31.865,25.394
29.697,23.861
33.010,22.279
42.499,24.761
43.691,26.517
41.745,27.237
40.760,28.351
39.430,29.121
42.660,28.417
46.914,30.160
47.137,31.153
47.168,30.694
47.195,31.496
46.456,31.734
46.377,31.062
48.333,31.959
46.625,31.908
45.851,29.742
43.908,32.739
43.832,30.649
42.324,32.288
41.229,31.398
44.921,31.780
38.835,30.526
39.548,29.306
38.717,28.830
39.852,28.217
40.526,29.155
42.708,30.652
42.484,30.802
42.179,31.367
40.005,30.680
42.734,30.552
41.420,28.949
42.106,29.062
41.827,29.794
39.563,28.975
31.533,25.977
26.877,25.164
27.043,24.426
28.559,24.634
34.263,25.672
37.346,25.496
37.507,25.956
37.919,27.492
40.234,27.108
37.560,28.180
38.048,27.811
36.183,28.091
35.698,27.232
34.292,26.350
33.548,26.612
35.777,26.561
31.628,25.589
29.282,25.130
32.162,25.618
29.289,25.836
29.665,25.024
31.086,23.821
33.583,22.867
28.367,23.963
33.469,24.060
33.747,26.069
32.748,25.313
30.825,25.190
30.724,25.293
32.217,25.303
