20000101
2.040
1.734
2.077
1.953
1.572
2.544
2.684
1.869
2.067
1.820
1.678
2.087
2.348
3.292
1.170
2.394
2.974
3.259
3.575
3.272
1.790
2.799
2.116
1.855
1.880
1.781
2.316
2.917
3.078
2.209
2.521
4.554
4.274
2.704
2.301
4.698
1.679
2.445
1.305
2.011
1.205
4.640
3.251
1.513
2.466
2.218
1.984
1.942
2.062
2.459
1.850
2.583
2.003
1.933
2.704
3.076
2.088
2.696
3.105
2.135
2.703
2.675
3.006
3.086
3.203
2.676
2.172
3.942
3.849
3.532
2.755
3.370
3.718
3.652
3.336
3.933
3.224
2.547
2.709
2.771
2.138
3.161
3.829
2.356
2.031
1.750
1.729
2.484
1.506
2.084
2.752
3.146
4.046
3.659
3.148
2.834
2.786
2.489
3.241
3.205
2.866
3.388
1.613
2.443
3.129
3.252
2.947
3.013
3.196
3.197
3.311
2.474
2.701
3.109
3.398
3.210
3.753
3.579
3.924
3.333
2.878
3.314
4.168
3.822
3.599
3.072
3.517
2.255
2.577
1.607
2.037
1.681
1.746
2.487
3.122
2.521
2.275
3.878
3.324
3.680
2.403
2.374
2.281
2.173
2.800
3.126
3.984
3.327
3.028
3.355
3.664
3.325
2.285
2.006
1.962
2.994
3.311
6.015
5.677
2.814
2.036
1.680
2.643
2.024
2.203
2.582
2.418
1.556
1.137
2.323
2.794
3.130
2.968
2.146
3.001
2.755
2.687
2.901
1.493
1.695
3.413
3.914
2.935
2.100
1.800
1.277
1.393
1.852
1.834
2.009
1.637
2.088
3.036
3.920
3.732
1.684
1.547
1.200
1.830
3.014
4.518
2.773
1.804
3.358
3.085
2.962
2.665
2.121
1.715
1.448
1.216
1.480
1.927
3.301
3.629
3.621
3.535
2.688
1.806
1.630
1.254
2.181
4.107
3.881
3.057
2.128
1.973
2.470
2.551
2.281
2.019
3.136
2.506
3.137
3.550
3.440
3.221
3.086
3.142
2.399
2.276
2.057
1.810
3.125
4.104
2.977
3.381
3.410
1.758
1.685
1.778
1.185
2.592
3.351
2.721
2.181
1.600
1.964
0.876
1.501
1.505
2.162
2.548
1.023
2.363
1.974
1.451
1.584
1.444
1.614
1.534
1.362
1.580
1.298
1.286
1.375
1.269
1.241
1.555
2.116
1.577
1.695
1.590
1.458
1.567
1.605
2.054
2.030
1.008
1.302
1.867
1.382
1.569
1.951
1.366
1.674
1.516
1.596
1.804
1.090
1.777
2.033
2.355
1.398
1.316
1.947
1.756
2.148
1.438
1.571
1.315
1.630
1.353
1.805
1.882
2.000
1.856
1.658
1.215
1.892
1.446
1.124
1.482
1.737
2.171
1.814
1.747
1.586
1.985
2.070
1.674
1.267
1.658
1.967
1.352
2.571
2.608
1.606
2.338
2.294
2.339
1.449
1.966
2.641
2.174
1.847
1.681
2.126
2.089
2.021
1.591
1.340
2.759
3.170
2.443
1.941
1.497
1.671
1.106
1.264
1.632
1.412
1.433
1.583
1.469
1.925
1.494
2.182
2.402
2.800
2.810
1.471
1.751
1.970
2.378
2.256
2.245
1.880
2.550
2.575
1.259
1.586
1.997
2.454
2.095
2.025
2.356
2.789
4.264
4.974
3.925
3.330
3.893
3.142
1.989
1.887
2.323
2.998
3.877
3.156
1.856
1.971
2.994
3.919
4.218
3.900
2.963
3.414
2.204
1.968
1.686
2.896
2.989
2.451
2.135
3.384
3.110
2.191
2.975
3.015
2.318
3.527
2.742
2.535
2.506
1.891
2.598
2.311
1.961
2.656
3.045
1.786
2.169
2.329
2.459
2.391
2.411
2.566
2.168
1.909
2.465
2.973
2.782
2.423
2.278
2.819
2.104
2.252
3.637
3.536
3.158
2.654
2.229
1.693
3.010
2.558
2.345
2.089
1.721
2.185
2.471
2.282
2.878
2.797
3.281
3.088
2.873
2.755
4.598
2.069
1.213
2.634
1.836
2.512
3.100
3.689
4.597
3.684
3.122
2.141
1.869
2.380
3.000
3.776
3.177
2.900
3.675
4.145
3.929
2.809
2.776
3.381
3.843
3.459
3.668
3.998
3.232
3.123
2.117
2.239
2.915
2.567
2.092
2.617
3.004
2.119
1.971
2.989
2.867
2.725
3.371
3.161
3.085
2.142
2.586
2.762
3.353
2.916
2.042
1.762
2.135
2.272
2.339
2.732
1.921
2.166
2.389
3.011
3.673
4.468
4.842
2.108
2.994
2.947
2.223
1.430
1.751
3.112
2.061
1.624
1.925
1.664
1.378
1.250
1.071
1.438
3.422
2.494
1.745
1.150
1.522
1.422
1.588
2.601
3.580
3.952
3.172
1.577
1.775
3.098
2.484
3.105
3.840
1.185
1.509
2.316
1.575
1.606
3.147
3.764
2.097
1.357
1.657
2.345
3.101
2.898
2.743
2.578
2.496
2.222
2.140
3.345
2.283
2.222
2.216
2.217
2.416
2.827
2.960
2.117
1.112
2.552
2.629
1.832
1.007
1.726
1.585
2.174
1.595
1.163
1.451
1.529
3.371
2.666
2.699
2.571
2.245
1.657
1.513
3.044
2.782
2.393
3.054
2.803
2.411
2.067
2.166
2.649
2.324
2.057
1.645
1.311
0.996
1.506
1.532
1.683
1.593
1.588
1.565
1.471
1.596
1.405
1.668
1.598
1.622
1.358
1.577
2.523
3.781
4.426
2.958
2.676
3.187
3.384
1.746
1.355
1.213
1.486
1.649
1.446
1.625
1.197
1.713
1.874
1.621
1.454
1.736
1.342
1.563
1.596
1.636
1.520
1.930
1.785
1.439
1.635
1.754
1.706
1.422
1.615
1.724
2.002
1.710
1.660
1.806
1.802
1.625
1.934
1.749
2.309
1.673
1.789
1.495
1.395
1.819
2.257
2.046
1.846
1.498
1.561
0.837
1.412
2.161
1.843
1.822
1.961
1.613
1.392
1.592
1.892
2.835
3.095
2.421
2.591
2.371
2.141
2.042
2.085
2.084
1.796
1.367
1.846
1.992
1.756
1.651
2.396
1.740
1.877
2.125
2.571
1.866
1.558
1.172
1.627
1.368
1.669
1.782
2.035
1.695
1.900
2.191
1.868
1.743
1.409
1.746
2.042
1.889
1.967
1.974
1.727
2.099
2.670
2.406
2.115
1.406
2.214
3.357
2.208
3.569
2.789
2.773
1.708
1.977
1.555
3.772
3.163
2.222
3.201
3.188
2.225
2.467
2.063
1.700
2.620
3.413
2.629
1.397
2.315
2.850
2.703
2.764
2.464
2.693
2.864
3.156
3.062
2.756
2.010
2.195
3.076
3.694
3.176
2.291
2.115
1.885
2.341
2.942
4.160
3.849
2.486
1.972
2.159
4.242
3.168
3.183
3.076
2.209
2.519
2.341
3.128
2.671
3.604
3.597
3.581
3.833
3.769
2.231
1.976
1.437
1.732
2.092
2.486
2.890
2.939
2.611
2.801
2.046
2.462
2.443
2.522
2.543
3.236
2.863
3.720
2.913
2.683
2.090
2.333
2.686
3.167
3.447
2.168
2.568
2.815
2.481
2.607
2.758
3.059
3.304
2.870
2.303
2.444
2.800
3.109
3.460
3.025
2.787
2.595
3.057
4.075
3.237
3.416
4.017
3.476
3.164
3.666
3.679
4.113
3.566
3.344
3.268
3.827
3.131
2.975
2.972
3.238
3.199
2.205
3.094
4.845
4.773
4.860
3.782
3.249
3.382
3.629
2.803
3.489
2.996
2.586
2.609
1.973
2.391
2.739
2.472
1.827
2.695
2.440
4.011
2.990
3.215
2.760
1.758
1.915
1.950
2.812
2.933
3.185
3.102
2.792
2.529
3.006
2.981
2.795
2.886
4.042
2.892
2.753
2.868
2.219
2.747
3.228
1.540
2.071
3.195
4.300
3.103
1.825
3.516
4.073
4.310
3.509
4.240
2.854
2.621
2.514
2.341
1.804
2.291
2.882
1.992
1.380
2.706
3.471
3.673
3.799
3.193
3.797
3.360
2.591
2.259
2.329
2.000
3.161
2.570
1.838
1.670
2.047
1.767
1.503
2.133
1.831
1.343
3.734
3.830
1.938
1.273
1.720
1.883
2.313
2.922
1.456
1.323
2.754
3.564
4.969
4.976
1.856
2.402
2.644
1.391
2.370
3.336
2.908
2.998
2.762
3.002
3.106
2.800
3.191
3.134
2.408
2.144
3.170
4.914
4.259
1.810
1.624
2.151
2.697
1.864
1.606
1.665
1.623
1.625
1.855
1.948
1.817
1.272
1.718
1.237
1.384
1.656
1.526
1.262
1.760
1.891
1.350
1.082
1.218
1.751
2.069
1.999
1.710
1.870
2.323
2.579
2.263
1.191
1.423
1.737
1.770
1.181
1.729
1.755
1.808
1.237
1.299
1.362
1.376
2.482
2.189
1.881
1.316
1.356
1.221
1.385
1.723
1.622
1.281
1.382
1.313
1.360
1.547
1.573
1.120
1.526
2.740
3.254
2.010
1.802
1.659
2.046
2.194
2.266
1.404
1.645
1.411
1.016
1.590
2.019
2.623
2.171
2.046
1.783
1.886
2.134
1.563
1.706
1.741
1.748
1.828
2.481
2.863
2.594
1.396
1.170
1.411
1.649
1.135
1.732
2.500
2.335
2.407
2.587
2.942
2.507
1.811
2.762
3.118
1.320
2.487
2.763
1.987
1.558
2.648
2.438
1.534
1.731
3.232
3.138
1.670
1.392
2.501
1.281
1.598
1.906
2.210
1.930
2.192
1.571
1.463
1.407
1.327
1.527
2.155
2.440
3.197
2.341
2.308
1.609
2.314
2.723
2.203
2.426
2.451
2.669
3.232
2.519
2.345
3.052
2.053
1.882
1.479
2.326
2.589
1.803
1.337
1.760
2.530
2.986
1.961
1.609
2.144
2.696
2.785
2.014
3.932
2.998
1.603
2.034
3.401
2.357
2.496
2.091
2.043
2.499
2.387
4.777
4.319
3.557
3.432
3.250
1.978
2.062
2.888
2.363
2.266
2.600
2.036
2.074
1.575
2.321
2.146
2.983
3.104
2.040
1.372
1.770
1.899
2.499
2.677
1.329
1.927
1.928
3.127
4.476
3.991
2.024
3.225
2.453
1.916
2.733
2.598
2.401
2.144
2.540
3.623
3.501
3.146
1.665
3.418
2.634
2.123
2.343
2.462
2.833
2.369
2.664
2.378
2.678
2.506
2.284
3.215
2.503
4.050
2.847
3.688
3.936
4.202
2.821
2.370
2.469
2.426
3.473
2.335
2.482
3.434
3.037
2.554
2.802
3.170
2.748
2.495
2.821
3.259
3.940
3.524
2.910
2.597
3.085
4.467
4.094
4.115
3.322
2.969
2.435
2.512
2.468
2.958
3.027
2.969
3.498
2.580
2.815
3.331
3.858
3.509
3.590
3.785
3.362
3.029
2.124
2.686
2.674
2.178
1.525
2.132
2.558
1.900
2.281
1.476
2.319
3.252
3.498
2.539
3.380
2.236
2.088
2.027
2.235
3.239
3.002
1.795
1.826
2.358
1.977
2.046
1.763
1.642
1.003
2.446
3.056
3.140
2.599
2.356
2.142
1.899
1.288
1.616
1.980
1.944
4.565
4.654
2.164
3.057
3.460
2.298
1.098
0.779
1.621
1.414
1.795
1.823
2.233
2.383
1.580
0.970
1.563
2.753
2.367
0.904
1.239
1.141
1.413
1.549
1.562
1.444
1.015
2.309
4.506
2.957
1.251
1.041
1.659
2.631
3.693
2.328
1.441
1.329
2.603
2.542
1.790
3.105
2.977
2.340
2.427
3.080
2.652
1.461
1.161
1.533
2.518
2.651
2.030
1.757
1.788
1.491
1.584
1.593
1.693
1.529
2.102
2.141
1.557
1.528
1.285
0.962
1.565
2.014
1.881
1.109
1.084
1.651
2.815
4.473
3.987
3.245
2.922
2.724
2.216
2.288
1.296
1.346
1.509
1.220
1.258
1.467
1.521
1.572
1.683
1.561
2.522
3.669
2.399
1.202
1.656
1.239
1.399
1.295
1.202
1.375
1.855
1.581
1.775
2.091
1.982
2.036
2.394
2.208
1.539
1.665
1.447
1.260
1.654
2.095
2.095
1.656
1.598
2.467
2.070
0.964
1.342
1.312
2.197
1.639
1.630
1.296
1.195
1.424
1.287
1.103
1.823
2.106
1.784
1.664
2.107
1.751
1.582
1.383
1.714
1.485
1.121
1.142
1.543
2.647
1.151
1.516
1.814
2.619
2.258
1.466
1.511
2.178
1.970
1.756
1.717
3.705
2.360
1.570
1.748
1.385
1.929
1.512
1.849
1.132
1.634
1.998
3.025
2.454
1.770
1.531
1.610
1.821
2.450
1.848
1.757
1.222
1.715
2.781
1.501
2.336
2.849
2.177
3.893
2.379
1.749
2.547
2.240
1.501
1.761
2.744
2.382
3.156
3.838
2.733
1.982
2.371
2.540
1.864
1.312
1.285
1.855
1.814
1.551
2.036
3.026
1.883
1.653
2.413
2.508
2.491
2.156
3.608
3.549
2.413
2.135
2.027
2.340
2.961
3.158
4.356
4.152
3.796
3.666
3.703
3.106
1.654
2.709
1.650
2.256
2.905
2.471
2.713
2.506
2.889
2.730
2.291
1.506
2.859
4.070
2.324
2.894
3.371
3.053
2.647
2.563
2.116
3.280
2.618
2.190
2.296
2.197
2.604
2.459
2.846
2.679
2.422
2.736
2.963
2.959
3.335
3.412
3.219
3.893
3.676
4.597
4.350
3.085
3.201
2.731
3.245
2.155
2.827
2.190
1.699
2.590
2.575
2.396
2.068
2.426
1.875
1.613
2.908
2.227
1.888
2.390
3.021
2.762
2.458
2.403
3.571
3.132
4.017
4.274
3.984
3.342
3.209
2.836
3.416
3.799
3.754
3.495
3.290
3.779
2.721
2.450
2.495
2.475
1.916
2.407
3.142
3.279
3.218
2.936
2.997
3.574
2.336
2.713
2.454
2.555
2.541
2.360
2.653
3.465
5.713
5.716
4.988
3.154
2.479
2.205
3.665
4.233
3.950
4.344
4.112
3.314
3.002
2.534
2.742
2.213
3.258
2.662
2.572
2.136
2.142
1.899
2.327
2.168
3.091
3.480
3.539
2.954
3.615
2.487
1.369
1.720
2.167
1.715
2.028
3.781
3.407
3.794
3.473
1.985
2.272
2.603
2.529
2.390
2.394
3.123
3.255
2.483
1.458
1.561
2.249
2.832
4.066
4.009
2.119
1.652
2.911
2.850
2.410
2.130
3.037
3.759
3.220
1.865
1.634
1.876
0.802
1.719
1.989
3.460
3.334
2.495
1.371
1.545
2.338
2.705
2.476
2.091
2.071
2.412
1.597
1.778
2.077
1.924
1.397
1.820
1.935
2.425
2.113
2.046
1.938
2.011
2.256
3.576
2.745
2.965
3.183
2.311
3.108
3.030
3.226
1.839
1.544
1.527
1.339
1.139
1.402
1.702
2.028
1.557
1.664
1.673
2.454
2.722
1.777
1.765
2.893
1.771
1.911
1.693
1.633
1.272
1.334
1.848
1.375
1.596
1.444
1.394
1.569
1.647
1.487
1.603
1.644
1.683
1.353
1.277
1.845
0.971
1.428
1.670
1.972
1.873
2.740
2.561
1.896
1.450
1.314
1.337
1.390
1.365
1.588
1.689
1.783
2.121
2.838
2.824
2.419
1.774
1.883
2.406
1.668
1.694
1.849
1.120
1.336
1.381
1.681
1.895
2.380
2.021
1.588
1.826
1.846
1.895
2.993
2.870
2.386
1.445
1.371
1.751
1.601
1.500
1.457
1.406
1.973
2.590
2.146
1.122
1.352
1.545
2.201
2.851
2.117
2.495
2.058
1.981
3.890
2.305
2.013
2.311
2.756
1.782
1.705
1.875
1.791
2.512
2.354
1.719
2.588
2.730
3.053
2.342
3.099
2.227
1.607
2.822
2.316
1.570
2.062
2.641
3.102
2.689
1.566
2.048
3.767
2.709
1.818
2.080
2.294
2.369
1.926
1.554
2.292
1.643
3.125
2.429
1.763
2.052
2.079
2.490
2.292
2.078
2.313
2.524
3.351
5.172
6.084
4.121
3.278
1.803
2.105
2.200
3.256
2.698
1.843
2.246
2.605
3.745
4.200
3.246
3.835
3.780
3.604
3.707
3.456
2.637
2.589
1.922
2.600
2.468
2.949
2.634
1.196
1.688
1.768
1.364
1.401
1.628
2.349
2.900
3.464
2.500
3.072
1.973
2.723
3.519
3.283
2.889
3.599
2.519
2.252
2.172
2.271
1.629
3.439
2.444
2.409
2.472
2.509
3.133
2.832
2.787
3.152
2.915
2.775
2.884
2.557
2.692
2.898
2.210
1.793
2.158
2.949
2.047
2.631
2.689
2.780
3.146
3.847
3.757
2.927
2.054
2.490
2.623
2.029
1.363
2.603
2.717
3.015
3.491
3.049
3.440
2.528
2.241
3.046
2.621
2.958
2.780
2.598
2.806
2.715
3.762
2.708
2.967
3.405
3.425
3.164
2.602
1.185
2.647
1.843
3.049
2.721
3.751
3.793
3.419
2.818
2.318
2.517
1.557
2.672
2.196
2.030
2.810
3.415
3.876
3.732
3.557
3.383
2.814
3.093
2.343
3.047
2.753
3.159
2.583
2.430
1.633
1.139
1.465
2.982
4.385
4.121
2.463
2.466
2.372
2.977
2.759
1.199
1.781
2.587
2.096
2.454
2.053
1.547
3.177
3.932
2.827
1.803
1.252
1.447
2.275
2.532
2.266
1.788
1.447
2.279
2.357
3.619
3.690
2.626
1.753
2.260
3.991
3.210
1.822
1.845
1.956
1.571
1.788
2.870
2.877
3.101
3.512
3.389
2.641
2.500
1.878
1.791
1.788
1.228
1.256
1.466
1.391
1.237
1.784
2.073
3.108
2.576
2.039
1.555
1.607
1.429
2.039
1.694
1.215
1.866
1.580
2.195
1.744
1.288
2.284
2.062
1.704
2.787
3.351
4.112
6.029
5.639
2.713
1.152
1.890
1.954
2.563
3.256
3.360
2.007
1.505
1.529
1.598
2.621
2.045
2.085
1.746
1.573
1.319
1.786
2.015
1.624
1.387
1.416
1.535
1.116
1.157
1.522
1.597
1.365
2.211
1.134
1.239
1.256
1.874
1.294
2.221
3.256
2.615
1.360
1.706
1.195
1.486
1.720
1.429
1.676
1.292
1.149
1.226
2.062
1.742
1.209
1.768
2.305
2.313
1.722
1.223
1.796
1.862
1.559
2.392
3.245
2.962
3.272
2.721
3.021
2.462
1.628
1.394
1.304
2.119
2.428
1.588
0.977
1.232
1.705
1.893
1.853
2.460
1.899
2.082
2.412
3.377
2.910
1.862
2.046
2.046
1.688
1.584
2.219
2.543
2.735
2.833
1.823
1.088
1.209
1.537
1.335
1.514
2.160
1.455
1.585
2.383
3.218
2.560
1.632
1.227
1.819
1.455
1.742
2.233
1.545
1.814
2.818
3.753
2.856
2.428
3.015
2.626
1.882
2.720
2.544
2.114
2.574
2.063
2.519
2.337
3.291
3.414
4.420
3.719
3.512
2.078
2.929
2.436
2.975
2.293
2.136
2.644
2.317
1.920
1.885
1.914
3.149
3.930
2.655
2.114
1.842
1.567
1.520
2.164
1.869
1.924
2.075
3.209
2.676
3.684
3.493
2.807
3.319
2.479
3.392
3.432
3.735
4.124
4.256
3.840
3.855
3.673
2.982
3.258
2.915
2.594
2.163
1.961
2.295
2.649
1.631
3.505
2.634
2.080
2.160
1.461
2.149
2.689
3.256
3.469
3.056
3.170
3.830
3.922
3.787
3.376
2.978
3.224
3.447
2.266
2.439
2.447
2.111
2.481
2.039
2.449
2.600
2.771
3.466
2.320
2.871
2.724
3.513
2.416
2.645
2.429
1.395
3.686
2.784
3.224
2.721
3.091
2.433
3.175
2.385
3.290
2.695
2.681
3.404
3.195
2.680
2.189
1.956
2.658
2.442
2.799
2.414
2.912
3.072
2.657
3.607
3.239
2.704
2.760
2.047
3.636
3.579
3.095
2.055
1.731
1.730
2.077
1.980
2.042
1.466
1.617
1.832
2.114
2.237
2.513
2.332
2.971
4.195
2.776
3.183
2.337
1.624
1.441
1.663
2.029
2.516
2.116
1.633
2.052
4.283
4.210
3.143
2.822
1.664
2.496
2.136
2.862
1.765
2.477
3.279
2.825
3.065
2.994
2.077
2.219
1.967
2.122
1.780
1.452
1.283
2.640
4.907
4.936
2.585
2.250
3.656
2.456
3.048
3.620
2.985
3.174
2.422
2.485
1.929
1.731
2.244
2.074
1.310
1.515
4.149
3.587
1.139
1.784
1.608
1.844
1.600
1.050
2.462
4.003
2.348
1.162
1.971
3.933
5.422
3.963
2.401
1.644
1.679
1.560
2.119
1.722
2.084
3.527
2.563
2.237
3.205
5.181
3.525
1.809
2.391
1.633
2.427
2.549
1.298
1.258
2.615
2.381
1.919
3.382
5.588
3.611
1.727
2.260
1.951
3.110
4.670
2.608
2.382
2.378
2.232
2.224
2.136
2.222
1.805
1.620
2.032
2.419
2.351
1.898
1.791
2.720
4.211
3.835
2.241
3.364
2.306
1.566
1.447
1.467
1.763
2.560
1.895
1.466
1.220
1.334
1.736
2.031
1.613
1.658
1.883
1.996
2.267
1.745
1.323
1.326
1.369
1.453
1.206
1.600
2.024
1.681
1.750
1.534
1.570
1.450
1.674
1.741
1.515
1.990
1.133
1.136
1.298
2.359
1.791
1.533
1.580
1.905
2.081
1.455
1.344
1.771
2.171
1.710
1.611
1.503
1.859
1.666
1.606
1.845
1.990
3.001
3.643
2.573
2.362
2.480
2.194
1.627
1.879
1.540
1.286
1.126
1.636
3.432
3.166
2.350
2.252
2.097
2.560
1.981
1.692
1.420
1.488
2.957
2.577
2.037
2.831
2.895
1.959
1.353
1.634
1.246
1.921
1.860
1.719
2.379
1.696
2.216
2.770
2.882
2.734
1.824
1.510
1.889
2.579
2.684
3.672
3.737
3.005
2.696
3.346
2.257
2.679
2.858
2.565
1.795
2.263
2.426
2.198
1.604
1.855
2.282
3.284
3.497
1.905
2.156
1.803
1.819
2.392
2.281
1.593
1.548
1.571
1.823
2.481
2.032
1.826
2.153
2.790
3.448
2.624
3.560
3.422
1.676
3.435
2.314
3.464
2.892
3.850
2.747
1.685
2.128
2.338
2.788
3.428
3.058
2.761
2.704
1.792
2.652
2.289
2.754
2.640
4.513
2.682
2.163
2.609
3.851
3.726
3.384
2.101
1.241
2.618
2.710
2.647
3.260
2.434
3.438
4.235
2.940
2.035
2.067
2.031
2.279
2.502
2.858
3.103
3.725
3.919
2.646
1.636
1.284
1.297
1.561
2.663
3.608
3.313
3.122
2.156
2.561
2.436
2.357
2.469
2.378
1.913
3.597
3.759
3.059
2.728
2.686
2.895
1.862
2.325
1.982
2.320
3.757
4.469
4.065
3.098
3.151
2.654
2.911
2.678
2.951
2.163
2.883
2.143
2.582
2.061
1.924
1.920
1.793
2.235
2.485
3.016
3.380
1.976
2.707
2.450
2.968
2.158
1.787
1.925
1.989
2.806
4.140
3.356
2.460
1.754
2.191
1.692
2.130
2.853
2.939
2.190
2.454
3.095
2.952
3.556
2.274
2.997
2.902
2.648
2.243
3.190
2.685
1.543
2.662
2.381
1.846
3.063
2.853
2.302
1.734
1.541
3.635
4.808
4.601
3.331
1.249
2.165
1.513
3.273
5.756
4.901
2.464
2.454
1.952
2.789
3.347
4.057
5.970
4.341
2.197
2.325
1.936
2.246
1.770
0.822
1.646
2.135
4.150
3.507
2.777
3.216
2.441
3.012
1.634
3.093
3.496
2.388
2.660
2.942
2.200
2.024
1.956
2.343
1.466
1.973
1.622
1.550
4.276
5.775
3.418
1.647
1.717
2.483
2.891
2.888
3.252
4.043
4.763
4.086
2.304
2.141
4.354
4.057
1.768
1.767
1.352
1.500
1.455
2.027
3.126
2.138
1.997
1.648
1.465
2.019
2.573
2.018
1.535
1.003
2.872
2.232
1.369
3.129
2.425
2.418
1.775
1.737
1.026
1.409
1.958
2.027
1.742
1.729
2.457
4.233
5.863
5.227
3.272
2.184
1.553
2.282
0.863
1.605
1.605
1.576
1.175
1.308
1.069
1.708
2.793
2.969
3.344
2.221
2.290
1.991
1.303
1.378
1.495
1.694
2.079
1.370
1.571
2.197
1.712
1.573
1.372
1.377
0.936
1.478
1.546
1.323
1.350
2.113
2.444
1.088
1.535
1.668
1.661
1.306
1.214
1.338
1.703
1.552
2.041
1.439
1.259
1.680
1.933
2.256
2.054
1.670
1.547
1.733
1.943
1.701
1.873
1.814
1.661
1.434
1.915
1.416
1.384
1.502
1.421
1.822
2.110
1.531
1.176
1.676
1.737
1.384
1.854
2.019
1.775
2.465
1.870
2.043
2.173
2.665
2.012
2.788
1.538
1.506
2.819
3.831
4.315
3.016
2.423
2.489
2.201
2.352
2.891
2.082
2.891
2.812
1.856
1.242
1.538
2.116
1.576
1.813
2.432
2.127
2.735
2.571
2.788
3.295
3.329
3.659
3.413
2.170
2.368
2.034
3.269
2.171
2.414
1.792
3.104
1.664
2.213
1.364
3.059
2.769
2.136
1.329
1.992
1.930
1.764
2.154
2.063
2.839
1.533
1.914
1.540
2.450
2.963
1.939
2.261
3.310
2.493
2.898
3.109
2.365
2.173
2.151
2.648
1.724
2.118
1.946
2.704
2.130
3.048
2.691
2.050
1.884
1.705
1.292
2.229
2.013
3.503
2.512
2.288
1.907
2.409
2.991
3.702
2.997
2.094
2.718
2.007
2.670
2.974
2.807
2.457
2.637
2.915
2.147
2.114
2.667
2.717
1.829
3.246
3.098
1.877
4.023
3.677
1.551
2.746
2.610
1.937
2.328
3.490
2.527
2.237
2.946
3.104
3.266
2.830
2.026
1.761
2.475
2.856
3.321
2.526
2.627
3.041
3.030
2.440
1.976
1.930
2.416
2.537
2.654
2.691
2.915
3.051
2.833
4.069
3.538
2.926
2.583
2.005
2.876
1.977
3.083
3.237
2.615
2.310
2.200
2.420
2.696
2.520
3.526
3.192
2.887
1.919
2.345
2.207
2.115
1.886
2.125
2.669
2.619
2.369
2.772
2.251
2.308
1.249
1.535
3.145
2.210
2.148
2.441
1.921
1.487
2.092
1.724
1.687
2.447
1.637
2.148
1.409
2.139
3.719
4.286
2.888
2.104
2.422
1.099
1.361
1.744
2.319
1.696
2.174
2.785
1.959
1.535
2.708
2.086
2.289
2.874
1.896
1.838
1.796
1.847
3.937
4.253
2.097
1.939
2.576
2.307
2.874
3.520
2.891
2.295
2.277
3.220
2.001
2.240
3.433
2.322
2.208
1.870
3.130
2.989
4.088
3.226
2.679
3.944
3.339
2.626
2.964
2.501
1.224
1.372
1.276
1.824
3.955
3.691
1.650
1.742
1.812
1.606
1.721
1.718
2.949
2.558
2.349
1.300
1.030
1.356
1.881
2.077
1.860
2.400
3.134
3.297
2.661
1.176
0.975
1.972
1.774
1.913
1.830
2.121
1.390
1.597
1.914
2.849
3.036
3.023
2.376
1.191
1.601
2.336
4.930
6.759
4.342
1.676
1.848
1.416
1.559
2.060
2.086
2.919
2.539
3.073
1.833
1.625
1.713
1.739
1.428
1.395
1.706
1.867
2.135
1.601
1.932
1.477
1.649
1.716
1.679
1.979
1.612
1.737
1.649
1.480
1.802
2.086
1.766
1.647
1.489
1.484
1.861
2.533
1.942
1.896
1.812
1.869
2.428
2.147
1.617
1.646
1.752
1.788
1.590
1.923
1.733
1.157
0.957
1.905
2.259
1.879
2.067
1.851
1.660
1.632
1.200
1.538
1.643
2.464
2.081
1.568
2.119
1.868
1.564
1.618
1.163
1.699
1.546
1.845
1.657
1.925
1.730
1.220
1.353
1.848
2.390
1.967
1.573
1.653
2.017
2.215
1.723
2.539
1.497
1.332
1.771
1.758
1.879
1.944
1.909
2.315
2.149
2.033
1.705
1.736
1.654
1.754
1.569
1.988
2.092
2.171
1.729
1.875
1.964
2.192
2.570
2.216
1.831
1.665
1.847
1.915
1.932
1.992
1.769
1.787
2.042
2.988
3.469
4.160
3.433
2.263
2.663
2.634
1.996
2.380
2.772
2.562
1.943
2.125
3.228
2.606
1.689
1.749
1.904
2.072
2.161
2.232
2.015
1.875
1.465
2.141
3.270
2.360
1.959
2.783
2.395
2.216
2.326
3.051
2.082
3.976
5.099
3.508
2.336
3.608
4.259
3.598
4.635
3.946
2.291
2.277
3.012
3.291
3.377
2.944
1.709
3.180
3.238
3.533
2.813
1.613
2.548
2.577
2.497
1.746
2.986
2.164
2.839
3.309
1.859
2.167
2.141
2.807
1.947
2.147
2.322
3.048
2.928
3.049
2.406
2.232
2.743
3.149
2.410
3.194
3.487
2.258
1.343
3.304
2.827
1.610
2.184
2.123
2.172
2.080
4.578
5.214
4.410
4.169
3.632
3.634
3.836
3.300
3.111
2.741
3.026
2.594
2.516
2.849
3.559
2.919
3.156
2.909
2.158
3.186
3.926
3.158
2.831
2.478
4.395
4.500
2.805
3.277
2.969
3.424
2.956
3.354
2.970
3.329
2.834
3.214
2.318
3.394
4.420
3.315
2.725
2.714
2.201
2.301
2.064
2.362
2.324
2.817
2.064
2.418
1.980
2.879
3.335
2.548
2.505
2.609
2.322
2.551
2.066
2.379
3.307
3.451
2.851
3.221
2.474
2.959
2.901
2.930
3.373
2.870
3.142
3.074
2.198
2.310
4.057
3.644
3.211
1.860
0.972
1.022
1.621
2.385
3.583
2.905
2.433
1.889
1.520
2.756
3.873
4.195
4.317
2.393
1.959
1.398
2.153
3.914
4.324
2.468
2.864
3.352
3.177
2.871
2.684
2.586
3.318
3.356
3.191
2.770
1.917
3.353
3.397
2.906
2.179
1.572
1.890
1.215
2.210
1.940
1.182
1.357
2.941
2.199
1.739
2.529
2.684
2.884
2.604
2.957
2.334
1.936
3.464
3.158
3.828
3.859
2.518
1.808
1.357
1.840
2.519
2.054
1.993
2.579
3.154
4.333
4.078
3.717
3.230
1.363
1.998
2.071
1.392
1.483
1.899
1.875
1.572
1.776
1.706
2.044
1.625
1.547
1.272
0.930
1.480
1.421
1.552
2.241
2.734
4.455
3.538
2.536
2.529
3.062
2.676
2.411
4.821
2.348
2.576
1.823
2.045
1.540
1.203
1.558
1.364
1.939
2.167
3.039
2.579
1.983
1.872
2.112
2.052
1.586
1.569
1.700
1.715
1.506
1.906
1.916
1.352
1.653
1.285
1.564
1.753
2.026
1.495
1.504
1.359
1.832
1.597
2.516
2.575
2.278
2.415
2.984
1.866
1.748
2.952
2.332
1.766
1.429
2.300
2.472
2.696
2.280
2.144
1.703
1.804
1.236
1.523
1.422
1.320
1.419
1.710
1.806
2.031
1.480
1.302
1.927
1.879
1.693
2.075
2.364
2.461
1.833
1.366
1.384
2.636
1.798
2.313
2.862
2.877
4.097
3.216
2.509
2.175
2.316
2.506
1.772
2.518
2.198
1.708
2.172
3.783
2.880
1.955
1.149
1.544
1.849
2.053
2.860
2.672
2.253
2.270
2.096
1.869
1.610
1.907
2.065
1.942
2.224
2.252
1.892
1.996
2.256
2.386
2.213
1.980
1.903
3.212
2.860
1.820
2.049
3.021
2.587
3.287
2.666
2.615
2.214
3.060
2.541
1.569
3.453
2.182
1.852
1.789
3.764
3.611
4.135
2.228
2.890
2.807
1.822
2.518
2.728
2.312
2.226
3.704
4.103
3.212
3.871
3.673
2.886
3.561
3.567
3.097
2.782
2.458
1.926
2.509
3.119
3.378
2.514
2.764
2.597
2.372
2.336
1.552
1.997
2.290
3.828
3.471
3.330
2.998
2.512
2.972
3.736
3.186
3.170
3.334
3.368
2.686
1.881
2.328
2.516
3.052
2.593
1.741
3.559
3.657
3.558
2.529
2.715
2.307
2.154
2.594
3.245
2.814
3.542
4.156
4.170
3.994
2.270
2.534
3.266
2.174
3.181
3.623
2.485
2.828
3.028
3.436
1.514
3.566
2.175
1.957
2.354
2.902
2.546
2.508
2.871
2.388
2.107
2.420
2.175
2.366
3.179
3.240
3.002
3.298
4.513
3.531
2.601
3.449
3.544
3.598
3.745
3.544
3.082
2.654
2.644
2.859
3.094
3.371
3.563
4.148
4.048
3.755
2.719
3.155
2.741
3.356
3.485
3.074
2.105
2.396
3.052
2.858
2.033
1.764
1.929
2.117
1.893
2.845
2.298
2.072
1.759
1.710
1.589
2.059
2.318
2.136
2.354
3.576
3.297
3.067
2.913
3.852
3.242
2.344
3.019
3.196
3.172
2.026
2.131
2.899
2.574
2.320
2.076
2.866
2.382
3.033
2.140
1.392
1.912
3.771
4.652
3.350
2.517
3.090
3.243
2.255
1.606
2.245
2.751
2.315
3.200
4.785
3.486
1.263
2.006
1.373
1.704
1.892
1.785
2.011
2.196
1.568
2.456
2.008
1.772
2.296
1.923
1.905
1.631
1.770
1.854
2.033
1.841
1.815
1.804
2.802
2.919
2.460
2.729
2.949
2.786
2.235
2.401
3.459
3.993
3.180
2.170
2.031
1.403
0.899
1.160
1.607
2.535
3.480
4.102
4.693
3.336
1.783
1.979
1.550
1.654
1.870
1.919
1.757
1.955
1.647
1.400
1.573
1.590
0.931
1.096
1.368
2.313
3.133
2.194
1.159
2.286
1.891
1.470
1.832
1.235
1.958
3.777
3.144
1.747
1.562
1.200
1.157
1.536
1.777
1.826
1.776
1.412
1.220
1.736
1.282
1.579
1.325
1.260
1.680
1.050
1.090
1.132
1.274
1.577
1.849
1.703
1.295
1.434
1.575
1.125
1.193
1.383
1.426
1.249
1.764
1.169
2.753
2.743
1.330
1.526
1.534
1.378
1.526
1.895
1.855
2.059
2.777
2.032
1.570
1.728
1.699
1.356
1.863
1.424
1.564
1.221
2.048
3.068
3.636
1.525
2.208
2.619
2.085
2.616
2.726
2.666
2.636
2.517
2.137
1.607
2.056
1.317
1.031
1.641
2.575
2.274
1.302
1.987
4.128
2.117
1.281
1.521
1.597
1.340
1.175
1.033
1.199
2.617
2.086
2.353
1.432
1.446
1.593
3.474
3.018
1.600
1.562
1.672
1.566
1.329
1.478
1.557
1.490
2.369
1.854
1.514
2.294
3.296
2.352
2.240
1.716
1.334
1.425
1.407
1.290
1.550
2.001
2.662
2.139
2.016
2.653
2.170
2.090
2.795
1.667
2.614
2.129
1.271
1.437
2.135
1.897
1.318
1.751
2.537
1.739
1.774
1.873
1.773
1.696
2.120
1.946
2.256
2.831
4.218
4.140
2.218
2.415
2.035
2.032
1.690
1.982
1.926
1.655
2.615
2.081
2.195
3.170
2.931
2.624
1.940
1.682
2.503
2.407
1.970
2.985
3.095
3.160
2.817
2.362
1.966
3.070
2.341
2.584
2.005
2.269
2.317
2.056
2.046
2.459
1.892
2.505
3.438
1.620
1.636
2.013
2.357
2.790
2.258
2.198
1.598
2.086
2.082
3.043
3.527
2.859
2.771
2.470
2.955
3.216
2.802
3.031
3.382
2.911
1.992
2.390
2.349
3.007
2.922
2.879
2.380
2.830
3.556
2.562
2.175
3.254
2.933
3.809
4.047
3.142
1.815
2.954
2.785
2.341
3.179
2.188
1.933
2.625
2.746
2.570
2.230
2.397
2.003
2.029
2.216
2.423
2.838
2.699
3.000
2.641
2.323
2.723
2.774
2.677
2.173
2.458
2.572
5.373
4.627
1.858
4.370
3.872
2.159
1.689
1.647
1.935
1.803
1.538
1.689
3.876
3.077
2.623
2.192
2.229
4.206
2.724
2.213
2.768
2.160
1.558
1.206
1.809
2.940
2.627
2.208
3.372
3.160
0.975
1.795
1.359
1.718
3.156
3.134
1.488
2.398
2.217
1.639
1.410
1.155
1.758
2.021
1.517
1.390
1.493
1.049
1.385
1.440
2.518
3.461
1.798
1.549
1.429
2.011
2.245
3.239
2.236
1.837
1.659
2.651
2.526
2.390
1.614
1.375
0.823
1.063
2.094
2.237
3.022
2.502
2.697
3.270
3.541
3.638
3.241
3.496
2.193
1.436
1.560
1.465
1.675
2.935
3.070
2.528
1.333
1.170
0.989
1.476
1.169
1.632
1.609
2.123
1.815
2.264
1.894
2.014
2.638
1.675
3.864
2.439
2.105
1.734
2.252
2.832
2.373
2.134
1.650
0.858
0.912
0.693
1.304
0.817
0.719
1.313
1.279
1.372
1.416
1.444
1.151
0.958
1.145
1.595
1.483
1.834
1.632
1.425
0.957
1.183
1.314
1.246
1.159
1.662
1.839
1.661
1.278
1.092
1.754
1.395
1.284
1.711
1.715
1.253
1.510
1.510
1.582
1.374
1.412
1.362
1.730
1.442
1.608
1.718
1.519
1.608
1.628
1.454
1.667
1.659
1.417
1.525
1.435
1.585
1.652
1.222
1.488
1.240
1.294
1.317
1.651
1.631
1.355
1.278
1.286
1.621
1.614
1.928
1.236
1.655
1.512
1.461
1.346
1.543
1.153
1.500
1.207
1.364
2.252
1.953
1.338
1.353
1.411
1.776
1.545
1.591
2.275
2.274
2.310
2.128
1.347
1.831
1.481
2.531
2.396
1.799
1.576
1.944
2.419
3.249
2.230
1.904
1.668
2.279
1.835
2.207
2.611
3.160
1.684
1.935
2.084
1.530
2.154
2.034
1.794
1.955
1.570
1.616
2.213
2.239
1.746
1.691
1.629
2.288
1.865
3.710
3.755
2.488
1.693
1.772
2.635
3.706
1.576
3.522
2.479
2.487
2.707
2.521
2.278
2.028
2.727
2.266
2.271
3.090
3.118
2.602
2.546
1.847
2.079
2.210
2.502
2.053
2.946
3.084
1.800
2.213
2.067
1.896
2.460
2.628
2.329
2.806
2.369
2.511
2.578
1.760
2.110
2.136
2.826
2.430
2.168
1.964
1.652
1.889
1.982
2.569
2.544
2.305
2.752
3.392
2.906
2.265
2.121
2.443
3.371
3.200
3.015
3.060
3.612
2.755
2.125
2.297
2.361
2.520
1.622
1.929
2.623
2.848
4.012
3.429
2.483
2.178
1.816
2.331
2.932
2.974
2.779
2.512
2.629
2.257
2.346
2.786
2.284
2.978
1.891
2.427
2.193
2.616
2.954
2.415
2.515
2.533
2.540
2.494
3.252
2.444
2.748
2.258
2.551
2.374
2.851
2.988
2.186
2.545
2.831
2.875
2.568
1.859
2.895
3.054
3.547
3.142
3.127
3.622
2.578
2.600
2.238
2.963
3.468
2.902
2.657
2.876
3.917
3.869
3.715
3.475
3.365
1.511
1.460
2.219
2.923
2.171
2.088
4.000
3.167
3.266
2.572
2.510
2.394
3.214
3.439
2.633
1.666
2.030
2.417
1.857
2.417
2.834
2.089
1.828
2.084
1.560
1.659
1.647
1.458
2.052
2.513
2.074
1.611
2.045
1.806
1.650
1.310
1.716
1.489
1.757
1.355
1.839
1.900
1.242
1.062
1.492
1.925
2.223
2.872
2.847
2.152
1.522
1.707
2.111
2.577
2.138
1.200
1.607
1.150
1.385
1.122
2.300
2.683
1.992
1.754
2.170
2.115
1.884
1.136
1.985
1.659
1.459
1.624
1.782
1.519
1.434
1.822
2.745
4.024
4.099
2.491
1.817
1.395
1.543
2.201
1.746
1.607
1.128
1.239
1.840
1.776
1.132
1.034
0.876
1.211
1.266
1.285
1.578
2.031
2.052
1.160
0.871
1.125
1.212
1.293
1.479
1.361
1.418
1.451
1.660
1.618
0.796
1.081
1.660
1.471
1.408
1.286
1.123
1.568
1.861
1.837
1.565
1.352
1.331
1.456
1.172
1.216
1.293
1.605
1.455
1.852
2.023
1.282
0.930
1.134
1.339
1.435
1.892
2.395
2.307
2.101
0.874
1.570
2.369
1.799
0.892
1.172
1.440
1.387
1.565
1.004
1.103
1.176
1.185
1.146
1.136
1.115
1.356
1.477
1.670
2.249
1.728
1.642
1.342
1.483
2.119
1.089
1.127
1.462
2.206
2.221
2.498
2.650
2.365
2.011
1.752
1.332
2.258
2.229
2.524
1.915
1.805
2.984
3.177
3.411
2.534
1.427
1.462
1.987
1.313
1.857
1.876
1.814
1.809
1.722
1.829
1.899
2.379
2.303
2.103
1.867
2.279
2.653
1.875
1.765
1.525
2.026
2.077
1.713
2.166
1.769
2.343
2.251
2.126
3.253
2.648
2.075
1.848
2.607
2.104
1.809
1.807
1.705
1.517
1.913
1.499
1.862
1.908
1.933
2.375
2.210
2.570
3.203
2.220
2.557
1.775
1.721
2.076
1.540
2.022
1.990
1.940
2.264
2.445
2.817
2.434
1.702
1.922
1.709
1.704
1.987
1.940
2.078
1.841
2.168
3.513
3.812
2.616
2.254
1.731
1.840
1.415
1.637
1.650
2.202
1.898
2.793
1.926
1.991
2.114
2.105
1.918
2.276
3.503
3.184
2.114
2.305
2.770
1.984
2.490
2.687
3.828
3.100
2.371
2.267
2.242
2.469
2.242
1.529
2.932
4.364
4.504
3.735
3.272
1.996
1.519
2.031
1.855
2.037
1.658
3.436
3.015
2.643
2.660
2.101
2.785
2.588
2.451
2.787
2.081
1.444
1.934
2.397
2.441
2.054
1.934
1.971
2.668
2.791
2.757
2.020
2.866
3.556
3.195
3.204
3.105
2.651
2.551
2.115
2.782
2.503
2.780
3.328
3.052
2.674
3.013
2.844
2.784
2.859
2.696
2.949
3.141
3.144
2.664
2.273
3.213
3.519
1.982
3.334
2.351
1.639
2.067
1.629
2.061
2.969
1.863
1.857
1.511
2.301
3.359
4.478
4.611
4.045
4.393
2.505
2.306
1.788
1.611
1.644
2.107
2.575
2.794
3.557
1.495
1.227
2.295
2.990
2.149
2.120
1.314
2.267
1.558
1.761
1.535
1.102
1.667
1.863
1.740
2.607
3.745
2.021
2.120
1.896
2.025
2.208
1.811
2.021
2.269
1.750
2.663
2.973
2.340
1.668
2.027
2.360
2.099
1.362
2.926
3.356
2.981
2.861
1.411
1.385
1.904
2.499
1.490
1.035
1.482
1.412
1.399
1.236
1.444
1.447
1.396
1.763
1.205
1.553
2.773
3.875
3.215
3.237
1.993
1.521
1.379
1.490
1.140
1.456
1.146
1.317
1.441
1.908
1.604
1.695
2.747
2.681
1.758
1.217
1.549
1.680
1.614
1.670
1.743
1.545
1.400
1.508
1.294
1.121
1.451
1.833
3.987
3.956
3.139
1.895
1.145
1.482
1.327
1.858
1.828
2.077
2.495
3.017
3.395
2.429
2.333
2.223
1.824
1.388
1.623
2.044
1.722
1.660
2.193
6.625
4.986
2.233
1.655
1.377
1.453
1.798
2.174
1.628
1.564
1.854
1.680
1.936
1.585
1.416
1.605
2.090
1.909
1.364
1.479
1.752
1.617
1.269
1.182
1.149
1.152
1.264
1.315
2.031
1.997
1.264
1.402
1.256
1.066
1.164
1.450
1.518
1.506
1.434
1.474
1.577
1.197
1.161
1.495
1.983
1.525
1.444
1.208
1.706
1.377
1.277
1.249
1.328
1.873
1.336
1.314
1.205
0.961
1.109
1.777
2.722
2.695
1.784
1.182
1.574
1.549
1.184
1.921
2.332
1.851
2.113
2.164
2.338
2.667
2.440
2.192
1.545
1.314
1.539
1.865
2.301
2.876
2.252
1.462
1.901
2.044
2.126
1.330
1.699
1.994
2.361
1.969
1.572
1.434
1.702
1.760
2.304
4.320
1.970
1.304
1.527
1.601
1.921
2.274
2.532
2.382
1.725
1.964
1.730
1.719
1.809
1.598
1.754
1.989
2.574
2.265
2.601
2.450
2.059
2.757
2.019
2.203
2.291
1.669
3.261
1.988
2.186
3.933
2.733
1.449
1.693
1.684
2.713
1.626
2.263
1.836
1.987
2.253
2.422
2.503
1.984
2.167
1.477
1.898
2.139
1.884
2.113
1.966
1.695
2.167
2.365
2.675
2.484
2.090
1.935
1.882
1.921
2.926
3.146
2.002
3.392
2.197
2.688
2.215
1.945
2.305
3.588
3.872
3.998
3.626
3.044
2.009
3.058
3.325
2.978
2.674
2.633
2.896
3.159
2.583
2.081
1.898
2.820
3.181
1.777
2.195
2.185
1.882
2.583
2.409
2.276
2.296
2.711
2.456
2.095
2.178
1.761
1.864
2.104
2.523
2.009
2.767
3.508
2.849
1.846
1.971
3.407
3.251
4.288
4.218
3.825
3.318
2.691
2.770
3.491
2.606
1.648
1.670
3.065
2.549
2.751
2.381
1.825
3.429
3.865
2.279
3.094
3.670
2.344
3.293
2.890
2.786
2.411
2.349
2.387
2.262
2.495
3.186
3.228
2.820
2.488
2.625
3.318
3.686
2.957
2.582
2.277
1.889
2.048
1.562
2.159
3.018
3.122
3.513
2.722
1.621
2.058
2.305
1.520
2.334
1.674
2.494
2.040
2.376
1.467
1.493
3.163
2.242
2.653
1.640
1.510
2.114
2.811
3.193
3.047
3.103
2.577
1.520
1.248
1.731
1.895
3.420
4.613
4.249
1.359
1.547
1.368
2.273
2.706
2.585
2.557
2.938
