20000101
2.054
1.954
2.664
2.614
2.229
3.095
3.176
2.025
1.839
1.376
1.359
1.623
2.032
3.353
1.072
2.810
3.916
3.338
3.488
3.560
1.700
2.648
2.430
2.208
2.028
1.289
2.064
2.330
3.449
2.154
2.608
5.512
4.057
2.501
2.185
5.061
2.529
2.076
1.395
1.828
1.428
4.418
3.031
1.785
3.043
2.925
2.013
2.224
2.626
2.098
1.909
2.283
2.349
2.304
3.485
3.454
2.787
2.681
2.977
2.220
2.938
3.197
2.856
2.643
2.566
2.548
1.782
3.954
4.657
3.943
2.450
3.456
3.370
4.110
3.424
4.025
3.330
2.103
2.913
3.081
2.045
2.621
3.543
2.045
2.362
1.832
1.802
2.698
1.684
2.274
3.070
3.309
4.536
3.992
3.480
3.308
3.099
2.910
3.665
2.948
3.507
2.636
2.165
2.892
3.059
3.959
2.712
3.028
3.057
2.911
2.897
2.457
2.763
3.107
4.166
3.582
4.623
3.636
3.276
3.279
2.979
3.342
4.115
4.631
3.994
3.206
3.752
2.316
2.350
1.591
1.660
1.222
1.549
2.492
2.671
2.489
2.083
3.041
3.045
3.046
3.175
3.037
3.016
2.771
2.521
2.699
3.891
3.421
3.436
4.550
4.305
3.223
2.376
2.227
2.586
2.892
3.372
6.476
6.009
2.541
2.036
1.794
2.919
2.136
2.166
2.168
2.013
1.242
1.857
2.732
3.595
3.509
3.115
2.774
2.582
2.517
3.060
2.713
1.636
2.147
3.521
4.137
3.108
2.166
2.160
1.334
1.301
2.115
1.840
2.228
1.541
1.882
3.911
4.643
4.390
2.162
1.007
1.323
2.795
3.798
4.785
2.920
1.918
3.411
2.931
2.367
2.225
2.153
2.289
2.376
2.116
1.587
1.649
3.374
3.600
3.685
3.582
2.750
2.128
1.292
1.441
2.522
3.993
3.963
3.211
2.220
1.625
2.129
2.509
1.587
2.307
3.311
2.881
3.355
3.425
3.326
3.110
2.915
2.827
2.359
2.264
2.074
1.447
2.700
3.035
3.396
3.815
3.757
1.981
1.579
2.004
1.295
1.725
3.510
2.839
2.426
2.064
1.961
2.280
1.883
1.802
2.222
2.829
1.703
3.051
2.178
1.392
1.470
1.490
1.507
1.737
1.521
1.242
1.226
1.329
1.481
1.019
1.172
1.295
1.914
1.587
1.651
1.443
1.373
1.728
1.876
2.814
2.364
1.037
1.522
1.846
1.375
1.364
1.786
0.918
1.726
1.679
1.206
1.719
1.729
2.046
3.316
2.324
1.601
1.231
1.607
1.300
2.099
1.692
1.829
1.532
1.678
1.564
1.815
2.041
1.840
1.846
1.229
1.237
1.871
1.585
1.395
1.642
1.916
1.599
1.924
1.490
1.733
2.161
2.318
2.195
1.293
1.452
2.468
1.916
2.883
2.839
2.129
3.028
2.390
2.383
1.707
2.241
2.647
2.525
1.986
1.896
2.152
1.977
1.976
1.376
1.227
2.901
3.654
2.634
2.269
1.768
2.078
1.526
1.479
1.797
1.628
1.356
1.893
1.757
2.273
1.906
2.220
3.059
3.751
3.701
1.811
1.759
1.794
3.088
2.837
2.716
1.801
2.810
3.125
1.625
2.284
2.371
2.796
2.357
2.066
2.342
2.278
3.909
5.680
3.956
3.300
3.602
2.914
1.968
2.005
2.129
3.544
4.940
3.738
2.243
1.764
3.562
4.143
4.628
3.881
2.886
3.536
2.432
2.313
1.421
2.593
2.970
1.845
2.238
3.591
3.361
2.434
3.142
2.965
2.041
2.962
2.875
2.870
2.216
1.876
3.267
2.950
2.437
3.171
3.624
2.007
2.115
2.249
2.259
2.314
2.201
2.207
2.126
2.273
3.221
3.338
2.932
2.201
2.128
2.420
2.303
2.019
4.100
3.956
3.616
3.024
2.069
1.908
2.876
3.037
2.658
2.691
1.864
2.269
2.771
2.240
2.541
2.865
3.647
2.340
2.816
3.107
5.174
1.769
1.280
2.421
1.899
2.166
2.926
3.743
4.588
3.532
2.932
2.106
2.070
2.584
2.841
3.692
2.942
2.918
4.354
3.822
4.229
3.020
2.363
4.986
3.652
3.686
3.964
3.976
3.983
3.328
2.399
2.653
2.968
2.888
2.477
2.833
2.980
1.943
1.697
2.941
2.521
2.614
4.031
3.377
2.630
2.146
2.768
2.771
3.126
1.941
1.746
2.288
2.173
2.000
2.038
2.799
1.764
2.552
2.463
3.149
3.822
4.903
5.341
3.003
1.746
2.651
2.393
1.370
1.712
2.531
1.843
1.706
2.830
2.690
2.435
2.398
1.986
2.582
4.107
2.725
0.971
1.400
1.226
1.411
1.618
2.718
3.609
4.170
3.778
3.352
3.183
2.431
2.189
1.950
2.991
1.605
2.166
3.048
2.165
2.221
3.564
4.060
2.850
1.939
1.420
1.802
2.899
3.113
2.636
2.859
2.628
2.030
2.339
3.175
2.282
2.456
2.305
2.257
2.615
2.971
3.375
2.043
1.609
3.180
3.140
1.968
0.970
1.490
2.249
2.430
1.860
1.516
1.708
1.207
2.128
2.404
2.793
2.296
2.292
1.749
2.507
3.990
3.094
1.856
2.579
2.421
2.428
2.038
1.977
2.257
1.743
2.180
1.782
1.024
1.034
1.276
1.501
1.139
1.738
1.308
1.374
1.447
1.297
1.240
1.816
1.345
1.477
1.341
1.601
2.287
3.568
4.194
2.949
2.775
2.970
3.232
1.806
1.144
1.337
1.290
1.270
1.342
1.485
1.084
1.557
1.754
1.200
1.282
1.673
1.385
1.280
1.295
1.528
1.446
1.669
1.898
1.143
1.458
1.677
1.310
1.326
1.836
1.600
1.862
1.526
1.750
1.489
1.475
2.176
1.805
1.681
1.941
1.879
2.127
1.605
1.416
1.294
1.878
1.516
1.864
1.496
1.180
1.235
1.292
2.040
1.637
1.702
1.762
1.350
1.203
1.599
2.357
2.857
3.253
2.384
2.598
2.396
1.976
1.884
1.859
1.629
1.449
1.400
1.750
1.854
1.570
1.504
2.594
1.656
2.063
2.501
2.869
2.389
1.939
1.329
1.908
1.352
1.368
1.800
2.019
1.875
2.267
2.946
1.984
2.237
1.630
1.491
1.569
1.328
1.584
1.813
1.917
2.255
2.982
2.157
1.720
1.512
1.600
3.073
2.341
3.664
3.184
2.767
1.707
1.851
2.014
4.356
3.440
1.874
3.160
3.033
2.168
2.901
2.213
1.995
3.039
3.941
2.912
1.582
1.866
2.364
2.493
2.695
2.859
2.353
3.735
3.950
3.666
3.391
2.350
2.259
3.272
4.344
3.318
2.291
2.294
1.590
2.559
2.736
3.996
4.144
2.603
1.695
2.245
4.156
3.330
3.331
3.445
2.272
1.934
1.943
2.522
2.984
3.934
3.903
4.101
4.285
3.675
2.326
2.149
1.298
1.649
1.974
2.397
3.077
3.119
2.413
2.892
2.735
2.144
2.749
2.789
2.564
3.185
3.834
4.459
2.918
2.707
2.543
2.863
3.106
3.641
3.265
2.020
2.717
2.708
2.886
2.884
2.922
3.006
3.218
3.188
2.445
2.380
2.224
3.457
4.454
3.014
2.402
2.951
3.309
4.578
3.677
3.859
4.353
4.177
3.881
3.992
4.407
4.207
3.604
3.032
4.130
3.943
3.474
3.471
3.427
3.818
3.259
2.672
3.359
4.705
4.379
4.399
3.185
3.547
3.692
3.711
2.647
3.565
2.902
3.266
2.513
1.834
2.774
3.082
2.502
2.585
2.512
2.339
3.613
2.994
3.298
2.997
2.173
1.846
2.148
3.110
2.461
3.096
3.231
2.839
2.649
2.767
2.783
3.081
3.871
4.335
3.147
2.709
2.694
1.793
2.019
2.750
1.294
1.379
2.878
3.595
2.772
1.526
3.360
4.102
4.138
3.307
4.190
3.470
2.705
2.365
2.630
1.289
2.609
3.311
2.585
1.544
2.604
3.687
3.747
3.962
3.411
3.793
2.586
2.456
1.951
2.653
2.228
3.233
2.827
2.387
1.495
2.238
2.431
2.115
2.362
1.844
2.287
2.620
4.113
1.914
1.965
2.606
2.510
2.778
2.948
1.879
1.889
3.658
3.865
5.147
4.608
1.771
2.598
2.616
1.684
2.851
3.415
2.947
3.208
3.299
2.889
2.827
2.607
3.188
3.334
2.317
2.439
4.065
5.067
4.298
2.092
1.648
2.308
2.598
1.783
1.902
1.956
1.970
1.442
2.176
2.315
2.412
1.846
1.623
1.280
1.047
1.660
1.733
1.217
1.893
1.890
1.063
1.035
0.862
1.363
1.819
2.026
1.420
1.785
2.203
2.484
2.450
1.047
1.395
1.864
2.002
1.195
1.941
1.812
1.841
1.247
1.171
1.868
1.614
2.578
2.318
1.890
1.130
1.415
1.167
1.394
1.674
1.177
1.021
1.179
1.077
1.169
1.593
1.452
1.210
2.082
2.690
3.719
2.397
2.169
2.154
2.097
2.299
2.212
1.501
1.925
1.554
1.324
1.442
2.268
2.961
2.528
2.587
2.048
2.371
2.463
1.464
1.543
1.443
2.024
2.927
2.859
3.058
2.973
1.574
1.030
1.350
1.583
1.120
1.525
2.217
2.242
2.190
2.277
3.237
2.859
1.650
2.311
2.291
1.692
2.885
3.307
2.179
1.504
3.049
2.878
1.681
1.805
3.803
3.956
2.116
2.069
3.231
1.589
1.981
2.435
2.807
2.493
2.781
2.270
1.803
1.529
1.304
1.813
2.637
2.874
3.240
2.345
2.364
1.495
2.412
2.748
2.050
2.185
2.530
2.659
4.960
2.636
3.136
3.794
2.386
2.095
1.403
1.889
1.968
1.696
1.696
2.118
2.559
3.312
2.150
1.697
1.860
2.384
2.584
1.940
4.354
3.166
1.393
1.571
3.280
2.355
2.659
2.086
1.782
2.407
1.792
5.428
5.189
3.838
3.879
3.338
1.589
1.949
2.374
3.475
2.493
2.848
2.109
2.356
1.859
2.585
3.028
2.870
2.975
2.017
1.157
1.648
1.749
2.135
2.449
1.882
1.224
1.543
3.282
4.480
3.852
2.231
3.748
2.625
2.293
2.993
3.189
2.422
2.174
2.454
3.975
3.827
2.364
1.578
3.355
3.080
2.349
2.613
2.346
3.030
2.805
2.775
2.419
2.725
2.683
1.727
2.577
2.752
3.843
2.769
3.682
3.538
4.324
3.298
2.256
2.408
2.477
3.817
2.676
2.420
3.008
3.388
2.841
2.633
3.311
2.753
2.761
2.554
2.544
3.974
3.482
3.104
2.414
3.536
4.504
4.532
3.907
2.909
2.619
2.079
2.673
2.662
2.969
3.139
2.990
3.985
3.624
2.668
2.820
4.330
3.808
3.593
3.173
2.771
2.993
2.311
3.044
3.094
2.247
2.288
2.406
2.663
2.228
3.063
1.762
1.796
2.357
3.427
2.606
3.246
2.344
2.160
2.346
2.440
3.612
3.278
2.248
1.792
2.866
2.215
2.037
1.613
1.844
1.171
2.999
3.328
3.211
2.746
2.475
2.428
2.467
2.436
2.108
1.845
1.870
5.365
5.328
2.642
2.944
3.456
2.159
1.544
2.954
2.423
1.620
1.785
1.739
2.255
2.479
1.628
1.099
1.342
1.718
1.579
1.156
1.665
1.591
1.094
1.423
1.328
1.405
1.339
2.711
5.148
3.194
1.376
1.010
2.186
3.186
4.246
3.045
1.280
1.777
3.737
2.772
2.855
3.431
3.449
3.415
3.405
3.482
3.124
1.344
1.321
2.187
2.737
3.010
2.323
2.032
2.036
1.648
1.618
1.416
1.885
1.664
2.447
2.139
1.625
1.623
1.314
1.048
1.499
2.354
2.145
1.765
1.086
1.380
2.249
4.453
4.763
3.490
3.046
2.970
2.128
2.618
1.881
1.323
1.084
1.093
1.056
1.593
1.877
1.506
1.640
2.020
4.274
4.174
2.689
1.598
1.432
1.313
1.915
1.710
1.454
1.150
2.007
1.531
1.607
2.222
1.606
1.996
2.431
2.182
1.700
1.619
1.467
1.103
1.751
2.645
2.336
2.266
2.001
2.987
2.552
1.455
1.194
1.432
2.385
1.665
1.863
1.526
0.855
1.604
1.848
1.337
2.318
2.282
1.830
1.526
1.905
1.245
1.417
1.006
1.371
1.042
1.296
1.158
1.182
2.431
1.162
1.563
2.356
3.173
3.026
1.803
1.846
3.121
2.751
2.165
1.436
3.844
2.893
1.913
2.280
1.794
2.104
2.273
2.303
1.396
1.912
2.517
3.837
2.983
2.176
1.684
1.864
1.764
2.179
2.027
1.583
1.025
1.192
3.166
1.901
2.284
2.811
1.924
3.906
3.134
2.022
3.163
2.712
1.647
1.307
3.158
2.576
3.802
4.324
2.738
2.187
2.499
2.871
2.000
1.195
0.857
1.539
1.933
1.759
2.287
2.831
1.856
1.313
1.924
2.243
2.605
2.464
3.695
4.087
2.749
2.180
1.783
1.865
2.976
3.807
5.204
4.812
4.201
3.839
4.255
3.610
1.628
2.343
1.434
2.572
2.767
2.306
2.239
2.191
2.645
2.582
1.729
1.417
2.131
4.131
1.742
2.565
3.405
3.702
3.335
2.720
2.426
3.708
3.335
2.800
2.735
2.622
2.459
2.287
2.835
2.732
2.273
2.163
2.832
3.021
3.078
2.998
2.904
3.973
3.694
4.741
4.020
2.645
2.438
3.211
3.284
2.185
2.440
2.097
1.876
2.396
2.436
2.224
2.486
2.481
3.055
1.367
2.928
2.666
2.061
2.450
3.124
2.415
2.592
1.810
3.648
3.584
3.685
4.065
4.230
2.651
2.919
3.344
3.729
3.790
4.138
4.022
2.733
4.036
3.126
2.396
2.390
2.574
2.134
2.933
3.162
4.038
3.291
3.302
3.149
3.972
2.980
2.792
2.628
2.476
2.601
2.527
2.794
3.747
6.109
6.468
5.364
3.076
2.241
2.392
3.340
4.045
3.912
4.179
4.314
3.512
2.935
2.409
2.953
2.244
2.803
1.950
2.325
2.235
2.593
2.676
2.643
1.892
3.085
3.365
3.399
2.863
3.804
2.520
1.565
1.420
2.392
2.571
2.305
3.632
3.624
3.952
2.951
1.758
2.503
3.186
2.960
2.532
2.668
3.702
3.843
3.275
1.805
1.389
2.504
2.808
4.583
4.516
3.199
2.211
4.014
3.556
3.156
2.908
3.497
4.099
3.656
2.302
2.208
2.564
1.112
1.380
1.794
3.966
3.710
2.765
1.258
1.553
2.645
2.553
2.323
2.694
2.182
2.705
1.858
1.954
2.035
1.940
1.136
2.102
2.020
2.498
2.475
2.282
2.250
2.256
2.284
4.180
3.429
3.469
3.656
3.245
3.587
3.306
3.310
2.036
1.605
1.807
1.316
1.084
1.204
1.916
1.675
1.672
1.579
1.821
2.426
2.701
2.096
2.571
3.281
1.807
1.659
1.800
1.321
1.196
1.116
1.602
1.496
2.222
1.878
1.670
1.319
1.538
1.346
1.689
1.499
1.463
1.465
0.934
1.203
0.834
1.287
1.820
2.240
2.182
2.943
2.869
2.327
1.352
1.722
1.759
1.402
1.758
1.642
1.805
2.115
2.631
3.035
2.750
2.231
1.578
1.391
2.113
1.316
1.143
1.808
1.045
1.169
1.719
1.499
1.916
2.449
2.170
1.386
1.604
2.061
1.831
2.963
2.481
1.988
1.058
1.545
1.871
1.381
1.167
1.335
1.558
2.186
2.615
2.003
0.775
1.174
1.334
2.186
2.563
2.057
2.235
1.710
2.332
4.371
2.484
2.174
2.410
2.698
1.682
1.622
1.601
2.308
3.109
2.763
2.156
3.178
2.952
3.313
2.364
3.464
2.374
2.173
2.943
2.593
1.607
2.094
3.787
3.573
3.291
1.589
1.694
3.612
1.888
2.039
2.912
2.244
2.505
1.748
1.897
2.610
1.662
3.954
2.951
1.913
1.856
2.067
2.485
2.085
2.625
2.772
2.850
3.363
6.089
6.814
4.793
2.944
1.481
2.438
2.350
2.824
3.084
2.135
2.534
3.071
4.189
4.579
3.445
3.721
4.314
4.204
3.994
3.772
3.015
3.253
2.409
3.142
2.943
3.219
2.963
1.477
1.824
1.824
1.152
1.983
1.957
2.570
2.457
3.216
3.007
2.674
2.270
2.810
3.434
3.280
3.051
3.341
2.653
1.967
2.599
2.138
1.742
3.200
2.715
2.343
2.761
2.690
2.794
2.580
2.357
3.103
3.368
3.061
2.903
2.797
2.526
3.074
2.270
2.149
2.004
3.087
2.244
2.822
1.917
3.164
2.902
4.286
3.576
2.907
2.429
1.884
1.816
1.745
1.759
2.188
2.072
2.678
3.744
3.043
3.841
2.889
2.716
3.352
2.759
2.905
2.769
2.831
3.417
2.431
4.622
3.454
4.054
3.879
3.680
3.324
2.830
2.211
1.919
2.099
3.088
2.784
4.182
4.172
3.727
2.663
3.290
2.594
2.135
2.931
2.182
2.403
2.558
3.565
2.866
3.399
3.907
3.359
2.977
3.291
2.218
2.972
2.599
3.688
1.704
2.096
1.517
1.476
2.483
3.908
5.792
5.371
2.279
2.163
2.096
2.681
2.780
1.824
2.201
2.975
2.353
2.981
2.586
2.203
2.322
2.263
2.420
1.774
1.373
1.331
1.872
2.380
2.054
1.116
1.370
2.286
2.665
4.074
3.868
2.563
2.233
2.588
4.253
3.431
1.997
1.602
2.784
2.526
1.224
3.038
3.131
3.136
3.392
3.081
2.342
2.178
1.810
1.939
2.077
1.438
1.213
2.029
1.760
1.159
1.166
1.552
2.679
2.711
2.026
1.235
1.908
1.439
2.074
1.597
1.645
1.755
1.675
2.258
1.770
1.600
2.323
1.894
1.642
2.463
3.451
4.252
6.526
6.082
2.557
1.711
2.335
2.009
2.148
2.908
3.531
1.998
1.573
1.447
1.346
2.616
2.294
2.290
2.031
1.752
1.152
1.880
2.328
2.177
1.768
1.404
1.516
1.014
1.251
1.675
1.465
1.259
2.059
1.228
1.022
1.243
1.579
2.005
3.466
4.214
3.232
1.203
1.809
1.193
1.237
1.526
1.080
1.746
1.399
1.469
1.479
2.065
1.950
1.355
2.061
2.778
2.648
1.777
1.323
2.117
2.383
1.791
2.423
3.446
2.696
3.024
2.607
3.080
2.568
1.558
1.319
1.127
1.993
2.305
1.884
1.412
1.382
1.757
2.204
2.268
2.725
2.208
2.465
3.064
4.117
3.397
2.186
2.178
2.059
1.839
2.091
2.724
2.960
3.340
3.167
2.299
1.831
1.708
2.069
1.651
1.062
1.718
1.351
1.411
2.298
3.728
3.029
1.778
1.076
1.787
1.522
1.940
2.282
1.865
1.902
3.858
4.894
3.620
3.141
3.975
3.327
2.509
3.163
2.914
2.184
2.815
1.648
2.761
2.075
3.287
4.213
5.602
4.793
4.513
2.393
3.129
2.683
3.061
2.692
2.420
2.532
2.178
1.502
1.938
1.775
2.901
4.107
2.826
1.688
1.645
1.254
1.052
2.066
1.970
1.749
1.584
2.704
2.412
3.369
3.852
2.915
3.371
1.390
3.026
3.916
3.636
4.258
4.548
4.490
4.810
4.723
3.593
3.492
3.124
2.476
2.271
2.593
2.605
2.188
1.628
4.248
2.659
1.994
2.472
1.400
2.359
3.341
3.808
3.550
2.902
2.612
3.538
4.224
3.997
3.909
2.814
2.856
3.619
2.721
2.995
2.389
2.000
2.377
1.916
2.693
2.666
3.034
2.886
3.062
3.605
3.266
3.621
2.650
2.920
2.635
2.241
3.656
2.889
3.578
3.191
3.231
2.531
2.866
2.349
2.947
2.719
3.258
3.390
2.651
3.373
2.827
2.174
2.692
2.070
2.518
2.358
2.432
3.088
3.831
4.071
3.642
3.338
3.021
2.369
4.023
3.755
3.500
2.519
1.908
1.700
2.459
1.831
2.020
1.798
1.879
2.006
2.511
2.186
2.616
2.257
2.678
3.178
2.521
3.032
2.643
2.585
2.241
1.248
1.551
2.203
1.806
1.501
1.875
4.017
4.221
2.688
2.603
1.922
2.091
2.061
2.898
2.328
2.912
3.532
2.655
3.146
3.369
2.338
2.233
1.978
2.030
1.813
1.410
1.546
3.229
5.218
5.563
3.145
2.927
3.228
2.074
2.494
3.709
3.577
2.610
2.425
1.988
1.508
2.356
2.816
2.460
1.894
2.912
4.582
3.827
1.353
1.230
1.455
2.036
2.123
1.790
3.361
6.378
2.611
1.080
2.728
4.237
5.543
4.085
2.119
1.393
1.679
1.669
2.240
2.067
2.390
3.863
2.769
2.767
3.303
5.490
3.739
1.762
2.103
1.603
3.019
3.498
2.502
1.312
1.526
2.437
1.720
3.776
5.658
3.417
1.738
2.388
2.048
3.523
4.934
2.893
2.484
2.516
2.197
2.296
1.744
1.992
1.728
1.806
2.096
2.403
2.199
1.905
1.683
3.677
5.007
3.024
2.224
1.760
2.159
2.413
1.344
1.586
1.633
2.553
1.991
1.354
1.365
1.339
1.628
1.710
1.891
1.646
1.796
2.114
1.995
1.494
1.496
1.263
1.188
1.482
1.200
1.348
1.815
1.633
1.628
1.262
1.587
1.284
1.114
1.185
1.239
1.774
0.937
1.229
0.963
2.230
1.732
1.862
1.998
2.010
2.373
1.333
1.263
1.593
2.142
2.021
1.691
1.842
1.764
1.523
1.772
1.711
1.761
2.877
3.793
2.948
2.278
2.449
2.079
1.622
1.716
1.549
1.442
1.304
2.125
3.812
3.662
2.750
2.272
1.868
2.312
2.175
1.853
1.877
1.094
2.641
3.261
2.669
3.073
2.776
1.778
1.611
1.918
1.337
2.014
1.790
1.759
2.567
2.006
2.602
3.190
2.934
3.199
2.090
1.829
1.692
3.016
3.212
4.187
4.014
3.448
2.944
4.072
3.236
3.099
3.140
3.308
1.717
2.644
2.550
2.009
1.378
1.937
2.234
3.313
3.855
2.344
2.463
1.775
2.035
2.499
2.127
1.382
1.567
1.749
2.003
2.855
2.201
1.873
2.323
2.426
3.268
2.495
4.248
3.965
2.538
3.613
2.630
3.459
3.235
3.754
3.343
1.958
2.140
2.263
2.814
4.068
3.024
2.371
2.956
2.029
2.725
2.743
2.402
2.721
4.297
2.284
2.525
2.806
3.850
4.033
3.624
2.209
1.654
2.247
1.672
2.037
3.477
2.065
3.697
4.458
2.694
1.815
1.851
1.724
2.428
3.044
3.339
3.466
4.149
3.970
2.732
1.613
1.121
1.135
1.523
2.665
4.134
3.744
3.178
1.706
2.078
2.477
2.027
2.347
2.452
2.171
4.355
4.174
3.411
3.061
3.116
2.900
1.914
2.043
1.577
2.308
3.519
3.956
2.531
3.374
3.919
3.009
3.416
2.861
3.177
2.396
3.178
2.392
2.479
1.616
1.773
1.472
1.185
2.108
2.668
2.902
3.592
2.435
2.775
2.647
2.820
1.735
2.181
1.287
1.658
2.799
4.051
3.525
2.682
2.273
2.315
2.113
1.907
3.132
3.009
2.499
2.721
3.276
2.847
4.296
2.378
3.544
2.807
3.250
2.694
3.110
2.805
2.024
2.925
2.494
2.056
3.074
2.251
2.426
1.956
2.075
3.497
4.574
4.510
3.684
2.361
2.683
1.731
3.714
6.395
5.178
2.236
1.993
2.517
2.574
3.037
4.989
6.436
4.233
2.395
2.197
1.982
2.161
1.875
1.516
2.023
3.253
4.159
2.996
2.692
3.186
3.009
2.557
1.452
2.815
3.593
2.334
2.644
2.838
2.244
2.269
2.063
2.748
1.726
2.432
1.608
1.844
4.499
5.545
3.283
1.609
2.038
2.331
2.726
2.574
2.847
4.053
4.376
4.058
1.684
2.521
4.887
3.650
1.664
1.590
1.306
1.354
1.609
2.487
3.775
2.568
1.848
1.696
1.533
2.133
2.712
2.074
2.194
1.339
2.199
2.231
1.347
3.055
2.554
2.428
1.500
1.395
1.436
1.615
2.018
1.993
1.813
1.666
2.633
4.342
7.081
6.654
4.123
2.440
1.302
1.863
1.311
2.047
1.616
1.677
1.017
1.052
1.030
1.976
3.103
3.203
3.376
2.102
2.160
2.050
1.711
1.166
1.449
1.403
1.740
1.643
1.654
1.874
1.524
1.506
0.987
1.349
1.222
1.453
1.385
0.942
1.261
1.957
2.234
0.894
1.696
1.611
1.414
1.133
1.190
1.286
1.727
1.089
1.561
1.233
1.459
1.732
2.261
2.608
1.814
1.465
1.437
1.691
2.604
2.052
1.836
2.152
1.789
0.980
1.704
1.466
1.283
1.289
1.169
2.256
1.710
1.661
1.784
1.247
1.824
1.633
1.969
2.415
2.045
1.875
1.552
1.917
2.569
3.479
2.609
3.342
2.549
2.513
3.782
3.865
4.228
2.956
2.468
2.369
2.017
2.639
2.950
2.563
3.305
3.449
2.311
1.479
1.939
3.077
2.387
1.955
2.859
2.590
3.375
2.847
3.358
4.336
3.517
4.027
3.427
2.123
2.185
1.705
2.836
2.370
3.045
1.632
3.524
1.992
1.877
1.094
3.401
3.478
2.205
1.416
2.171
2.112
1.493
1.756
1.980
2.339
1.585
1.798
1.476
2.748
3.771
2.663
2.813
3.822
2.907
2.847
2.911
1.619
1.391
2.102
2.895
1.558
1.782
1.764
2.075
2.833
3.304
2.730
1.867
1.608
1.559
1.339
2.241
1.939
3.135
2.639
2.097
2.278
2.227
3.079
4.000
3.337
2.314
3.531
2.401
2.480
2.943
2.847
1.948
2.633
2.869
2.558
1.689
2.726
2.393
1.271
3.299
3.461
2.171
4.079
3.443
2.001
2.572
3.137
2.348
2.615
2.956
3.184
2.614
2.844
2.968
3.095
2.863
1.983
1.668
2.743
3.180
3.214
2.465
2.982
2.995
3.404
2.144
2.128
2.128
2.760
2.633
2.825
2.671
2.999
3.013
2.762
2.734
2.256
2.848
3.141
2.271
2.693
2.330
2.617
3.393
2.211
1.810
1.950
2.612
2.374
2.740
2.951
2.773
2.078
2.650
2.769
1.998
1.793
2.176
2.268
2.217
2.815
2.844
2.599
1.758
2.416
1.951
2.297
3.652
2.485
2.355
2.403
2.297
1.811
2.564
2.264
2.566
2.651
1.535
1.876
1.844
1.404
3.060
3.088
2.815
1.738
2.049
1.155
1.335
2.281
2.646
1.824
2.476
3.685
2.001
1.655
2.246
2.005
1.799
2.038
1.630
1.539
1.218
2.299
4.448
4.306
1.937
1.577
2.637
2.307
2.765
3.332
3.176
1.955
1.945
2.582
2.006
2.166
3.078
2.219
1.681
1.570
3.285
3.002
4.307
3.031
3.264
4.047
3.300
2.668
2.990
2.671
1.880
1.356
1.423
2.097
4.635
4.245
1.725
1.896
1.556
1.639
2.089
1.528
2.653
2.461
1.399
1.099
1.229
1.393
1.976
2.249
2.020
2.520
3.108
3.500
2.622
1.294
1.012
1.957
1.897
1.822
1.438
1.777
1.213
1.204
2.012
2.639
2.803
2.625
2.162
1.267
1.900
2.516
5.756
6.831
4.073
1.500
1.677
0.994
1.584
1.678
1.594
2.966
2.833
3.138
1.804
1.324
1.360
1.515
1.163
1.377
1.476
1.643
1.779
1.630
1.642
1.373
1.865
1.647
1.600
1.777
1.753
1.601
1.851
1.628
1.933
1.938
1.350
1.316
1.364
1.646
1.671
2.984
1.892
1.865
1.782
1.936
2.250
1.981
1.453
1.708
1.671
1.758
1.941
1.864
1.326
0.824
1.018
1.757
2.077
1.642
2.311
1.757
1.344
1.840
1.062
1.631
2.052
2.664
2.467
1.991
2.283
1.748
1.499
1.505
1.455
1.808
1.405
1.577
1.638
2.182
1.781
1.206
1.342
1.801
1.571
1.639
1.564
1.589
2.371
2.444
1.899
2.821
1.535
1.374
1.972
1.802
1.758
1.917
1.727
2.854
2.535
2.545
1.906
1.686
1.473
1.888
1.511
1.861
2.231
2.094
1.526
1.753
1.800
1.975
2.377
2.554
1.876
1.832
2.126
2.447
2.164
2.253
1.859
1.678
1.734
3.056
4.105
4.598
3.428
2.213
2.532
2.582
2.191
2.473
2.350
2.930
2.080
2.530
3.958
3.181
2.452
1.751
1.823
1.799
2.146
2.261
2.356
2.360
1.454
2.443
3.472
2.825
2.074
3.499
3.202
2.976
3.048
3.401
2.104
4.426
5.711
4.049
2.648
3.732
4.716
4.025
5.088
4.563
2.073
2.380
2.778
3.603
3.668
3.282
1.757
2.911
2.646
3.726
3.004
2.059
1.947
2.531
2.095
1.275
2.759
2.476
2.605
3.334
1.662
1.735
2.439
2.306
2.003
2.279
2.412
3.304
2.824
3.356
2.664
2.378
2.846
2.938
2.358
3.083
3.506
2.658
1.454
2.888
2.943
1.433
1.959
2.096
2.254
2.986
4.908
5.744
4.350
4.201
2.808
2.494
4.458
3.445
3.694
3.186
2.758
2.403
2.640
2.994
3.436
3.659
3.504
2.604
2.330
3.015
4.217
3.524
3.110
2.524
4.891
4.872
3.133
2.988
3.273
3.697
3.145
2.926
3.017
3.104
2.738
2.915
2.741
3.452
4.765
3.987
3.332
2.718
3.004
2.460
1.978
2.104
2.147
2.619
2.531
3.059
2.361
2.882
3.437
2.905
2.775
2.905
3.125
3.266
2.106
2.231
3.562
3.166
2.682
3.360
2.766
2.502
3.106
2.833
4.115
3.110
3.652
3.510
2.794
2.399
3.204
3.427
2.791
2.058
1.229
1.255
2.411
2.815
3.675
3.662
3.251
2.583
1.971
3.286
4.040
4.811
4.813
3.166
2.686
1.222
2.645
4.501
4.270
2.591
2.660
3.782
3.343
2.539
2.586
2.366
3.519
3.283
2.939
2.289
2.464
3.104
2.442
2.310
1.851
1.475
1.506
1.604
2.697
2.383
1.590
1.655
3.619
2.383
1.781
2.786
2.664
2.950
2.726
2.465
2.201
1.845
3.447
3.503
4.268
4.168
2.630
1.950
1.715
2.050
2.371
1.880
2.233
3.114
4.109
5.862
3.683
3.331
2.922
0.954
1.728
1.852
1.209
1.605
1.600
1.644
1.616
1.441
1.561
1.932
1.799
2.070
1.906
1.476
1.656
1.344
1.779
2.036
2.478
4.116
2.751
2.655
2.581
3.616
3.220
2.749
4.472
2.229
2.573
1.922
2.141
1.898
1.504
1.386
1.158
2.140
2.394
3.085
2.812
2.275
2.136
2.142
2.324
1.756
1.574
1.985
1.700
1.739
2.461
1.794
1.212
1.355
1.407
1.658
1.504
1.740
1.650
2.023
1.355
1.872
1.962
2.160
2.448
2.878
3.325
3.229
1.382
2.188
3.198
2.631
2.111
1.650
2.525
2.745
2.811
2.614
2.089
2.042
2.150
1.415
1.476
1.598
1.370
1.546
1.922
2.338
2.597
1.742
1.598
1.770
1.909
1.936
2.347
3.170
2.576
2.741
1.750
1.727
3.106
2.332
2.642
3.198
3.447
4.488
3.888
2.673
2.313
2.236
2.751
1.658
3.069
2.723
1.918
2.418
4.439
3.272
2.204
1.137
1.590
2.720
2.828
3.554
2.955
2.191
2.359
2.665
2.299
2.021
2.224
2.564
2.309
2.628
2.868
2.158
2.154
1.685
2.751
2.526
2.220
1.978
3.393
3.525
2.549
2.144
3.351
2.876
3.504
2.385
2.244
2.250
3.083
2.504
1.951
2.998
2.461
2.277
1.967
2.919
2.981
4.719
2.451
3.121
2.902
1.811
2.591
2.457
2.878
2.197
3.560
3.868
3.148
4.187
3.710
3.490
3.401
4.094
3.731
3.311
2.914
2.240
2.939
3.731
3.784
2.838
2.761
2.999
2.536
1.782
1.854
1.820
1.768
3.615
3.736
3.405
3.239
1.837
2.912
3.671
3.946
3.019
2.778
2.909
2.589
1.866
2.245
2.587
3.553
2.882
1.974
3.082
3.921
3.429
2.337
2.964
2.393
2.403
2.769
3.818
3.105
3.392
3.570
3.923
3.475
2.707
2.474
3.231
2.340
4.225
3.937
2.564
3.020
2.609
2.372
1.834
2.913
1.595
2.352
2.729
2.592
3.059
2.531
2.439
2.483
2.524
2.075
1.752
2.852
3.721
3.623
2.959
3.307
4.536
3.880
2.991
4.032
4.153
3.967
4.421
3.764
3.309
2.551
2.372
2.863
2.973
3.070
2.946
4.257
3.634
3.646
2.526
3.190
2.810
3.437
3.583
3.379
2.564
2.825
2.506
1.710
2.221
2.204
2.918
2.157
2.571
3.643
2.556
2.315
2.607
2.182
1.868
2.178
2.618
2.678
2.884
3.623
3.463
3.223
3.272
4.116
3.401
2.231
2.924
1.975
2.828
1.331
2.297
3.184
2.836
2.486
2.588
2.864
2.301
3.170
2.410
1.600
2.327
4.648
5.175
3.915
2.997
3.310
3.357
2.607
2.012
2.564
3.234
2.811
3.440
4.775
3.876
1.512
2.806
1.413
1.626
2.031
2.036
2.288
2.622
1.674
2.491
2.152
2.143
2.403
2.176
1.837
1.738
1.883
2.217
2.129
1.995
2.062
2.132
2.884
3.282
2.829
3.279
3.285
2.658
2.367
2.653
3.709
4.224
3.386
2.309
2.069
1.250
0.696
1.747
2.025
3.212
3.451
4.119
4.679
3.330
1.868
1.565
1.205
1.341
1.531
1.595
1.915
1.971
1.679
1.256
1.318
1.560
0.781
1.261
1.010
2.416
3.450
2.597
1.293
1.846
1.339
1.901
2.109
0.858
2.031
3.918
3.335
1.941
1.516
1.314
1.215
1.734
1.872
1.942
1.725
1.446
1.116
1.640
0.902
1.329
1.882
1.676
1.594
1.517
1.361
1.167
1.422
1.244
1.614
1.498
1.534
1.756
1.682
0.978
1.857
1.414
1.184
1.288
2.043
1.238
2.957
2.661
1.345
1.868
1.918
1.432
1.769
1.665
2.433
2.845
3.005
2.314
1.894
2.057
1.956
1.920
1.825
1.418
1.411
1.102
2.547
3.802
4.095
1.483
2.522
2.984
2.432
3.044
3.357
3.238
3.161
2.908
2.302
1.245
1.535
1.618
1.112
2.324
2.918
2.610
1.608
1.236
4.696
2.402
1.817
2.171
2.448
2.258
2.118
1.330
1.661
3.451
2.406
2.587
1.753
1.419
1.808
3.838
3.059
1.668
1.797
1.248
1.896
1.240
1.679
1.525
1.401
2.370
2.419
1.350
2.095
2.795
2.771
2.676
1.751
1.325
1.420
1.040
1.224
1.647
2.279
3.212
2.847
2.488
2.848
2.620
2.154
2.733
1.783
2.256
2.555
1.529
1.387
2.284
2.437
2.127
1.891
2.697
1.893
2.143
2.843
2.403
2.261
2.320
2.350
2.586
3.714
4.461
4.916
2.766
2.682
1.911
2.342
1.554
1.813
1.878
1.620
2.359
2.573
2.186
2.820
3.180
2.962
2.283
2.523
2.481
2.548
1.994
3.224
3.773
3.198
3.233
2.674
1.864
2.955
3.643
2.451
2.293
2.529
2.719
2.646
2.040
2.853
2.417
2.966
3.115
1.573
1.654
2.140
2.201
1.882
2.536
2.371
2.261
3.079
2.574
3.269
3.366
2.843
2.776
3.007
3.095
2.964
2.724
3.494
4.081
2.920
2.699
2.129
2.808
2.959
3.340
3.260
3.104
3.087
3.624
2.695
3.156
3.385
3.553
4.141
3.916
2.996
2.039
3.263
2.785
3.104
3.581
2.327
2.040
2.999
2.723
2.250
2.329
1.761
2.805
2.143
1.716
3.232
2.778
2.741
2.849
2.595
2.146
2.772
2.556
2.787
2.658
2.046
3.631
6.218
4.983
4.361
4.224
3.426
2.289
1.632
1.812
2.291
2.594
2.305
2.056
3.573
3.014
2.839
2.312
2.925
4.092
3.054
2.607
2.753
2.136
1.630
1.275
2.044
3.023
2.771
2.982
3.650
3.267
0.870
1.271
1.295
2.829
4.213
3.095
1.918
2.557
2.063
1.599
1.621
1.164
1.584
1.705
1.379
1.419
1.796
1.329
1.788
2.884
3.409
3.415
1.421
1.788
1.047
2.801
3.101
3.143
2.217
2.671
1.707
2.682
3.061
2.231
1.808
1.789
0.816
1.366
2.274
2.737
3.145
2.762
2.811
3.375
3.665
3.980
3.339
3.482
2.445
2.040
2.221
1.874
2.387
3.704
3.681
2.495
1.751
0.881
1.307
2.154
1.235
1.628
0.894
2.408
1.670
1.230
2.770
2.922
3.261
2.469
3.709
2.674
2.380
1.958
2.160
3.242
2.601
2.386
1.189
0.909
0.831
0.776
1.146
0.737
0.826
1.542
0.896
1.297
1.504
1.307
1.169
1.066
1.125
1.280
1.565
1.682
1.296
1.271
1.124
1.048
1.347
1.372
1.274
1.477
1.595
1.541
1.382
1.166
1.861
1.533
1.446
1.750
1.567
1.388
1.356
1.223
1.727
1.182
1.316
1.789
1.759
1.594
1.600
1.849
1.354
1.535
1.415
1.352
1.538
1.468
1.453
1.351
1.489
1.869
1.814
1.084
1.198
0.820
1.148
1.101
1.586
1.509
1.192
1.243
1.214
1.756
1.823
2.021
1.189
1.594
1.496
1.392
1.398
1.420
1.299
1.650
1.441
1.638
2.693
2.236
1.489
1.314
1.162
1.375
1.287
1.524
1.923
2.544
2.097
2.931
1.738
1.625
1.673
2.775
2.834
2.251
2.134
2.488
2.736
3.742
2.410
1.899
1.403
2.039
1.601
3.499
2.771
3.801
1.746
1.687
1.975
1.687
2.388
2.838
1.378
2.032
2.233
1.958
2.828
2.799
2.152
1.556
1.593
3.032
2.486
3.342
4.266
3.099
2.012
1.751
2.522
3.255
1.840
2.932
3.125
3.159
3.268
2.674
2.255
2.304
3.548
3.172
3.101
4.262
3.336
2.967
2.982
2.126
2.179
2.589
2.861
2.109
2.595
2.840
1.967
2.360
2.273
1.872
2.474
3.439
2.530
3.415
3.077
2.543
2.625
1.759
1.804
2.242
3.180
2.561
2.088
2.024
1.605
2.314
2.114
3.054
2.801
2.876
2.709
3.272
2.954
2.293
2.614
3.020
3.250
3.647
3.427
3.897
4.337
2.659
2.477
2.512
2.535
2.545
2.083
2.274
3.335
3.122
3.212
4.045
2.995
2.180
1.666
2.194
2.202
3.408
2.553
2.796
2.538
2.465
2.603
2.906
3.112
2.543
1.393
2.663
2.900
2.733
3.273
2.537
2.895
3.292
3.064
3.058
3.398
2.980
2.557
2.572
2.408
2.489
3.209
3.384
2.167
2.537
2.895
2.990
3.215
2.189
3.361
3.134
4.213
3.090
2.328
2.708
2.577
2.727
1.495
2.876
3.456
3.242
2.771
3.381
3.611
3.833
3.852
3.555
3.290
1.615
1.321
2.936
3.990
2.857
2.118
3.857
3.738
3.937
2.124
2.649
2.401
3.786
3.212
3.105
2.582
2.171
3.182
2.067
2.203
3.000
2.338
2.057
2.384
1.654
1.829
2.207
1.787
2.305
2.819
1.958
2.335
2.160
1.762
1.524
1.133
1.725
1.903
1.795
1.586
1.733
2.135
1.719
1.081
1.484
2.202
2.705
3.364
2.991
1.961
1.538
1.775
2.116
2.467
2.342
1.119
1.690
1.091
1.522
1.479
2.379
2.551
2.013
1.755
2.420
2.435
1.675
1.378
2.125
2.021
1.553
1.535
1.771
1.517
1.544
1.840
2.923
4.813
4.256
2.761
1.875
1.250
1.702
2.710
1.710
1.500
1.118
1.154
1.335
1.075
1.664
1.092
1.292
0.899
1.243
1.453
1.635
2.099
1.951
1.311
1.081
1.011
1.044
1.079
1.347
1.094
1.211
1.426
1.760
1.587
1.007
1.111
1.468
1.289
1.956
1.212
1.276
1.549
1.535
1.453
1.074
1.088
1.131
1.073
1.052
1.377
1.321
1.476
1.721
1.791
1.848
1.836
1.605
1.623
1.157
1.051
1.478
2.191
1.859
1.747
0.959
1.668
2.153
2.047
1.170
1.376
1.766
1.853
1.678
1.419
1.427
1.753
1.367
1.660
1.672
1.603
1.579
1.380
1.364
2.270
1.745
2.199
1.593
1.636
2.542
1.777
1.724
2.162
2.681
2.275
2.672
2.445
2.365
2.038
1.435
2.060
2.318
2.050
2.554
1.762
1.966
3.340
3.159
3.417
2.503
1.230
1.453
1.711
1.818
1.746
1.611
1.335
1.398
1.304
1.423
2.033
2.487
2.463
1.971
1.605
1.742
1.927
1.755
2.248
1.627
1.871
1.984
1.497
1.832
1.888
2.219
1.940
2.159
3.017
2.185
2.610
1.925
2.123
1.833
2.356
2.450
1.913
1.849
1.857
1.629
1.472
1.656
1.764
1.968
1.813
2.346
2.609
1.826
3.319
2.779
2.597
1.724
1.892
2.386
2.888
2.658
2.287
2.611
2.810
2.826
2.073
1.892
2.210
1.855
1.774
2.457
2.782
2.446
2.349
4.450
4.178
2.695
2.568
2.071
1.720
1.502
1.678
1.669
2.178
1.696
2.381
2.136
1.885
2.231
2.324
2.802
3.131
3.733
3.549
2.472
2.542
3.267
2.223
2.840
2.919
4.133
3.328
2.922
3.030
2.593
3.029
2.712
1.856
3.000
4.809
5.034
4.104
3.485
2.425
1.750
2.386
2.255
2.430
2.131
3.236
2.883
2.971
3.622
2.139
2.625
3.191
1.824
2.736
1.823
1.653
2.137
2.086
2.375
2.804
2.101
2.347
3.037
3.315
3.111
2.095
3.617
4.295
3.381
3.416
3.491
3.035
2.602
2.649
2.883
2.591
2.794
3.374
2.964
2.795
3.020
3.069
2.884
2.691
3.022
3.178
2.996
2.944
2.353
2.417
2.887
4.182
4.150
3.370
2.387
1.941
1.605
1.897
2.180
2.930
1.713
1.709
1.855
2.683
3.209
4.368
4.816
3.848
3.588
2.140
2.018
1.521
1.201
1.362
1.717
2.724
2.962
4.094
1.674
1.099
1.304
3.045
2.351
1.533
1.649
2.456
2.045
1.755
1.578
1.101
1.524
1.768
1.739
2.792
3.906
2.135
2.104
2.113
2.469
2.524
1.966
2.441
2.575
1.898
2.913
3.140
2.591
2.086
2.795
3.672
1.979
1.249
3.299
3.565
3.157
2.598
1.306
1.282
1.964
2.792
1.694
1.125
1.459
1.519
1.482
1.883
1.740
1.521
1.373
1.908
1.095
1.519
3.304
3.987
4.560
2.998
1.842
1.073
1.682
1.689
1.237
1.539
1.560
1.254
1.477
1.723
1.790
1.606
2.860
2.941
1.967
1.522
1.477
1.763
1.724
1.601
1.526
1.315
1.410
1.330
1.222
1.182
1.593
2.931
4.038
3.606
2.831
2.018
1.234
1.259
1.436
1.935
1.635
2.600
2.753
3.674
3.611
2.404
2.272
2.371
1.891
1.598
2.180
2.235
1.358
1.751
2.411
6.630
5.269
1.532
1.753
1.389
1.428
1.844
1.871
1.470
1.578
1.904
1.996
1.587
1.733
1.469
1.948
2.211
1.826
1.189
1.267
1.542
1.426
1.462
0.912
0.986
0.851
1.112
1.473
2.800
2.643
1.626
1.770
1.573
1.433
1.490
1.998
1.970
1.814
1.528
1.375
1.368
1.403
1.056
1.557
1.715
1.188
1.471
1.169
1.863
1.663
1.372
1.262
1.751
1.952
1.402
1.345
1.208
0.975
1.210
2.081
2.675
2.424
1.521
1.157
1.389
1.867
1.254
1.668
2.295
2.370
2.272
2.105
2.874
3.184
2.789
2.689
2.200
2.040
1.454
2.006
3.242
3.704
2.632
2.038
2.561
2.486
2.634
1.482
1.451
1.813
2.124
2.680
1.691
1.501
1.125
1.439
2.073
3.849
2.491
1.718
0.960
1.466
1.990
2.954
3.655
2.925
2.541
2.486
1.884
1.965
1.980
2.068
2.604
2.809
3.216
2.575
3.391
2.545
2.441
3.433
2.721
2.455
3.092
1.428
3.561
3.077
2.150
4.378
2.696
1.662
1.568
1.582
2.636
1.616
2.366
2.280
2.215
2.718
2.086
1.886
1.977
2.594
1.395
2.054
2.733
2.789
2.603
2.425
1.608
2.226
2.252
3.119
3.079
2.286
2.305
1.860
1.888
3.103
3.707
1.781
2.960
2.576
2.832
1.975
1.991
2.750
4.266
4.852
4.792
4.466
3.655
2.742
2.925
3.463
3.041
2.672
3.223
3.297
3.806
3.068
2.592
2.353
2.772
3.379
1.949
2.179
2.604
2.062
2.761
3.064
2.904
2.899
3.267
3.001
2.690
2.839
2.180
2.099
2.026
2.703
1.983
3.562
3.180
2.707
2.087
1.896
3.072
3.497
5.426
5.035
3.708
3.989
3.358
3.388
4.038
2.825
2.097
2.629
3.501
3.252
3.595
2.684
1.944
3.779
3.744
2.541
3.352
3.787
2.161
2.963
2.925
2.667
2.395
2.488
2.945
2.395
3.073
2.958
3.231
2.954
2.330
2.989
3.535
3.417
2.668
2.271
2.172
1.349
1.608
1.565
2.031
3.080
3.499
3.673
2.953
2.198
2.219
2.117
1.621
2.056
1.698
2.600
2.549
2.566
3.229
2.008
2.785
1.711
1.813
0.993
1.596
1.997
2.551
3.008
3.096
3.286
3.048
1.481
1.426
1.423
2.752
4.128
4.320
3.807
1.590
1.758
1.403
2.472
2.806
2.921
2.984
3.381
