20000101
1.990
1.773
2.434
2.363
1.935
2.859
2.890
1.895
1.810
1.462
1.520
1.724
1.879
3.129
1.189
2.624
3.535
3.290
3.533
3.471
1.804
2.753
2.261
2.006
1.988
1.498
2.175
2.403
3.258
2.200
2.488
4.910
3.789
2.696
2.410
5.076
1.768
2.255
1.528
1.875
1.402
4.474
3.208
1.824
2.871
2.617
1.986
2.246
2.464
2.166
1.952
2.350
2.296
2.144
3.225
3.285
2.655
2.686
3.020
2.173
2.757
3.247
2.856
2.894
2.673
2.533
2.073
3.646
4.323
3.877
2.658
3.515
3.352
3.892
3.462
4.052
3.251
2.247
2.799
2.980
2.147
2.814
3.268
2.449
2.345
1.903
1.747
2.522
1.634
2.130
3.043
3.333
4.440
3.880
3.402
3.130
2.907
2.798
3.571
2.954
3.361
2.646
2.032
2.682
3.103
3.701
2.980
3.010
3.103
2.953
3.026
2.465
2.752
3.355
3.690
3.531
4.508
3.953
3.794
3.223
2.912
3.311
4.043
4.645
3.922
3.130
3.638
2.219
2.475
1.706
1.824
1.310
1.759
2.373
2.961
2.595
2.144
3.267
3.272
3.496
3.231
3.047
3.210
2.737
2.785
2.641
3.725
3.312
3.239
4.273
4.274
3.447
2.232
2.267
2.281
2.952
3.308
6.445
6.073
2.708
1.925
1.742
2.833
2.047
2.206
2.255
2.199
1.430
1.591
2.714
3.489
3.320
2.986
2.297
2.779
2.702
2.877
2.792
1.645
1.857
3.379
3.952
2.972
2.146
2.096
1.362
1.371
1.766
1.680
2.005
1.611
2.098
3.746
4.468
4.381
1.928
1.174
1.265
2.527
3.615
4.949
2.812
1.807
3.397
3.014
2.675
2.400
1.925
2.064
2.112
1.742
1.363
1.731
3.424
3.688
3.805
3.688
2.882
2.149
1.277
1.267
2.332
3.968
3.950
3.125
2.208
1.784
2.345
2.634
1.881
2.057
3.243
2.694
3.282
3.457
3.350
3.109
2.957
2.823
2.392
2.208
2.130
1.345
2.851
3.364
3.265
3.744
3.650
1.843
1.589
1.827
1.121
2.096
3.445
2.781
2.277
1.762
1.991
1.706
1.582
1.578
2.118
2.825
1.195
2.432
1.958
1.302
1.410
1.417
1.452
1.641
1.402
1.117
1.268
1.162
1.334
1.214
1.156
1.221
1.828
1.555
1.643
1.524
1.314
1.569
1.789
2.537
2.158
0.939
1.315
1.757
1.417
1.523
1.759
1.021
1.615
1.531
1.235
1.448
1.484
1.932
3.012
2.412
1.427
1.256
1.793
1.514
1.991
1.608
1.735
1.473
1.669
1.427
1.853
2.023
1.842
1.937
1.437
1.246
1.934
1.297
1.135
1.523
1.836
1.804
1.835
1.525
1.633
1.963
2.238
1.896
1.184
1.479
2.236
1.613
2.780
2.780
1.802
2.724
2.263
2.310
1.603
1.996
2.651
2.308
1.866
1.771
2.180
2.013
1.955
1.497
1.303
2.901
3.531
2.492
2.090
1.649
1.923
1.309
1.346
1.743
1.549
1.317
1.823
1.625
2.148
2.003
2.256
2.773
3.410
3.326
1.632
1.703
1.719
2.877
2.547
2.424
1.706
2.549
2.836
1.354
1.894
2.067
2.595
2.218
1.941
2.193
2.312
3.828
5.457
3.954
3.313
3.702
2.998
1.897
1.910
2.166
3.306
4.554
3.488
2.108
1.911
3.343
4.127
4.535
3.932
2.950
3.533
2.334
2.051
1.638
2.823
2.635
2.115
2.163
3.439
3.294
2.451
3.103
2.987
2.210
3.143
2.599
2.869
2.546
2.142
3.031
2.692
2.211
2.925
3.402
1.959
2.251
2.378
2.250
2.370
2.297
2.357
2.274
2.124
2.938
3.355
2.895
2.246
2.200
2.704
2.384
2.090
3.980
3.876
3.474
2.943
2.179
2.014
2.285
2.881
2.852
2.392
1.891
2.250
2.694
2.226
2.752
2.833
3.505
2.576
2.773
2.926
5.068
1.889
1.429
2.578
1.916
2.300
2.890
3.692
4.630
3.625
3.014
2.116
1.896
2.473
2.675
3.674
2.748
2.932
4.169
3.988
4.188
3.089
2.582
4.664
3.752
3.592
3.799
4.002
3.865
3.457
2.274
2.572
2.770
2.993
2.564
2.686
3.179
2.055
1.820
2.942
2.707
2.552
3.622
3.400
2.734
2.062
2.647
2.537
3.131
2.471
1.863
2.105
2.128
2.073
2.075
2.817
1.739
2.374
2.597
3.146
3.821
4.882
5.422
2.958
2.036
2.747
2.346
1.308
1.858
2.824
2.073
1.568
2.568
2.401
2.143
1.915
1.408
2.146
3.989
2.414
1.295
1.199
1.313
1.314
1.497
2.696
3.655
4.192
3.681
2.936
2.535
2.713
2.421
2.577
3.219
1.393
1.879
2.760
1.963
2.005
3.489
4.012
2.556
1.545
1.498
2.088
3.070
3.019
2.708
2.843
2.630
2.230
2.310
3.178
2.343
2.319
2.196
2.210
2.494
2.874
3.245
2.099
1.355
2.980
3.027
1.947
0.955
1.682
1.898
2.325
1.657
1.357
1.586
1.284
2.357
2.511
2.705
2.400
2.079
1.714
2.267
3.566
2.882
2.041
2.800
2.488
2.345
1.865
1.921
2.232
1.762
2.066
1.606
1.090
0.756
1.324
1.519
1.288
1.636
1.344
1.387
1.511
1.336
1.284
1.701
1.439
1.496
1.337
1.573
2.307
3.588
4.173
2.775
2.435
2.854
3.197
1.839
1.224
1.367
1.465
1.375
1.336
1.415
1.061
1.637
1.851
1.492
1.450
1.692
1.408
1.261
1.387
1.526
1.480
1.846
1.868
1.328
1.515
1.850
1.589
1.412
1.733
1.733
1.796
1.525
1.612
1.488
1.490
1.861
1.728
1.751
2.008
1.683
1.799
1.444
1.296
1.546
1.988
1.740
1.772
1.350
1.269
1.166
1.461
2.053
1.739
1.727
1.875
1.594
1.314
1.599
2.216
2.830
3.173
2.425
2.582
2.370
1.990
1.834
1.897
1.768
1.588
1.288
1.757
1.824
1.660
1.477
2.498
1.628
1.951
2.291
2.753
2.101
1.706
1.237
1.745
1.275
1.452
1.756
1.982
1.758
2.043
2.623
1.793
1.939
1.503
1.627
1.725
1.553
1.728
1.862
1.772
2.121
2.918
2.312
1.820
1.390
1.803
3.116
2.360
3.884
3.292
2.842
1.704
2.023
1.987
4.151
3.408
2.154
2.766
2.840
2.260
2.595
2.113
1.837
2.827
3.814
2.805
1.468
2.089
2.634
2.530
2.743
2.715
2.336
3.208
3.564
3.301
3.091
2.224
2.088
3.105
4.058
3.294
2.246
2.279
1.639
2.507
2.821
3.920
4.033
2.529
1.725
2.356
4.308
3.275
3.313
3.280
2.238
1.950
1.948
2.595
2.838
3.810
3.837
3.925
4.118
3.738
2.294
2.107
1.469
1.724
1.973
2.332
2.989
3.043
2.474
2.836
2.408
2.119
2.389
2.639
2.544
3.244
3.590
4.368
2.989
2.759
2.341
2.746
2.985
3.384
3.283
2.123
2.853
2.726
2.620
2.726
2.728
3.008
3.001
3.070
2.431
2.256
2.456
3.378
4.352
3.184
2.193
2.886
3.232
4.307
3.558
3.795
4.411
4.277
3.730
4.012
4.298
4.425
3.591
3.153
4.037
3.868
3.477
3.360
3.372
3.865
3.360
2.580
3.428
4.603
4.413
4.719
3.517
3.531
3.716
3.846
2.768
3.638
2.866
3.264
2.685
2.011
2.588
2.974
2.457
2.324
2.438
2.414
3.651
2.986
3.396
3.133
2.246
1.940
2.129
3.105
2.436
3.188
3.259
2.754
2.640
2.759
2.823
3.105
3.758
4.159
2.969
2.480
2.787
1.866
2.278
2.961
1.274
1.527
2.971
3.844
2.677
1.539
3.436
4.140
4.345
3.465
4.350
3.354
2.906
2.618
2.505
1.487
2.396
3.045
2.349
1.493
2.705
3.702
3.867
4.001
3.380
3.904
2.933
2.615
2.118
2.471
2.207
3.133
2.757
2.247
1.467
2.049
2.248
1.908
2.339
1.808
1.992
2.988
3.792
2.036
1.545
2.253
2.442
2.773
2.901
1.783
1.772
3.432
3.776
5.112
4.783
1.723
2.617
2.630
1.491
2.641
3.420
2.908
3.177
3.083
2.610
2.980
2.666
3.240
3.210
2.365
2.396
3.755
5.057
4.294
1.839
1.622
2.312
2.714
1.795
1.763
1.788
1.786
1.593
2.037
2.152
2.152
1.847
1.848
1.288
1.167
1.781
1.665
1.217
1.855
1.918
1.278
1.062
0.963
1.409
1.938
1.999
1.370
1.677
2.101
2.498
2.341
1.150
1.515
1.965
1.919
1.115
1.928
1.826
1.870
1.154
1.293
1.589
1.468
2.627
2.363
1.981
1.274
1.386
1.159
1.446
1.744
1.341
1.042
1.176
1.085
1.201
1.485
1.504
1.103
1.989
2.733
3.622
2.256
2.031
2.048
2.152
2.338
2.297
1.524
1.817
1.454
1.186
1.557
2.221
2.892
2.456
2.448
2.016
2.209
2.325
1.414
1.562
1.520
1.907
2.423
2.619
2.976
2.774
1.415
1.012
1.353
1.550
1.154
1.639
2.281
2.193
2.193
2.261
3.122
2.688
1.622
2.401
2.496
1.444
2.707
3.155
2.051
1.521
2.728
2.493
1.577
1.709
3.548
3.674
1.887
1.738
2.829
1.315
1.770
2.159
2.472
2.165
2.408
1.936
1.536
1.441
1.325
1.708
2.361
2.591
3.183
2.162
2.251
1.507
2.269
2.718
2.095
2.372
2.419
2.836
4.825
2.669
2.813
3.418
2.339
2.068
1.517
2.086
1.955
1.776
1.920
2.161
2.586
3.313
2.062
1.674
2.188
2.255
2.734
2.029
4.213
3.096
1.412
1.602
3.383
2.329
2.657
2.294
2.035
2.460
2.090
5.270
4.875
3.813
3.795
3.255
1.777
1.946
2.581
2.982
2.645
2.779
2.144
2.427
1.756
2.400
2.941
2.808
2.911
2.116
1.321
1.874
1.571
2.271
2.543
1.736
1.638
1.856
3.256
4.486
3.993
2.171
3.751
2.796
2.075
2.971
2.930
2.426
2.155
2.422
3.821
3.753
2.679
1.578
3.176
2.846
2.426
2.609
2.197
2.948
2.719
2.670
2.447
2.710
2.701
1.934
2.626
2.758
4.193
2.777
3.565
3.765
4.265
3.095
2.345
2.518
2.618
3.655
2.756
2.601
3.181
3.374
2.625
2.686
3.390
2.633
2.687
2.533
2.831
3.964
3.602
3.014
2.645
3.401
4.555
4.399
4.015
2.936
2.860
2.134
2.641
2.685
2.875
3.187
3.027
3.631
3.327
2.841
2.836
4.115
3.489
3.594
3.133
3.016
2.909
2.319
3.167
3.172
2.281
2.026
2.203
2.815
2.007
2.759
1.543
2.039
2.660
3.572
2.676
3.553
2.269
2.189
2.114
2.348
3.538
2.859
1.768
1.717
2.563
2.104
2.071
1.610
1.833
1.053
2.794
3.177
3.077
2.561
2.427
2.376
2.231
2.115
1.974
1.878
1.825
5.065
5.154
2.520
2.950
3.483
2.256
1.316
2.356
2.216
1.498
1.710
1.688
2.128
2.389
1.537
0.974
1.242
2.121
1.820
0.977
1.028
1.230
1.203
1.576
1.259
1.400
1.118
2.553
4.967
3.103
1.135
1.073
1.934
2.921
4.092
2.732
1.351
1.626
3.465
2.833
2.515
3.351
3.257
3.155
3.286
3.371
2.935
1.360
1.282
1.886
2.577
2.800
2.147
1.868
1.968
1.585
1.559
1.421
1.735
1.505
2.275
2.198
1.512
1.547
1.189
1.104
1.500
2.283
2.042
1.560
1.008
1.433
2.348
4.344
4.670
3.532
2.999
2.877
2.085
2.563
1.552
1.306
1.159
1.109
1.081
1.520
1.701
1.585
1.772
1.845
4.056
4.151
2.702
1.393
1.500
1.197
1.819
1.504
1.546
1.254
1.941
1.536
1.620
2.212
1.791
2.010
2.533
2.232
1.653
1.559
1.391
1.064
1.773
2.476
2.300
2.023
1.683
2.753
2.401
1.075
1.227
1.352
2.434
1.644
1.753
1.290
0.911
1.511
1.550
1.160
2.235
2.272
1.785
1.493
2.007
1.527
1.344
1.036
1.540
1.132
1.142
1.060
1.359
2.499
1.176
1.541
2.020
3.009
2.710
1.575
1.485
2.731
2.405
1.857
1.422
3.781
2.678
1.771
2.057
1.321
1.965
1.848
2.029
1.207
1.788
2.313
3.515
2.686
1.890
1.503
1.650
1.694
2.139
1.953
1.594
0.987
1.405
2.896
1.731
2.493
3.082
1.950
3.775
2.710
1.780
2.940
2.477
1.543
1.535
3.205
2.624
3.561
4.191
2.781
2.076
2.453
2.693
1.889
1.174
1.094
1.660
1.846
1.767
2.142
2.915
1.875
1.502
2.062
2.282
2.463
2.313
3.709
3.958
2.525
2.115
1.852
2.015
2.885
3.539
4.982
4.610
4.036
3.807
4.041
3.328
1.615
2.453
1.615
2.469
2.758
2.225
2.323
2.216
2.668
2.660
1.970
1.424
2.489
4.100
1.705
2.612
3.429
3.502
3.000
2.649
2.319
3.576
3.102
2.570
2.705
2.472
2.430
2.298
2.740
2.657
2.238
2.262
2.829
2.766
3.021
2.952
3.004
4.038
3.666
4.765
4.116
2.692
2.720
2.917
3.477
2.485
2.462
2.267
1.823
2.730
2.560
2.246
2.335
2.451
2.929
1.367
2.749
2.585
2.047
2.362
3.043
2.447
2.499
1.934
3.637
3.484
3.815
4.173
4.216
3.041
2.964
3.242
3.712
3.948
4.022
4.002
2.986
3.860
3.247
2.455
2.279
2.663
1.975
2.726
3.077
3.683
3.378
3.365
3.255
4.014
3.070
2.949
2.601
2.488
2.487
2.479
2.819
3.665
6.005
6.318
5.367
3.150
2.313
2.259
3.466
4.149
3.782
4.297
4.327
3.500
3.035
2.473
3.062
2.224
3.297
2.556
2.413
2.279
2.344
2.377
2.329
1.866
3.032
3.322
3.426
2.743
3.941
2.595
1.542
1.473
2.350
2.388
1.992
3.702
3.551
4.046
3.185
1.779
2.467
2.995
2.777
2.455
2.629
3.456
3.631
3.116
1.798
1.344
2.350
2.742
4.339
4.354
2.943
1.538
3.843
3.462
3.055
2.638
3.337
4.120
3.695
2.255
2.045
2.405
0.855
1.477
1.899
3.742
3.585
2.606
1.386
1.601
2.654
2.710
2.466
2.469
2.178
2.617
1.842
1.881
1.980
1.977
1.251
1.933
1.923
2.515
2.379
2.245
2.173
2.076
2.249
3.722
3.238
3.272
3.567
3.028
3.441
3.231
3.222
1.876
1.617
1.716
1.318
1.154
1.271
1.779
1.881
1.559
1.609
1.723
2.430
2.658
1.958
2.276
2.974
1.745
1.699
1.712
1.100
1.063
1.113
1.779
1.501
2.013
1.768
1.642
1.366
1.555
1.289
1.632
1.590
1.511
1.340
1.079
1.405
0.872
1.081
1.788
2.203
2.062
2.894
2.796
2.206
1.397
1.452
1.628
1.491
1.630
1.700
1.874
2.093
2.521
3.019
2.810
2.345
1.691
1.612
2.335
1.539
1.371
1.812
0.975
1.220
1.651
1.450
1.828
2.434
2.096
1.551
1.750
1.989
1.777
3.048
2.668
2.247
1.338
1.398
1.764
1.526
1.196
1.260
1.372
2.177
2.722
2.063
0.962
1.307
1.547
2.134
2.460
2.009
2.420
1.854
2.260
4.271
2.538
2.078
2.371
2.754
1.732
1.610
1.752
2.127
2.864
2.592
1.986
3.052
2.858
3.268
2.548
3.467
2.392
1.904
2.874
2.489
1.482
2.112
3.200
3.322
3.087
1.580
1.971
3.626
1.932
1.951
2.534
2.178
2.569
1.878
1.856
2.535
1.642
3.648
2.722
1.795
2.083
2.128
2.764
2.210
2.407
2.511
2.682
3.288
5.901
6.732
4.711
3.172
1.678
2.458
2.437
2.918
3.030
1.988
2.405
2.947
4.093
4.530
3.341
3.810
4.183
3.954
3.848
3.713
2.964
3.059
2.331
2.977
2.784
2.914
2.803
1.382
1.797
1.803
1.208
1.803
1.936
2.507
2.644
3.152
2.832
2.692
2.104
3.025
3.614
3.380
3.068
3.417
2.746
2.119
2.644
2.209
1.767
3.152
2.644
2.436
2.638
2.731
2.714
2.636
2.605
3.086
3.239
2.957
2.891
2.742
2.405
2.942
2.292
2.109
2.043
2.940
2.300
2.719
2.245
3.166
3.177
4.240
3.720
3.041
2.537
2.176
1.895
1.916
1.770
2.271
2.406
2.815
3.860
3.072
3.822
2.799
2.442
3.212
2.680
2.942
2.833
2.735
3.403
2.651
4.532
3.402
3.872
3.769
3.779
3.194
2.821
2.119
2.307
1.967
3.063
2.728
4.060
4.067
3.693
2.584
2.935
2.673
1.838
2.877
2.159
2.212
2.629
3.681
3.270
3.670
3.689
3.472
2.842
3.090
2.235
2.875
2.620
3.357
2.020
2.583
1.467
0.931
2.214
3.847
5.664
5.088
2.140
2.294
2.293
2.852
2.800
1.620
2.045
2.810
2.271
2.894
2.461
1.730
2.114
2.518
2.585
1.591
1.240
1.378
2.063
2.487
2.150
1.290
1.369
2.340
2.526
4.029
3.800
2.701
1.997
2.467
4.202
3.401
1.987
1.735
2.479
2.330
1.434
3.004
3.007
3.234
3.536
3.477
2.539
2.281
1.880
1.900
2.040
1.233
1.220
1.816
1.689
1.005
1.341
1.794
2.839
2.702
2.109
1.401
1.881
1.461
2.098
1.540
1.550
1.812
1.647
2.149
1.671
1.407
2.370
1.940
1.713
2.547
3.400
4.174
6.375
5.948
2.588
1.376
2.128
1.844
2.223
2.939
3.371
2.024
1.542
1.436
1.381
2.673
2.196
2.186
1.945
1.754
1.160
1.784
2.180
1.751
1.469
1.401
1.537
1.026
1.274
1.433
1.450
1.508
2.215
1.170
1.210
1.338
1.819
1.701
3.337
4.142
3.100
1.233
1.758
1.073
1.389
1.501
1.073
1.645
1.437
1.409
1.395
2.336
1.899
1.386
2.002
2.669
2.548
1.744
1.296
2.016
2.167
1.697
2.531
3.452
2.782
3.181
2.762
3.173
2.587
1.641
1.468
1.216
2.137
2.399
1.778
1.241
1.280
1.640
2.040
2.038
2.646
2.139
2.222
2.805
3.897
3.159
2.048
2.089
2.038
1.796
1.898
2.588
2.850
3.183
3.090
2.122
1.577
1.432
1.864
1.412
1.200
1.957
1.444
1.429
2.513
3.458
2.916
1.836
1.161
1.801
1.466
1.773
2.162
1.692
1.823
3.360
4.480
3.333
2.882
3.626
3.043
2.184
2.948
2.707
2.072
2.742
1.843
2.560
2.011
3.141
3.984
5.163
4.281
4.021
2.219
3.131
2.662
2.999
2.461
2.248
2.610
2.240
1.654
1.880
1.701
3.070
3.996
2.814
1.928
1.687
1.414
1.239
1.880
1.994
1.789
1.653
2.806
2.397
3.359
3.869
2.946
3.313
1.631
3.234
3.744
3.782
4.262
4.494
4.258
4.527
4.386
3.340
3.487
2.961
2.527
2.377
2.633
2.622
2.303
1.590
3.966
2.402
2.027
2.405
1.416
2.429
3.101
3.612
3.519
2.928
2.843
3.789
4.183
3.931
3.767
2.861
2.848
3.632
2.634
2.842
2.479
2.036
2.433
1.995
2.487
2.626
2.986
2.954
3.022
3.667
3.292
3.583
2.510
2.839
2.605
2.049
3.555
2.935
3.521
3.234
3.202
2.661
3.017
2.638
3.031
2.659
3.423
3.526
2.930
3.311
2.780
2.327
2.797
2.496
2.416
2.443
2.775
2.896
3.475
4.172
3.632
3.376
3.267
2.532
3.776
3.851
3.518
2.518
1.927
1.928
2.217
1.751
1.940
1.733
1.796
1.775
2.368
2.267
2.791
2.320
2.934
3.549
2.511
3.110
2.422
2.125
2.084
1.403
1.652
2.332
1.948
1.528
1.777
4.271
4.215
2.943
2.724
1.849
2.276
2.161
3.024
2.270
2.900
3.606
2.886
3.168
3.289
2.199
2.282
2.031
2.122
1.765
1.427
1.423
3.073
5.198
5.552
2.935
2.799
3.575
2.286
2.442
3.502
3.234
2.673
2.469
2.267
1.632
2.097
2.644
2.312
1.543
2.448
4.569
3.789
1.207
1.498
1.426
1.988
1.965
1.497
3.223
5.870
2.590
1.059
2.511
3.974
5.465
4.061
2.192
1.527
1.613
1.654
2.148
1.927
2.275
3.749
2.772
2.659
3.129
5.368
3.742
1.729
2.168
1.506
2.740
3.200
2.138
1.004
1.832
2.371
1.815
3.575
5.680
3.440
1.772
2.369
1.931
3.311
4.864
2.667
2.485
2.578
2.344
2.305
1.745
2.095
1.779
1.686
2.048
2.390
2.232
1.917
1.740
3.452
5.029
3.210
2.367
1.218
2.214
2.126
1.415
1.550
1.817
2.417
1.900
1.385
1.334
1.378
1.668
1.692
1.726
1.623
1.764
2.085
2.077
1.689
1.428
1.214
1.205
1.396
1.111
1.386
1.955
1.607
1.748
1.352
1.620
1.243
1.270
1.326
1.404
1.777
0.999
1.324
1.110
2.285
1.869
1.735
1.735
1.988
2.298
1.317
1.242
1.688
2.200
2.001
1.629
1.701
1.867
1.620
1.741
1.734
1.842
2.953
3.804
2.823
2.310
2.516
2.186
1.640
1.654
1.622
1.382
1.161
1.978
3.729
3.463
2.480
2.195
1.910
2.468
2.057
1.750
1.622
1.183
2.762
2.850
2.399
2.949
2.716
1.865
1.371
1.747
1.197
2.019
1.819
1.642
2.573
1.779
2.400
3.008
2.853
2.953
1.937
1.675
1.712
2.722
2.872
3.933
3.920
3.235
2.817
3.753
2.835
2.914
2.993
2.866
1.718
2.472
2.436
1.987
1.563
1.901
2.209
3.298
3.653
2.245
2.351
1.796
1.942
2.427
2.253
1.467
1.565
1.628
1.909
2.716
2.215
1.986
2.240
2.473
3.300
2.589
4.048
4.124
2.349
3.513
2.771
3.657
3.323
3.632
3.067
1.888
2.115
2.243
2.802
3.891
3.011
2.451
2.831
1.926
2.791
2.600
2.675
2.776
4.389
2.446
2.477
2.676
3.832
3.968
3.500
2.188
1.745
2.282
1.792
1.872
3.443
2.159
3.601
4.248
2.793
1.937
2.002
1.986
2.434
2.937
3.158
3.279
3.970
3.975
2.636
1.621
1.235
1.138
1.471
2.742
3.940
3.554
3.193
1.890
2.140
2.504
2.187
2.329
2.341
2.027
4.265
4.159
3.449
3.033
2.983
2.902
1.778
1.879
1.603
2.454
3.295
4.137
2.576
3.096
3.844
3.004
3.376
2.772
3.198
2.536
3.098
2.306
2.531
1.760
1.585
2.033
1.381
2.234
2.682
3.037
3.757
2.347
2.855
2.654
2.871
1.851
2.103
1.609
1.700
2.574
4.073
3.565
2.818
2.269
1.881
2.075
2.219
2.953
2.993
2.275
2.710
3.191
2.869
4.159
2.494
3.350
3.047
3.231
2.358
3.139
2.970
2.015
2.875
2.490
1.589
2.904
2.425
2.468
1.821
2.083
3.575
4.481
4.376
3.626
1.889
2.490
1.715
3.377
6.188
5.280
2.179
2.187
2.358
2.662
2.897
4.577
6.394
4.341
2.208
2.162
2.132
2.186
1.829
1.411
1.947
2.909
4.074
3.357
2.616
3.039
2.624
2.631
1.437
2.867
3.593
2.201
2.637
2.847
2.173
2.178
1.965
2.553
1.456
2.191
1.518
1.734
4.283
5.632
3.419
1.653
1.976
2.408
2.768
2.519
3.113
4.099
4.705
4.033
1.641
2.386
4.686
3.779
1.622
1.654
1.300
1.381
1.514
2.384
3.536
2.299
1.916
1.707
1.462
1.993
2.615
2.044
1.958
1.083
2.549
2.257
1.231
3.082
2.467
2.426
1.522
1.618
1.171
1.402
1.929
1.986
1.812
1.732
2.523
4.246
6.781
6.322
3.732
2.365
1.006
2.159
1.007
1.631
1.670
1.605
1.056
1.173
1.067
1.928
3.008
3.098
3.371
2.108
2.165
2.088
1.530
1.242
1.444
1.492
1.696
1.561
1.636
2.006
1.584
1.494
1.093
1.355
1.137
1.408
1.244
1.205
1.258
2.027
2.263
1.019
1.640
1.671
1.536
1.146
1.212
1.194
1.751
1.065
1.656
1.237
1.423
1.621
2.097
2.320
2.035
1.627
1.534
1.654
2.285
1.857
1.794
2.075
1.702
1.104
1.795
1.434
1.365
1.433
1.339
2.064
1.789
1.490
1.419
1.367
1.792
1.520
1.881
2.289
1.935
2.044
1.596
2.030
2.361
3.141
2.272
3.096
2.087
2.078
3.406
3.947
4.254
3.052
2.448
2.400
2.082
2.512
2.998
2.311
3.113
3.199
2.041
1.289
1.722
2.564
1.963
1.810
2.648
2.294
3.061
2.648
3.079
3.962
3.467
3.931
3.448
2.122
2.220
1.932
2.999
2.282
2.719
1.691
3.477
1.944
2.079
1.113
3.276
3.165
2.025
1.315
2.188
2.124
1.596
2.009
1.959
2.524
1.684
2.011
1.553
2.637
3.513
2.388
2.573
3.629
2.692
2.685
2.962
1.708
1.408
2.263
2.754
1.685
1.907
1.913
2.107
2.598
3.228
2.644
1.901
1.641
1.606
1.347
2.273
2.093
3.313
2.669
2.192
2.195
2.336
3.123
4.053
3.199
2.235
3.092
2.515
2.530
2.934
2.885
2.201
2.465
2.797
2.464
1.796
2.588
2.559
1.418
3.288
3.329
2.172
3.969
3.608
1.819
2.497
3.131
2.248
2.426
3.480
2.880
2.394
2.877
3.048
3.146
2.893
2.052
1.708
2.769
3.184
3.221
2.576
2.810
3.021
3.265
2.239
2.033
1.931
2.590
2.656
2.723
2.512
2.906
2.980
2.576
2.980
2.994
2.916
3.110
2.346
2.792
2.324
2.835
3.501
2.529
2.028
2.110
2.601
2.489
2.831
3.175
2.781
2.100
2.532
2.683
2.320
1.911
1.920
2.227
2.608
2.756
2.726
2.703
1.964
2.399
1.729
1.986
3.662
2.426
2.257
2.424
2.184
1.668
2.388
2.177
2.423
2.581
1.502
1.927
1.664
1.556
3.242
3.243
2.655
1.661
2.289
1.253
1.229
2.164
2.409
1.774
2.402
3.414
1.941
1.618
2.339
1.898
2.045
2.539
1.592
1.721
1.462
2.041
4.378
4.374
1.974
1.572
2.642
2.335
2.878
3.444
3.168
2.025
2.116
2.932
1.876
2.139
3.316
2.268
1.861
1.656
3.220
2.952
4.232
3.160
3.064
3.948
3.234
2.527
2.932
2.503
1.602
1.216
1.355
2.022
4.408
4.189
1.626
1.816
1.593
1.564
1.805
1.531
2.766
2.555
1.732
1.060
0.942
1.364
1.910
2.052
1.861
2.456
3.235
3.528
2.681
1.347
0.949
1.976
1.850
1.814
1.502
1.911
1.256
1.309
1.962
2.617
2.730
2.653
2.262
1.248
1.776
2.446
5.374
6.974
4.221
1.669
1.698
1.194
1.598
1.851
1.724
3.020
2.691
3.077
1.748
1.439
1.474
1.638
1.314
1.316
1.567
1.785
1.895
1.557
1.701
1.346
1.723
1.743
1.728
1.785
1.851
1.670
1.835
1.453
1.873
1.904
1.434
1.518
1.471
1.601
1.636
2.853
1.813
1.885
1.724
1.926
2.355
2.074
1.549
1.624
1.631
1.865
1.972
1.902
1.513
1.007
1.114
1.868
2.114
1.877
2.246
1.797
1.593
1.737
1.128
1.659
1.975
2.693
2.456
1.850
2.198
1.759
1.445
1.483
1.340
1.794
1.517
1.777
1.629
2.143
1.804
1.278
1.329
1.974
1.892
1.852
1.633
1.619
2.282
2.387
1.766
2.739
1.512
1.363
1.902
1.883
1.808
1.894
1.688
2.631
2.423
2.366
1.838
1.724
1.561
1.812
1.595
1.898
2.224
2.180
1.672
1.845
1.909
2.168
2.603
2.617
2.044
1.792
2.134
2.258
2.125
2.110
1.786
1.713
1.842
3.112
3.911
4.452
3.453
2.267
2.634
2.723
2.063
2.372
2.353
2.728
2.007
2.390
3.682
2.951
2.252
1.876
1.923
2.035
2.319
2.344
2.363
2.271
1.646
2.584
3.351
2.651
2.035
3.193
2.838
2.664
2.778
3.233
2.173
4.233
5.572
3.925
2.480
3.598
4.592
3.955
5.006
4.419
2.189
2.431
3.007
3.483
3.586
3.217
1.690
3.009
2.708
3.509
3.013
2.131
2.250
2.506
1.818
1.197
2.503
2.252
2.672
3.269
1.695
2.029
2.296
2.528
1.662
2.153
2.483
3.302
2.867
3.273
2.602
2.394
2.770
2.847
2.496
3.192
3.318
2.306
1.340
2.840
2.875
1.535
2.169
2.217
2.021
2.414
4.870
5.616
4.421
4.087
3.109
2.632
4.195
3.389
3.505
3.025
2.864
2.552
2.592
2.967
3.468
3.488
3.497
2.718
2.263
3.001
4.134
3.343
3.100
2.622
5.009
4.923
3.161
3.260
3.430
3.893
3.242
3.133
3.190
3.162
2.627
2.675
2.442
3.430
4.663
3.599
3.248
2.851
2.735
2.500
1.963
2.074
2.301
2.562
2.517
2.894
2.188
2.867
3.410
2.772
2.578
2.764
2.857
3.148
1.860
2.212
3.536
3.286
2.677
3.372
2.481
2.706
2.861
2.855
3.973
3.064
3.450
3.447
2.477
2.369
3.497
3.369
3.031
2.019
1.120
0.988
2.081
2.666
3.670
3.413
3.030
2.417
1.830
3.163
3.853
4.596
4.741
2.979
2.361
1.260
2.475
4.346
4.287
2.478
2.769
3.637
3.430
2.671
2.630
2.345
3.529
3.322
3.261
2.432
2.292
3.204
3.026
2.691
2.171
1.390
1.617
1.333
2.503
2.188
1.314
1.498
3.394
2.322
1.684
2.619
2.789
3.015
2.830
2.735
2.322
1.925
3.465
3.379
4.198
4.187
2.562
1.776
1.503
1.925
2.431
1.948
2.218
3.011
4.036
5.574
3.945
3.307
2.892
1.110
1.856
1.917
1.302
1.533
1.776
1.802
1.435
1.569
1.555
2.017
1.777
1.759
1.734
1.422
1.604
1.329
1.586
2.044
2.477
4.198
2.989
2.606
2.704
3.513
3.189
2.348
4.653
2.303
2.652
1.961
2.161
1.575
1.268
1.511
1.314
2.155
2.367
3.126
2.673
2.138
1.962
2.173
2.260
1.634
1.578
1.936
1.707
1.676
2.290
1.884
1.309
1.451
1.390
1.738
1.618
1.902
1.627
1.791
1.204
1.756
1.949
2.139
2.578
2.708
2.959
2.954
1.335
2.097
3.147
2.610
2.056
1.587
2.523
2.733
2.858
2.519
2.073
2.018
2.049
1.322
1.489
1.577
1.424
1.561
1.938
2.193
2.349
1.597
1.432
1.821
1.915
1.829
2.225
2.806
2.479
2.388
1.505
1.710
2.923
2.170
2.493
3.107
3.227
4.385
3.613
2.520
2.308
2.133
2.627
1.777
2.852
2.463
1.726
2.316
4.253
3.101
2.045
1.072
1.531
2.356
2.476
3.308
2.773
2.156
2.322
2.502
1.993
1.726
2.088
2.326
2.110
2.454
2.609
1.993
2.150
1.897
2.533
2.393
2.115
1.963
3.285
3.277
2.229
1.989
3.167
2.667
3.365
2.470
2.283
2.239
3.298
2.526
1.901
3.395
2.442
2.085
2.053
3.042
3.249
4.478
2.439
3.064
2.952
1.863
2.498
2.639
2.628
2.348
3.682
3.976
3.128
4.049
3.662
3.233
3.504
3.875
3.583
3.168
2.803
2.226
2.906
3.500
3.533
2.695
2.798
3.042
2.689
2.125
1.735
1.965
1.956
3.701
3.713
3.351
3.222
2.070
2.698
3.577
3.698
2.846
2.622
2.964
2.517
2.013
2.359
2.559
3.409
2.845
1.860
3.317
3.843
3.481
2.477
2.845
2.418
2.317
2.647
3.510
3.063
3.339
3.899
4.111
3.762
2.534
2.620
3.322
2.245
3.967
4.108
2.613
3.193
2.526
2.414
1.464
3.111
1.653
2.163
2.977
2.775
2.980
2.570
2.590
2.359
2.389
2.330
2.134
2.896
3.851
3.341
2.830
3.130
4.082
3.720
2.929
3.898
4.139
3.985
4.357
3.985
3.493
2.700
2.516
2.763
2.882
3.126
3.021
4.238
3.855
3.676
2.426
3.138
2.739
3.281
3.483
3.232
2.479
2.757
2.589
1.993
2.291
2.064
2.498
2.288
2.467
3.464
2.607
2.235
2.599
2.374
1.800
2.085
2.414
2.379
2.620
3.565
3.376
3.044
3.117
3.815
3.187
2.312
3.086
2.550
3.109
1.507
2.383
2.981
2.714
2.326
2.636
2.797
2.426
3.080
2.248
1.461
2.105
4.405
5.144
3.832
2.694
3.184
3.393
2.489
1.857
2.296
3.078
2.630
3.282
4.731
3.750
1.405
2.754
1.515
1.607
2.051
1.899
2.162
2.512
1.382
2.476
2.058
1.951
2.222
2.082
1.782
1.718
1.815
2.073
2.021
1.887
1.954
1.956
2.845
3.126
2.687
3.057
3.086
2.616
2.265
2.545
3.599
4.129
3.135
2.243
2.084
1.300
0.696
1.428
1.935
2.892
3.485
4.096
4.737
3.243
1.785
1.790
1.426
1.378
1.628
1.711
1.910
1.992
1.628
1.402
1.378
1.538
0.842
1.169
1.176
2.339
3.331
2.525
1.162
2.046
1.539
1.867
1.972
0.824
1.954
3.848
3.296
1.954
1.568
1.207
1.316
1.557
1.695
1.838
1.744
1.456
1.168
1.744
1.089
1.354
1.577
1.693
1.542
1.367
1.338
1.233
1.338
1.374
1.623
1.749
1.465
1.650
1.584
1.000
1.518
1.069
1.185
1.262
2.031
1.143
2.849
2.737
1.384
1.811
1.735
1.343
1.682
1.811
2.173
2.497
2.900
2.145
1.779
1.887
1.858
1.653
1.916
1.471
1.501
1.167
2.463
3.518
3.961
1.456
2.364
2.891
2.322
2.984
3.156
3.033
3.016
2.765
2.225
1.437
1.637
1.480
1.089
2.027
2.852
2.509
1.518
1.478
4.482
2.223
1.584
1.931
2.074
1.842
1.710
1.111
1.400
3.003
2.256
2.496
1.650
1.439
1.814
3.702
3.121
1.633
1.701
1.370
1.743
1.235
1.584
1.582
1.387
2.385
2.176
1.314
2.300
2.989
2.441
2.425
1.625
1.297
1.401
1.294
1.240
1.489
2.012
2.775
2.394
2.177
2.678
2.388
1.989
2.768
2.259
2.161
2.607
1.392
1.477
2.398
2.362
1.761
1.774
2.767
1.984
2.008
2.414
2.075
1.958
2.177
2.159
2.385
3.385
4.439
4.701
2.548
2.733
2.198
2.143
1.617
1.836
1.767
1.713
2.437
2.141
2.181
2.773
3.086
2.817
2.136
2.526
2.485
2.476
1.943
3.319
3.758
3.300
3.086
2.363
1.983
3.122
3.342
2.386
2.271
2.524
2.616
2.450
2.099
2.630
2.235
3.081
3.450
1.507
1.705
2.004
2.439
2.175
2.551
2.274
2.115
2.784
2.506
3.045
3.686
2.873
2.928
2.946
3.342
3.024
2.525
3.250
4.050
3.082
2.507
2.266
2.476
3.142
3.193
3.172
2.972
2.987
3.725
2.782
2.974
3.515
3.544
4.042
4.233
3.184
2.112
3.141
2.669
2.954
3.717
2.184
2.125
2.936
2.909
2.320
2.369
1.610
2.663
1.898
1.853
2.938
2.802
2.729
2.940
2.692
2.151
2.921
2.779
2.878
2.816
2.162
3.055
5.888
5.148
3.270
4.408
3.592
2.230
1.663
1.805
2.502
2.099
2.275
1.910
3.816
3.213
2.698
2.383
2.620
4.034
2.810
2.433
2.525
2.160
1.669
1.416
1.948
3.058
2.694
2.894
3.679
3.267
0.770
1.453
1.307
2.555
3.999
3.130
1.780
2.410
2.076
1.662
1.498
1.263
1.676
1.736
1.469
1.367
1.791
1.381
1.730
2.754
3.532
3.780
1.489
1.597
1.137
2.822
2.967
3.086
2.178
2.388
1.770
2.894
2.953
2.136
1.731
1.745
0.771
1.158
2.209
2.613
2.976
2.595
2.642
3.225
3.481
3.874
3.462
3.473
2.349
1.724
1.979
1.768
2.161
3.541
3.523
2.562
1.623
1.017
1.224
2.060
1.273
1.524
0.962
2.090
1.723
1.669
2.602
2.914
3.183
1.957
3.893
2.345
2.228
1.840
2.241
3.123
2.536
2.278
1.356
0.885
1.022
0.882
1.231
0.807
0.770
1.326
0.914
1.331
1.560
1.427
1.161
1.071
1.082
1.237
1.505
1.786
1.348
1.347
1.121
1.193
1.300
1.446
1.347
1.653
1.783
1.676
1.254
1.248
1.790
1.452
1.396
1.743
1.556
1.414
1.430
1.419
1.526
1.276
1.390
1.799
1.790
1.546
1.701
1.703
1.381
1.643
1.540
1.401
1.636
1.463
1.389
1.435
1.506
1.792
1.842
1.185
1.391
1.020
1.314
1.250
1.707
1.597
1.287
1.332
1.310
1.779
1.882
2.201
1.198
1.665
1.510
1.420
1.346
1.474
1.254
1.572
1.263
1.516
2.561
2.117
1.405
1.299
1.315
1.560
1.462
1.617
2.101
2.569
2.463
2.643
1.608
1.868
1.725
2.751
2.921
2.263
1.895
2.226
2.576
3.554
2.310
1.890
1.562
2.053
1.858
3.547
2.785
3.484
1.608
1.720
1.876
1.572
2.238
2.492
1.673
2.081
1.905
1.638
2.529
2.568
1.874
1.611
1.515
2.638
2.130
3.357
3.936
2.812
1.872
1.763
2.704
3.743
1.886
3.119
2.756
2.799
3.003
2.553
2.278
2.222
3.235
2.686
2.702
3.828
3.231
2.795
2.762
2.101
2.205
2.452
2.760
2.122
2.534
2.815
1.964
2.357
2.190
2.066
2.548
3.513
2.412
3.149
2.847
2.575
2.606
1.775
1.902
2.202
3.076
2.542
2.091
1.934
1.745
2.107
2.059
2.829
2.651
2.609
2.875
2.928
3.174
2.419
2.398
2.641
3.467
3.641
3.368
3.909
4.462
2.744
2.351
2.536
2.622
2.477
1.895
2.132
3.134
3.111
3.364
3.927
2.696
2.133
1.588
1.927
2.387
3.173
2.552
2.663
2.261
2.283
2.685
3.402
3.050
2.669
1.700
2.648
2.598
2.974
3.112
2.756
2.686
3.013
3.006
2.843
3.442
3.121
2.709
2.396
2.495
2.305
3.130
3.257
2.120
2.381
2.907
2.818
3.104
2.065
3.308
3.232
3.984
2.964
2.763
3.081
2.587
2.690
2.055
2.955
3.302
3.025
2.609
3.210
3.506
3.768
3.748
3.489
3.523
1.497
1.435
2.944
3.979
2.685
2.111
4.142
3.542
3.842
1.909
2.400
2.467
3.838
3.432
3.171
2.520
2.007
2.777
2.179
2.417
3.008
2.191
2.116
2.344
1.664
1.693
1.882
1.619
2.285
2.971
2.205
2.171
2.247
1.919
1.673
1.173
1.567
1.717
1.829
1.649
1.969
2.158
1.484
1.078
1.502
2.111
2.648
3.265
3.155
2.053
1.665
1.778
2.174
2.551
2.248
1.177
1.677
1.199
1.389
1.318
2.319
2.568
1.985
1.800
2.185
2.458
1.873
1.237
2.141
1.892
1.591
1.608
1.859
1.573
1.435
1.932
2.922
4.924
4.446
2.796
2.024
1.359
1.643
2.861
1.767
1.599
1.037
1.097
1.713
1.078
1.620
0.996
1.031
1.093
1.288
1.344
1.588
2.017
1.962
1.083
0.947
0.930
1.131
1.284
1.428
1.321
1.334
1.479
1.684
1.408
0.870
1.050
1.600
1.382
1.714
1.303
1.332
1.689
1.904
1.797
1.344
1.281
1.362
1.355
1.182
1.319
1.402
1.519
1.410
2.046
1.955
1.377
1.210
1.311
1.136
1.253
1.875
2.519
2.077
2.076
0.853
1.576
2.302
2.007
1.018
1.345
1.655
1.531
1.621
1.102
1.160
1.337
1.146
1.297
1.304
1.257
1.477
1.424
1.398
2.171
1.667
1.829
1.487
1.566
2.426
1.388
1.312
1.796
2.493
2.179
2.483
2.461
2.253
1.963
1.681
2.002
2.436
2.362
2.938
2.022
1.801
3.170
3.176
3.348
2.606
1.355
1.515
1.692
1.574
1.687
1.501
1.428
1.459
1.501
1.647
1.985
2.831
2.683
1.958
1.587
2.125
2.294
1.495
1.933
1.462
1.817
2.016
1.614
2.119
1.952
2.513
2.375
2.372
3.444
2.276
2.273
1.748
2.352
1.716
1.797
2.011
1.662
1.576
1.779
1.562
1.617
1.959
1.921
2.398
2.140
2.669
3.136
1.986
2.943
2.360
2.186
1.830
1.558
1.949
2.392
2.164
2.214
2.867
3.110
2.566
1.847
1.817
1.950
1.722
1.826
2.346
2.394
2.077
2.094
4.028
3.952
2.563
2.322
1.969
1.905
1.492
1.749
1.685
2.007
1.936
2.448
2.180
1.903
2.383
2.239
2.314
2.756
3.732
3.582
2.447
2.398
3.048
2.208
2.750
2.784
4.027
3.167
2.364
2.651
2.452
2.716
2.436
1.698
2.858
4.574
4.917
4.095
3.557
2.244
1.712
2.221
2.181
2.245
1.863
3.328
2.876
2.842
3.343
2.486
2.325
3.290
1.863
2.756
2.068
1.750
2.191
2.097
2.275
2.480
2.077
2.259
2.772
3.103
2.909
1.990
3.426
4.222
3.432
3.378
3.385
2.849
2.449
2.522
2.883
2.568
2.810
3.487
3.083
2.869
3.113
3.081
2.863
2.853
2.916
3.224
3.143
3.158
2.647
2.416
3.168
3.874
3.066
3.796
2.771
2.109
1.797
1.945
2.290
3.114
1.914
1.882
1.830
2.694
3.461
4.686
5.164
4.067
3.621
2.272
2.300
1.660
1.344
1.496
1.992
2.687
2.972
4.352
1.920
0.988
1.772
3.228
2.376
1.283
1.697
2.430
1.935
1.824
1.642
1.038
1.693
1.929
1.609
2.870
4.170
2.322
2.147
2.120
2.420
2.493
2.051
2.580
2.721
1.934
3.050
3.350
2.688
2.019
2.311
3.212
2.049
0.765
3.163
3.675
3.383
2.750
1.511
1.389
1.993
2.900
1.688
0.966
1.584
1.511
1.537
1.682
1.746
1.588
1.490
1.966
1.115
1.579
3.020
3.963
4.429
3.194
1.912
1.338
1.821
1.648
1.276
1.235
1.510
1.357
1.487
1.877
1.739
1.806
2.969
3.023
1.952
1.461
1.574
1.858
1.745
1.701
1.716
1.513
1.447
1.376
1.236
1.012
1.427
2.585
4.113
3.725
2.910
1.978
1.244
1.472
1.408
1.924
1.630
2.446
2.946
3.732
3.592
2.313
2.314
2.381
1.865
1.564
2.090
2.190
1.321
1.547
2.218
6.602
5.201
1.865
1.722
1.419
1.489
1.792
2.001
1.545
1.625
1.832
2.004
1.756
1.737
1.465
1.833
2.203
2.003
1.275
1.371
1.729
1.532
1.381
1.074
1.131
1.029
1.230
1.424
2.421
2.337
1.361
1.602
1.415
1.240
1.370
1.768
1.712
1.614
1.490
1.487
1.517
1.432
1.105
1.647
1.872
1.418
1.571
1.199
1.820
1.494
1.298
1.248
1.625
1.966
1.328
1.384
1.264
0.974
1.195
2.074
2.751
2.603
1.746
1.202
1.546
1.716
1.273
1.905
2.302
2.327
2.301
2.009
2.662
2.949
2.634
2.466
1.910
1.788
1.537
1.994
2.811
3.400
2.329
1.674
2.179
2.261
2.399
1.473
1.604
1.933
2.460
2.308
1.637
1.447
1.415
1.593
2.322
4.235
2.256
1.497
1.333
1.617
1.963
2.699
3.124
2.653
2.119
2.273
1.873
1.830
1.858
1.824
2.227
2.383
2.891
2.443
3.051
2.484
2.218
3.080
2.337
2.327
2.730
1.592
3.888
2.291
2.203
4.190
2.732
1.673
1.713
1.895
2.953
1.739
2.253
2.119
2.133
2.710
2.248
2.239
2.038
2.434
1.475
1.915
2.427
2.390
2.383
2.159
1.520
2.217
2.179
2.878
2.757
2.113
2.050
1.900
2.002
3.057
3.568
1.849
3.100
2.517
2.783
2.113
1.940
2.581
4.044
4.565
4.645
4.180
3.364
2.499
2.874
3.506
3.140
2.718
3.078
3.178
3.534
2.870
2.403
2.307
2.820
3.423
1.853
2.108
2.374
2.138
2.672
2.749
2.576
2.688
3.036
2.712
2.392
2.655
2.143
1.910
2.085
2.626
1.911
3.560
3.339
2.792
2.243
1.763
3.162
3.394
5.399
4.872
3.759
3.721
3.118
3.105
3.905
2.787
2.155
2.295
3.384
3.094
3.335
2.501
2.010
3.585
3.711
2.463
3.585
3.777
2.382
3.106
3.087
2.892
2.439
2.669
2.792
2.559
2.930
2.981
3.242
2.935
2.513
2.955
3.459
3.600
2.611
2.306
2.293
1.501
1.466
1.550
2.073
3.221
3.635
3.817
2.850
1.934
2.294
2.290
1.605
2.184
1.799
2.667
2.345
2.284
1.547
1.712
2.786
2.002
2.045
0.988
1.568
2.250
2.815
3.163
3.236
3.528
3.167
1.341
1.361
1.753
2.559
4.046
4.451
4.034
1.495
1.867
1.486
2.465
2.820
2.923
2.895
3.301
