20000101
0.000
0.000
0.000
0.000
0.000
0.000
0.000
0.000
0.000
0.000
0.000
0.000
0.000
0.000
0.000
0.000
0.000
0.000
0.000
0.000
0.000
0.000
0.000
0.000
0.000
0.000
0.000
0.000
0.000
0.000
0.000
0.000
0.000
0.000
0.000
0.587
0.000
0.000
0.000
0.000
0.000
0.000
0.000
0.000
0.000
0.000
0.000
0.000
0.000
0.000
0.000
0.000
0.000
0.000
0.000
0.000
0.000
0.000
0.000
0.000
0.000
0.000
0.000
0.000
0.000
0.000
0.000
0.000
0.000
0.000
0.000
0.000
0.000
0.000
0.000
0.000
0.000
0.000
0.000
0.000
0.000
0.000
0.000
0.000
0.000
0.000
0.000
0.000
0.000
0.000
0.000
0.000
0.000
0.000
0.000
0.000
0.000
0.000
0.000
0.000
0.000
0.000
0.000
0.000
0.000
0.000
0.000
0.000
0.000
0.000
0.000
0.000
0.000
0.000
0.000
0.000
0.000
0.000
0.000
0.000
0.000
0.000
0.000
0.000
0.000
0.000
1.081
0.168
0.000
0.000
0.000
0.000
0.000
4.379
0.292
0.010
0.000
1.195
5.706
5.078
0.364
0.000
0.000
0.000
0.000
0.000
0.000
0.000
0.000
0.000
0.000
0.000
0.000
0.000
0.000
0.000
0.000
0.000
0.000
3.210
0.000
0.000
0.000
0.000
0.635
3.770
0.144
0.031
0.000
0.000
0.000
0.000
0.000
0.000
0.051
0.000
0.003
0.000
0.000
0.000
0.021
2.268
6.703
20.744
3.977
11.724
0.000
1.943
3.264
14.272
0.568
4.415
0.949
7.474
8.850
20.404
6.318
2.061
9.453
3.133
0.263
19.585
11.270
3.644
0.336
0.000
0.000
0.000
0.000
0.000
0.270
0.988
0.282
0.010
0.000
0.048
0.000
0.000
0.000
0.000
0.000
0.000
0.051
0.007
13.840
12.136
14.833
5.661
0.253
0.961
0.268
4.891
9.271
1.990
17.667
2.329
2.486
0.093
1.950
8.014
0.630
3.207
0.233
0.593
1.394
0.241
0.784
0.050
5.816
0.707
0.000
0.106
0.010
0.000
0.000
0.000
0.000
0.000
0.000
0.000
0.000
0.000
0.000
0.000
0.000
0.000
0.000
0.172
0.014
0.000
0.000
0.000
0.000
0.000
0.000
0.000
0.000
0.000
0.000
0.000
0.000
0.000
0.000
0.000
0.000
0.000
0.000
0.000
0.000
0.000
0.000
0.000
0.000
0.000
0.000
0.000
0.000
0.000
0.000
0.000
0.000
0.000
0.000
0.000
0.000
0.000
0.000
0.000
0.000
0.000
0.000
0.000
0.000
0.000
0.000
0.000
0.000
0.000
0.000
0.000
0.000
0.000
0.000
0.000
0.000
0.000
0.000
0.000
0.000
0.000
0.000
0.000
0.000
0.000
0.000
0.000
0.000
0.000
0.000
0.000
0.000
0.000
0.000
0.000
0.000
0.000
0.000
0.000
0.000
0.000
0.000
0.000
0.000
0.000
0.000
0.000
0.000
0.000
0.000
0.000
0.000
0.000
0.000
0.000
2.340
3.320
0.000
0.000
0.000
0.000
0.000
0.000
0.000
0.000
0.000
0.000
0.000
0.000
0.000
0.000
0.000
0.000
0.000
0.000
0.000
0.000
0.000
0.000
0.000
0.000
0.000
0.000
0.000
0.000
0.000
0.000
0.000
0.000
0.000
0.000
0.000
0.000
0.000
0.000
0.000
0.000
0.000
0.000
0.000
0.000
0.000
0.000
0.000
0.000
0.000
0.000
0.000
0.000
0.000
0.000
0.000
0.000
0.000
0.000
0.000
0.000
0.000
0.000
0.000
0.000
0.000
0.000
0.000
0.000
0.000
0.000
0.000
0.000
0.000
0.000
0.000
0.000
0.000
0.000
0.000
0.000
0.000
0.000
0.000
0.000
0.000
0.000
0.000
0.000
0.000
0.000
0.000
0.000
0.000
0.000
0.000
0.000
0.000
0.000
0.000
0.000
0.000
0.003
0.000
0.000
0.000
0.000
0.003
0.000
0.000
0.000
0.000
0.000
0.000
0.000
0.000
0.000
0.000
0.000
0.000
0.000
0.000
0.000
0.000
0.000
0.000
0.000
0.000
0.000
0.000
0.000
0.000
0.000
0.000
0.000
0.000
0.000
0.038
7.055
2.848
0.062
0.051
0.010
0.000
0.000
0.055
0.014
0.000
0.000
0.000
2.324
0.796
0.185
0.137
0.110
0.544
0.084
0.108
0.026
0.098
1.250
0.211
5.668
7.532
13.106
7.260
27.895
35.987
9.225
40.984
8.825
0.050
0.000
0.000
0.000
0.042
0.662
0.488
0.046
0.668
3.052
0.706
2.189
2.999
35.579
36.530
33.062
0.034
0.299
19.679
7.526
11.882
13.999
11.180
9.472
5.322
2.802
2.446
2.063
1.075
0.875
9.271
10.011
10.682
49.833
6.357
6.544
1.396
2.468
5.363
13.197
1.188
4.115
2.662
0.000
0.000
5.706
16.232
1.611
8.739
0.706
0.278
11.294
18.830
15.015
15.187
7.458
2.596
171.467
51.308
2.127
0.010
0.000
0.240
0.136
0.572
1.035
0.350
0.007
0.000
0.000
0.268
0.179
0.000
0.000
0.000
0.000
0.000
0.000
0.000
0.718
0.000
0.000
0.000
0.000
0.055
0.000
0.000
0.000
0.000
0.010
0.007
0.000
0.000
0.323
0.000
0.000
0.000
0.000
0.000
0.000
0.000
0.000
0.000
0.000
0.058
1.324
1.222
0.857
0.000
0.000
0.000
0.000
0.048
8.549
25.186
0.000
0.105
0.000
0.000
0.000
0.000
0.000
0.000
0.000
0.000
0.000
0.000
0.000
0.000
0.000
0.000
0.000
0.000
0.000
0.000
0.000
0.000
0.000
0.000
0.000
0.000
0.000
0.000
0.000
0.000
0.000
0.000
0.000
0.000
0.000
0.000
0.000
0.000
0.000
0.000
0.000
0.000
0.000
0.000
0.000
0.000
0.000
0.000
0.000
0.000
0.000
0.000
0.000
0.000
0.000
0.000
0.000
0.000
0.000
0.000
0.000
0.000
0.000
0.000
0.000
0.000
0.000
0.000
0.000
0.000
0.000
0.000
0.000
0.000
0.000
0.000
0.000
0.000
0.000
0.000
0.000
0.000
0.000
0.000
0.000
0.000
0.000
0.000
0.000
0.000
0.000
0.000
0.000
0.000
0.045
0.007
0.000
0.017
0.000
0.000
0.000
0.000
0.000
0.000
0.000
0.000
0.000
0.000
0.000
0.000
0.000
0.000
0.000
0.000
0.000
0.000
0.000
0.000
0.000
0.000
1.028
0.003
0.000
0.000
0.000
0.000
0.000
0.000
0.000
0.000
0.000
0.000
0.000
0.000
0.000
0.000
0.000
0.000
0.000
0.000
0.000
0.000
0.000
0.000
0.000
0.000
0.000
0.000
0.000
0.000
0.007
0.000
0.003
0.000
0.000
0.000
0.000
0.000
0.000
0.000
0.000
0.000
0.000
0.000
0.000
0.000
0.000
0.000
0.000
0.000
0.000
0.000
0.000
0.000
0.000
0.000
0.000
0.076
0.007
0.000
0.000
0.000
0.000
0.000
0.000
0.000
0.000
0.000
0.000
0.000
0.000
0.000
0.000
0.000
0.000
0.000
0.000
0.000
0.000
0.000
0.000
0.000
0.000
0.000
0.000
0.000
0.000
0.000
0.000
0.000
0.000
0.000
0.000
0.000
0.000
0.000
0.000
0.000
0.000
0.000
0.000
0.000
0.000
0.000
0.000
0.000
0.000
0.014
0.007
0.017
0.000
0.003
0.000
0.000
0.096
0.007
0.000
0.000
0.000
0.000
0.000
0.000
0.000
0.000
1.981
5.689
4.254
0.515
2.156
0.786
4.367
10.770
0.031
0.007
0.000
0.165
5.287
3.406
18.831
36.948
6.715
0.597
0.000
0.000
0.045
0.000
0.000
0.000
0.000
0.000
0.417
0.000
0.000
0.000
0.180
0.165
0.256
0.000
11.927
5.018
2.774
0.259
2.808
3.223
2.360
2.831
2.170
0.271
0.000
0.000
0.000
0.000
0.003
0.819
0.014
0.350
13.105
42.208
24.558
45.858
19.272
3.162
0.245
3.244
4.003
3.812
1.220
4.522
1.160
0.841
2.498
0.041
0.364
2.175
16.325
20.852
7.872
2.424
1.552
0.426
0.021
3.241
28.631
36.094
11.745
11.659
2.930
0.977
0.026
0.000
0.000
0.000
0.000
0.000
0.000
0.000
0.000
0.000
0.000
0.000
0.000
0.000
0.000
0.000
0.000
0.000
0.000
0.060
0.007
0.000
0.000
0.000
0.000
0.000
0.000
0.000
0.000
0.000
0.000
0.000
0.000
0.000
0.000
0.000
0.000
0.000
0.000
0.000
0.000
0.000
0.000
0.000
0.000
0.000
0.000
0.000
0.000
0.000
0.000
0.000
0.000
0.000
0.000
0.000
0.000
0.000
0.000
0.000
0.000
0.000
0.000
0.000
0.000
0.000
0.034
0.007
0.000
0.000
0.000
0.000
0.000
0.000
0.000
0.000
0.000
0.000
0.000
0.000
0.000
0.000
0.000
0.000
0.000
0.000
0.000
0.000
0.000
0.000
0.000
0.000
0.000
0.000
0.000
0.000
0.000
0.000
0.000
0.000
0.000
0.000
0.000
0.000
0.000
0.000
0.000
0.000
0.000
0.000
0.000
0.000
0.000
0.000
0.000
0.230
4.072
0.000
0.000
0.000
0.000
0.000
0.000
0.000
0.000
0.000
0.000
0.000
0.000
0.000
0.000
0.000
0.000
0.000
0.000
0.000
0.000
0.000
0.000
0.000
0.000
0.000
0.000
0.045
0.007
0.000
0.000
2.874
0.288
0.000
0.000
0.000
0.000
0.000
0.000
0.000
0.000
0.000
0.000
0.000
0.000
0.000
0.000
0.000
0.000
17.485
1.174
0.000
0.000
0.000
0.000
0.000
0.000
0.000
0.000
0.000
0.000
0.000
0.000
0.000
0.000
0.000
0.000
0.000
0.000
0.000
0.000
0.000
0.000
0.000
0.000
0.000
0.000
0.000
0.000
0.000
0.000
0.000
0.000
0.000
0.000
0.000
0.000
0.000
0.000
0.000
0.000
0.000
0.000
0.000
0.000
0.000
0.000
0.000
0.000
0.000
0.000
0.000
0.000
0.000
0.000
0.000
0.000
0.000
0.000
0.000
0.000
0.000
0.000
0.000
0.000
0.000
0.000
0.000
0.000
0.000
0.000
0.000
0.000
0.000
0.000
0.000
0.000
0.000
0.000
0.000
0.000
0.000
0.000
0.000
0.000
0.000
0.000
0.000
0.000
0.000
0.000
0.000
0.000
0.000
0.000
0.000
0.000
0.010
0.000
0.000
0.000
0.000
0.000
0.000
0.000
0.000
0.000
0.000
0.072
0.021
0.000
0.000
0.000
0.000
0.000
0.000
1.487
13.077
2.026
37.506
5.668
13.987
1.116
0.893
2.965
0.591
1.610
0.141
0.000
9.187
1.559
0.034
1.334
0.891
3.926
22.109
107.501
17.175
12.494
10.978
12.545
6.975
3.397
1.797
6.554
9.291
23.294
9.789
2.473
2.044
4.534
13.074
2.707
0.681
12.409
93.705
14.826
1.619
6.583
13.854
8.602
0.446
0.621
2.275
5.964
8.789
12.895
9.709
2.115
2.647
11.910
21.983
8.635
6.537
0.810
4.130
0.522
5.962
0.000
0.000
0.062
0.000
0.000
0.800
0.120
2.729
28.328
8.726
2.173
11.151
22.584
11.204
197.455
20.567
1.967
1.097
2.390
0.865
0.742
0.949
0.790
0.000
0.000
1.979
2.081
0.000
0.000
3.802
3.217
0.000
0.508
2.275
0.469
0.051
0.031
0.000
0.299
0.422
1.530
0.209
0.000
0.000
0.000
0.051
0.000
0.336
0.007
0.000
0.000
0.000
0.000
0.000
0.000
0.000
0.000
0.000
0.000
0.000
0.000
0.000
0.000
0.000
0.000
0.000
0.000
0.000
0.000
0.000
0.000
0.000
0.000
0.000
0.000
0.000
0.000
0.000
0.000
0.000
0.000
0.000
0.000
0.000
0.000
0.000
0.000
0.000
0.000
0.000
0.000
0.000
0.000
0.000
0.000
0.000
0.000
0.000
0.000
0.000
0.000
0.000
0.000
0.000
0.000
0.000
0.000
0.000
0.000
0.000
0.000
0.000
0.000
0.000
0.000
0.000
0.000
0.000
0.000
0.000
0.000
0.000
0.000
0.000
0.000
0.000
0.000
0.000
0.000
0.000
0.000
0.000
0.000
0.000
0.000
0.000
0.000
0.000
0.000
0.000
0.000
0.000
0.000
0.000
0.000
0.000
0.000
0.000
0.000
0.000
0.000
0.000
0.000
0.000
0.000
0.000
0.000
0.000
0.000
0.000
0.000
0.000
0.000
0.000
0.000
0.000
0.000
0.000
0.000
0.000
0.000
0.000
0.000
0.000
0.000
0.000
0.000
0.000
0.000
0.000
0.000
0.000
0.000
0.000
0.000
0.000
0.000
0.000
0.000
0.000
0.000
0.000
0.000
0.000
0.000
0.000
0.000
0.000
0.000
0.000
0.000
0.000
0.000
0.000
0.000
0.000
0.000
0.000
0.000
0.000
0.000
0.000
0.000
0.000
0.000
0.000
0.000
0.000
0.000
0.000
0.000
0.000
0.000
0.000
0.000
0.000
0.000
0.000
0.000
0.000
0.000
0.000
0.000
0.000
0.000
0.000
0.000
0.000
0.000
0.000
0.000
0.000
0.000
0.000
0.000
0.000
0.000
0.000
0.000
0.000
0.000
0.000
0.000
0.000
0.000
0.000
0.000
0.000
0.000
0.000
0.000
0.000
0.000
0.000
0.000
0.000
0.446
0.000
0.199
2.053
0.347
15.901
0.003
0.000
0.000
0.000
0.000
0.000
0.000
0.000
0.000
0.000
0.000
0.000
0.000
0.000
0.000
0.000
0.000
0.000
0.000
0.000
0.000
0.000
0.000
0.000
0.000
0.113
1.195
1.478
0.034
0.000
0.000
1.195
2.544
0.925
1.924
2.685
0.000
0.014
0.000
0.000
0.000
0.000
0.676
0.000
3.732
8.147
7.852
5.466
0.275
0.060
0.203
0.209
0.378
1.693
0.079
0.000
2.386
1.387
0.000
0.027
0.000
0.000
0.657
0.041
0.091
0.889
1.281
2.484
0.014
0.000
0.000
0.000
0.000
0.000
0.000
0.000
0.614
0.124
0.032
3.769
0.112
0.191
3.136
0.366
3.107
5.362
41.562
2.499
5.655
5.575
13.767
9.951
15.933
9.955
28.132
6.580
0.975
4.808
1.368
2.470
12.960
2.456
0.429
0.093
0.000
0.000
0.021
0.000
0.046
0.003
0.000
0.000
0.021
0.000
0.000
0.000
0.000
0.000
0.000
0.000
0.000
0.021
0.000
0.476
0.144
0.575
0.094
9.780
6.092
0.017
0.000
0.427
0.041
0.000
0.249
1.926
0.000
0.568
2.225
80.877
0.148
12.629
9.162
20.574
8.417
4.146
0.000
0.000
0.112
0.790
0.000
0.000
0.000
0.000
0.000
0.000
0.000
0.000
0.000
0.000
0.000
0.000
0.000
0.000
0.000
0.000
0.000
0.000
0.000
0.000
0.000
0.000
0.000
0.000
0.000
0.000
0.000
0.000
0.000
0.000
0.000
0.000
0.000
0.000
0.000
0.000
0.000
0.000
0.000
0.000
0.000
0.000
0.000
0.000
0.000
0.000
0.000
0.000
0.000
0.000
0.000
0.000
0.000
0.000
0.000
0.000
0.000
0.000
0.000
0.000
0.000
0.000
0.000
0.000
0.000
0.000
0.000
0.000
0.000
0.000
0.000
0.000
0.000
0.000
0.000
0.000
0.000
0.000
0.000
0.000
0.000
0.163
0.000
0.000
0.000
0.000
0.000
0.000
0.000
0.000
0.000
0.000
0.000
0.000
0.000
0.000
0.000
0.000
0.000
0.000
0.000
0.000
0.000
0.000
0.000
0.000
0.000
0.000
0.000
0.000
0.000
0.130
0.021
0.000
0.000
0.000
0.000
0.000
0.000
0.000
0.000
0.000
0.000
0.000
0.000
0.000
0.000
0.000
0.000
0.000
0.000
0.000
0.000
0.000
0.000
0.000
0.000
0.000
0.000
0.000
0.000
0.000
0.000
0.000
0.000
0.000
0.000
0.000
0.000
0.000
0.000
0.000
0.000
0.000
0.000
0.000
0.000
0.000
0.000
0.000
0.000
0.000
0.000
0.000
0.000
0.000
0.000
0.000
0.000
0.000
0.000
0.000
0.000
0.000
0.000
0.000
0.000
0.000
0.000
0.000
0.000
0.000
0.000
0.000
0.000
0.000
0.000
0.000
0.000
0.000
0.000
0.000
0.000
0.000
0.000
0.000
0.000
0.000
0.000
0.027
0.220
0.053
0.000
0.000
0.000
0.000
0.000
0.000
0.000
0.000
0.000
0.000
0.000
0.000
0.000
0.000
0.000
0.000
0.000
0.000
0.000
0.000
0.000
0.000
0.000
0.000
0.000
0.000
0.000
0.000
0.000
0.000
0.000
0.000
0.000
0.000
0.000
0.000
0.000
0.000
0.000
0.000
0.000
0.000
0.000
0.288
8.937
0.000
0.000
0.000
0.000
0.000
0.000
1.607
0.000
0.000
0.024
0.939
1.816
0.010
0.136
1.294
5.057
9.314
10.056
18.694
11.618
9.552
9.410
1.421
0.077
1.411
2.934
0.034
7.513
0.149
11.151
3.366
12.044
5.101
7.543
0.393
0.000
0.000
0.000
0.000
0.007
0.192
8.988
11.635
16.682
5.712
0.537
5.789
8.413
2.832
4.266
1.411
3.593
1.118
1.530
1.754
0.728
0.996
0.000
0.003
0.000
0.058
0.000
0.000
0.879
0.082
0.570
0.283
1.893
0.237
0.985
0.072
0.000
0.000
0.014
0.185
0.000
0.000
0.014
0.007
0.000
0.000
0.000
0.000
0.112
0.000
5.055
4.213
0.077
15.789
14.890
13.098
38.571
15.708
20.477
13.125
30.370
2.135
4.872
0.007
0.158
10.767
24.110
0.137
0.445
0.419
0.163
0.000
0.000
0.000
0.000
0.021
0.000
0.000
0.000
0.000
0.000
0.000
0.000
0.000
0.000
0.000
0.000
0.000
0.000
0.000
0.000
0.000
0.000
0.000
0.000
0.000
0.000
0.000
0.000
0.000
0.000
0.000
0.000
0.000
0.000
0.000
0.000
0.000
0.000
0.000
0.000
0.000
0.000
0.000
0.000
0.000
0.000
0.000
0.000
0.000
0.000
0.000
0.000
0.000
0.000
0.000
0.000
0.000
0.000
0.000
0.000
0.000
0.000
0.000
0.000
0.000
0.000
0.000
0.000
0.000
0.000
0.000
0.000
0.000
0.000
0.000
0.000
0.000
0.000
0.000
0.000
0.000
0.000
0.000
0.000
0.000
0.000
0.000
0.000
0.000
0.000
0.000
0.000
0.000
0.000
0.000
0.000
0.000
0.000
0.000
0.000
0.000
0.000
0.000
0.000
0.000
0.000
0.000
0.000
0.000
0.000
0.000
0.000
0.000
0.000
0.000
0.000
0.000
0.000
0.000
0.000
0.000
0.000
0.000
0.000
0.000
0.000
0.000
0.000
0.000
0.000
0.000
0.000
0.000
0.000
0.000
0.000
0.000
0.000
0.000
0.000
0.000
0.000
0.000
0.000
0.000
0.000
0.000
0.000
0.000
0.000
0.000
0.000
0.000
0.000
0.000
0.000
0.000
0.000
0.000
0.000
0.000
10.080
1.236
0.000
0.000
0.000
1.257
0.000
0.000
0.000
0.000
0.000
0.000
0.000
0.000
0.000
0.000
0.000
0.000
0.000
0.000
0.000
0.000
0.000
0.000
0.000
0.000
0.000
0.000
0.000
0.000
0.000
0.000
0.000
0.000
0.000
0.000
0.000
0.000
0.000
0.000
0.000
0.000
0.000
0.000
0.000
0.000
0.000
0.000
0.000
0.000
0.000
0.000
0.000
0.000
0.000
0.000
0.000
0.000
0.000
0.000
0.000
0.000
0.000
0.000
0.000
0.000
0.000
0.000
0.000
0.000
0.000
0.000
0.187
0.209
0.420
14.141
0.000
0.000
0.000
0.000
0.000
0.000
0.000
0.000
1.875
5.933
9.026
0.257
0.000
0.000
0.000
0.000
0.000
0.000
0.000
0.000
0.021
0.017
0.000
0.000
0.000
0.000
0.199
0.000
0.000
0.000
0.000
0.000
0.003
7.141
2.867
16.788
0.996
0.669
0.055
0.000
0.000
0.000
0.601
3.504
0.843
3.722
2.583
7.162
8.250
9.712
0.183
0.000
0.437
0.130
1.578
9.947
14.215
6.504
3.969
2.736
6.376
8.205
9.262
3.595
7.094
3.677
4.959
6.158
2.819
14.285
7.589
3.807
8.891
3.474
11.639
2.529
19.902
14.443
54.363
16.124
11.283
6.921
1.271
6.308
5.430
1.608
17.381
41.562
12.819
6.394
7.022
5.746
0.278
0.798
0.390
1.124
0.752
0.115
0.000
29.101
3.706
0.937
1.351
1.545
0.601
8.410
1.397
0.185
0.167
0.000
5.414
0.017
0.433
0.288
0.024
0.045
0.000
0.120
0.000
0.000
0.000
7.387
6.295
1.557
0.000
0.810
2.647
0.209
0.000
0.000
0.000
0.000
0.000
0.000
0.000
0.000
0.000
0.000
0.000
0.000
0.000
0.000
0.000
0.000
0.000
0.000
0.000
0.000
0.000
0.000
0.000
0.000
0.000
0.000
0.000
0.000
0.000
0.000
0.000
0.000
0.000
0.000
0.000
0.000
0.000
0.000
0.000
0.000
0.000
0.000
0.000
0.000
0.000
0.000
0.000
0.000
0.000
0.000
0.000
0.000
0.000
0.000
0.000
0.000
0.000
0.000
0.000
0.000
0.000
0.000
0.000
0.000
0.000
0.000
0.000
0.000
0.000
0.000
0.000
0.000
0.000
0.000
0.000
0.000
0.000
0.000
0.000
0.000
0.000
0.000
0.000
0.000
0.000
0.000
0.000
0.000
0.000
0.000
0.000
0.000
0.000
0.000
0.000
0.000
0.000
0.000
0.000
0.000
0.000
0.000
0.000
0.000
0.000
0.000
0.000
0.000
0.000
0.000
0.000
0.000
0.000
0.000
0.000
0.000
0.000
0.000
0.000
0.000
0.000
0.000
0.000
0.462
0.000
0.000
0.000
0.000
0.000
0.000
0.000
0.000
0.000
0.000
0.877
1.044
0.000
0.657
0.000
0.000
0.000
0.000
0.000
0.000
0.000
0.000
0.000
0.000
0.082
0.000
0.000
0.000
0.000
0.077
0.000
0.000
0.000
0.000
0.000
0.000
0.000
0.000
0.000
0.000
0.000
0.000
0.000
0.000
0.000
0.000
0.000
0.000
0.000
0.000
0.000
0.000
0.000
0.000
0.000
0.000
0.000
0.000
0.000
0.000
0.000
0.000
0.000
0.000
0.000
0.000
0.000
0.000
0.000
0.000
0.000
0.000
0.000
0.000
0.000
0.000
0.000
0.000
0.000
0.000
0.000
0.000
0.000
0.000
0.000
0.000
0.000
0.000
0.000
0.000
0.000
0.000
0.000
0.000
0.000
0.000
0.000
0.000
0.000
0.000
0.000
0.000
0.000
0.000
0.000
0.000
0.000
0.000
0.000
0.000
0.000
0.000
0.000
0.000
0.000
0.000
0.000
0.000
0.000
0.000
0.000
0.000
0.000
0.249
0.584
0.851
0.000
0.000
0.000
0.000
0.000
0.000
0.000
0.000
0.000
7.474
0.000
0.000
0.000
2.465
9.115
0.687
0.062
0.000
0.433
23.960
0.649
5.013
0.106
0.748
0.031
0.196
25.490
112.482
73.665
2.060
12.806
21.169
33.618
47.149
11.117
16.164
0.653
7.194
0.024
0.021
7.757
0.869
0.781
0.096
0.062
0.000
1.001
2.216
0.079
20.385
8.540
1.973
8.583
1.052
2.990
0.558
2.172
2.041
21.147
4.060
7.060
10.313
47.118
14.401
7.186
3.153
1.648
3.256
3.578
6.406
1.566
2.165
1.224
0.422
0.031
0.158
1.734
4.793
5.330
0.038
0.000
2.934
13.391
7.929
1.976
12.457
9.495
5.419
9.398
1.215
6.154
7.236
4.326
1.655
1.140
0.065
0.843
0.336
0.017
0.007
0.000
0.000
0.000
0.000
0.126
0.021
1.296
4.036
0.235
2.954
0.144
0.668
0.100
1.143
0.094
0.000
0.000
0.000
0.000
0.000
0.000
0.000
0.000
0.000
0.000
0.000
0.000
0.000
0.000
0.000
0.000
0.000
0.000
0.000
0.000
0.000
0.000
0.000
0.000
0.000
0.000
0.000
0.000
0.000
0.000
0.000
0.000
0.000
0.000
0.000
0.000
0.000
0.000
0.000
0.000
0.000
0.000
0.000
0.000
0.000
0.000
0.000
0.000
0.000
0.000
0.000
0.000
0.000
0.000
0.000
0.000
0.000
0.000
0.000
0.000
0.000
0.000
0.000
0.000
0.000
0.000
0.000
0.000
0.000
0.000
0.000
0.000
0.000
0.000
0.000
0.000
0.000
0.000
0.000
0.000
0.000
0.000
0.000
0.000
0.000
0.000
0.000
0.000
0.000
0.000
0.000
0.000
0.000
0.000
0.000
0.000
0.000
0.000
0.000
0.000
0.000
0.000
0.000
0.000
0.000
0.000
0.000
0.000
0.000
0.000
0.000
0.000
0.000
0.000
0.000
0.000
0.000
0.000
0.000
0.000
0.000
0.000
0.000
0.189
0.000
0.000
0.000
0.059
0.000
0.000
0.000
0.000
0.000
0.000
0.000
0.000
0.000
0.000
0.000
0.000
0.000
0.000
0.000
0.000
0.000
0.000
0.000
0.000
0.000
0.000
0.000
0.000
0.000
0.000
0.000
0.000
0.000
0.000
0.000
0.000
0.000
0.000
0.000
0.000
0.000
0.000
0.103
0.000
0.000
0.000
0.000
0.000
0.000
0.000
0.000
0.000
0.000
0.000
0.000
0.000
0.000
0.000
0.000
0.007
0.000
0.000
0.000
0.000
0.379
0.676
0.000
0.000
0.000
0.000
0.000
0.000
0.000
0.000
0.000
0.000
0.000
0.000
0.000
0.000
0.000
0.000
0.000
0.000
0.000
0.000
0.000
0.000
0.000
0.000
0.000
0.000
0.000
0.000
0.000
0.000
0.096
0.007
0.000
0.000
0.251
0.000
0.000
0.000
0.000
0.000
0.000
0.000
0.000
0.000
0.000
0.000
0.000
0.000
0.000
0.000
0.000
0.000
0.000
0.000
0.000
0.000
0.192
0.261
0.086
0.000
2.022
2.238
0.542
10.931
0.227
0.003
6.456
70.941
8.508
5.931
4.669
0.474
0.223
0.000
0.237
0.886
0.014
0.000
0.089
0.385
1.535
1.421
0.457
0.175
2.839
19.044
3.445
2.046
4.461
0.154
0.192
0.000
1.504
1.071
14.174
13.814
10.023
11.911
3.692
0.031
0.010
0.000
0.000
0.100
0.000
2.408
0.910
0.014
0.652
13.017
0.561
3.052
53.107
88.205
6.303
15.528
4.080
4.416
13.522
3.157
11.979
18.277
11.431
0.591
2.125
1.293
1.646
21.452
74.812
3.102
3.934
0.843
0.113
0.221
0.124
0.113
0.000
0.000
0.021
0.082
0.024
6.674
0.072
0.367
0.000
0.000
0.000
0.000
0.000
0.000
0.000
0.209
1.490
6.849
7.543
0.021
0.000
1.270
8.950
7.364
7.951
8.652
8.295
8.370
17.286
11.621
8.326
0.058
1.978
0.058
0.024
0.000
0.000
0.000
0.010
0.038
0.000
0.000
0.000
1.620
0.000
0.000
0.000
0.000
0.295
0.000
0.000
0.000
0.000
0.000
0.000
0.000
0.000
0.000
0.000
0.000
0.000
0.000
0.000
0.000
0.000
0.000
0.000
0.000
0.000
0.000
0.000
0.000
0.000
0.000
0.000
0.000
0.000
0.000
0.000
0.000
0.000
0.000
0.000
0.000
0.000
0.000
0.000
0.000
0.000
0.000
0.910
4.417
0.000
0.000
0.000
0.000
0.000
0.000
0.000
0.000
0.000
0.000
0.000
1.555
0.000
0.000
0.000
0.000
0.000
0.000
0.000
0.000
0.000
0.000
0.000
0.000
0.000
0.000
0.000
0.000
0.000
0.000
0.000
0.000
0.000
0.000
0.000
0.000
0.000
0.000
0.000
0.000
0.000
0.000
0.000
0.000
0.000
0.000
0.000
0.000
0.000
0.000
0.041
0.000
0.000
0.000
0.000
0.000
0.000
0.000
0.000
0.000
0.000
0.000
0.000
0.000
0.000
0.000
0.000
0.000
0.000
0.000
0.000
0.000
0.000
0.000
0.000
0.000
0.000
0.000
0.000
0.000
0.000
0.000
0.000
0.000
0.000
0.000
0.000
0.000
0.000
0.000
0.000
0.000
0.000
0.000
0.000
0.000
0.000
0.000
0.000
0.000
0.000
0.000
0.000
0.000
0.000
0.000
0.000
0.000
0.000
0.000
0.000
0.000
0.000
0.000
0.000
0.000
0.000
0.000
0.000
0.000
0.000
0.000
0.000
0.000
0.000
0.000
0.000
0.000
0.000
0.000
0.000
0.000
0.000
0.000
0.000
0.000
0.498
0.642
0.000
0.000
0.000
0.000
0.000
0.000
0.000
0.000
0.000
0.000
0.000
0.000
0.000
0.000
0.000
0.000
0.000
0.000
0.000
0.000
0.000
0.000
0.000
0.000
0.000
0.000
0.000
0.000
0.000
0.000
0.000
0.000
0.000
0.000
0.000
0.000
0.000
0.000
0.000
0.000
0.000
0.000
0.000
0.010
0.000
0.000
0.000
0.000
0.000
0.000
0.000
0.000
0.000
0.158
0.045
0.000
0.000
0.000
0.000
0.000
0.000
0.000
0.000
0.000
0.000
0.000
0.036
0.029
0.000
0.022
0.141
0.273
0.000
0.000
0.000
0.000
0.000
0.027
10.387
0.003
0.046
21.188
14.279
0.395
0.000
0.021
1.681
0.227
0.017
0.031
0.000
0.000
0.000
128.435
22.603
0.144
0.613
12.990
96.304
12.310
13.852
28.222
13.536
0.594
3.080
4.377
9.632
38.557
6.633
5.623
2.527
0.972
1.442
2.834
1.164
0.755
1.314
1.346
0.726
0.000
0.172
0.051
0.326
1.287
2.443
0.300
0.000
0.525
6.984
0.082
0.130
0.290
0.000
0.000
0.000
0.000
0.158
0.049
0.000
0.000
0.024
1.399
0.750
44.896
13.039
9.656
2.127
0.206
9.503
3.941
3.670
4.676
1.088
0.058
0.000
0.031
0.021
0.000
0.003
0.000
0.000
0.000
0.000
0.000
0.000
0.000
0.000
0.000
0.000
0.000
0.000
0.000
0.000
0.000
0.000
0.000
1.133
0.000
0.000
1.270
10.986
3.924
0.000
0.000
0.000
0.000
0.000
0.000
0.910
0.000
0.000
0.000
0.000
0.000
0.000
0.000
0.000
0.000
0.000
0.000
0.000
0.000
0.000
0.000
0.000
0.000
0.000
0.000
0.000
0.000
0.000
0.000
0.000
0.000
0.000
0.000
0.000
0.000
0.331
3.505
0.295
0.079
0.000
0.000
0.041
0.000
0.000
0.000
0.000
0.000
0.000
0.000
0.000
0.000
0.000
0.000
0.000
0.000
0.000
0.000
0.000
0.000
0.000
0.000
0.000
0.000
0.000
0.000
0.000
0.000
0.000
0.000
0.000
0.000
0.000
0.000
0.000
0.000
0.000
0.000
0.000
0.000
0.000
0.000
0.000
0.000
0.570
0.027
0.000
0.000
0.000
0.000
0.000
0.000
0.000
0.000
0.000
0.000
0.000
0.000
0.000
0.000
0.000
0.000
0.000
0.000
0.000
0.000
0.000
0.000
0.000
0.000
0.000
0.000
0.000
0.000
0.000
0.000
0.000
0.000
0.000
0.000
0.000
0.000
0.000
0.000
0.000
0.003
0.003
0.000
0.000
0.000
0.000
0.000
0.000
0.000
0.000
0.000
0.000
0.000
0.000
0.182
0.000
0.000
0.000
0.000
0.000
0.000
0.000
0.000
0.000
0.000
0.000
0.000
0.000
0.000
0.000
0.000
0.000
0.000
0.000
0.000
0.000
0.000
0.000
0.000
0.000
0.000
0.000
0.000
0.000
0.000
0.000
0.000
0.000
0.000
0.000
0.000
0.000
0.000
0.000
0.000
0.000
0.000
0.000
0.000
0.000
0.000
0.000
0.000
0.000
0.000
0.000
0.000
0.000
0.000
0.000
0.000
0.000
0.000
0.000
0.000
0.000
0.000
0.000
0.000
0.000
0.000
0.000
0.000
0.000
0.000
0.000
0.000
0.000
0.000
0.000
0.000
0.000
0.000
0.000
0.000
0.000
0.000
0.000
0.000
0.000
0.000
0.000
0.000
0.000
0.000
0.000
0.000
0.000
0.000
0.000
0.000
0.000
0.000
0.000
0.000
1.737
0.000
0.539
0.039
0.728
0.046
0.000
0.000
0.000
0.000
0.000
0.000
4.120
11.654
1.742
0.000
0.000
0.000
0.000
0.000
0.000
0.755
1.162
0.263
0.000
0.000
0.221
0.000
0.000
0.003
0.726
9.251
12.785
3.444
26.333
10.694
0.125
0.024
0.467
0.747
11.287
4.328
0.021
0.079
0.669
0.000
1.008
1.107
2.146
11.951
6.394
13.034
1.701
0.621
6.171
1.384
0.113
0.979
10.902
21.856
7.642
5.311
12.597
6.128
8.080
22.234
3.378
2.929
0.474
0.223
2.609
4.614
12.490
3.498
0.474
4.669
1.971
3.224
2.602
4.625
9.757
0.038
0.034
0.954
7.484
13.074
1.408
6.329
4.048
7.299
0.257
1.102
0.503
0.790
8.308
7.316
7.920
8.013
20.208
6.915
1.572
1.274
1.473
14.705
8.085
2.328
0.124
0.000
0.000
0.000
0.000
0.000
0.003
0.000
0.000
0.000
0.000
0.000
0.000
0.000
0.000
0.000
0.000
0.000
0.000
0.000
0.000
0.000
0.000
0.000
0.000
0.997
0.000
0.000
0.000
0.000
0.000
0.168
0.000
0.127
0.000
0.000
0.000
0.000
0.000
0.000
0.000
0.000
0.000
0.010
0.003
0.000
0.000
0.000
0.000
0.000
0.000
0.000
0.000
0.027
0.000
0.017
0.175
4.436
2.664
3.049
1.318
5.284
0.000
0.000
0.000
0.000
3.413
2.486
4.446
0.189
0.048
0.000
0.000
0.000
0.000
0.000
0.000
0.000
0.000
0.000
0.000
0.000
0.000
0.000
0.000
0.000
0.000
0.000
0.000
0.000
0.000
0.000
0.000
0.000
0.000
0.000
0.000
0.000
0.000
0.000
0.000
0.000
0.007
1.208
2.022
0.000
0.000
0.000
0.000
0.000
0.000
0.000
0.000
0.000
0.000
0.000
0.000
0.000
0.000
0.000
0.000
0.000
0.000
0.000
0.000
0.000
0.000
0.000
0.000
0.000
0.000
0.000
0.000
0.003
0.000
0.000
0.000
0.000
0.000
0.002
0.000
0.000
0.000
0.000
0.000
0.000
0.000
0.002
0.002
0.000
0.000
0.275
0.113
0.000
0.000
0.000
0.000
0.000
0.000
0.000
0.000
0.000
0.000
0.000
0.000
0.000
0.002
0.000
0.000
0.000
0.000
0.000
0.000
0.000
0.000
0.002
0.000
0.002
0.002
0.000
0.000
0.000
0.000
0.000
0.000
0.000
0.000
0.000
0.002
0.002
0.000
0.002
0.000
0.000
0.000
0.002
0.000
0.000
0.000
0.000
0.000
0.000
0.000
0.000
0.000
0.000
0.000
0.000
0.002
0.000
0.000
0.000
0.000
0.000
0.000
0.000
0.000
0.000
0.002
0.000
0.000
0.000
0.000
0.000
0.000
0.000
0.000
0.000
0.000
0.000
0.000
0.000
0.000
0.000
0.000
0.000
0.000
0.000
0.000
0.000
0.000
0.000
0.000
0.000
0.000
0.000
0.103
0.045
0.000
0.000
0.000
0.000
0.000
0.000
0.000
0.000
0.000
0.014
0.031
0.000
0.000
0.000
0.000
0.000
0.000
0.000
0.003
0.000
0.048
3.131
1.366
0.858
0.000
0.671
2.352
0.137
0.494
0.110
46.264
7.567
38.002
0.326
0.393
37.877
25.406
4.865
0.633
1.820
3.275
2.568
6.221
7.066
32.219
10.938
4.233
2.335
76.204
34.432
2.506
9.515
17.970
10.360
12.227
13.796
61.414
0.179
0.225
0.076
1.875
32.726
8.520
1.353
7.018
3.378
2.063
3.593
15.757
37.329
8.411
5.037
22.646
6.121
1.662
0.608
3.241
57.860
24.294
31.445
8.010
11.652
8.738
25.083
21.901
4.788
3.066
0.657
8.322
4.583
9.359
6.494
4.940
13.228
13.184
2.403
5.399
22.048
34.257
52.740
31.330
38.349
29.697
20.438
33.062
19.981
11.718
4.770
7.423
4.494
4.444
8.865
10.468
1.741
0.055
5.946
6.468
10.667
0.712
5.490
3.299
2.135
3.014
2.400
0.851
0.807
3.492
0.024
0.034
0.034
0.003
0.002
0.000
0.002
0.000
0.000
0.000
0.000
0.000
0.000
0.000
0.000
0.000
0.000
0.000
0.000
0.002
0.000
0.000
0.000
0.000
0.000
0.000
0.000
0.000
0.000
0.000
0.000
0.000
0.002
0.000
0.000
0.000
0.002
0.000
0.000
0.000
0.000
0.000
0.000
0.000
0.000
0.000
0.000
0.000
0.000
0.000
0.000
0.000
0.000
0.000
0.000
0.000
0.000
0.000
0.000
0.000
0.002
0.000
0.000
0.000
0.000
0.000
0.000
0.000
0.000
0.000
0.000
0.000
0.000
0.000
0.002
0.000
0.000
0.000
0.000
0.000
0.000
0.000
0.000
0.000
0.000
0.000
0.000
0.000
0.000
0.000
0.000
0.000
0.000
0.000
0.000
0.000
0.000
0.000
0.000
0.000
0.000
0.000
0.000
0.000
0.003
0.000
0.000
0.000
0.000
0.000
0.000
0.002
0.000
0.000
0.002
0.000
0.000
0.000
0.000
0.000
0.000
0.000
0.000
0.003
0.000
0.000
0.000
0.000
0.000
0.000
0.000
0.082
0.000
0.000
0.000
0.000
0.000
0.000
0.000
0.000
0.000
0.000
0.002
0.000
0.000
0.000
0.000
0.000
0.000
0.000
0.000
0.000
0.000
0.000
0.000
0.002
0.000
0.000
0.000
0.000
0.000
0.000
0.000
0.000
0.000
0.000
0.000
0.000
0.000
0.000
0.000
0.000
0.002
0.000
0.000
0.000
0.000
0.000
0.000
0.000
0.000
0.000
0.000
0.000
0.000
0.000
0.000
0.000
0.000
0.000
0.000
0.000
0.000
0.000
0.000
0.000
0.000
0.000
0.000
0.000
0.000
0.000
0.000
0.000
0.000
0.000
3.215
0.000
0.000
0.000
0.000
0.000
0.000
0.000
0.000
0.000
0.000
0.000
0.000
0.000
0.000
0.000
0.000
0.336
3.062
0.000
0.002
0.000
0.000
0.003
0.000
0.000
0.000
0.000
0.000
0.000
0.000
0.000
0.000
0.000
0.000
0.000
0.000
0.000
0.000
0.000
0.000
0.000
0.000
0.000
0.000
0.007
0.000
0.000
0.000
0.000
0.010
0.000
1.336
0.312
1.881
7.653
4.796
0.024
0.000
0.000
0.000
0.549
0.117
0.000
0.000
0.000
0.000
0.086
0.000
0.003
0.003
0.034
1.801
3.049
0.003
74.436
49.602
1.667
0.007
4.573
3.279
135.557
104.013
9.139
6.588
3.045
1.030
3.607
2.036
1.009
1.823
0.941
0.766
6.087
0.062
1.205
5.411
0.235
0.360
6.626
11.082
4.261
14.615
3.845
28.382
6.575
0.772
0.388
4.575
6.921
16.346
12.868
8.296
29.128
9.139
14.974
123.902
2.554
2.223
8.072
1.078
0.041
5.483
4.508
4.424
14.529
10.662
11.216
5.138
5.486
12.085
0.196
6.298
10.564
12.236
5.390
14.474
17.376
16.957
35.812
67.003
14.701
4.528
0.275
1.353
6.494
6.533
6.049
1.981
0.079
0.680
1.404
0.371
2.664
2.671
7.189
3.073
1.706
0.944
0.000
0.000
0.000
0.000
0.000
0.000
0.000
0.000
0.000
0.000
0.000
0.000
0.000
0.000
0.000
0.000
0.000
0.000
0.000
0.000
0.000
0.000
0.000
0.000
0.000
0.000
0.000
0.000
0.002
0.000
0.000
0.000
0.000
0.000
0.002
0.000
0.000
0.000
0.000
0.000
0.000
0.000
0.000
0.000
0.000
0.002
0.000
0.000
0.000
0.000
0.000
0.002
0.000
0.000
0.000
0.000
0.000
0.002
0.000
0.000
0.000
0.000
0.000
0.000
0.000
0.000
0.000
0.000
0.003
0.000
0.000
0.000
0.000
0.000
0.000
0.000
0.000
0.000
0.002
0.000
0.000
0.000
0.000
0.000
0.000
0.000
0.000
0.000
0.000
0.000
0.000
0.002
0.000
0.000
0.000
0.000
0.000
0.000
0.000
0.000
0.000
0.000
0.000
0.000
0.000
0.000
0.000
0.000
0.000
0.000
0.000
0.000
0.000
0.000
0.024
0.000
0.000
0.000
0.002
0.000
0.000
0.002
0.000
0.000
0.000
0.000
0.000
0.000
0.000
0.000
0.000
0.000
0.051
0.000
0.000
0.000
0.000
0.000
0.000
0.000
0.000
0.069
0.975
0.041
0.000
0.000
0.000
0.000
0.000
0.000
0.000
0.003
0.000
0.000
0.000
0.000
0.000
0.000
0.000
0.000
0.000
0.000
0.000
0.000
0.000
0.000
0.000
0.002
0.002
0.000
0.000
0.031
0.000
0.000
0.000
0.000
0.000
0.000
0.002
0.000
0.000
0.000
0.000
0.003
0.000
0.000
0.000
0.000
0.000
0.000
0.000
0.000
0.000
0.000
0.000
0.065
0.007
0.000
0.000
0.000
0.000
0.000
0.000
0.000
0.000
0.003
0.203
0.000
0.021
0.019
0.000
0.000
0.000
0.000
0.000
0.000
0.000
0.003
0.000
0.000
0.000
0.000
0.000
0.000
0.000
0.000
0.000
0.000
0.000
0.000
0.000
0.000
0.000
0.000
0.000
0.000
0.000
0.000
0.000
0.000
0.002
0.000
0.000
0.000
0.000
0.000
0.000
0.000
0.000
0.251
2.658
0.065
0.002
55.055
13.560
0.743
0.302
0.082
0.003
5.571
0.435
0.010
0.000
1.941
9.130
13.578
0.211
0.000
0.000
0.003
0.385
0.002
2.000
1.147
1.387
0.002
0.043
0.163
2.044
0.100
1.560
0.481
0.065
5.689
7.625
10.058
5.792
5.545
11.628
1.998
3.009
5.263
23.655
1.344
17.693
10.979
6.472
3.262
4.777
15.594
0.360
8.262
19.255
4.803
6.454
28.451
11.342
1.360
4.994
36.004
19.720
3.983
3.516
0.539
6.822
3.011
27.689
9.153
11.694
6.726
3.193
14.406
8.295
10.121
4.281
5.552
2.196
1.219
7.248
14.318
12.871
9.043
16.023
9.690
6.350
0.000
0.093
0.000
0.865
0.596
0.930
5.109
3.296
2.355
0.591
0.264
3.517
5.531
0.108
0.002
0.000
0.288
0.124
0.003
0.079
1.645
0.232
0.000
0.003
0.000
14.969
37.395
23.085
21.537
4.371
4.827
3.286
10.561
11.942
10.049
3.061
5.320
2.963
1.641
0.774
0.534
7.265
11.240
7.917
0.542
2.571
0.319
0.182
0.041
0.000
0.000
0.000
0.000
0.000
0.000
0.000
0.000
0.000
0.000
0.000
0.000
0.000
0.002
0.000
0.000
0.000
0.000
0.000
0.000
0.000
0.000
0.000
0.003
0.000
0.000
0.000
0.001
0.000
0.000
0.000
0.000
0.000
0.000
0.000
0.000
0.000
0.000
0.000
0.000
0.000
0.000
0.000
0.000
0.000
0.000
0.000
0.000
0.002
0.000
0.000
0.000
0.000
0.000
0.002
0.000
0.000
0.000
0.000
0.000
0.003
0.002
0.000
0.000
0.002
0.000
0.000
0.000
0.000
0.000
0.000
0.000
0.000
0.074
0.000
0.000
0.000
0.000
0.000
0.010
0.065
0.093
0.000
0.000
0.000
0.000
0.000
0.000
0.000
0.000
0.000
0.000
0.000
0.000
0.000
0.000
0.000
0.000
17.441
14.208
0.000
0.002
0.000
0.000
0.000
0.000
0.000
0.000
0.000
0.000
0.000
0.000
0.000
0.000
0.000
0.000
0.000
0.000
0.000
0.000
0.000
0.000
0.000
0.000
0.000
0.000
0.000
0.000
0.000
0.146
0.000
0.000
0.027
0.046
0.185
0.021
0.000
0.002
0.000
0.000
0.002
0.000
0.000
0.000
0.000
0.000
0.003
0.000
0.000
0.000
0.000
0.000
0.000
0.000
0.000
0.000
0.000
0.000
0.002
0.000
0.000
0.000
0.000
0.000
0.000
0.000
0.000
0.000
0.000
0.000
0.000
0.003
0.002
0.000
0.000
0.000
0.000
0.000
0.000
0.000
0.000
0.000
0.000
0.000
0.000
0.000
0.043
0.000
0.000
0.000
0.000
0.000
0.000
0.000
0.000
0.000
0.000
0.000
0.003
0.000
0.000
0.021
0.017
0.000
0.000
0.002
0.000
0.000
0.000
0.000
0.000
0.003
0.003
0.371
0.079
0.000
0.000
0.000
0.000
0.000
0.000
0.000
0.000
0.000
0.000
0.000
0.000
0.000
0.000
0.002
0.000
0.003
0.000
0.003
0.002
0.000
0.007
0.000
0.000
1.147
0.697
0.000
0.505
0.179
0.168
0.000
0.000
0.179
0.000
0.000
0.000
0.227
0.079
0.021
0.000
0.000
0.000
0.002
0.000
0.000
0.000
0.884
0.000
0.002
0.000
0.000
0.000
0.000
0.158
1.212
4.793
2.165
14.818
0.484
5.960
2.252
6.389
22.831
1.071
0.003
5.308
62.658
26.213
37.858
17.279
7.383
19.006
40.837
10.118
0.481
