20000101
0.000
0.000
0.000
0.000
0.000
0.000
0.000
0.000
0.000
0.000
0.000
0.000
0.000
0.000
0.000
0.000
0.000
0.000
0.000
0.000
0.000
0.000
0.000
0.000
0.000
0.000
0.000
0.000
0.000
0.000
0.000
0.000
0.000
0.000
0.000
0.620
0.000
0.000
0.000
0.000
0.000
0.000
0.000
0.000
0.000
0.000
0.000
0.000
0.000
0.000
0.000
0.000
0.000
0.000
0.000
0.000
0.000
0.000
0.000
0.000
0.000
0.000
0.000
0.000
0.000
0.000
0.000
0.000
0.000
0.000
0.000
0.000
0.000
0.000
0.000
0.000
0.000
0.000
0.000
0.000
0.000
0.000
0.000
0.000
0.000
0.000
0.000
0.000
0.000
0.000
0.000
0.000
0.000
0.000
0.000
0.000
0.000
0.000
0.000
0.000
0.000
0.000
0.000
0.000
0.000
0.000
0.000
0.000
0.000
0.000
0.000
0.000
0.000
0.000
0.000
0.000
0.000
0.000
0.000
0.000
0.000
0.000
0.000
0.000
0.000
0.000
0.141
0.014
0.000
0.000
0.000
0.000
0.845
2.740
0.185
0.007
0.010
1.171
4.381
2.537
0.196
0.000
0.000
0.000
0.000
0.000
0.000
0.000
0.000
0.000
0.000
0.000
0.000
0.000
0.000
0.017
0.000
0.000
0.000
2.905
0.000
0.000
0.000
0.333
1.109
3.104
0.069
0.014
0.000
0.000
0.000
0.000
0.000
0.000
0.000
0.072
0.062
0.000
0.000
0.000
0.024
1.859
4.480
25.875
4.793
16.349
0.079
1.605
1.224
6.425
1.152
4.704
1.569
5.091
10.334
8.720
13.840
4.766
9.413
0.543
0.017
20.342
12.797
2.404
0.130
0.000
0.000
0.000
0.000
0.000
0.132
0.267
0.041
0.000
0.000
0.034
0.000
0.000
0.000
0.000
0.000
0.000
0.000
0.000
18.478
10.777
33.925
4.168
0.132
1.375
0.041
5.420
20.759
2.047
21.300
0.675
5.927
0.213
0.484
12.775
11.208
3.936
0.307
0.462
0.455
0.034
0.136
0.045
2.834
0.611
0.000
0.103
0.000
0.000
0.000
0.000
0.000
0.000
0.000
0.000
0.000
0.000
0.000
0.000
0.000
0.000
0.000
0.000
0.000
0.000
0.000
0.000
0.000
0.000
0.000
0.000
0.000
0.000
0.000
0.000
0.000
0.000
0.000
0.043
0.003
0.000
0.000
0.000
0.000
0.000
0.000
0.000
0.000
0.000
0.000
0.000
0.000
0.000
0.000
0.000
0.000
0.000
0.000
0.000
0.000
0.000
0.000
0.000
0.000
0.000
0.000
0.000
0.000
0.000
0.000
0.000
0.000
0.000
0.000
0.000
0.000
0.000
0.000
0.000
0.000
0.000
0.000
0.000
0.000
0.000
0.000
0.000
0.000
0.000
0.000
0.000
0.000
0.000
0.000
0.000
0.000
0.000
0.000
0.000
0.000
0.000
0.000
0.000
0.000
0.000
0.000
0.000
0.000
0.000
0.000
0.000
0.000
0.000
0.000
0.000
0.000
0.000
0.000
0.000
2.072
2.554
0.000
0.000
0.000
0.000
0.000
0.000
0.000
0.000
0.000
0.000
0.000
0.000
0.000
0.000
0.000
0.000
0.000
0.000
0.000
0.000
0.000
0.000
0.000
0.000
0.000
0.000
0.000
0.000
0.000
0.000
0.000
0.000
0.000
0.000
0.000
0.000
0.000
0.000
0.000
0.000
0.000
0.000
0.000
0.000
0.000
0.000
0.000
0.000
0.000
0.000
0.000
0.000
0.000
0.000
0.000
0.000
0.000
0.000
0.000
0.000
0.000
0.000
0.000
0.000
0.000
0.000
0.000
0.000
0.000
0.000
0.000
0.000
0.000
0.000
0.000
0.000
0.000
0.000
0.000
0.000
0.000
0.000
0.000
0.000
0.000
0.000
0.000
0.000
0.000
0.000
0.000
0.000
0.000
0.000
0.000
0.000
0.000
0.000
0.000
0.000
0.000
0.014
0.000
0.000
0.000
0.000
0.058
0.017
0.007
0.000
0.000
0.000
0.000
0.000
0.000
0.000
0.000
0.000
0.000
0.000
0.000
0.000
0.000
0.000
0.000
0.000
0.000
0.000
0.000
0.000
0.000
0.000
0.000
0.000
0.000
0.007
0.065
4.020
0.525
0.809
0.000
0.000
0.000
0.000
0.168
0.117
0.010
0.000
0.000
2.204
1.529
0.390
0.024
0.026
0.532
0.343
0.162
0.010
0.065
0.057
0.373
5.821
18.922
26.307
12.324
25.907
30.367
5.443
17.044
4.219
0.043
0.000
0.000
0.000
0.007
0.570
0.125
0.056
0.774
2.834
0.621
2.159
2.513
32.506
23.521
27.589
0.038
0.230
15.134
7.316
13.465
25.447
12.633
7.680
1.003
1.768
3.198
2.772
1.257
0.858
6.968
2.781
10.693
39.032
7.412
8.193
1.365
3.086
4.542
3.787
2.352
5.824
2.405
0.003
0.000
5.440
17.185
2.559
12.044
2.968
1.683
20.505
19.151
17.769
17.237
13.273
6.721
99.730
49.324
2.411
0.000
0.000
2.438
0.273
0.603
1.930
0.761
0.000
0.000
0.000
0.048
0.017
0.000
0.000
0.000
0.000
0.067
0.003
0.045
1.602
0.000
0.000
0.000
0.000
0.000
0.000
0.000
0.000
0.000
0.003
0.000
0.000
0.000
0.000
0.000
0.000
0.000
0.000
0.000
0.000
0.000
0.000
0.000
0.000
0.203
2.244
1.073
0.017
0.000
0.000
0.000
0.000
0.096
5.708
2.978
0.000
0.000
0.000
0.000
0.000
0.000
0.000
0.000
0.000
0.000
0.000
0.000
0.000
0.000
0.000
0.000
0.000
0.000
0.000
0.000
0.000
0.000
0.000
0.000
0.000
0.000
0.000
0.000
0.000
0.000
0.000
0.000
0.000
0.000
0.000
0.000
0.000
0.000
0.000
0.000
0.000
0.000
0.000
0.000
0.000
0.000
0.000
0.000
0.000
0.000
0.000
0.000
0.000
0.000
0.000
0.000
0.000
0.000
0.000
0.000
0.000
0.000
0.000
0.000
0.000
0.000
0.000
0.000
0.000
0.000
0.000
0.000
0.000
0.000
0.000
0.000
0.000
0.000
0.000
0.000
0.000
0.000
0.000
0.000
0.000
0.000
0.000
0.000
0.000
0.000
0.000
0.000
0.000
0.000
0.017
0.014
0.000
0.175
0.000
0.000
0.000
0.000
0.000
0.000
0.000
0.000
0.000
0.000
0.000
0.000
0.000
0.000
0.000
0.000
0.000
0.000
0.000
0.000
0.000
0.000
2.019
1.440
0.000
0.000
0.000
0.000
0.000
0.000
0.000
0.000
0.000
0.000
0.000
0.000
0.000
0.000
0.000
0.000
0.000
0.000
0.000
0.000
0.000
0.000
0.000
0.000
0.000
0.000
0.000
0.000
0.000
0.000
0.000
0.089
0.000
0.000
0.000
0.000
0.000
0.000
0.000
0.000
0.000
0.000
0.000
0.000
0.000
0.000
0.000
0.000
0.000
0.000
0.000
0.000
0.000
0.000
0.000
0.041
0.000
0.000
0.000
0.000
0.000
0.000
0.000
0.000
0.000
0.000
0.000
0.000
0.000
0.000
0.000
0.000
0.000
0.000
0.000
0.000
0.000
0.000
0.000
0.000
0.000
0.000
0.000
0.000
0.000
0.000
0.000
0.000
0.000
0.000
0.000
0.000
0.000
0.000
0.000
0.000
0.000
0.000
0.000
0.000
0.000
0.000
0.000
0.000
0.000
0.000
0.000
0.058
0.000
0.045
0.000
0.000
0.027
0.003
0.000
0.000
0.000
0.000
0.000
0.017
0.000
0.144
3.040
2.407
5.840
0.824
1.603
1.947
4.346
5.040
0.062
0.014
0.000
0.031
5.232
3.464
17.815
46.654
8.494
0.371
0.000
0.000
0.017
0.000
0.000
0.000
0.000
0.000
0.000
0.000
0.000
0.187
0.326
0.034
0.113
0.065
5.593
1.018
2.695
0.381
1.367
1.760
0.875
2.086
0.924
0.041
0.000
0.010
0.003
0.000
0.003
0.306
0.058
0.206
14.636
24.953
34.557
43.520
41.072
5.780
0.369
2.139
3.663
2.593
0.818
3.483
2.166
0.518
0.388
0.000
0.031
3.416
6.636
21.300
3.282
1.809
0.694
0.917
0.498
5.770
26.159
18.048
11.524
21.762
4.036
0.766
0.036
0.000
0.000
0.000
0.000
0.000
0.000
0.000
0.000
0.000
0.000
0.000
0.000
0.000
0.000
0.000
0.000
0.000
0.000
0.010
0.003
0.000
0.000
0.000
0.000
0.000
0.000
0.000
0.000
0.000
0.000
0.000
0.000
0.000
0.000
0.000
0.000
0.000
0.000
0.000
0.000
0.000
0.000
0.000
0.000
0.000
0.000
0.000
0.000
0.000
0.000
0.000
0.000
0.000
0.000
0.000
0.000
0.000
0.000
0.000
0.000
0.000
0.000
0.000
0.000
0.000
0.000
0.000
0.000
0.000
0.000
0.000
0.000
0.000
0.000
0.000
0.000
0.000
0.000
0.000
0.000
0.000
0.000
0.000
0.000
0.000
0.000
0.000
0.000
0.000
0.000
0.000
0.000
0.000
0.000
0.000
0.000
0.000
0.000
0.000
0.000
0.000
0.000
0.000
0.000
0.000
0.000
0.000
0.000
0.000
0.000
0.000
0.000
0.000
0.000
0.443
4.343
0.000
0.000
0.000
0.000
0.000
0.000
0.000
0.000
0.000
0.003
0.000
0.000
0.000
0.000
0.000
0.000
0.000
0.000
0.000
0.000
0.000
0.000
0.000
0.000
0.000
0.000
0.069
0.007
0.000
0.000
3.735
0.385
0.000
0.000
0.000
0.000
0.000
0.000
0.000
0.000
0.000
0.000
0.000
0.000
0.000
0.000
0.000
0.000
15.937
0.807
0.000
0.000
0.000
0.000
0.000
0.000
0.000
0.000
0.000
0.000
0.000
0.000
0.000
0.000
0.000
0.000
0.000
0.000
0.000
0.000
0.000
0.000
0.000
0.000
0.000
0.000
0.000
0.000
0.000
0.000
0.000
0.000
0.000
0.000
0.000
0.000
0.000
0.000
0.000
0.000
0.000
0.000
0.000
0.000
0.000
0.000
0.000
0.000
0.000
0.000
0.000
0.000
0.000
0.000
0.000
0.000
0.000
0.000
0.000
0.000
0.000
0.000
0.000
0.000
0.000
0.000
0.000
0.000
0.000
0.000
0.000
0.000
0.000
0.000
0.000
0.000
0.000
0.000
0.000
0.000
0.000
0.000
0.000
0.000
0.000
0.000
0.000
0.000
0.000
0.000
0.000
0.000
0.000
0.000
0.000
0.000
0.003
0.000
0.000
0.000
0.000
0.000
0.000
0.000
0.000
0.000
0.000
0.014
0.000
0.000
0.000
0.000
0.000
0.000
0.000
1.138
8.983
0.972
42.630
18.351
13.716
1.164
0.591
0.493
0.776
3.945
0.113
0.007
7.050
2.479
0.179
0.141
0.165
6.533
19.028
101.788
27.873
10.427
7.345
12.428
4.282
4.246
5.210
8.508
13.593
11.474
11.592
4.139
3.772
11.827
20.814
3.704
0.578
13.712
113.437
13.506
3.655
8.612
18.483
9.831
1.087
0.795
1.184
5.388
8.459
14.310
16.318
2.898
3.071
18.248
26.044
16.960
14.485
4.374
5.297
1.686
9.143
0.007
0.000
0.051
0.034
0.000
0.621
0.288
1.439
17.134
14.722
2.795
12.205
19.703
9.218
154.894
16.624
1.382
2.436
5.689
3.069
1.684
2.074
0.518
0.000
0.149
5.720
2.656
0.000
0.000
1.990
1.821
0.003
0.663
0.690
0.251
0.015
0.021
0.000
0.000
0.203
2.002
0.206
0.000
0.000
0.000
0.000
0.000
0.038
0.000
0.000
0.000
0.000
0.000
0.000
0.000
0.000
0.000
0.000
0.000
0.000
0.000
0.000
0.000
0.000
0.000
0.000
0.000
0.000
0.000
0.000
0.000
0.000
0.000
0.000
0.000
0.000
0.000
0.000
0.000
0.000
0.000
0.000
0.000
0.000
0.000
0.000
0.000
0.000
0.000
0.000
0.000
0.000
0.000
0.000
0.000
0.000
0.000
0.000
0.000
0.000
0.000
0.000
0.000
0.000
0.000
0.000
0.000
0.000
0.000
0.000
0.000
0.000
0.000
0.000
0.000
0.000
0.000
0.000
0.000
0.000
0.000
0.000
0.000
0.000
0.000
0.000
0.000
0.000
0.000
0.000
0.000
0.000
0.000
0.000
0.000
0.000
0.000
0.000
0.000
0.000
0.000
0.000
0.000
0.000
0.000
0.000
0.000
0.000
0.000
0.000
0.000
0.000
0.000
0.000
0.000
0.000
0.000
0.000
0.000
0.000
0.000
0.000
0.000
0.000
0.000
0.000
0.000
0.000
0.000
0.000
0.000
0.000
0.000
0.000
0.000
0.000
0.000
0.000
0.000
0.000
0.000
0.000
0.000
0.000
0.000
0.000
0.000
0.000
0.000
0.000
0.000
0.000
0.000
0.000
0.000
0.000
0.000
0.000
0.000
0.000
0.000
0.000
0.000
0.000
0.000
0.000
0.000
0.000
0.000
0.000
0.000
0.000
0.000
0.000
0.000
0.000
0.000
0.000
0.000
0.000
0.000
0.000
0.000
0.000
0.000
0.000
0.000
0.000
0.000
0.000
0.000
0.000
0.000
0.000
0.000
0.000
0.000
0.000
0.000
0.000
0.000
0.000
0.000
0.000
0.000
0.000
0.000
0.000
0.000
0.000
0.000
0.000
0.000
0.000
0.000
0.000
0.000
0.000
0.000
0.000
0.000
0.000
0.000
0.000
0.000
0.027
0.309
0.323
0.223
1.873
8.343
22.642
0.168
0.000
0.000
0.000
0.000
0.000
0.000
0.000
0.000
0.000
0.000
0.000
0.000
0.000
0.000
0.000
0.000
0.000
0.000
0.000
0.000
0.000
0.000
0.000
0.000
0.137
0.621
0.960
0.014
0.000
0.000
2.180
4.868
0.251
0.462
2.098
0.000
0.000
0.000
0.000
0.000
0.000
0.168
0.007
2.475
10.269
6.506
0.470
0.031
0.031
0.000
0.415
0.273
1.488
0.046
0.055
0.645
0.069
0.000
0.000
0.000
0.000
0.118
0.000
1.056
0.027
0.891
1.200
0.045
0.003
0.000
0.000
0.000
0.000
0.000
0.074
0.118
0.042
0.027
2.513
0.038
0.115
0.026
0.431
2.969
12.612
61.123
3.040
4.807
4.813
20.417
17.116
24.066
8.703
12.288
9.579
1.377
4.758
4.963
4.003
12.296
1.817
0.148
0.295
0.000
0.051
0.000
0.000
0.000
0.000
0.239
0.172
0.017
0.000
0.000
0.000
0.000
0.000
0.000
0.000
0.000
0.000
0.000
0.160
0.026
0.048
0.191
8.418
2.582
0.000
0.000
0.003
0.041
0.076
0.540
0.992
0.000
1.087
1.645
33.637
0.000
13.683
8.221
23.270
13.879
6.932
0.000
0.000
0.669
0.385
0.000
0.000
0.000
0.000
0.000
0.000
0.000
0.000
0.000
0.000
0.000
0.000
0.000
0.000
0.000
0.000
0.000
0.000
0.000
0.000
0.000
0.000
0.000
0.000
0.000
0.000
0.000
0.000
0.000
0.000
0.000
0.000
0.000
0.000
0.000
0.000
0.000
0.000
0.000
0.000
0.000
0.000
0.000
0.000
0.000
0.000
0.000
0.000
0.000
0.000
0.000
0.000
0.000
0.000
0.000
0.000
0.000
0.000
0.000
0.000
0.000
0.000
0.000
0.000
0.000
0.000
0.000
0.000
0.000
0.000
0.000
0.000
0.000
0.000
0.000
0.000
0.000
0.000
0.000
0.000
0.000
0.125
0.000
0.000
0.000
0.000
0.000
0.000
0.000
0.000
0.000
0.000
0.000
0.000
0.000
0.000
0.000
0.000
0.000
0.000
0.000
0.000
0.000
0.000
0.000
0.000
0.000
0.000
0.000
0.000
0.000
0.189
0.031
0.000
0.000
0.000
0.000
0.000
0.000
0.000
0.000
0.000
0.000
0.000
0.000
0.000
0.000
0.000
0.000
0.000
0.000
0.000
0.000
0.000
0.000
0.000
0.000
0.000
0.000
0.000
0.000
0.000
0.000
0.000
0.000
0.000
0.000
0.000
0.000
0.000
0.000
0.000
0.000
0.000
0.000
0.000
0.000
0.000
0.000
0.000
0.000
0.000
0.000
0.000
0.000
0.000
0.000
0.000
0.000
0.000
0.000
0.000
0.000
0.000
0.000
0.000
0.000
0.000
0.000
0.000
0.000
0.000
0.000
0.000
0.000
0.000
0.000
0.000
0.000
0.000
0.000
0.000
0.000
0.000
0.000
0.000
0.000
0.000
0.000
0.711
0.331
0.458
0.112
0.000
0.000
0.000
0.000
0.000
0.000
0.000
0.000
0.000
0.000
0.000
0.000
0.000
0.000
0.000
0.000
0.000
0.000
0.000
0.000
0.000
0.000
0.000
0.000
0.000
0.000
0.000
0.000
0.000
0.000
0.000
0.000
0.000
0.000
0.000
0.000
0.000
0.000
0.000
0.000
0.000
0.000
1.215
25.739
0.000
0.000
0.000
0.000
0.000
0.000
1.638
0.000
0.000
0.000
0.017
1.377
0.000
0.170
0.752
5.939
10.334
16.080
15.978
14.458
12.060
7.539
2.147
0.369
5.091
4.305
0.024
3.468
2.584
3.282
10.931
9.270
13.268
11.300
0.079
0.000
0.000
0.000
0.000
0.000
0.067
3.096
10.502
17.106
2.608
0.415
4.206
2.808
7.000
1.660
2.520
4.601
0.742
1.054
1.439
0.165
0.570
0.199
0.014
0.000
0.041
0.000
0.000
0.347
0.213
0.591
1.739
2.922
0.419
1.332
0.137
0.000
0.014
0.031
0.127
0.000
0.000
0.112
0.014
0.000
0.000
0.000
0.000
0.239
0.024
2.592
5.591
5.286
7.115
10.300
7.542
17.837
23.213
17.865
13.820
21.346
3.069
9.546
0.089
0.642
7.557
23.830
0.051
0.718
0.065
0.312
0.026
0.000
0.000
0.000
0.000
0.000
0.000
0.000
0.000
0.000
0.000
0.000
0.000
0.000
0.000
0.000
0.000
0.000
0.000
0.000
0.000
0.000
0.000
0.000
0.000
0.000
0.000
0.000
0.000
0.000
0.000
0.000
0.000
0.000
0.000
0.000
0.000
0.000
0.000
0.000
0.000
0.000
0.000
0.000
0.000
0.000
0.000
0.000
0.000
0.000
0.000
0.000
0.000
0.000
0.000
0.000
0.000
0.000
0.000
0.000
0.000
0.000
0.000
0.000
0.000
0.000
0.000
0.000
0.000
0.000
0.000
0.000
0.000
0.000
0.000
0.000
0.000
0.000
0.000
0.000
0.000
0.000
0.000
0.000
0.000
0.000
0.000
0.000
0.000
0.000
0.000
0.000
0.000
0.000
0.000
0.000
0.000
0.000
0.000
0.000
0.000
0.000
0.000
0.000
0.000
0.000
0.000
0.000
0.000
0.000
0.000
0.000
0.000
0.000
0.000
0.000
0.000
0.000
0.000
0.000
0.000
0.000
0.000
0.000
0.000
0.000
0.000
0.000
0.000
0.000
0.000
0.000
0.000
0.000
0.000
0.000
0.000
0.000
0.000
0.000
0.000
0.000
0.000
0.000
0.000
0.000
0.000
0.000
0.000
0.000
0.000
0.000
0.000
0.000
0.000
0.000
0.000
0.000
0.000
0.000
0.000
9.023
2.649
0.069
0.000
0.000
3.279
0.003
0.000
0.000
0.000
0.000
0.000
0.000
0.000
0.000
0.000
0.000
0.000
0.000
0.000
0.000
0.000
0.000
0.000
0.000
0.000
0.000
0.000
0.000
0.000
0.000
0.000
0.000
0.000
0.000
0.000
0.000
0.000
0.000
0.000
0.000
0.000
0.000
0.000
0.000
0.000
0.000
0.000
0.000
0.000
0.000
0.000
0.000
0.000
0.000
0.000
0.000
0.000
0.000
0.000
0.000
0.000
0.000
0.000
0.000
0.000
0.000
0.000
0.000
0.000
0.000
0.000
0.000
0.216
0.454
19.684
0.000
0.000
0.000
0.000
0.000
0.000
0.000
0.000
5.534
10.585
5.102
0.415
0.000
0.000
0.000
0.086
0.000
0.000
0.000
0.000
0.060
0.039
0.000
0.000
0.000
0.000
0.628
0.000
0.000
0.000
0.000
0.000
0.003
10.279
1.614
7.601
2.204
2.070
0.051
0.000
0.000
0.000
0.566
5.895
0.912
1.247
1.888
5.680
7.030
18.501
0.340
0.000
0.293
1.840
0.637
5.241
12.847
8.917
1.741
1.967
6.787
4.549
3.300
4.609
3.679
3.362
6.906
7.829
3.617
14.974
7.030
4.005
6.486
5.645
6.617
1.608
13.462
13.158
32.849
5.111
8.720
5.610
4.903
13.009
7.902
2.954
7.320
20.874
14.147
6.250
6.473
6.218
0.251
0.812
0.508
0.520
0.694
0.000
0.010
15.659
4.103
1.114
4.594
0.000
0.177
9.120
2.280
0.534
0.414
0.003
2.601
0.058
0.000
0.048
0.003
0.000
0.000
0.000
1.030
2.898
0.295
5.618
4.808
5.677
0.438
0.977
2.250
0.223
0.014
0.000
0.000
0.000
0.000
0.000
0.000
0.000
0.000
0.000
0.000
0.000
0.000
0.000
0.000
0.000
0.000
0.000
0.000
0.000
0.000
0.000
0.000
0.051
0.000
0.000
0.000
0.000
0.000
0.000
0.000
0.000
0.000
0.000
0.000
0.000
0.000
0.000
0.000
0.000
0.000
0.000
0.000
0.000
0.000
0.000
0.000
0.000
0.000
0.000
0.000
0.000
0.000
0.000
0.000
0.000
0.000
0.000
0.000
0.000
0.000
0.000
0.000
0.000
0.000
0.000
0.000
0.000
0.000
0.000
0.000
0.000
0.000
0.000
0.000
0.000
0.000
0.000
0.000
0.000
0.000
0.000
0.000
0.000
0.000
0.000
0.000
0.000
0.000
0.000
0.000
0.000
0.000
0.000
0.000
0.000
0.000
0.000
0.000
0.000
0.000
0.000
0.000
0.000
0.000
0.000
0.000
0.000
0.000
0.000
0.000
0.000
0.000
0.000
0.000
0.000
0.000
0.000
0.000
0.000
0.000
0.000
0.000
0.112
0.000
0.000
0.000
0.000
0.000
0.000
0.000
0.000
0.000
0.014
3.378
0.076
0.000
0.532
0.000
0.000
0.000
0.000
0.000
0.000
0.000
0.000
0.000
0.000
0.172
0.000
0.000
0.000
0.000
0.024
0.000
0.000
0.000
0.000
0.000
0.000
0.000
0.000
0.000
0.000
0.000
0.000
0.000
0.000
0.000
0.000
0.000
0.000
0.000
0.000
0.000
0.000
0.000
0.000
0.000
0.000
0.000
0.000
0.000
0.000
0.000
0.000
0.000
0.000
0.000
0.000
0.000
0.000
0.000
0.000
0.000
0.000
0.000
0.000
0.000
0.000
0.000
0.000
0.000
0.000
0.000
0.000
0.000
0.000
0.000
0.000
0.000
0.000
0.000
0.000
0.000
0.000
0.000
0.000
0.000
0.000
0.000
0.000
0.000
0.000
0.000
0.000
0.000
0.000
0.000
0.000
0.000
0.000
0.000
0.000
0.000
0.000
0.000
0.000
0.000
0.000
0.000
0.000
0.000
0.000
0.000
0.000
0.000
0.391
1.054
1.730
0.000
0.000
0.000
0.000
0.000
0.000
0.000
0.000
0.000
5.112
0.179
0.031
0.000
2.468
10.142
0.453
0.350
0.134
0.664
29.831
0.999
9.822
0.206
4.697
1.511
0.034
11.647
63.588
124.873
3.066
9.836
13.460
26.075
18.570
7.277
18.405
0.961
9.191
0.034
0.546
7.287
4.710
0.034
0.082
0.000
0.007
5.258
12.654
6.880
20.975
6.631
4.569
11.117
1.130
1.938
1.711
3.148
3.576
32.041
5.176
13.014
13.865
42.481
7.416
6.786
1.817
0.481
2.189
2.341
5.799
1.687
1.341
1.112
0.598
0.000
0.573
1.902
9.113
5.845
0.225
0.017
4.098
11.905
4.764
2.307
6.475
16.425
9.992
13.817
11.915
10.312
5.656
4.664
0.319
2.074
1.054
0.649
0.407
0.010
0.000
0.000
0.000
0.000
0.000
0.162
0.815
4.892
6.848
0.769
2.566
0.021
1.936
0.000
0.278
0.041
0.000
0.000
0.000
0.000
0.000
0.000
0.000
0.000
0.000
0.000
0.000
0.000
0.000
0.000
0.000
0.000
0.000
0.000
0.000
0.000
0.000
0.000
0.000
0.000
0.000
0.000
0.000
0.000
0.000
0.000
0.000
0.000
0.000
0.000
0.000
0.000
0.000
0.000
0.000
0.000
0.000
0.000
0.000
0.000
0.000
0.000
0.000
0.000
0.000
0.000
0.000
0.000
0.000
0.000
0.000
0.000
0.000
0.000
0.000
0.000
0.000
0.000
0.000
0.000
0.000
0.000
0.000
0.000
0.000
0.000
0.000
0.000
0.000
0.000
0.000
0.000
0.000
0.000
0.000
0.000
0.000
0.000
0.000
0.000
0.000
0.000
0.000
0.000
0.000
0.000
0.000
0.000
0.000
0.000
0.000
0.000
0.000
0.000
0.000
0.000
0.000
0.000
0.000
0.000
0.000
0.000
0.000
0.000
0.000
0.000
0.000
0.000
0.000
0.000
0.000
0.000
0.000
0.000
0.000
0.000
0.000
0.000
0.000
0.000
0.000
0.000
0.000
0.007
0.000
0.000
0.000
0.000
0.000
0.000
0.000
0.000
0.000
0.000
0.000
0.000
0.000
0.000
0.000
0.000
0.000
0.000
0.000
0.000
0.000
0.000
0.000
0.000
0.000
0.000
0.000
0.000
0.000
0.000
0.000
0.000
0.000
0.000
0.000
0.000
0.000
0.000
0.180
0.000
0.000
0.000
0.000
0.000
0.000
0.000
0.000
0.000
0.000
0.000
0.000
0.000
0.000
0.000
0.000
0.021
0.000
0.000
0.000
0.000
0.479
0.014
0.000
0.000
0.000
0.000
0.000
0.000
0.000
0.000
0.000
0.000
0.000
0.000
0.000
0.000
0.000
0.000
0.000
0.000
0.000
0.000
0.000
0.000
0.000
0.000
0.000
0.000
0.000
0.000
0.000
0.000
0.113
0.007
0.000
0.103
0.405
0.000
0.000
0.000
0.000
0.000
0.000
0.000
0.000
0.000
0.000
0.000
0.000
0.000
0.000
0.000
0.000
0.000
0.000
0.000
0.000
0.000
0.766
1.109
0.079
0.000
0.577
0.182
1.686
7.642
0.175
1.476
6.161
42.541
16.274
10.154
1.044
0.419
0.371
0.065
0.645
0.570
0.055
0.017
0.034
0.213
1.384
4.151
1.662
0.282
2.530
8.411
12.018
4.467
2.510
0.276
0.469
0.000
2.929
2.632
5.083
23.950
16.323
19.214
1.406
0.130
0.010
0.000
0.000
0.000
0.000
3.284
1.775
0.003
0.285
22.309
0.366
2.498
42.069
57.891
5.807
15.927
6.642
8.671
18.574
3.636
18.950
24.094
6.197
0.554
0.562
1.947
1.657
12.216
96.929
3.080
4.973
0.385
0.027
0.359
0.103
0.173
0.000
0.000
0.007
0.276
0.039
6.648
0.038
0.536
0.000
0.000
0.000
0.000
0.000
0.000
0.000
0.000
3.680
8.077
5.376
0.007
0.000
2.829
8.693
10.379
2.726
14.753
7.714
3.201
16.828
17.630
6.224
0.124
3.373
0.367
0.003
0.007
0.000
0.000
0.000
0.031
0.000
0.000
0.000
0.000
0.000
0.000
0.000
0.000
0.443
0.000
0.000
0.000
0.000
0.000
0.000
0.000
0.000
0.000
0.000
0.000
0.000
0.000
0.000
0.000
0.000
0.000
0.000
0.000
0.000
0.000
0.000
0.000
0.000
0.000
0.000
0.000
0.000
0.000
0.000
0.000
0.000
0.000
0.000
0.000
0.000
0.000
0.000
0.000
0.000
0.000
0.165
2.108
0.000
0.000
0.000
0.000
0.000
0.000
0.000
0.000
0.000
0.000
0.017
0.591
0.000
0.000
0.000
0.000
0.000
0.000
0.000
0.000
0.000
0.000
0.000
0.000
0.000
0.000
0.000
0.000
0.000
0.000
0.000
0.000
0.000
0.000
0.000
0.000
0.000
0.000
0.000
0.000
0.000
0.000
0.000
0.000
0.000
0.000
0.000
0.000
0.000
0.000
0.199
0.017
0.024
0.000
0.000
0.000
0.000
0.000
0.000
0.000
0.000
0.000
0.000
0.000
0.000
0.000
0.000
0.000
0.000
0.000
0.000
0.000
0.000
0.000
0.000
0.000
0.000
0.000
0.000
0.000
0.000
0.000
0.000
0.000
0.000
0.000
0.000
0.000
0.000
0.000
0.000
0.000
0.000
0.000
0.000
0.000
0.000
0.000
0.000
0.000
0.000
0.000
0.000
0.000
0.000
0.000
0.000
0.000
0.000
0.000
0.000
0.000
0.000
0.000
0.000
0.000
0.000
0.000
0.000
0.000
0.000
0.000
0.000
0.000
0.000
0.000
0.000
0.000
0.000
0.000
0.000
0.000
0.000
0.000
0.000
0.000
0.467
0.566
0.000
0.000
0.000
0.000
0.000
0.000
0.000
0.000
0.000
0.000
0.000
0.000
0.000
0.000
0.000
0.000
0.000
0.000
0.000
0.000
0.000
0.000
0.000
0.000
0.000
0.000
0.000
0.000
0.000
0.000
0.000
0.000
0.000
0.000
0.000
0.000
0.000
0.000
0.000
0.000
0.000
0.000
0.000
0.000
0.000
0.000
0.000
0.000
0.000
0.000
0.000
0.000
0.000
0.213
0.093
0.010
0.007
0.000
0.000
0.000
0.000
0.000
0.000
0.000
0.000
0.000
0.046
0.036
0.000
0.050
0.276
0.526
0.000
0.000
0.000
0.000
0.000
0.069
15.523
0.000
0.000
24.021
15.607
0.875
0.000
0.021
0.000
0.067
0.021
0.000
0.000
0.000
0.000
117.102
23.149
0.055
3.094
5.652
76.578
8.726
14.417
21.453
26.058
0.966
2.995
6.509
5.649
40.769
7.067
3.759
2.657
0.924
1.330
2.720
0.887
0.473
0.931
0.812
0.175
0.000
0.376
0.051
0.242
0.282
3.986
4.410
0.000
1.106
3.114
0.007
0.391
0.561
0.000
0.000
0.000
0.000
0.479
0.281
0.000
0.000
0.045
2.319
1.232
30.008
22.716
7.836
1.632
0.161
4.436
5.212
2.657
2.118
1.545
0.673
0.000
0.014
0.007
0.000
0.003
0.000
0.000
0.000
0.000
0.000
0.000
0.000
0.000
0.000
0.000
0.000
0.000
0.000
0.000
0.000
0.000
0.000
0.683
0.000
0.000
2.774
13.396
3.694
0.000
0.000
0.000
0.000
0.000
0.000
0.735
0.000
0.000
0.000
0.000
0.000
0.000
0.000
0.000
0.000
0.000
0.000
0.000
0.000
0.000
0.000
0.000
0.000
0.000
0.000
0.000
0.000
0.000
0.000
0.000
0.000
0.000
0.000
0.000
0.000
0.115
3.214
0.414
0.000
0.000
0.000
0.000
0.000
0.000
0.000
0.000
0.000
0.000
0.000
0.000
0.000
0.000
0.000
0.000
0.000
0.000
0.000
0.000
0.000
0.000
0.000
0.000
0.000
0.000
0.000
0.000
0.000
0.000
0.000
0.000
0.000
0.000
0.000
0.000
0.000
0.000
0.000
0.000
0.000
0.000
0.000
0.000
0.000
1.193
0.161
0.000
0.000
0.000
0.000
0.000
0.000
0.000
0.000
0.000
0.000
0.000
0.000
0.000
0.000
0.000
0.000
0.000
0.000
0.000
0.000
0.000
0.000
0.000
0.000
0.000
0.000
0.000
0.000
0.000
0.000
0.000
0.000
0.000
0.000
0.000
0.000
0.000
0.000
0.000
0.039
0.026
0.000
0.000
0.000
0.000
0.000
0.000
0.000
0.000
0.000
0.000
0.000
0.000
0.172
0.000
0.000
0.000
0.000
0.000
0.000
0.000
0.000
0.000
0.000
0.000
0.000
0.000
0.000
0.000
0.000
0.000
0.000
0.000
0.000
0.000
0.000
0.000
0.000
0.000
0.000
0.000
0.000
0.000
0.000
0.000
0.000
0.000
0.000
0.000
0.000
0.000
0.000
0.000
0.000
0.000
0.000
0.000
0.000
0.000
0.000
0.000
0.000
0.000
0.000
0.000
0.000
0.000
0.000
0.000
0.000
0.000
0.000
0.000
0.000
0.000
0.000
0.000
0.000
0.000
0.000
0.000
0.000
0.000
0.000
0.000
0.000
0.000
0.000
0.000
0.000
0.000
0.000
0.000
0.000
0.000
0.000
0.000
0.000
0.000
0.000
0.000
0.000
0.000
0.000
0.000
0.000
0.000
0.000
0.000
0.000
0.000
0.000
0.000
0.024
2.208
0.000
0.857
0.062
0.810
0.043
0.000
0.000
0.000
0.000
0.000
0.003
0.783
17.582
2.123
0.000
0.000
0.000
0.000
0.000
0.000
1.114
1.265
0.309
0.000
0.189
0.000
0.000
0.000
0.064
0.302
3.768
4.381
3.572
26.729
11.428
1.293
4.250
1.555
0.496
7.979
3.862
0.175
0.079
0.848
0.527
2.297
0.120
3.008
10.075
11.180
6.248
3.557
0.391
8.463
2.026
0.189
2.538
11.858
24.427
8.841
2.956
11.618
6.324
9.774
17.815
6.623
3.004
6.866
1.202
6.503
15.388
12.064
6.757
1.160
8.278
3.258
4.305
2.159
10.626
12.703
0.045
0.326
2.808
12.572
8.871
1.837
4.211
3.425
15.580
0.858
2.391
2.390
6.149
7.351
16.449
12.583
5.455
24.266
7.553
1.195
0.910
3.725
12.191
4.865
1.040
0.010
0.000
0.000
0.000
0.000
0.000
0.000
0.000
0.000
0.000
0.000
0.000
0.000
0.000
0.000
0.000
0.000
0.000
0.000
0.000
0.000
0.000
0.000
0.000
0.000
0.621
0.072
0.000
0.000
0.000
0.000
0.211
1.171
0.034
0.000
0.000
0.000
0.000
0.000
0.000
0.000
0.000
0.000
0.000
0.000
0.000
0.000
0.000
0.000
0.000
0.000
0.000
0.000
0.117
0.000
0.076
0.395
7.584
8.223
0.340
1.899
10.090
0.319
0.017
0.000
0.000
2.798
2.532
2.798
0.491
0.000
0.000
0.000
0.000
0.000
0.000
0.000
0.000
0.000
0.000
0.000
0.000
0.000
0.000
0.000
0.000
0.000
0.000
0.000
0.000
0.000
0.000
0.000
0.000
0.000
0.000
0.000
0.000
0.000
0.000
0.000
0.000
0.024
1.492
1.411
0.000
0.000
0.000
0.000
0.000
0.000
0.000
0.000
0.000
0.000
0.000
0.000
0.000
0.000
0.000
0.000
0.000
0.000
0.000
0.000
0.000
0.000
0.000
0.000
0.000
0.000
0.000
0.000
0.003
0.000
0.000
0.000
0.000
0.000
0.002
0.000
0.000
0.000
0.000
0.014
0.000
0.000
0.002
0.002
0.000
0.000
0.845
0.415
0.000
0.000
0.000
0.000
0.000
0.000
0.000
0.000
0.000
0.000
0.000
0.000
0.000
0.002
0.000
0.000
0.000
0.000
0.000
0.000
0.000
0.000
0.002
0.000
0.002
0.002
0.000
0.000
0.000
0.000
0.000
0.000
0.000
0.000
0.000
0.002
0.002
0.000
0.002
0.000
0.000
0.000
0.002
0.000
0.000
0.000
0.000
0.000
0.000
0.000
0.000
0.000
0.000
0.000
0.000
0.002
0.000
0.000
0.000
0.000
0.000
0.000
0.000
0.000
0.000
0.002
0.000
0.000
0.000
0.000
0.000
0.000
0.000
0.000
0.000
0.000
0.000
0.000
0.000
0.000
0.000
0.000
0.000
0.000
0.000
0.000
0.000
0.000
0.000
0.000
0.000
0.000
0.000
0.031
0.003
0.003
0.000
0.000
0.000
0.000
0.000
0.000
0.000
0.000
0.000
0.000
0.000
0.000
0.000
0.000
0.000
0.000
0.000
0.003
0.000
0.106
5.507
6.750
1.978
0.000
2.180
0.597
0.549
1.679
0.263
33.678
6.640
47.274
0.094
4.341
65.786
16.366
6.554
0.185
1.284
0.323
1.253
4.642
6.952
21.751
7.371
9.520
1.160
33.031
12.528
5.581
11.419
26.571
7.819
17.741
21.344
25.808
3.883
0.522
0.120
1.885
34.078
4.872
1.263
3.145
2.915
2.432
6.116
23.176
42.352
4.951
8.329
54.835
4.860
2.139
0.038
12.037
95.598
13.273
10.159
6.952
7.457
7.402
26.190
29.416
4.199
3.474
2.736
13.067
4.110
13.493
10.257
3.804
16.740
18.673
7.062
4.752
11.285
24.925
42.277
48.843
48.697
23.827
17.080
36.059
25.351
18.117
6.473
2.942
4.192
7.735
10.967
15.113
1.645
0.089
7.969
6.257
6.394
0.704
6.667
4.278
1.916
4.213
3.076
1.027
0.759
4.357
0.124
0.045
0.336
0.048
0.002
0.000
0.002
0.000
0.000
0.000
0.000
0.000
0.000
0.000
0.000
0.000
0.000
0.000
0.000
0.002
0.000
0.000
0.000
0.000
0.000
0.000
0.000
0.000
0.000
0.000
0.000
0.000
0.002
0.000
0.000
0.000
0.002
0.000
0.000
0.000
0.000
0.000
0.000
0.000
0.000
0.000
0.000
0.000
0.000
0.000
0.000
0.000
0.000
0.000
0.000
0.000
0.000
0.000
0.000
0.000
0.002
0.000
0.000
0.000
0.000
0.000
0.000
0.000
0.000
0.000
0.000
0.000
0.000
0.000
0.002
0.000
0.000
0.000
0.000
0.000
0.000
0.000
0.000
0.000
0.000
0.000
0.000
0.000
0.000
0.000
0.000
0.000
0.000
0.000
0.000
0.000
0.000
0.000
0.000
0.000
0.000
0.000
0.000
0.000
0.003
0.000
0.000
0.000
0.000
0.000
0.000
0.002
0.000
0.000
0.002
0.000
0.000
0.000
0.000
0.000
0.000
0.000
0.000
0.003
0.000
0.000
0.000
0.000
0.000
0.000
0.000
0.007
0.000
0.000
0.000
0.000
0.000
0.000
0.000
0.000
0.000
0.000
0.002
0.000
0.000
0.000
0.000
0.000
0.000
0.000
0.000
0.000
0.000
0.000
0.000
0.002
0.000
0.000
0.000
0.000
0.000
0.000
0.000
0.000
0.000
0.000
0.000
0.000
0.000
0.000
0.000
0.000
0.002
0.000
0.000
0.000
0.000
0.000
0.000
0.000
0.000
0.000
0.000
0.000
0.000
0.000
0.000
0.000
0.000
0.000
0.031
0.003
0.000
0.000
0.000
0.000
0.000
0.000
0.000
0.000
0.000
0.000
0.000
0.000
0.000
0.000
2.741
0.000
0.000
0.000
0.000
0.000
0.000
0.000
0.000
0.000
0.000
0.000
0.000
0.000
0.000
0.000
0.003
5.043
3.687
0.000
0.002
0.000
0.000
0.000
0.000
0.000
0.000
0.000
0.000
0.000
0.000
0.000
0.000
0.000
0.000
0.000
0.000
0.000
0.000
0.000
0.000
0.000
0.000
0.000
0.000
0.000
0.000
0.000
0.000
0.000
0.000
0.000
1.847
0.323
2.812
8.329
5.981
0.003
0.000
0.000
0.000
0.158
0.021
0.000
0.000
0.000
0.000
0.014
0.003
0.000
0.000
0.003
1.269
0.360
0.003
11.247
43.279
2.604
1.552
11.046
13.039
55.062
100.817
9.124
22.821
1.267
0.601
4.317
3.471
6.827
0.704
0.652
0.175
3.794
0.014
0.611
3.749
0.304
0.851
3.423
5.861
4.855
10.245
11.628
18.715
4.405
0.268
0.498
6.106
16.634
23.125
24.197
10.579
20.040
4.585
20.193
77.011
2.571
3.510
6.231
3.196
1.294
6.334
2.396
9.338
21.066
7.194
10.231
5.601
7.467
19.367
0.434
6.999
7.642
13.784
8.696
15.989
6.317
12.675
24.754
60.933
20.788
3.337
0.488
5.854
4.800
4.178
4.151
1.057
0.048
1.119
1.160
0.045
2.880
6.659
3.909
4.019
4.113
1.593
0.000
0.000
0.000
0.000
0.000
0.000
0.000
0.000
0.130
0.000
0.000
0.000
0.000
0.000
0.000
0.000
0.000
0.000
0.000
0.000
0.000
0.000
0.000
0.000
0.000
0.000
0.000
0.000
0.002
0.000
0.000
0.000
0.000
0.000
0.002
0.000
0.000
0.000
0.000
0.000
0.000
0.000
0.000
0.000
0.000
0.002
0.000
0.000
0.000
0.000
0.000
0.002
0.000
0.000
0.000
0.000
0.000
0.002
0.000
0.000
0.000
0.000
0.000
0.000
0.000
0.000
0.000
0.000
0.003
0.000
0.000
0.000
0.000
0.000
0.000
0.000
0.000
0.000
0.002
0.000
0.000
0.000
0.000
0.000
0.000
0.000
0.000
0.000
0.000
0.000
0.000
0.002
0.000
0.000
0.000
0.000
0.000
0.000
0.000
0.000
0.000
0.000
0.000
0.000
0.000
0.000
0.000
0.000
0.000
0.000
0.000
0.000
0.000
0.000
0.056
0.000
0.000
0.000
0.002
0.000
0.000
0.002
0.000
0.000
0.000
0.000
0.000
0.000
0.000
0.000
0.000
0.000
0.000
0.000
0.000
0.000
0.000
0.000
0.000
0.000
0.000
0.045
1.239
0.076
0.000
0.000
0.000
0.000
0.000
0.000
0.000
0.003
0.000
0.000
0.000
0.000
0.000
0.000
0.000
0.000
0.000
0.000
0.000
0.000
0.000
0.000
0.000
0.002
0.002
0.000
0.000
0.003
0.000
0.000
0.000
0.000
0.000
0.000
0.002
0.000
0.000
0.000
0.000
0.007
0.000
0.000
0.000
0.000
0.000
0.000
0.000
0.000
0.000
0.000
0.000
0.130
0.019
0.000
0.000
0.000
0.000
0.000
0.000
0.000
0.046
0.031
0.055
0.154
0.007
0.000
0.000
0.000
0.000
0.000
0.000
0.000
0.000
0.003
0.000
0.000
0.000
0.000
0.000
0.000
0.000
0.000
0.000
0.000
0.000
0.000
0.000
0.000
0.000
0.000
0.000
0.000
0.000
0.000
0.000
0.000
0.002
0.000
0.000
0.000
0.000
0.000
0.000
0.000
0.000
0.019
0.171
0.000
0.000
67.145
19.322
1.737
0.383
0.064
0.000
7.456
0.696
0.074
0.000
1.643
6.011
11.484
0.017
0.000
0.000
0.053
0.127
0.000
0.654
1.299
0.918
0.000
0.189
0.307
1.662
0.185
0.345
0.956
3.047
5.476
15.666
10.008
11.989
6.400
8.751
3.361
1.914
3.490
46.513
7.764
29.757
7.828
4.310
5.521
5.479
22.048
0.518
1.277
10.904
5.826
13.065
3.588
15.554
2.139
9.089
48.858
15.659
3.718
3.334
4.027
13.688
8.171
33.467
7.824
10.114
6.664
4.645
17.760
9.225
8.676
5.284
12.947
7.428
3.636
12.040
22.759
9.829
12.318
18.723
23.909
8.073
0.333
0.051
0.656
0.412
2.585
2.010
5.812
2.493
2.017
0.802
0.203
3.550
4.096
0.070
0.002
0.000
0.007
1.071
0.000
0.038
0.666
0.002
0.017
0.003
0.000
34.274
28.437
19.497
22.968
3.509
6.310
2.335
12.459
14.816
6.520
3.945
10.636
3.468
0.525
0.364
1.983
7.608
12.744
4.583
0.415
0.930
0.154
0.937
0.117
0.000
0.000
0.000
0.000
0.000
0.000
0.000
0.000
0.000
0.000
0.000
0.000
0.000
0.002
0.000
0.000
0.000
0.000
0.000
0.000
0.000
0.000
0.000
0.000
0.000
0.000
0.000
0.001
0.000
0.000
0.000
0.000
0.000
0.000
0.000
0.000
0.000
0.000
0.000
0.000
0.000
0.000
0.000
0.000
0.000
0.000
0.000
0.000
0.002
0.000
0.000
0.000
0.000
0.000
0.002
0.000
0.000
0.000
0.000
0.000
0.003
0.002
0.000
0.000
0.002
0.000
0.000
0.000
0.000
0.000
0.000
0.000
0.000
0.002
0.000
0.000
0.000
0.000
0.007
0.000
0.141
0.000
0.000
0.000
0.000
0.000
0.000
0.000
0.000
0.000
0.000
0.000
0.000
0.000
0.000
0.000
0.000
0.000
18.151
2.477
0.000
0.002
0.000
0.000
0.000
0.000
0.000
0.000
0.000
0.000
0.000
0.000
0.000
0.000
0.000
0.000
0.000
0.000
0.000
0.000
0.000
0.000
0.000
0.000
0.000
0.000
0.000
0.000
0.000
0.000
0.000
0.000
0.000
0.002
0.000
0.000
0.000
0.002
0.000
0.000
0.002
0.000
0.000
0.000
0.000
0.000
0.003
0.000
0.000
0.000
0.000
0.000
0.000
0.000
0.000
0.000
0.000
0.000
0.002
0.000
0.000
0.000
0.000
0.000
0.000
0.000
0.000
0.000
0.000
0.000
0.000
0.003
0.002
0.000
0.000
0.000
0.000
0.000
0.000
0.000
0.000
0.000
0.000
0.000
0.000
0.000
0.003
0.014
0.000
0.000
0.000
0.000
0.000
0.000
0.000
0.000
0.000
0.000
0.003
0.000
0.000
0.000
0.110
0.003
0.000
0.002
0.000
0.000
0.000
0.000
0.000
0.311
0.057
0.079
0.017
0.000
0.000
0.000
0.000
0.000
0.000
0.000
0.000
0.000
0.000
0.000
0.000
0.000
0.000
0.002
0.000
0.003
0.000
0.000
0.002
0.000
0.007
0.000
0.000
1.596
1.040
0.000
0.000
0.388
0.034
0.000
0.000
0.000
0.000
0.000
0.000
0.494
0.165
0.010
0.000
0.000
0.000
0.002
0.048
0.000
0.000
0.122
0.000
0.002
0.000
0.000
0.000
0.003
0.000
1.030
9.843
7.627
9.740
1.586
3.447
3.715
3.207
7.237
1.068
0.168
7.042
35.579
31.946
44.835
21.394
10.483
20.522
7.313
6.983
0.220
