20000101
0.000
0.000
0.000
0.000
0.000
0.000
0.000
0.000
0.000
0.000
0.000
0.000
0.000
0.000
0.000
0.000
0.000
0.000
0.000
0.000
0.000
0.000
0.000
0.000
0.000
0.000
0.000
0.000
0.000
0.000
0.000
0.000
0.000
0.000
0.007
0.611
0.000
0.000
0.000
0.000
0.000
0.000
0.000
0.000
0.000
0.000
0.000
0.000
0.000
0.000
0.000
0.000
0.000
0.000
0.000
0.000
0.000
0.000
0.000
0.000
0.000
0.000
0.000
0.000
0.000
0.000
0.000
0.000
0.000
0.000
0.000
0.000
0.000
0.000
0.000
0.000
0.000
0.000
0.000
0.000
0.000
0.000
0.000
0.000
0.000
0.000
0.000
0.000
0.000
0.000
0.000
0.000
0.000
0.000
0.000
0.000
0.000
0.000
0.000
0.000
0.000
0.000
0.000
0.000
0.000
0.000
0.000
0.000
0.000
0.000
0.000
0.000
0.000
0.000
0.000
0.000
0.000
0.000
0.000
0.000
0.000
0.000
0.000
0.000
0.000
0.000
0.000
0.000
0.055
0.007
0.000
0.000
1.377
2.554
0.700
0.003
0.000
0.354
3.255
1.432
0.031
0.000
0.000
0.000
0.000
0.000
0.000
0.000
0.000
0.000
0.000
0.000
0.038
0.003
0.000
0.010
0.000
0.000
0.031
0.003
0.000
0.000
0.000
0.158
0.151
0.038
0.027
0.000
0.000
0.000
0.000
0.000
0.000
0.000
0.000
0.031
0.021
0.000
0.000
0.000
0.127
2.475
6.916
14.081
17.921
38.658
0.000
1.059
1.194
5.869
2.284
4.902
1.354
12.073
10.937
27.478
10.196
12.832
14.821
3.256
1.251
16.094
23.108
2.662
0.282
0.000
0.000
0.000
0.000
0.000
0.038
0.604
0.081
0.000
0.000
0.000
0.000
0.000
0.000
0.000
0.000
0.000
0.000
0.031
19.700
14.368
67.736
10.341
0.421
0.943
0.182
11.344
18.278
8.542
27.374
0.773
6.087
0.318
1.251
14.788
14.168
8.381
0.445
0.440
0.070
0.014
0.826
0.000
1.954
0.307
0.000
0.021
0.000
0.000
0.000
0.000
0.000
0.000
0.000
0.000
0.000
0.000
0.000
0.000
0.000
0.000
0.000
0.000
0.000
0.000
0.000
0.000
0.000
0.000
0.000
0.000
0.000
0.000
0.000
0.000
0.000
0.000
0.000
0.000
0.000
0.000
0.000
0.000
0.000
0.000
0.000
0.000
0.000
0.000
0.000
0.000
0.000
0.000
0.000
0.000
0.000
0.000
0.000
0.000
0.000
0.000
0.000
0.000
0.000
0.000
0.000
0.000
0.000
0.000
0.000
0.000
0.000
0.000
0.000
0.000
0.000
0.000
0.000
0.000
0.000
0.000
0.000
0.000
0.000
0.000
0.000
0.000
0.000
0.000
0.000
0.000
0.000
0.000
0.000
0.000
0.000
0.000
0.000
0.000
0.000
0.000
0.000
0.000
0.000
0.000
0.000
0.000
0.000
0.000
0.000
0.000
0.000
0.000
0.000
0.000
0.000
0.000
0.000
0.000
1.306
2.266
0.000
0.000
0.000
0.000
0.000
0.000
0.000
0.000
0.000
0.000
0.000
0.000
0.000
0.000
0.000
0.000
0.000
0.000
0.000
0.000
0.000
0.000
0.000
0.000
0.000
0.000
0.000
0.000
0.000
0.000
0.000
0.000
0.000
0.000
0.000
0.000
0.000
0.000
0.000
0.000
0.000
0.000
0.000
0.000
0.000
0.000
0.000
0.000
0.000
0.000
0.000
0.000
0.000
0.000
0.000
0.000
0.000
0.000
0.000
0.000
0.000
0.000
0.000
0.000
0.000
0.000
0.000
0.000
0.000
0.000
0.000
0.000
0.000
0.000
0.000
0.000
0.000
0.000
0.000
0.000
0.000
0.000
0.000
0.000
0.000
0.000
0.000
0.000
0.000
0.000
0.000
0.000
0.000
0.000
0.000
0.000
0.000
0.000
0.000
0.000
0.000
0.021
0.000
0.000
0.000
0.000
0.062
0.098
0.021
0.000
0.000
0.000
0.000
0.000
0.000
0.000
0.000
0.000
0.000
0.000
0.000
0.000
0.000
0.000
0.000
0.000
0.000
0.000
0.000
0.000
0.000
0.000
0.000
0.000
0.000
0.000
0.072
1.683
0.362
1.114
0.003
0.000
0.000
0.000
0.338
0.089
0.003
0.000
0.000
0.772
0.395
3.100
0.000
0.000
0.958
0.065
0.386
0.062
0.000
0.000
0.180
1.011
8.741
5.685
6.895
20.544
26.992
4.255
3.736
1.902
0.000
0.000
0.000
0.000
0.000
0.217
0.017
0.007
0.228
0.917
1.299
4.242
3.981
18.081
3.660
10.502
0.096
0.000
16.661
11.642
17.631
28.060
5.093
3.450
0.409
1.528
3.160
1.818
1.299
1.363
1.315
11.240
12.107
27.356
6.839
13.141
4.151
4.906
8.267
3.643
1.936
8.168
0.630
0.000
0.000
6.058
13.271
3.562
17.101
3.577
2.269
20.028
11.824
14.394
20.987
12.046
12.392
49.116
32.817
0.663
0.000
0.007
2.968
0.321
0.024
1.001
0.254
0.000
0.000
0.000
0.014
0.007
0.000
0.000
0.000
0.000
0.000
0.000
0.196
1.495
0.000
0.053
0.000
0.000
0.000
0.000
0.000
0.074
0.000
0.000
0.000
0.000
0.000
0.000
0.000
0.000
0.000
0.000
0.000
0.000
0.000
0.000
0.000
0.000
1.372
3.543
2.182
0.086
0.000
0.000
0.000
0.000
0.225
2.905
2.740
0.031
0.003
0.000
0.000
0.000
0.000
0.000
0.000
0.000
0.000
0.000
0.000
0.000
0.000
0.000
0.000
0.000
0.000
0.000
0.000
0.000
0.000
0.000
0.000
0.000
0.000
0.000
0.000
0.000
0.000
0.000
0.000
0.000
0.000
0.000
0.000
0.000
0.000
0.000
0.000
0.000
0.000
0.000
0.000
0.000
0.000
0.000
0.000
0.000
0.000
0.000
0.000
0.000
0.000
0.000
0.000
0.000
0.000
0.000
0.000
0.000
0.000
0.000
0.000
0.000
0.000
0.000
0.000
0.000
0.000
0.000
0.000
0.000
0.000
0.000
0.000
0.000
0.000
0.000
0.000
0.000
0.000
0.000
0.000
0.000
0.000
0.000
0.000
0.000
0.000
0.000
0.000
0.000
0.000
0.003
0.048
0.000
0.415
0.000
0.000
0.000
0.000
0.000
0.000
0.000
0.000
0.000
0.000
0.000
0.000
0.000
0.000
0.000
0.000
0.000
0.000
0.000
0.000
0.000
0.000
1.245
2.668
0.000
0.000
0.000
0.000
0.000
0.000
0.000
0.000
0.000
0.000
0.000
0.000
0.000
0.000
0.000
0.000
0.000
0.000
0.000
0.000
0.000
0.000
0.000
0.000
0.000
0.000
0.000
0.000
0.000
0.000
0.000
0.000
0.000
0.000
0.000
0.000
0.000
0.000
0.000
0.000
0.000
0.000
0.000
0.000
0.000
0.000
0.000
0.000
0.000
0.000
0.000
0.000
0.000
0.000
0.000
0.007
0.000
0.000
0.000
0.000
0.000
0.000
0.000
0.000
0.000
0.000
0.000
0.000
0.000
0.000
0.000
0.000
0.000
0.000
0.000
0.000
0.000
0.000
0.000
0.000
0.000
0.000
0.000
0.000
0.000
0.000
0.000
0.000
0.000
0.000
0.000
0.000
0.000
0.000
0.000
0.000
0.000
0.000
0.000
0.000
0.000
0.000
0.000
0.000
0.000
0.000
0.000
0.115
0.000
0.137
0.000
0.000
0.014
0.000
0.000
0.000
0.000
0.000
0.000
0.000
0.000
0.000
0.791
0.051
3.684
0.429
1.624
4.223
2.626
3.330
0.007
0.000
0.000
0.031
1.607
6.042
16.466
21.708
4.772
0.159
0.007
0.000
0.000
0.000
0.000
0.000
0.000
0.000
0.000
0.000
0.000
0.079
0.039
0.000
0.000
0.474
5.481
1.071
2.683
0.270
0.418
1.487
0.585
1.336
1.018
0.003
0.000
0.100
0.033
0.000
0.000
0.000
0.072
0.350
17.705
33.769
23.796
65.300
92.206
6.357
0.295
1.452
2.414
2.220
0.484
4.829
1.603
0.000
0.024
0.000
0.000
4.025
7.496
12.421
3.282
1.342
0.479
0.577
2.266
22.699
19.387
14.762
11.292
26.217
6.868
0.347
0.312
0.000
0.000
0.000
0.000
0.000
0.000
0.000
0.000
0.000
0.000
0.000
0.000
0.000
0.000
0.000
0.000
0.000
0.000
0.000
0.000
0.000
0.000
0.000
0.000
0.000
0.000
0.000
0.000
0.000
0.000
0.000
0.000
0.000
0.000
0.000
0.000
0.000
0.000
0.000
0.000
0.000
0.000
0.000
0.000
0.000
0.000
0.000
0.000
0.000
0.000
0.000
0.000
0.000
0.000
0.000
0.000
0.000
0.000
0.000
0.000
0.000
0.000
0.000
0.000
0.000
0.000
0.000
0.000
0.000
0.000
0.000
0.000
0.000
0.000
0.000
0.000
0.000
0.000
0.000
0.000
0.000
0.000
0.000
0.000
0.000
0.000
0.000
0.000
0.000
0.000
0.000
0.000
0.000
0.000
0.000
0.000
0.000
0.000
0.000
0.000
0.000
0.000
0.000
0.000
0.000
0.000
0.000
0.000
0.000
0.000
0.000
0.000
0.000
0.000
0.266
5.267
0.000
0.000
0.000
0.000
0.000
0.000
0.000
0.000
0.000
0.024
0.000
0.000
0.000
0.000
0.000
0.000
0.000
0.000
0.000
0.000
0.000
0.000
0.000
0.000
0.000
0.000
0.172
0.021
0.000
0.000
4.690
0.467
0.003
0.000
0.000
0.000
0.000
0.000
0.000
0.000
0.000
0.000
0.000
0.000
0.000
0.000
0.000
0.000
15.559
0.961
0.000
0.000
0.000
0.000
0.000
0.000
0.000
0.000
0.000
0.000
0.000
0.000
0.000
0.000
0.000
0.000
0.000
0.000
0.000
0.000
0.000
0.000
0.000
0.000
0.000
0.000
0.000
0.000
0.000
0.000
0.000
0.000
0.000
0.000
0.000
0.000
0.000
0.000
0.000
0.000
0.000
0.000
0.000
0.000
0.000
0.000
0.000
0.000
0.000
0.000
0.000
0.000
0.000
0.000
0.000
0.000
0.000
0.000
0.000
0.000
0.000
0.000
0.000
0.000
0.000
0.000
0.000
0.000
0.000
0.000
0.000
0.000
0.000
0.000
0.000
0.000
0.000
0.000
0.000
0.000
0.000
0.000
0.000
0.000
0.000
0.000
0.000
0.000
0.000
0.000
0.000
0.000
0.000
0.000
0.000
0.000
0.000
0.000
0.000
0.000
0.000
0.000
0.000
0.000
0.000
0.000
0.000
0.058
0.031
0.000
0.000
0.000
0.000
0.000
0.000
0.333
5.170
0.436
22.252
14.646
28.084
1.030
0.103
0.299
5.122
7.951
0.621
0.051
3.001
0.597
0.027
0.027
0.908
2.077
21.547
126.916
27.322
11.031
4.621
9.023
6.261
15.315
11.146
7.081
12.996
12.444
4.257
6.800
5.712
13.306
41.300
2.196
1.786
12.835
102.968
6.812
8.291
20.462
18.778
3.655
1.365
0.840
1.114
3.141
8.398
19.236
17.784
3.591
8.834
24.112
29.845
17.303
53.634
3.172
6.544
1.109
13.433
0.577
7.701
0.209
0.000
0.221
0.561
0.021
1.311
9.474
22.187
1.837
7.206
21.379
11.572
64.606
13.947
2.846
3.085
5.974
5.651
1.396
4.273
2.692
0.000
0.000
3.912
1.473
0.000
0.014
0.051
2.182
0.000
0.455
0.112
0.118
0.003
0.000
0.496
0.053
0.062
4.341
0.436
0.000
0.000
0.000
0.000
0.007
0.000
0.000
0.000
0.000
0.000
0.000
0.000
0.000
0.000
0.000
0.000
0.000
0.000
0.000
0.000
0.000
0.000
0.000
0.000
0.000
0.000
0.000
0.000
0.000
0.000
0.000
0.000
0.000
0.000
0.000
0.000
0.000
0.000
0.000
0.000
0.000
0.000
0.000
0.000
0.000
0.000
0.000
0.000
0.000
0.000
0.000
0.000
0.000
0.000
0.000
0.000
0.000
0.000
0.000
0.000
0.000
0.000
0.000
0.000
0.000
0.000
0.000
0.000
0.000
0.000
0.000
0.000
0.000
0.000
0.000
0.000
0.000
0.000
0.000
0.000
0.000
0.000
0.000
0.000
0.000
0.000
0.000
0.000
0.000
0.000
0.000
0.000
0.000
0.000
0.000
0.000
0.000
0.000
0.000
0.000
0.000
0.139
0.027
0.000
0.000
0.000
0.000
0.000
0.000
0.000
0.000
0.000
0.000
0.000
0.000
0.000
0.000
0.000
0.000
0.000
0.000
0.000
0.000
0.000
0.000
0.000
0.017
0.000
0.000
0.000
0.000
0.000
0.000
0.000
0.000
0.000
0.000
0.000
0.000
0.000
0.000
0.000
0.000
0.000
0.000
0.000
0.000
0.000
0.000
0.000
0.000
0.000
0.000
0.000
0.000
0.000
0.000
0.000
0.000
0.000
0.000
0.000
0.000
0.000
0.000
0.000
0.000
0.000
0.000
0.000
0.000
0.000
0.000
0.000
0.000
0.000
0.000
0.000
0.000
0.000
0.000
0.000
0.000
0.000
0.000
0.000
0.000
0.000
0.000
0.000
0.000
0.000
0.000
0.000
0.000
0.000
0.000
0.000
0.000
0.000
0.000
0.000
0.000
0.000
0.000
0.000
0.000
0.000
0.000
0.000
0.000
0.000
0.000
0.000
0.000
0.000
0.000
0.000
0.000
0.000
0.000
0.000
0.000
0.076
0.227
0.192
1.226
3.401
9.675
20.550
0.172
0.000
0.000
0.000
0.000
0.000
0.000
0.000
0.000
0.000
0.000
0.000
0.000
0.000
0.000
0.000
0.000
0.000
0.000
0.000
0.000
0.000
0.000
0.000
0.000
0.093
0.117
0.879
0.007
0.000
0.000
2.582
6.365
2.520
2.669
1.284
0.000
0.000
0.000
0.000
0.230
0.021
0.000
0.010
0.295
1.964
0.045
0.000
0.007
0.000
0.000
0.747
0.000
0.010
0.014
0.647
0.137
0.089
0.007
0.000
0.000
0.000
1.390
0.000
0.791
0.000
0.347
1.191
0.000
0.014
0.000
0.000
0.000
0.031
0.000
0.000
0.215
0.034
0.048
1.299
0.160
0.000
0.017
0.086
0.949
23.323
62.861
6.182
6.968
4.161
51.301
20.950
41.184
12.394
30.765
7.255
6.097
3.442
7.294
6.067
8.579
5.555
1.076
0.038
0.024
0.000
0.000
0.000
0.000
0.000
0.168
0.033
0.000
0.000
0.000
0.000
0.000
0.000
0.000
0.000
0.000
0.000
0.000
0.017
0.003
0.077
0.328
0.454
0.017
0.000
0.000
0.261
0.652
0.000
0.176
0.604
0.984
0.000
1.770
3.845
0.965
12.153
9.555
20.306
12.494
0.118
0.000
0.000
0.134
0.194
0.000
0.000
0.000
0.000
0.000
0.000
0.000
0.000
0.000
0.000
0.000
0.000
0.000
0.000
0.000
0.000
0.000
0.000
0.000
0.000
0.000
0.000
0.000
0.000
0.000
0.000
0.000
0.000
0.000
0.000
0.000
0.000
0.000
0.000
0.000
0.000
0.000
0.000
0.000
0.000
0.000
0.000
0.000
0.000
0.000
0.000
0.000
0.000
0.000
0.000
0.000
0.000
0.000
0.000
0.000
0.000
0.000
0.000
0.000
0.000
0.000
0.000
0.000
0.000
0.000
0.000
0.000
0.000
0.000
0.000
0.000
0.000
0.000
0.000
0.000
0.000
0.000
0.000
0.000
0.000
0.000
0.100
0.000
0.000
0.000
0.000
0.000
0.000
0.000
0.000
0.000
0.000
0.000
0.000
0.000
0.000
0.000
0.000
0.000
0.000
0.000
0.000
0.000
0.000
0.000
0.000
0.000
0.000
0.000
0.000
0.000
0.007
0.000
0.000
0.000
0.000
0.000
0.000
0.000
0.000
0.000
0.000
0.000
0.000
0.000
0.000
0.000
0.000
0.000
0.000
0.000
0.000
0.000
0.000
0.000
0.000
0.000
0.000
0.000
0.000
0.000
0.000
0.000
0.000
0.000
0.000
0.000
0.000
0.000
0.000
0.000
0.000
0.000
0.000
0.000
0.000
0.000
0.000
0.000
0.000
0.000
0.000
0.000
0.000
0.000
0.000
0.000
0.000
0.000
0.000
0.000
0.000
0.000
0.000
0.000
0.000
0.000
0.000
0.000
0.000
0.000
0.000
0.000
0.000
0.000
0.000
0.000
0.000
0.000
0.000
0.000
0.000
0.000
0.000
0.000
0.000
0.003
0.000
0.000
1.500
0.165
0.175
0.088
0.000
0.000
0.000
0.000
0.000
0.000
0.000
0.000
0.000
0.000
0.000
0.000
0.000
0.000
0.000
0.000
0.000
0.000
0.000
0.000
0.000
0.000
0.000
0.000
0.000
0.000
0.000
0.000
0.000
0.000
0.000
0.000
0.000
0.000
0.000
0.000
0.000
0.000
0.000
0.000
0.000
0.000
0.985
9.095
0.000
0.000
0.000
0.000
0.000
0.000
0.759
0.041
0.000
0.000
0.400
0.457
0.065
0.438
0.373
0.007
1.911
18.730
15.417
11.112
7.802
5.232
7.714
1.348
4.099
1.471
0.076
1.159
2.403
5.208
31.054
33.194
34.888
13.103
0.026
0.000
0.000
0.000
0.000
0.000
0.000
0.010
1.708
15.238
8.520
8.918
4.988
6.060
6.611
1.059
3.536
3.663
0.604
0.618
0.790
0.000
0.093
0.652
0.134
0.000
0.034
0.251
0.951
0.333
0.089
0.278
0.984
3.704
0.316
0.158
0.017
0.000
0.000
0.014
0.062
0.000
0.000
0.000
0.000
0.000
0.000
0.000
0.000
0.076
0.024
0.041
5.071
6.291
2.935
4.795
7.498
4.068
20.344
18.436
5.587
27.457
1.555
7.314
0.815
0.798
10.446
15.601
0.000
0.577
0.266
0.069
0.000
0.000
0.000
0.000
0.000
0.000
0.000
0.000
0.000
0.000
0.000
0.000
0.000
0.000
0.000
0.000
0.000
0.000
0.000
0.000
0.000
0.000
0.000
0.000
0.000
0.000
0.000
0.000
0.000
0.000
0.000
0.000
0.000
0.000
0.000
0.000
0.000
0.000
0.000
0.000
0.000
0.000
0.000
0.000
0.000
0.000
0.000
0.000
0.000
0.000
0.000
0.000
0.000
0.000
0.000
0.000
0.000
0.000
0.000
0.000
0.000
0.000
0.000
0.000
0.000
0.000
0.000
0.000
0.000
0.000
0.000
0.000
0.000
0.000
0.000
0.000
0.000
0.000
0.000
0.000
0.000
0.000
0.000
0.000
0.000
0.000
0.000
0.000
0.000
0.000
0.000
0.000
0.000
0.000
0.000
0.000
0.000
0.000
0.000
0.000
0.000
0.000
0.000
0.000
0.000
0.000
0.000
0.000
0.000
0.000
0.000
0.000
0.000
0.000
0.000
0.000
0.000
0.000
0.000
0.000
0.000
0.000
0.000
0.000
0.000
0.000
0.000
0.000
0.000
0.000
0.000
0.000
0.000
0.000
0.000
0.000
0.000
0.000
0.000
0.000
0.000
0.000
0.000
0.000
0.000
0.000
0.000
0.000
0.000
0.000
0.000
0.000
0.000
0.000
0.000
0.000
0.000
0.000
0.000
0.000
0.000
6.434
4.388
0.014
0.000
0.000
3.876
0.027
0.000
0.000
0.000
0.000
0.000
0.000
0.000
0.000
0.000
0.000
0.000
0.000
0.000
0.000
0.000
0.000
0.000
0.000
0.000
0.000
0.000
0.000
0.000
0.000
0.000
0.000
0.000
0.000
0.000
0.000
0.000
0.000
0.000
0.000
0.000
0.000
0.000
0.000
0.000
0.000
0.000
0.000
0.000
0.000
0.000
0.000
0.000
0.000
0.000
0.000
0.000
0.000
0.000
0.000
0.000
0.000
0.000
0.000
0.000
0.000
0.000
0.000
0.000
0.000
0.000
0.000
0.000
0.277
17.400
0.000
0.000
0.000
0.000
0.000
0.000
0.000
0.000
0.596
11.381
4.288
1.336
0.000
0.000
0.000
0.000
0.000
0.000
0.000
0.000
0.000
0.000
0.003
0.000
0.000
0.000
0.003
0.000
0.000
0.000
0.000
0.000
0.000
3.220
0.803
8.992
0.024
3.928
0.051
0.000
0.000
0.000
1.428
4.455
0.965
0.377
0.527
2.426
9.101
35.408
0.755
0.000
0.000
0.862
1.162
0.440
9.751
8.512
1.694
5.601
4.867
2.348
2.658
7.720
4.510
5.686
4.435
4.214
4.552
17.951
4.764
4.358
12.506
3.661
1.148
0.558
14.164
8.490
29.319
4.007
2.601
0.690
6.519
11.926
4.848
4.130
8.595
14.467
10.685
4.349
3.187
4.779
0.144
0.839
0.589
0.319
0.587
0.007
0.027
33.245
10.490
1.330
2.872
0.522
0.021
9.204
1.490
0.436
0.570
0.007
1.227
0.079
0.000
0.000
0.000
0.000
0.000
0.000
0.000
1.186
0.148
5.443
3.425
7.256
0.022
0.000
0.307
0.046
0.000
0.000
0.000
0.000
0.000
0.000
0.000
0.000
0.000
0.000
0.000
0.000
0.000
0.000
0.000
0.000
0.000
0.000
0.000
0.000
0.000
0.000
0.000
0.000
0.000
0.000
0.000
0.000
0.000
0.000
0.000
0.000
0.000
0.000
0.000
0.000
0.000
0.000
0.000
0.000
0.000
0.000
0.000
0.000
0.000
0.000
0.000
0.000
0.000
0.000
0.000
0.000
0.000
0.000
0.000
0.000
0.000
0.000
0.000
0.000
0.000
0.000
0.000
0.000
0.000
0.000
0.000
0.000
0.000
0.000
0.000
0.000
0.000
0.000
0.000
0.000
0.000
0.000
0.000
0.000
0.000
0.000
0.000
0.000
0.000
0.000
0.000
0.000
0.000
0.000
0.000
0.000
0.000
0.000
0.000
0.000
0.000
0.000
0.000
0.000
0.000
0.000
0.000
0.000
0.000
0.000
0.000
0.000
0.000
0.000
0.000
0.000
0.000
0.000
0.000
0.000
0.000
0.000
0.000
0.000
0.000
0.000
0.000
0.415
0.000
0.000
0.000
0.000
0.000
0.000
0.000
0.000
0.000
0.017
10.226
0.043
0.000
0.450
0.000
0.000
0.000
0.000
0.000
0.000
0.000
0.000
0.000
0.000
0.113
0.000
0.000
0.000
0.000
0.000
0.000
0.000
0.000
0.000
0.000
0.000
0.000
0.000
0.000
0.000
0.010
0.003
0.000
0.000
0.000
0.000
0.000
0.000
0.003
0.000
0.000
0.000
0.000
0.000
0.000
0.000
0.000
0.000
0.000
0.000
0.000
0.000
0.000
0.000
0.000
0.000
0.000
0.000
0.000
0.000
0.000
0.000
0.000
0.000
0.000
0.000
0.000
0.000
0.000
0.000
0.000
0.000
0.000
0.000
0.000
0.000
0.000
0.000
0.000
0.000
0.000
0.000
0.000
0.000
0.000
0.000
0.000
0.000
0.000
0.000
0.000
0.000
0.000
0.000
0.000
0.000
0.000
0.000
0.000
0.000
0.000
0.000
0.000
0.000
0.000
0.000
0.000
0.000
0.000
0.000
0.000
0.000
0.000
0.003
1.336
3.869
0.031
0.000
0.000
0.000
0.000
0.000
0.000
0.000
0.000
2.901
1.614
0.477
0.000
7.567
8.947
0.558
0.398
0.007
0.350
10.375
1.287
15.618
0.179
3.533
0.592
0.199
4.671
42.191
114.607
12.013
18.280
10.159
11.668
5.912
5.263
20.646
1.745
0.108
0.117
3.996
3.370
6.429
0.046
0.141
0.484
0.062
1.892
10.028
8.446
13.553
4.443
7.663
10.767
0.515
4.503
2.412
2.129
5.512
52.659
15.618
14.655
17.005
34.154
2.917
3.152
1.054
0.445
0.978
1.233
3.650
1.214
0.316
0.515
0.466
0.014
1.708
3.859
11.936
1.720
0.302
0.021
4.190
13.003
3.481
2.757
2.522
16.661
9.486
12.229
7.318
9.438
1.990
6.580
4.032
2.287
0.488
0.536
0.300
0.017
0.003
0.031
0.014
0.000
0.000
0.069
0.058
0.057
6.620
3.035
2.887
0.036
2.379
0.000
1.054
0.031
0.000
0.000
0.000
0.000
0.000
0.000
0.000
0.000
0.000
0.000
0.000
0.000
0.000
0.000
0.000
0.000
0.000
0.000
0.000
0.000
0.000
0.000
0.000
0.000
0.000
0.000
0.000
0.000
0.000
0.000
0.000
0.000
0.000
0.000
0.000
0.000
0.000
0.000
0.000
0.000
0.000
0.000
0.000
0.000
0.000
0.000
0.000
0.000
0.000
0.000
0.000
0.000
0.000
0.000
0.000
0.000
0.000
0.000
0.000
0.000
0.000
0.000
0.000
0.000
0.000
0.000
0.000
0.000
0.000
0.000
0.000
0.000
0.000
0.000
0.000
0.000
0.000
0.000
0.000
0.000
0.000
0.000
0.000
0.000
0.000
0.000
0.000
0.000
0.000
0.000
0.000
0.000
0.000
0.000
0.000
0.000
0.000
0.000
0.000
0.000
0.000
0.000
0.000
0.000
0.000
0.000
0.000
0.000
0.000
0.000
0.000
0.000
0.000
0.000
0.000
0.000
0.000
0.000
0.000
0.000
0.000
0.000
0.000
0.000
0.000
0.000
0.000
0.021
0.000
0.000
0.000
0.000
0.000
0.000
0.000
0.000
0.000
0.000
0.000
0.000
0.000
0.000
0.000
0.000
0.000
0.000
0.000
0.000
0.000
0.000
0.000
0.000
0.000
0.000
0.000
0.000
0.000
0.000
0.000
0.000
0.000
0.000
0.000
0.000
0.000
0.000
0.194
0.000
0.000
0.000
0.000
0.000
0.000
0.000
0.000
0.000
0.000
1.500
0.000
0.000
0.000
0.000
0.000
0.027
0.017
0.000
0.000
0.003
0.427
0.084
0.000
0.000
0.000
0.000
0.000
0.000
0.000
0.000
0.000
0.000
0.000
0.000
0.000
0.000
0.000
0.000
0.000
0.000
0.000
0.000
0.000
0.000
0.000
0.000
0.000
0.000
0.000
0.000
0.000
0.000
0.089
0.007
0.000
0.000
0.312
0.000
0.000
0.000
0.000
0.000
0.000
0.000
0.000
0.000
0.000
0.000
0.000
0.000
0.014
0.000
0.000
0.000
0.000
0.000
0.000
0.000
1.263
3.289
1.013
0.000
0.031
0.179
3.656
22.429
0.103
2.956
9.122
42.356
39.959
5.352
0.391
1.421
0.669
0.227
3.777
3.601
0.549
0.113
0.017
0.879
0.237
4.219
0.230
3.049
1.123
17.430
12.052
0.457
8.909
0.165
0.000
0.000
4.091
2.700
9.840
19.796
20.678
64.613
1.455
1.998
0.031
0.000
0.000
0.003
0.000
1.289
0.115
0.000
0.129
9.177
1.523
7.490
38.794
34.472
9.163
12.926
9.798
3.826
10.044
9.192
17.945
22.500
4.238
0.623
0.625
2.323
1.258
12.026
72.067
1.203
4.094
1.380
0.124
0.374
0.072
0.388
0.000
0.000
0.000
0.000
0.000
0.000
0.000
0.299
0.000
0.000
0.000
0.000
0.000
0.000
0.000
0.000
3.959
10.332
5.692
0.000
0.000
4.086
6.139
7.333
1.792
11.821
7.196
10.813
13.192
18.790
15.762
0.330
0.831
0.003
0.079
0.007
0.000
0.000
0.000
0.000
0.000
0.000
0.000
0.000
0.000
0.000
0.000
0.000
0.230
0.036
0.000
0.000
0.000
0.000
0.000
0.000
0.000
0.000
0.000
0.000
0.000
0.000
0.000
0.000
0.000
0.000
0.000
0.000
0.000
0.000
0.000
0.000
0.000
0.000
0.000
0.000
0.000
0.000
0.000
0.000
0.000
0.000
0.000
0.000
0.000
0.000
0.000
0.000
0.000
0.000
0.182
1.265
0.000
0.000
0.000
0.000
0.000
0.000
0.000
0.000
0.000
0.000
0.000
0.089
0.000
0.000
0.000
0.000
0.000
0.000
0.000
0.000
0.000
0.000
0.000
0.000
0.000
0.000
0.000
0.000
0.000
0.000
0.017
0.000
0.000
0.000
0.000
0.000
0.000
0.000
0.000
0.000
0.000
0.000
0.000
0.000
0.000
0.000
0.000
0.000
0.000
0.000
2.362
0.103
0.191
0.000
0.000
0.000
0.000
0.000
0.000
0.000
0.000
0.000
0.000
0.000
0.000
0.000
0.000
0.000
0.000
0.000
0.000
0.000
0.000
0.000
0.000
0.000
0.000
0.000
0.000
0.000
0.000
0.000
0.000
0.000
0.000
0.000
0.000
0.000
0.000
0.000
0.000
0.000
0.000
0.000
0.000
0.000
0.000
0.000
0.000
0.000
0.000
0.000
0.000
0.000
0.000
0.000
0.000
0.000
0.000
0.000
0.000
0.000
0.000
0.000
0.000
0.000
0.000
0.000
0.000
0.000
0.000
0.000
0.000
0.000
0.000
0.000
0.000
0.000
0.021
0.000
0.000
0.000
0.000
0.000
0.000
0.000
0.051
0.776
0.000
0.000
0.000
0.000
0.000
0.000
0.000
0.000
0.000
0.000
0.000
0.000
0.000
0.000
0.000
0.000
0.000
0.000
0.000
0.000
0.000
0.000
0.000
0.000
0.000
0.000
0.000
0.000
0.000
0.000
0.000
0.000
0.000
0.000
0.000
0.000
0.000
0.000
0.000
0.000
0.000
0.000
0.000
0.000
0.000
0.000
0.000
0.000
0.000
0.000
0.000
0.000
0.000
0.000
0.031
0.003
0.017
0.000
0.000
0.000
0.000
0.000
0.000
0.000
0.000
0.000
0.000
0.000
0.000
0.014
0.077
0.827
0.000
0.000
0.000
0.000
0.000
0.513
5.026
0.000
0.000
14.110
6.722
1.047
0.000
0.000
0.000
0.000
0.000
0.000
0.000
0.000
0.000
52.091
28.566
0.319
4.576
2.590
62.636
8.151
14.402
20.756
8.314
0.340
2.829
14.265
8.424
27.982
5.747
2.713
3.071
0.561
1.348
2.452
0.918
0.265
0.706
0.867
0.058
0.000
0.405
0.038
0.506
0.256
3.442
4.024
0.000
4.965
1.203
0.000
1.861
5.680
0.898
0.711
0.039
0.000
0.000
0.031
0.000
0.000
0.000
0.282
6.408
25.809
16.488
1.926
1.212
2.417
3.674
7.086
2.046
0.941
0.223
0.048
0.000
0.314
0.051
0.000
0.007
0.000
0.000
0.000
0.000
0.000
0.000
0.000
0.000
0.000
0.000
0.000
0.000
0.000
0.000
0.000
0.000
0.000
0.405
0.000
0.000
3.008
22.470
7.224
0.000
0.000
0.000
0.000
0.000
0.000
0.000
0.000
0.515
0.000
0.000
0.000
0.000
0.000
0.000
0.000
0.000
0.000
0.000
0.000
0.000
0.000
0.000
0.000
0.000
0.000
0.000
0.000
0.000
0.000
0.000
0.000
0.000
0.000
0.000
0.000
0.098
5.055
0.690
0.000
0.000
0.101
0.010
0.000
0.000
0.000
0.000
0.000
0.000
0.000
0.000
0.000
0.000
0.000
0.000
0.000
0.000
0.000
0.000
0.000
0.000
0.000
0.000
0.000
0.000
0.000
0.000
0.000
0.000
0.000
0.000
0.000
0.000
0.000
0.000
0.000
0.000
0.000
0.000
0.000
0.000
0.000
0.000
0.000
0.848
0.306
0.000
0.000
0.000
0.000
0.000
0.000
0.000
0.000
0.000
0.000
0.000
0.000
0.000
0.000
0.000
0.000
0.000
0.000
0.000
0.000
0.000
0.000
0.000
0.000
0.000
0.000
0.000
0.000
0.000
0.000
0.000
0.000
0.000
0.000
0.000
0.000
0.000
0.000
0.000
0.144
0.119
0.000
0.077
0.000
0.000
0.000
0.000
0.000
0.000
0.000
0.000
0.000
0.000
0.137
0.000
0.000
0.000
0.000
0.000
0.000
0.000
0.000
0.000
0.000
0.000
0.000
0.000
0.000
0.000
0.000
0.000
0.000
0.000
0.000
0.000
0.000
0.000
0.000
0.000
0.000
0.000
0.000
0.000
0.000
0.000
0.000
0.000
0.000
0.000
0.000
0.000
0.000
0.000
0.000
0.000
0.000
0.000
0.000
0.000
0.000
0.000
0.000
0.000
0.000
0.000
0.000
0.000
0.000
0.000
0.000
0.000
0.000
0.000
0.000
0.000
0.000
0.000
0.000
0.000
0.000
0.000
0.000
0.000
0.000
0.000
0.000
0.000
0.000
0.000
0.000
0.000
0.000
0.000
0.000
0.000
0.000
0.000
0.000
0.000
0.000
0.000
0.000
0.000
0.000
0.000
0.000
0.000
0.000
0.000
0.000
0.000
0.000
0.000
0.000
4.633
0.158
0.701
0.100
0.556
0.026
0.010
0.000
0.000
0.000
0.000
0.051
0.403
11.340
1.263
0.000
0.000
0.000
0.000
0.014
0.213
1.504
0.112
0.014
0.762
0.041
0.000
0.000
0.000
0.216
0.097
0.295
4.613
1.662
27.136
14.239
9.361
12.795
0.486
0.673
6.025
2.130
0.101
0.388
1.227
2.139
4.707
0.130
3.691
3.799
14.296
10.533
9.134
0.732
1.131
0.632
0.069
0.188
14.609
15.728
4.789
2.537
7.076
2.544
19.049
15.165
11.779
3.979
4.010
2.005
15.357
26.649
8.363
9.764
1.641
9.716
2.517
8.384
3.612
16.840
8.913
0.058
2.578
6.557
5.318
9.194
2.578
6.180
1.859
19.113
2.554
1.207
2.390
6.640
9.033
18.996
18.505
7.100
23.545
5.950
0.694
0.611
8.453
12.768
4.326
0.505
0.000
0.000
0.069
0.000
0.000
0.000
0.000
0.000
0.000
0.000
0.000
0.000
0.000
0.000
0.000
0.000
0.000
0.000
0.000
0.000
0.000
0.000
0.000
0.000
0.000
0.000
0.000
0.000
0.000
0.000
0.000
0.072
2.913
0.055
0.000
0.000
0.000
0.000
0.000
0.000
0.000
0.000
0.000
0.000
0.000
0.000
0.000
0.000
0.000
0.000
0.000
0.000
0.000
0.254
0.649
1.912
0.378
4.185
7.944
2.369
7.220
11.264
0.601
0.077
0.000
0.000
5.277
5.164
2.273
0.659
0.003
0.000
0.000
0.000
0.000
0.000
0.000
0.000
0.000
0.000
0.000
0.000
0.000
0.000
0.000
0.000
0.000
0.000
0.000
0.000
0.000
0.000
0.000
0.000
0.000
0.000
0.000
0.000
0.000
0.000
0.000
0.000
0.031
0.400
1.981
0.000
0.000
0.000
0.000
0.000
0.000
0.000
0.000
0.000
0.000
0.000
0.000
0.000
0.000
0.000
0.000
0.000
0.000
0.000
0.000
0.000
0.000
0.000
0.000
0.000
0.000
0.000
0.000
0.003
0.000
0.000
0.000
0.000
0.000
0.002
0.000
0.000
0.000
0.000
0.100
0.000
0.000
0.002
0.002
0.000
0.000
0.306
0.354
0.000
0.000
0.000
0.000
0.000
0.000
0.000
0.000
0.000
0.000
0.000
0.000
0.000
0.002
0.000
0.000
0.000
0.000
0.000
0.000
0.000
0.000
0.002
0.000
0.002
0.002
0.000
0.000
0.000
0.000
0.000
0.000
0.000
0.000
0.000
0.002
0.002
0.000
0.002
0.000
0.000
0.000
0.002
0.000
0.000
0.000
0.000
0.000
0.000
0.000
0.000
0.000
0.000
0.000
0.000
0.002
0.000
0.000
0.000
0.000
0.000
0.000
0.000
0.000
0.000
0.002
0.000
0.000
0.000
0.000
0.000
0.000
0.000
0.000
0.000
0.000
0.000
0.000
0.000
0.000
0.000
0.000
0.000
0.000
0.000
0.000
0.000
0.000
0.000
0.000
0.000
0.000
0.000
0.000
0.045
0.031
0.000
0.000
0.000
0.000
0.000
0.000
0.000
0.000
0.003
0.000
0.000
0.000
0.000
0.000
0.000
0.000
0.000
0.007
0.000
0.069
4.882
2.681
1.380
0.010
4.228
1.344
0.125
2.602
0.247
23.056
16.843
93.863
0.065
17.350
58.216
10.186
2.273
0.017
2.733
3.746
1.881
1.150
13.132
30.700
8.863
18.196
6.877
4.999
12.981
1.270
13.663
37.755
14.548
30.681
16.092
6.393
3.866
2.481
0.034
5.689
32.784
1.272
2.980
5.294
3.540
11.397
25.210
43.810
44.594
12.181
3.735
61.657
1.488
4.316
0.278
37.879
130.264
24.314
10.890
4.810
3.262
1.916
9.532
23.569
3.674
3.495
10.672
12.813
9.067
23.712
11.500
2.819
22.505
19.710
30.185
20.761
11.532
19.096
33.362
28.975
42.740
9.538
12.816
26.650
17.012
4.707
2.048
1.596
2.661
7.955
6.473
24.451
0.944
8.449
14.499
7.050
9.618
5.658
10.305
7.405
2.611
3.100
1.195
0.772
2.444
1.967
0.292
0.093
0.055
0.003
0.002
0.000
0.002
0.000
0.000
0.000
0.000
0.000
0.000
0.000
0.000
0.000
0.000
0.000
0.000
0.002
0.000
0.000
0.000
0.000
0.000
0.000
0.000
0.000
0.000
0.000
0.000
0.000
0.002
0.000
0.000
0.000
0.002
0.000
0.000
0.000
0.000
0.000
0.000
0.000
0.000
0.000
0.000
0.000
0.000
0.000
0.000
0.000
0.000
0.000
0.000
0.000
0.000
0.000
0.000
0.000
0.002
0.000
0.000
0.000
0.000
0.000
0.000
0.000
0.000
0.000
0.000
0.000
0.000
0.000
0.002
0.000
0.000
0.000
0.000
0.000
0.000
0.000
0.000
0.000
0.000
0.000
0.000
0.000
0.000
0.000
0.000
0.000
0.000
0.000
0.000
0.000
0.000
0.000
0.000
0.000
0.000
0.000
0.000
0.000
0.003
0.000
0.000
0.000
0.000
0.000
0.000
0.002
0.000
0.000
0.002
0.000
0.000
0.000
0.000
0.000
0.000
0.000
0.000
0.003
0.000
0.000
0.000
0.000
0.000
0.000
0.000
0.003
0.000
0.000
0.000
0.000
0.000
0.000
0.000
0.000
0.000
0.000
0.002
0.000
0.000
0.000
0.000
0.000
0.000
0.000
0.000
0.000
0.000
0.000
0.000
0.002
0.000
0.000
0.000
0.000
0.000
0.000
0.000
0.000
0.000
0.000
0.000
0.000
0.000
0.000
0.000
0.000
0.002
0.000
0.000
0.000
0.000
0.000
0.000
0.000
0.000
0.000
0.000
0.000
0.000
0.000
0.000
0.000
0.000
0.000
0.069
0.096
0.000
0.000
0.000
0.000
0.000
0.000
0.079
0.007
0.000
0.017
0.000
0.000
0.000
0.000
2.563
0.000
0.003
0.000
0.000
0.000
0.000
0.000
0.000
0.000
0.000
0.000
0.000
0.000
0.000
0.000
0.244
23.353
5.445
0.062
0.002
0.000
0.000
0.000
0.000
0.000
0.000
0.017
0.000
0.000
0.000
0.000
0.000
0.000
0.000
0.000
0.000
0.000
0.000
0.000
0.000
0.000
0.000
0.000
0.000
0.000
0.000
0.000
0.000
0.000
0.003
0.000
1.483
0.106
1.126
0.690
1.401
0.000
0.000
0.000
0.007
0.041
0.000
0.000
0.000
0.000
0.000
0.031
0.014
0.000
0.000
0.541
0.503
0.096
0.141
3.073
15.688
0.875
0.508
10.373
43.214
25.608
37.055
21.286
79.843
0.721
1.476
8.993
2.911
3.737
0.189
0.364
0.089
5.531
0.196
1.353
2.180
0.074
2.015
3.303
4.041
7.237
13.431
17.156
25.004
7.646
0.076
1.243
3.020
13.817
29.067
28.448
8.808
7.787
11.687
27.914
53.582
4.673
2.398
4.923
6.499
2.894
17.156
2.922
13.129
11.738
10.592
8.600
4.473
8.645
12.591
0.712
10.398
11.694
9.421
9.376
13.184
7.869
7.241
11.896
19.245
8.367
1.837
0.113
10.389
5.450
0.409
0.597
0.563
0.007
0.721
0.076
0.113
1.425
1.564
2.556
0.812
2.880
1.164
0.003
0.000
0.000
0.000
0.000
0.000
0.000
0.000
0.024
0.000
0.000
0.000
0.000
0.000
0.000
0.000
0.000
0.000
0.000
0.000
0.000
0.000
0.000
0.000
0.000
0.000
0.000
0.000
0.002
0.000
0.000
0.000
0.000
0.000
0.002
0.000
0.000
0.000
0.000
0.000
0.000
0.000
0.000
0.000
0.000
0.002
0.000
0.000
0.000
0.000
0.000
0.002
0.000
0.000
0.000
0.000
0.000
0.002
0.000
0.000
0.000
0.000
0.000
0.000
0.000
0.000
0.000
0.000
0.003
0.000
0.000
0.000
0.000
0.000
0.000
0.000
0.000
0.000
0.002
0.000
0.000
0.000
0.000
0.000
0.000
0.000
0.000
0.000
0.000
0.000
0.000
0.002
0.000
0.000
0.000
0.000
0.000
0.000
0.000
0.000
0.000
0.000
0.000
0.000
0.000
0.000
0.000
0.000
0.000
0.000
0.000
0.000
0.000
0.000
0.005
0.000
0.000
0.000
0.002
0.000
0.000
0.002
0.000
0.000
0.000
0.000
0.000
0.000
0.000
0.000
0.000
0.000
0.003
0.000
0.000
0.000
0.000
0.000
0.000
0.000
0.000
0.041
0.707
0.419
0.000
0.000
0.000
0.000
0.000
0.000
0.000
0.003
0.000
0.000
0.000
0.000
0.000
0.000
0.000
0.000
0.000
0.000
0.000
0.000
0.000
0.000
0.000
0.002
0.002
0.000
0.000
0.034
0.007
0.000
0.000
0.000
0.000
0.000
0.002
0.000
0.000
0.000
0.000
0.110
0.000
0.000
0.000
0.000
0.000
0.000
0.000
0.000
0.000
0.000
0.000
0.038
0.010
0.000
0.000
0.000
0.000
0.000
0.000
0.000
0.038
0.007
0.000
0.130
0.000
0.000
0.000
0.000
0.000
0.000
0.000
0.000
0.000
0.003
0.000
0.000
0.000
0.000
0.000
0.000
0.000
0.000
0.000
0.000
0.000
0.000
0.000
0.000
0.000
0.000
0.000
0.000
0.000
0.000
0.000
0.000
0.002
0.000
0.000
0.000
0.000
0.000
0.000
0.000
0.000
0.000
0.000
0.000
0.000
9.778
1.414
0.266
0.094
0.011
0.000
6.853
0.410
2.065
0.000
1.986
0.254
7.620
0.110
0.000
0.003
1.593
0.556
0.003
0.896
2.185
0.525
0.012
0.244
0.039
0.862
0.343
1.696
0.702
0.978
1.758
21.379
10.138
18.436
4.961
12.878
6.621
1.612
24.132
55.814
10.126
51.782
11.240
15.257
11.295
9.541
14.514
0.855
0.652
8.032
6.430
6.887
2.781
18.562
6.602
7.507
95.523
11.663
3.330
8.576
20.246
24.723
13.252
33.917
15.930
38.706
12.617
7.423
34.916
7.550
3.361
7.886
17.808
17.561
9.215
8.396
36.229
13.826
20.819
12.780
21.255
16.071
1.229
0.247
1.463
1.493
2.692
3.020
5.160
2.441
2.563
0.367
0.007
0.862
0.815
0.033
0.002
0.000
0.000
0.549
0.000
0.000
1.682
0.328
0.000
0.003
0.000
38.837
15.175
13.778
8.041
3.334
0.903
0.024
3.432
8.406
5.524
5.332
7.249
1.868
1.057
0.093
6.990
8.264
14.042
4.110
1.394
0.000
0.014
1.888
0.089
0.000
0.000
0.000
0.000
0.000
0.000
0.000
0.000
0.000
0.000
0.000
0.000
0.000
0.002
0.000
0.000
0.000
0.000
0.000
0.000
0.000
0.000
0.000
0.003
0.000
0.000
0.000
0.001
0.000
0.000
0.000
0.000
0.000
0.000
0.000
0.000
0.000
0.000
0.000
0.000
0.000
0.000
0.000
0.000
0.000
0.000
0.000
0.000
0.002
0.000
0.000
0.000
0.000
0.000
0.002
0.000
0.000
0.000
0.000
0.000
0.003
0.002
0.000
0.000
0.002
0.000
0.000
0.000
0.000
0.000
0.000
0.000
0.000
0.015
0.000
0.000
0.120
0.017
0.124
0.000
0.165
0.000
0.000
0.000
0.000
0.000
0.000
0.000
0.000
0.000
0.000
0.000
0.000
0.000
0.000
0.000
0.000
0.000
17.455
4.257
0.034
0.002
0.000
0.000
0.000
0.000
0.000
0.000
0.000
0.000
0.000
0.000
0.000
0.000
0.000
0.000
0.000
0.000
0.000
0.000
0.000
0.000
0.000
0.000
0.000
0.000
0.000
0.000
0.000
0.033
0.000
0.038
0.000
0.048
0.065
0.003
0.000
0.002
0.000
0.000
0.002
0.000
0.000
0.000
0.000
0.000
0.003
0.000
0.000
0.000
0.000
0.000
0.000
0.000
0.000
0.000
0.000
0.000
0.002
0.000
0.000
0.000
0.000
0.000
0.000
0.000
0.000
0.000
0.000
0.000
0.000
0.003
0.002
0.000
0.000
0.000
0.000
0.000
0.000
0.000
0.000
0.000
0.000
0.000
0.000
0.000
0.000
0.000
0.000
0.000
0.000
0.000
0.000
0.000
0.000
0.000
0.000
0.000
0.003
0.000
0.000
0.000
0.244
0.000
0.000
0.002
0.000
0.000
0.000
0.000
0.048
0.474
0.010
0.151
0.000
0.000
0.000
0.000
0.000
0.000
0.000
0.000
0.000
0.000
0.000
0.000
0.000
0.000
0.000
0.002
0.000
0.003
0.000
0.024
0.002
0.000
0.003
0.000
0.000
0.405
2.812
0.000
0.161
1.655
0.000
0.000
0.000
0.477
0.048
0.000
0.137
0.694
0.182
0.027
0.010
0.000
0.000
0.002
0.127
0.000
0.007
0.000
0.000
0.002
0.000
0.000
0.000
0.007
0.010
0.106
24.870
6.763
9.630
0.645
3.936
1.112
4.676
0.639
1.675
0.106
5.507
86.469
18.787
31.218
18.857
28.970
23.500
0.688
0.721
0.113
