20000101
0.000
0.000
0.000
0.000
0.000
0.000
0.000
0.000
0.000
0.000
0.000
0.000
0.000
0.000
0.000
0.000
0.000
0.000
0.000
0.000
0.000
0.000
0.000
0.000
0.000
0.000
0.000
0.000
0.000
0.000
0.000
0.000
0.000
0.000
0.041
0.657
0.000
0.000
0.000
0.000
0.000
0.000
0.000
0.000
0.000
0.000
0.000
0.000
0.000
0.000
0.000
0.000
0.000
0.000
0.000
0.000
0.000
0.000
0.000
0.000
0.000
0.000
0.000
0.000
0.000
0.000
0.000
0.000
0.000
0.000
0.000
0.000
0.000
0.000
0.000
0.000
0.000
0.000
0.000
0.000
0.000
0.000
0.000
0.000
0.000
0.000
0.000
0.000
0.000
0.000
0.000
0.000
0.000
0.000
0.000
0.000
0.000
0.000
0.000
0.000
0.000
0.000
0.000
0.000
0.000
0.000
0.000
0.000
0.000
0.000
0.000
0.000
0.000
0.021
0.000
0.000
0.000
0.000
0.000
0.000
0.000
0.000
0.000
0.000
0.000
0.000
0.000
0.003
0.007
0.000
0.000
0.000
1.895
3.608
0.494
0.010
0.026
1.009
2.887
1.380
0.086
0.742
0.055
0.000
0.000
0.000
0.000
0.000
0.000
0.000
0.000
0.000
0.058
0.141
0.000
0.034
0.000
0.000
0.007
0.000
0.000
0.000
0.000
0.192
1.126
0.426
0.106
0.017
0.000
0.000
0.000
0.000
0.000
0.000
0.021
0.072
0.045
0.000
0.000
0.000
0.079
0.369
5.139
25.402
11.254
28.731
1.074
1.442
4.393
2.499
4.957
7.504
3.698
8.035
11.425
12.487
28.841
14.429
12.288
0.824
0.319
13.925
16.214
1.307
0.061
0.000
0.000
0.000
0.000
0.000
0.000
0.223
0.048
0.000
0.000
0.003
0.000
0.000
0.000
0.000
0.000
0.000
0.000
0.000
20.485
28.363
66.752
4.690
0.257
1.297
0.199
6.628
29.782
8.240
29.084
1.347
7.964
0.806
1.545
12.033
11.069
3.979
0.451
0.466
0.129
0.055
0.079
0.000
4.927
0.287
0.000
0.055
0.000
0.000
0.000
0.000
0.000
0.000
0.000
0.000
0.000
0.000
0.000
0.000
0.000
0.000
0.000
0.017
0.000
0.000
0.000
0.000
0.000
0.000
0.000
0.000
0.000
0.000
0.000
0.000
0.000
0.000
0.000
0.177
0.066
0.000
0.000
0.000
0.000
0.000
0.000
0.000
0.000
0.000
0.000
0.000
0.000
0.000
0.000
0.000
0.000
0.000
0.000
0.000
0.000
0.000
0.000
0.000
0.000
0.000
0.000
0.000
0.000
0.000
0.000
0.000
0.000
0.000
0.000
0.000
0.000
0.000
0.000
0.000
0.000
0.000
0.000
0.000
0.000
0.000
0.000
0.000
0.000
0.000
0.000
0.000
0.000
0.000
0.000
0.000
0.000
0.000
0.000
0.000
0.000
0.000
0.000
0.000
0.000
0.000
0.000
0.000
0.000
0.000
0.000
0.000
0.000
0.000
0.000
0.000
0.000
0.000
0.000
0.000
2.034
1.133
0.000
0.000
0.000
0.000
0.000
0.000
0.000
0.000
0.000
0.000
0.000
0.000
0.000
0.000
0.000
0.000
0.000
0.000
0.000
0.000
0.000
0.000
0.000
0.000
0.000
0.000
0.000
0.000
0.000
0.000
0.000
0.000
0.000
0.000
0.000
0.000
0.000
0.000
0.000
0.000
0.000
0.000
0.000
0.000
0.000
0.000
0.000
0.000
0.000
0.000
0.000
0.000
0.000
0.000
0.000
0.000
0.000
0.000
0.000
0.000
0.000
0.000
0.000
0.000
0.000
0.000
0.000
0.000
0.000
0.000
0.000
0.000
0.000
0.000
0.000
0.000
0.000
0.000
0.000
0.000
0.000
0.000
0.000
0.000
0.000
0.000
0.000
0.000
0.000
0.000
0.000
0.000
0.000
0.000
0.000
0.000
0.000
0.000
0.000
0.000
0.000
0.014
0.062
0.000
0.000
0.010
0.965
0.216
0.038
0.000
0.000
0.000
0.000
0.000
0.000
0.000
0.000
0.000
0.000
0.000
0.000
0.000
0.000
0.000
0.000
0.000
0.000
0.000
0.000
0.000
0.000
0.000
0.000
0.000
0.000
0.000
0.010
2.180
1.488
1.162
0.031
0.003
0.000
0.000
0.649
0.271
0.031
0.000
0.000
2.398
1.336
3.226
0.000
0.000
0.681
0.910
0.462
0.065
0.024
0.048
0.388
3.500
32.598
24.500
17.076
21.897
32.147
8.557
10.902
4.837
0.137
0.000
0.000
0.000
0.000
0.434
0.089
0.074
0.508
1.439
1.032
1.641
2.654
18.519
8.681
14.832
0.179
0.240
10.245
8.720
13.029
29.138
6.825
2.482
0.453
1.572
3.246
2.087
1.552
2.266
4.396
5.414
10.246
28.588
7.174
10.284
3.083
5.267
3.193
1.675
2.812
10.130
2.010
0.000
0.058
4.934
16.617
4.019
16.576
4.223
4.806
22.398
15.570
13.168
19.846
11.693
11.472
41.394
48.289
1.766
0.000
0.000
5.339
0.580
0.336
3.111
0.985
0.000
0.000
0.000
0.027
0.000
0.000
0.000
0.000
0.000
0.180
0.017
1.051
3.953
0.000
0.062
0.000
0.000
0.000
0.000
0.000
0.021
0.000
0.000
0.000
0.000
0.000
0.000
0.000
0.000
0.000
0.000
0.000
0.000
0.000
0.000
0.000
0.000
0.882
2.597
0.676
0.003
0.000
0.000
0.000
0.000
1.844
11.864
5.486
0.000
0.000
0.000
0.000
0.000
0.000
0.000
0.000
0.000
0.000
0.000
0.000
0.000
0.000
0.000
0.000
0.000
0.000
0.000
0.000
0.000
0.000
0.000
0.000
0.000
0.000
0.000
0.000
0.000
0.000
0.000
0.000
0.000
0.000
0.000
0.000
0.000
0.000
0.000
0.000
0.000
0.000
0.000
0.000
0.000
0.000
0.000
0.000
0.000
0.000
0.000
0.000
0.000
0.000
0.000
0.000
0.000
0.000
0.000
0.000
0.000
0.000
0.000
0.000
0.000
0.000
0.000
0.000
0.000
0.000
0.000
0.000
0.000
0.000
0.000
0.000
0.000
0.000
0.000
0.000
0.000
0.000
0.000
0.000
0.000
0.000
0.000
0.000
0.000
0.000
0.000
0.000
0.000
0.000
0.000
0.003
0.000
0.378
0.000
0.000
0.000
0.000
0.000
0.000
0.000
0.000
0.000
0.000
0.000
0.000
0.000
0.000
0.000
0.000
0.000
0.000
0.000
0.000
0.000
0.000
2.204
4.870
0.000
0.000
0.000
0.000
0.000
0.000
0.000
0.000
0.000
0.000
0.000
0.000
0.000
0.000
0.000
0.000
0.000
0.000
0.000
0.000
0.000
0.000
0.000
0.000
0.000
0.000
0.000
0.000
0.000
0.000
0.088
0.000
0.000
0.000
0.000
0.000
0.000
0.000
0.000
0.000
0.000
0.000
0.000
0.000
0.000
0.000
0.000
0.000
0.000
0.000
0.000
0.000
0.000
0.000
0.000
0.069
0.000
0.000
0.000
0.000
0.000
0.000
0.000
0.000
0.000
0.000
0.000
0.045
0.000
0.000
0.000
0.000
0.000
0.000
0.000
0.000
0.000
0.000
0.000
0.000
0.000
0.000
0.000
0.000
0.000
0.000
0.000
0.000
0.000
0.000
0.000
0.000
0.000
0.000
0.000
0.000
0.000
0.000
0.000
0.000
0.000
0.000
0.000
0.000
0.000
0.000
0.058
0.115
0.003
0.148
0.000
0.034
0.031
0.003
0.000
0.000
0.000
0.000
0.000
0.000
0.000
0.247
2.777
0.591
6.818
0.893
3.164
8.339
3.746
3.492
0.021
0.003
0.000
0.034
2.729
8.597
19.875
38.198
10.622
0.301
0.029
0.000
0.000
0.000
0.076
0.318
0.043
0.000
0.000
0.007
0.000
0.281
0.345
0.031
0.034
1.622
9.551
4.774
3.006
0.266
0.513
1.291
0.779
1.413
0.944
0.027
0.000
0.151
0.043
0.000
0.000
0.003
0.072
0.484
13.901
25.193
33.422
35.081
76.997
2.783
0.144
1.452
2.523
2.162
0.797
4.309
2.396
0.549
0.007
0.000
0.127
3.497
5.591
16.210
2.856
1.596
1.107
0.954
1.878
16.097
16.342
16.464
14.431
28.132
5.861
0.252
0.142
0.000
0.000
0.000
0.000
0.000
0.000
0.000
0.000
0.000
0.000
0.000
0.000
0.000
0.000
0.000
0.000
0.000
0.000
0.027
0.007
0.007
0.000
0.000
0.000
0.000
0.000
0.000
0.000
0.000
0.000
0.000
0.000
0.000
0.000
0.000
0.000
0.000
0.000
0.000
0.000
0.000
0.000
0.000
0.000
0.000
0.000
0.000
0.000
0.000
0.000
0.000
0.000
0.000
0.000
0.000
0.000
0.000
0.000
0.000
0.000
0.000
0.000
0.000
0.000
0.000
0.010
0.000
0.000
0.000
0.000
0.000
0.000
0.000
0.000
0.000
0.000
0.000
0.000
0.000
0.000
0.000
0.000
0.000
0.000
0.000
0.000
0.000
0.000
0.000
0.000
0.000
0.000
0.000
0.000
0.000
0.000
0.000
0.000
0.000
0.000
0.000
0.000
0.000
0.000
0.000
0.000
0.000
0.000
0.000
0.000
0.000
0.000
0.000
0.000
1.128
4.120
0.000
0.000
0.000
0.000
0.000
0.000
0.000
0.000
0.000
0.000
0.000
0.000
0.000
0.000
0.000
0.000
0.000
0.000
0.000
0.000
0.000
0.000
0.000
0.000
0.000
0.000
0.271
0.045
0.000
0.000
4.707
0.385
0.000
0.000
0.000
0.000
0.000
0.000
0.000
0.000
0.000
0.000
0.000
0.000
0.000
0.000
0.000
0.048
10.552
0.491
0.000
0.000
0.000
0.000
0.000
0.000
0.000
0.000
0.000
0.000
0.000
0.000
0.000
0.000
0.000
0.000
0.000
0.000
0.000
0.000
0.000
0.000
0.000
0.000
0.000
0.000
0.000
0.000
0.000
0.000
0.000
0.000
0.000
0.000
0.000
0.000
0.000
0.000
0.000
0.000
0.000
0.000
0.000
0.000
0.003
0.003
0.000
0.000
0.000
0.000
0.000
0.000
0.000
0.000
0.000
0.000
0.000
0.000
0.000
0.000
0.000
0.000
0.000
0.000
0.000
0.000
0.000
0.000
0.000
0.000
0.000
0.000
0.000
0.000
0.000
0.000
0.000
0.000
0.000
0.000
0.000
0.000
0.000
0.000
0.000
0.000
0.000
0.000
0.000
0.000
0.000
0.000
0.000
0.000
0.000
0.000
0.000
0.000
0.000
0.000
0.000
0.000
0.000
0.000
0.000
0.000
0.000
0.000
0.000
0.000
0.000
0.000
0.014
0.000
0.000
0.738
7.055
0.597
48.239
22.175
17.338
1.325
0.501
0.409
1.833
14.231
0.563
0.130
5.632
1.346
0.076
0.000
0.270
4.028
17.112
83.337
24.687
11.384
6.046
6.757
4.493
7.138
9.167
16.717
17.177
12.507
5.863
8.868
5.776
16.606
28.547
2.206
1.130
13.232
79.994
3.873
5.761
14.299
15.921
4.431
0.941
0.769
0.870
2.920
6.928
18.998
20.191
4.467
9.119
23.058
23.524
13.589
32.080
3.962
8.398
2.386
12.279
0.051
2.451
0.089
0.034
0.184
1.135
0.340
0.450
11.271
24.805
2.338
6.935
13.051
10.856
86.438
20.490
1.605
4.216
5.740
3.904
1.207
2.357
2.346
0.007
0.000
4.549
1.500
0.000
0.017
0.845
0.381
0.014
1.275
0.242
0.514
0.021
0.055
2.711
0.292
0.007
3.600
0.306
0.000
0.000
0.000
0.000
0.000
0.000
0.000
0.000
0.000
0.000
0.000
0.000
0.000
0.000
0.000
0.000
0.000
0.000
0.000
0.000
0.000
0.000
0.000
0.000
0.000
0.000
0.000
0.000
0.000
0.000
0.000
0.000
0.000
0.000
0.000
0.000
0.000
0.000
0.000
0.000
0.000
0.000
0.000
0.000
0.000
0.000
0.000
0.000
0.000
0.000
0.000
0.000
0.000
0.000
0.000
0.000
0.000
0.000
0.000
0.000
0.000
0.000
0.000
0.000
0.000
0.000
0.000
0.000
0.000
0.000
0.000
0.000
0.000
0.000
0.000
0.000
0.000
0.000
0.000
0.000
0.000
0.000
0.000
0.000
0.000
0.000
0.000
0.000
0.000
0.000
0.000
0.000
0.000
0.000
0.000
0.000
0.000
0.000
0.000
0.000
0.000
0.024
0.027
0.000
0.000
0.000
0.000
0.000
0.000
0.000
0.000
0.000
0.000
0.000
0.000
0.000
0.007
0.000
0.000
0.000
0.000
0.000
0.000
0.000
0.000
0.000
0.000
0.000
0.000
0.000
0.000
0.000
0.000
0.000
0.000
0.000
0.000
0.000
0.000
0.000
0.000
0.000
0.000
0.000
0.000
0.000
0.000
0.000
0.000
0.000
0.000
0.000
0.000
0.000
0.000
0.000
0.000
0.000
0.000
0.000
0.000
0.000
0.000
0.000
0.000
0.000
0.000
0.000
0.000
0.000
0.000
0.000
0.000
0.000
0.000
0.000
0.000
0.000
0.000
0.000
0.000
0.000
0.000
0.000
0.000
0.000
0.000
0.000
0.000
0.000
0.000
0.000
0.000
0.000
0.000
0.000
0.000
0.000
0.000
0.000
0.000
0.000
0.000
0.000
0.000
0.000
0.000
0.000
0.000
0.000
0.000
0.000
0.000
0.000
0.000
0.000
0.000
0.000
0.000
0.000
0.000
0.000
0.000
0.167
0.900
1.964
2.427
7.103
11.855
24.235
0.354
0.000
0.000
0.000
0.000
0.000
0.000
0.000
0.000
0.000
0.000
0.000
0.000
0.000
0.000
0.000
0.000
0.000
0.000
0.000
0.000
0.000
0.000
0.000
0.000
0.024
0.199
0.506
0.007
0.000
0.000
2.529
9.836
1.267
9.213
0.405
0.000
0.000
0.000
0.000
0.714
0.086
0.168
0.051
0.886
7.951
1.693
0.299
0.021
0.000
0.000
0.371
0.374
0.885
0.058
0.326
0.671
0.187
0.007
0.000
0.000
0.000
0.913
0.000
1.799
0.233
1.811
0.508
0.000
0.000
0.000
0.000
0.000
0.000
0.000
0.000
0.338
0.018
0.161
2.393
2.793
0.000
3.574
0.529
1.548
19.118
51.973
3.223
3.416
4.808
28.104
19.878
26.601
9.237
14.425
7.779
2.041
4.013
7.598
6.522
9.381
3.716
0.167
0.000
0.000
0.014
0.000
0.000
0.000
0.000
0.307
0.076
0.000
0.000
0.000
0.000
0.000
0.000
0.000
0.000
0.000
0.000
0.000
0.000
0.000
0.350
0.829
3.095
0.446
0.000
0.000
0.000
0.024
0.354
3.230
0.857
0.517
0.208
3.282
8.605
0.846
10.423
9.580
24.272
13.055
0.333
0.000
0.000
0.810
0.245
0.000
0.000
0.000
0.000
0.000
0.000
0.000
0.000
0.000
0.000
0.000
0.000
0.000
0.000
0.000
0.000
0.000
0.000
0.000
0.000
0.000
0.000
0.000
0.000
0.000
0.000
0.000
0.000
0.000
0.000
0.000
0.000
0.000
0.000
0.000
0.000
0.000
0.000
0.000
0.000
0.000
0.000
0.000
0.000
0.000
0.000
0.000
0.000
0.000
0.000
0.000
0.000
0.000
0.000
0.000
0.000
0.000
0.000
0.000
0.000
0.000
0.000
0.000
0.000
0.000
0.000
0.000
0.000
0.000
0.000
0.000
0.000
0.000
0.000
0.000
0.000
0.000
0.000
0.000
0.000
0.000
0.094
0.000
0.000
0.000
0.000
0.000
0.000
0.000
0.000
0.000
0.000
0.000
0.000
0.000
0.000
0.000
0.000
0.000
0.000
0.000
0.000
0.000
0.000
0.000
0.000
0.000
0.000
0.000
0.000
0.000
0.000
0.000
0.000
0.000
0.000
0.000
0.000
0.000
0.000
0.000
0.000
0.000
0.000
0.000
0.000
0.000
0.000
0.000
0.000
0.000
0.000
0.000
0.000
0.000
0.000
0.000
0.000
0.000
0.000
0.000
0.000
0.000
0.000
0.000
0.000
0.000
0.000
0.007
0.000
0.000
0.000
0.000
0.000
0.000
0.000
0.000
0.000
0.000
0.000
0.000
0.000
0.000
0.000
0.000
0.000
0.000
0.000
0.000
0.000
0.000
0.000
0.000
0.000
0.000
0.000
0.000
0.000
0.000
0.000
0.000
0.000
0.000
0.000
0.000
0.000
0.000
0.000
0.000
0.000
0.000
0.000
0.000
0.000
0.000
0.000
0.000
0.024
0.000
1.629
0.204
0.699
0.136
0.000
0.000
0.000
0.000
0.000
0.000
0.000
0.000
0.000
0.000
0.000
0.000
0.000
0.000
0.000
0.000
0.000
0.000
0.000
0.000
0.000
0.000
0.000
0.000
0.000
0.000
0.000
0.000
0.000
0.000
0.000
0.000
0.000
0.000
0.000
0.000
0.000
0.000
0.000
0.000
0.000
0.259
2.568
43.362
0.000
0.000
0.000
0.000
0.000
0.000
1.581
0.000
0.072
0.026
0.745
3.385
0.000
2.808
5.064
3.299
6.416
17.473
12.806
11.350
11.537
6.897
4.489
2.542
4.798
2.803
0.046
1.694
4.058
1.176
15.211
7.157
21.020
15.237
0.029
0.000
0.000
0.000
0.000
0.000
0.027
4.068
7.902
7.505
4.846
5.146
6.963
5.739
6.631
2.456
3.708
4.194
0.613
0.740
1.119
0.058
0.597
0.038
0.003
0.000
0.000
0.106
0.127
0.374
1.188
0.882
1.193
4.075
0.429
0.233
0.045
0.000
0.024
0.041
0.062
0.000
0.000
0.096
0.007
0.000
0.000
0.000
0.000
0.179
0.094
0.024
5.603
7.779
3.401
8.775
8.565
5.195
21.604
14.103
11.092
14.698
2.257
11.345
0.542
0.663
9.978
19.097
0.000
0.381
1.689
0.048
0.000
0.000
0.000
0.000
0.000
0.000
0.000
0.000
0.000
0.000
0.000
0.000
0.000
0.000
0.000
0.000
0.000
0.000
0.000
0.000
0.000
0.000
0.000
0.000
0.000
0.000
0.000
0.000
0.000
0.000
0.000
0.000
0.000
0.000
0.000
0.000
0.000
0.000
0.000
0.000
0.000
0.000
0.000
0.000
0.000
0.000
0.000
0.000
0.000
0.000
0.000
0.000
0.000
0.000
0.000
0.000
0.000
0.000
0.000
0.000
0.000
0.000
0.000
0.000
0.000
0.000
0.000
0.000
0.000
0.000
0.000
0.000
0.000
0.000
0.000
0.000
0.000
0.000
0.000
0.000
0.000
0.000
0.000
0.000
0.000
0.000
0.000
0.000
0.000
0.000
0.000
0.000
0.000
0.000
0.000
0.000
0.000
0.000
0.000
0.000
0.000
0.000
0.000
0.000
0.000
0.000
0.000
0.000
0.000
0.000
0.000
0.000
0.000
0.000
0.000
0.000
0.000
0.000
0.000
0.000
0.000
0.000
0.000
0.000
0.000
0.000
0.000
0.000
0.000
0.000
0.000
0.000
0.000
0.000
0.000
0.000
0.000
0.000
0.000
0.000
0.000
0.000
0.000
0.000
0.000
0.000
0.000
0.000
0.000
0.000
0.000
0.000
0.000
0.000
0.000
0.000
0.000
0.000
0.000
0.000
0.000
7.529
5.799
0.144
0.000
0.000
4.298
0.034
0.000
0.000
0.000
0.000
0.000
0.000
0.000
0.000
0.000
0.000
0.000
0.000
0.000
0.000
0.000
0.000
0.000
0.000
0.000
0.000
0.000
0.000
0.000
0.000
0.000
0.000
0.000
0.000
0.000
0.000
0.000
0.000
0.024
0.000
0.000
0.000
0.000
0.000
0.000
0.000
0.000
0.000
0.000
0.000
0.000
0.000
0.000
0.000
0.000
0.000
0.000
0.000
0.000
0.000
0.000
0.000
0.000
0.000
0.000
0.000
0.000
0.000
0.000
0.000
0.000
0.000
0.494
0.439
8.149
0.000
0.000
0.000
0.000
0.000
0.000
0.000
0.003
2.043
20.805
3.948
0.508
0.000
0.000
0.000
0.000
0.000
0.000
0.000
0.000
0.046
0.057
0.014
0.000
0.000
0.000
0.185
0.000
0.000
0.000
0.000
0.000
0.237
5.376
9.668
8.291
2.898
4.255
3.289
0.000
0.000
0.000
1.768
5.759
1.516
0.354
0.879
2.529
5.794
29.843
0.029
0.000
0.310
0.891
1.238
3.504
8.274
8.261
1.281
4.992
4.631
3.243
3.837
6.801
2.283
5.017
9.796
5.735
3.938
16.054
5.243
3.834
9.986
5.572
2.147
1.389
13.918
7.550
17.246
4.091
6.516
2.753
6.218
6.668
6.642
3.818
6.479
11.773
27.256
12.989
5.783
5.308
0.405
0.805
0.582
0.376
0.764
0.000
0.024
13.900
6.432
1.342
4.219
0.000
0.000
8.478
1.591
0.654
0.373
0.031
1.053
0.045
0.000
0.000
0.000
0.000
0.000
0.000
0.000
0.536
0.065
6.580
4.128
8.120
0.154
1.571
2.007
0.112
0.024
0.000
0.000
0.000
0.000
0.000
0.000
0.000
0.000
0.000
0.000
0.000
0.000
0.000
0.000
0.000
0.000
0.000
0.000
0.000
0.000
0.000
0.166
0.014
0.000
0.000
0.000
0.000
0.000
0.000
0.000
0.000
0.000
0.000
0.000
0.000
0.000
0.000
0.000
0.000
0.000
0.000
0.000
0.000
0.000
0.000
0.000
0.000
0.000
0.000
0.000
0.000
0.000
0.000
0.000
0.000
0.000
0.000
0.000
0.000
0.000
0.000
0.000
0.000
0.000
0.000
0.000
0.000
0.000
0.000
0.000
0.000
0.000
0.000
0.000
0.000
0.000
0.000
0.000
0.000
0.000
0.000
0.000
0.000
0.000
0.000
0.000
0.000
0.000
0.000
0.000
0.000
0.000
0.000
0.000
0.000
0.000
0.000
0.000
0.000
0.000
0.000
0.000
0.000
0.000
0.000
0.000
0.000
0.000
0.000
0.000
0.000
0.000
0.000
0.000
0.000
0.000
0.000
0.000
0.000
0.000
0.000
0.021
0.469
0.000
0.000
0.000
0.000
0.000
0.000
0.000
0.000
0.000
0.029
8.094
0.076
0.000
1.174
0.000
0.000
0.000
0.000
0.000
0.000
0.000
0.000
0.000
0.000
0.230
0.000
0.000
0.000
0.000
0.085
0.000
0.000
0.000
0.000
0.000
0.000
0.000
0.000
0.000
0.000
0.007
0.003
0.000
0.000
0.000
0.000
0.000
0.000
0.203
0.027
0.000
0.000
0.000
0.000
0.000
0.000
0.000
0.000
0.000
0.000
0.000
0.000
0.000
0.000
0.000
0.000
0.000
0.000
0.000
0.000
0.000
0.000
0.000
0.000
0.000
0.000
0.000
0.000
0.000
0.000
0.000
0.000
0.000
0.000
0.000
0.000
0.000
0.000
0.000
0.000
0.000
0.000
0.000
0.000
0.000
0.000
0.000
0.000
0.000
0.000
0.000
0.000
0.000
0.000
0.000
0.000
0.000
0.000
0.000
0.000
0.000
0.000
0.000
0.000
0.000
0.000
0.000
0.000
0.000
0.000
0.000
0.000
0.000
0.209
1.444
4.379
0.021
0.000
0.000
0.000
0.000
0.000
0.003
0.007
0.000
7.979
1.737
0.875
6.049
10.252
10.375
1.631
0.106
0.371
0.491
19.168
1.380
9.273
0.172
5.430
2.654
0.299
4.405
47.233
132.553
4.484
7.967
10.501
15.777
6.405
5.816
11.832
1.612
6.192
0.644
4.717
6.243
8.358
0.417
0.110
0.151
0.050
2.700
8.574
10.106
14.668
2.450
6.589
8.580
2.189
3.565
2.620
3.432
5.891
41.949
18.479
13.757
14.279
33.199
5.534
3.996
2.139
0.518
1.408
1.631
3.227
1.559
0.388
0.999
0.467
0.251
1.281
2.129
12.217
4.322
0.122
0.007
7.634
10.634
4.187
2.546
2.757
16.759
11.874
13.767
11.333
9.196
3.086
6.073
2.108
4.103
1.404
1.111
0.711
0.091
0.003
0.168
0.053
0.000
0.000
0.000
0.050
1.660
5.436
7.950
3.553
0.191
2.796
0.000
1.112
0.021
0.000
0.000
0.000
0.000
0.000
0.000
0.000
0.000
0.000
0.000
0.000
0.000
0.000
0.000
0.000
0.000
0.000
0.000
0.000
0.000
0.000
0.000
0.000
0.000
0.000
0.000
0.000
0.000
0.000
0.000
0.000
0.000
0.000
0.000
0.000
0.000
0.000
0.000
0.000
0.000
0.000
0.000
0.000
0.000
0.000
0.000
0.000
0.000
0.000
0.000
0.000
0.000
0.000
0.000
0.000
0.000
0.000
0.000
0.000
0.000
0.000
0.000
0.000
0.000
0.000
0.000
0.000
0.000
0.000
0.000
0.000
0.000
0.000
0.000
0.000
0.000
0.000
0.000
0.000
0.000
0.000
0.000
0.000
0.000
0.000
0.000
0.000
0.000
0.000
0.000
0.000
0.000
0.000
0.000
0.000
0.000
0.000
0.000
0.000
0.000
0.000
0.000
0.000
0.000
0.000
0.000
0.000
0.000
0.000
0.000
0.000
0.000
0.000
0.000
0.000
0.000
0.000
0.000
0.000
0.000
0.000
0.000
0.000
0.000
0.000
0.000
0.000
0.010
0.000
0.000
0.000
0.000
0.000
0.000
0.000
0.000
0.000
0.000
0.000
0.000
0.000
0.000
0.000
0.000
0.000
0.000
0.000
0.000
0.000
0.000
0.000
0.000
0.000
0.000
0.000
0.000
0.000
0.000
0.000
0.000
0.000
0.000
0.000
0.000
0.000
0.065
0.398
0.000
0.000
0.000
0.000
0.000
0.000
0.000
0.000
0.000
0.000
1.311
0.000
0.010
0.000
0.000
0.000
0.038
0.038
0.000
0.000
0.000
2.245
0.252
0.000
0.000
0.000
0.000
0.000
0.000
0.000
0.000
0.000
0.000
0.000
0.000
0.000
0.000
0.000
0.000
0.000
0.000
0.000
0.000
0.000
0.000
0.000
0.000
0.000
0.000
0.000
0.000
0.000
0.000
1.081
0.127
0.000
0.220
0.491
0.000
0.000
0.000
0.000
0.000
0.000
0.000
0.000
0.000
0.000
0.000
0.000
0.000
0.000
0.000
0.000
0.000
0.000
0.000
0.000
0.000
1.675
2.132
0.652
0.034
0.124
0.199
3.917
19.968
0.209
4.618
17.909
36.176
26.027
8.305
0.649
0.251
2.156
0.000
1.576
0.615
1.112
0.233
0.039
0.093
0.635
5.758
4.978
3.059
4.865
12.116
16.263
4.729
10.264
0.263
0.000
0.000
1.284
2.119
5.617
21.351
17.535
33.061
2.351
0.615
0.010
0.000
0.000
0.000
0.000
5.109
1.705
0.649
1.020
20.502
1.814
5.569
21.286
41.715
4.856
17.487
9.670
2.299
15.280
7.290
17.040
22.316
3.413
0.614
0.697
3.085
1.706
12.121
93.003
3.081
4.235
1.241
0.539
0.427
0.127
1.174
0.000
0.000
0.000
0.223
0.036
0.882
0.007
0.500
0.000
0.000
0.000
0.000
0.000
0.000
0.000
0.000
1.744
10.138
6.757
0.007
0.000
5.188
11.179
13.139
4.113
12.926
8.363
12.815
20.699
20.991
8.957
0.000
2.575
0.014
0.443
0.062
0.000
0.000
0.000
0.007
0.000
0.000
0.000
0.000
0.000
0.000
0.000
0.000
0.455
0.065
0.000
0.000
0.000
0.000
0.000
0.000
0.000
0.000
0.000
0.000
0.000
0.000
0.000
0.000
0.000
0.000
0.000
0.000
0.000
0.000
0.000
0.000
0.000
0.000
0.000
0.000
0.000
0.000
0.000
0.000
0.000
0.000
0.000
0.000
0.000
0.000
0.000
0.000
0.000
0.000
0.010
0.657
0.000
0.000
0.000
0.000
0.000
0.000
0.000
0.000
0.000
0.000
0.010
0.833
0.000
0.000
0.000
0.000
0.000
0.000
0.000
0.000
0.000
0.000
0.000
0.000
0.000
0.000
0.000
0.000
0.000
0.000
0.014
0.000
0.000
0.000
0.000
0.000
0.000
0.000
0.000
0.000
0.000
0.000
0.000
0.000
0.000
0.000
0.000
0.000
0.000
0.000
1.895
0.079
0.172
0.000
0.000
0.000
0.000
0.000
0.000
0.000
0.000
0.000
0.000
0.000
0.000
0.000
0.000
0.000
0.000
0.000
0.000
0.000
0.000
0.000
0.000
0.000
0.000
0.000
0.000
0.000
0.000
0.000
0.000
0.000
0.000
0.000
0.000
0.000
0.000
0.000
0.000
0.000
0.000
0.000
0.000
0.000
0.000
0.000
0.000
0.000
0.000
0.000
0.000
0.000
0.000
0.000
0.000
0.000
0.000
0.000
0.000
0.000
0.000
0.000
0.000
0.000
0.000
0.000
0.000
0.000
0.000
0.000
0.010
0.000
0.000
0.000
0.000
0.000
0.010
0.000
0.000
0.000
0.000
0.000
0.000
0.000
0.642
0.615
0.000
0.000
0.000
0.000
0.000
0.000
0.000
0.000
0.000
0.000
0.000
0.000
0.000
0.000
0.000
0.000
0.000
0.000
0.000
0.000
0.000
0.000
0.000
0.000
0.000
0.000
0.000
0.000
0.000
0.000
0.000
0.000
0.000
0.000
0.000
0.000
0.000
0.000
0.000
0.000
0.000
0.000
0.000
0.000
0.000
0.000
0.000
0.000
0.000
0.000
0.000
0.000
0.000
0.010
0.225
0.033
0.014
0.000
0.000
0.000
0.000
0.000
0.000
0.000
0.000
0.000
0.000
0.026
0.017
0.029
0.525
0.708
0.000
0.000
0.000
0.000
0.000
0.038
14.553
0.000
0.000
20.253
15.280
1.356
0.000
2.915
0.148
0.017
0.000
0.000
0.000
0.000
0.000
57.968
32.437
2.360
2.999
2.156
44.891
8.296
13.673
27.704
22.667
1.270
3.650
11.228
8.185
32.685
6.010
3.284
3.486
0.623
1.212
2.277
1.003
0.301
0.796
0.934
0.031
0.000
0.470
0.182
0.062
0.036
3.924
4.394
1.293
6.466
3.134
0.010
1.164
1.765
0.371
0.003
0.000
0.000
0.007
0.285
0.000
0.000
0.156
0.549
4.195
19.890
18.450
4.698
1.578
1.744
1.844
6.581
2.517
0.937
0.172
0.463
0.000
0.000
0.000
0.000
0.000
0.000
0.000
0.000
0.000
0.000
0.000
0.000
0.000
0.000
0.000
0.000
0.000
0.000
0.000
0.000
0.000
0.000
0.381
0.000
0.000
3.220
18.158
7.409
0.014
0.000
0.000
0.000
0.000
0.000
0.213
0.000
0.062
0.000
0.000
0.000
0.000
0.000
0.000
0.000
0.000
0.000
0.000
0.000
0.000
0.000
0.000
0.000
0.000
0.000
0.000
0.000
0.000
0.000
0.000
0.000
0.000
0.000
0.000
0.000
0.105
2.807
0.470
0.017
0.000
0.000
0.000
0.000
0.000
0.000
0.000
0.000
0.000
0.000
0.000
0.000
0.000
0.000
0.000
0.000
0.000
0.000
0.000
0.000
0.000
0.000
0.000
0.000
0.000
0.000
0.000
0.000
0.000
0.000
0.000
0.000
0.000
0.000
0.000
0.000
0.000
0.000
0.000
0.000
0.000
0.000
0.000
0.000
0.797
0.141
0.000
0.000
0.000
0.014
0.000
0.000
0.000
0.000
0.000
0.000
0.000
0.000
0.000
0.000
0.000
0.000
0.000
0.000
0.000
0.000
0.000
0.000
0.000
0.000
0.000
0.000
0.000
0.000
0.000
0.000
0.000
0.000
0.000
0.000
0.000
0.000
0.000
0.000
0.000
0.182
0.043
0.000
0.031
0.000
0.000
0.000
0.000
0.000
0.000
0.000
0.000
0.000
0.000
0.118
0.000
0.000
0.000
0.000
0.000
0.000
0.000
0.000
0.000
0.000
0.000
0.000
0.000
0.000
0.000
0.000
0.000
0.000
0.000
0.000
0.000
0.000
0.000
0.000
0.000
0.000
0.000
0.000
0.000
0.000
0.000
0.000
0.000
0.000
0.000
0.000
0.000
0.000
0.000
0.000
0.000
0.000
0.000
0.000
0.000
0.000
0.000
0.000
0.000
0.000
0.000
0.000
0.000
0.000
0.000
0.000
0.000
0.000
0.000
0.000
0.000
0.000
0.000
0.000
0.000
0.000
0.000
0.000
0.000
0.000
0.000
0.000
0.000
0.000
0.000
0.000
0.000
0.000
0.000
0.000
0.000
0.000
0.000
0.000
0.000
0.000
0.000
0.000
0.000
0.000
0.000
0.000
0.000
0.000
0.000
0.000
0.000
0.000
0.000
0.000
5.013
0.041
0.936
0.283
1.023
0.076
0.043
0.000
0.000
0.000
0.000
0.110
1.160
15.317
1.372
0.000
0.000
0.000
0.000
0.362
0.674
1.404
1.535
0.331
0.000
0.161
0.000
0.000
0.000
0.633
0.093
8.108
5.656
3.219
21.123
10.013
9.779
11.475
0.508
1.006
6.993
1.926
0.027
0.031
7.234
5.103
4.175
0.017
12.612
7.412
9.939
6.072
11.901
1.084
1.552
1.495
0.154
3.954
12.644
15.922
7.278
1.857
9.750
4.851
9.689
13.767
8.504
4.734
8.466
5.706
12.061
20.768
8.247
7.993
2.008
9.038
2.252
5.713
1.785
12.452
11.017
0.010
1.730
8.078
10.049
8.988
2.678
5.605
1.475
26.295
4.295
2.793
4.187
11.161
5.133
18.316
13.850
6.039
21.152
7.412
0.875
0.810
7.145
9.019
3.550
0.089
0.000
0.000
0.007
0.000
0.000
0.000
0.000
0.000
0.000
0.000
0.000
0.000
0.000
0.000
0.000
0.000
0.000
0.000
0.000
0.000
0.000
0.000
0.000
0.000
0.000
0.593
0.053
0.000
0.000
0.000
0.000
1.566
4.213
0.165
0.000
0.000
0.000
0.000
0.000
0.000
0.000
0.000
0.000
0.000
0.000
0.000
0.000
0.000
0.000
0.000
0.000
0.000
0.000
0.354
0.034
2.070
1.373
10.475
14.286
1.030
6.420
13.832
1.504
0.058
0.000
0.000
5.730
8.207
4.494
0.728
0.000
0.000
0.000
0.000
0.000
0.000
0.000
0.000
0.000
0.000
0.000
0.000
0.000
0.000
0.000
0.000
0.000
0.000
0.000
0.000
0.000
0.000
0.000
0.000
0.000
0.000
0.000
0.000
0.000
0.000
0.000
0.000
0.055
2.175
0.748
0.000
0.000
0.000
0.000
0.000
0.000
0.000
0.000
0.000
0.000
0.000
0.000
0.000
0.000
0.000
0.000
0.000
0.000
0.000
0.000
0.000
0.000
0.000
0.000
0.000
0.000
0.000
0.000
0.003
0.000
0.000
0.000
0.000
0.000
0.002
0.000
0.000
0.000
0.000
0.134
0.000
0.000
0.002
0.002
0.000
0.000
1.524
0.549
0.000
0.000
0.000
0.000
0.000
0.000
0.000
0.000
0.000
0.000
0.000
0.000
0.000
0.002
0.000
0.000
0.000
0.000
0.000
0.000
0.000
0.000
0.002
0.000
0.002
0.002
0.000
0.000
0.000
0.000
0.000
0.000
0.000
0.000
0.000
0.002
0.002
0.000
0.002
0.000
0.000
0.000
0.002
0.000
0.000
0.000
0.000
0.000
0.000
0.000
0.000
0.000
0.000
0.000
0.000
0.002
0.000
0.000
0.038
0.017
0.000
0.000
0.000
0.000
0.000
0.002
0.000
0.000
0.000
0.000
0.000
0.000
0.000
0.000
0.000
0.000
0.000
0.000
0.000
0.000
0.000
0.000
0.000
0.000
0.000
0.000
0.000
0.000
0.000
0.000
0.000
0.000
0.000
0.069
0.103
0.041
0.000
0.000
0.000
0.000
0.000
0.000
0.000
0.000
0.000
0.000
0.000
0.000
0.000
0.000
0.000
0.000
0.021
0.007
0.000
0.000
4.607
6.053
1.717
0.027
3.358
1.023
0.716
3.159
0.273
18.215
9.421
55.373
0.026
14.519
43.499
11.793
1.401
0.007
0.563
1.339
1.751
1.023
14.787
26.467
11.426
16.579
4.305
10.351
8.247
3.030
10.089
29.876
6.231
32.370
21.859
10.633
3.172
0.846
0.034
0.913
27.679
0.446
1.184
2.681
2.053
3.148
7.975
15.405
41.051
4.758
3.361
61.997
3.565
2.166
0.103
21.571
103.488
10.322
5.919
4.062
3.220
2.726
12.689
24.548
2.802
3.121
2.467
9.414
10.001
20.670
12.557
0.491
18.896
21.787
14.358
9.692
7.419
18.251
36.794
37.474
37.508
10.722
17.376
21.626
22.896
8.044
4.298
1.054
1.863
10.815
13.180
20.706
1.631
7.732
10.931
5.490
4.496
2.731
5.158
5.194
1.916
3.910
2.832
1.181
3.732
1.826
0.326
0.055
0.101
0.003
0.002
0.000
0.002
0.000
0.000
0.000
0.000
0.000
0.000
0.000
0.000
0.000
0.000
0.000
0.000
0.002
0.000
0.000
0.000
0.000
0.000
0.000
0.000
0.000
0.000
0.000
0.000
0.000
0.002
0.000
0.000
0.000
0.002
0.000
0.000
0.000
0.000
0.000
0.000
0.000
0.000
0.000
0.000
0.000
0.000
0.000
0.000
0.000
0.000
0.000
0.000
0.000
0.000
0.000
0.000
0.000
0.002
0.000
0.000
0.000
0.000
0.000
0.000
0.000
0.000
0.000
0.000
0.000
0.000
0.000
0.002
0.000
0.000
0.000
0.000
0.000
0.000
0.000
0.000
0.000
0.000
0.000
0.000
0.000
0.000
0.000
0.000
0.000
0.000
0.000
0.000
0.000
0.000
0.000
0.000
0.000
0.000
0.000
0.000
0.000
0.003
0.000
0.000
0.000
0.000
0.000
0.000
0.002
0.000
0.000
0.002
0.000
0.000
0.000
0.000
0.000
0.000
0.000
0.000
0.003
0.000
0.000
0.000
0.000
0.000
0.000
0.000
0.000
0.000
0.000
0.000
0.000
0.000
0.000
0.000
0.000
0.000
0.000
0.002
0.000
0.000
0.000
0.000
0.000
0.000
0.000
0.000
0.000
0.000
0.000
0.000
0.002
0.000
0.000
0.000
0.000
0.000
0.000
0.000
0.000
0.000
0.000
0.000
0.000
0.000
0.000
0.000
0.000
0.002
0.000
0.000
0.000
0.000
0.000
0.000
0.000
0.000
0.000
0.000
0.000
0.000
0.000
0.000
0.000
0.000
0.000
0.027
0.000
0.000
0.000
0.000
0.000
0.000
0.000
0.000
0.000
0.000
0.000
0.000
0.000
0.000
0.000
3.141
0.007
0.000
0.000
0.000
0.000
0.000
0.000
0.000
0.000
0.000
0.000
0.000
0.000
0.000
0.000
0.704
40.344
9.023
0.045
0.002
0.000
0.000
0.000
0.017
0.000
0.000
0.017
0.000
0.000
0.000
0.000
0.000
0.000
0.000
0.000
0.000
0.000
0.000
0.000
0.000
0.000
0.000
0.000
0.000
0.000
0.000
0.000
0.000
0.000
0.000
0.000
1.318
0.089
2.427
1.923
6.307
0.395
0.017
0.007
0.003
0.735
0.069
0.000
0.000
0.007
0.000
0.093
0.027
0.000
0.000
0.347
0.769
0.285
0.048
1.809
16.129
1.248
1.868
11.500
28.475
21.080
82.748
2.290
51.866
0.851
0.673
5.531
3.955
6.878
0.275
0.357
1.030
4.885
0.292
0.312
1.397
0.101
1.277
1.689
2.863
3.619
12.521
13.239
10.955
3.557
0.003
1.521
5.594
15.123
23.313
22.422
7.327
9.170
1.808
23.470
48.141
2.345
4.554
3.996
4.350
1.758
12.651
1.665
8.604
13.709
3.581
7.969
4.774
9.040
12.423
0.620
8.302
11.838
14.063
8.962
14.371
7.213
6.904
16.241
42.536
13.647
1.851
0.374
8.398
3.646
1.246
1.452
0.271
0.003
0.913
0.591
0.082
2.396
4.942
3.402
1.432
4.832
1.099
0.017
0.000
0.000
0.000
0.000
0.000
0.000
0.000
0.501
0.000
0.000
0.000
0.000
0.000
0.000
0.000
0.000
0.000
0.000
0.000
0.000
0.000
0.000
0.000
0.000
0.000
0.000
0.000
0.002
0.000
0.000
0.000
0.000
0.000
0.002
0.000
0.000
0.000
0.000
0.000
0.000
0.000
0.000
0.000
0.000
0.002
0.000
0.000
0.000
0.000
0.000
0.002
0.000
0.000
0.000
0.000
0.000
0.002
0.000
0.000
0.000
0.000
0.000
0.000
0.000
0.000
0.000
0.000
0.003
0.000
0.000
0.000
0.000
0.000
0.000
0.000
0.000
0.000
0.002
0.000
0.000
0.000
0.000
0.000
0.000
0.000
0.000
0.000
0.000
0.000
0.000
0.002
0.000
0.000
0.000
0.000
0.000
0.000
0.000
0.000
0.000
0.000
0.000
0.000
0.000
0.000
0.000
0.000
0.000
0.000
0.000
0.000
0.000
0.000
0.168
0.000
0.000
0.000
0.002
0.000
0.000
0.002
0.000
0.000
0.000
0.000
0.000
0.000
0.000
0.000
0.000
0.000
0.021
0.000
0.000
0.000
0.000
0.000
0.000
0.000
0.000
0.106
0.913
0.158
0.000
0.000
0.000
0.000
0.000
0.000
0.000
0.003
0.000
0.000
0.000
0.000
0.000
0.000
0.000
0.000
0.000
0.000
0.000
0.000
0.000
0.000
0.000
0.002
0.002
0.000
0.000
0.000
0.000
0.000
0.000
0.000
0.000
0.000
0.002
0.000
0.000
0.000
0.000
0.007
0.000
0.000
0.000
0.000
0.000
0.000
0.000
0.000
0.000
0.000
0.000
0.323
0.033
0.000
0.000
0.000
0.000
0.000
0.000
0.000
0.209
0.072
0.041
0.213
0.000
0.000
0.000
0.000
0.000
0.000
0.000
0.000
0.000
0.003
0.000
0.000
0.000
0.000
0.000
0.000
0.000
0.000
0.000
0.000
0.000
0.000
0.000
0.000
0.000
0.000
0.000
0.000
0.000
0.000
0.000
0.000
0.002
0.000
0.000
0.000
0.000
0.000
0.000
0.000
0.000
0.050
0.006
0.000
0.000
45.928
8.667
0.390
2.087
0.098
0.092
13.111
1.211
1.742
0.000
1.303
3.534
11.252
0.036
0.005
0.491
0.409
0.251
0.897
0.836
1.085
0.443
0.434
0.292
0.520
2.206
1.057
0.465
0.431
2.743
2.002
22.742
11.558
9.774
2.551
7.632
2.211
0.833
7.239
42.050
9.901
33.843
14.347
4.146
6.266
7.775
15.242
1.198
1.090
9.459
8.607
15.310
2.929
12.308
3.983
6.942
72.796
8.374
3.234
2.791
10.770
19.387
11.361
32.331
1.981
9.740
5.531
5.102
29.203
8.092
3.674
2.733
10.880
7.934
4.175
13.039
22.922
13.117
14.001
13.050
27.924
19.180
0.954
0.017
0.656
0.319
3.996
2.779
4.971
2.307
1.627
0.651
0.014
1.332
0.906
0.012
0.002
0.000
0.000
1.390
0.343
0.000
0.312
0.036
0.017
0.003
0.000
32.015
21.550
19.720
19.714
2.867
6.262
0.656
2.985
8.581
6.139
6.918
8.597
1.754
0.251
0.223
4.388
9.088
12.243
2.535
0.700
0.000
0.000
1.394
0.127
0.000
0.000
0.000
0.000
0.000
0.000
0.000
0.000
0.000
0.000
0.000
0.000
0.000
0.002
0.000
0.000
0.000
0.000
0.000
0.000
0.000
0.000
0.000
0.022
0.007
0.000
0.000
0.001
0.000
0.000
0.000
0.000
0.000
0.000
0.000
0.000
0.000
0.000
0.000
0.000
0.000
0.000
0.000
0.000
0.000
0.000
0.000
0.000
0.002
0.000
0.000
0.000
0.000
0.000
0.002
0.000
0.000
0.000
0.000
0.000
0.003
0.002
0.000
0.000
0.002
0.000
0.000
0.000
0.000
0.000
0.000
0.000
0.000
0.002
0.000
0.000
0.000
0.000
0.038
0.000
0.051
0.000
0.000
0.000
0.000
0.000
0.000
0.000
0.000
0.000
0.000
0.000
0.000
0.000
0.000
0.000
0.000
0.045
11.968
0.644
0.000
0.002
0.000
0.000
0.000
0.000
0.000
0.000
0.000
0.000
0.000
0.000
0.000
0.000
0.000
0.000
0.000
0.000
0.000
0.000
0.000
0.000
0.000
0.000
0.000
0.000
0.000
0.000
0.000
0.017
0.000
0.005
0.000
0.007
0.000
0.000
0.000
0.002
0.000
0.000
0.002
0.000
0.000
0.000
0.000
0.000
0.003
0.000
0.000
0.000
0.000
0.000
0.000
0.000
0.000
0.000
0.000
0.000
0.002
0.000
0.000
0.000
0.000
0.000
0.000
0.000
0.000
0.000
0.000
0.000
0.000
0.003
0.002
0.000
0.000
0.000
0.000
0.000
0.000
0.000
0.000
0.000
0.000
0.000
0.000
0.000
0.000
0.069
0.007
0.000
0.000
0.000
0.000
0.000
0.000
0.000
0.000
0.000
0.003
0.000
0.000
0.144
0.319
0.000
0.000
0.002
0.000
0.000
0.000
0.000
0.024
0.556
0.167
0.034
0.007
0.000
0.000
0.000
0.000
0.000
0.000
0.000
0.000
0.000
0.000
0.000
0.000
0.000
0.000
0.009
0.000
0.003
0.000
0.000
0.002
0.000
0.003
0.000
0.000
1.033
1.521
0.000
0.000
0.388
0.000
0.000
0.000
1.459
0.000
0.000
0.060
0.536
0.261
0.062
0.014
0.000
0.000
0.002
0.093
0.000
0.000
0.024
0.000
0.002
0.000
0.000
0.000
0.000
0.144
0.034
35.208
17.609
8.346
3.502
5.479
4.384
5.675
2.256
2.465
0.508
3.389
15.669
25.911
34.480
16.624
22.062
17.834
0.941
3.258
0.082
