20000101
0.217
0.232
0.254
0.258
0.303
0.271
0.266
0.305
0.269
0.327
0.305
0.351
0.420
0.301
0.141
0.198
0.180
0.251
0.255
0.156
0.408
0.552
0.533
0.382
0.349
0.310
0.287
0.248
0.238
0.194
0.210
0.526
0.439
0.541
0.502
0.440
0.389
0.288
0.261
0.255
0.289
0.436
0.286
0.200
0.216
0.225
0.153
0.151
0.130
0.156
0.191
0.200
0.247
0.198
0.180
0.114
0.091
0.129
0.170
0.238
0.200
0.234
0.220
0.266
0.250
0.101
0.176
0.108
0.084
0.093
0.271
0.282
0.324
0.071
0.121
0.264
0.302
0.229
0.049
0.044
0.134
0.212
0.152
0.125
0.110
0.104
0.085
0.062
0.111
0.072
0.137
0.131
0.087
0.080
0.093
0.114
0.076
0.074
0.099
0.100
0.093
0.131
0.119
0.145
0.209
0.275
0.266
0.129
0.156
0.126
0.120
0.142
0.194
0.280
0.252
0.276
0.271
0.276
0.211
0.230
0.205
0.134
0.197
0.162
0.162
0.159
0.193
0.222
0.270
0.348
0.284
0.343
0.407
0.459
0.403
0.403
0.441
0.474
0.539
0.499
0.516
0.473
0.391
0.418
0.383
0.353
0.355
0.330
0.297
0.391
0.444
0.464
0.389
0.323
0.286
0.332
0.399
0.237
0.296
0.383
0.411
0.311
0.306
0.337
0.396
0.390
0.389
0.354
0.331
0.314
0.300
0.315
0.400
0.388
0.450
0.408
0.397
0.401
0.389
0.435
0.348
0.370
0.572
0.709
0.613
0.634
0.542
0.512
0.543
0.733
0.670
0.675
0.701
0.739
0.740
0.875
0.887
0.833
0.812
0.744
0.760
0.783
0.842
0.764
0.684
0.597
0.573
0.553
0.521
0.528
0.601
0.673
0.623
0.556
0.503
0.583
0.524
0.481
0.479
0.429
0.411
0.460
0.494
0.567
0.699
0.855
0.887
0.849
0.819
0.810
0.772
0.856
0.890
0.850
0.866
0.761
0.713
0.640
0.687
0.805
0.776
0.754
0.726
0.780
0.761
0.718
0.710
0.713
0.887
0.703
0.650
0.689
0.645
0.624
0.609
0.606
0.570
0.537
0.462
0.465
0.489
0.483
0.518
0.456
0.400
0.348
0.441
0.447
0.525
0.405
0.327
0.306
0.212
0.277
0.343
0.256
0.212
0.259
0.261
0.288
0.262
0.327
0.306
0.335
0.320
0.325
0.333
0.273
0.277
0.118
0.142
0.168
0.220
0.235
0.164
0.188
0.301
0.408
0.316
0.293
0.230
0.166
0.180
0.166
0.178
0.151
0.141
0.173
0.225
0.258
0.189
0.258
0.279
0.275
0.253
0.232
0.246
0.245
0.239
0.215
0.236
0.237
0.212
0.154
0.158
0.243
0.265
0.306
0.226
0.234
0.252
0.256
0.237
0.207
0.174
0.159
0.129
0.103
0.143
0.137
0.138
0.160
0.201
0.227
0.199
0.254
0.225
0.287
0.270
0.264
0.324
0.310
0.266
0.355
0.302
0.242
0.163
0.167
0.208
0.181
0.137
0.187
0.208
0.214
0.301
0.545
0.407
0.466
0.342
0.417
0.331
0.315
0.259
0.241
0.260
0.233
0.254
0.332
0.214
0.194
0.200
0.216
0.295
0.383
0.280
0.203
0.253
0.414
0.202
0.128
0.197
0.138
0.129
0.173
0.281
0.195
0.237
0.208
0.134
0.174
0.136
0.141
0.175
0.212
0.139
0.118
0.186
0.148
0.128
0.126
0.185
0.258
0.242
0.218
0.209
0.235
0.183
0.223
0.120
0.183
0.211
0.332
0.256
0.306
0.218
0.131
0.083
0.102
0.150
0.153
0.102
0.109
0.099
0.066
0.070
0.155
0.396
0.395
0.299
0.188
0.166
0.181
0.138
0.159
0.245
0.299
0.267
0.227
0.202
0.191
0.189
0.225
0.280
0.271
0.170
0.163
0.118
0.111
0.125
0.157
0.097
0.094
0.066
0.065
0.102
0.150
0.223
0.193
0.199
0.163
0.183
0.232
0.272
0.341
0.281
0.215
0.131
0.099
0.083
0.100
0.117
0.117
0.116
0.157
0.188
0.243
0.169
0.179
0.146
0.235
0.211
0.237
0.215
0.234
0.259
0.255
0.257
0.268
0.235
0.254
0.306
0.340
0.327
0.402
0.436
0.362
0.366
0.312
0.208
0.208
0.402
0.428
0.393
0.387
0.464
0.578
0.544
0.528
0.562
0.661
0.562
0.522
0.511
0.448
0.470
0.456
0.530
0.552
0.563
0.577
0.674
0.744
0.801
0.768
0.723
0.699
0.587
0.493
0.473
0.502
0.464
0.434
0.432
0.453
0.427
0.476
0.473
0.585
0.733
0.815
0.911
0.853
0.723
0.647
0.706
0.773
0.797
0.874
0.856
0.827
0.751
0.808
0.816
0.827
0.789
0.698
0.830
0.867
0.838
0.897
0.788
0.801
0.774
0.730
0.729
0.774
0.725
0.729
0.693
0.620
0.570
0.577
0.718
0.746
0.801
0.774
0.748
0.806
0.810
0.832
0.867
0.820
0.802
0.944
0.930
0.891
0.746
0.720
0.746
0.769
0.790
0.782
0.770
0.699
0.662
0.667
0.692
0.747
0.675
0.661
0.639
0.585
0.567
0.605
0.613
0.685
0.680
0.611
0.583
0.628
0.655
0.610
0.560
0.500
0.503
0.459
0.497
0.434
0.495
0.475
0.357
0.349
0.379
0.396
0.395
0.294
0.322
0.194
0.231
0.394
0.509
0.578
0.640
0.612
0.433
0.401
0.347
0.482
0.573
0.732
0.773
0.575
0.530
0.318
0.324
0.264
0.209
0.208
0.213
0.197
0.222
0.213
0.195
0.187
0.183
0.220
0.179
0.223
0.275
0.276
0.248
0.246
0.251
0.261
0.264
0.304
0.221
0.263
0.213
0.193
0.206
0.206
0.199
0.178
0.187
0.208
0.190
0.175
0.176
0.211
0.245
0.184
0.205
0.208
0.183
0.179
0.195
0.188
0.187
0.190
0.222
0.247
0.249
0.322
0.272
0.247
0.237
0.236
0.255
0.354
0.421
0.406
0.249
0.237
0.258
0.258
0.279
0.301
0.267
0.304
0.219
0.207
0.219
0.248
0.268
0.339
0.256
0.229
0.219
0.239
0.221
0.166
0.189
0.204
0.216
0.220
0.277
0.419
0.244
0.252
0.237
0.254
0.256
0.230
0.428
0.514
0.474
0.330
0.555
0.436
0.341
0.337
0.359
0.353
0.341
0.412
0.453
0.190
0.189
0.182
0.199
0.197
0.221
0.178
0.169
0.175
0.202
0.144
0.133
0.131
0.114
0.256
0.433
0.273
0.243
0.280
0.250
0.237
0.224
0.268
0.242
0.164
0.214
0.220
0.292
0.279
0.184
0.171
0.155
0.198
0.224
0.197
0.197
0.177
0.119
0.130
0.164
0.291
0.391
0.255
0.140
0.196
0.317
0.451
0.421
0.237
0.171
0.125
0.085
0.105
0.191
0.183
0.165
0.206
0.276
0.305
0.116
0.071
0.063
0.061
0.088
0.168
0.154
0.076
0.118
0.199
0.158
0.274
0.339
0.238
0.149
0.122
0.123
0.160
0.163
0.278
0.193
0.194
0.170
0.147
0.159
0.184
0.146
0.213
0.170
0.171
0.087
0.052
0.093
0.089
0.095
0.098
0.087
0.065
0.064
0.083
0.089
0.240
0.221
0.256
0.263
0.298
0.325
0.347
0.297
0.285
0.238
0.255
0.267
0.271
0.379
0.389
0.352
0.331
0.267
0.236
0.274
0.296
0.336
0.360
0.344
0.247
0.243
0.307
0.270
0.294
0.310
0.327
0.335
0.305
0.258
0.257
0.254
0.289
0.383
0.360
0.471
0.463
0.482
0.482
0.452
0.503
0.567
0.548
0.486
0.377
0.373
0.449
0.620
0.756
0.872
0.845
0.654
0.559
0.549
0.568
0.490
0.486
0.509
0.497
0.451
0.530
0.466
0.408
0.472
0.467
0.627
0.676
0.610
0.656
0.678
0.713
0.648
0.725
0.768
0.737
0.761
0.741
0.660
0.521
0.525
0.463
0.476
0.442
0.445
0.429
0.458
0.760
0.869
0.818
0.895
0.794
0.815
0.787
0.861
0.881
0.880
0.848
0.832
0.739
0.732
0.721
0.679
0.709
0.695
0.785
0.823
0.837
0.843
0.822
0.753
0.649
0.762
0.846
0.817
0.775
0.824
0.854
0.775
0.699
0.614
0.590
0.575
0.575
0.603
0.471
0.541
0.601
0.601
0.567
0.588
0.638
0.637
0.501
0.410
0.418
0.395
0.444
0.525
0.498
0.468
0.435
0.324
0.255
0.289
0.213
0.241
0.263
0.224
0.248
0.244
0.267
0.267
0.284
0.300
0.266
0.297
0.271
0.276
0.316
0.404
0.307
0.361
0.405
0.351
0.298
0.191
0.179
0.193
0.181
0.203
0.234
0.280
0.279
0.224
0.178
0.108
0.155
0.263
0.260
0.228
0.389
0.249
0.245
0.253
0.276
0.310
0.425
0.346
0.255
0.226
0.230
0.198
0.210
0.198
0.221
0.228
0.294
0.245
0.223
0.154
0.187
0.156
0.168
0.230
0.207
0.214
0.253
0.229
0.216
0.209
0.263
0.257
0.231
0.277
0.231
0.246
0.219
0.228
0.243
0.289
0.347
0.291
0.408
0.434
0.362
0.328
0.299
0.319
0.344
0.332
0.350
0.374
0.327
0.385
0.550
0.452
0.508
0.408
0.412
0.325
0.359
0.256
0.316
0.266
0.287
0.234
0.233
0.182
0.148
0.172
0.144
0.191
0.179
0.240
0.238
0.250
0.205
0.175
0.216
0.214
0.251
0.265
0.398
0.414
0.290
0.516
0.527
0.503
0.535
0.385
0.309
0.394
0.249
0.264
0.251
0.317
0.236
0.162
0.170
0.177
0.218
0.200
0.231
0.678
0.484
0.357
0.207
0.234
0.224
0.230
0.230
0.246
0.262
0.242
0.245
0.281
0.212
0.051
0.086
0.084
0.085
0.086
0.081
0.126
0.109
0.117
0.108
0.101
0.107
0.127
0.191
0.189
0.175
0.163
0.134
0.130
0.120
0.149
0.126
0.116
0.121
0.149
0.193
0.243
0.179
0.160
0.157
0.227
0.365
0.409
0.202
0.145
0.202
0.152
0.148
0.163
0.153
0.168
0.247
0.276
0.268
0.226
0.248
0.223
0.239
0.222
0.100
0.074
0.095
0.167
0.195
0.214
0.127
0.072
0.079
0.103
0.141
0.212
0.146
0.260
0.257
0.231
0.204
0.079
0.085
0.089
0.112
0.148
0.143
0.062
0.144
0.149
0.244
0.310
0.288
0.282
0.326
0.338
0.299
0.261
0.273
0.315
0.267
0.325
0.217
0.171
0.192
0.256
0.254
0.237
0.307
0.339
0.364
0.353
0.330
0.301
0.338
0.347
0.351
0.364
0.393
0.503
0.638
0.736
0.745
0.722
0.606
0.523
0.540
0.517
0.558
0.589
0.545
0.633
0.629
0.557
0.552
0.544
0.611
0.704
0.870
0.775
0.744
0.732
0.787
0.719
0.781
0.688
0.695
0.679
0.718
0.830
0.741
0.707
0.694
0.763
0.753
0.751
0.766
0.895
0.885
0.828
0.838
0.900
0.894
0.836
0.780
0.799
0.825
0.847
0.855
0.844
0.760
0.723
0.778
0.828
0.824
0.852
0.795
0.793
0.735
0.741
0.698
0.654
0.679
0.712
0.706
0.697
0.644
0.660
0.831
0.910
0.901
0.874
0.866
0.818
0.945
0.888
0.874
0.823
0.834
0.774
0.764
0.761
0.783
0.670
0.687
0.730
0.756
0.681
0.664
0.706
0.728
0.622
0.707
0.724
0.721
0.656
0.668
0.679
0.716
0.685
0.724
0.654
0.590
0.542
0.576
0.589
0.548
0.470
0.457
0.357
0.362
0.393
0.455
0.472
0.422
0.453
0.408
0.389
0.277
0.270
0.347
0.330
0.355
0.354
0.302
0.229
0.283
0.285
0.301
0.245
0.260
0.274
0.286
0.322
0.329
0.338
0.324
0.267
0.327
0.481
0.408
0.434
0.288
0.283
0.369
0.262
0.180
0.193
0.274
0.268
0.296
0.326
0.348
0.427
0.390
0.292
0.283
0.326
0.256
0.213
0.268
0.370
0.385
0.346
0.296
0.286
0.331
0.305
0.271
0.227
0.241
0.217
0.230
0.216
0.244
0.297
0.397
0.324
0.408
0.442
0.343
0.303
0.285
0.275
0.338
0.357
0.423
0.371
0.383
0.351
0.372
0.369
0.291
0.273
0.436
0.412
0.323
0.297
0.280
0.285
0.366
0.387
0.391
0.569
0.568
0.325
0.284
0.275
0.296
0.351
0.366
0.342
0.229
0.238
0.397
0.488
0.330
0.258
0.340
0.482
0.482
0.288
0.296
0.337
0.306
0.299
0.412
0.355
0.448
0.329
0.275
0.263
0.178
0.159
0.144
0.211
0.216
0.256
0.310
0.303
0.288
0.289
0.319
0.258
0.270
0.254
0.255
0.395
0.255
0.232
0.204
0.168
0.186
0.155
0.142
0.194
0.168
0.166
0.140
0.096
0.088
0.076
0.064
0.073
0.098
0.062
0.130
0.156
0.084
0.119
0.103
0.098
0.114
0.102
0.081
0.082
0.090
0.095
0.125
0.178
0.221
0.208
0.165
0.199
0.143
0.085
0.111
0.108
0.117
0.143
0.207
0.208
0.184
0.148
0.183
0.215
0.316
0.327
0.294
0.283
0.209
0.233
0.221
0.215
0.278
0.229
0.286
0.331
0.339
0.219
0.232
0.220
0.130
0.091
0.099
0.159
0.223
0.272
0.304
0.190
0.080
0.091
0.056
0.069
0.130
0.227
0.278
0.308
0.407
0.441
0.481
0.548
0.474
0.356
0.320
0.298
0.253
0.276
0.315
0.332
0.356
0.369
0.366
0.361
0.341
0.263
0.216
0.205
0.199
0.206
0.217
0.230
0.216
0.260
0.290
0.283
0.348
0.361
0.366
0.354
0.378
0.338
0.415
0.415
0.528
0.557
0.644
0.723
0.556
0.521
0.460
0.446
0.451
0.502
0.541
0.582
0.583
0.619
0.641
0.695
0.596
0.583
0.506
0.541
0.571
0.644
0.668
0.642
0.651
0.624
0.633
0.527
0.457
0.451
0.468
0.421
0.467
0.577
0.609
0.601
0.518
0.484
0.497
0.399
0.397
0.433
0.554
0.546
0.620
0.626
0.630
0.752
0.739
0.640
0.643
0.691
0.767
0.862
0.918
0.850
0.841
0.914
0.849
0.839
0.922
0.823
0.924
0.853
0.826
0.813
0.821
0.779
0.802
0.853
0.816
0.794
0.739
0.737
0.759
0.712
0.679
0.680
0.687
0.714
0.695
0.650
0.625
0.519
0.458
0.444
0.579
0.622
0.583
0.650
0.635
0.671
0.682
0.728
0.712
0.702
0.768
0.683
0.530
0.586
0.502
0.575
0.567
0.660
0.611
0.466
0.472
0.731
0.581
0.754
0.764
0.795
0.765
0.678
0.593
0.536
0.642
0.705
0.590
0.370
0.380
0.382
0.327
0.341
0.364
0.360
0.332
0.339
0.334
0.325
0.319
0.314
0.291
0.225
0.243
0.244
0.204
0.231
0.288
0.276
0.295
0.313
0.192
0.176
0.210
0.196
0.212
0.213
0.280
0.467
0.552
0.442
0.331
0.283
0.244
0.243
0.257
0.252
0.260
0.285
0.304
0.307
0.297
0.317
0.314
0.306
0.297
0.310
0.319
0.384
0.434
0.356
0.326
0.345
0.303
0.326
0.310
0.279
0.229
0.198
0.214
0.291
0.354
0.291
0.262
0.239
0.273
0.328
0.424
0.526
0.555
0.427
0.365
0.334
0.320
0.349
0.396
0.454
0.407
0.469
0.369
0.421
0.312
0.355
0.380
0.387
0.310
0.329
0.308
0.350
0.294
0.259
0.271
0.330
0.321
0.347
0.297
0.385
0.366
0.262
0.256
0.393
0.318
0.200
0.231
0.475
0.429
0.352
0.367
0.433
0.425
0.369
0.262
0.284
0.360
0.431
0.435
0.515
0.478
0.361
0.240
0.301
0.302
0.369
0.317
0.378
0.385
0.342
0.296
0.252
0.172
0.197
0.179
0.207
0.153
0.141
0.194
0.225
0.197
0.207
0.244
0.242
0.214
0.213
0.201
0.290
0.288
0.322
0.301
0.296
0.292
0.248
0.227
0.129
0.157
0.151
0.137
0.197
0.202
0.249
0.309
0.241
0.203
0.130
0.169
0.276
0.237
0.185
0.077
0.088
0.079
0.073
0.070
0.070
0.076
0.094
0.139
0.231
0.171
0.046
0.050
0.057
0.062
0.070
0.144
0.162
0.115
0.072
0.078
0.072
0.101
0.181
0.206
0.222
0.252
0.232
0.203
0.240
0.307
0.350
0.303
0.249
0.239
0.221
0.295
0.254
0.284
0.274
0.229
0.250
0.190
0.164
0.177
0.168
0.199
0.213
0.223
0.282
0.260
0.178
0.183
0.187
0.257
0.245
0.169
0.181
0.264
0.228
0.236
0.201
0.154
0.117
0.185
0.224
0.277
0.263
0.239
0.315
0.359
0.280
0.235
0.254
0.286
0.374
0.403
0.278
0.297
0.280
0.262
0.337
0.369
0.444
0.470
0.486
0.522
0.598
0.629
0.601
0.642
0.662
0.674
0.736
0.778
0.807
0.787
0.741
0.688
0.739
0.649
0.679
0.741
0.622
0.764
0.663
0.675
0.710
0.775
0.748
0.697
0.606
0.557
0.524
0.537
0.509
0.637
0.570
0.649
0.759
0.844
0.849
0.834
0.739
0.763
0.810
0.849
0.849
0.822
0.870
0.844
0.815
0.799
0.771
0.743
0.733
0.710
0.745
0.710
0.762
0.778
0.725
0.716
0.733
0.742
0.704
0.678
0.706
0.689
0.709
0.706
0.694
0.637
0.632
0.603
0.568
0.410
0.403
0.337
0.447
0.584
0.588
0.642
0.664
0.699
0.690
0.828
0.797
0.865
0.901
0.889
0.878
0.917
0.860
0.801
0.674
0.703
0.820
0.935
0.830
0.815
0.805
0.773
0.708
0.706
0.784
0.628
0.700
0.599
0.501
0.447
0.457
0.449
0.403
0.335
0.379
0.403
0.402
0.357
0.333
0.468
0.342
0.363
0.391
0.333
0.360
0.399
0.402
0.339
0.343
0.284
0.282
0.311
0.269
0.273
0.326
0.361
0.309
0.316
0.400
0.288
0.325
0.343
0.301
0.254
0.289
0.309
0.303
0.260
0.262
0.274
0.252
0.263
0.247
0.279
0.229
0.249
0.235
0.271
0.262
0.304
0.334
0.378
0.387
0.235
0.292
0.320
0.386
0.324
0.306
0.245
0.215
0.229
0.211
0.211
0.219
0.195
0.209
0.237
0.253
0.265
0.217
0.204
0.242
0.286
0.316
0.310
0.372
0.332
0.253
0.277
0.271
0.304
0.385
0.346
0.304
0.492
0.376
0.441
0.416
0.323
0.316
0.314
0.266
0.254
0.309
0.326
0.290
0.306
0.320
0.259
0.308
0.353
0.363
0.447
0.474
0.350
0.294
0.229
0.232
0.251
0.252
0.234
0.231
0.267
0.268
0.245
0.238
0.224
0.212
0.219
0.229
0.170
0.173
0.229
0.272
0.231
0.182
0.213
0.227
0.207
0.228
0.222
0.287
0.324
0.361
0.266
0.216
0.154
0.138
0.153
0.165
0.203
0.186
0.256
0.185
0.144
0.202
0.274
0.227
0.173
0.180
0.141
0.136
0.503
0.645
0.522
0.318
0.274
0.377
0.368
0.322
0.248
0.227
0.267
0.244
0.195
0.163
0.197
0.226
0.210
0.158
0.139
0.093
0.115
0.097
0.095
0.180
0.243
0.183
0.173
0.200
0.204
0.182
0.222
0.265
0.222
0.191
0.181
0.119
0.193
0.136
0.133
0.192
0.156
0.185
0.190
0.157
0.185
0.225
0.294
0.254
0.179
0.230
0.261
0.255
0.242
0.218
0.184
0.156
0.109
0.108
0.102
0.160
0.225
0.199
0.201
0.162
0.175
0.222
0.277
0.321
0.327
0.304
0.194
0.272
0.367
0.445
0.361
0.412
0.324
0.297
0.297
0.275
0.298
0.300
0.289
0.341
0.446
0.691
0.588
0.511
0.428
0.397
0.423
0.349
0.345
0.321
0.304
0.361
0.387
0.387
0.345
0.287
0.297
0.318
0.338
0.315
0.272
0.304
0.251
0.296
0.410
0.474
0.572
0.687
0.619
0.636
0.627
0.593
0.529
0.426
0.403
0.731
0.759
0.782
0.715
0.761
0.737
0.748
0.620
0.542
0.547
0.547
0.595
0.668
0.752
0.807
0.845
0.770
0.828
0.839
0.796
0.723
0.818
0.812
0.852
0.844
0.861
0.922
0.912
0.844
0.904
0.819
0.785
0.857
0.913
0.903
0.901
0.904
0.863
0.867
0.835
0.884
0.843
0.866
0.907
0.945
0.937
0.894
0.918
0.860
0.830
0.850
0.855
0.867
0.856
0.819
0.762
0.903
0.916
0.854
0.835
0.741
0.682
0.851
0.896
0.832
0.801
0.744
0.801
0.796
0.739
0.724
0.725
0.723
0.701
0.700
0.725
0.760
0.757
0.800
0.805
0.826
0.762
0.746
0.754
0.681
0.639
0.533
0.452
0.588
0.618
0.579
0.449
0.539
0.526
0.501
0.472
0.478
0.487
0.377
0.512
0.341
0.366
0.364
0.339
0.312
0.381
0.462
0.436
0.444
0.363
0.305
0.312
0.368
0.367
0.361
0.337
0.331
0.299
0.291
0.305
0.436
0.322
0.319
0.351
0.342
0.319
0.288
0.276
0.302
0.356
0.354
0.331
0.325
0.325
0.319
0.333
0.354
0.337
0.343
0.345
0.454
0.323
0.319
0.333
0.270
0.250
0.343
0.384
0.323
0.419
0.392
0.394
0.523
0.569
0.495
0.419
0.444
0.342
0.277
0.277
0.317
0.300
0.315
0.303
0.270
0.276
0.290
0.323
0.336
0.332
0.331
0.389
0.448
0.517
0.421
0.345
0.344
0.322
0.382
0.438
0.482
0.485
0.408
0.372
0.358
0.300
0.371
0.358
0.386
0.351
0.313
0.239
0.235
0.278
0.255
0.201
0.209
0.241
0.266
0.271
0.245
0.217
0.179
0.154
0.210
0.246
0.253
0.273
0.475
0.432
0.267
0.298
0.249
0.260
0.207
0.350
0.484
0.310
0.275
0.503
0.524
0.377
0.420
0.322
0.354
0.336
0.276
0.309
0.284
0.256
0.231
0.247
0.258
0.299
0.311
0.315
0.281
0.286
0.374
0.341
0.226
0.224
0.192
0.191
0.166
0.160
0.208
0.311
0.262
0.375
0.403
0.293
0.215
0.177
0.169
0.177
0.216
0.280
0.313
0.205
0.158
0.158
0.146
0.145
0.107
0.111
0.106
0.106
0.132
0.173
0.132
0.076
0.101
0.099
0.122
0.138
0.145
0.167
0.151
0.113
0.142
0.155
0.182
0.171
0.117
0.100
0.094
0.160
0.135
0.110
0.165
0.203
0.236
0.178
0.131
0.114
0.122
0.138
0.142
0.131
0.121
0.143
0.147
0.196
0.243
0.231
0.280
0.285
0.298
0.240
0.207
0.268
0.272
0.287
0.324
0.289
0.261
0.277
0.295
0.398
0.356
0.295
0.240
0.256
0.296
0.272
0.241
0.317
0.265
0.225
0.196
0.221
0.515
0.490
0.518
0.455
0.379
0.299
0.302
0.313
0.351
0.338
0.336
0.409
0.510
0.511
0.455
0.501
0.497
0.521
0.537
0.438
0.368
0.566
0.772
0.699
0.701
0.636
0.639
0.609
0.561
0.739
0.902
0.909
0.835
0.846
0.820
0.817
0.830
0.883
0.867
0.782
0.811
0.759
0.739
0.739
0.739
0.665
0.653
0.670
0.634
0.623
0.625
0.633
0.725
0.711
0.667
0.732
0.730
0.768
0.733
0.757
0.787
0.896
0.857
0.861
0.827
0.838
0.803
0.910
0.866
0.846
0.869
0.912
0.915
0.872
0.874
0.857
0.806
0.736
0.725
0.890
0.868
0.866
0.773
0.711
0.710
0.777
0.781
0.812
0.841
0.872
0.844
0.849
0.843
0.861
0.846
0.866
0.857
0.801
0.757
0.756
0.795
0.745
0.720
0.702
0.659
0.649
0.634
0.564
0.682
0.686
0.757
0.675
0.745
0.705
0.678
0.659
0.742
0.705
0.596
0.458
0.487
0.539
0.497
0.379
0.361
0.429
0.395
0.403
0.429
0.492
0.457
0.409
0.376
0.321
0.296
0.281
0.221
0.235
0.277
0.287
0.296
0.313
0.289
0.306
0.281
0.252
0.281
0.292
0.278
0.255
0.313
0.342
0.236
0.247
0.339
0.372
0.238
0.337
0.306
0.321
0.269
0.314
0.246
0.251
0.266
0.267
0.244
0.217
0.244
0.226
0.202
0.198
0.227
0.210
0.239
0.268
0.251
0.320
0.389
0.411
0.353
0.339
0.352
0.293
0.338
0.312
0.295
0.294
0.229
0.316
0.286
0.309
0.318
0.303
0.318
0.254
0.277
0.213
0.269
0.390
0.303
0.309
0.280
0.233
0.318
0.391
0.273
0.326
0.362
0.383
0.295
0.265
0.250
0.229
0.185
0.224
0.283
0.336
0.364
0.406
0.367
0.437
0.372
0.321
0.249
0.204
0.238
0.275
0.303
0.392
0.387
0.266
0.251
0.219
0.239
0.185
0.184
0.282
0.363
0.322
0.274
0.315
0.215
0.270
0.215
0.391
0.370
0.290
0.360
0.317
0.275
0.254
0.246
0.200
0.156
0.128
0.131
0.185
0.177
0.183
0.139
0.164
0.141
0.137
0.197
0.343
0.290
0.143
0.097
0.079
0.144
0.118
0.139
0.159
0.183
0.188
0.181
0.174
0.154
0.115
0.144
0.136
0.164
0.197
0.287
0.277
0.211
0.166
0.148
0.146
0.151
0.191
0.096
0.115
0.099
0.313
0.302
0.195
0.141
0.153
0.151
0.241
0.234
0.308
0.325
0.340
0.424
0.457
0.274
0.214
0.159
0.178
0.166
0.161
0.189
0.183
0.181
0.182
0.175
0.196
0.089
0.110
0.127
0.148
0.146
0.127
0.099
0.101
0.102
0.118
0.104
0.151
0.146
0.156
0.192
0.242
0.264
0.255
0.332
0.332
0.282
0.330
0.294
0.262
0.275
0.282
0.274
0.246
0.280
0.301
0.314
0.326
0.333
0.316
0.328
0.282
0.236
0.189
0.206
0.230
0.247
0.288
0.298
0.301
0.325
0.314
0.329
0.333
0.376
0.541
0.517
0.479
0.537
0.583
0.573
0.832
0.671
0.745
0.625
0.586
0.613
0.485
0.507
0.575
0.571
0.452
0.420
0.416
0.523
0.570
0.673
0.532
0.583
0.737
0.762
0.686
0.791
0.672
0.636
0.554
0.631
0.599
0.800
0.836
0.845
0.808
0.819
0.765
0.683
0.607
0.568
0.561
0.539
0.593
0.571
0.532
0.547
0.686
0.597
0.672
0.821
0.854
0.733
0.785
0.803
0.811
0.887
0.832
0.796
0.862
0.849
0.798
0.826
0.815
0.790
0.814
0.940
0.865
0.911
0.833
0.803
0.760
0.795
0.740
0.716
0.677
0.707
0.728
0.658
0.756
0.815
0.826
0.714
0.680
0.669
0.643
0.571
0.508
0.498
0.614
0.712
0.762
0.749
0.638
0.598
0.639
0.728
0.740
0.733
0.816
0.811
0.836
0.847
0.865
0.814
0.723
0.739
0.769
0.705
0.604
0.616
0.663
0.689
0.682
0.645
0.671
0.645
0.618
0.555
0.549
0.568
0.588
0.589
0.591
0.566
0.465
0.338
0.313
0.292
0.287
0.283
0.307
0.336
0.346
0.317
0.315
0.299
0.268
0.301
0.290
0.266
0.242
0.242
0.299
0.365
0.400
0.320
0.218
0.258
0.258
0.226
0.185
0.222
0.272
0.267
0.278
0.281
0.308
0.322
0.266
0.240
0.254
0.305
0.272
0.428
0.784
0.554
0.204
0.304
0.284
0.317
0.296
0.275
0.270
0.298
0.326
0.275
0.319
0.239
0.186
0.234
0.252
0.292
0.312
0.297
0.295
0.324
0.352
0.347
0.376
0.387
0.355
0.329
0.410
0.288
0.251
0.287
0.351
0.460
0.411
0.288
0.235
0.199
0.283
0.342
0.331
0.284
0.274
0.273
0.337
0.303
0.319
0.533
0.410
0.429
0.516
0.707
0.708
0.637
0.558
0.484
0.515
0.513
0.412
0.359
0.376
0.454
0.460
0.318
0.275
0.233
0.287
0.307
0.388
0.282
0.287
0.224
0.195
0.267
0.351
0.247
0.215
0.299
0.416
0.386
0.295
0.332
0.259
0.237
0.255
0.385
0.333
0.420
0.343
0.288
0.249
0.253
0.231
0.201
0.208
0.162
0.173
0.245
0.328
0.194
0.230
0.201
0.184
0.174
0.141
0.242
0.213
0.161
0.233
0.202
0.164
0.128
0.173
0.113
0.093
0.105
0.124
0.106
0.139
0.149
0.208
0.236
0.222
0.177
0.213
0.152
0.159
0.170
0.233
0.303
0.251
0.227
0.216
0.202
0.179
0.183
0.127
0.176
0.306
0.234
0.257
0.222
0.170
0.126
0.093
0.078
0.107
0.162
0.139
0.121
0.077
0.060
0.104
0.183
0.180
0.100
0.106
0.092
0.095
0.087
0.070
0.080
0.086
0.127
0.129
0.161
0.238
0.202
0.250
0.149
0.132
0.140
0.186
0.252
0.302
0.269
0.300
0.318
0.311
0.306
0.269
0.250
0.292
0.279
0.173
0.240
0.221
0.284
0.279
0.272
0.272
0.288
0.303
0.329
0.321
0.337
0.343
0.357
0.327
0.283
0.281
0.297
0.328
0.350
0.337
0.355
0.325
0.317
0.346
0.329
0.393
0.375
0.312
0.249
0.317
0.405
0.406
0.515
0.481
0.480
0.585
0.753
0.603
0.539
0.539
0.688
0.578
0.548
0.516
0.437
0.417
0.391
0.644
0.808
0.735
0.705
0.765
0.878
0.724
0.736
0.818
0.854
0.837
0.770
0.859
0.825
0.850
0.900
0.910
0.901
0.862
0.859
0.878
0.773
0.811
0.797
0.823
0.703
0.674
0.722
0.739
0.778
0.756
0.722
0.701
0.693
0.738
0.833
0.810
0.764
0.766
0.703
0.675
0.645
0.628
0.648
0.593
0.586
0.576
0.563
0.699
0.733
0.898
0.913
0.919
0.849
0.845
0.839
0.803
0.771
0.768
0.755
0.713
0.618
0.583
0.735
0.655
0.695
0.602
0.586
0.625
0.652
0.607
0.517
0.509
0.505
0.532
0.499
0.446
0.520
0.560
0.583
0.515
0.394
0.331
0.397
0.404
0.462
0.563
0.759
0.758
0.618
0.517
0.616
0.618
0.578
0.519
0.447
0.390
0.371
0.366
0.358
0.287
0.333
0.327
0.302
0.279
0.235
0.143
0.134
0.204
0.227
0.266
0.303
0.274
0.254
0.209
0.187
0.226
0.247
0.272
0.307
0.297
0.367
0.367
0.373
0.356
0.530
0.717
0.662
0.653
0.574
0.651
0.563
0.517
0.513
0.535
0.475
0.391
0.431
0.511
0.361
0.247
0.348
0.473
0.435
0.373
0.363
0.382
0.415
0.452
0.390
0.272
0.256
0.356
0.387
0.252
0.235
0.318
0.388
0.459
0.343
0.404
0.518
0.480
0.447
0.548
0.526
0.377
0.388
0.419
0.271
0.272
0.280
0.308
0.480
0.558
0.457
0.308
0.342
0.430
0.392
0.325
0.321
0.360
0.381
0.313
0.294
0.357
0.474
0.334
0.407
0.440
0.330
0.308
0.297
0.260
0.230
0.255
0.248
0.329
0.321
0.275
0.307
0.375
0.331
0.355
0.315
0.257
0.245
0.257
0.382
0.336
0.326
0.337
0.363
0.309
0.337
0.231
0.376
0.483
0.345
0.298
0.286
0.148
0.194
0.189
0.180
0.241
0.195
0.292
0.313
0.312
0.270
0.189
0.184
0.152
0.164
0.235
0.238
0.327
0.407
0.374
0.301
0.263
0.178
0.157
0.148
0.112
0.105
0.120
0.169
0.182
0.159
0.132
0.124
0.110
0.096
0.116
0.178
0.177
0.272
0.242
0.224
0.149
0.159
0.230
0.289
0.305
0.401
0.226
0.172
0.123
0.121
0.101
0.084
0.107
0.158
0.194
0.203
0.168
0.162
0.116
0.123
0.134
0.206
0.251
0.264
0.254
0.251
0.190
0.155
0.212
0.196
0.215
0.194
0.191
0.177
0.171
0.182
0.193
0.236
0.191
0.235
0.227
0.209
0.206
0.186
0.191
0.184
0.181
0.236
0.257
0.253
0.220
0.156
0.161
0.130
0.114
0.191
0.193
0.193
0.241
0.339
0.374
0.362
0.337
0.321
0.251
0.261
0.402
0.492
0.391
0.392
0.402
0.561
0.468
0.364
0.275
0.216
0.167
0.144
0.221
0.461
0.591
0.525
0.371
0.252
0.397
0.399
0.337
0.390
0.431
0.444
0.409
0.365
0.420
0.486
0.441
0.387
0.452
0.421
0.618
0.797
0.732
0.721
0.704
0.658
0.663
0.688
0.686
0.681
0.641
0.581
0.622
0.651
0.604
0.656
0.606
0.605
0.678
0.772
0.892
0.872
0.785
0.853
0.773
0.743
0.698
0.769
0.884
0.863
0.815
0.870
0.863
0.833
0.840
0.886
0.881
0.859
0.830
0.824
0.812
0.816
0.820
0.790
0.795
0.810
0.850
0.808
0.816
0.798
0.760
0.778
0.775
0.780
0.807
0.758
0.760
0.806
0.872
0.860
0.830
0.825
0.849
0.859
0.883
0.897
0.831
0.885
0.890
0.891
0.889
0.879
0.889
0.861
0.782
0.706
0.698
0.665
0.673
0.675
0.718
0.729
0.659
0.556
0.515
0.479
0.474
0.478
0.455
0.463
0.477
0.484
0.464
0.453
0.397
0.450
0.401
0.319
0.459
0.625
0.664
0.585
0.485
0.413
0.308
0.449
0.603
0.605
0.620
0.569
0.515
0.508
0.394
0.362
0.381
0.313
0.298
0.335
0.351
0.308
0.332
0.362
0.365
0.351
0.301
0.291
0.321
0.374
0.450
0.539
0.577
0.619
0.658
0.642
0.631
0.671
0.723
0.688
0.645
0.503
0.603
0.749
0.816
0.836
0.753
0.720
0.651
0.658
0.612
0.544
0.466
0.395
0.426
0.430
0.468
0.475
0.419
0.441
0.475
0.416
0.300
0.333
0.408
0.376
0.334
0.331
0.322
0.315
0.287
0.329
0.270
0.348
0.465
0.447
0.353
0.369
0.394
0.418
0.467
0.530
0.361
0.345
0.388
0.436
0.461
0.385
0.405
0.373
0.285
0.348
0.342
0.306
0.285
0.394
0.547
0.471
0.180
0.218
0.276
0.273
0.294
0.305
0.325
0.334
0.374
0.403
0.306
0.378
0.392
0.376
0.457
0.414
0.379
0.337
0.284
0.274
0.360
0.372
0.474
0.484
0.396
0.314
0.312
0.303
0.280
0.351
0.524
0.380
0.402
0.343
0.305
0.308
0.327
0.349
0.270
0.232
0.331
0.251
0.302
0.343
0.260
0.281
0.340
0.303
0.273
0.252
0.226
0.222
0.214
0.132
0.160
0.199
0.157
0.141
0.133
0.139
0.135
0.134
0.151
0.253
0.224
0.201
0.236
0.200
0.155
0.139
0.122
0.126
0.223
0.201
0.223
0.194
0.195
0.130
0.128
0.125
0.119
0.109
0.113
0.185
0.154
0.183
0.198
0.222
0.208
0.158
0.183
0.255
0.188
0.107
0.090
0.116
0.101
0.083
0.080
0.090
0.106
0.129
0.130
0.201
0.250
0.209
0.212
0.279
0.332
0.348
0.296
0.269
0.276
0.189
0.254
0.291
0.311
0.309
0.305
0.269
0.244
0.239
0.233
0.294
0.365
0.416
0.433
0.425
0.375
0.321
0.316
0.294
0.266
0.256
0.263
0.343
0.373
0.397
0.320
0.328
0.259
0.265
0.302
0.418
0.425
0.383
0.402
0.450
0.451
0.469
0.498
0.461
0.509
0.559
0.553
0.575
0.483
0.534
0.596
0.779
0.605
0.541
0.726
0.865
0.794
0.708
0.674
0.675
0.677
0.688
0.682
0.852
0.773
0.809
0.826
0.877
0.827
0.755
0.763
0.848
0.877
0.889
0.856
0.865
0.844
0.810
0.793
0.791
0.909
0.869
0.890
0.821
0.821
0.827
0.848
0.847
0.884
0.887
0.845
0.932
0.880
0.845
0.818
0.851
0.925
0.916
0.918
0.910
0.927
0.904
0.928
0.937
0.923
0.849
0.851
0.833
0.823
0.826
0.837
0.825
0.872
0.876
0.844
0.883
0.858
0.899
0.903
0.881
0.907
0.867
0.883
0.935
0.944
0.914
0.901
0.906
0.904
0.894
0.925
0.911
0.880
0.803
0.832
0.864
0.899
0.882
0.840
0.826
0.790
0.793
0.782
0.789
0.795
0.802
0.768
0.748
0.696
0.646
0.605
0.591
0.649
0.629
0.608
0.555
0.493
0.493
0.400
0.405
0.405
0.392
0.422
0.337
0.343
0.336
0.353
0.292
0.306
0.303
0.335
0.280
0.320
0.325
0.304
0.299
0.323
0.318
0.311
0.274
0.285
0.320
0.274
0.287
0.290
0.343
0.352
0.352
0.350
0.332
0.337
0.309
0.356
0.341
0.306
0.320
0.295
0.322
0.317
0.305
0.281
0.305
0.354
0.414
0.439
0.454
0.441
0.399
0.368
0.307
0.247
0.244
0.226
0.307
0.394
0.423
0.392
0.320
0.317
0.366
0.259
0.195
0.234
0.292
0.325
0.301
0.283
0.289
0.316
0.344
0.341
0.295
0.364
0.366
0.412
0.415
0.415
0.332
0.297
0.330
0.410
0.444
0.473
0.613
0.591
0.468
0.476
0.586
0.423
0.264
0.399
0.364
0.319
0.330
0.289
0.257
0.355
0.534
0.529
0.370
0.421
0.384
0.291
0.313
0.377
0.372
0.375
0.315
0.429
0.374
0.410
0.328
0.275
0.205
0.256
0.276
0.416
0.461
0.347
0.369
0.129
0.172
0.170
0.163
0.184
0.402
0.278
0.235
0.302
0.347
0.253
0.256
0.298
0.251
0.348
0.312
0.190
0.174
0.213
0.197
0.160
0.171
0.258
0.323
0.335
0.305
0.249
0.262
0.243
0.184
0.109
0.100
0.149
0.157
0.258
0.195
0.184
0.137
0.176
0.186
0.177
0.197
0.072
0.064
0.119
0.118
0.073
0.129
0.157
0.205
0.146
0.153
0.172
0.171
0.121
0.137
0.171
0.177
0.191
0.210
0.168
0.138
0.204
0.240
0.233
0.304
0.292
0.283
0.210
0.218
0.250
0.228
0.394
0.390
0.244
0.196
0.246
0.205
0.189
0.185
0.186
0.175
0.169
0.239
0.194
0.196
0.276
0.382
0.363
0.354
0.334
0.223
0.214
0.223
0.290
0.326
0.306
0.239
0.216
0.251
0.246
0.232
0.220
0.233
0.284
0.261
0.258
0.250
0.238
0.283
0.246
0.242
0.296
0.322
0.351
0.364
0.365
0.373
0.327
0.322
0.372
0.350
0.370
0.390
0.491
0.440
0.380
0.501
0.499
0.515
0.465
0.399
0.408
0.435
0.401
0.405
0.431
0.445
0.479
0.460
0.473
0.461
0.420
0.411
0.441
0.480
0.445
0.605
0.870
0.775
0.712
0.721
0.757
0.859
0.897
0.833
0.868
0.853
0.812
0.766
0.772
0.788
0.841
0.794
0.723
0.725
0.783
0.801
0.811
0.805
0.728
0.832
0.840
0.836
0.891
0.856
0.911
0.894
0.800
0.786
0.749
0.817
0.877
0.853
0.824
0.874
0.861
0.888
0.938
0.914
0.911
0.928
0.877
0.798
0.858
0.916
0.869
0.911
0.908
0.931
0.877
0.853
0.872
0.810
0.803
0.825
0.862
0.836
0.834
0.836
0.835
0.894
0.952
0.933
0.891
0.855
0.856
0.930
0.897
0.930
0.852
0.808
0.830
0.854
0.796
0.786
0.816
0.834
0.848
0.824
0.796
0.712
0.608
0.527
0.523
0.490
0.434
0.426
0.396
0.589
0.612
0.558
0.436
0.402
0.432
0.407
0.393
0.411
0.408
0.384
0.387
0.377
0.360
0.338
0.321
0.337
0.314
0.329
0.378
0.317
0.289
0.285
0.269
0.273
0.259
0.291
0.314
0.327
0.299
0.304
0.308
0.326
0.288
0.300
0.282
0.315
0.274
0.276
0.266
0.254
0.302
0.277
0.232
0.245
0.262
0.288
0.325
0.327
0.317
0.299
0.278
0.305
0.316
0.292
0.288
0.354
0.341
0.277
0.322
0.311
0.296
0.289
0.257
0.252
0.273
0.267
0.338
0.442
0.275
0.337
0.523
0.523
0.436
0.419
0.380
0.322
0.276
0.208
0.244
0.247
0.232
0.269
0.304
0.326
0.338
0.534
0.356
0.375
0.344
0.375
0.368
0.327
0.291
0.278
0.241
0.218
0.203
0.232
0.316
0.365
0.477
0.394
0.425
0.407
0.408
0.461
0.358
0.299
0.228
0.283
0.282
0.238
0.251
0.206
0.217
0.234
0.188
0.221
0.294
0.276
0.302
0.347
0.447
0.498
0.340
0.285
0.233
0.243
0.268
0.300
0.357
0.426
0.319
0.385
0.334
0.387
0.341
0.292
0.286
0.293
0.270
0.303
0.363
0.298
0.231
0.247
0.203
0.154
0.175
0.140
0.121
0.110
0.127
0.139
0.130
0.158
0.193
0.219
0.145
0.162
0.226
0.193
0.260
0.349
0.198
0.165
0.175
0.144
0.174
0.233
0.256
0.138
0.176
0.231
0.281
0.334
0.249
0.201
0.158
0.160
0.240
0.209
0.147
0.110
0.136
0.181
0.270
0.254
0.212
0.189
0.151
0.172
0.151
0.189
0.265
0.346
0.308
0.302
0.275
0.252
0.295
0.266
0.248
0.213
0.161
0.176
0.212
0.211
0.127
0.075
0.141
0.265
0.224
0.243
0.235
0.160
0.163
0.225
0.240
0.254
0.273
0.186
0.160
0.203
0.265
0.259
0.212
0.185
0.165
0.193
0.253
0.304
0.342
0.343
0.350
0.336
0.305
0.273
0.294
0.298
0.308
0.331
0.374
0.406
0.466
0.597
0.594
0.630
0.676
0.597
0.638
0.584
0.526
0.465
0.530
0.680
0.794
0.657
0.622
0.607
0.595
0.559
0.573
0.549
0.685
0.615
0.616
0.620
0.599
0.611
0.551
0.565
0.597
0.707
0.709
0.798
0.799
0.821
0.802
0.850
0.770
0.852
0.839
0.898
0.825
0.848
0.880
0.855
0.805
0.817
0.892
0.791
0.767
0.862
0.844
0.857
0.905
0.916
0.850
0.842
0.889
0.851
0.891
0.872
0.801
0.852
0.906
0.900
0.896
0.916
0.883
0.888
0.908
0.905
0.909
0.865
0.855
0.832
0.796
0.785
0.919
0.940
0.882
0.868
0.893
0.866
0.774
0.800
0.811
0.796
0.810
0.812
0.831
0.811
0.795
0.770
0.761
0.826
0.800
0.691
0.586
0.574
0.623
0.556
0.569
0.562
0.603
0.552
0.525
0.477
0.388
0.853
0.874
0.874
0.889
0.930
0.876
0.812
0.896
0.921
0.890
0.864
0.833
0.840
0.792
0.760
0.781
0.775
0.801
0.824
0.811
0.735
0.706
0.688
0.645
0.566
0.539
0.518
0.451
0.430
0.395
0.385
0.365
0.397
0.498
0.629
0.504
0.440
0.444
0.450
0.465
0.473
0.471
0.441
0.468
0.457
0.437
0.439
0.503
0.541
0.447
0.436
0.460
0.454
0.477
0.428
0.337
0.313
0.344
0.345
0.318
0.315
0.327
0.319
0.342
0.321
0.326
0.277
0.276
0.304
0.346
0.346
0.324
0.307
0.261
0.348
0.408
0.325
0.332
0.300
0.312
0.319
0.363
0.367
0.368
0.397
0.416
0.423
0.404
0.430
0.468
0.316
0.388
0.332
0.389
0.495
0.541
0.513
0.427
0.481
0.552
0.490
0.446
0.585
0.541
0.644
0.569
0.305
0.342
0.381
0.446
0.487
0.491
0.417
0.414
0.415
0.455
0.382
0.526
0.496
0.402
0.475
0.604
0.853
0.841
0.686
0.667
0.624
0.541
0.439
0.395
0.304
0.313
0.355
0.365
0.371
0.381
0.372
0.412
0.371
0.391
0.399
0.312
0.293
0.438
0.326
0.375
0.501
0.386
0.394
0.297
0.273
0.237
0.282
0.428
0.387
0.442
0.434
0.445
0.422
0.268
0.286
0.287
0.239
0.270
0.259
0.350
0.295
0.254
0.252
0.339
0.338
0.264
0.181
0.150
0.212
0.202
0.154
0.186
0.283
0.120
0.102
0.159
0.310
0.292
0.239
0.236
0.231
0.222
0.204
0.220
0.276
0.249
0.194
0.253
0.267
0.152
0.154
0.162
0.241
0.140
0.108
0.096
0.120
0.143
0.176
0.202
0.186
0.182
0.198
0.243
0.284
0.210
0.224
0.161
0.154
0.169
0.164
0.182
0.166
0.121
0.140
0.144
0.123
0.177
0.221
0.246
0.275
0.216
0.164
0.119
0.130
0.209
0.300
0.319
0.312
0.323
0.297
0.357
0.342
0.244
0.177
0.146
0.141
0.165
0.215
0.201
0.219
0.171
0.134
0.141
0.203
0.246
0.265
0.287
0.202
0.165
0.193
0.225
0.195
0.192
0.213
0.250
0.296
0.398
0.427
0.420
0.490
0.497
0.482
0.525
0.509
0.506
0.445
0.468
0.483
0.482
0.420
0.419
0.405
0.369
0.357
0.382
0.402
0.412
0.442
0.509
0.440
0.382
0.352
0.377
0.400
0.426
0.500
0.519
0.541
0.640
0.669
0.613
0.685
0.668
0.733
0.846
0.715
0.655
0.688
0.896
0.908
0.931
0.888
0.827
0.866
0.930
0.843
0.853
