20000101
0.203
0.210
0.205
0.203
0.229
0.237
0.213
0.220
0.199
0.253
0.237
0.288
0.388
0.265
0.157
0.205
0.187
0.225
0.252
0.148
0.343
0.537
0.486
0.342
0.288
0.270
0.300
0.257
0.193
0.148
0.162
0.507
0.399
0.533
0.494
0.445
0.389
0.286
0.222
0.219
0.239
0.411
0.244
0.220
0.221
0.191
0.148
0.145
0.115
0.138
0.153
0.187
0.267
0.195
0.175
0.112
0.084
0.109
0.132
0.157
0.192
0.217
0.214
0.245
0.212
0.105
0.175
0.108
0.082
0.076
0.243
0.276
0.313
0.069
0.080
0.196
0.293
0.185
0.048
0.044
0.114
0.196
0.155
0.124
0.110
0.104
0.083
0.062
0.074
0.066
0.127
0.132
0.091
0.076
0.089
0.100
0.070
0.078
0.096
0.094
0.081
0.108
0.106
0.136
0.201
0.275
0.258
0.125
0.141
0.120
0.114
0.135
0.186
0.280
0.241
0.265
0.262
0.266
0.203
0.224
0.201
0.130
0.182
0.155
0.149
0.152
0.181
0.211
0.264
0.343
0.288
0.344
0.418
0.462
0.425
0.424
0.446
0.465
0.539
0.512
0.540
0.491
0.407
0.429
0.386
0.359
0.363
0.336
0.296
0.398
0.444
0.466
0.396
0.325
0.285
0.341
0.389
0.234
0.315
0.384
0.412
0.320
0.307
0.340
0.401
0.403
0.391
0.355
0.332
0.323
0.309
0.336
0.427
0.395
0.469
0.416
0.403
0.406
0.394
0.441
0.348
0.367
0.579
0.704
0.631
0.656
0.558
0.523
0.569
0.787
0.700
0.700
0.741
0.782
0.767
0.905
0.904
0.855
0.840
0.804
0.819
0.848
0.880
0.820
0.730
0.625
0.588
0.572
0.532
0.554
0.616
0.729
0.666
0.576
0.519
0.597
0.538
0.487
0.491
0.437
0.416
0.463
0.501
0.568
0.726
0.884
0.907
0.881
0.843
0.821
0.787
0.886
0.912
0.866
0.886
0.803
0.751
0.680
0.711
0.838
0.805
0.795
0.766
0.794
0.779
0.739
0.760
0.744
0.904
0.742
0.688
0.710
0.664
0.652
0.633
0.627
0.579
0.556
0.485
0.483
0.508
0.507
0.533
0.463
0.426
0.365
0.431
0.452
0.539
0.411
0.329
0.315
0.226
0.272
0.360
0.272
0.228
0.268
0.270
0.286
0.266
0.311
0.308
0.329
0.306
0.307
0.347
0.280
0.242
0.122
0.145
0.164
0.204
0.171
0.180
0.185
0.297
0.401
0.308
0.299
0.216
0.162
0.146
0.155
0.128
0.154
0.143
0.178
0.228
0.248
0.193
0.249
0.281
0.285
0.276
0.233
0.254
0.244
0.242
0.222
0.223
0.210
0.199
0.159
0.158
0.216
0.201
0.231
0.230
0.233
0.212
0.243
0.242
0.205
0.168
0.160
0.127
0.098
0.102
0.112
0.116
0.138
0.146
0.186
0.190
0.208
0.196
0.209
0.228
0.211
0.254
0.267
0.238
0.353
0.300
0.214
0.122
0.122
0.159
0.150
0.132
0.147
0.159
0.169
0.252
0.542
0.410
0.444
0.343
0.422
0.324
0.283
0.265
0.238
0.257
0.227
0.217
0.322
0.237
0.180
0.185
0.227
0.298
0.379
0.300
0.196
0.244
0.383
0.189
0.132
0.147
0.108
0.106
0.125
0.190
0.180
0.244
0.217
0.146
0.127
0.128
0.124
0.119
0.139
0.109
0.113
0.147
0.145
0.137
0.126
0.176
0.247
0.235
0.173
0.150
0.199
0.183
0.175
0.096
0.167
0.196
0.303
0.228
0.252
0.202
0.132
0.080
0.102
0.143
0.157
0.079
0.075
0.076
0.066
0.069
0.130
0.301
0.330
0.273
0.181
0.167
0.179
0.110
0.117
0.224
0.284
0.246
0.207
0.166
0.197
0.178
0.195
0.271
0.257
0.167
0.154
0.119
0.099
0.086
0.142
0.092
0.079
0.068
0.066
0.099
0.140
0.199
0.187
0.183
0.152
0.169
0.222
0.253
0.313
0.276
0.210
0.122
0.095
0.078
0.096
0.112
0.107
0.114
0.152
0.170
0.231
0.163
0.162
0.142
0.230
0.203
0.233
0.214
0.230
0.247
0.247
0.248
0.263
0.230
0.248
0.304
0.335
0.320
0.408
0.450
0.363
0.369
0.317
0.205
0.204
0.401
0.428
0.389
0.388
0.450
0.558
0.541
0.532
0.573
0.676
0.573
0.533
0.523
0.459
0.483
0.463
0.544
0.546
0.565
0.575
0.680
0.775
0.840
0.794
0.746
0.734
0.626
0.520
0.492
0.521
0.480
0.443
0.433
0.463
0.431
0.490
0.498
0.644
0.801
0.859
0.896
0.867
0.739
0.655
0.728
0.797
0.840
0.905
0.882
0.854
0.787
0.837
0.843
0.848
0.818
0.730
0.844
0.899
0.872
0.925
0.822
0.834
0.805
0.755
0.751
0.800
0.736
0.765
0.718
0.656
0.600
0.605
0.740
0.770
0.827
0.793
0.761
0.851
0.825
0.868
0.898
0.856
0.825
0.958
0.941
0.896
0.770
0.755
0.772
0.787
0.797
0.808
0.787
0.721
0.691
0.700
0.721
0.773
0.694
0.680
0.665
0.611
0.578
0.620
0.613
0.706
0.681
0.619
0.598
0.640
0.662
0.631
0.584
0.515
0.515
0.482
0.505
0.441
0.503
0.471
0.380
0.340
0.381
0.411
0.411
0.348
0.311
0.210
0.251
0.447
0.553
0.605
0.657
0.627
0.452
0.401
0.362
0.501
0.578
0.738
0.747
0.540
0.540
0.397
0.350
0.280
0.220
0.213
0.212
0.216
0.246
0.223
0.211
0.207
0.202
0.225
0.194
0.242
0.272
0.270
0.259
0.265
0.262
0.264
0.259
0.264
0.241
0.283
0.225
0.201
0.214
0.212
0.204
0.179
0.191
0.201
0.194
0.177
0.175
0.212
0.223
0.180
0.204
0.202
0.175
0.180
0.196
0.188
0.184
0.189
0.212
0.200
0.206
0.248
0.234
0.221
0.216
0.230
0.263
0.322
0.378
0.372
0.260
0.240
0.253
0.266
0.279
0.272
0.273
0.312
0.223
0.209
0.223
0.233
0.243
0.274
0.252
0.244
0.225
0.237
0.216
0.164
0.184
0.206
0.216
0.223
0.281
0.423
0.243
0.253
0.221
0.212
0.193
0.192
0.396
0.487
0.475
0.322
0.565
0.427
0.376
0.380
0.348
0.333
0.321
0.383
0.465
0.190
0.190
0.184
0.202
0.188
0.173
0.178
0.172
0.172
0.216
0.142
0.135
0.127
0.125
0.275
0.503
0.329
0.264
0.297
0.257
0.240
0.236
0.298
0.278
0.163
0.196
0.206
0.276
0.272
0.181
0.171
0.148
0.190
0.218
0.191
0.200
0.150
0.122
0.129
0.160
0.282
0.381
0.255
0.145
0.196
0.318
0.443
0.394
0.218
0.133
0.103
0.078
0.099
0.186
0.180
0.153
0.194
0.253
0.271
0.109
0.075
0.064
0.062
0.079
0.153
0.151
0.053
0.111
0.197
0.151
0.271
0.321
0.236
0.145
0.114
0.113
0.151
0.155
0.262
0.188
0.184
0.159
0.139
0.157
0.180
0.139
0.205
0.168
0.161
0.082
0.047
0.088
0.088
0.091
0.092
0.083
0.065
0.062
0.081
0.089
0.238
0.215
0.248
0.257
0.293
0.317
0.341
0.291
0.276
0.229
0.262
0.271
0.268
0.377
0.395
0.357
0.332
0.268
0.233
0.267
0.294
0.335
0.357
0.345
0.246
0.235
0.305
0.266
0.293
0.316
0.330
0.340
0.305
0.254
0.255
0.244
0.277
0.388
0.372
0.479
0.466
0.473
0.487
0.462
0.504
0.583
0.562
0.506
0.391
0.383
0.459
0.637
0.787
0.878
0.861
0.669
0.572
0.573
0.579
0.501
0.496
0.520
0.511
0.454
0.530
0.475
0.412
0.477
0.470
0.625
0.676
0.603
0.679
0.700
0.733
0.669
0.748
0.786
0.758
0.789
0.768
0.692
0.538
0.547
0.481
0.496
0.449
0.455
0.451
0.474
0.775
0.882
0.855
0.933
0.810
0.861
0.816
0.883
0.896
0.894
0.854
0.900
0.777
0.768
0.768
0.726
0.763
0.738
0.820
0.849
0.863
0.850
0.834
0.777
0.683
0.813
0.871
0.837
0.798
0.857
0.881
0.827
0.742
0.670
0.626
0.607
0.610
0.633
0.511
0.573
0.625
0.624
0.586
0.611
0.661
0.650
0.517
0.423
0.437
0.424
0.465
0.532
0.527
0.485
0.445
0.340
0.259
0.320
0.242
0.252
0.276
0.241
0.268
0.278
0.283
0.270
0.277
0.294
0.262
0.282
0.264
0.288
0.326
0.428
0.330
0.361
0.392
0.347
0.300
0.191
0.192
0.197
0.185
0.193
0.202
0.230
0.247
0.230
0.196
0.109
0.168
0.206
0.205
0.236
0.383
0.251
0.243
0.238
0.276
0.315
0.486
0.353
0.266
0.210
0.224
0.209
0.217
0.196
0.195
0.217
0.245
0.226
0.221
0.161
0.210
0.165
0.158
0.215
0.217
0.194
0.233
0.226
0.188
0.193
0.280
0.275
0.239
0.294
0.249
0.211
0.225
0.221
0.204
0.241
0.284
0.257
0.378
0.414
0.340
0.287
0.254
0.316
0.334
0.323
0.325
0.342
0.319
0.362
0.553
0.461
0.491
0.410
0.425
0.305
0.330
0.277
0.328
0.267
0.308
0.240
0.244
0.191
0.146
0.132
0.144
0.170
0.180
0.193
0.206
0.248
0.214
0.177
0.206
0.213
0.229
0.253
0.391
0.410
0.298
0.500
0.542
0.543
0.555
0.415
0.332
0.372
0.254
0.230
0.264
0.320
0.241
0.173
0.150
0.147
0.154
0.173
0.221
0.674
0.515
0.345
0.209
0.242
0.227
0.242
0.244
0.243
0.265
0.245
0.240
0.278
0.213
0.051
0.089
0.087
0.087
0.085
0.081
0.122
0.107
0.121
0.111
0.102
0.107
0.120
0.175
0.173
0.172
0.169
0.134
0.128
0.117
0.139
0.122
0.115
0.119
0.145
0.184
0.231
0.178
0.153
0.152
0.218
0.359
0.387
0.172
0.138
0.222
0.143
0.145
0.155
0.151
0.168
0.228
0.260
0.252
0.226
0.252
0.219
0.220
0.213
0.101
0.074
0.088
0.155
0.184
0.209
0.117
0.063
0.079
0.101
0.136
0.206
0.154
0.256
0.256
0.229
0.184
0.077
0.073
0.088
0.111
0.132
0.130
0.058
0.130
0.144
0.240
0.307
0.281
0.274
0.312
0.333
0.295
0.255
0.264
0.314
0.258
0.313
0.220
0.168
0.180
0.240
0.251
0.233
0.301
0.338
0.364
0.353
0.330
0.299
0.340
0.355
0.351
0.376
0.393
0.499
0.647
0.737
0.746
0.764
0.636
0.552
0.588
0.556
0.597
0.636
0.570
0.652
0.659
0.575
0.571
0.556
0.637
0.743
0.893
0.799
0.774
0.754
0.822
0.735
0.814
0.715
0.708
0.691
0.757
0.833
0.749
0.716
0.713
0.803
0.798
0.771
0.790
0.917
0.900
0.853
0.860
0.916
0.904
0.861
0.805
0.839
0.858
0.878
0.885
0.868
0.784
0.754
0.811
0.860
0.866
0.891
0.825
0.837
0.763
0.791
0.735
0.706
0.712
0.744
0.721
0.722
0.670
0.678
0.858
0.929
0.920
0.899
0.895
0.839
0.956
0.906
0.897
0.853
0.872
0.814
0.803
0.779
0.807
0.707
0.722
0.753
0.800
0.712
0.684
0.719
0.775
0.676
0.754
0.759
0.765
0.699
0.704
0.713
0.775
0.736
0.754
0.701
0.644
0.607
0.614
0.646
0.583
0.501
0.481
0.383
0.389
0.404
0.514
0.517
0.438
0.469
0.426
0.401
0.311
0.312
0.368
0.337
0.366
0.359
0.330
0.247
0.276
0.274
0.296
0.240
0.263
0.295
0.308
0.335
0.346
0.367
0.343
0.308
0.368
0.480
0.391
0.413
0.298
0.290
0.364
0.268
0.215
0.201
0.274
0.259
0.289
0.322
0.336
0.431
0.400
0.323
0.307
0.349
0.317
0.236
0.288
0.372
0.403
0.389
0.327
0.316
0.352
0.311
0.278
0.241
0.258
0.236
0.208
0.226
0.256
0.283
0.375
0.314
0.363
0.391
0.365
0.332
0.293
0.296
0.336
0.373
0.401
0.344
0.349
0.354
0.349
0.368
0.344
0.315
0.477
0.417
0.309
0.302
0.281
0.293
0.354
0.396
0.405
0.588
0.582
0.333
0.289
0.273
0.279
0.314
0.332
0.297
0.248
0.263
0.322
0.441
0.285
0.260
0.326
0.474
0.496
0.273
0.301
0.328
0.312
0.289
0.427
0.345
0.459
0.341
0.291
0.230
0.187
0.145
0.152
0.185
0.174
0.182
0.300
0.282
0.282
0.276
0.304
0.259
0.226
0.192
0.236
0.339
0.232
0.202
0.193
0.166
0.171
0.155
0.141
0.185
0.161
0.151
0.135
0.081
0.092
0.085
0.068
0.072
0.075
0.063
0.088
0.103
0.087
0.106
0.105
0.091
0.111
0.097
0.076
0.082
0.083
0.083
0.107
0.163
0.202
0.195
0.158
0.180
0.129
0.085
0.099
0.096
0.112
0.137
0.193
0.195
0.171
0.143
0.164
0.200
0.311
0.319
0.284
0.268
0.203
0.220
0.213
0.204
0.267
0.222
0.269
0.323
0.331
0.209
0.218
0.224
0.124
0.087
0.092
0.140
0.209
0.263
0.298
0.170
0.066
0.079
0.058
0.067
0.131
0.225
0.271
0.299
0.387
0.427
0.478
0.555
0.479
0.369
0.327
0.307
0.265
0.284
0.319
0.334
0.360
0.372
0.369
0.363
0.338
0.257
0.210
0.193
0.187
0.199
0.211
0.226
0.211
0.250
0.286
0.278
0.348
0.357
0.358
0.356
0.375
0.329
0.392
0.419
0.546
0.607
0.680
0.736
0.575
0.557
0.485
0.463
0.462
0.512
0.544
0.574
0.584
0.619
0.642
0.699
0.605
0.607
0.516
0.550
0.575
0.667
0.688
0.649
0.666
0.634
0.634
0.531
0.460
0.456
0.475
0.434
0.475
0.588
0.618
0.625
0.534
0.499
0.504
0.404
0.399
0.459
0.580
0.565
0.630
0.663
0.695
0.814
0.782
0.687
0.687
0.757
0.805
0.901
0.934
0.880
0.872
0.924
0.882
0.879
0.937
0.864
0.945
0.886
0.863
0.843
0.851
0.812
0.841
0.896
0.874
0.848
0.782
0.776
0.805
0.758
0.726
0.719
0.723
0.746
0.725
0.675
0.656
0.558
0.502
0.487
0.615
0.657
0.623
0.673
0.650
0.706
0.702
0.733
0.722
0.708
0.786
0.708
0.576
0.620
0.565
0.605
0.602
0.702
0.641
0.506
0.502
0.746
0.617
0.790
0.798
0.812
0.794
0.710
0.634
0.574
0.664
0.739
0.648
0.451
0.426
0.410
0.375
0.382
0.402
0.381
0.337
0.342
0.340
0.340
0.343
0.360
0.322
0.247
0.257
0.279
0.220
0.251
0.300
0.283
0.302
0.328
0.198
0.192
0.224
0.207
0.221
0.218
0.281
0.473
0.572
0.470
0.341
0.304
0.272
0.259
0.284
0.284
0.286
0.306
0.315
0.316
0.304
0.332
0.310
0.318
0.311
0.317
0.278
0.356
0.404
0.335
0.324
0.334
0.311
0.324
0.298
0.269
0.235
0.196
0.222
0.304
0.361
0.290
0.241
0.245
0.259
0.253
0.383
0.542
0.526
0.436
0.393
0.335
0.320
0.336
0.376
0.449
0.390
0.453
0.363
0.339
0.299
0.372
0.392
0.406
0.324
0.306
0.301
0.359
0.295
0.251
0.238
0.277
0.280
0.351
0.302
0.407
0.376
0.257
0.242
0.330
0.320
0.209
0.234
0.485
0.447
0.350
0.397
0.461
0.446
0.431
0.280
0.251
0.312
0.402
0.404
0.491
0.456
0.314
0.248
0.292
0.278
0.357
0.317
0.371
0.392
0.351
0.290
0.249
0.169
0.205
0.163
0.158
0.131
0.138
0.188
0.195
0.196
0.209
0.275
0.242
0.215
0.210
0.194
0.279
0.299
0.341
0.292
0.297
0.277
0.216
0.178
0.138
0.142
0.140
0.125
0.182
0.188
0.232
0.286
0.231
0.185
0.129
0.156
0.253
0.229
0.191
0.076
0.094
0.081
0.071
0.071
0.071
0.077
0.077
0.133
0.231
0.164
0.046
0.052
0.056
0.061
0.074
0.137
0.148
0.114
0.074
0.072
0.068
0.093
0.172
0.217
0.216
0.235
0.220
0.191
0.227
0.298
0.337
0.300
0.237
0.230
0.210
0.289
0.258
0.280
0.274
0.231
0.259
0.197
0.165
0.165
0.161
0.193
0.206
0.216
0.272
0.263
0.173
0.176
0.176
0.247
0.243
0.167
0.174
0.251
0.226
0.234
0.201
0.153
0.117
0.179
0.215
0.272
0.265
0.241
0.315
0.366
0.283
0.229
0.252
0.281
0.362
0.393
0.277
0.299
0.290
0.261
0.323
0.359
0.435
0.467
0.482
0.519
0.605
0.631
0.612
0.645
0.671
0.690
0.751
0.793
0.829
0.811
0.780
0.730
0.793
0.684
0.723
0.740
0.634
0.763
0.669
0.695
0.772
0.816
0.808
0.752
0.643
0.585
0.544
0.552
0.529
0.647
0.588
0.679
0.779
0.866
0.875
0.848
0.757
0.802
0.846
0.879
0.880
0.854
0.891
0.863
0.833
0.822
0.794
0.758
0.746
0.723
0.768
0.721
0.766
0.812
0.752
0.734
0.750
0.753
0.719
0.698
0.719
0.701
0.721
0.712
0.713
0.652
0.644
0.612
0.580
0.402
0.417
0.362
0.479
0.585
0.611
0.672
0.708
0.727
0.733
0.850
0.819
0.890
0.920
0.911
0.888
0.939
0.887
0.833
0.724
0.752
0.855
0.949
0.853
0.838
0.836
0.808
0.748
0.735
0.816
0.652
0.731
0.629
0.515
0.444
0.453
0.440
0.394
0.350
0.391
0.442
0.412
0.367
0.349
0.500
0.371
0.376
0.384
0.346
0.388
0.409
0.425
0.359
0.347
0.283
0.296
0.315
0.293
0.308
0.324
0.351
0.308
0.326
0.411
0.285
0.329
0.346
0.293
0.263
0.292
0.302
0.314
0.296
0.295
0.295
0.267
0.273
0.252
0.274
0.230
0.238
0.238
0.265
0.265
0.310
0.336
0.381
0.408
0.254
0.300
0.343
0.401
0.322
0.304
0.234
0.205
0.222
0.206
0.214
0.223
0.198
0.210
0.238
0.255
0.264
0.221
0.209
0.246
0.285
0.314
0.315
0.395
0.352
0.278
0.285
0.273
0.287
0.369
0.328
0.295
0.468
0.379
0.447
0.426
0.340
0.323
0.307
0.263
0.240
0.281
0.292
0.280
0.315
0.321
0.258
0.266
0.292
0.356
0.412
0.478
0.357
0.297
0.234
0.244
0.260
0.251
0.233
0.229
0.229
0.207
0.198
0.200
0.216
0.206
0.214
0.217
0.170
0.182
0.176
0.237
0.237
0.180
0.181
0.174
0.174
0.202
0.220
0.272
0.293
0.349
0.270
0.228
0.160
0.136
0.143
0.150
0.196
0.172
0.248
0.190
0.157
0.210
0.295
0.208
0.155
0.155
0.130
0.134
0.515
0.661
0.541
0.332
0.274
0.389
0.400
0.338
0.257
0.238
0.258
0.229
0.192
0.168
0.177
0.225
0.207
0.155
0.137
0.093
0.116
0.096
0.099
0.169
0.230
0.173
0.163
0.192
0.191
0.181
0.216
0.257
0.212
0.174
0.164
0.111
0.184
0.129
0.131
0.193
0.159
0.172
0.182
0.152
0.174
0.213
0.282
0.249
0.173
0.211
0.236
0.245
0.242
0.219
0.182
0.144
0.102
0.100
0.104
0.162
0.220
0.197
0.197
0.165
0.171
0.212
0.268
0.315
0.323
0.303
0.195
0.252
0.354
0.447
0.361
0.431
0.326
0.295
0.292
0.279
0.301
0.302
0.291
0.349
0.429
0.684
0.609
0.529
0.441
0.403
0.435
0.352
0.342
0.323
0.304
0.354
0.390
0.378
0.353
0.288
0.298
0.321
0.359
0.318
0.284
0.324
0.260
0.307
0.407
0.478
0.593
0.708
0.633
0.651
0.653
0.626
0.523
0.433
0.430
0.739
0.774
0.782
0.717
0.767
0.760
0.787
0.668
0.556
0.560
0.577
0.624
0.707
0.802
0.837
0.874
0.803
0.845
0.863
0.834
0.747
0.851
0.835
0.855
0.864
0.882
0.938
0.926
0.864
0.928
0.850
0.814
0.873
0.935
0.907
0.918
0.926
0.892
0.885
0.867
0.930
0.883
0.896
0.937
0.957
0.946
0.918
0.938
0.899
0.863
0.881
0.883
0.898
0.882
0.850
0.796
0.927
0.940
0.890
0.885
0.796
0.750
0.888
0.908
0.856
0.838
0.783
0.844
0.829
0.778
0.755
0.774
0.769
0.739
0.739
0.765
0.789
0.805
0.842
0.826
0.858
0.796
0.785
0.790
0.717
0.669
0.565
0.511
0.679
0.664
0.622
0.501
0.569
0.550
0.535
0.487
0.480
0.489
0.396
0.510
0.366
0.403
0.405
0.370
0.341
0.396
0.465
0.449
0.447
0.378
0.321
0.314
0.382
0.383
0.383
0.350
0.342
0.315
0.301
0.333
0.474
0.336
0.341
0.359
0.331
0.323
0.294
0.299
0.313
0.367
0.370
0.343
0.337
0.332
0.323
0.334
0.361
0.355
0.358
0.354
0.472
0.358
0.350
0.339
0.263
0.257
0.372
0.417
0.341
0.414
0.393
0.392
0.495
0.561
0.491
0.451
0.481
0.386
0.288
0.287
0.313
0.296
0.312
0.301
0.280
0.277
0.295
0.297
0.313
0.335
0.330
0.393
0.433
0.479
0.414
0.354
0.313
0.313
0.378
0.431
0.498
0.485
0.426
0.399
0.355
0.304
0.339
0.346
0.382
0.365
0.328
0.238
0.231
0.286
0.273
0.208
0.210
0.237
0.276
0.274
0.248
0.215
0.181
0.155
0.215
0.254
0.276
0.271
0.488
0.416
0.252
0.254
0.241
0.257
0.216
0.305
0.466
0.282
0.272
0.515
0.536
0.369
0.424
0.348
0.354
0.344
0.283
0.305
0.285
0.257
0.231
0.250
0.248
0.293
0.305
0.321
0.262
0.274
0.371
0.350
0.226
0.228
0.197
0.196
0.167
0.162
0.186
0.300
0.262
0.361
0.397
0.294
0.227
0.171
0.163
0.167
0.209
0.267
0.318
0.195
0.153
0.160
0.146
0.142
0.104
0.108
0.105
0.105
0.126
0.163
0.132
0.077
0.099
0.095
0.115
0.132
0.143
0.161
0.143
0.110
0.133
0.146
0.166
0.162
0.118
0.102
0.099
0.160
0.138
0.119
0.163
0.197
0.223
0.171
0.125
0.109
0.117
0.137
0.143
0.124
0.114
0.133
0.140
0.189
0.225
0.222
0.280
0.281
0.291
0.239
0.200
0.258
0.266
0.275
0.318
0.287
0.254
0.273
0.294
0.396
0.354
0.292
0.236
0.245
0.290
0.268
0.243
0.306
0.241
0.210
0.190
0.219
0.499
0.474
0.482
0.451
0.380
0.296
0.297
0.307
0.346
0.338
0.333
0.409
0.531
0.536
0.473
0.505
0.508
0.554
0.551
0.459
0.390
0.570
0.776
0.712
0.729
0.681
0.658
0.636
0.604
0.798
0.921
0.926
0.868
0.879
0.869
0.857
0.862
0.911
0.898
0.812
0.843
0.795
0.770
0.758
0.756
0.686
0.677
0.684
0.651
0.631
0.628
0.639
0.729
0.758
0.707
0.773
0.759
0.790
0.760
0.776
0.816
0.918
0.874
0.886
0.872
0.873
0.850
0.923
0.885
0.872
0.890
0.932
0.932
0.899
0.897
0.874
0.836
0.764
0.759
0.917
0.895
0.890
0.800
0.744
0.746
0.814
0.815
0.849
0.867
0.903
0.878
0.875
0.874
0.889
0.870
0.897
0.874
0.836
0.791
0.791
0.819
0.772
0.751
0.744
0.712
0.693
0.669
0.582
0.708
0.725
0.785
0.717
0.774
0.741
0.719
0.700
0.777
0.737
0.620
0.521
0.531
0.575
0.546
0.406
0.390
0.470
0.427
0.420
0.451
0.501
0.448
0.441
0.393
0.296
0.295
0.317
0.261
0.285
0.287
0.311
0.315
0.327
0.324
0.330
0.289
0.267
0.297
0.306
0.296
0.275
0.335
0.360
0.259
0.262
0.343
0.371
0.285
0.326
0.329
0.342
0.286
0.326
0.255
0.237
0.264
0.259
0.251
0.234
0.254
0.228
0.214
0.220
0.238
0.234
0.263
0.255
0.255
0.278
0.366
0.371
0.351
0.349
0.373
0.338
0.357
0.313
0.304
0.294
0.240
0.291
0.277
0.312
0.329
0.335
0.328
0.264
0.280
0.220
0.256
0.352
0.288
0.291
0.275
0.241
0.321
0.414
0.307
0.344
0.330
0.329
0.304
0.262
0.222
0.227
0.187
0.229
0.291
0.348
0.351
0.373
0.347
0.410
0.373
0.344
0.255
0.208
0.245
0.244
0.271
0.381
0.373
0.303
0.254
0.223
0.232
0.183
0.192
0.271
0.346
0.314
0.280
0.304
0.229
0.221
0.189
0.375
0.328
0.286
0.345
0.316
0.288
0.265
0.252
0.211
0.161
0.132
0.128
0.137
0.151
0.172
0.129
0.141
0.119
0.110
0.176
0.321
0.251
0.150
0.101
0.081
0.093
0.101
0.111
0.108
0.140
0.168
0.173
0.133
0.141
0.109
0.123
0.132
0.157
0.194
0.276
0.269
0.205
0.165
0.138
0.122
0.137
0.171
0.102
0.094
0.116
0.351
0.293
0.190
0.142
0.149
0.140
0.221
0.237
0.291
0.319
0.340
0.402
0.443
0.268
0.208
0.150
0.146
0.165
0.155
0.178
0.175
0.176
0.176
0.165
0.185
0.092
0.106
0.118
0.138
0.153
0.124
0.098
0.093
0.098
0.108
0.102
0.154
0.146
0.148
0.181
0.234
0.257
0.250
0.318
0.330
0.274
0.317
0.287
0.258
0.263
0.273
0.270
0.239
0.275
0.299
0.312
0.332
0.337
0.323
0.332
0.280
0.234
0.189
0.201
0.226
0.240
0.281
0.292
0.297
0.321
0.315
0.351
0.330
0.376
0.539
0.523
0.491
0.547
0.591
0.595
0.847
0.691
0.761
0.665
0.638
0.666
0.515
0.533
0.614
0.602
0.474
0.439
0.435
0.535
0.598
0.697
0.568
0.607
0.773
0.798
0.717
0.839
0.708
0.669
0.580
0.651
0.622
0.829
0.877
0.880
0.850
0.857
0.799
0.720
0.636
0.589
0.583
0.555
0.635
0.590
0.546
0.554
0.663
0.606
0.680
0.853
0.868
0.780
0.823
0.837
0.841
0.897
0.852
0.840
0.899
0.887
0.816
0.841
0.840
0.819
0.843
0.949
0.882
0.925
0.865
0.832
0.784
0.815
0.764
0.733
0.693
0.725
0.740
0.675
0.773
0.836
0.850
0.746
0.705
0.696
0.671
0.582
0.521
0.511
0.620
0.741
0.787
0.787
0.696
0.658
0.672
0.760
0.767
0.775
0.834
0.842
0.847
0.861
0.881
0.858
0.760
0.774
0.801
0.723
0.631
0.653
0.689
0.705
0.696
0.663
0.687
0.667
0.624
0.569
0.583
0.585
0.593
0.603
0.616
0.589
0.491
0.362
0.327
0.306
0.320
0.310
0.331
0.346
0.372
0.314
0.326
0.303
0.301
0.312
0.298
0.277
0.269
0.281
0.294
0.371
0.409
0.332
0.222
0.265
0.273
0.221
0.195
0.235
0.281
0.279
0.288
0.291
0.326
0.349
0.293
0.256
0.292
0.319
0.270
0.454
0.822
0.590
0.236
0.340
0.310
0.340
0.300
0.282
0.280
0.315
0.352
0.290
0.300
0.236
0.189
0.244
0.246
0.291
0.321
0.302
0.297
0.329
0.360
0.374
0.386
0.386
0.355
0.317
0.394
0.283
0.256
0.311
0.360
0.460
0.436
0.317
0.252
0.199
0.266
0.340
0.355
0.280
0.293
0.291
0.308
0.324
0.300
0.513
0.417
0.430
0.558
0.704
0.728
0.645
0.583
0.511
0.506
0.526
0.415
0.358
0.366
0.458
0.459
0.330
0.270
0.238
0.275
0.279
0.389
0.268
0.260
0.242
0.192
0.266
0.298
0.242
0.195
0.274
0.397
0.350
0.274
0.298
0.253
0.227
0.260
0.360
0.271
0.365
0.346
0.259
0.238
0.238
0.198
0.194
0.170
0.170
0.167
0.230
0.312
0.188
0.216
0.194
0.180
0.172
0.134
0.218
0.206
0.135
0.210
0.186
0.160
0.131
0.144
0.112
0.097
0.102
0.133
0.102
0.132
0.142
0.193
0.213
0.206
0.165
0.189
0.151
0.150
0.160
0.212
0.287
0.246
0.224
0.214
0.197
0.168
0.177
0.124
0.166
0.317
0.227
0.242
0.221
0.175
0.127
0.094
0.077
0.106
0.152
0.138
0.117
0.078
0.058
0.097
0.182
0.182
0.092
0.103
0.085
0.072
0.059
0.065
0.078
0.081
0.117
0.125
0.150
0.224
0.194
0.247
0.150
0.128
0.127
0.174
0.243
0.295
0.267
0.302
0.324
0.319
0.310
0.270
0.248
0.293
0.282
0.169
0.237
0.222
0.274
0.286
0.273
0.272
0.289
0.300
0.330
0.323
0.331
0.341
0.353
0.321
0.280
0.281
0.295
0.322
0.349
0.337
0.354
0.318
0.316
0.347
0.328
0.381
0.368
0.308
0.256
0.326
0.405
0.402
0.507
0.477
0.481
0.626
0.787
0.632
0.563
0.552
0.692
0.584
0.556
0.533
0.451
0.423
0.406
0.659
0.813
0.743
0.727
0.800
0.911
0.746
0.779
0.856
0.866
0.854
0.789
0.879
0.860
0.873
0.912
0.925
0.921
0.887
0.884
0.897
0.804
0.834
0.820
0.842
0.728
0.693
0.739
0.772
0.785
0.781
0.737
0.725
0.710
0.764
0.875
0.845
0.799
0.800
0.741
0.716
0.676
0.660
0.685
0.628
0.615
0.599
0.586
0.712
0.764
0.918
0.935
0.926
0.875
0.871
0.872
0.848
0.813
0.817
0.798
0.755
0.652
0.658
0.780
0.701
0.729
0.649
0.633
0.660
0.685
0.640
0.552
0.542
0.541
0.561
0.533
0.476
0.546
0.587
0.604
0.541
0.417
0.355
0.446
0.444
0.495
0.614
0.783
0.806
0.649
0.560
0.645
0.642
0.592
0.541
0.450
0.403
0.388
0.369
0.361
0.315
0.353
0.338
0.319
0.302
0.250
0.162
0.151
0.229
0.254
0.291
0.312
0.291
0.257
0.222
0.203
0.241
0.248
0.280
0.312
0.324
0.388
0.366
0.355
0.375
0.566
0.772
0.710
0.681
0.630
0.718
0.636
0.581
0.529
0.558
0.488
0.394
0.465
0.547
0.421
0.259
0.390
0.499
0.426
0.372
0.381
0.403
0.431
0.473
0.435
0.291
0.274
0.414
0.412
0.284
0.245
0.347
0.429
0.517
0.376
0.418
0.543
0.504
0.459
0.556
0.510
0.400
0.429
0.454
0.307
0.295
0.297
0.321
0.499
0.574
0.478
0.309
0.349
0.417
0.391
0.347
0.330
0.371
0.371
0.333
0.326
0.371
0.493
0.326
0.425
0.449
0.341
0.318
0.303
0.262
0.228
0.243
0.239
0.270
0.261
0.237
0.283
0.322
0.330
0.338
0.298
0.275
0.234
0.243
0.392
0.328
0.317
0.306
0.340
0.303
0.333
0.205
0.397
0.480
0.386
0.313
0.299
0.144
0.181
0.168
0.145
0.174
0.162
0.319
0.306
0.287
0.246
0.187
0.168
0.152
0.157
0.213
0.235
0.308
0.388
0.377
0.288
0.250
0.183
0.162
0.157
0.141
0.110
0.114
0.158
0.165
0.155
0.135
0.125
0.115
0.094
0.114
0.159
0.173
0.250
0.233
0.220
0.141
0.152
0.207
0.279
0.296
0.382
0.222
0.161
0.122
0.117
0.078
0.087
0.105
0.155
0.179
0.190
0.148
0.146
0.109
0.119
0.125
0.198
0.252
0.262
0.248
0.238
0.181
0.146
0.198
0.182
0.198
0.192
0.183
0.171
0.169
0.180
0.189
0.232
0.187
0.216
0.216
0.200
0.198
0.177
0.175
0.174
0.170
0.232
0.253
0.244
0.217
0.150
0.151
0.128
0.108
0.183
0.193
0.188
0.229
0.327
0.367
0.355
0.328
0.312
0.248
0.253
0.398
0.491
0.390
0.383
0.396
0.552
0.460
0.348
0.267
0.205
0.154
0.137
0.217
0.472
0.617
0.562
0.397
0.274
0.411
0.424
0.345
0.391
0.434
0.440
0.418
0.377
0.438
0.523
0.455
0.398
0.460
0.424
0.631
0.824
0.743
0.746
0.739
0.694
0.692
0.718
0.698
0.696
0.650
0.591
0.650
0.675
0.625
0.671
0.615
0.627
0.699
0.807
0.899
0.880
0.795
0.852
0.776
0.746
0.717
0.794
0.903
0.883
0.836
0.890
0.898
0.878
0.874
0.916
0.917
0.889
0.863
0.860
0.850
0.848
0.856
0.822
0.831
0.837
0.883
0.861
0.870
0.844
0.798
0.818
0.813
0.821
0.842
0.807
0.804
0.838
0.897
0.887
0.858
0.851
0.877
0.895
0.916
0.925
0.867
0.909
0.914
0.914
0.915
0.907
0.920
0.887
0.813
0.753
0.745
0.704
0.730
0.730
0.760
0.769
0.702
0.631
0.555
0.495
0.501
0.505
0.500
0.484
0.501
0.511
0.483
0.461
0.442
0.494
0.438
0.367
0.480
0.630
0.684
0.611
0.507
0.421
0.339
0.523
0.623
0.651
0.659
0.591
0.520
0.527
0.404
0.374
0.425
0.352
0.336
0.340
0.370
0.321
0.353
0.391
0.385
0.363
0.314
0.313
0.341
0.398
0.470
0.572
0.600
0.658
0.708
0.681
0.665
0.703
0.762
0.717
0.712
0.576
0.616
0.767
0.851
0.849
0.785
0.754
0.689
0.701
0.657
0.560
0.477
0.403
0.458
0.446
0.481
0.487
0.434
0.478
0.507
0.452
0.322
0.336
0.420
0.384
0.330
0.338
0.333
0.321
0.302
0.334
0.265
0.347
0.472
0.464
0.371
0.376
0.401
0.425
0.428
0.560
0.387
0.361
0.408
0.444
0.475
0.385
0.418
0.391
0.288
0.355
0.356
0.317
0.291
0.403
0.558
0.487
0.187
0.225
0.284
0.284
0.304
0.309
0.336
0.350
0.403
0.425
0.320
0.385
0.393
0.386
0.439
0.418
0.381
0.336
0.286
0.269
0.314
0.368
0.458
0.478
0.407
0.312
0.308
0.299
0.276
0.349
0.488
0.405
0.412
0.328
0.293
0.308
0.331
0.341
0.259
0.223
0.333
0.252
0.305
0.336
0.258
0.281
0.332
0.302
0.288
0.255
0.227
0.218
0.219
0.138
0.166
0.202
0.155
0.139
0.136
0.136
0.118
0.137
0.144
0.235
0.224
0.209
0.233
0.184
0.146
0.135
0.115
0.125
0.197
0.191
0.208
0.187
0.187
0.120
0.129
0.113
0.116
0.107
0.111
0.177
0.146
0.176
0.191
0.215
0.202
0.156
0.173
0.253
0.188
0.108
0.086
0.109
0.102
0.089
0.079
0.086
0.100
0.115
0.115
0.184
0.236
0.191
0.203
0.262
0.314
0.337
0.291
0.267
0.280
0.188
0.240
0.281
0.296
0.304
0.296
0.257
0.235
0.226
0.225
0.287
0.371
0.415
0.435
0.426
0.372
0.314
0.306
0.283
0.256
0.242
0.248
0.326
0.371
0.404
0.321
0.323
0.254
0.246
0.302
0.405
0.414
0.371
0.392
0.450
0.450
0.457
0.490
0.459
0.516
0.582
0.578
0.607
0.514
0.586
0.686
0.864
0.694
0.592
0.780
0.849
0.817
0.729
0.706
0.697
0.696
0.702
0.715
0.882
0.788
0.825
0.853
0.872
0.847
0.780
0.808
0.870
0.902
0.908
0.884
0.878
0.873
0.853
0.825
0.832
0.928
0.899
0.913
0.838
0.840
0.860
0.881
0.892
0.913
0.917
0.883
0.945
0.904
0.870
0.856
0.887
0.935
0.934
0.936
0.922
0.938
0.914
0.924
0.948
0.936
0.879
0.881
0.861
0.866
0.862
0.862
0.848
0.894
0.899
0.871
0.906
0.868
0.911
0.909
0.888
0.918
0.892
0.905
0.936
0.936
0.915
0.907
0.920
0.915
0.914
0.936
0.920
0.893
0.834
0.859
0.896
0.911
0.901
0.880
0.863
0.829
0.830
0.813
0.824
0.825
0.830
0.801
0.783
0.740
0.684
0.653
0.644
0.694
0.678
0.656
0.578
0.527
0.522
0.436
0.422
0.409
0.409
0.453
0.374
0.363
0.354
0.357
0.316
0.339
0.303
0.352
0.306
0.342
0.357
0.323
0.320
0.333
0.327
0.308
0.276
0.293
0.330
0.278
0.296
0.309
0.337
0.345
0.368
0.364
0.344
0.347
0.317
0.372
0.353
0.317
0.322
0.302
0.334
0.326
0.327
0.301
0.326
0.371
0.427
0.442
0.455
0.446
0.402
0.374
0.323
0.253
0.250
0.240
0.323
0.402
0.434
0.385
0.321
0.337
0.360
0.276
0.208
0.243
0.307
0.320
0.300
0.282
0.287
0.301
0.336
0.333
0.305
0.361
0.355
0.376
0.380
0.382
0.318
0.299
0.341
0.420
0.444
0.521
0.654
0.606
0.476
0.469
0.592
0.445
0.314
0.424
0.361
0.321
0.330
0.285
0.233
0.326
0.519
0.518
0.415
0.429
0.387
0.274
0.305
0.362
0.374
0.378
0.313
0.415
0.362
0.406
0.334
0.272
0.206
0.252
0.233
0.341
0.454
0.385
0.389
0.132
0.172
0.164
0.159
0.182
0.388
0.267
0.258
0.322
0.338
0.243
0.242
0.232
0.246
0.338
0.294
0.195
0.186
0.221
0.184
0.164
0.156
0.251
0.311
0.330
0.299
0.248
0.242
0.229
0.182
0.092
0.103
0.130
0.159
0.248
0.172
0.156
0.126
0.168
0.182
0.171
0.189
0.060
0.062
0.075
0.071
0.071
0.099
0.138
0.184
0.145
0.147
0.160
0.170
0.123
0.132
0.167
0.169
0.187
0.206
0.167
0.132
0.191
0.227
0.227
0.295
0.277
0.272
0.196
0.207
0.234
0.226
0.378
0.381
0.240
0.182
0.238
0.207
0.185
0.182
0.179
0.167
0.166
0.225
0.188
0.190
0.271
0.362
0.352
0.346
0.292
0.212
0.213
0.211
0.268
0.318
0.306
0.243
0.206
0.242
0.233
0.216
0.203
0.232
0.278
0.258
0.251
0.238
0.218
0.268
0.240
0.229
0.284
0.315
0.344
0.362
0.366
0.377
0.327
0.324
0.362
0.356
0.360
0.385
0.481
0.433
0.392
0.520
0.504
0.510
0.471
0.403
0.403
0.426
0.393
0.394
0.426
0.452
0.484
0.463
0.472
0.458
0.421
0.416
0.435
0.469
0.435
0.610
0.878
0.811
0.717
0.742
0.778
0.896
0.915
0.866
0.886
0.876
0.830
0.796
0.797
0.804
0.853
0.808
0.736
0.745
0.797
0.816
0.831
0.828
0.751
0.839
0.866
0.861
0.918
0.876
0.933
0.914
0.841
0.819
0.772
0.822
0.895
0.883
0.864
0.893
0.887
0.917
0.953
0.921
0.919
0.940
0.891
0.829
0.874
0.931
0.896
0.919
0.928
0.940
0.897
0.875
0.889
0.832
0.829
0.841
0.869
0.853
0.849
0.861
0.857
0.905
0.954
0.926
0.898
0.867
0.876
0.937
0.908
0.935
0.878
0.836
0.852
0.866
0.813
0.802
0.828
0.851
0.861
0.833
0.826
0.748
0.643
0.542
0.551
0.534
0.481
0.465
0.434
0.585
0.621
0.565
0.435
0.436
0.447
0.453
0.404
0.412
0.414
0.367
0.389
0.398
0.356
0.337
0.330
0.346
0.320
0.345
0.393
0.339
0.312
0.291
0.275
0.286
0.276
0.309
0.331
0.336
0.308
0.318
0.324
0.338
0.298
0.312
0.285
0.330
0.272
0.284
0.268
0.268
0.304
0.276
0.236
0.258
0.275
0.302
0.328
0.334
0.321
0.301
0.291
0.309
0.324
0.286
0.281
0.318
0.342
0.282
0.320
0.308
0.286
0.289
0.257
0.251
0.273
0.289
0.351
0.447
0.288
0.324
0.498
0.477
0.429
0.408
0.372
0.330
0.277
0.216
0.245
0.239
0.233
0.269
0.308
0.324
0.326
0.476
0.341
0.375
0.360
0.398
0.362
0.299
0.284
0.266
0.234
0.215
0.204
0.236
0.287
0.304
0.482
0.390
0.429
0.389
0.347
0.436
0.353
0.296
0.234
0.278
0.295
0.247
0.252
0.208
0.218
0.228
0.181
0.225
0.287
0.280
0.299
0.336
0.442
0.474
0.341
0.288
0.232
0.242
0.263
0.297
0.367
0.425
0.311
0.390
0.327
0.380
0.342
0.285
0.285
0.288
0.258
0.293
0.356
0.293
0.224
0.238
0.184
0.152
0.172
0.127
0.102
0.100
0.127
0.133
0.133
0.148
0.185
0.209
0.141
0.158
0.214
0.183
0.261
0.343
0.195
0.171
0.179
0.138
0.155
0.224
0.248
0.128
0.171
0.223
0.268
0.308
0.244
0.197
0.144
0.156
0.227
0.199
0.139
0.103
0.127
0.170
0.248
0.248
0.195
0.174
0.141
0.165
0.148
0.193
0.262
0.335
0.299
0.297
0.276
0.232
0.255
0.243
0.229
0.211
0.150
0.170
0.190
0.204
0.124
0.072
0.134
0.258
0.225
0.239
0.234
0.155
0.153
0.207
0.224
0.238
0.269
0.186
0.161
0.210
0.261
0.260
0.218
0.181
0.158
0.187
0.236
0.286
0.334
0.330
0.336
0.328
0.289
0.252
0.274
0.276
0.317
0.326
0.357
0.398
0.444
0.573
0.571
0.615
0.652
0.581
0.619
0.546
0.503
0.449
0.535
0.662
0.771
0.642
0.592
0.592
0.571
0.551
0.581
0.553
0.698
0.622
0.616
0.615
0.592
0.601
0.569
0.607
0.615
0.720
0.707
0.800
0.788
0.828
0.807
0.876
0.782
0.866
0.853
0.914
0.845
0.856
0.887
0.873
0.836
0.846
0.916
0.820
0.788
0.876
0.872
0.873
0.913
0.935
0.879
0.877
0.907
0.875
0.916
0.891
0.838
0.889
0.918
0.925
0.924
0.941
0.918
0.908
0.928
0.925
0.922
0.896
0.884
0.866
0.838
0.848
0.932
0.955
0.909
0.898
0.914
0.898
0.814
0.835
0.845
0.826
0.840
0.835
0.859
0.837
0.830
0.804
0.793
0.843
0.827
0.721
0.639
0.622
0.652
0.605
0.602
0.617
0.629
0.592
0.549
0.517
0.435
0.863
0.883
0.886
0.898
0.929
0.850
0.806
0.890
0.927
0.904
0.871
0.857
0.877
0.835
0.816
0.822
0.792
0.814
0.851
0.838
0.766
0.746
0.753
0.710
0.623
0.595
0.555
0.503
0.472
0.426
0.415
0.398
0.434
0.541
0.672
0.532
0.479
0.460
0.479
0.498
0.494
0.498
0.470
0.475
0.460
0.429
0.441
0.512
0.526
0.453
0.436
0.464
0.474
0.469
0.416
0.337
0.314
0.353
0.358
0.319
0.332
0.351
0.320
0.341
0.325
0.328
0.278
0.277
0.314
0.352
0.347
0.326
0.317
0.272
0.384
0.401
0.322
0.315
0.298
0.314
0.327
0.371
0.381
0.379
0.428
0.449
0.464
0.417
0.421
0.486
0.332
0.394
0.349
0.406
0.502
0.549
0.527
0.476
0.548
0.565
0.485
0.530
0.609
0.547
0.602
0.582
0.339
0.360
0.380
0.440
0.524
0.519
0.426
0.407
0.413
0.462
0.423
0.535
0.516
0.394
0.496
0.602
0.825
0.856
0.720
0.679
0.628
0.543
0.440
0.399
0.299
0.321
0.363
0.363
0.376
0.370
0.385
0.426
0.383
0.402
0.414
0.328
0.302
0.427
0.311
0.368
0.514
0.402
0.431
0.324
0.279
0.232
0.282
0.468
0.415
0.458
0.444
0.445
0.447
0.319
0.324
0.314
0.247
0.269
0.251
0.371
0.322
0.266
0.253
0.348
0.345
0.272
0.192
0.167
0.226
0.216
0.162
0.183
0.277
0.120
0.107
0.153
0.289
0.287
0.246
0.231
0.228
0.219
0.210
0.216
0.277
0.241
0.195
0.244
0.250
0.149
0.156
0.159
0.235
0.142
0.108
0.095
0.115
0.141
0.174
0.201
0.184
0.178
0.195
0.242
0.260
0.195
0.208
0.153
0.146
0.164
0.158
0.177
0.160
0.115
0.138
0.145
0.124
0.162
0.209
0.244
0.265
0.210
0.170
0.119
0.133
0.194
0.293
0.305
0.296
0.304
0.282
0.350
0.329
0.234
0.168
0.142
0.137
0.160
0.206
0.194
0.204
0.162
0.137
0.137
0.191
0.241
0.258
0.277
0.197
0.154
0.188
0.225
0.197
0.188
0.207
0.245
0.293
0.386
0.410
0.407
0.480
0.489
0.471
0.518
0.498
0.493
0.439
0.460
0.486
0.490
0.421
0.417
0.410
0.366
0.351
0.372
0.390
0.396
0.427
0.504
0.432
0.375
0.350
0.379
0.399
0.432
0.493
0.509
0.538
0.655
0.674
0.614
0.681
0.659
0.720
0.851
0.719
0.645
0.703
0.923
0.919
0.933
0.900
0.845
0.877
0.914
0.858
0.869
