20000101
0.208
0.238
0.227
0.220
0.262
0.240
0.217
0.290
0.267
0.337
0.258
0.320
0.403
0.276
0.134
0.203
0.182
0.244
0.256
0.156
0.386
0.546
0.474
0.316
0.309
0.277
0.302
0.263
0.200
0.149
0.173
0.490
0.280
0.481
0.461
0.465
0.416
0.294
0.240
0.237
0.279
0.432
0.260
0.213
0.225
0.192
0.146
0.154
0.125
0.149
0.166
0.188
0.231
0.201
0.173
0.122
0.097
0.132
0.148
0.210
0.195
0.210
0.194
0.260
0.201
0.079
0.116
0.107
0.083
0.085
0.279
0.266
0.285
0.056
0.088
0.173
0.272
0.131
0.047
0.047
0.138
0.223
0.149
0.134
0.117
0.108
0.086
0.064
0.080
0.074
0.141
0.130
0.091
0.085
0.089
0.078
0.058
0.059
0.093
0.082
0.084
0.124
0.109
0.129
0.184
0.236
0.221
0.113
0.132
0.117
0.107
0.137
0.194
0.256
0.248
0.275
0.272
0.265
0.207
0.232
0.200
0.127
0.189
0.143
0.145
0.146
0.191
0.210
0.252
0.342
0.280
0.319
0.388
0.470
0.431
0.385
0.430
0.470
0.545
0.504
0.488
0.472
0.367
0.403
0.374
0.339
0.339
0.319
0.278
0.371
0.439
0.457
0.380
0.316
0.284
0.309
0.396
0.241
0.314
0.352
0.408
0.295
0.288
0.330
0.401
0.394
0.391
0.356
0.325
0.299
0.271
0.278
0.372
0.379
0.443
0.403
0.391
0.397
0.382
0.418
0.339
0.358
0.564
0.701
0.619
0.673
0.550
0.524
0.550
0.731
0.649
0.672
0.706
0.725
0.745
0.867
0.899
0.868
0.818
0.713
0.740
0.784
0.869
0.763
0.691
0.609
0.584
0.558
0.520
0.539
0.603
0.654
0.625
0.566
0.504
0.599
0.526
0.484
0.476
0.422
0.427
0.458
0.489
0.522
0.698
0.885
0.917
0.844
0.800
0.820
0.746
0.877
0.896
0.870
0.878
0.753
0.736
0.658
0.675
0.825
0.803
0.758
0.735
0.791
0.759
0.708
0.700
0.715
0.888
0.687
0.628
0.675
0.634
0.617
0.598
0.582
0.520
0.507
0.417
0.412
0.441
0.449
0.502
0.441
0.421
0.356
0.459
0.462
0.501
0.412
0.348
0.300
0.191
0.263
0.301
0.235
0.204
0.251
0.256
0.272
0.240
0.321
0.280
0.304
0.299
0.282
0.294
0.258
0.233
0.104
0.138
0.183
0.218
0.212
0.192
0.182
0.268
0.367
0.303
0.284
0.210
0.154
0.154
0.164
0.147
0.148
0.144
0.176
0.237
0.249
0.196
0.266
0.282
0.278
0.252
0.208
0.239
0.249
0.236
0.202
0.236
0.259
0.225
0.145
0.172
0.233
0.225
0.250
0.226
0.234
0.221
0.260
0.230
0.211
0.179
0.162
0.128
0.103
0.103
0.127
0.124
0.148
0.186
0.222
0.205
0.215
0.206
0.231
0.220
0.199
0.262
0.216
0.277
0.368
0.296
0.215
0.140
0.140
0.174
0.154
0.146
0.161
0.192
0.203
0.351
0.560
0.399
0.455
0.368
0.446
0.352
0.300
0.238
0.259
0.272
0.237
0.218
0.268
0.207
0.195
0.193
0.202
0.278
0.339
0.283
0.198
0.238
0.398
0.177
0.139
0.208
0.113
0.115
0.145
0.229
0.182
0.231
0.198
0.128
0.126
0.128
0.156
0.167
0.142
0.123
0.128
0.166
0.145
0.125
0.126
0.170
0.278
0.241
0.193
0.167
0.206
0.181
0.179
0.108
0.188
0.205
0.315
0.202
0.212
0.171
0.134
0.086
0.100
0.118
0.126
0.081
0.077
0.074
0.068
0.073
0.096
0.268
0.361
0.237
0.178
0.173
0.152
0.099
0.125
0.236
0.248
0.211
0.201
0.176
0.159
0.175
0.210
0.270
0.259
0.146
0.164
0.121
0.101
0.092
0.139
0.082
0.085
0.068
0.070
0.099
0.143
0.222
0.189
0.195
0.160
0.167
0.217
0.291
0.343
0.291
0.219
0.134
0.099
0.077
0.092
0.107
0.108
0.107
0.146
0.181
0.226
0.152
0.169
0.133
0.204
0.177
0.205
0.184
0.219
0.257
0.243
0.241
0.249
0.211
0.236
0.285
0.333
0.327
0.417
0.448
0.359
0.361
0.312
0.213
0.187
0.391
0.425
0.390
0.392
0.474
0.585
0.542
0.541
0.540
0.622
0.554
0.506
0.521
0.442
0.470
0.438
0.509
0.566
0.597
0.597
0.683
0.739
0.804
0.767
0.713
0.680
0.577
0.488
0.462
0.502
0.453
0.435
0.435
0.454
0.433
0.487
0.492
0.590
0.737
0.812
0.920
0.875
0.732
0.645
0.733
0.769
0.803
0.902
0.875
0.834
0.760
0.821
0.839
0.853
0.815
0.729
0.799
0.845
0.840
0.865
0.807
0.823
0.785
0.735
0.737
0.782
0.762
0.745
0.703
0.611
0.569
0.584
0.718
0.745
0.813
0.780
0.756
0.817
0.826
0.839
0.873
0.832
0.807
0.925
0.938
0.899
0.742
0.732
0.757
0.827
0.800
0.787
0.773
0.697
0.659
0.656
0.691
0.737
0.676
0.667
0.632
0.567
0.560
0.597
0.601
0.684
0.669
0.612
0.566
0.608
0.628
0.590
0.538
0.488
0.490
0.441
0.469
0.406
0.447
0.475
0.374
0.360
0.362
0.339
0.323
0.270
0.310
0.168
0.230
0.397
0.527
0.616
0.647
0.578
0.428
0.396
0.370
0.457
0.566
0.716
0.724
0.575
0.523
0.287
0.302
0.238
0.206
0.235
0.243
0.180
0.220
0.210
0.179
0.203
0.192
0.232
0.177
0.225
0.292
0.290
0.238
0.242
0.240
0.251
0.254
0.290
0.224
0.269
0.209
0.193
0.209
0.201
0.198
0.180
0.209
0.227
0.181
0.180
0.189
0.225
0.276
0.189
0.216
0.222
0.194
0.189
0.206
0.206
0.208
0.205
0.231
0.224
0.224
0.274
0.230
0.231
0.233
0.247
0.252
0.332
0.418
0.342
0.246
0.237
0.261
0.261
0.283
0.285
0.280
0.317
0.222
0.218
0.221
0.233
0.246
0.289
0.243
0.224
0.214
0.246
0.235
0.176
0.207
0.216
0.230
0.233
0.277
0.409
0.255
0.273
0.239
0.229
0.217
0.219
0.426
0.514
0.469
0.312
0.612
0.386
0.327
0.300
0.332
0.299
0.328
0.387
0.413
0.185
0.196
0.196
0.206
0.202
0.194
0.183
0.168
0.183
0.189
0.122
0.130
0.128
0.112
0.254
0.465
0.213
0.249
0.290
0.259
0.247
0.221
0.253
0.222
0.161
0.202
0.219
0.298
0.257
0.189
0.179
0.165
0.207
0.221
0.202
0.196
0.149
0.120
0.135
0.165
0.277
0.363
0.242
0.141
0.194
0.310
0.429
0.389
0.229
0.103
0.099
0.082
0.107
0.192
0.185
0.148
0.204
0.264
0.235
0.080
0.076
0.062
0.059
0.088
0.168
0.107
0.044
0.078
0.163
0.151
0.259
0.335
0.240
0.136
0.120
0.115
0.149
0.154
0.267
0.181
0.184
0.163
0.145
0.148
0.167
0.142
0.206
0.158
0.169
0.059
0.054
0.089
0.068
0.073
0.092
0.081
0.063
0.062
0.080
0.066
0.212
0.186
0.224
0.259
0.287
0.315
0.344
0.286
0.277
0.236
0.239
0.243
0.266
0.369
0.373
0.338
0.308
0.252
0.225
0.267
0.295
0.334
0.359
0.349
0.250
0.233
0.303
0.270
0.277
0.295
0.310
0.326
0.290
0.244
0.232
0.249
0.271
0.366
0.351
0.464
0.483
0.493
0.498
0.459
0.509
0.570
0.537
0.477
0.347
0.363
0.440
0.617
0.750
0.884
0.853
0.657
0.557
0.556
0.575
0.492
0.484
0.506
0.487
0.440
0.522
0.481
0.405
0.470
0.469
0.609
0.667
0.589
0.650
0.661
0.696
0.653
0.721
0.771
0.720
0.758
0.734
0.653
0.515
0.513
0.441
0.446
0.419
0.413
0.401
0.453
0.777
0.845
0.822
0.906
0.784
0.793
0.768
0.854
0.889
0.886
0.838
0.799
0.705
0.718
0.683
0.642
0.702
0.675
0.784
0.818
0.836
0.849
0.827
0.752
0.654
0.789
0.846
0.798
0.761
0.822
0.820
0.734
0.652
0.567
0.549
0.528
0.524
0.536
0.412
0.482
0.548
0.548
0.532
0.570
0.616
0.606
0.485
0.385
0.388
0.362
0.399
0.507
0.458
0.404
0.399
0.305
0.266
0.236
0.185
0.216
0.236
0.188
0.209
0.226
0.251
0.261
0.286
0.307
0.269
0.295
0.277
0.271
0.325
0.371
0.278
0.310
0.346
0.316
0.280
0.186
0.180
0.192
0.185
0.178
0.232
0.211
0.234
0.209
0.136
0.112
0.151
0.191
0.215
0.228
0.367
0.241
0.248
0.264
0.274
0.335
0.398
0.355
0.243
0.197
0.220
0.205
0.214
0.197
0.198
0.218
0.252
0.243
0.229
0.146
0.186
0.147
0.147
0.236
0.205
0.197
0.221
0.225
0.208
0.208
0.259
0.263
0.227
0.276
0.239
0.209
0.227
0.233
0.214
0.251
0.325
0.278
0.408
0.423
0.345
0.296
0.284
0.308
0.347
0.326
0.346
0.373
0.300
0.382
0.583
0.463
0.509
0.430
0.414
0.325
0.371
0.242
0.339
0.276
0.265
0.244
0.223
0.172
0.153
0.143
0.148
0.178
0.193
0.205
0.214
0.220
0.188
0.178
0.222
0.207
0.250
0.268
0.427
0.430
0.301
0.542
0.536
0.535
0.560
0.381
0.302
0.368
0.232
0.245
0.266
0.336
0.247
0.161
0.158
0.156
0.152
0.176
0.230
0.706
0.472
0.272
0.224
0.251
0.239
0.243
0.247
0.258
0.259
0.242
0.239
0.288
0.191
0.055
0.096
0.088
0.092
0.089
0.084
0.124
0.112
0.124
0.115
0.108
0.113
0.120
0.176
0.176
0.170
0.170
0.130
0.118
0.113
0.143
0.133
0.117
0.129
0.156
0.188
0.238
0.182
0.162
0.150
0.209
0.345
0.408
0.169
0.132
0.147
0.116
0.131
0.163
0.145
0.164
0.242
0.280
0.264
0.208
0.219
0.216
0.237
0.183
0.095
0.071
0.090
0.160
0.185
0.180
0.096
0.064
0.078
0.097
0.133
0.200
0.092
0.214
0.218
0.187
0.131
0.067
0.082
0.090
0.118
0.142
0.119
0.061
0.137
0.142
0.224
0.299
0.295
0.276
0.329
0.345
0.290
0.254
0.260
0.322
0.262
0.309
0.201
0.165
0.190
0.259
0.242
0.226
0.310
0.343
0.374
0.357
0.338
0.291
0.320
0.322
0.339
0.339
0.377
0.476
0.632
0.778
0.767
0.738
0.582
0.493
0.523
0.512
0.584
0.599
0.525
0.634
0.620
0.547
0.551
0.533
0.599
0.701
0.867
0.787
0.761
0.741
0.791
0.756
0.783
0.690
0.721
0.689
0.736
0.828
0.745
0.720
0.716
0.775
0.751
0.749
0.761
0.913
0.890
0.842
0.844
0.919
0.912
0.838
0.793
0.804
0.834
0.863
0.869
0.860
0.771
0.739
0.796
0.842
0.834
0.870
0.806
0.804
0.731
0.765
0.703
0.634
0.661
0.702
0.700
0.712
0.660
0.624
0.812
0.908
0.909
0.879
0.861
0.823
0.947
0.870
0.870
0.832
0.856
0.774
0.766
0.745
0.816
0.682
0.654
0.720
0.766
0.658
0.657
0.704
0.715
0.605
0.704
0.692
0.692
0.617
0.648
0.631
0.677
0.643
0.672
0.606
0.578
0.523
0.561
0.563
0.542
0.459
0.458
0.365
0.341
0.377
0.439
0.453
0.409
0.398
0.345
0.360
0.257
0.265
0.330
0.338
0.356
0.358
0.311
0.206
0.279
0.297
0.307
0.284
0.272
0.267
0.296
0.338
0.338
0.351
0.313
0.279
0.347
0.488
0.412
0.414
0.286
0.260
0.369
0.244
0.155
0.176
0.241
0.262
0.298
0.327
0.351
0.425
0.351
0.284
0.275
0.301
0.246
0.224
0.282
0.363
0.383
0.354
0.312
0.298
0.323
0.308
0.277
0.250
0.240
0.197
0.192
0.217
0.241
0.268
0.377
0.303
0.404
0.431
0.335
0.296
0.295
0.285
0.317
0.351
0.418
0.367
0.367
0.321
0.365
0.366
0.287
0.318
0.430
0.418
0.335
0.276
0.280
0.295
0.368
0.404
0.412
0.617
0.579
0.337
0.280
0.276
0.287
0.326
0.327
0.300
0.218
0.236
0.344
0.453
0.266
0.254
0.330
0.510
0.484
0.284
0.300
0.345
0.321
0.300
0.357
0.363
0.423
0.343
0.287
0.230
0.184
0.147
0.145
0.190
0.174
0.201
0.289
0.318
0.289
0.286
0.294
0.248
0.216
0.205
0.234
0.352
0.208
0.207
0.196
0.176
0.172
0.148
0.140
0.182
0.155
0.152
0.125
0.072
0.081
0.069
0.062
0.079
0.075
0.065
0.087
0.113
0.086
0.107
0.102
0.096
0.108
0.103
0.080
0.079
0.091
0.087
0.117
0.163
0.208
0.197
0.159
0.177
0.078
0.088
0.096
0.100
0.104
0.139
0.200
0.199
0.180
0.146
0.177
0.187
0.300
0.292
0.245
0.248
0.184
0.211
0.213
0.208
0.261
0.220
0.288
0.303
0.302
0.201
0.210
0.193
0.108
0.086
0.096
0.150
0.215
0.254
0.292
0.085
0.074
0.082
0.058
0.071
0.103
0.228
0.286
0.333
0.432
0.453
0.519
0.585
0.493
0.347
0.306
0.271
0.218
0.254
0.303
0.331
0.350
0.366
0.362
0.351
0.337
0.263
0.214
0.203
0.196
0.195
0.217
0.219
0.208
0.251
0.281
0.268
0.323
0.355
0.366
0.351
0.369
0.323
0.370
0.394
0.537
0.545
0.615
0.721
0.554
0.511
0.450
0.446
0.452
0.506
0.537
0.573
0.581
0.627
0.633
0.669
0.589
0.593
0.494
0.558
0.559
0.642
0.649
0.630
0.659
0.621
0.617
0.526
0.444
0.444
0.474
0.422
0.452
0.558
0.603
0.584
0.499
0.468
0.480
0.385
0.387
0.428
0.537
0.511
0.583
0.580
0.581
0.708
0.721
0.636
0.620
0.628
0.719
0.863
0.925
0.854
0.833
0.904
0.847
0.843
0.927
0.811
0.894
0.841
0.825
0.806
0.819
0.779
0.798
0.823
0.784
0.757
0.717
0.721
0.732
0.699
0.654
0.662
0.668
0.685
0.671
0.612
0.614
0.486
0.440
0.409
0.541
0.589
0.564
0.641
0.602
0.640
0.667
0.715
0.682
0.699
0.708
0.639
0.517
0.571
0.496
0.566
0.553
0.656
0.617
0.450
0.472
0.730
0.563
0.768
0.786
0.812
0.790
0.667
0.559
0.525
0.634
0.729
0.590
0.353
0.413
0.384
0.318
0.338
0.352
0.355
0.354
0.337
0.344
0.323
0.313
0.272
0.268
0.213
0.260
0.226
0.190
0.240
0.288
0.294
0.290
0.298
0.176
0.173
0.205
0.183
0.209
0.209
0.265
0.407
0.521
0.445
0.324
0.287
0.226
0.237
0.239
0.241
0.239
0.285
0.298
0.281
0.295
0.302
0.312
0.306
0.295
0.305
0.295
0.402
0.373
0.363
0.348
0.334
0.305
0.317
0.305
0.271
0.209
0.200
0.217
0.301
0.360
0.243
0.244
0.238
0.267
0.296
0.415
0.442
0.493
0.358
0.368
0.340
0.330
0.346
0.371
0.447
0.409
0.480
0.358
0.354
0.291
0.360
0.387
0.402
0.316
0.325
0.325
0.342
0.282
0.260
0.250
0.300
0.292
0.357
0.308
0.379
0.368
0.278
0.245
0.362
0.294
0.203
0.269
0.509
0.455
0.326
0.364
0.446
0.432
0.295
0.238
0.259
0.317
0.425
0.417
0.482
0.464
0.331
0.259
0.286
0.304
0.363
0.303
0.380
0.378
0.306
0.249
0.189
0.185
0.208
0.168
0.170
0.140
0.146
0.200
0.205
0.204
0.205
0.230
0.229
0.214
0.210
0.202
0.283
0.277
0.338
0.299
0.311
0.282
0.211
0.174
0.132
0.145
0.143
0.131
0.184
0.203
0.250
0.304
0.224
0.171
0.132
0.174
0.269
0.224
0.202
0.081
0.088
0.082
0.075
0.069
0.075
0.074
0.085
0.129
0.192
0.143
0.048
0.053
0.060
0.064
0.068
0.117
0.143
0.095
0.069
0.071
0.070
0.100
0.175
0.197
0.212
0.248
0.206
0.199
0.243
0.353
0.355
0.321
0.259
0.253
0.241
0.316
0.259
0.291
0.269
0.203
0.212
0.149
0.148
0.181
0.162
0.188
0.201
0.216
0.268
0.245
0.165
0.183
0.185
0.267
0.243
0.167
0.180
0.252
0.229
0.224
0.214
0.150
0.121
0.179
0.220
0.271
0.244
0.220
0.286
0.336
0.263
0.217
0.244
0.274
0.392
0.428
0.278
0.290
0.276
0.256
0.311
0.348
0.440
0.476
0.488
0.531
0.594
0.614
0.599
0.630
0.651
0.661
0.723
0.769
0.786
0.746
0.716
0.682
0.733
0.642
0.652
0.721
0.617
0.754
0.674
0.672
0.693
0.792
0.801
0.725
0.603
0.547
0.510
0.526
0.499
0.618
0.557
0.637
0.743
0.824
0.850
0.824
0.744
0.744
0.794
0.863
0.860
0.822
0.866
0.835
0.809
0.804
0.761
0.726
0.725
0.718
0.738
0.703
0.755
0.780
0.718
0.714
0.732
0.744
0.693
0.668
0.691
0.677
0.695
0.685
0.670
0.622
0.603
0.587
0.535
0.416
0.366
0.320
0.434
0.584
0.554
0.617
0.658
0.762
0.713
0.831
0.794
0.864
0.906
0.905
0.886
0.911
0.834
0.803
0.680
0.698
0.838
0.938
0.818
0.808
0.789
0.758
0.678
0.668
0.710
0.586
0.637
0.548
0.482
0.445
0.460
0.485
0.444
0.354
0.397
0.397
0.406
0.376
0.336
0.451
0.324
0.381
0.417
0.356
0.366
0.406
0.404
0.329
0.329
0.266
0.291
0.326
0.248
0.259
0.325
0.365
0.323
0.321
0.371
0.298
0.312
0.349
0.300
0.259
0.315
0.335
0.351
0.256
0.265
0.298
0.252
0.257
0.233
0.323
0.244
0.285
0.239
0.285
0.266
0.303
0.357
0.407
0.352
0.237
0.298
0.316
0.373
0.335
0.308
0.234
0.223
0.230
0.213
0.216
0.219
0.208
0.222
0.247
0.267
0.266
0.205
0.210
0.246
0.296
0.325
0.318
0.379
0.323
0.250
0.268
0.279
0.290
0.404
0.409
0.301
0.432
0.390
0.389
0.406
0.314
0.311
0.326
0.273
0.255
0.292
0.320
0.259
0.324
0.324
0.253
0.285
0.372
0.338
0.449
0.467
0.348
0.285
0.232
0.226
0.248
0.246
0.235
0.240
0.237
0.240
0.246
0.234
0.207
0.220
0.226
0.198
0.153
0.166
0.200
0.271
0.205
0.173
0.180
0.182
0.183
0.212
0.213
0.281
0.333
0.350
0.263
0.213
0.155
0.137
0.152
0.168
0.204
0.194
0.269
0.178
0.126
0.179
0.264
0.219
0.155
0.166
0.140
0.127
0.525
0.681
0.524
0.338
0.274
0.405
0.391
0.292
0.260
0.236
0.268
0.264
0.189
0.177
0.205
0.230
0.203
0.158
0.142
0.093
0.122
0.105
0.103
0.184
0.239
0.168
0.155
0.181
0.189
0.170
0.191
0.237
0.216
0.156
0.121
0.071
0.179
0.134
0.126
0.199
0.129
0.169
0.192
0.156
0.188
0.214
0.271
0.243
0.175
0.227
0.245
0.234
0.218
0.186
0.153
0.148
0.096
0.101
0.093
0.127
0.188
0.174
0.187
0.149
0.162
0.206
0.263
0.305
0.316
0.285
0.192
0.258
0.366
0.458
0.366
0.425
0.317
0.287
0.279
0.256
0.263
0.265
0.274
0.316
0.435
0.727
0.594
0.510
0.413
0.392
0.433
0.343
0.352
0.320
0.295
0.361
0.394
0.376
0.344
0.275
0.282
0.302
0.328
0.310
0.236
0.270
0.235
0.275
0.409
0.479
0.596
0.706
0.617
0.643
0.617
0.576
0.499
0.403
0.382
0.738
0.792
0.792
0.717
0.785
0.773
0.805
0.652
0.556
0.556
0.560
0.577
0.656
0.742
0.821
0.844
0.748
0.841
0.856
0.807
0.725
0.817
0.815
0.849
0.835
0.871
0.933
0.917
0.857
0.893
0.812
0.765
0.856
0.897
0.897
0.881
0.891
0.867
0.880
0.840
0.881
0.844
0.878
0.904
0.942
0.948
0.903
0.926
0.881
0.839
0.860
0.863
0.882
0.888
0.810
0.745
0.900
0.889
0.865
0.836
0.718
0.665
0.851
0.904
0.847
0.806
0.752
0.805
0.800
0.733
0.728
0.724
0.718
0.703
0.700
0.699
0.775
0.749
0.793
0.812
0.834
0.763
0.739
0.731
0.648
0.610
0.492
0.439
0.535
0.592
0.553
0.402
0.497
0.501
0.515
0.457
0.422
0.425
0.352
0.505
0.379
0.384
0.377
0.331
0.308
0.373
0.455
0.440
0.455
0.344
0.289
0.326
0.384
0.383
0.372
0.350
0.325
0.311
0.305
0.306
0.448
0.337
0.328
0.388
0.323
0.309
0.276
0.277
0.313
0.371
0.360
0.356
0.351
0.348
0.336
0.402
0.384
0.348
0.357
0.348
0.443
0.300
0.319
0.325
0.265
0.261
0.360
0.379
0.307
0.386
0.384
0.422
0.554
0.593
0.530
0.424
0.451
0.366
0.273
0.291
0.325
0.311
0.326
0.310
0.273
0.286
0.303
0.315
0.329
0.345
0.341
0.401
0.449
0.491
0.422
0.345
0.344
0.335
0.370
0.445
0.471
0.469
0.434
0.376
0.350
0.310
0.385
0.379
0.359
0.340
0.313
0.237
0.238
0.271
0.252
0.206
0.214
0.245
0.277
0.268
0.237
0.221
0.177
0.150
0.210
0.234
0.234
0.287
0.469
0.414
0.221
0.264
0.240
0.257
0.199
0.337
0.477
0.284
0.299
0.555
0.531
0.378
0.431
0.358
0.317
0.318
0.288
0.317
0.290
0.280
0.243
0.256
0.285
0.315
0.310
0.344
0.278
0.290
0.396
0.354
0.243
0.235
0.204
0.202
0.169
0.167
0.205
0.316
0.265
0.424
0.402
0.313
0.229
0.190
0.181
0.188
0.218
0.293
0.318
0.187
0.177
0.165
0.153
0.155
0.111
0.114
0.110
0.110
0.134
0.169
0.133
0.080
0.107
0.104
0.128
0.135
0.131
0.167
0.142
0.111
0.136
0.140
0.155
0.156
0.102
0.090
0.092
0.135
0.132
0.099
0.150
0.180
0.219
0.168
0.125
0.110
0.116
0.131
0.135
0.123
0.118
0.140
0.141
0.154
0.201
0.213
0.276
0.253
0.255
0.208
0.196
0.256
0.263
0.278
0.314
0.270
0.250
0.263
0.287
0.380
0.336
0.279
0.228
0.240
0.284
0.253
0.214
0.303
0.255
0.213
0.194
0.195
0.471
0.494
0.542
0.489
0.390
0.301
0.304
0.321
0.363
0.342
0.328
0.389
0.525
0.518
0.470
0.508
0.512
0.529
0.547
0.448
0.382
0.569
0.797
0.714
0.707
0.646
0.663
0.596
0.536
0.722
0.899
0.913
0.853
0.843
0.795
0.818
0.816
0.889
0.871
0.814
0.813
0.762
0.741
0.756
0.752
0.675
0.668
0.676
0.639
0.648
0.668
0.668
0.757
0.755
0.693
0.752
0.730
0.762
0.750
0.771
0.793
0.916
0.851
0.869
0.843
0.832
0.793
0.927
0.888
0.847
0.876
0.914
0.927
0.889
0.847
0.863
0.798
0.720
0.722
0.889
0.876
0.885
0.771
0.703
0.715
0.782
0.771
0.804
0.829
0.888
0.865
0.856
0.866
0.881
0.846
0.834
0.851
0.804
0.767
0.745
0.803
0.727
0.698
0.683
0.660
0.630
0.624
0.553
0.655
0.648
0.749
0.678
0.724
0.695
0.687
0.646
0.736
0.727
0.570
0.429
0.432
0.505
0.459
0.350
0.338
0.422
0.376
0.360
0.403
0.473
0.448
0.404
0.323
0.323
0.310
0.250
0.226
0.244
0.296
0.287
0.265
0.304
0.274
0.313
0.291
0.250
0.287
0.299
0.262
0.246
0.323
0.342
0.225
0.258
0.329
0.343
0.232
0.325
0.292
0.310
0.248
0.283
0.214
0.224
0.244
0.276
0.233
0.219
0.251
0.240
0.200
0.209
0.233
0.205
0.244
0.249
0.239
0.284
0.343
0.392
0.387
0.370
0.359
0.306
0.338
0.313
0.300
0.289
0.229
0.310
0.279
0.304
0.334
0.308
0.330
0.280
0.284
0.203
0.255
0.373
0.321
0.305
0.278
0.233
0.337
0.381
0.262
0.341
0.304
0.345
0.286
0.267
0.204
0.225
0.190
0.217
0.286
0.309
0.334
0.391
0.367
0.442
0.374
0.315
0.236
0.206
0.241
0.248
0.292
0.370
0.333
0.256
0.253
0.215
0.221
0.188
0.182
0.275
0.328
0.323
0.278
0.307
0.209
0.229
0.219
0.416
0.342
0.302
0.338
0.318
0.277
0.271
0.256
0.199
0.153
0.133
0.128
0.132
0.148
0.138
0.130
0.141
0.106
0.117
0.167
0.325
0.206
0.135
0.091
0.081
0.092
0.093
0.117
0.111
0.152
0.167
0.158
0.128
0.142
0.114
0.131
0.142
0.165
0.225
0.341
0.293
0.211
0.159
0.144
0.128
0.139
0.166
0.092
0.094
0.104
0.324
0.291
0.195
0.139
0.136
0.137
0.214
0.231
0.279
0.296
0.307
0.399
0.482
0.297
0.226
0.169
0.165
0.167
0.162
0.193
0.183
0.175
0.181
0.179
0.186
0.090
0.095
0.121
0.149
0.153
0.123
0.096
0.090
0.096
0.106
0.090
0.128
0.128
0.150
0.184
0.231
0.251
0.238
0.331
0.323
0.278
0.328
0.289
0.261
0.270
0.281
0.270
0.244
0.276
0.298
0.314
0.324
0.321
0.307
0.325
0.280
0.233
0.171
0.184
0.215
0.241
0.282
0.288
0.287
0.327
0.325
0.332
0.349
0.379
0.537
0.526
0.499
0.522
0.564
0.602
0.838
0.690
0.754
0.616
0.577
0.588
0.485
0.516
0.572
0.562
0.459
0.422
0.411
0.540
0.600
0.672
0.544
0.584
0.746
0.752
0.686
0.760
0.662
0.628
0.544
0.642
0.636
0.786
0.850
0.840
0.854
0.840
0.753
0.673
0.612
0.565
0.561
0.536
0.604
0.582
0.536
0.560
0.795
0.627
0.680
0.813
0.840
0.741
0.800
0.825
0.830
0.879
0.827
0.826
0.877
0.869
0.802
0.798
0.820
0.797
0.808
0.952
0.883
0.919
0.818
0.782
0.771
0.802
0.758
0.721
0.681
0.703
0.719
0.657
0.717
0.813
0.841
0.705
0.673
0.660
0.637
0.575
0.509
0.481
0.585
0.712
0.769
0.753
0.582
0.581
0.647
0.742
0.763
0.743
0.842
0.838
0.839
0.855
0.872
0.814
0.664
0.728
0.740
0.676
0.566
0.588
0.636
0.670
0.666
0.628
0.651
0.646
0.586
0.508
0.515
0.526
0.577
0.576
0.590
0.542
0.430
0.316
0.297
0.277
0.277
0.286
0.312
0.357
0.341
0.314
0.338
0.319
0.252
0.319
0.314
0.269
0.249
0.215
0.285
0.342
0.375
0.291
0.207
0.247
0.246
0.209
0.188
0.209
0.275
0.264
0.288
0.308
0.325
0.327
0.277
0.238
0.258
0.313
0.288
0.406
0.757
0.517
0.203
0.281
0.279
0.318
0.334
0.283
0.277
0.305
0.323
0.243
0.288
0.202
0.197
0.261
0.293
0.329
0.305
0.290
0.308
0.351
0.366
0.349
0.394
0.414
0.390
0.344
0.429
0.309
0.272
0.303
0.358
0.492
0.376
0.290
0.244
0.197
0.278
0.307
0.313
0.291
0.282
0.266
0.330
0.306
0.298
0.495
0.416
0.425
0.495
0.770
0.754
0.682
0.563
0.497
0.530
0.555
0.434
0.383
0.389
0.475
0.448
0.307
0.267
0.232
0.283
0.305
0.372
0.279
0.266
0.233
0.201
0.296
0.319
0.250
0.195
0.290
0.394
0.356
0.287
0.326
0.267
0.236
0.265
0.361
0.298
0.409
0.339
0.239
0.245
0.246
0.207
0.206
0.183
0.163
0.174
0.242
0.302
0.202
0.213
0.194
0.186
0.163
0.136
0.235
0.189
0.142
0.212
0.191
0.160
0.133
0.149
0.113
0.091
0.104
0.106
0.111
0.134
0.139
0.191
0.222
0.211
0.155
0.215
0.157
0.152
0.167
0.220
0.295
0.251
0.239
0.224
0.211
0.188
0.185
0.127
0.189
0.307
0.228
0.254
0.229
0.179
0.132
0.097
0.079
0.102
0.159
0.137
0.132
0.072
0.060
0.100
0.155
0.144
0.074
0.107
0.083
0.068
0.058
0.068
0.078
0.082
0.111
0.118
0.144
0.222
0.185
0.211
0.136
0.127
0.137
0.182
0.245
0.295
0.252
0.263
0.282
0.272
0.277
0.242
0.233
0.253
0.258
0.164
0.207
0.203
0.259
0.246
0.254
0.254
0.272
0.298
0.341
0.316
0.342
0.341
0.361
0.329
0.271
0.265
0.285
0.317
0.344
0.328
0.340
0.331
0.314
0.352
0.334
0.395
0.389
0.312
0.247
0.292
0.390
0.402
0.532
0.491
0.482
0.600
0.747
0.603
0.540
0.548
0.656
0.579
0.510
0.491
0.403
0.403
0.367
0.651
0.809
0.735
0.736
0.761
0.863
0.727
0.738
0.819
0.874
0.857
0.786
0.865
0.814
0.845
0.922
0.924
0.910
0.866
0.864
0.885
0.790
0.798
0.789
0.831
0.714
0.685
0.758
0.746
0.785
0.788
0.731
0.727
0.706
0.749
0.831
0.801
0.773
0.775
0.711
0.680
0.648
0.631
0.640
0.601
0.582
0.582
0.581
0.733
0.750
0.900
0.910
0.936
0.853
0.831
0.842
0.797
0.743
0.723
0.716
0.684
0.557
0.516
0.724
0.628
0.673
0.553
0.539
0.604
0.630
0.572
0.489
0.476
0.459
0.479
0.447
0.397
0.453
0.508
0.546
0.478
0.356
0.287
0.364
0.335
0.468
0.577
0.788
0.776
0.580
0.457
0.586
0.607
0.545
0.486
0.431
0.359
0.381
0.347
0.337
0.270
0.303
0.312
0.276
0.255
0.224
0.119
0.134
0.197
0.244
0.267
0.356
0.297
0.279
0.197
0.192
0.231
0.259
0.286
0.326
0.305
0.376
0.382
0.390
0.343
0.455
0.715
0.661
0.662
0.568
0.656
0.495
0.500
0.508
0.512
0.460
0.386
0.432
0.497
0.290
0.246
0.301
0.481
0.459
0.384
0.380
0.388
0.412
0.452
0.372
0.269
0.267
0.399
0.421
0.255
0.242
0.314
0.373
0.452
0.340
0.467
0.560
0.504
0.457
0.565
0.478
0.393
0.387
0.380
0.244
0.259
0.266
0.292
0.433
0.555
0.472
0.330
0.345
0.429
0.411
0.323
0.339
0.378
0.354
0.320
0.322
0.368
0.475
0.341
0.434
0.453
0.330
0.311
0.303
0.264
0.237
0.238
0.243
0.342
0.348
0.257
0.271
0.348
0.324
0.323
0.315
0.250
0.227
0.228
0.388
0.317
0.336
0.319
0.348
0.321
0.349
0.192
0.428
0.494
0.376
0.313
0.288
0.147
0.180
0.161
0.126
0.168
0.173
0.283
0.300
0.294
0.217
0.183
0.185
0.146
0.164
0.225
0.232
0.332
0.402
0.375
0.296
0.263
0.184
0.156
0.141
0.110
0.103
0.117
0.159
0.169
0.155
0.133
0.128
0.108
0.095
0.109
0.164
0.149
0.222
0.219
0.191
0.139
0.146
0.222
0.275
0.273
0.376
0.198
0.153
0.122
0.118
0.076
0.080
0.103
0.145
0.185
0.196
0.147
0.111
0.100
0.114
0.124
0.189
0.234
0.258
0.248
0.241
0.178
0.143
0.202
0.175
0.210
0.177
0.174
0.168
0.167
0.152
0.168
0.209
0.179
0.228
0.227
0.205
0.201
0.181
0.186
0.169
0.155
0.202
0.233
0.232
0.199
0.150
0.167
0.122
0.081
0.137
0.162
0.176
0.237
0.350
0.389
0.376
0.345
0.320
0.236
0.231
0.403
0.501
0.395
0.399
0.413
0.593
0.492
0.375
0.287
0.216
0.156
0.149
0.212
0.455
0.593
0.536
0.353
0.232
0.352
0.374
0.328
0.392
0.439
0.443
0.414
0.363
0.408
0.455
0.440
0.369
0.452
0.409
0.591
0.788
0.746
0.734
0.719
0.666
0.680
0.707
0.704
0.691
0.644
0.582
0.597
0.638
0.612
0.676
0.617
0.629
0.693
0.792
0.876
0.878
0.789
0.873
0.798
0.754
0.710
0.794
0.912
0.879
0.830
0.884
0.878
0.850
0.857
0.903
0.908
0.888
0.844
0.848
0.843
0.851
0.845
0.813
0.827
0.827
0.862
0.833
0.827
0.806
0.768
0.784
0.800
0.799
0.823
0.772
0.787
0.807
0.885
0.870
0.841
0.833
0.864
0.866
0.890
0.889
0.838
0.889
0.908
0.883
0.888
0.878
0.895
0.865
0.748
0.680
0.669
0.639
0.639
0.608
0.683
0.712
0.625
0.532
0.545
0.508
0.496
0.513
0.457
0.501
0.510
0.502
0.487
0.455
0.395
0.469
0.399
0.314
0.437
0.624
0.678
0.578
0.484
0.405
0.284
0.445
0.639
0.653
0.647
0.554
0.484
0.457
0.363
0.344
0.369
0.307
0.281
0.348
0.352
0.325
0.336
0.359
0.377
0.358
0.315
0.308
0.326
0.378
0.473
0.578
0.633
0.683
0.723
0.713
0.672
0.709
0.778
0.738
0.656
0.497
0.624
0.799
0.851
0.872
0.791
0.737
0.665
0.651
0.626
0.548
0.481
0.441
0.441
0.462
0.508
0.519
0.460
0.467
0.484
0.402
0.285
0.339
0.456
0.390
0.368
0.357
0.364
0.368
0.303
0.354
0.331
0.359
0.480
0.413
0.364
0.391
0.425
0.452
0.499
0.548
0.381
0.359
0.407
0.471
0.486
0.430
0.449
0.410
0.341
0.372
0.362
0.320
0.306
0.426
0.562
0.481
0.186
0.241
0.271
0.284
0.312
0.342
0.335
0.334
0.393
0.427
0.313
0.402
0.409
0.388
0.468
0.445
0.403
0.350
0.317
0.297
0.360
0.374
0.475
0.517
0.408
0.341
0.335
0.325
0.283
0.366
0.552
0.431
0.435
0.371
0.333
0.326
0.351
0.376
0.290
0.239
0.351
0.276
0.324
0.361
0.274
0.312
0.372
0.335
0.302
0.282
0.244
0.231
0.222
0.141
0.171
0.206
0.162
0.147
0.140
0.152
0.135
0.139
0.153
0.267
0.219
0.182
0.210
0.194
0.147
0.135
0.122
0.127
0.227
0.200
0.219
0.189
0.192
0.097
0.135
0.123
0.114
0.106
0.114
0.186
0.151
0.175
0.196
0.226
0.202
0.156
0.187
0.254
0.186
0.108
0.099
0.116
0.099
0.084
0.077
0.085
0.103
0.127
0.133
0.200
0.243
0.213
0.205
0.289
0.338
0.338
0.280
0.230
0.226
0.173
0.252
0.287
0.316
0.300
0.285
0.253
0.233
0.228
0.220
0.270
0.349
0.413
0.434
0.412
0.365
0.311
0.319
0.284
0.250
0.251
0.262
0.352
0.364
0.381
0.290
0.320
0.249
0.245
0.267
0.396
0.429
0.371
0.383
0.445
0.454
0.501
0.524
0.471
0.518
0.564
0.547
0.560
0.490
0.575
0.629
0.808
0.606
0.565
0.798
0.865
0.805
0.739
0.704
0.685
0.686
0.687
0.687
0.839
0.791
0.821
0.842
0.895
0.823
0.745
0.761
0.849
0.895
0.889
0.832
0.855
0.828
0.815
0.809
0.809
0.913
0.854
0.902
0.843
0.832
0.842
0.852
0.867
0.891
0.885
0.849
0.949
0.894
0.855
0.823
0.863
0.919
0.915
0.929
0.934
0.940
0.922
0.943
0.943
0.935
0.857
0.862
0.845
0.849
0.849
0.877
0.834
0.884
0.880
0.851
0.899
0.860
0.882
0.913
0.909
0.921
0.860
0.894
0.948
0.960
0.945
0.934
0.904
0.888
0.906
0.928
0.938
0.897
0.804
0.845
0.875
0.901
0.855
0.842
0.838
0.783
0.793
0.787
0.771
0.800
0.799
0.755
0.743
0.700
0.642
0.609
0.594
0.642
0.620
0.613
0.572
0.515
0.506
0.400
0.405
0.434
0.428
0.437
0.355
0.346
0.361
0.376
0.316
0.314
0.312
0.337
0.293
0.331
0.335
0.292
0.313
0.349
0.340
0.346
0.302
0.308
0.336
0.305
0.302
0.320
0.381
0.386
0.356
0.353
0.353
0.349
0.330
0.371
0.349
0.318
0.345
0.311
0.346
0.322
0.316
0.293
0.308
0.373
0.436
0.469
0.486
0.467
0.426
0.392
0.299
0.258
0.255
0.233
0.324
0.397
0.415
0.396
0.323
0.312
0.372
0.242
0.198
0.241
0.300
0.342
0.320
0.301
0.308
0.328
0.341
0.325
0.297
0.380
0.396
0.402
0.416
0.402
0.340
0.315
0.346
0.431
0.474
0.492
0.605
0.590
0.482
0.496
0.599
0.403
0.247
0.398
0.383
0.328
0.351
0.316
0.249
0.341
0.579
0.568
0.317
0.393
0.401
0.315
0.341
0.360
0.386
0.381
0.355
0.400
0.392
0.425
0.337
0.283
0.216
0.265
0.242
0.449
0.430
0.349
0.377
0.121
0.172
0.177
0.174
0.205
0.401
0.278
0.247
0.316
0.364
0.266
0.236
0.238
0.259
0.355
0.304
0.198
0.172
0.212
0.188
0.151
0.158
0.249
0.315
0.341
0.307
0.248
0.274
0.231
0.168
0.090
0.104
0.140
0.162
0.247
0.178
0.160
0.146
0.164
0.189
0.169
0.189
0.055
0.065
0.076
0.069
0.073
0.108
0.162
0.202
0.147
0.152
0.172
0.169
0.121
0.135
0.169
0.185
0.179
0.182
0.161
0.133
0.203
0.235
0.219
0.268
0.279
0.285
0.211
0.215
0.248
0.239
0.413
0.400
0.254
0.195
0.239
0.208
0.189
0.188
0.181
0.174
0.158
0.179
0.138
0.138
0.248
0.369
0.342
0.365
0.369
0.247
0.221
0.222
0.302
0.336
0.287
0.221
0.217
0.254
0.247
0.229
0.207
0.203
0.253
0.234
0.244
0.252
0.234
0.284
0.232
0.225
0.277
0.297
0.351
0.357
0.356
0.366
0.319
0.308
0.364
0.336
0.368
0.385
0.488
0.443
0.383
0.496
0.528
0.531
0.469
0.398
0.415
0.449
0.416
0.421
0.440
0.439
0.466
0.452
0.471
0.456
0.414
0.422
0.433
0.464
0.419
0.570
0.858
0.756
0.710
0.731
0.763
0.844
0.910
0.838
0.913
0.874
0.802
0.786
0.786
0.792
0.843
0.808
0.716
0.706
0.771
0.784
0.802
0.812
0.723
0.822
0.820
0.830
0.898
0.885
0.919
0.907
0.789
0.766
0.749
0.822
0.868
0.856
0.814
0.866
0.842
0.889
0.942
0.932
0.925
0.937
0.875
0.802
0.849
0.908
0.891
0.929
0.906
0.946
0.881
0.860
0.877
0.817
0.812
0.847
0.874
0.856
0.858
0.850
0.838
0.899
0.954
0.955
0.892
0.859
0.845
0.938
0.898
0.940
0.825
0.802
0.842
0.852
0.802
0.779
0.812
0.826
0.848
0.832
0.785
0.702
0.604
0.520
0.525
0.485
0.424
0.409
0.392
0.547
0.581
0.553
0.486
0.445
0.468
0.418
0.405
0.432
0.415
0.376
0.375
0.366
0.375
0.358
0.348
0.370
0.355
0.355
0.414
0.321
0.278
0.303
0.279
0.288
0.288
0.295
0.324
0.342
0.315
0.313
0.316
0.337
0.315
0.330
0.324
0.332
0.316
0.301
0.306
0.281
0.324
0.309
0.247
0.249
0.265
0.297
0.349
0.343
0.338
0.320
0.289
0.320
0.300
0.300
0.304
0.340
0.341
0.288
0.340
0.318
0.314
0.302
0.266
0.273
0.291
0.282
0.342
0.411
0.283
0.349
0.497
0.550
0.460
0.447
0.406
0.318
0.283
0.205
0.256
0.273
0.252
0.282
0.315
0.359
0.383
0.539
0.371
0.390
0.349
0.393
0.372
0.331
0.309
0.293
0.257
0.228
0.219
0.254
0.320
0.376
0.486
0.344
0.456
0.412
0.445
0.486
0.377
0.308
0.238
0.296
0.280
0.242
0.261
0.210
0.228
0.243
0.200
0.248
0.301
0.302
0.318
0.357
0.443
0.503
0.340
0.296
0.248
0.256
0.288
0.319
0.383
0.441
0.345
0.396
0.366
0.417
0.364
0.317
0.310
0.314
0.297
0.322
0.398
0.330
0.261
0.253
0.212
0.171
0.188
0.136
0.104
0.110
0.139
0.148
0.140
0.162
0.201
0.225
0.139
0.156
0.209
0.211
0.249
0.348
0.193
0.157
0.172
0.138
0.173
0.234
0.259
0.136
0.186
0.218
0.278
0.347
0.260
0.214
0.158
0.149
0.231
0.199
0.147
0.111
0.129
0.170
0.265
0.259
0.212
0.173
0.159
0.168
0.147
0.167
0.230
0.310
0.267
0.277
0.276
0.253
0.295
0.265
0.257
0.221
0.160
0.181
0.208
0.211
0.116
0.062
0.130
0.244
0.204
0.215
0.202
0.156
0.158
0.228
0.247
0.259
0.226
0.176
0.145
0.165
0.228
0.221
0.171
0.181
0.159
0.187
0.255
0.303
0.340
0.351
0.354
0.327
0.289
0.253
0.268
0.284
0.305
0.312
0.355
0.383
0.473
0.626
0.615
0.654
0.713
0.619
0.673
0.593
0.539
0.432
0.496
0.678
0.766
0.634
0.622
0.601
0.594
0.554
0.558
0.567
0.688
0.633
0.622
0.633
0.606
0.625
0.550
0.550
0.565
0.692
0.727
0.855
0.814
0.834
0.812
0.852
0.783
0.874
0.836
0.922
0.845
0.878
0.874
0.864
0.843
0.826
0.874
0.808
0.749
0.856
0.832
0.869
0.877
0.922
0.885
0.871
0.901
0.835
0.916
0.883
0.823
0.870
0.916
0.916
0.888
0.914
0.892
0.902
0.916
0.923
0.925
0.867
0.870
0.851
0.814
0.802
0.933
0.931
0.875
0.865
0.890
0.859
0.790
0.804
0.826
0.797
0.825
0.822
0.845
0.813
0.796
0.765
0.758
0.819
0.792
0.679
0.587
0.580
0.604
0.582
0.566
0.557
0.594
0.546
0.557
0.468
0.369
0.880
0.886
0.883
0.904
0.944
0.910
0.824
0.924
0.939
0.906
0.869
0.850
0.852
0.799
0.758
0.754
0.777
0.817
0.824
0.798
0.732
0.683
0.688
0.652
0.550
0.523
0.513
0.456
0.423
0.407
0.376
0.384
0.415
0.508
0.638
0.521
0.445
0.463
0.471
0.462
0.488
0.485
0.461
0.483
0.507
0.488
0.499
0.551
0.588
0.484
0.483
0.493
0.474
0.509
0.464
0.357
0.344
0.362
0.360
0.361
0.331
0.359
0.355
0.372
0.346
0.350
0.296
0.322
0.338
0.364
0.359
0.347
0.340
0.277
0.370
0.429
0.344
0.359
0.344
0.329
0.354
0.405
0.378
0.378
0.396
0.426
0.398
0.399
0.445
0.455
0.348
0.409
0.342
0.402
0.519
0.568
0.528
0.452
0.489
0.564
0.504
0.403
0.597
0.558
0.713
0.550
0.309
0.342
0.412
0.501
0.486
0.506
0.429
0.445
0.445
0.472
0.392
0.550
0.519
0.404
0.519
0.672
0.886
0.828
0.697
0.691
0.664
0.582
0.474
0.418
0.362
0.359
0.402
0.400
0.403
0.423
0.389
0.419
0.394
0.408
0.418
0.313
0.300
0.466
0.353
0.384
0.500
0.379
0.400
0.297
0.293
0.255
0.295
0.432
0.360
0.483
0.454
0.454
0.455
0.252
0.318
0.308
0.261
0.303
0.281
0.341
0.273
0.254
0.262
0.320
0.324
0.274
0.166
0.145
0.212
0.202
0.153
0.189
0.298
0.120
0.103
0.158
0.313
0.291
0.237
0.238
0.227
0.214
0.202
0.228
0.283
0.262
0.188
0.256
0.266
0.148
0.154
0.163
0.246
0.136
0.106
0.092
0.111
0.137
0.170
0.189
0.170
0.168
0.193
0.230
0.274
0.227
0.246
0.168
0.162
0.175
0.161
0.180
0.160
0.117
0.141
0.139
0.118
0.181
0.224
0.230
0.279
0.221
0.168
0.126
0.128
0.206
0.292
0.323
0.328
0.345
0.301
0.384
0.349
0.255
0.182
0.145
0.147
0.168
0.217
0.203
0.199
0.154
0.122
0.140
0.206
0.241
0.265
0.286
0.200
0.162
0.188
0.202
0.178
0.187
0.207
0.235
0.262
0.376
0.440
0.419
0.496
0.490
0.478
0.519
0.519
0.515
0.444
0.462
0.498
0.483
0.427
0.423
0.402
0.365
0.362
0.393
0.430
0.440
0.473
0.525
0.463
0.378
0.337
0.358
0.394
0.412
0.494
0.514
0.548
0.705
0.697
0.648
0.692
0.684
0.760
0.827
0.710
0.657
0.707
0.882
0.924
0.945
0.904
0.855
0.874
0.912
0.835
0.858
