20000101
0.206
0.244
0.228
0.217
0.277
0.250
0.219
0.329
0.274
0.324
0.244
0.312
0.405
0.281
0.147
0.209
0.186
0.236
0.256
0.153
0.336
0.544
0.473
0.335
0.306
0.280
0.317
0.274
0.204
0.156
0.168
0.489
0.299
0.496
0.481
0.471
0.426
0.301
0.241
0.239
0.252
0.438
0.265
0.236
0.234
0.199
0.154
0.153
0.125
0.146
0.160
0.193
0.248
0.192
0.161
0.117
0.096
0.125
0.141
0.202
0.195
0.212
0.199
0.253
0.207
0.085
0.130
0.109
0.084
0.080
0.250
0.261
0.279
0.061
0.092
0.154
0.274
0.142
0.045
0.048
0.127
0.221
0.154
0.136
0.121
0.111
0.090
0.068
0.081
0.071
0.136
0.138
0.096
0.083
0.087
0.080
0.058
0.065
0.093
0.082
0.079
0.109
0.103
0.126
0.182
0.238
0.219
0.113
0.125
0.117
0.105
0.133
0.182
0.258
0.238
0.263
0.260
0.253
0.200
0.225
0.195
0.124
0.178
0.138
0.133
0.146
0.177
0.205
0.248
0.340
0.286
0.323
0.394
0.464
0.447
0.400
0.431
0.459
0.538
0.514
0.508
0.486
0.379
0.412
0.375
0.341
0.342
0.320
0.273
0.375
0.436
0.451
0.380
0.313
0.279
0.314
0.378
0.239
0.335
0.353
0.406
0.297
0.283
0.330
0.395
0.394
0.384
0.350
0.320
0.301
0.276
0.298
0.400
0.381
0.451
0.404
0.389
0.393
0.379
0.422
0.336
0.355
0.566
0.687
0.635
0.674
0.548
0.523
0.567
0.769
0.676
0.684
0.739
0.760
0.762
0.887
0.904
0.876
0.834
0.749
0.777
0.838
0.890
0.807
0.721
0.626
0.595
0.573
0.531
0.578
0.607
0.704
0.664
0.589
0.519
0.606
0.540
0.489
0.490
0.433
0.431
0.464
0.496
0.532
0.729
0.885
0.926
0.875
0.826
0.823
0.761
0.901
0.907
0.881
0.890
0.794
0.765
0.686
0.701
0.842
0.831
0.805
0.768
0.798
0.770
0.728
0.751
0.746
0.890
0.720
0.662
0.692
0.656
0.646
0.623
0.606
0.536
0.536
0.452
0.445
0.467
0.478
0.523
0.457
0.449
0.374
0.473
0.485
0.535
0.423
0.351
0.317
0.208
0.271
0.335
0.274
0.230
0.272
0.282
0.288
0.258
0.327
0.294
0.309
0.291
0.268
0.311
0.262
0.205
0.117
0.148
0.181
0.294
0.312
0.270
0.189
0.275
0.373
0.313
0.291
0.230
0.155
0.176
0.236
0.200
0.181
0.153
0.188
0.264
0.301
0.202
0.264
0.297
0.328
0.283
0.223
0.258
0.260
0.270
0.213
0.230
0.238
0.223
0.149
0.177
0.253
0.255
0.277
0.228
0.238
0.226
0.250
0.232
0.214
0.178
0.167
0.132
0.102
0.102
0.172
0.126
0.150
0.172
0.251
0.206
0.217
0.208
0.255
0.274
0.225
0.377
0.253
0.296
0.376
0.297
0.206
0.127
0.148
0.198
0.154
0.145
0.178
0.223
0.223
0.293
0.561
0.408
0.478
0.379
0.468
0.356
0.305
0.254
0.261
0.273
0.234
0.218
0.303
0.230
0.194
0.192
0.204
0.287
0.351
0.318
0.197
0.241
0.397
0.182
0.145
0.227
0.117
0.115
0.177
0.220
0.176
0.244
0.217
0.138
0.126
0.133
0.215
0.234
0.167
0.149
0.126
0.157
0.147
0.137
0.130
0.168
0.273
0.244
0.196
0.174
0.211
0.185
0.180
0.108
0.184
0.200
0.300
0.206
0.214
0.184
0.137
0.084
0.101
0.132
0.144
0.080
0.076
0.076
0.069
0.073
0.098
0.244
0.336
0.248
0.178
0.178
0.164
0.105
0.120
0.227
0.257
0.207
0.189
0.158
0.167
0.169
0.187
0.267
0.251
0.149
0.162
0.126
0.104
0.092
0.132
0.085
0.084
0.074
0.075
0.100
0.139
0.206
0.186
0.184
0.155
0.158
0.218
0.273
0.324
0.287
0.220
0.132
0.098
0.076
0.091
0.104
0.102
0.108
0.144
0.166
0.216
0.148
0.158
0.132
0.201
0.175
0.204
0.184
0.216
0.244
0.233
0.231
0.241
0.206
0.228
0.280
0.322
0.313
0.415
0.451
0.356
0.361
0.313
0.208
0.187
0.388
0.418
0.382
0.400
0.456
0.558
0.535
0.538
0.539
0.632
0.560
0.511
0.524
0.437
0.474
0.437
0.520
0.553
0.574
0.579
0.671
0.752
0.817
0.770
0.715
0.690
0.595
0.499
0.471
0.518
0.466
0.438
0.427
0.455
0.429
0.491
0.507
0.631
0.787
0.838
0.899
0.871
0.733
0.644
0.737
0.778
0.826
0.917
0.883
0.844
0.776
0.833
0.851
0.861
0.832
0.745
0.808
0.856
0.865
0.884
0.828
0.838
0.810
0.757
0.751
0.807
0.761
0.765
0.716
0.640
0.597
0.616
0.726
0.767
0.830
0.785
0.755
0.840
0.829
0.863
0.891
0.854
0.822
0.934
0.943
0.891
0.767
0.761
0.777
0.832
0.798
0.803
0.787
0.722
0.687
0.688
0.717
0.764
0.701
0.686
0.659
0.603
0.575
0.614
0.607
0.695
0.675
0.620
0.586
0.625
0.645
0.624
0.565
0.505
0.507
0.478
0.481
0.414
0.460
0.487
0.410
0.356
0.373
0.349
0.349
0.356
0.334
0.193
0.260
0.457
0.572
0.648
0.671
0.608
0.447
0.415
0.386
0.485
0.573
0.724
0.706
0.535
0.528
0.337
0.320
0.264
0.232
0.234
0.252
0.197
0.258
0.231
0.204
0.275
0.223
0.258
0.191
0.251
0.295
0.290
0.253
0.270
0.254
0.259
0.248
0.289
0.248
0.291
0.226
0.209
0.226
0.212
0.208
0.191
0.233
0.262
0.186
0.186
0.190
0.235
0.263
0.192
0.223
0.222
0.190
0.203
0.217
0.216
0.215
0.211
0.242
0.254
0.253
0.388
0.271
0.267
0.275
0.304
0.279
0.336
0.426
0.390
0.262
0.251
0.311
0.277
0.288
0.294
0.289
0.328
0.230
0.228
0.236
0.246
0.252
0.310
0.264
0.239
0.224
0.249
0.234
0.177
0.208
0.226
0.237
0.241
0.290
0.442
0.262
0.279
0.239
0.236
0.254
0.213
0.410
0.507
0.491
0.349
0.641
0.428
0.363
0.351
0.364
0.321
0.340
0.405
0.441
0.178
0.201
0.202
0.213
0.208
0.191
0.187
0.175
0.177
0.201
0.127
0.134
0.128
0.122
0.263
0.518
0.272
0.272
0.311
0.269
0.251
0.233
0.282
0.255
0.163
0.203
0.214
0.292
0.265
0.189
0.183
0.162
0.205
0.222
0.197
0.203
0.155
0.126
0.135
0.166
0.273
0.362
0.250
0.143
0.195
0.317
0.423
0.394
0.228
0.109
0.103
0.080
0.103
0.193
0.200
0.144
0.197
0.247
0.228
0.085
0.078
0.067
0.063
0.081
0.156
0.114
0.046
0.079
0.171
0.148
0.254
0.332
0.242
0.140
0.117
0.112
0.145
0.148
0.255
0.184
0.179
0.159
0.141
0.150
0.173
0.137
0.197
0.158
0.163
0.061
0.052
0.088
0.072
0.072
0.091
0.081
0.064
0.065
0.080
0.067
0.216
0.184
0.215
0.249
0.277
0.303
0.332
0.276
0.264
0.225
0.242
0.243
0.255
0.365
0.383
0.344
0.308
0.250
0.218
0.254
0.285
0.326
0.349
0.348
0.246
0.222
0.300
0.261
0.273
0.298
0.308
0.324
0.281
0.236
0.225
0.232
0.251
0.366
0.354
0.465
0.483
0.479
0.495
0.460
0.501
0.572
0.544
0.494
0.355
0.369
0.453
0.621
0.766
0.876
0.862
0.661
0.559
0.579
0.580
0.497
0.487
0.511
0.493
0.436
0.519
0.488
0.404
0.465
0.465
0.594
0.651
0.575
0.672
0.685
0.703
0.661
0.731
0.782
0.729
0.770
0.751
0.673
0.526
0.529
0.456
0.464
0.423
0.420
0.420
0.476
0.781
0.853
0.838
0.933
0.797
0.838
0.786
0.867
0.896
0.895
0.834
0.853
0.730
0.737
0.713
0.673
0.747
0.707
0.805
0.835
0.852
0.841
0.832
0.773
0.695
0.828
0.860
0.805
0.759
0.841
0.842
0.776
0.697
0.614
0.581
0.558
0.555
0.563
0.451
0.519
0.586
0.579
0.555
0.593
0.641
0.628
0.502
0.398
0.411
0.384
0.418
0.506
0.473
0.425
0.398
0.320
0.268
0.280
0.215
0.229
0.254
0.206
0.233
0.268
0.277
0.280
0.293
0.314
0.268
0.297
0.285
0.298
0.348
0.406
0.323
0.319
0.350
0.324
0.291
0.193
0.189
0.202
0.203
0.210
0.258
0.216
0.239
0.216
0.156
0.109
0.168
0.226
0.211
0.241
0.381
0.250
0.258
0.264
0.270
0.343
0.479
0.378
0.256
0.215
0.268
0.221
0.227
0.202
0.203
0.221
0.249
0.236
0.234
0.156
0.216
0.168
0.171
0.283
0.219
0.199
0.231
0.240
0.236
0.215
0.274
0.278
0.240
0.331
0.328
0.245
0.240
0.232
0.213
0.253
0.333
0.275
0.398
0.424
0.345
0.301
0.314
0.308
0.350
0.334
0.346
0.408
0.318
0.382
0.589
0.473
0.534
0.437
0.428
0.335
0.344
0.264
0.357
0.269
0.272
0.241
0.220
0.174
0.153
0.139
0.151
0.181
0.196
0.209
0.233
0.248
0.203
0.180
0.219
0.208
0.238
0.267
0.419
0.430
0.320
0.527
0.558
0.565
0.572
0.404
0.319
0.379
0.268
0.245
0.288
0.345
0.252
0.170
0.158
0.157
0.164
0.179
0.217
0.708
0.496
0.258
0.226
0.256
0.242
0.251
0.252
0.247
0.261
0.247
0.233
0.284
0.195
0.054
0.100
0.092
0.093
0.089
0.085
0.122
0.111
0.131
0.119
0.110
0.115
0.114
0.155
0.165
0.170
0.178
0.136
0.123
0.112
0.136
0.128
0.117
0.126
0.154
0.183
0.232
0.189
0.159
0.151
0.203
0.345
0.388
0.158
0.134
0.176
0.115
0.129
0.160
0.146
0.167
0.226
0.268
0.253
0.216
0.223
0.210
0.225
0.183
0.095
0.073
0.086
0.151
0.177
0.189
0.095
0.059
0.082
0.098
0.127
0.192
0.104
0.221
0.220
0.189
0.123
0.068
0.074
0.090
0.117
0.128
0.109
0.059
0.129
0.139
0.216
0.292
0.282
0.265
0.312
0.333
0.280
0.247
0.248
0.319
0.248
0.296
0.201
0.160
0.180
0.246
0.233
0.218
0.299
0.331
0.363
0.348
0.330
0.284
0.318
0.327
0.334
0.342
0.374
0.470
0.642
0.766
0.756
0.779
0.599
0.501
0.549
0.538
0.592
0.638
0.541
0.640
0.628
0.551
0.558
0.533
0.600
0.714
0.883
0.795
0.775
0.749
0.808
0.754
0.805
0.706
0.720
0.693
0.761
0.813
0.740
0.717
0.720
0.801
0.777
0.748
0.771
0.926
0.893
0.858
0.855
0.924
0.913
0.842
0.801
0.831
0.860
0.879
0.882
0.869
0.781
0.760
0.818
0.857
0.864
0.900
0.825
0.829
0.750
0.799
0.727
0.691
0.693
0.724
0.716
0.726
0.681
0.644
0.833
0.923
0.918
0.897
0.883
0.835
0.953
0.886
0.888
0.849
0.880
0.814
0.801
0.765
0.835
0.729
0.695
0.741
0.806
0.691
0.676
0.725
0.759
0.651
0.747
0.717
0.730
0.664
0.690
0.663
0.725
0.688
0.700
0.664
0.631
0.578
0.598
0.632
0.585
0.491
0.481
0.407
0.400
0.398
0.499
0.502
0.436
0.419
0.366
0.378
0.298
0.313
0.364
0.355
0.382
0.386
0.397
0.230
0.289
0.320
0.323
0.335
0.300
0.325
0.357
0.364
0.366
0.391
0.352
0.329
0.386
0.515
0.412
0.439
0.296
0.259
0.378
0.251
0.183
0.208
0.274
0.260
0.298
0.346
0.352
0.437
0.370
0.312
0.301
0.336
0.318
0.273
0.300
0.372
0.408
0.400
0.345
0.334
0.341
0.335
0.294
0.278
0.271
0.216
0.201
0.239
0.256
0.280
0.400
0.327
0.395
0.433
0.359
0.327
0.300
0.308
0.337
0.377
0.432
0.380
0.400
0.366
0.418
0.385
0.344
0.376
0.486
0.435
0.339
0.293
0.289
0.330
0.389
0.411
0.423
0.639
0.588
0.341
0.293
0.285
0.292
0.342
0.350
0.317
0.239
0.293
0.333
0.463
0.270
0.263
0.319
0.506
0.514
0.291
0.319
0.357
0.338
0.301
0.382
0.345
0.438
0.359
0.305
0.241
0.198
0.149
0.157
0.196
0.180
0.196
0.304
0.318
0.293
0.289
0.295
0.263
0.221
0.200
0.229
0.340
0.219
0.209
0.195
0.181
0.181
0.155
0.141
0.182
0.155
0.153
0.134
0.074
0.086
0.076
0.064
0.079
0.075
0.069
0.092
0.116
0.088
0.110
0.111
0.094
0.111
0.104
0.078
0.081
0.087
0.091
0.105
0.157
0.199
0.192
0.164
0.167
0.088
0.089
0.089
0.090
0.106
0.135
0.197
0.195
0.178
0.145
0.168
0.182
0.297
0.293
0.249
0.246
0.186
0.203
0.207
0.200
0.251
0.213
0.276
0.302
0.306
0.197
0.200
0.200
0.109
0.089
0.094
0.139
0.205
0.246
0.285
0.097
0.075
0.085
0.061
0.071
0.117
0.230
0.283
0.318
0.407
0.436
0.511
0.588
0.486
0.352
0.305
0.274
0.224
0.258
0.296
0.323
0.346
0.362
0.362
0.352
0.331
0.253
0.207
0.190
0.189
0.187
0.209
0.215
0.201
0.238
0.271
0.257
0.324
0.351
0.351
0.361
0.373
0.310
0.344
0.398
0.546
0.573
0.639
0.716
0.559
0.530
0.462
0.450
0.451
0.504
0.532
0.561
0.578
0.611
0.619
0.662
0.590
0.612
0.492
0.558
0.554
0.652
0.659
0.633
0.654
0.622
0.609
0.522
0.439
0.441
0.472
0.427
0.453
0.562
0.603
0.593
0.505
0.473
0.481
0.377
0.380
0.450
0.549
0.520
0.580
0.589
0.590
0.726
0.740
0.642
0.612
0.653
0.731
0.879
0.930
0.867
0.854
0.903
0.875
0.863
0.928
0.832
0.910
0.864
0.846
0.821
0.842
0.802
0.821
0.868
0.830
0.803
0.749
0.752
0.771
0.739
0.698
0.698
0.699
0.714
0.691
0.642
0.640
0.532
0.498
0.455
0.576
0.622
0.605
0.658
0.622
0.669
0.681
0.715
0.690
0.696
0.721
0.665
0.553
0.600
0.539
0.575
0.580
0.694
0.637
0.494
0.490
0.724
0.568
0.784
0.811
0.813
0.799
0.688
0.582
0.537
0.639
0.756
0.657
0.461
0.448
0.406
0.370
0.379
0.395
0.385
0.359
0.350
0.361
0.352
0.349
0.347
0.292
0.235
0.282
0.273
0.196
0.261
0.300
0.306
0.300
0.310
0.182
0.188
0.218
0.194
0.218
0.216
0.259
0.414
0.561
0.490
0.333
0.330
0.262
0.263
0.266
0.274
0.265
0.304
0.323
0.309
0.305
0.328
0.359
0.353
0.315
0.325
0.293
0.392
0.390
0.383
0.357
0.361
0.318
0.319
0.297
0.273
0.222
0.201
0.229
0.324
0.382
0.261
0.269
0.258
0.287
0.287
0.382
0.506
0.490
0.410
0.405
0.345
0.335
0.352
0.401
0.501
0.408
0.467
0.365
0.346
0.292
0.384
0.415
0.422
0.331
0.333
0.334
0.357
0.284
0.261
0.254
0.315
0.293
0.364
0.317
0.406
0.392
0.276
0.245
0.408
0.307
0.211
0.273
0.537
0.479
0.349
0.407
0.468
0.445
0.362
0.261
0.253
0.322
0.399
0.421
0.479
0.464
0.328
0.268
0.289
0.297
0.366
0.309
0.381
0.386
0.320
0.276
0.225
0.190
0.216
0.172
0.173
0.141
0.144
0.202
0.205
0.201
0.202
0.250
0.231
0.215
0.213
0.197
0.271
0.290
0.365
0.311
0.317
0.289
0.224
0.185
0.147
0.147
0.138
0.128
0.180
0.197
0.241
0.294
0.217
0.173
0.134
0.163
0.255
0.233
0.214
0.082
0.094
0.085
0.074
0.071
0.078
0.080
0.082
0.129
0.201
0.146
0.049
0.056
0.059
0.066
0.072
0.114
0.130
0.098
0.071
0.069
0.069
0.092
0.170
0.206
0.211
0.239
0.202
0.190
0.234
0.350
0.342
0.311
0.242
0.244
0.221
0.305
0.258
0.283
0.263
0.205
0.221
0.157
0.148
0.170
0.155
0.181
0.193
0.209
0.254
0.242
0.160
0.176
0.173
0.255
0.236
0.166
0.174
0.239
0.224
0.221
0.212
0.153
0.119
0.173
0.209
0.264
0.244
0.222
0.288
0.343
0.263
0.210
0.239
0.265
0.380
0.406
0.272
0.285
0.284
0.249
0.306
0.338
0.430
0.467
0.480
0.521
0.588
0.609
0.600
0.623
0.645
0.660
0.720
0.772
0.796
0.751
0.740
0.709
0.768
0.661
0.692
0.710
0.615
0.726
0.666
0.684
0.744
0.828
0.846
0.758
0.629
0.566
0.521
0.531
0.515
0.638
0.574
0.649
0.751
0.833
0.867
0.824
0.750
0.754
0.814
0.876
0.872
0.851
0.878
0.849
0.819
0.808
0.774
0.742
0.738
0.719
0.753
0.717
0.759
0.811
0.733
0.732
0.747
0.757
0.712
0.690
0.706
0.688
0.710
0.696
0.696
0.643
0.625
0.598
0.567
0.417
0.388
0.353
0.478
0.590
0.583
0.643
0.703
0.762
0.740
0.840
0.811
0.874
0.914
0.916
0.885
0.919
0.860
0.824
0.717
0.745
0.856
0.946
0.836
0.828
0.818
0.787
0.706
0.696
0.738
0.614
0.667
0.578
0.501
0.457
0.469
0.487
0.427
0.367
0.416
0.440
0.429
0.400
0.358
0.489
0.355
0.402
0.414
0.394
0.409
0.422
0.433
0.351
0.326
0.273
0.316
0.362
0.291
0.309
0.353
0.402
0.343
0.336
0.399
0.307
0.330
0.362
0.297
0.279
0.346
0.352
0.413
0.319
0.360
0.357
0.270
0.272
0.254
0.365
0.283
0.307
0.251
0.304
0.280
0.324
0.414
0.447
0.410
0.256
0.313
0.346
0.387
0.321
0.309
0.227
0.219
0.229
0.217
0.226
0.226
0.216
0.228
0.253
0.274
0.266
0.208
0.223
0.259
0.307
0.332
0.330
0.407
0.347
0.277
0.288
0.305
0.330
0.447
0.392
0.289
0.477
0.427
0.461
0.426
0.334
0.320
0.317
0.267
0.247
0.307
0.339
0.280
0.410
0.339
0.258
0.271
0.341
0.340
0.425
0.483
0.356
0.292
0.239
0.239
0.256
0.255
0.244
0.246
0.240
0.265
0.295
0.271
0.231
0.221
0.228
0.208
0.155
0.205
0.210
0.255
0.216
0.184
0.204
0.182
0.191
0.221
0.217
0.275
0.314
0.356
0.271
0.227
0.166
0.135
0.143
0.152
0.198
0.182
0.264
0.180
0.136
0.205
0.302
0.243
0.151
0.150
0.133
0.138
0.545
0.693
0.543
0.356
0.281
0.420
0.424
0.309
0.280
0.245
0.265
0.247
0.188
0.183
0.182
0.231
0.205
0.157
0.140
0.092
0.124
0.106
0.114
0.175
0.235
0.160
0.150
0.174
0.180
0.170
0.190
0.233
0.205
0.145
0.116
0.076
0.171
0.129
0.122
0.199
0.140
0.161
0.189
0.152
0.180
0.203
0.258
0.238
0.169
0.210
0.224
0.227
0.217
0.187
0.151
0.137
0.094
0.098
0.095
0.131
0.190
0.174
0.182
0.149
0.157
0.197
0.254
0.298
0.313
0.282
0.193
0.241
0.346
0.452
0.359
0.437
0.311
0.279
0.268
0.253
0.262
0.263
0.275
0.318
0.411
0.702
0.592
0.513
0.413
0.388
0.437
0.339
0.342
0.316
0.287
0.349
0.389
0.364
0.345
0.271
0.280
0.299
0.339
0.312
0.248
0.283
0.238
0.285
0.401
0.473
0.609
0.710
0.619
0.641
0.625
0.589
0.481
0.401
0.401
0.727
0.781
0.765
0.703
0.776
0.782
0.834
0.688
0.555
0.560
0.573
0.596
0.667
0.762
0.838
0.867
0.765
0.838
0.855
0.818
0.734
0.833
0.824
0.827
0.842
0.878
0.939
0.917
0.861
0.906
0.831
0.782
0.851
0.909
0.892
0.893
0.907
0.886
0.884
0.857
0.914
0.874
0.894
0.920
0.949
0.950
0.913
0.931
0.908
0.859
0.884
0.882
0.897
0.898
0.838
0.768
0.916
0.916
0.892
0.871
0.760
0.725
0.877
0.915
0.864
0.842
0.787
0.844
0.832
0.771
0.768
0.777
0.764
0.746
0.740
0.733
0.791
0.785
0.822
0.820
0.853
0.778
0.764
0.752
0.680
0.617
0.516
0.493
0.633
0.644
0.607
0.452
0.532
0.525
0.551
0.476
0.436
0.430
0.377
0.525
0.414
0.419
0.427
0.372
0.336
0.395
0.474
0.472
0.453
0.365
0.323
0.342
0.412
0.410
0.405
0.376
0.343
0.336
0.325
0.336
0.496
0.362
0.369
0.438
0.318
0.323
0.293
0.318
0.334
0.395
0.390
0.391
0.383
0.366
0.362
0.451
0.437
0.369
0.371
0.344
0.465
0.331
0.352
0.338
0.264
0.275
0.400
0.403
0.318
0.385
0.391
0.438
0.532
0.594
0.531
0.461
0.511
0.439
0.289
0.305
0.330
0.313
0.326
0.313
0.290
0.302
0.322
0.322
0.340
0.352
0.340
0.404
0.456
0.515
0.431
0.358
0.350
0.323
0.373
0.428
0.508
0.514
0.480
0.404
0.344
0.311
0.391
0.369
0.376
0.368
0.327
0.231
0.237
0.278
0.274
0.213
0.218
0.260
0.284
0.275
0.243
0.221
0.179
0.151
0.211
0.243
0.258
0.285
0.482
0.426
0.236
0.261
0.240
0.279
0.212
0.320
0.480
0.291
0.300
0.560
0.539
0.371
0.431
0.375
0.320
0.324
0.292
0.320
0.291
0.280
0.241
0.255
0.271
0.311
0.314
0.354
0.271
0.282
0.382
0.358
0.245
0.240
0.209
0.207
0.173
0.174
0.183
0.305
0.268
0.411
0.394
0.313
0.242
0.186
0.178
0.180
0.213
0.278
0.326
0.186
0.173
0.166
0.154
0.154
0.110
0.113
0.110
0.110
0.131
0.163
0.136
0.083
0.105
0.102
0.123
0.135
0.130
0.168
0.142
0.112
0.130
0.136
0.150
0.152
0.103
0.091
0.100
0.139
0.133
0.105
0.148
0.175
0.209
0.165
0.123
0.109
0.111
0.131
0.138
0.120
0.114
0.130
0.134
0.152
0.187
0.202
0.274
0.252
0.255
0.205
0.188
0.243
0.252
0.262
0.302
0.264
0.241
0.255
0.280
0.374
0.335
0.280
0.222
0.230
0.278
0.255
0.214
0.292
0.238
0.200
0.190
0.196
0.456
0.477
0.511
0.483
0.383
0.292
0.293
0.307
0.351
0.332
0.319
0.384
0.524
0.516
0.471
0.496
0.510
0.554
0.552
0.463
0.393
0.562
0.779
0.709
0.719
0.672
0.664
0.596
0.559
0.767
0.905
0.924
0.871
0.859
0.825
0.838
0.825
0.901
0.880
0.818
0.818
0.778
0.758
0.755
0.754
0.686
0.681
0.684
0.650
0.648
0.664
0.679
0.762
0.779
0.711
0.774
0.745
0.771
0.760
0.775
0.806
0.928
0.855
0.879
0.864
0.845
0.814
0.927
0.888
0.855
0.878
0.921
0.934
0.902
0.867
0.865
0.819
0.742
0.748
0.907
0.891
0.896
0.791
0.728
0.744
0.802
0.792
0.832
0.846
0.904
0.879
0.866
0.879
0.898
0.857
0.865
0.860
0.829
0.782
0.774
0.819
0.760
0.727
0.725
0.707
0.678
0.666
0.578
0.678
0.684
0.774
0.721
0.756
0.732
0.721
0.681
0.765
0.756
0.585
0.488
0.478
0.537
0.519
0.378
0.374
0.469
0.413
0.387
0.427
0.487
0.448
0.421
0.356
0.321
0.325
0.305
0.304
0.376
0.345
0.351
0.307
0.344
0.312
0.362
0.306
0.274
0.318
0.350
0.297
0.271
0.347
0.360
0.250
0.278
0.328
0.340
0.283
0.333
0.322
0.335
0.270
0.306
0.227
0.216
0.250
0.272
0.250
0.240
0.282
0.252
0.221
0.263
0.286
0.229
0.287
0.303
0.293
0.320
0.413
0.443
0.389
0.418
0.410
0.355
0.361
0.315
0.310
0.293
0.250
0.339
0.285
0.310
0.336
0.326
0.340
0.287
0.287
0.210
0.259
0.369
0.311
0.310
0.297
0.250
0.330
0.393
0.286
0.360
0.310
0.375
0.301
0.265
0.212
0.220
0.189
0.219
0.300
0.318
0.350
0.391
0.386
0.435
0.384
0.338
0.242
0.211
0.250
0.245
0.282
0.393
0.363
0.296
0.262
0.217
0.220
0.191
0.190
0.291
0.354
0.329
0.283
0.315
0.223
0.224
0.203
0.388
0.338
0.307
0.351
0.325
0.290
0.285
0.271
0.215
0.162
0.140
0.125
0.126
0.151
0.170
0.131
0.144
0.117
0.114
0.170
0.317
0.215
0.143
0.096
0.083
0.094
0.107
0.119
0.112
0.149
0.165
0.158
0.126
0.142
0.113
0.136
0.141
0.164
0.219
0.328
0.296
0.212
0.160
0.143
0.119
0.133
0.158
0.097
0.098
0.116
0.364
0.293
0.194
0.140
0.135
0.133
0.212
0.251
0.269
0.295
0.311
0.393
0.466
0.294
0.223
0.162
0.143
0.167
0.157
0.182
0.179
0.172
0.180
0.171
0.184
0.092
0.094
0.113
0.142
0.160
0.124
0.094
0.085
0.096
0.100
0.090
0.133
0.127
0.147
0.174
0.219
0.239
0.228
0.310
0.316
0.267
0.311
0.281
0.253
0.254
0.267
0.261
0.232
0.265
0.289
0.305
0.321
0.321
0.307
0.322
0.272
0.227
0.170
0.180
0.211
0.230
0.272
0.281
0.279
0.319
0.325
0.353
0.338
0.373
0.527
0.521
0.510
0.521
0.560
0.613
0.839
0.702
0.752
0.632
0.617
0.619
0.500
0.535
0.601
0.594
0.472
0.429
0.422
0.549
0.616
0.686
0.573
0.596
0.769
0.765
0.694
0.789
0.677
0.646
0.558
0.651
0.649
0.801
0.880
0.857
0.876
0.855
0.772
0.692
0.622
0.573
0.570
0.541
0.640
0.590
0.542
0.563
0.764
0.621
0.685
0.834
0.841
0.765
0.816
0.834
0.841
0.881
0.834
0.850
0.901
0.890
0.802
0.793
0.833
0.810
0.822
0.954
0.883
0.921
0.843
0.806
0.790
0.816
0.777
0.738
0.700
0.723
0.733
0.673
0.719
0.832
0.855
0.733
0.694
0.684
0.666
0.587
0.528
0.500
0.599
0.737
0.789
0.782
0.637
0.656
0.682
0.772
0.781
0.782
0.852
0.854
0.845
0.858
0.882
0.867
0.724
0.744
0.751
0.689
0.583
0.617
0.661
0.686
0.680
0.650
0.674
0.668
0.606
0.535
0.556
0.543
0.588
0.606
0.617
0.566
0.459
0.342
0.331
0.301
0.316
0.334
0.345
0.378
0.376
0.332
0.391
0.345
0.300
0.344
0.345
0.307
0.283
0.266
0.279
0.355
0.395
0.312
0.218
0.264
0.268
0.211
0.204
0.234
0.315
0.297
0.318
0.340
0.367
0.373
0.313
0.251
0.306
0.323
0.286
0.438
0.811
0.554
0.226
0.313
0.308
0.357
0.347
0.290
0.289
0.326
0.351
0.259
0.257
0.200
0.205
0.267
0.274
0.325
0.312
0.296
0.320
0.367
0.380
0.388
0.419
0.424
0.392
0.340
0.426
0.306
0.276
0.321
0.367
0.502
0.413
0.330
0.270
0.215
0.286
0.324
0.377
0.349
0.310
0.289
0.357
0.330
0.288
0.494
0.424
0.437
0.534
0.758
0.776
0.689
0.582
0.521
0.544
0.585
0.437
0.382
0.379
0.490
0.459
0.319
0.268
0.239
0.286
0.291
0.392
0.277
0.304
0.259
0.204
0.298
0.315
0.253
0.199
0.270
0.393
0.351
0.297
0.333
0.264
0.232
0.278
0.376
0.291
0.394
0.360
0.256
0.250
0.253
0.206
0.207
0.180
0.171
0.172
0.236
0.304
0.196
0.211
0.194
0.185
0.170
0.136
0.225
0.194
0.129
0.203
0.182
0.157
0.142
0.151
0.114
0.098
0.104
0.116
0.109
0.128
0.135
0.189
0.210
0.202
0.157
0.203
0.156
0.150
0.163
0.208
0.282
0.250
0.239
0.224
0.209
0.183
0.179
0.126
0.179
0.316
0.223
0.243
0.232
0.186
0.135
0.102
0.080
0.101
0.151
0.138
0.130
0.074
0.060
0.096
0.156
0.149
0.070
0.106
0.081
0.071
0.058
0.067
0.079
0.080
0.108
0.117
0.137
0.211
0.182
0.209
0.135
0.126
0.129
0.173
0.233
0.286
0.248
0.266
0.291
0.279
0.283
0.242
0.227
0.256
0.266
0.156
0.205
0.201
0.254
0.250
0.250
0.251
0.269
0.290
0.335
0.312
0.328
0.331
0.349
0.316
0.263
0.261
0.279
0.307
0.342
0.328
0.335
0.317
0.304
0.345
0.325
0.361
0.364
0.297
0.245
0.290
0.384
0.388
0.512
0.480
0.476
0.634
0.771
0.618
0.548
0.546
0.656
0.577
0.505
0.495
0.407
0.400
0.372
0.650
0.790
0.721
0.730
0.774
0.888
0.744
0.763
0.846
0.868
0.847
0.783
0.871
0.837
0.848
0.921
0.927
0.919
0.878
0.876
0.893
0.803
0.808
0.801
0.839
0.729
0.698
0.768
0.771
0.796
0.808
0.739
0.742
0.718
0.761
0.858
0.826
0.806
0.805
0.750
0.720
0.677
0.658
0.674
0.626
0.606
0.607
0.603
0.729
0.774
0.910
0.922
0.933
0.865
0.852
0.862
0.831
0.779
0.756
0.746
0.711
0.589
0.599
0.770
0.672
0.708
0.603
0.583
0.642
0.667
0.609
0.526
0.512
0.499
0.514
0.488
0.431
0.485
0.540
0.572
0.508
0.379
0.309
0.422
0.400
0.503
0.625
0.802
0.814
0.617
0.516
0.612
0.622
0.564
0.507
0.424
0.373
0.415
0.354
0.345
0.298
0.319
0.325
0.293
0.279
0.236
0.136
0.150
0.244
0.311
0.363
0.474
0.351
0.304
0.214
0.215
0.258
0.281
0.308
0.338
0.339
0.413
0.398
0.387
0.365
0.501
0.775
0.707
0.681
0.610
0.700
0.585
0.569
0.512
0.545
0.489
0.384
0.470
0.540
0.361
0.255
0.344
0.559
0.492
0.387
0.403
0.417
0.436
0.477
0.440
0.284
0.277
0.475
0.457
0.283
0.251
0.349
0.413
0.521
0.373
0.493
0.585
0.533
0.473
0.570
0.526
0.416
0.442
0.448
0.281
0.277
0.282
0.301
0.452
0.583
0.509
0.332
0.353
0.419
0.412
0.347
0.352
0.393
0.371
0.367
0.373
0.378
0.496
0.331
0.457
0.471
0.347
0.326
0.315
0.270
0.240
0.246
0.249
0.344
0.293
0.261
0.298
0.358
0.343
0.376
0.303
0.271
0.239
0.248
0.407
0.311
0.327
0.316
0.355
0.319
0.343
0.198
0.459
0.501
0.445
0.334
0.314
0.147
0.190
0.168
0.137
0.175
0.168
0.317
0.298
0.286
0.226
0.186
0.173
0.151
0.162
0.218
0.230
0.316
0.395
0.376
0.287
0.266
0.190
0.165
0.153
0.134
0.112
0.115
0.156
0.157
0.158
0.137
0.131
0.115
0.094
0.111
0.154
0.151
0.219
0.219
0.196
0.138
0.144
0.204
0.266
0.266
0.369
0.197
0.150
0.128
0.118
0.076
0.084
0.100
0.143
0.176
0.189
0.140
0.108
0.098
0.112
0.120
0.184
0.234
0.251
0.240
0.232
0.175
0.141
0.192
0.164
0.199
0.179
0.170
0.167
0.168
0.155
0.170
0.205
0.174
0.213
0.218
0.199
0.195
0.177
0.177
0.163
0.148
0.201
0.232
0.225
0.196
0.147
0.156
0.123
0.082
0.133
0.161
0.167
0.223
0.332
0.376
0.363
0.328
0.304
0.229
0.221
0.392
0.492
0.387
0.384
0.400
0.573
0.474
0.347
0.272
0.200
0.139
0.137
0.203
0.447
0.593
0.548
0.360
0.241
0.363
0.389
0.324
0.382
0.433
0.431
0.412
0.362
0.415
0.488
0.450
0.375
0.455
0.403
0.589
0.795
0.734
0.743
0.736
0.686
0.697
0.719
0.703
0.697
0.644
0.584
0.607
0.648
0.619
0.683
0.618
0.639
0.697
0.812
0.868
0.871
0.784
0.862
0.784
0.741
0.710
0.800
0.919
0.886
0.833
0.890
0.895
0.873
0.871
0.917
0.927
0.899
0.862
0.868
0.862
0.866
0.868
0.830
0.852
0.843
0.878
0.876
0.869
0.841
0.797
0.814
0.826
0.823
0.844
0.807
0.816
0.832
0.897
0.891
0.863
0.852
0.881
0.890
0.910
0.903
0.861
0.904
0.920
0.897
0.906
0.902
0.915
0.883
0.783
0.728
0.720
0.686
0.712
0.679
0.735
0.755
0.670
0.607
0.579
0.524
0.534
0.538
0.507
0.556
0.545
0.542
0.523
0.475
0.445
0.540
0.461
0.365
0.464
0.637
0.689
0.602
0.509
0.413
0.322
0.526
0.660
0.693
0.692
0.596
0.502
0.485
0.378
0.361
0.413
0.355
0.332
0.378
0.369
0.338
0.363
0.395
0.406
0.378
0.337
0.338
0.356
0.401
0.488
0.622
0.656
0.715
0.769
0.731
0.705
0.738
0.800
0.752
0.712
0.557
0.627
0.793
0.864
0.877
0.805
0.754
0.683
0.676
0.651
0.547
0.477
0.427
0.461
0.471
0.510
0.523
0.469
0.500
0.515
0.424
0.303
0.357
0.492
0.403
0.368
0.368
0.411
0.406
0.318
0.363
0.365
0.422
0.511
0.441
0.386
0.401
0.436
0.452
0.457
0.576
0.405
0.385
0.433
0.489
0.509
0.434
0.473
0.473
0.356
0.391
0.381
0.341
0.334
0.476
0.563
0.494
0.197
0.253
0.282
0.302
0.325
0.374
0.370
0.363
0.437
0.456
0.331
0.416
0.417
0.404
0.453
0.460
0.414
0.355
0.321
0.341
0.395
0.407
0.459
0.523
0.428
0.348
0.347
0.326
0.295
0.364
0.540
0.456
0.454
0.361
0.325
0.335
0.362
0.381
0.296
0.240
0.366
0.283
0.341
0.361
0.278
0.315
0.367
0.344
0.323
0.295
0.251
0.232
0.233
0.147
0.181
0.214
0.171
0.154
0.145
0.148
0.132
0.146
0.144
0.249
0.225
0.190
0.211
0.179
0.150
0.142
0.125
0.129
0.209
0.197
0.211
0.191
0.190
0.090
0.138
0.120
0.120
0.104
0.117
0.188
0.147
0.173
0.195
0.225
0.207
0.157
0.183
0.258
0.189
0.113
0.098
0.116
0.104
0.087
0.082
0.084
0.102
0.123
0.126
0.186
0.234
0.201
0.196
0.272
0.318
0.327
0.279
0.234
0.235
0.171
0.235
0.275
0.297
0.291
0.277
0.241
0.225
0.221
0.214
0.263
0.349
0.414
0.438
0.421
0.365
0.302
0.307
0.272
0.240
0.236
0.247
0.332
0.361
0.397
0.300
0.321
0.251
0.243
0.269
0.397
0.420
0.362
0.376
0.444
0.460
0.484
0.505
0.460
0.532
0.582
0.560
0.596
0.520
0.626
0.700
0.880
0.676
0.595
0.825
0.858
0.819
0.742
0.729
0.702
0.705
0.704
0.732
0.863
0.805
0.835
0.860
0.865
0.832
0.759
0.793
0.867
0.917
0.908
0.852
0.875
0.853
0.852
0.828
0.836
0.927
0.868
0.918
0.858
0.854
0.870
0.882
0.906
0.913
0.913
0.885
0.960
0.912
0.874
0.856
0.894
0.936
0.930
0.943
0.942
0.950
0.929
0.939
0.958
0.946
0.883
0.895
0.873
0.885
0.881
0.895
0.869
0.910
0.900
0.881
0.919
0.882
0.903
0.916
0.914
0.928
0.885
0.911
0.952
0.956
0.944
0.937
0.925
0.917
0.926
0.941
0.943
0.910
0.844
0.878
0.907
0.918
0.892
0.883
0.874
0.832
0.829
0.816
0.811
0.833
0.832
0.796
0.782
0.748
0.680
0.659
0.654
0.699
0.681
0.668
0.608
0.558
0.541
0.446
0.444
0.466
0.457
0.482
0.396
0.378
0.388
0.420
0.366
0.365
0.341
0.361
0.328
0.393
0.389
0.325
0.349
0.379
0.373
0.356
0.315
0.339
0.375
0.330
0.332
0.358
0.391
0.407
0.389
0.385
0.413
0.388
0.351
0.402
0.375
0.346
0.373
0.332
0.368
0.340
0.360
0.326
0.347
0.407
0.466
0.486
0.497
0.490
0.439
0.411
0.325
0.272
0.275
0.253
0.353
0.416
0.439
0.411
0.349
0.341
0.385
0.263
0.221
0.263
0.330
0.354
0.334
0.307
0.332
0.359
0.393
0.403
0.321
0.391
0.397
0.418
0.448
0.409
0.330
0.331
0.372
0.453
0.482
0.551
0.674
0.621
0.509
0.488
0.621
0.447
0.303
0.438
0.386
0.340
0.360
0.333
0.252
0.405
0.564
0.558
0.378
0.429
0.408
0.307
0.348
0.363
0.404
0.404
0.344
0.408
0.399
0.433
0.341
0.276
0.221
0.270
0.247
0.392
0.450
0.392
0.410
0.124
0.178
0.177
0.174
0.206
0.397
0.275
0.268
0.337
0.357
0.258
0.241
0.249
0.255
0.355
0.307
0.212
0.193
0.226
0.190
0.157
0.154
0.247
0.303
0.337
0.313
0.246
0.257
0.220
0.167
0.094
0.107
0.136
0.164
0.241
0.180
0.166
0.136
0.168
0.191
0.172
0.189
0.053
0.065
0.076
0.069
0.072
0.098
0.148
0.187
0.148
0.153
0.165
0.170
0.125
0.131
0.167
0.181
0.176
0.181
0.164
0.130
0.194
0.227
0.217
0.270
0.271
0.290
0.205
0.208
0.239
0.236
0.400
0.396
0.252
0.183
0.229
0.208
0.185
0.185
0.178
0.168
0.151
0.179
0.139
0.133
0.249
0.357
0.336
0.349
0.323
0.238
0.223
0.212
0.278
0.323
0.284
0.220
0.204
0.240
0.231
0.215
0.194
0.202
0.245
0.232
0.235
0.236
0.212
0.272
0.224
0.209
0.262
0.289
0.344
0.354
0.352
0.367
0.314
0.311
0.361
0.336
0.355
0.374
0.487
0.441
0.398
0.503
0.516
0.514
0.463
0.386
0.401
0.430
0.398
0.401
0.430
0.442
0.472
0.457
0.471
0.455
0.406
0.416
0.430
0.450
0.400
0.574
0.870
0.771
0.711
0.752
0.780
0.869
0.917
0.862
0.926
0.885
0.805
0.814
0.806
0.804
0.854
0.821
0.720
0.724
0.787
0.798
0.820
0.830
0.746
0.834
0.851
0.847
0.919
0.900
0.938
0.923
0.828
0.808
0.769
0.819
0.886
0.882
0.849
0.877
0.861
0.911
0.958
0.941
0.936
0.946
0.888
0.828
0.871
0.924
0.920
0.937
0.930
0.954
0.898
0.883
0.891
0.844
0.839
0.866
0.883
0.871
0.868
0.873
0.863
0.908
0.958
0.949
0.906
0.876
0.873
0.944
0.912
0.947
0.868
0.841
0.865
0.866
0.831
0.799
0.821
0.847
0.869
0.844
0.823
0.749
0.642
0.545
0.564
0.539
0.474
0.459
0.435
0.566
0.598
0.581
0.489
0.470
0.495
0.529
0.440
0.451
0.462
0.383
0.386
0.407
0.399
0.422
0.379
0.396
0.362
0.386
0.446
0.361
0.308
0.317
0.299
0.316
0.319
0.325
0.354
0.363
0.334
0.341
0.343
0.366
0.340
0.395
0.341
0.403
0.356
0.340
0.325
0.288
0.336
0.313
0.260
0.275
0.295
0.326
0.361
0.367
0.374
0.339
0.312
0.338
0.320
0.308
0.358
0.360
0.356
0.299
0.344
0.316
0.311
0.312
0.273
0.279
0.299
0.315
0.404
0.456
0.319
0.361
0.492
0.542
0.472
0.443
0.398
0.335
0.287
0.221
0.263
0.270
0.260
0.292
0.327
0.363
0.373
0.531
0.369
0.400
0.365
0.431
0.383
0.328
0.310
0.287
0.255
0.231
0.221
0.259
0.317
0.343
0.496
0.387
0.477
0.391
0.399
0.482
0.384
0.310
0.251
0.296
0.292
0.252
0.265
0.216
0.243
0.243
0.191
0.256
0.291
0.301
0.311
0.349
0.418
0.498
0.343
0.299
0.251
0.260
0.284
0.317
0.397
0.444
0.326
0.402
0.352
0.412
0.369
0.310
0.309
0.311
0.281
0.314
0.393
0.329
0.253
0.246
0.194
0.171
0.187
0.133
0.102
0.109
0.137
0.146
0.144
0.157
0.192
0.215
0.143
0.165
0.207
0.203
0.257
0.356
0.199
0.161
0.178
0.138
0.159
0.230
0.257
0.132
0.186
0.209
0.264
0.330
0.262
0.213
0.153
0.149
0.226
0.197
0.145
0.105
0.122
0.164
0.250
0.261
0.202
0.163
0.157
0.169
0.144
0.170
0.224
0.310
0.269
0.271
0.271
0.237
0.261
0.241
0.241
0.221
0.151
0.173
0.192
0.212
0.119
0.060
0.120
0.239
0.202
0.212
0.201
0.153
0.151
0.212
0.234
0.247
0.224
0.181
0.146
0.172
0.228
0.225
0.176
0.174
0.152
0.179
0.237
0.283
0.329
0.335
0.338
0.315
0.268
0.234
0.248
0.260
0.307
0.307
0.332
0.369
0.432
0.564
0.569
0.622
0.684
0.597
0.648
0.554
0.517
0.400
0.497
0.657
0.742
0.610
0.579
0.572
0.569
0.550
0.561
0.566
0.698
0.638
0.615
0.628
0.595
0.610
0.561
0.567
0.573
0.695
0.717
0.860
0.805
0.843
0.813
0.879
0.791
0.882
0.847
0.933
0.855
0.877
0.883
0.880
0.853
0.847
0.892
0.826
0.762
0.861
0.846
0.880
0.876
0.939
0.900
0.897
0.909
0.852
0.931
0.899
0.856
0.902
0.933
0.932
0.917
0.940
0.925
0.922
0.935
0.939
0.936
0.897
0.899
0.884
0.857
0.853
0.942
0.952
0.896
0.884
0.910
0.898
0.826
0.843
0.863
0.832
0.859
0.850
0.877
0.846
0.843
0.810
0.799
0.843
0.824
0.720
0.656
0.628
0.655
0.628
0.611
0.636
0.648
0.591
0.596
0.544
0.451
0.901
0.891
0.893
0.914
0.947
0.887
0.825
0.923
0.948
0.918
0.881
0.871
0.881
0.847
0.830
0.814
0.802
0.833
0.852
0.832
0.763
0.734
0.769
0.716
0.600
0.567
0.546
0.498
0.451
0.438
0.406
0.450
0.447
0.555
0.688
0.552
0.490
0.499
0.510
0.512
0.513
0.528
0.492
0.504
0.518
0.483
0.501
0.572
0.618
0.502
0.492
0.533
0.542
0.516
0.448
0.367
0.353
0.381
0.383
0.404
0.475
0.485
0.368
0.382
0.393
0.409
0.320
0.359
0.359
0.380
0.379
0.393
0.373
0.287
0.419
0.435
0.370
0.386
0.367
0.372
0.392
0.468
0.475
0.412
0.473
0.475
0.468
0.452
0.499
0.483
0.377
0.441
0.375
0.426
0.545
0.605
0.559
0.530
0.578
0.602
0.506
0.505
0.630
0.567
0.701
0.594
0.348
0.377
0.424
0.499
0.529
0.547
0.442
0.450
0.441
0.480
0.446
0.577
0.553
0.413
0.559
0.682
0.890
0.866
0.758
0.722
0.674
0.588
0.470
0.422
0.339
0.363
0.410
0.399
0.405
0.405
0.396
0.424
0.398
0.415
0.430
0.328
0.309
0.470
0.345
0.388
0.521
0.372
0.435
0.331
0.308
0.245
0.294
0.466
0.400
0.517
0.474
0.461
0.499
0.301
0.355
0.346
0.276
0.305
0.282
0.360
0.301
0.274
0.269
0.334
0.347
0.283
0.178
0.162
0.227
0.221
0.165
0.186
0.293
0.128
0.113
0.155
0.299
0.290
0.246
0.237
0.223
0.213
0.211
0.224
0.286
0.260
0.189
0.250
0.258
0.141
0.155
0.161
0.244
0.142
0.112
0.094
0.109
0.139
0.171
0.192
0.171
0.169
0.194
0.234
0.263
0.216
0.238
0.162
0.158
0.180
0.158
0.176
0.159
0.117
0.141
0.143
0.120
0.167
0.210
0.227
0.275
0.208
0.171
0.127
0.130
0.191
0.287
0.305
0.312
0.328
0.288
0.389
0.342
0.249
0.174
0.142
0.143
0.167
0.207
0.194
0.188
0.147
0.126
0.135
0.195
0.231
0.253
0.270
0.195
0.151
0.185
0.202
0.178
0.181
0.196
0.230
0.264
0.369
0.429
0.406
0.491
0.489
0.470
0.517
0.512
0.510
0.443
0.461
0.501
0.491
0.419
0.415
0.402
0.360
0.351
0.377
0.415
0.416
0.454
0.512
0.448
0.366
0.331
0.354
0.387
0.418
0.493
0.503
0.549
0.723
0.690
0.633
0.686
0.666
0.730
0.835
0.705
0.635
0.707
0.908
0.930
0.949
0.916
0.874
0.889
0.895
0.840
0.873
