20000101
0.217
0.265
0.271
0.264
0.323
0.272
0.245
0.284
0.253
0.433
0.279
0.318
0.417
0.280
0.140
0.214
0.198
0.261
0.293
0.164
0.386
0.538
0.451
0.319
0.338
0.294
0.327
0.291
0.215
0.193
0.171
0.443
0.237
0.415
0.443
0.517
0.454
0.313
0.259
0.254
0.293
0.467
0.277
0.227
0.238
0.211
0.157
0.164
0.139
0.148
0.174
0.190
0.225
0.213
0.179
0.133
0.107
0.164
0.173
0.255
0.194
0.193
0.185
0.259
0.175
0.078
0.099
0.116
0.090
0.103
0.292
0.258
0.251
0.076
0.100
0.136
0.265
0.096
0.044
0.053
0.149
0.235
0.155
0.148
0.127
0.116
0.095
0.078
0.085
0.082
0.150
0.135
0.098
0.094
0.094
0.072
0.054
0.054
0.091
0.078
0.082
0.126
0.111
0.124
0.172
0.206
0.183
0.109
0.117
0.115
0.104
0.138
0.205
0.241
0.244
0.273
0.268
0.253
0.207
0.234
0.190
0.121
0.184
0.135
0.136
0.145
0.188
0.207
0.236
0.331
0.274
0.291
0.370
0.479
0.458
0.369
0.421
0.466
0.544
0.503
0.454
0.474
0.343
0.379
0.358
0.323
0.326
0.310
0.267
0.349
0.433
0.454
0.379
0.313
0.279
0.287
0.386
0.251
0.339
0.309
0.394
0.285
0.283
0.337
0.405
0.395
0.393
0.357
0.320
0.287
0.247
0.251
0.338
0.368
0.429
0.396
0.388
0.396
0.376
0.400
0.339
0.346
0.540
0.683
0.640
0.739
0.559
0.536
0.566
0.697
0.640
0.673
0.719
0.721
0.757
0.862
0.905
0.895
0.817
0.701
0.713
0.776
0.887
0.778
0.690
0.613
0.586
0.553
0.509
0.547
0.598
0.640
0.620
0.565
0.503
0.606
0.527
0.493
0.476
0.422
0.446
0.468
0.493
0.511
0.696
0.918
0.937
0.849
0.785
0.819
0.722
0.894
0.890
0.876
0.876
0.754
0.768
0.673
0.680
0.832
0.819
0.762
0.741
0.790
0.757
0.706
0.691
0.711
0.854
0.664
0.598
0.643
0.610
0.599
0.580
0.548
0.473
0.478
0.375
0.364
0.392
0.414
0.499
0.445
0.427
0.369
0.475
0.470
0.483
0.407
0.361
0.273
0.206
0.266
0.276
0.213
0.205
0.243
0.233
0.247
0.230
0.306
0.277
0.291
0.303
0.269
0.247
0.257
0.208
0.104
0.143
0.221
0.236
0.245
0.151
0.166
0.244
0.334
0.304
0.295
0.207
0.145
0.134
0.144
0.143
0.150
0.158
0.188
0.257
0.232
0.214
0.285
0.291
0.265
0.252
0.200
0.244
0.254
0.234
0.194
0.244
0.282
0.227
0.147
0.191
0.259
0.212
0.226
0.240
0.246
0.233
0.276
0.233
0.218
0.191
0.168
0.130
0.117
0.124
0.100
0.137
0.162
0.204
0.224
0.219
0.224
0.227
0.258
0.236
0.200
0.232
0.223
0.319
0.384
0.296
0.218
0.165
0.161
0.181
0.175
0.168
0.188
0.227
0.205
0.405
0.567
0.392
0.485
0.410
0.487
0.397
0.352
0.247
0.287
0.291
0.251
0.236
0.253
0.215
0.208
0.205
0.208
0.273
0.314
0.319
0.204
0.243
0.406
0.178
0.155
0.232
0.125
0.131
0.151
0.246
0.187
0.235
0.199
0.127
0.128
0.169
0.205
0.234
0.190
0.126
0.144
0.179
0.157
0.129
0.134
0.166
0.307
0.252
0.226
0.194
0.219
0.191
0.188
0.124
0.200
0.209
0.299
0.203
0.191
0.154
0.139
0.093
0.103
0.109
0.115
0.086
0.078
0.077
0.076
0.083
0.098
0.204
0.324
0.220
0.184
0.189
0.156
0.098
0.132
0.237
0.200
0.164
0.173
0.167
0.154
0.166
0.214
0.267
0.256
0.138
0.167
0.129
0.109
0.096
0.126
0.083
0.088
0.076
0.079
0.100
0.144
0.227
0.194
0.208
0.161
0.161
0.212
0.318
0.357
0.313
0.235
0.149
0.101
0.083
0.093
0.108
0.107
0.105
0.139
0.178
0.217
0.146
0.165
0.128
0.180
0.152
0.176
0.159
0.211
0.259
0.233
0.228
0.237
0.197
0.230
0.272
0.330
0.331
0.425
0.456
0.362
0.362
0.314
0.221
0.177
0.378
0.427
0.381
0.399
0.476
0.587
0.546
0.549
0.524
0.588
0.544
0.492
0.523
0.429
0.457
0.421
0.481
0.567
0.626
0.614
0.687
0.713
0.808
0.760
0.702
0.663
0.568
0.484
0.450
0.496
0.434
0.429
0.434
0.455
0.442
0.498
0.515
0.571
0.727
0.810
0.920
0.873
0.741
0.636
0.743
0.761
0.803
0.911
0.873
0.820
0.761
0.822
0.842
0.849
0.830
0.762
0.780
0.838
0.825
0.838
0.816
0.834
0.801
0.742
0.741
0.779
0.798
0.771
0.708
0.607
0.563
0.581
0.728
0.755
0.822
0.788
0.762
0.829
0.828
0.840
0.880
0.842
0.810
0.890
0.938
0.878
0.726
0.735
0.770
0.870
0.807
0.787
0.771
0.693
0.652
0.644
0.681
0.715
0.669
0.669
0.620
0.557
0.556
0.585
0.597
0.660
0.642
0.597
0.546
0.584
0.593
0.564
0.542
0.516
0.489
0.446
0.431
0.407
0.421
0.483
0.399
0.379
0.357
0.301
0.237
0.226
0.260
0.161
0.243
0.421
0.560
0.662
0.655
0.557
0.420
0.376
0.387
0.425
0.556
0.718
0.711
0.589
0.492
0.255
0.299
0.222
0.213
0.239
0.232
0.183
0.226
0.211
0.171
0.203
0.205
0.229
0.174
0.237
0.322
0.300
0.242
0.236
0.234
0.243
0.260
0.270
0.230
0.279
0.207
0.200
0.231
0.212
0.209
0.190
0.245
0.252
0.188
0.196
0.211
0.254
0.305
0.207
0.248
0.243
0.216
0.224
0.233
0.247
0.244
0.244
0.260
0.219
0.242
0.250
0.229
0.245
0.265
0.275
0.274
0.339
0.437
0.311
0.249
0.250
0.272
0.273
0.298
0.309
0.298
0.331
0.236
0.244
0.257
0.259
0.274
0.284
0.253
0.230
0.226
0.261
0.249
0.193
0.238
0.249
0.262
0.263
0.279
0.402
0.272
0.299
0.266
0.276
0.216
0.249
0.434
0.508
0.480
0.338
0.659
0.378
0.317
0.273
0.326
0.296
0.339
0.406
0.375
0.193
0.207
0.213
0.223
0.231
0.231
0.201
0.172
0.189
0.195
0.115
0.138
0.132
0.113
0.269
0.520
0.188
0.268
0.312
0.283
0.273
0.221
0.255
0.204
0.177
0.216
0.247
0.325
0.257
0.203
0.195
0.188
0.226
0.234
0.222
0.203
0.152
0.126
0.151
0.173
0.273
0.351
0.246
0.149
0.192
0.300
0.405
0.390
0.248
0.083
0.103
0.089
0.109
0.196
0.200
0.144
0.206
0.259
0.180
0.085
0.077
0.067
0.064
0.096
0.173
0.082
0.050
0.070
0.144
0.158
0.258
0.335
0.234
0.133
0.132
0.119
0.149
0.154
0.264
0.178
0.182
0.164
0.151
0.144
0.157
0.144
0.199
0.153
0.164
0.043
0.054
0.088
0.061
0.071
0.090
0.079
0.069
0.066
0.080
0.059
0.185
0.162
0.207
0.257
0.276
0.299
0.339
0.281
0.274
0.241
0.232
0.223
0.261
0.355
0.346
0.318
0.283
0.238
0.219
0.263
0.296
0.333
0.363
0.357
0.257
0.224
0.294
0.275
0.266
0.279
0.293
0.320
0.281
0.241
0.215
0.240
0.251
0.345
0.351
0.459
0.487
0.499
0.523
0.480
0.517
0.579
0.533
0.470
0.326
0.358
0.433
0.614
0.721
0.883
0.824
0.647
0.542
0.547
0.569
0.488
0.474
0.496
0.476
0.426
0.505
0.490
0.407
0.479
0.473
0.587
0.646
0.582
0.643
0.650
0.682
0.650
0.702
0.750
0.704
0.740
0.715
0.635
0.507
0.498
0.417
0.419
0.398
0.383
0.376
0.441
0.768
0.821
0.818
0.893
0.776
0.759
0.734
0.832
0.871
0.877
0.810
0.764
0.674
0.712
0.646
0.611
0.685
0.665
0.777
0.802
0.839
0.857
0.826
0.735
0.669
0.829
0.828
0.786
0.750
0.801
0.798
0.700
0.595
0.521
0.516
0.486
0.467
0.459
0.357
0.408
0.477
0.476
0.488
0.542
0.579
0.568
0.470
0.378
0.360
0.333
0.361
0.489
0.438
0.385
0.382
0.300
0.250
0.193
0.171
0.200
0.217
0.167
0.187
0.207
0.237
0.245
0.274
0.283
0.258
0.272
0.261
0.270
0.351
0.325
0.243
0.255
0.298
0.288
0.259
0.194
0.188
0.202
0.194
0.171
0.218
0.192
0.224
0.215
0.124
0.117
0.160
0.188
0.209
0.227
0.319
0.244
0.248
0.271
0.277
0.338
0.375
0.354
0.247
0.199
0.220
0.222
0.234
0.203
0.208
0.233
0.265
0.260
0.248
0.150
0.191
0.161
0.144
0.236
0.205
0.202
0.233
0.249
0.211
0.222
0.265
0.276
0.235
0.268
0.230
0.220
0.247
0.251
0.234
0.271
0.325
0.304
0.416
0.405
0.369
0.319
0.289
0.308
0.375
0.351
0.369
0.384
0.304
0.398
0.630
0.479
0.550
0.473
0.426
0.344
0.397
0.242
0.364
0.282
0.276
0.261
0.215
0.186
0.165
0.166
0.168
0.195
0.220
0.232
0.228
0.226
0.181
0.192
0.237
0.224
0.262
0.292
0.466
0.465
0.332
0.586
0.572
0.578
0.597
0.390
0.316
0.381
0.231
0.253
0.288
0.358
0.260
0.168
0.171
0.167
0.159
0.183
0.235
0.708
0.451
0.216
0.238
0.270
0.258
0.259
0.279
0.279
0.262
0.251
0.245
0.292
0.171
0.060
0.106
0.094
0.099
0.097
0.092
0.131
0.118
0.141
0.122
0.124
0.123
0.122
0.164
0.174
0.177
0.184
0.133
0.116
0.117
0.144
0.146
0.124
0.138
0.166
0.190
0.239
0.194
0.171
0.151
0.197
0.304
0.382
0.164
0.129
0.113
0.088
0.122
0.166
0.146
0.164
0.242
0.287
0.266
0.227
0.203
0.214
0.240
0.159
0.096
0.073
0.089
0.158
0.182
0.154
0.077
0.061
0.085
0.096
0.131
0.186
0.061
0.170
0.188
0.146
0.084
0.069
0.085
0.095
0.128
0.144
0.101
0.062
0.140
0.147
0.213
0.285
0.298
0.269
0.327
0.352
0.285
0.252
0.252
0.321
0.262
0.288
0.195
0.168
0.196
0.264
0.240
0.220
0.310
0.348
0.384
0.366
0.347
0.287
0.306
0.300
0.330
0.327
0.366
0.455
0.604
0.802
0.768
0.745
0.555
0.472
0.504
0.515
0.638
0.624
0.515
0.636
0.614
0.536
0.551
0.524
0.564
0.690
0.854
0.782
0.769
0.739
0.782
0.790
0.788
0.704
0.758
0.701
0.783
0.805
0.744
0.725
0.743
0.779
0.746
0.750
0.753
0.916
0.870
0.834
0.873
0.925
0.907
0.823
0.789
0.807
0.839
0.859
0.868
0.865
0.780
0.762
0.814
0.843
0.833
0.881
0.800
0.806
0.719
0.787
0.697
0.640
0.649
0.694
0.698
0.718
0.679
0.572
0.797
0.905
0.906
0.875
0.857
0.827
0.939
0.854
0.861
0.829
0.861
0.774
0.775
0.739
0.874
0.731
0.622
0.699
0.757
0.631
0.650
0.689
0.691
0.600
0.692
0.669
0.670
0.590
0.623
0.606
0.645
0.591
0.638
0.582
0.562
0.511
0.559
0.551
0.513
0.453
0.450
0.370
0.313
0.378
0.445
0.452
0.403
0.346
0.296
0.341
0.253
0.275
0.293
0.314
0.339
0.352
0.276
0.201
0.277
0.290
0.280
0.279
0.249
0.257
0.308
0.378
0.359
0.399
0.306
0.308
0.362
0.492
0.395
0.377
0.286
0.259
0.356
0.230
0.141
0.149
0.223
0.262
0.303
0.321
0.329
0.430
0.326
0.286
0.274
0.283
0.253
0.268
0.330
0.377
0.373
0.357
0.323
0.307
0.324
0.307
0.306
0.291
0.269
0.204
0.195
0.216
0.261
0.258
0.354
0.294
0.411
0.422
0.341
0.301
0.316
0.302
0.333
0.358
0.438
0.394
0.363
0.330
0.375
0.389
0.308
0.384
0.435
0.450
0.384
0.310
0.292
0.311
0.405
0.431
0.441
0.658
0.587
0.353
0.300
0.323
0.337
0.348
0.330
0.282
0.231
0.249
0.338
0.403
0.273
0.268
0.333
0.556
0.502
0.308
0.315
0.378
0.338
0.324
0.333
0.396
0.425
0.364
0.311
0.253
0.225
0.157
0.157
0.230
0.204
0.197
0.289
0.363
0.306
0.306
0.289
0.250
0.215
0.208
0.226
0.343
0.215
0.234
0.211
0.197
0.184
0.158
0.148
0.181
0.150
0.157
0.125
0.075
0.079
0.067
0.065
0.088
0.078
0.081
0.094
0.124
0.093
0.113
0.112
0.100
0.112
0.109
0.085
0.082
0.098
0.100
0.124
0.162
0.206
0.192
0.155
0.157
0.060
0.093
0.092
0.102
0.102
0.141
0.205
0.207
0.190
0.155
0.183
0.179
0.283
0.261
0.219
0.227
0.168
0.200
0.209
0.203
0.246
0.210
0.289
0.282
0.270
0.193
0.195
0.171
0.101
0.091
0.103
0.152
0.212
0.245
0.288
0.049
0.082
0.087
0.061
0.081
0.092
0.241
0.304
0.361
0.487
0.493
0.551
0.611
0.502
0.342
0.295
0.250
0.192
0.229
0.294
0.331
0.344
0.360
0.358
0.337
0.324
0.268
0.216
0.206
0.192
0.186
0.220
0.217
0.204
0.245
0.275
0.257
0.301
0.354
0.380
0.346
0.357
0.316
0.325
0.380
0.546
0.552
0.610
0.675
0.541
0.499
0.443
0.448
0.458
0.513
0.532
0.565
0.583
0.626
0.624
0.645
0.577
0.596
0.484
0.553
0.535
0.633
0.617
0.622
0.658
0.616
0.599
0.523
0.434
0.437
0.480
0.420
0.435
0.544
0.601
0.571
0.475
0.454
0.459
0.379
0.386
0.427
0.514
0.488
0.532
0.539
0.547
0.675
0.711
0.641
0.617
0.611
0.656
0.858
0.921
0.855
0.822
0.889
0.850
0.842
0.920
0.807
0.871
0.834
0.825
0.805
0.822
0.778
0.792
0.798
0.758
0.711
0.691
0.697
0.696
0.675
0.620
0.635
0.645
0.654
0.635
0.588
0.600
0.470
0.437
0.377
0.497
0.550
0.544
0.621
0.570
0.592
0.646
0.697
0.666
0.681
0.664
0.587
0.508
0.583
0.500
0.532
0.533
0.625
0.624
0.437
0.493
0.738
0.572
0.782
0.803
0.813
0.791
0.649
0.502
0.519
0.608
0.719
0.579
0.340
0.438
0.384
0.321
0.348
0.337
0.343
0.362
0.336
0.340
0.312
0.322
0.243
0.262
0.223
0.283
0.214
0.188
0.258
0.310
0.315
0.280
0.282
0.169
0.175
0.210
0.179
0.219
0.216
0.262
0.360
0.460
0.460
0.332
0.278
0.211
0.238
0.220
0.217
0.233
0.298
0.315
0.283
0.309
0.303
0.302
0.298
0.301
0.319
0.312
0.422
0.330
0.368
0.376
0.340
0.310
0.317
0.314
0.269
0.198
0.209
0.232
0.321
0.393
0.230
0.245
0.259
0.317
0.288
0.422
0.400
0.464
0.320
0.371
0.352
0.346
0.346
0.365
0.458
0.421
0.493
0.342
0.360
0.288
0.375
0.428
0.416
0.339
0.350
0.386
0.366
0.289
0.288
0.290
0.314
0.321
0.391
0.336
0.389
0.385
0.303
0.256
0.365
0.288
0.228
0.320
0.550
0.483
0.332
0.372
0.478
0.449
0.247
0.231
0.270
0.311
0.453
0.417
0.465
0.469
0.352
0.298
0.286
0.345
0.381
0.308
0.391
0.385
0.274
0.221
0.177
0.205
0.229
0.186
0.189
0.159
0.158
0.224
0.226
0.221
0.215
0.230
0.234
0.221
0.212
0.208
0.273
0.268
0.358
0.325
0.346
0.303
0.221
0.176
0.145
0.153
0.150
0.137
0.183
0.217
0.254
0.306
0.212
0.183
0.141
0.185
0.260
0.219
0.214
0.088
0.093
0.090
0.078
0.069
0.084
0.076
0.087
0.124
0.163
0.115
0.050
0.057
0.064
0.068
0.070
0.101
0.121
0.087
0.075
0.074
0.074
0.103
0.175
0.193
0.208
0.243
0.197
0.202
0.255
0.408
0.363
0.331
0.268
0.259
0.266
0.339
0.272
0.296
0.267
0.184
0.170
0.130
0.142
0.182
0.160
0.190
0.197
0.208
0.255
0.237
0.165
0.185
0.184
0.274
0.241
0.170
0.183
0.238
0.230
0.230
0.229
0.157
0.128
0.179
0.221
0.267
0.231
0.206
0.259
0.306
0.249
0.209
0.242
0.268
0.417
0.442
0.291
0.287
0.274
0.256
0.305
0.316
0.433
0.482
0.488
0.540
0.591
0.602
0.591
0.628
0.636
0.642
0.699
0.750
0.757
0.704
0.692
0.665
0.711
0.626
0.617
0.680
0.602
0.736
0.687
0.666
0.677
0.803
0.840
0.735
0.600
0.537
0.503
0.522
0.491
0.571
0.537
0.619
0.726
0.790
0.851
0.815
0.764
0.725
0.784
0.861
0.862
0.816
0.847
0.805
0.796
0.784
0.741
0.695
0.701
0.711
0.718
0.690
0.752
0.784
0.719
0.715
0.725
0.731
0.681
0.649
0.668
0.658
0.672
0.658
0.634
0.603
0.573
0.570
0.501
0.421
0.347
0.319
0.416
0.575
0.530
0.574
0.664
0.759
0.701
0.825
0.805
0.863
0.896
0.910
0.883
0.887
0.811
0.803
0.684
0.685
0.846
0.931
0.791
0.782
0.772
0.722
0.628
0.608
0.622
0.547
0.555
0.481
0.444
0.423
0.437
0.461
0.405
0.347
0.393
0.392
0.381
0.373
0.330
0.411
0.317
0.388
0.404
0.319
0.353
0.402
0.396
0.320
0.304
0.261
0.298
0.327
0.218
0.244
0.296
0.326
0.327
0.329
0.334
0.298
0.300
0.351
0.297
0.267
0.329
0.332
0.347
0.248
0.246
0.290
0.254
0.252
0.220
0.318
0.235
0.285
0.266
0.283
0.254
0.307
0.328
0.395
0.340
0.243
0.306
0.312
0.357
0.359
0.301
0.226
0.240
0.243
0.225
0.231
0.233
0.227
0.246
0.272
0.298
0.278
0.208
0.225
0.255
0.327
0.349
0.335
0.394
0.329
0.257
0.282
0.323
0.351
0.448
0.490
0.324
0.420
0.379
0.346
0.414
0.320
0.316
0.344
0.287
0.275
0.344
0.351
0.263
0.302
0.323
0.275
0.286
0.297
0.316
0.453
0.469
0.357
0.284
0.253
0.228
0.260
0.253
0.248
0.288
0.281
0.292
0.326
0.237
0.211
0.234
0.242
0.194
0.187
0.181
0.244
0.279
0.190
0.190
0.200
0.205
0.219
0.220
0.213
0.279
0.358
0.384
0.275
0.232
0.167
0.152
0.163
0.188
0.211
0.209
0.291
0.173
0.119
0.164
0.250
0.250
0.149
0.177
0.159
0.134
0.546
0.710
0.510
0.372
0.275
0.422
0.412
0.276
0.257
0.239
0.253
0.270
0.189
0.196
0.220
0.234
0.206
0.159
0.146
0.092
0.131
0.116
0.107
0.182
0.230
0.155
0.148
0.168
0.188
0.168
0.169
0.216
0.213
0.132
0.072
0.069
0.150
0.139
0.123
0.208
0.122
0.164
0.197
0.164
0.198
0.207
0.251
0.235
0.177
0.224
0.233
0.218
0.196
0.169
0.135
0.139
0.093
0.104
0.092
0.108
0.162
0.157
0.178
0.148
0.156
0.195
0.248
0.289
0.298
0.271
0.189
0.249
0.365
0.461
0.370
0.424
0.316
0.278
0.258
0.237
0.232
0.234
0.253
0.301
0.429
0.768
0.596
0.502
0.399
0.384
0.439
0.346
0.359
0.323
0.287
0.359
0.397
0.377
0.349
0.268
0.272
0.293
0.325
0.307
0.214
0.238
0.209
0.261
0.406
0.480
0.600
0.704
0.617
0.641
0.614
0.564
0.463
0.383
0.375
0.728
0.815
0.779
0.705
0.797
0.780
0.848
0.677
0.564
0.563
0.568
0.561
0.627
0.712
0.815
0.830
0.731
0.839
0.861
0.836
0.733
0.816
0.819
0.838
0.825
0.857
0.932
0.916
0.861
0.866
0.805
0.747
0.834
0.869
0.872
0.859
0.876
0.872
0.881
0.832
0.864
0.833
0.877
0.896
0.924
0.949
0.911
0.918
0.888
0.848
0.863
0.860
0.879
0.898
0.796
0.718
0.873
0.843
0.856
0.827
0.692
0.648
0.837
0.911
0.848
0.801
0.757
0.784
0.781
0.722
0.740
0.721
0.712
0.689
0.679
0.669
0.740
0.712
0.766
0.796
0.817
0.733
0.709
0.691
0.626
0.581
0.463
0.425
0.475
0.547
0.494
0.352
0.451
0.468
0.515
0.443
0.379
0.375
0.327
0.475
0.383
0.390
0.381
0.326
0.300
0.354
0.433
0.416
0.436
0.329
0.297
0.331
0.389
0.401
0.387
0.370
0.328
0.336
0.332
0.317
0.463
0.354
0.355
0.373
0.322
0.308
0.275
0.287
0.333
0.392
0.375
0.371
0.370
0.363
0.320
0.376
0.383
0.374
0.380
0.358
0.453
0.290
0.315
0.313
0.263
0.281
0.372
0.393
0.308
0.367
0.380
0.421
0.571
0.626
0.575
0.450
0.454
0.397
0.271
0.319
0.334
0.334
0.356
0.331
0.282
0.324
0.324
0.346
0.356
0.364
0.356
0.427
0.463
0.484
0.443
0.355
0.354
0.372
0.377
0.484
0.493
0.493
0.489
0.383
0.357
0.323
0.378
0.411
0.355
0.343
0.325
0.251
0.247
0.293
0.261
0.221
0.239
0.314
0.304
0.276
0.236
0.235
0.185
0.157
0.227
0.232
0.227
0.309
0.486
0.422
0.220
0.281
0.252
0.271
0.209
0.362
0.474
0.312
0.349
0.603
0.535
0.399
0.458
0.390
0.314
0.316
0.312
0.333
0.295
0.311
0.260
0.278
0.322
0.341
0.310
0.383
0.299
0.304
0.434
0.366
0.271
0.248
0.219
0.219
0.188
0.181
0.217
0.328
0.279
0.461
0.417
0.333
0.249
0.210
0.198
0.205
0.227
0.313
0.337
0.186
0.202
0.179
0.164
0.163
0.121
0.120
0.119
0.121
0.142
0.178
0.141
0.090
0.113
0.113
0.139
0.134
0.131
0.171
0.141
0.113
0.135
0.133
0.142
0.149
0.097
0.089
0.097
0.122
0.132
0.101
0.148
0.167
0.208
0.170
0.124
0.111
0.116
0.132
0.132
0.121
0.120
0.139
0.145
0.134
0.174
0.200
0.267
0.219
0.213
0.186
0.194
0.251
0.258
0.273
0.308
0.261
0.243
0.255
0.290
0.371
0.318
0.260
0.225
0.232
0.269
0.238
0.197
0.285
0.250
0.203
0.198
0.185
0.422
0.509
0.566
0.523
0.410
0.311
0.312
0.332
0.376
0.349
0.326
0.376
0.533
0.527
0.497
0.529
0.548
0.561
0.570
0.470
0.411
0.580
0.805
0.720
0.706
0.661
0.679
0.594
0.537
0.718
0.890
0.903
0.855
0.829
0.772
0.815
0.812
0.884
0.862
0.829
0.799
0.769
0.749
0.756
0.754
0.683
0.668
0.674
0.640
0.655
0.693
0.691
0.758
0.768
0.708
0.750
0.723
0.758
0.754
0.772
0.792
0.927
0.857
0.859
0.846
0.820
0.799
0.928
0.894
0.843
0.874
0.894
0.921
0.889
0.810
0.857
0.774
0.714
0.725
0.882
0.873
0.888
0.768
0.703
0.718
0.772
0.763
0.802
0.813
0.893
0.868
0.851
0.857
0.879
0.835
0.822
0.847
0.802
0.768
0.736
0.790
0.708
0.677
0.663
0.654
0.616
0.612
0.545
0.610
0.618
0.703
0.705
0.729
0.709
0.700
0.657
0.737
0.726
0.532
0.390
0.383
0.448
0.403
0.331
0.311
0.401
0.359
0.339
0.400
0.485
0.430
0.397
0.256
0.337
0.298
0.215
0.197
0.206
0.275
0.247
0.239
0.286
0.273
0.307
0.306
0.258
0.294
0.281
0.248
0.249
0.341
0.345
0.215
0.298
0.307
0.303
0.226
0.312
0.298
0.300
0.247
0.261
0.199
0.218
0.229
0.274
0.224
0.227
0.256
0.269
0.225
0.182
0.216
0.206
0.225
0.223
0.227
0.283
0.308
0.351
0.405
0.343
0.345
0.322
0.347
0.327
0.315
0.299
0.244
0.316
0.291
0.307
0.366
0.335
0.343
0.318
0.297
0.200
0.272
0.402
0.356
0.357
0.305
0.238
0.354
0.365
0.271
0.355
0.287
0.347
0.286
0.276
0.207
0.233
0.195
0.213
0.305
0.280
0.327
0.395
0.377
0.478
0.391
0.325
0.228
0.218
0.255
0.272
0.298
0.373
0.320
0.266
0.259
0.224
0.225
0.201
0.183
0.302
0.331
0.339
0.288
0.345
0.220
0.244
0.240
0.460
0.355
0.334
0.351
0.347
0.295
0.301
0.276
0.205
0.159
0.145
0.130
0.137
0.165
0.133
0.138
0.145
0.108
0.125
0.168
0.318
0.198
0.135
0.095
0.087
0.098
0.109
0.131
0.127
0.183
0.168
0.157
0.146
0.142
0.122
0.146
0.152
0.176
0.263
0.403
0.320
0.216
0.161
0.149
0.128
0.138
0.156
0.097
0.098
0.113
0.327
0.286
0.201
0.151
0.128
0.133
0.204
0.241
0.264
0.278
0.285
0.385
0.512
0.321
0.242
0.189
0.164
0.176
0.171
0.204
0.192
0.177
0.180
0.188
0.173
0.095
0.088
0.124
0.156
0.169
0.127
0.096
0.084
0.097
0.104
0.085
0.120
0.125
0.147
0.173
0.220
0.238
0.226
0.332
0.306
0.281
0.332
0.289
0.264
0.262
0.281
0.269
0.247
0.277
0.297
0.316
0.331
0.316
0.309
0.328
0.282
0.238
0.169
0.179
0.209
0.239
0.280
0.284
0.277
0.334
0.346
0.345
0.387
0.388
0.531
0.538
0.527
0.516
0.577
0.640
0.819
0.724
0.739
0.618
0.559
0.566
0.494
0.527
0.581
0.550
0.472
0.426
0.412
0.538
0.619
0.677
0.563
0.577
0.758
0.756
0.680
0.735
0.656
0.615
0.532
0.636
0.660
0.781
0.848
0.828
0.883
0.849
0.745
0.661
0.616
0.560
0.560
0.535
0.603
0.593
0.544
0.569
0.835
0.654
0.722
0.763
0.840
0.764
0.811
0.837
0.831
0.861
0.821
0.848
0.882
0.893
0.803
0.786
0.842
0.793
0.797
0.953
0.901
0.917
0.809
0.772
0.778
0.809
0.773
0.718
0.676
0.689
0.699
0.653
0.639
0.759
0.834
0.688
0.657
0.646
0.627
0.572
0.514
0.481
0.572
0.694
0.781
0.762
0.537
0.594
0.674
0.762
0.796
0.764
0.847
0.850
0.865
0.865
0.873
0.825
0.633
0.707
0.695
0.660
0.545
0.556
0.601
0.634
0.634
0.598
0.609
0.623
0.549
0.452
0.466
0.480
0.555
0.572
0.590
0.507
0.413
0.311
0.286
0.269
0.277
0.273
0.324
0.371
0.324
0.301
0.326
0.307
0.238
0.348
0.310
0.271
0.259
0.189
0.285
0.325
0.359
0.262
0.204
0.240
0.237
0.201
0.170
0.211
0.295
0.256
0.308
0.318
0.334
0.350
0.299
0.247
0.265
0.331
0.312
0.403
0.715
0.487
0.207
0.270
0.302
0.353
0.371
0.304
0.296
0.319
0.331
0.233
0.273
0.187
0.217
0.292
0.334
0.361
0.293
0.285
0.326
0.375
0.385
0.348
0.422
0.452
0.437
0.363
0.447
0.340
0.298
0.314
0.384
0.531
0.341
0.304
0.287
0.211
0.285
0.310
0.320
0.334
0.297
0.269
0.360
0.342
0.307
0.479
0.430
0.427
0.484
0.841
0.802
0.728
0.566
0.512
0.597
0.603
0.447
0.414
0.437
0.517
0.440
0.301
0.273
0.243
0.290
0.308
0.375
0.294
0.294
0.261
0.218
0.337
0.364
0.271
0.210
0.300
0.400
0.371
0.320
0.354
0.287
0.241
0.292
0.380
0.315
0.427
0.348
0.243
0.259
0.257
0.216
0.219
0.202
0.173
0.187
0.246
0.293
0.221
0.220
0.203
0.199
0.165
0.142
0.241
0.177
0.147
0.205
0.200
0.170
0.149
0.160
0.116
0.094
0.111
0.099
0.122
0.136
0.142
0.184
0.219
0.196
0.171
0.223
0.169
0.160
0.177
0.221
0.298
0.253
0.257
0.242
0.228
0.203
0.192
0.131
0.208
0.311
0.228
0.259
0.241
0.194
0.146
0.106
0.085
0.103
0.165
0.144
0.140
0.069
0.064
0.101
0.138
0.119
0.066
0.112
0.083
0.070
0.060
0.072
0.080
0.083
0.111
0.128
0.137
0.210
0.189
0.181
0.136
0.132
0.139
0.180
0.245
0.288
0.249
0.227
0.244
0.235
0.248
0.218
0.219
0.221
0.233
0.167
0.188
0.198
0.236
0.216
0.239
0.243
0.257
0.294
0.355
0.318
0.350
0.343
0.363
0.332
0.269
0.254
0.276
0.310
0.333
0.315
0.325
0.336
0.310
0.354
0.347
0.394
0.396
0.310
0.255
0.268
0.371
0.388
0.539
0.504
0.489
0.602
0.723
0.596
0.541
0.560
0.609
0.598
0.497
0.475
0.365
0.375
0.352
0.614
0.811
0.742
0.762
0.742
0.839
0.747
0.746
0.821
0.874
0.862
0.788
0.869
0.815
0.839
0.929
0.925
0.913
0.853
0.857
0.872
0.802
0.778
0.769
0.823
0.711
0.680
0.774
0.742
0.765
0.793
0.726
0.729
0.710
0.744
0.820
0.788
0.799
0.800
0.726
0.687
0.652
0.629
0.632
0.604
0.584
0.593
0.601
0.725
0.757
0.899
0.895
0.939
0.852
0.817
0.870
0.804
0.753
0.692
0.675
0.673
0.501
0.467
0.703
0.595
0.651
0.511
0.502
0.577
0.597
0.534
0.470
0.447
0.417
0.426
0.396
0.358
0.399
0.459
0.507
0.453
0.336
0.276
0.307
0.261
0.487
0.591
0.820
0.798
0.545
0.398
0.538
0.582
0.513
0.455
0.403
0.347
0.405
0.339
0.311
0.279
0.288
0.299
0.256
0.242
0.200
0.112
0.139
0.202
0.214
0.237
0.274
0.287
0.271
0.205
0.215
0.228
0.268
0.288
0.350
0.331
0.391
0.407
0.376
0.320
0.365
0.700
0.669
0.668
0.552
0.622
0.408
0.481
0.495
0.447
0.422
0.375
0.440
0.487
0.216
0.248
0.281
0.432
0.433
0.388
0.393
0.401
0.414
0.465
0.348
0.276
0.288
0.412
0.459
0.253
0.270
0.332
0.385
0.464
0.358
0.532
0.587
0.517
0.478
0.558
0.434
0.435
0.398
0.328
0.235
0.259
0.264
0.283
0.398
0.563
0.517
0.366
0.359
0.433
0.446
0.342
0.362
0.423
0.369
0.361
0.378
0.389
0.498
0.364
0.470
0.475
0.356
0.359
0.348
0.296
0.270
0.262
0.261
0.318
0.351
0.273
0.285
0.396
0.354
0.334
0.340
0.265
0.243
0.250
0.411
0.312
0.345
0.335
0.366
0.337
0.371
0.181
0.481
0.528
0.430
0.341
0.309
0.156
0.195
0.171
0.133
0.170
0.183
0.281
0.303
0.303
0.207
0.194
0.198
0.151
0.173
0.235
0.237
0.342
0.408
0.386
0.300
0.280
0.200
0.160
0.144
0.116
0.106
0.120
0.152
0.170
0.155
0.143
0.139
0.117
0.103
0.109
0.156
0.138
0.196
0.213
0.173
0.145
0.145
0.217
0.267
0.253
0.345
0.187
0.152
0.130
0.117
0.080
0.080
0.103
0.137
0.184
0.196
0.134
0.094
0.098
0.114
0.123
0.182
0.222
0.256
0.241
0.237
0.174
0.139
0.199
0.171
0.213
0.170
0.167
0.165
0.175
0.152
0.161
0.188
0.174
0.230
0.231
0.209
0.202
0.182
0.181
0.161
0.147
0.176
0.213
0.218
0.188
0.151
0.171
0.121
0.076
0.107
0.144
0.167
0.227
0.350
0.394
0.386
0.350
0.318
0.234
0.217
0.409
0.509
0.404
0.407
0.432
0.625
0.521
0.396
0.298
0.219
0.154
0.156
0.206
0.472
0.591
0.529
0.338
0.197
0.291
0.344
0.324
0.400
0.450
0.446
0.417
0.364
0.396
0.426
0.434
0.357
0.454
0.421
0.593
0.790
0.759
0.739
0.732
0.686
0.716
0.714
0.722
0.708
0.649
0.587
0.566
0.628
0.635
0.705
0.627
0.663
0.702
0.803
0.837
0.888
0.792
0.874
0.813
0.752
0.718
0.808
0.915
0.883
0.839
0.880
0.889
0.863
0.861
0.902
0.922
0.893
0.859
0.865
0.867
0.874
0.866
0.824
0.847
0.837
0.861
0.857
0.838
0.822
0.771
0.797
0.817
0.812
0.836
0.782
0.802
0.802
0.901
0.887
0.850
0.831
0.868
0.866
0.889
0.879
0.849
0.888
0.922
0.876
0.886
0.885
0.902
0.865
0.718
0.651
0.637
0.636
0.617
0.507
0.633
0.675
0.586
0.505
0.550
0.527
0.523
0.523
0.449
0.498
0.510
0.517
0.508
0.418
0.391
0.448
0.385
0.309
0.409
0.594
0.675
0.561
0.489
0.401
0.269
0.443
0.675
0.687
0.637
0.539
0.444
0.406
0.346
0.340
0.359
0.321
0.289
0.341
0.355
0.344
0.334
0.357
0.391
0.382
0.339
0.344
0.338
0.388
0.521
0.631
0.694
0.788
0.782
0.757
0.709
0.743
0.820
0.757
0.634
0.464
0.613
0.843
0.891
0.901
0.836
0.751
0.661
0.635
0.630
0.535
0.478
0.481
0.455
0.489
0.543
0.561
0.499
0.491
0.483
0.397
0.280
0.355
0.451
0.406
0.403
0.396
0.401
0.405
0.322
0.378
0.376
0.368
0.492
0.385
0.383
0.422
0.461
0.494
0.549
0.572
0.417
0.379
0.449
0.522
0.542
0.505
0.510
0.504
0.408
0.394
0.393
0.367
0.335
0.451
0.582
0.491
0.204
0.291
0.272
0.306
0.354
0.397
0.379
0.348
0.436
0.468
0.333
0.437
0.445
0.420
0.493
0.488
0.444
0.363
0.351
0.310
0.344
0.368
0.459
0.569
0.408
0.382
0.364
0.349
0.291
0.379
0.612
0.501
0.473
0.408
0.372
0.360
0.386
0.408
0.317
0.266
0.383
0.313
0.348
0.385
0.305
0.348
0.406
0.411
0.359
0.318
0.276
0.256
0.242
0.162
0.191
0.223
0.178
0.154
0.156
0.187
0.151
0.147
0.155
0.267
0.227
0.177
0.210
0.195
0.145
0.144
0.132
0.135
0.226
0.211
0.222
0.196
0.192
0.091
0.143
0.131
0.114
0.105
0.128
0.191
0.162
0.177
0.203
0.242
0.208
0.163
0.208
0.265
0.197
0.113
0.111
0.118
0.103
0.087
0.080
0.089
0.107
0.131
0.142
0.209
0.246
0.231
0.208
0.296
0.346
0.339
0.257
0.220
0.194
0.172
0.256
0.286
0.316
0.300
0.271
0.242
0.232
0.228
0.216
0.259
0.348
0.409
0.438
0.402
0.349
0.307
0.327
0.279
0.243
0.250
0.254
0.359
0.355
0.361
0.269
0.305
0.236
0.214
0.234
0.349
0.433
0.363
0.365
0.432
0.446
0.521
0.528
0.475
0.516
0.559
0.543
0.545
0.497
0.597
0.633
0.813
0.598
0.582
0.810
0.827
0.768
0.729
0.716
0.676
0.676
0.669
0.676
0.812
0.793
0.803
0.859
0.884
0.798
0.711
0.729
0.832
0.870
0.862
0.814
0.826
0.783
0.791
0.799
0.799
0.896
0.816
0.856
0.849
0.823
0.836
0.848
0.865
0.872
0.862
0.828
0.948
0.886
0.842
0.806
0.854
0.908
0.894
0.920
0.932
0.926
0.911
0.929
0.929
0.931
0.849
0.856
0.843
0.851
0.875
0.896
0.847
0.880
0.880
0.862
0.908
0.860
0.877
0.912
0.919
0.918
0.858
0.900
0.945
0.960
0.950
0.940
0.883
0.863
0.900
0.916
0.947
0.896
0.819
0.866
0.877
0.888
0.850
0.844
0.847
0.786
0.797
0.786
0.757
0.804
0.780
0.739
0.730
0.705
0.642
0.622
0.599
0.632
0.607
0.617
0.591
0.537
0.497
0.400
0.412
0.454
0.448
0.441
0.373
0.347
0.404
0.425
0.339
0.328
0.331
0.346
0.313
0.370
0.352
0.307
0.334
0.386
0.359
0.384
0.340
0.337
0.345
0.342
0.316
0.358
0.442
0.405
0.370
0.352
0.372
0.377
0.364
0.390
0.369
0.343
0.356
0.341
0.381
0.356
0.339
0.333
0.322
0.389
0.478
0.513
0.526
0.509
0.461
0.421
0.303
0.277
0.271
0.249
0.340
0.408
0.420
0.413
0.336
0.328
0.388
0.241
0.207
0.270
0.353
0.397
0.357
0.327
0.346
0.382
0.393
0.385
0.312
0.406
0.439
0.470
0.491
0.444
0.375
0.345
0.375
0.468
0.521
0.526
0.609
0.607
0.525
0.532
0.626
0.412
0.232
0.409
0.420
0.357
0.401
0.387
0.294
0.372
0.611
0.586
0.293
0.406
0.431
0.358
0.391
0.380
0.426
0.413
0.402
0.403
0.427
0.447
0.363
0.306
0.236
0.301
0.281
0.437
0.419
0.376
0.394
0.126
0.177
0.195
0.202
0.238
0.408
0.295
0.273
0.343
0.389
0.294
0.251
0.251
0.265
0.366
0.312
0.223
0.177
0.220
0.207
0.158
0.171
0.244
0.318
0.350
0.304
0.250
0.283
0.222
0.159
0.100
0.117
0.157
0.174
0.246
0.190
0.172
0.169
0.171
0.197
0.171
0.180
0.052
0.070
0.082
0.071
0.080
0.118
0.176
0.215
0.155
0.163
0.184
0.167
0.127
0.142
0.172
0.201
0.178
0.171
0.164
0.135
0.203
0.229
0.215
0.246
0.283
0.307
0.224
0.216
0.249
0.252
0.440
0.415
0.274
0.201
0.233
0.218
0.199
0.201
0.185
0.174
0.150
0.128
0.105
0.115
0.216
0.319
0.326
0.381
0.451
0.301
0.248
0.237
0.312
0.347
0.276
0.223
0.220
0.259
0.249
0.231
0.199
0.189
0.227
0.213
0.241
0.252
0.228
0.278
0.224
0.217
0.260
0.277
0.339
0.347
0.357
0.368
0.320
0.304
0.349
0.342
0.365
0.384
0.498
0.456
0.401
0.518
0.573
0.556
0.488
0.411
0.425
0.470
0.433
0.438
0.450
0.437
0.450
0.440
0.471
0.455
0.413
0.461
0.425
0.454
0.394
0.539
0.769
0.708
0.680
0.712
0.753
0.834
0.906
0.830
0.920
0.864
0.785
0.782
0.784
0.777
0.809
0.801
0.696
0.689
0.738
0.752
0.770
0.783
0.714
0.786
0.786
0.810
0.885
0.902
0.897
0.881
0.760
0.753
0.752
0.804
0.836
0.841
0.799
0.851
0.828
0.866
0.931
0.916
0.918
0.902
0.853
0.794
0.855
0.877
0.892
0.927
0.879
0.941
0.865
0.859
0.858
0.812
0.816
0.861
0.870
0.859
0.864
0.865
0.842
0.906
0.946
0.957
0.884
0.841
0.838
0.915
0.874
0.913
0.789
0.781
0.834
0.843
0.796
0.765
0.790
0.802
0.810
0.823
0.754
0.680
0.583
0.527
0.522
0.475
0.416
0.401
0.380
0.546
0.543
0.536
0.517
0.487
0.500
0.429
0.411
0.442
0.403
0.381
0.375
0.363
0.394
0.372
0.369
0.380
0.380
0.379
0.442
0.317
0.269
0.323
0.295
0.307
0.306
0.313
0.334
0.362
0.340
0.328
0.333
0.367
0.341
0.354
0.359
0.336
0.327
0.328
0.340
0.327
0.350
0.344
0.276
0.278
0.277
0.314
0.380
0.376
0.370
0.356
0.324
0.342
0.293
0.311
0.341
0.354
0.356
0.315
0.361
0.334
0.338
0.336
0.294
0.313
0.337
0.339
0.375
0.419
0.315
0.381
0.471
0.562
0.493
0.480
0.443
0.328
0.301
0.228
0.290
0.321
0.294
0.319
0.357
0.409
0.440
0.533
0.391
0.417
0.390
0.422
0.378
0.379
0.349
0.322
0.286
0.267
0.265
0.302
0.381
0.438
0.484
0.350
0.480
0.452
0.498
0.530
0.412
0.327
0.258
0.321
0.301
0.264
0.281
0.231
0.257
0.269
0.223
0.282
0.320
0.329
0.352
0.385
0.425
0.498
0.372
0.325
0.273
0.279
0.312
0.351
0.415
0.453
0.373
0.422
0.405
0.456
0.402
0.358
0.346
0.350
0.328
0.357
0.444
0.353
0.294
0.260
0.230
0.195
0.207
0.160
0.135
0.138
0.160
0.163
0.157
0.177
0.210
0.244
0.156
0.162
0.212
0.232
0.243
0.364
0.209
0.161
0.162
0.142
0.181
0.243
0.267
0.145
0.202
0.200
0.285
0.374
0.283
0.224
0.167
0.151
0.226
0.207
0.153
0.124
0.140
0.164
0.280
0.273
0.231
0.174
0.173
0.171
0.147
0.158
0.218
0.273
0.239
0.263
0.301
0.279
0.307
0.277
0.279
0.234
0.171
0.191
0.212
0.224
0.112
0.059
0.128
0.230
0.200
0.203
0.188
0.154
0.160
0.230
0.251
0.268
0.210
0.168
0.144
0.151
0.194
0.195
0.152
0.177
0.155
0.188
0.250
0.295
0.337
0.361
0.356
0.321
0.286
0.230
0.248
0.277
0.301
0.294
0.319
0.361
0.471
0.593
0.566
0.606
0.695
0.620
0.690
0.593
0.547
0.379
0.475
0.652
0.786
0.601
0.599
0.579
0.581
0.544
0.550
0.582
0.680
0.651
0.634
0.658
0.610
0.633
0.566
0.538
0.553
0.685
0.721
0.873
0.806
0.817
0.785
0.840
0.788
0.840
0.823
0.919
0.828
0.870
0.849
0.857
0.857
0.822
0.838
0.812
0.728
0.818
0.806
0.859
0.837
0.908
0.892
0.872
0.907
0.817
0.913
0.865
0.832
0.879
0.897
0.910
0.853
0.885
0.877
0.895
0.905
0.923
0.911
0.851
0.863
0.853
0.818
0.809
0.931
0.883
0.857
0.849
0.869
0.877
0.803
0.801
0.824
0.782
0.829
0.826
0.838
0.809
0.789
0.756
0.741
0.788
0.766
0.662
0.593
0.593
0.582
0.604
0.569
0.535
0.577
0.552
0.571
0.443
0.365
0.893
0.888
0.892
0.908
0.944
0.924
0.810
0.919
0.934
0.908
0.871
0.863
0.861
0.803
0.759
0.737
0.784
0.818
0.804
0.777
0.717
0.687
0.702
0.661
0.531
0.503
0.512
0.456
0.395
0.393
0.372
0.390
0.424
0.513
0.637
0.529
0.469
0.461
0.470
0.461
0.487
0.492
0.468
0.464
0.533
0.513
0.511
0.560
0.588
0.510
0.499
0.509
0.482
0.531
0.487
0.371
0.376
0.379
0.387
0.437
0.322
0.363
0.375
0.405
0.372
0.366
0.332
0.351
0.378
0.394
0.383
0.391
0.366
0.308
0.397
0.461
0.368
0.393
0.392
0.366
0.391
0.448
0.386
0.402
0.418
0.433
0.448
0.449
0.513
0.457
0.389
0.453
0.362
0.435
0.563
0.613
0.568
0.509
0.515
0.581
0.529
0.388
0.622
0.574
0.738
0.551
0.325
0.356
0.460
0.559
0.475
0.530
0.457
0.478
0.492
0.519
0.427
0.588
0.563
0.430
0.585
0.755
0.898
0.797
0.703
0.716
0.692
0.617
0.516
0.456
0.389
0.378
0.443
0.438
0.435
0.454
0.408
0.442
0.423
0.422
0.430
0.322
0.311
0.488
0.387
0.414
0.486
0.392
0.401
0.307
0.299
0.272
0.321
0.453
0.353
0.522
0.481
0.494
0.502
0.241
0.413
0.346
0.289
0.347
0.311
0.329
0.258
0.257
0.282
0.305
0.307
0.281
0.168
0.145
0.219
0.207
0.164
0.198
0.309
0.127
0.110
0.160
0.309
0.295
0.246
0.251
0.231
0.229
0.206
0.234
0.302
0.284
0.190
0.259
0.264
0.152
0.158
0.169
0.247
0.143
0.113
0.097
0.109
0.134
0.164
0.181
0.169
0.166
0.192
0.241
0.288
0.262
0.271
0.178
0.178
0.192
0.169
0.184
0.157
0.123
0.148
0.138
0.118
0.181
0.237
0.226
0.291
0.231
0.184
0.137
0.129
0.208
0.292
0.331
0.345
0.363
0.321
0.405
0.364
0.275
0.191
0.148
0.159
0.176
0.220
0.219
0.184
0.152
0.122
0.147
0.205
0.244
0.270
0.289
0.202
0.167
0.182
0.202
0.175
0.187
0.208
0.226
0.234
0.352
0.444
0.414
0.494
0.480
0.465
0.503
0.518
0.525
0.443
0.451
0.509
0.492
0.440
0.432
0.405
0.363
0.384
0.408
0.454
0.468
0.503
0.541
0.483
0.390
0.330
0.346
0.394
0.407
0.500
0.506
0.580
0.758
0.718
0.668
0.704
0.698
0.787
0.804
0.714
0.674
0.720
0.833
0.917
0.935
0.897
0.859
0.875
0.854
0.800
0.841
