20000101
0.212
0.263
0.269
0.256
0.339
0.287
0.236
0.316
0.245
0.433
0.254
0.316
0.411
0.289
0.147
0.218
0.198
0.248
0.280
0.162
0.341
0.532
0.434
0.330
0.334
0.296
0.336
0.299
0.221
0.184
0.164
0.442
0.249
0.435
0.446
0.506
0.457
0.316
0.258
0.252
0.263
0.461
0.281
0.248
0.244
0.214
0.163
0.163
0.136
0.142
0.165
0.192
0.228
0.199
0.161
0.125
0.108
0.154
0.157
0.267
0.191
0.195
0.184
0.250
0.184
0.080
0.101
0.114
0.089
0.106
0.259
0.247
0.241
0.076
0.102
0.126
0.258
0.103
0.042
0.053
0.136
0.226
0.155
0.148
0.129
0.116
0.097
0.085
0.085
0.076
0.144
0.139
0.100
0.090
0.090
0.071
0.052
0.059
0.087
0.075
0.077
0.110
0.102
0.118
0.165
0.199
0.172
0.102
0.105
0.112
0.099
0.131
0.186
0.237
0.230
0.256
0.253
0.236
0.198
0.223
0.178
0.115
0.170
0.126
0.120
0.141
0.169
0.201
0.230
0.328
0.277
0.290
0.365
0.459
0.454
0.369
0.410
0.446
0.522
0.501
0.461
0.472
0.342
0.378
0.351
0.317
0.316
0.301
0.253
0.343
0.420
0.437
0.369
0.301
0.265
0.285
0.357
0.245
0.354
0.309
0.387
0.279
0.270
0.327
0.386
0.382
0.376
0.342
0.306
0.278
0.242
0.266
0.356
0.361
0.430
0.385
0.374
0.378
0.361
0.393
0.327
0.342
0.533
0.654
0.639
0.714
0.538
0.512
0.548
0.698
0.638
0.656
0.721
0.731
0.754
0.867
0.893
0.888
0.819
0.703
0.716
0.815
0.891
0.789
0.697
0.609
0.578
0.549
0.505
0.581
0.576
0.660
0.633
0.575
0.501
0.591
0.525
0.480
0.479
0.420
0.433
0.462
0.483
0.509
0.697
0.891
0.934
0.861
0.793
0.805
0.720
0.899
0.884
0.878
0.879
0.775
0.769
0.670
0.679
0.827
0.820
0.787
0.752
0.783
0.749
0.710
0.717
0.719
0.841
0.679
0.614
0.641
0.620
0.613
0.587
0.556
0.473
0.486
0.393
0.381
0.403
0.423
0.497
0.441
0.421
0.367
0.470
0.466
0.500
0.397
0.349
0.288
0.207
0.276
0.299
0.228
0.221
0.253
0.251
0.260
0.239
0.299
0.278
0.287
0.274
0.251
0.250
0.247
0.172
0.112
0.147
0.226
0.259
0.289
0.171
0.161
0.239
0.328
0.296
0.279
0.209
0.141
0.133
0.182
0.171
0.183
0.161
0.194
0.267
0.258
0.207
0.266
0.296
0.283
0.259
0.205
0.246
0.255
0.244
0.198
0.226
0.255
0.223
0.145
0.195
0.266
0.207
0.227
0.233
0.245
0.232
0.255
0.227
0.218
0.187
0.170
0.130
0.111
0.106
0.099
0.137
0.159
0.191
0.228
0.215
0.220
0.217
0.261
0.269
0.196
0.258
0.222
0.305
0.384
0.283
0.197
0.142
0.154
0.187
0.165
0.161
0.192
0.227
0.224
0.333
0.564
0.396
0.501
0.415
0.501
0.399
0.345
0.253
0.286
0.288
0.242
0.225
0.260
0.229
0.202
0.196
0.200
0.271
0.313
0.326
0.200
0.241
0.402
0.181
0.160
0.273
0.127
0.134
0.181
0.224
0.175
0.241
0.214
0.132
0.126
0.200
0.230
0.240
0.220
0.133
0.143
0.177
0.156
0.138
0.136
0.164
0.299
0.251
0.228
0.202
0.220
0.189
0.189
0.122
0.194
0.200
0.284
0.205
0.192
0.163
0.140
0.089
0.102
0.119
0.130
0.084
0.076
0.077
0.074
0.081
0.093
0.187
0.307
0.231
0.179
0.191
0.163
0.099
0.124
0.222
0.206
0.154
0.161
0.153
0.151
0.153
0.187
0.257
0.243
0.137
0.161
0.132
0.107
0.095
0.116
0.084
0.085
0.080
0.080
0.097
0.136
0.208
0.184
0.188
0.156
0.152
0.209
0.292
0.331
0.300
0.232
0.144
0.098
0.079
0.087
0.102
0.099
0.102
0.134
0.160
0.202
0.137
0.150
0.124
0.171
0.147
0.172
0.154
0.200
0.241
0.219
0.213
0.222
0.186
0.214
0.256
0.308
0.309
0.411
0.451
0.354
0.357
0.310
0.213
0.175
0.365
0.407
0.367
0.401
0.452
0.550
0.525
0.532
0.509
0.587
0.540
0.486
0.512
0.411
0.453
0.410
0.483
0.536
0.580
0.580
0.650
0.708
0.792
0.748
0.684
0.652
0.566
0.475
0.444
0.503
0.439
0.421
0.416
0.442
0.423
0.486
0.512
0.591
0.754
0.822
0.898
0.858
0.724
0.623
0.728
0.756
0.802
0.912
0.867
0.815
0.757
0.812
0.836
0.842
0.825
0.751
0.767
0.824
0.836
0.838
0.813
0.829
0.810
0.750
0.742
0.793
0.774
0.764
0.698
0.616
0.575
0.596
0.724
0.759
0.822
0.778
0.746
0.825
0.816
0.841
0.880
0.843
0.810
0.897
0.937
0.866
0.747
0.749
0.767
0.857
0.793
0.777
0.767
0.703
0.663
0.659
0.691
0.727
0.682
0.672
0.632
0.584
0.559
0.587
0.591
0.657
0.637
0.592
0.554
0.588
0.601
0.577
0.541
0.508
0.496
0.461
0.437
0.404
0.422
0.481
0.413
0.379
0.354
0.295
0.256
0.251
0.272
0.179
0.269
0.469
0.588
0.665
0.672
0.588
0.428
0.400
0.395
0.438
0.541
0.687
0.674
0.528
0.481
0.276
0.298
0.242
0.221
0.227
0.248
0.187
0.243
0.226
0.189
0.227
0.220
0.243
0.186
0.257
0.312
0.293
0.252
0.235
0.237
0.241
0.239
0.251
0.248
0.296
0.219
0.216
0.248
0.217
0.212
0.197
0.273
0.265
0.186
0.195
0.205
0.264
0.278
0.197
0.239
0.233
0.202
0.223
0.243
0.250
0.247
0.239
0.257
0.219
0.262
0.329
0.246
0.268
0.305
0.292
0.270
0.324
0.414
0.332
0.261
0.259
0.278
0.277
0.293
0.297
0.303
0.338
0.241
0.248
0.266
0.267
0.272
0.285
0.269
0.240
0.231
0.264
0.242
0.190
0.233
0.260
0.265
0.266
0.287
0.428
0.278
0.303
0.261
0.291
0.265
0.274
0.410
0.497
0.484
0.392
0.695
0.414
0.349
0.315
0.347
0.313
0.343
0.395
0.384
0.177
0.210
0.217
0.227
0.234
0.224
0.206
0.178
0.180
0.192
0.114
0.138
0.131
0.120
0.261
0.545
0.231
0.286
0.328
0.287
0.268
0.226
0.274
0.221
0.172
0.210
0.225
0.313
0.257
0.200
0.196
0.181
0.221
0.230
0.210
0.208
0.158
0.130
0.145
0.170
0.255
0.343
0.246
0.146
0.189
0.302
0.395
0.384
0.238
0.088
0.105
0.085
0.105
0.196
0.210
0.139
0.196
0.235
0.176
0.090
0.077
0.070
0.074
0.084
0.158
0.085
0.054
0.070
0.145
0.151
0.244
0.329
0.232
0.135
0.124
0.113
0.139
0.144
0.246
0.176
0.174
0.157
0.145
0.142
0.159
0.135
0.188
0.148
0.157
0.043
0.053
0.084
0.062
0.068
0.087
0.076
0.068
0.069
0.079
0.058
0.184
0.155
0.192
0.241
0.259
0.282
0.320
0.264
0.253
0.226
0.225
0.215
0.241
0.343
0.354
0.318
0.277
0.229
0.206
0.243
0.276
0.313
0.341
0.346
0.245
0.208
0.285
0.255
0.254
0.274
0.282
0.309
0.262
0.225
0.199
0.215
0.222
0.336
0.339
0.440
0.476
0.473
0.499
0.461
0.493
0.556
0.525
0.476
0.323
0.352
0.432
0.593
0.714
0.855
0.818
0.635
0.530
0.556
0.562
0.482
0.465
0.491
0.469
0.411
0.492
0.490
0.395
0.459
0.455
0.556
0.609
0.553
0.637
0.656
0.676
0.642
0.692
0.747
0.691
0.727
0.716
0.638
0.506
0.503
0.422
0.425
0.390
0.380
0.378
0.449
0.754
0.820
0.815
0.911
0.782
0.801
0.744
0.826
0.864
0.873
0.790
0.787
0.685
0.701
0.648
0.620
0.706
0.675
0.784
0.804
0.839
0.835
0.817
0.733
0.682
0.828
0.827
0.765
0.718
0.802
0.804
0.714
0.636
0.549
0.534
0.501
0.480
0.466
0.378
0.430
0.505
0.493
0.500
0.550
0.593
0.571
0.458
0.361
0.369
0.328
0.366
0.470
0.420
0.379
0.359
0.300
0.255
0.204
0.179
0.201
0.222
0.171
0.196
0.229
0.256
0.264
0.282
0.292
0.253
0.277
0.270
0.290
0.364
0.357
0.280
0.249
0.293
0.283
0.260
0.199
0.186
0.201
0.209
0.197
0.224
0.187
0.218
0.210
0.130
0.111
0.155
0.198
0.205
0.236
0.308
0.250
0.253
0.263
0.260
0.342
0.432
0.375
0.253
0.210
0.257
0.225
0.236
0.205
0.206
0.226
0.249
0.244
0.241
0.155
0.217
0.186
0.150
0.244
0.214
0.198
0.227
0.237
0.213
0.226
0.271
0.283
0.241
0.286
0.268
0.229
0.250
0.243
0.222
0.266
0.328
0.288
0.398
0.393
0.361
0.313
0.268
0.294
0.372
0.342
0.361
0.405
0.308
0.373
0.626
0.483
0.558
0.474
0.436
0.341
0.360
0.261
0.382
0.271
0.275
0.249
0.201
0.183
0.166
0.159
0.170
0.195
0.219
0.249
0.254
0.258
0.189
0.189
0.237
0.215
0.253
0.276
0.450
0.453
0.338
0.561
0.589
0.594
0.597
0.401
0.322
0.381
0.258
0.256
0.310
0.362
0.264
0.173
0.172
0.166
0.168
0.181
0.211
0.708
0.469
0.207
0.241
0.272
0.263
0.265
0.275
0.266
0.259
0.253
0.230
0.285
0.172
0.059
0.110
0.097
0.098
0.095
0.091
0.126
0.115
0.146
0.125
0.123
0.123
0.115
0.142
0.162
0.172
0.190
0.136
0.117
0.112
0.134
0.138
0.121
0.133
0.160
0.181
0.231
0.199
0.164
0.150
0.185
0.305
0.349
0.155
0.131
0.127
0.087
0.111
0.158
0.141
0.162
0.221
0.272
0.251
0.221
0.201
0.202
0.224
0.157
0.094
0.073
0.083
0.146
0.171
0.162
0.075
0.057
0.088
0.092
0.121
0.176
0.063
0.176
0.182
0.145
0.076
0.066
0.077
0.093
0.120
0.125
0.092
0.059
0.128
0.141
0.199
0.271
0.280
0.253
0.303
0.333
0.266
0.239
0.234
0.312
0.243
0.271
0.187
0.158
0.183
0.247
0.224
0.206
0.290
0.323
0.361
0.344
0.328
0.269
0.294
0.295
0.314
0.316
0.349
0.440
0.604
0.774
0.746
0.780
0.565
0.462
0.507
0.531
0.609
0.650
0.517
0.621
0.601
0.525
0.547
0.510
0.544
0.671
0.856
0.773
0.760
0.726
0.774
0.770
0.790
0.698
0.744
0.689
0.796
0.779
0.725
0.705
0.724
0.794
0.760
0.731
0.747
0.924
0.866
0.843
0.871
0.919
0.902
0.811
0.783
0.803
0.843
0.857
0.863
0.859
0.770
0.750
0.813
0.841
0.845
0.897
0.802
0.803
0.719
0.797
0.708
0.693
0.668
0.692
0.701
0.714
0.676
0.582
0.799
0.908
0.893
0.872
0.862
0.824
0.937
0.858
0.864
0.827
0.863
0.805
0.781
0.745
0.882
0.759
0.650
0.715
0.773
0.645
0.650
0.692
0.704
0.616
0.715
0.671
0.681
0.622
0.645
0.604
0.658
0.604
0.636
0.614
0.601
0.532
0.571
0.592
0.523
0.460
0.454
0.388
0.361
0.388
0.489
0.487
0.420
0.353
0.300
0.342
0.269
0.301
0.324
0.322
0.356
0.370
0.323
0.218
0.279
0.295
0.278
0.287
0.267
0.310
0.356
0.397
0.379
0.424
0.329
0.328
0.373
0.505
0.392
0.381
0.288
0.238
0.351
0.229
0.153
0.156
0.233
0.247
0.287
0.321
0.324
0.427
0.325
0.305
0.292
0.311
0.325
0.311
0.337
0.374
0.382
0.377
0.332
0.320
0.320
0.302
0.307
0.300
0.274
0.204
0.197
0.223
0.267
0.262
0.368
0.299
0.402
0.434
0.348
0.319
0.311
0.318
0.346
0.380
0.446
0.402
0.367
0.338
0.400
0.390
0.353
0.437
0.490
0.454
0.372
0.310
0.316
0.325
0.422
0.432
0.444
0.672
0.576
0.348
0.308
0.327
0.345
0.373
0.345
0.292
0.250
0.298
0.328
0.406
0.272
0.270
0.319
0.538
0.520
0.311
0.337
0.393
0.353
0.317
0.350
0.356
0.426
0.374
0.324
0.264
0.233
0.157
0.168
0.223
0.194
0.192
0.301
0.359
0.305
0.303
0.282
0.258
0.213
0.203
0.217
0.328
0.226
0.218
0.205
0.199
0.189
0.161
0.146
0.177
0.147
0.155
0.131
0.074
0.081
0.070
0.064
0.087
0.078
0.094
0.098
0.129
0.092
0.113
0.119
0.097
0.112
0.106
0.080
0.081
0.091
0.100
0.109
0.152
0.193
0.185
0.158
0.144
0.065
0.092
0.082
0.086
0.102
0.131
0.197
0.198
0.182
0.149
0.170
0.169
0.275
0.257
0.216
0.220
0.167
0.187
0.199
0.193
0.230
0.199
0.272
0.274
0.270
0.184
0.182
0.170
0.099
0.094
0.097
0.140
0.199
0.230
0.273
0.055
0.083
0.089
0.062
0.078
0.099
0.242
0.299
0.334
0.446
0.462
0.530
0.596
0.478
0.336
0.284
0.244
0.190
0.226
0.275
0.311
0.327
0.344
0.351
0.330
0.314
0.250
0.204
0.189
0.184
0.171
0.207
0.207
0.192
0.228
0.258
0.236
0.294
0.347
0.349
0.349
0.356
0.294
0.300
0.379
0.533
0.556
0.611
0.659
0.535
0.502
0.438
0.437
0.440
0.493
0.517
0.543
0.566
0.595
0.597
0.624
0.567
0.602
0.468
0.538
0.517
0.618
0.605
0.607
0.631
0.601
0.577
0.505
0.417
0.420
0.462
0.410
0.424
0.540
0.586
0.567
0.470
0.446
0.447
0.355
0.367
0.433
0.504
0.484
0.510
0.523
0.528
0.651
0.685
0.606
0.568
0.589
0.644
0.854
0.915
0.853
0.820
0.877
0.861
0.846
0.914
0.809
0.882
0.842
0.832
0.801
0.828
0.781
0.796
0.837
0.795
0.750
0.712
0.716
0.725
0.704
0.653
0.660
0.660
0.670
0.636
0.602
0.608
0.499
0.461
0.405
0.514
0.566
0.570
0.622
0.583
0.605
0.647
0.679
0.667
0.666
0.646
0.609
0.527
0.597
0.522
0.527
0.534
0.642
0.629
0.466
0.483
0.700
0.563
0.770
0.808
0.798
0.782
0.659
0.510
0.508
0.588
0.730
0.642
0.448
0.455
0.395
0.360
0.372
0.362
0.357
0.350
0.341
0.341
0.336
0.346
0.275
0.268
0.237
0.306
0.246
0.180
0.266
0.313
0.324
0.280
0.281
0.169
0.183
0.216
0.185
0.219
0.215
0.242
0.348
0.472
0.472
0.322
0.321
0.235
0.255
0.235
0.224
0.238
0.299
0.319
0.296
0.309
0.302
0.313
0.317
0.314
0.334
0.300
0.392
0.336
0.378
0.378
0.351
0.311
0.308
0.294
0.266
0.207
0.205
0.241
0.339
0.403
0.235
0.264
0.286
0.332
0.278
0.387
0.429
0.445
0.350
0.400
0.355
0.345
0.338
0.382
0.495
0.414
0.479
0.347
0.339
0.288
0.395
0.449
0.425
0.349
0.363
0.428
0.370
0.286
0.285
0.285
0.307
0.315
0.388
0.331
0.405
0.408
0.296
0.250
0.413
0.299
0.231
0.320
0.591
0.519
0.348
0.415
0.491
0.451
0.296
0.246
0.255
0.299
0.411
0.415
0.453
0.460
0.347
0.300
0.283
0.329
0.376
0.303
0.383
0.386
0.278
0.241
0.193
0.209
0.232
0.188
0.189
0.158
0.155
0.223
0.223
0.211
0.205
0.232
0.225
0.216
0.209
0.201
0.253
0.273
0.387
0.331
0.345
0.305
0.233
0.187
0.156
0.153
0.143
0.132
0.174
0.205
0.243
0.293
0.189
0.181
0.141
0.170
0.243
0.222
0.216
0.086
0.096
0.091
0.076
0.069
0.085
0.079
0.083
0.122
0.166
0.115
0.050
0.060
0.063
0.068
0.071
0.093
0.104
0.086
0.073
0.069
0.072
0.094
0.165
0.193
0.203
0.231
0.190
0.187
0.240
0.390
0.340
0.320
0.248
0.245
0.239
0.319
0.262
0.284
0.255
0.180
0.174
0.129
0.136
0.168
0.150
0.179
0.185
0.198
0.235
0.226
0.156
0.174
0.168
0.258
0.225
0.166
0.172
0.219
0.213
0.216
0.220
0.155
0.121
0.169
0.204
0.254
0.224
0.201
0.253
0.306
0.243
0.195
0.230
0.252
0.394
0.408
0.275
0.275
0.273
0.240
0.298
0.298
0.416
0.461
0.470
0.517
0.568
0.582
0.577
0.601
0.619
0.624
0.671
0.728
0.747
0.690
0.697
0.675
0.721
0.627
0.639
0.659
0.592
0.692
0.663
0.657
0.711
0.831
0.867
0.748
0.617
0.545
0.498
0.511
0.494
0.586
0.546
0.611
0.707
0.783
0.852
0.802
0.749
0.710
0.779
0.865
0.849
0.837
0.841
0.807
0.796
0.770
0.733
0.696
0.699
0.689
0.710
0.690
0.743
0.791
0.705
0.708
0.714
0.724
0.681
0.650
0.667
0.652
0.672
0.657
0.645
0.607
0.578
0.563
0.516
0.405
0.347
0.334
0.449
0.572
0.538
0.577
0.671
0.730
0.706
0.818
0.809
0.857
0.899
0.911
0.870
0.883
0.826
0.809
0.704
0.720
0.843
0.934
0.799
0.794
0.780
0.736
0.631
0.617
0.628
0.560
0.568
0.498
0.442
0.424
0.442
0.454
0.390
0.351
0.405
0.412
0.405
0.393
0.340
0.435
0.332
0.399
0.402
0.358
0.392
0.413
0.409
0.330
0.296
0.265
0.314
0.338
0.256
0.276
0.313
0.346
0.352
0.327
0.335
0.295
0.310
0.355
0.285
0.278
0.351
0.331
0.360
0.272
0.260
0.307
0.263
0.257
0.217
0.358
0.254
0.298
0.268
0.294
0.263
0.314
0.335
0.395
0.370
0.246
0.315
0.337
0.360
0.329
0.297
0.211
0.224
0.231
0.225
0.235
0.231
0.232
0.244
0.267
0.297
0.265
0.202
0.233
0.266
0.329
0.345
0.344
0.414
0.345
0.276
0.301
0.345
0.336
0.497
0.463
0.300
0.443
0.393
0.384
0.422
0.336
0.320
0.330
0.273
0.261
0.318
0.354
0.286
0.336
0.319
0.286
0.280
0.305
0.316
0.426
0.469
0.357
0.286
0.257
0.237
0.262
0.263
0.255
0.291
0.277
0.304
0.386
0.228
0.250
0.231
0.243
0.208
0.231
0.243
0.256
0.264
0.194
0.216
0.250
0.203
0.232
0.227
0.212
0.272
0.338
0.381
0.277
0.236
0.180
0.143
0.149
0.168
0.197
0.193
0.281
0.172
0.126
0.188
0.282
0.270
0.140
0.153
0.145
0.150
0.560
0.711
0.528
0.384
0.281
0.433
0.442
0.277
0.281
0.240
0.254
0.258
0.184
0.194
0.191
0.231
0.204
0.153
0.144
0.093
0.132
0.115
0.114
0.170
0.228
0.143
0.140
0.154
0.172
0.160
0.166
0.207
0.198
0.120
0.073
0.071
0.137
0.129
0.117
0.204
0.127
0.152
0.193
0.157
0.187
0.192
0.229
0.226
0.167
0.203
0.207
0.206
0.188
0.162
0.128
0.124
0.088
0.099
0.091
0.107
0.160
0.151
0.167
0.144
0.147
0.181
0.234
0.276
0.292
0.258
0.184
0.231
0.335
0.445
0.353
0.423
0.301
0.263
0.242
0.226
0.224
0.225
0.249
0.289
0.399
0.726
0.581
0.494
0.387
0.370
0.431
0.336
0.341
0.314
0.269
0.338
0.380
0.356
0.339
0.255
0.262
0.282
0.321
0.302
0.217
0.242
0.205
0.266
0.391
0.457
0.591
0.680
0.602
0.612
0.593
0.547
0.431
0.370
0.380
0.699
0.785
0.734
0.674
0.773
0.773
0.863
0.700
0.550
0.559
0.562
0.554
0.613
0.704
0.816
0.841
0.726
0.818
0.836
0.817
0.727
0.813
0.815
0.799
0.824
0.851
0.930
0.904
0.846
0.863
0.809
0.757
0.812
0.863
0.873
0.867
0.890
0.881
0.874
0.833
0.882
0.850
0.878
0.898
0.928
0.946
0.910
0.907
0.897
0.850
0.874
0.868
0.880
0.894
0.813
0.727
0.889
0.874
0.872
0.848
0.719
0.693
0.858
0.916
0.859
0.829
0.769
0.806
0.808
0.748
0.759
0.753
0.753
0.727
0.709
0.693
0.758
0.737
0.774
0.795
0.824
0.737
0.715
0.686
0.628
0.567
0.472
0.468
0.563
0.590
0.542
0.374
0.466
0.474
0.529
0.452
0.388
0.365
0.339
0.478
0.414
0.411
0.404
0.356
0.312
0.361
0.444
0.409
0.418
0.339
0.324
0.341
0.411
0.417
0.406
0.390
0.332
0.351
0.340
0.329
0.501
0.374
0.389
0.405
0.305
0.316
0.285
0.323
0.344
0.407
0.392
0.390
0.399
0.375
0.341
0.386
0.431
0.379
0.380
0.345
0.456
0.304
0.335
0.321
0.255
0.279
0.397
0.388
0.304
0.355
0.376
0.423
0.537
0.613
0.561
0.468
0.499
0.455
0.283
0.325
0.337
0.331
0.350
0.326
0.297
0.327
0.340
0.330
0.350
0.364
0.345
0.414
0.451
0.490
0.442
0.360
0.337
0.343
0.366
0.457
0.522
0.524
0.516
0.399
0.341
0.316
0.389
0.387
0.366
0.373
0.315
0.239
0.240
0.316
0.275
0.226
0.237
0.346
0.307
0.280
0.240
0.232
0.184
0.157
0.218
0.236
0.246
0.307
0.489
0.439
0.231
0.273
0.249
0.296
0.218
0.346
0.467
0.316
0.344
0.599
0.535
0.386
0.455
0.394
0.323
0.320
0.313
0.327
0.292
0.307
0.254
0.270
0.301
0.331
0.311
0.394
0.297
0.292
0.418
0.361
0.272
0.250
0.222
0.220
0.185
0.181
0.192
0.308
0.277
0.442
0.399
0.329
0.260
0.201
0.192
0.194
0.218
0.288
0.336
0.183
0.195
0.176
0.164
0.159
0.117
0.116
0.116
0.119
0.136
0.169
0.141
0.091
0.111
0.111
0.131
0.131
0.129
0.167
0.138
0.112
0.124
0.126
0.138
0.142
0.093
0.087
0.102
0.120
0.127
0.101
0.142
0.156
0.195
0.161
0.119
0.107
0.108
0.128
0.132
0.114
0.114
0.127
0.135
0.131
0.158
0.186
0.262
0.216
0.210
0.177
0.181
0.232
0.239
0.252
0.286
0.247
0.227
0.239
0.274
0.356
0.311
0.256
0.212
0.219
0.258
0.240
0.187
0.266
0.228
0.185
0.188
0.181
0.405
0.484
0.525
0.500
0.389
0.292
0.293
0.309
0.353
0.328
0.308
0.362
0.507
0.503
0.484
0.494
0.521
0.559
0.552
0.468
0.403
0.559
0.763
0.695
0.697
0.666
0.662
0.569
0.545
0.748
0.886
0.909
0.865
0.833
0.788
0.817
0.807
0.880
0.857
0.816
0.785
0.763
0.740
0.733
0.737
0.673
0.663
0.669
0.639
0.645
0.672
0.671
0.743
0.775
0.700
0.749
0.714
0.746
0.747
0.756
0.789
0.928
0.847
0.855
0.850
0.824
0.801
0.916
0.877
0.835
0.862
0.883
0.914
0.886
0.820
0.841
0.781
0.710
0.732
0.891
0.873
0.883
0.779
0.711
0.718
0.783
0.766
0.805
0.825
0.896
0.867
0.845
0.854
0.880
0.841
0.831
0.838
0.808
0.758
0.741
0.788
0.724
0.687
0.683
0.671
0.631
0.622
0.553
0.632
0.618
0.710
0.716
0.740
0.725
0.711
0.666
0.750
0.744
0.539
0.424
0.404
0.454
0.449
0.341
0.336
0.422
0.372
0.354
0.408
0.497
0.419
0.394
0.280
0.336
0.302
0.251
0.230
0.282
0.294
0.276
0.263
0.300
0.294
0.328
0.308
0.272
0.307
0.304
0.274
0.263
0.356
0.350
0.231
0.332
0.290
0.293
0.265
0.323
0.313
0.323
0.261
0.277
0.207
0.206
0.229
0.262
0.235
0.241
0.284
0.273
0.236
0.194
0.229
0.222
0.245
0.243
0.248
0.317
0.317
0.353
0.384
0.348
0.377
0.364
0.361
0.317
0.314
0.294
0.261
0.317
0.289
0.305
0.353
0.332
0.347
0.320
0.295
0.205
0.266
0.376
0.333
0.346
0.337
0.243
0.331
0.366
0.280
0.359
0.282
0.377
0.297
0.268
0.209
0.224
0.191
0.209
0.313
0.275
0.338
0.395
0.374
0.468
0.396
0.340
0.230
0.222
0.258
0.257
0.286
0.389
0.354
0.297
0.267
0.219
0.217
0.203
0.189
0.318
0.347
0.341
0.286
0.351
0.225
0.231
0.220
0.416
0.344
0.338
0.375
0.354
0.303
0.311
0.288
0.219
0.169
0.150
0.124
0.126
0.180
0.152
0.137
0.150
0.117
0.119
0.172
0.304
0.197
0.140
0.096
0.087
0.099
0.124
0.156
0.121
0.164
0.165
0.155
0.134
0.140
0.118
0.150
0.149
0.174
0.251
0.386
0.318
0.213
0.156
0.146
0.117
0.128
0.144
0.099
0.103
0.120
0.347
0.283
0.196
0.145
0.125
0.125
0.196
0.260
0.247
0.270
0.278
0.374
0.479
0.312
0.236
0.174
0.145
0.166
0.161
0.186
0.185
0.169
0.175
0.176
0.165
0.093
0.083
0.109
0.145
0.170
0.124
0.092
0.078
0.095
0.095
0.081
0.119
0.118
0.140
0.164
0.203
0.219
0.207
0.300
0.292
0.264
0.306
0.274
0.251
0.242
0.261
0.253
0.229
0.261
0.280
0.298
0.315
0.305
0.296
0.313
0.265
0.225
0.161
0.174
0.200
0.223
0.261
0.269
0.261
0.315
0.341
0.351
0.358
0.370
0.507
0.518
0.523
0.499
0.552
0.615
0.800
0.724
0.718
0.612
0.581
0.569
0.492
0.542
0.598
0.584
0.475
0.421
0.411
0.538
0.612
0.671
0.572
0.566
0.758
0.744
0.667
0.738
0.646
0.609
0.530
0.632
0.654
0.774
0.864
0.830
0.892
0.842
0.748
0.662
0.606
0.550
0.553
0.523
0.612
0.580
0.529
0.551
0.788
0.623
0.713
0.767
0.835
0.766
0.804
0.821
0.822
0.853
0.815
0.856
0.892
0.892
0.784
0.763
0.823
0.775
0.794
0.949
0.884
0.907
0.818
0.784
0.786
0.807
0.768
0.722
0.682
0.693
0.697
0.650
0.616
0.757
0.828
0.696
0.660
0.649
0.635
0.562
0.516
0.475
0.563
0.706
0.771
0.758
0.571
0.657
0.684
0.769
0.795
0.782
0.844
0.854
0.853
0.856
0.874
0.868
0.682
0.705
0.687
0.650
0.536
0.560
0.611
0.638
0.634
0.607
0.619
0.627
0.566
0.468
0.501
0.484
0.554
0.591
0.597
0.508
0.416
0.314
0.306
0.279
0.298
0.307
0.347
0.385
0.344
0.313
0.350
0.325
0.274
0.362
0.319
0.300
0.263
0.212
0.268
0.329
0.359
0.274
0.213
0.249
0.248
0.200
0.179
0.227
0.328
0.275
0.326
0.342
0.356
0.386
0.323
0.251
0.308
0.325
0.302
0.419
0.763
0.517
0.223
0.291
0.324
0.380
0.366
0.297
0.300
0.333
0.352
0.245
0.235
0.182
0.221
0.282
0.296
0.341
0.289
0.282
0.320
0.383
0.390
0.376
0.439
0.455
0.422
0.352
0.427
0.325
0.298
0.326
0.378
0.535
0.375
0.338
0.299
0.227
0.278
0.337
0.379
0.418
0.325
0.287
0.384
0.344
0.281
0.473
0.432
0.436
0.512
0.816
0.816
0.723
0.564
0.522
0.582
0.619
0.446
0.406
0.414
0.524
0.444
0.304
0.264
0.246
0.296
0.293
0.383
0.290
0.336
0.284
0.221
0.334
0.351
0.270
0.216
0.273
0.396
0.353
0.324
0.357
0.270
0.233
0.300
0.392
0.306
0.416
0.367
0.254
0.260
0.262
0.213
0.216
0.197
0.177
0.182
0.234
0.292
0.211
0.216
0.200
0.193
0.170
0.140
0.228
0.175
0.132
0.192
0.185
0.162
0.151
0.159
0.114
0.100
0.110
0.099
0.117
0.127
0.133
0.180
0.197
0.187
0.171
0.211
0.162
0.153
0.168
0.205
0.278
0.246
0.253
0.237
0.220
0.193
0.183
0.128
0.193
0.309
0.218
0.243
0.239
0.197
0.144
0.112
0.083
0.099
0.152
0.140
0.139
0.068
0.063
0.095
0.134
0.118
0.060
0.109
0.080
0.071
0.058
0.068
0.079
0.079
0.104
0.124
0.128
0.193
0.180
0.173
0.131
0.128
0.128
0.168
0.227
0.274
0.238
0.225
0.247
0.233
0.249
0.212
0.206
0.218
0.239
0.153
0.182
0.189
0.231
0.211
0.227
0.231
0.247
0.280
0.338
0.304
0.327
0.323
0.342
0.310
0.253
0.242
0.262
0.291
0.326
0.310
0.313
0.314
0.290
0.335
0.327
0.348
0.368
0.288
0.242
0.256
0.358
0.366
0.498
0.484
0.469
0.617
0.729
0.594
0.530
0.537
0.593
0.596
0.481
0.468
0.359
0.361
0.342
0.596
0.783
0.714
0.737
0.738
0.848
0.752
0.753
0.828
0.854
0.831
0.764
0.861
0.816
0.828
0.920
0.917
0.907
0.852
0.851
0.867
0.790
0.768
0.760
0.814
0.706
0.676
0.770
0.744
0.764
0.800
0.711
0.718
0.693
0.732
0.815
0.795
0.817
0.821
0.756
0.718
0.669
0.638
0.648
0.607
0.587
0.588
0.599
0.714
0.761
0.895
0.895
0.924
0.842
0.822
0.870
0.812
0.759
0.702
0.685
0.677
0.511
0.540
0.738
0.622
0.663
0.536
0.519
0.595
0.617
0.549
0.484
0.466
0.436
0.442
0.416
0.371
0.412
0.470
0.515
0.463
0.337
0.284
0.359
0.324
0.508
0.622
0.824
0.826
0.587
0.460
0.552
0.579
0.517
0.456
0.396
0.353
0.431
0.336
0.308
0.293
0.295
0.299
0.257
0.250
0.198
0.118
0.150
0.224
0.228
0.262
0.297
0.309
0.275
0.209
0.213
0.229
0.272
0.305
0.354
0.348
0.411
0.416
0.375
0.328
0.399
0.750
0.706
0.677
0.574
0.669
0.521
0.541
0.484
0.479
0.449
0.360
0.466
0.521
0.250
0.252
0.298
0.456
0.469
0.375
0.401
0.412
0.427
0.471
0.379
0.280
0.289
0.452
0.473
0.261
0.271
0.352
0.407
0.498
0.372
0.560
0.602
0.538
0.488
0.549
0.499
0.439
0.418
0.377
0.259
0.260
0.267
0.282
0.411
0.587
0.555
0.361
0.356
0.411
0.438
0.360
0.369
0.432
0.382
0.411
0.425
0.390
0.510
0.345
0.489
0.487
0.370
0.367
0.353
0.294
0.269
0.263
0.268
0.314
0.308
0.279
0.299
0.397
0.353
0.335
0.322
0.280
0.256
0.266
0.423
0.301
0.324
0.325
0.365
0.328
0.355
0.189
0.515
0.537
0.505
0.359
0.331
0.157
0.204
0.174
0.136
0.173
0.175
0.305
0.292
0.290
0.214
0.194
0.183
0.152
0.166
0.224
0.230
0.321
0.388
0.375
0.285
0.279
0.201
0.167
0.150
0.134
0.111
0.117
0.147
0.152
0.151
0.144
0.139
0.119
0.098
0.107
0.144
0.135
0.188
0.206
0.172
0.138
0.140
0.197
0.254
0.236
0.336
0.177
0.146
0.133
0.117
0.077
0.079
0.097
0.132
0.171
0.186
0.129
0.090
0.093
0.107
0.115
0.171
0.216
0.241
0.229
0.223
0.165
0.134
0.185
0.155
0.195
0.168
0.159
0.158
0.171
0.152
0.158
0.179
0.165
0.211
0.219
0.199
0.191
0.174
0.169
0.149
0.136
0.171
0.207
0.204
0.179
0.142
0.157
0.118
0.074
0.099
0.138
0.154
0.210
0.327
0.374
0.364
0.325
0.293
0.219
0.198
0.385
0.489
0.385
0.382
0.406
0.588
0.486
0.350
0.273
0.196
0.136
0.141
0.190
0.437
0.562
0.517
0.326
0.197
0.297
0.346
0.308
0.379
0.431
0.419
0.399
0.345
0.388
0.440
0.435
0.353
0.444
0.401
0.561
0.761
0.717
0.722
0.723
0.675
0.702
0.696
0.695
0.690
0.630
0.561
0.545
0.606
0.611
0.691
0.607
0.630
0.670
0.790
0.811
0.870
0.771
0.847
0.777
0.722
0.689
0.794
0.915
0.873
0.821
0.868
0.884
0.856
0.855
0.899
0.921
0.882
0.846
0.865
0.864
0.873
0.868
0.824
0.854
0.838
0.864
0.875
0.861
0.836
0.784
0.810
0.826
0.817
0.841
0.795
0.808
0.812
0.899
0.884
0.852
0.836
0.869
0.876
0.898
0.882
0.854
0.896
0.917
0.874
0.890
0.890
0.907
0.875
0.750
0.683
0.649
0.671
0.679
0.559
0.673
0.698
0.614
0.544
0.562
0.535
0.552
0.535
0.482
0.524
0.534
0.548
0.522
0.434
0.429
0.485
0.441
0.342
0.414
0.590
0.660
0.563
0.487
0.391
0.293
0.513
0.675
0.699
0.671
0.578
0.454
0.416
0.351
0.346
0.377
0.343
0.317
0.369
0.356
0.344
0.350
0.378
0.410
0.393
0.350
0.361
0.359
0.400
0.528
0.666
0.691
0.784
0.808
0.745
0.718
0.748
0.819
0.760
0.675
0.503
0.604
0.813
0.881
0.898
0.839
0.753
0.665
0.641
0.634
0.515
0.457
0.450
0.461
0.488
0.531
0.550
0.495
0.511
0.500
0.398
0.284
0.359
0.467
0.407
0.391
0.397
0.435
0.424
0.328
0.379
0.397
0.425
0.511
0.400
0.395
0.421
0.463
0.478
0.500
0.579
0.427
0.407
0.466
0.532
0.560
0.509
0.542
0.549
0.424
0.415
0.408
0.398
0.357
0.507
0.572
0.495
0.215
0.307
0.281
0.326
0.366
0.447
0.423
0.379
0.479
0.483
0.347
0.450
0.440
0.425
0.465
0.504
0.450
0.366
0.372
0.344
0.386
0.397
0.440
0.561
0.422
0.386
0.384
0.359
0.291
0.365
0.605
0.508
0.488
0.402
0.363
0.368
0.397
0.415
0.326
0.265
0.399
0.325
0.369
0.381
0.306
0.350
0.399
0.422
0.376
0.327
0.279
0.253
0.250
0.166
0.201
0.229
0.186
0.159
0.160
0.180
0.147
0.147
0.142
0.246
0.233
0.173
0.203
0.177
0.150
0.150
0.135
0.133
0.205
0.203
0.212
0.191
0.181
0.081
0.143
0.125
0.116
0.098
0.128
0.189
0.149
0.168
0.196
0.236
0.209
0.161
0.197
0.262
0.197
0.117
0.106
0.118
0.106
0.088
0.083
0.082
0.097
0.123
0.133
0.188
0.227
0.215
0.190
0.274
0.317
0.317
0.249
0.211
0.193
0.161
0.229
0.264
0.288
0.277
0.253
0.220
0.217
0.212
0.203
0.241
0.330
0.400
0.432
0.401
0.339
0.287
0.304
0.257
0.228
0.228
0.233
0.331
0.339
0.368
0.279
0.304
0.232
0.218
0.228
0.352
0.414
0.345
0.351
0.420
0.442
0.494
0.499
0.455
0.513
0.549
0.534
0.555
0.499
0.631
0.673
0.861
0.643
0.594
0.818
0.832
0.783
0.721
0.718
0.676
0.680
0.671
0.718
0.819
0.786
0.798
0.856
0.839
0.787
0.707
0.724
0.830
0.886
0.871
0.817
0.836
0.794
0.809
0.805
0.806
0.904
0.826
0.875
0.851
0.833
0.853
0.871
0.898
0.884
0.886
0.856
0.955
0.902
0.857
0.828
0.878
0.924
0.914
0.933
0.938
0.928
0.914
0.923
0.944
0.939
0.869
0.885
0.865
0.875
0.894
0.902
0.861
0.904
0.891
0.881
0.920
0.886
0.899
0.916
0.921
0.924
0.884
0.913
0.946
0.959
0.945
0.934
0.907
0.895
0.910
0.924
0.946
0.901
0.850
0.882
0.896
0.903
0.883
0.881
0.875
0.824
0.812
0.793
0.777
0.819
0.808
0.769
0.757
0.727
0.654
0.650
0.631
0.668
0.644
0.652
0.606
0.558
0.513
0.427
0.441
0.481
0.462
0.459
0.386
0.359
0.410
0.458
0.365
0.358
0.321
0.349
0.327
0.383
0.367
0.314
0.349
0.403
0.377
0.379
0.342
0.359
0.385
0.361
0.329
0.375
0.434
0.409
0.390
0.366
0.397
0.378
0.365
0.408
0.382
0.348
0.376
0.343
0.387
0.364
0.364
0.356
0.352
0.426
0.504
0.516
0.521
0.521
0.465
0.438
0.324
0.288
0.286
0.266
0.367
0.417
0.432
0.404
0.341
0.340
0.398
0.255
0.226
0.285
0.380
0.407
0.365
0.320
0.345
0.386
0.426
0.448
0.330
0.420
0.431
0.468
0.499
0.426
0.351
0.365
0.402
0.484
0.520
0.582
0.684
0.635
0.546
0.509
0.644
0.444
0.278
0.454
0.417
0.367
0.408
0.392
0.294
0.363
0.585
0.574
0.348
0.433
0.427
0.346
0.401
0.379
0.436
0.423
0.388
0.408
0.441
0.460
0.360
0.293
0.243
0.305
0.273
0.399
0.441
0.413
0.430
0.127
0.186
0.194
0.202
0.238
0.393
0.297
0.289
0.360
0.376
0.279
0.253
0.263
0.260
0.357
0.312
0.237
0.198
0.232
0.211
0.165
0.158
0.236
0.298
0.346
0.304
0.240
0.264
0.198
0.153
0.102
0.118
0.148
0.173
0.233
0.190
0.181
0.153
0.168
0.196
0.184
0.176
0.051
0.071
0.082
0.071
0.077
0.105
0.157
0.189
0.152
0.161
0.170
0.165
0.126
0.133
0.161
0.196
0.167
0.163
0.157
0.126
0.189
0.218
0.206
0.242
0.267
0.310
0.213
0.203
0.237
0.243
0.411
0.397
0.263
0.182
0.208
0.204
0.189
0.195
0.176
0.162
0.134
0.127
0.098
0.104
0.214
0.307
0.308
0.346
0.379
0.261
0.222
0.212
0.277
0.324
0.259
0.208
0.201
0.236
0.226
0.212
0.182
0.178
0.209
0.202
0.222
0.231
0.201
0.261
0.209
0.194
0.235
0.257
0.322
0.332
0.336
0.354
0.299
0.296
0.342
0.329
0.345
0.360
0.487
0.432
0.401
0.488
0.536
0.510
0.453
0.371
0.391
0.429
0.397
0.402
0.426
0.423
0.445
0.432
0.459
0.443
0.390
0.427
0.407
0.429
0.354
0.529
0.767
0.697
0.657
0.696
0.751
0.846
0.900
0.824
0.929
0.861
0.769
0.783
0.771
0.760
0.799
0.787
0.669
0.663
0.720
0.740
0.765
0.761
0.702
0.779
0.800
0.804
0.884
0.907
0.906
0.888
0.777
0.760
0.744
0.774
0.840
0.847
0.812
0.854
0.852
0.875
0.944
0.927
0.925
0.908
0.861
0.808
0.866
0.887
0.913
0.926
0.898
0.939
0.873
0.869
0.872
0.831
0.826
0.864
0.867
0.857
0.866
0.875
0.865
0.911
0.949
0.950
0.891
0.860
0.853
0.913
0.883
0.911
0.825
0.813
0.846
0.847
0.811
0.771
0.785
0.808
0.828
0.838
0.784
0.710
0.590
0.532
0.533
0.509
0.445
0.435
0.407
0.544
0.536
0.548
0.503
0.473
0.495
0.495
0.412
0.443
0.404
0.377
0.362
0.378
0.395
0.365
0.377
0.402
0.375
0.393
0.447
0.334
0.276
0.315
0.302
0.317
0.325
0.327
0.350
0.373
0.348
0.345
0.348
0.384
0.370
0.386
0.397
0.356
0.350
0.343
0.356
0.318
0.348
0.332
0.275
0.291
0.315
0.329
0.379
0.390
0.383
0.368
0.327
0.344
0.298
0.307
0.354
0.369
0.364
0.322
0.356
0.322
0.329
0.333
0.291
0.304
0.338
0.351
0.398
0.444
0.331
0.386
0.446
0.531
0.490
0.468
0.422
0.342
0.298
0.238
0.285
0.307
0.291
0.321
0.354
0.409
0.392
0.509
0.390
0.426
0.436
0.457
0.388
0.363
0.339
0.312
0.280
0.257
0.262
0.294
0.385
0.426
0.490
0.370
0.490
0.412
0.451
0.527
0.419
0.327
0.273
0.319
0.305
0.270
0.282
0.236
0.263
0.273
0.205
0.293
0.303
0.315
0.333
0.376
0.401
0.490
0.377
0.325
0.276
0.279
0.303
0.344
0.423
0.447
0.340
0.414
0.383
0.452
0.406
0.340
0.336
0.337
0.314
0.339
0.436
0.356
0.282
0.252
0.212
0.195
0.207
0.155
0.133
0.142
0.158
0.165
0.159
0.168
0.193
0.215
0.155
0.164
0.203
0.223
0.247
0.376
0.220
0.161
0.164
0.137
0.166
0.231
0.256
0.138
0.198
0.186
0.256
0.351
0.278
0.222
0.160
0.146
0.216
0.197
0.148
0.114
0.129
0.151
0.251
0.270
0.214
0.164
0.168
0.165
0.138
0.151
0.200
0.271
0.232
0.245
0.281
0.263
0.269
0.239
0.255
0.225
0.156
0.178
0.192
0.219
0.112
0.055
0.112
0.216
0.186
0.189
0.178
0.146
0.146
0.210
0.234
0.250
0.197
0.167
0.141
0.149
0.187
0.188
0.146
0.165
0.144
0.173
0.226
0.268
0.314
0.336
0.332
0.299
0.253
0.210
0.223
0.243
0.284
0.282
0.290
0.333
0.409
0.517
0.522
0.570
0.663
0.593
0.652
0.540
0.510
0.349
0.463
0.615
0.739
0.554
0.542
0.532
0.544
0.517
0.524
0.551
0.658
0.623
0.598
0.627
0.579
0.594
0.544
0.518
0.536
0.651
0.684
0.862
0.781
0.810
0.765
0.848
0.783
0.829
0.820
0.922
0.824
0.858
0.845
0.866
0.844
0.821
0.837
0.806
0.720
0.805
0.793
0.845
0.820
0.915
0.890
0.890
0.909
0.829
0.919
0.874
0.848
0.895
0.909
0.916
0.878
0.914
0.906
0.905
0.918
0.933
0.917
0.874
0.883
0.873
0.849
0.843
0.939
0.907
0.881
0.860
0.876
0.895
0.835
0.836
0.854
0.818
0.850
0.845
0.862
0.831
0.816
0.788
0.775
0.806
0.794
0.696
0.637
0.612
0.615
0.626
0.593
0.588
0.604
0.568
0.590
0.500
0.435
0.910
0.888
0.896
0.913
0.948
0.899
0.810
0.917
0.936
0.911
0.877
0.874
0.876
0.844
0.825
0.782
0.792
0.827
0.826
0.799
0.740
0.730
0.778
0.708
0.547
0.494
0.515
0.475
0.408
0.393
0.386
0.410
0.439
0.541
0.674
0.543
0.477
0.475
0.479
0.459
0.484
0.506
0.474
0.454
0.530
0.501
0.509
0.560
0.621
0.492
0.505
0.533
0.518
0.519
0.447
0.370
0.372
0.385
0.416
0.465
0.382
0.458
0.406
0.408
0.403
0.417
0.377
0.402
0.416
0.401
0.396
0.443
0.375
0.301
0.436
0.462
0.378
0.417
0.381
0.377
0.429
0.508
0.451
0.426
0.470
0.447
0.469
0.502
0.547
0.467
0.411
0.480
0.385
0.444
0.582
0.641
0.597
0.571
0.596
0.618
0.524
0.476
0.646
0.582
0.757
0.566
0.356
0.388
0.466
0.547
0.505
0.563
0.466
0.487
0.473
0.524
0.484
0.618
0.593
0.439
0.631
0.750
0.920
0.854
0.785
0.750
0.707
0.630
0.509
0.481
0.415
0.402
0.469
0.437
0.444
0.448
0.417
0.445
0.418
0.418
0.441
0.339
0.318
0.479
0.377
0.414
0.503
0.357
0.418
0.341
0.321
0.266
0.309
0.460
0.385
0.567
0.505
0.496
0.543
0.277
0.439
0.384
0.304
0.351
0.312
0.332
0.269
0.276
0.291
0.317
0.330
0.291
0.177
0.160
0.233
0.227
0.176
0.189
0.293
0.136
0.117
0.151
0.295
0.280
0.240
0.246
0.222
0.224
0.206
0.221
0.295
0.278
0.181
0.246
0.247
0.141
0.149
0.160
0.242
0.146
0.116
0.096
0.100
0.128
0.154
0.173
0.162
0.160
0.184
0.232
0.273
0.243
0.253
0.166
0.170
0.191
0.160
0.173
0.152
0.120
0.140
0.134
0.111
0.162
0.214
0.210
0.278
0.208
0.180
0.133
0.125
0.189
0.279
0.304
0.322
0.338
0.298
0.398
0.344
0.263
0.177
0.141
0.150
0.169
0.205
0.199
0.168
0.142
0.125
0.137
0.189
0.223
0.249
0.263
0.189
0.151
0.169
0.192
0.169
0.178
0.188
0.212
0.228
0.336
0.428
0.397
0.483
0.473
0.452
0.494
0.503
0.513
0.434
0.443
0.499
0.480
0.415
0.409
0.389
0.349
0.363
0.379
0.430
0.430
0.473
0.514
0.458
0.367
0.311
0.329
0.372
0.394
0.483
0.482
0.569
0.749
0.682
0.626
0.663
0.653
0.718
0.789
0.673
0.623
0.687
0.856
0.910
0.935
0.894
0.855
0.865
0.839
0.788
0.831
