20000101
16.159
16.171
16.366
16.425
16.359
16.465
16.316
16.529
16.491
16.456
16.656
16.409
16.418
16.913
17.317
17.225
16.958
16.819
17.142
17.299
17.102
17.176
17.147
17.448
17.496
17.692
17.928
18.494
18.583
18.727
18.683
16.899
18.274
18.138
18.086
18.176
18.983
19.231
19.391
19.339
19.281
19.399
20.070
19.996
20.252
20.385
20.394
20.814
20.850
20.390
20.519
20.830
20.597
14.733
5.007
21.335
22.128
21.888
21.862
21.768
21.499
21.726
22.051
22.421
22.698
23.062
23.226
23.444
23.768
23.725
22.690
22.937
22.945
24.324
24.089
23.580
23.298
24.679
25.008
24.805
24.213
24.380
24.897
25.201
25.229
25.258
25.712
25.976
25.838
25.589
25.056
25.117
25.477
26.066
25.829
25.865
26.370
25.660
25.690
26.517
26.455
26.172
26.120
26.124
26.061
25.982
26.167
26.697
27.090
27.008
26.931
26.484
25.639
20.502
26.248
26.301
26.582
26.491
26.694
26.582
26.999
27.185
26.965
27.125
27.104
26.660
25.265
26.186
23.469
23.160
23.729
24.870
19.602
19.597
15.650
9.308
25.582
24.658
19.527
12.240
22.511
26.514
27.023
26.833
27.174
27.221
27.324
27.269
27.294
26.528
24.099
26.346
26.439
26.915
23.285
20.992
20.291
27.063
22.100
20.478
25.347
27.129
27.111
25.639
23.029
25.607
26.775
27.162
27.142
27.201
25.480
13.680
9.981
23.086
21.702
25.414
26.928
27.000
26.384
21.482
21.695
13.575
12.797
21.337
21.035
22.751
21.983
19.763
18.533
2.962
20.108
19.785
12.323
15.841
17.817
4.982
3.375
10.097
20.334
21.420
6.983
5.990
5.815
12.856
24.368
26.140
26.363
24.390
26.033
19.487
10.063
6.692
12.866
20.862
25.283
12.750
25.963
26.061
25.005
24.374
20.809
23.425
18.318
17.924
23.614
8.983
8.325
14.135
9.437
15.056
20.673
2.705
13.874
6.737
19.073
23.421
24.289
22.897
23.776
23.698
22.903
20.959
13.841
6.335
14.994
19.352
17.896
21.517
2.466
20.330
23.432
21.892
23.458
23.545
23.532
23.573
23.636
23.039
23.239
22.980
23.021
23.026
22.660
22.568
12.399
20.416
19.680
20.048
19.538
22.194
22.214
20.746
22.444
22.136
22.257
22.309
22.247
22.151
21.777
21.686
21.537
21.219
20.840
20.305
18.829
20.422
20.000
18.135
20.955
21.594
21.232
21.014
20.907
20.735
20.700
20.513
20.128
19.696
19.610
19.366
19.677
19.820
19.877
19.785
19.735
19.547
19.314
19.209
18.897
18.581
18.569
18.245
18.066
17.954
17.907
17.877
17.595
17.745
17.712
17.647
17.519
17.526
17.393
17.522
17.721
17.488
17.339
17.030
16.717
16.817
16.761
16.514
16.771
16.777
16.918
17.408
17.430
17.290
17.011
16.769
16.608
16.507
16.465
16.416
16.339
16.247
16.257
16.140
16.313
16.253
16.188
16.255
16.175
15.920
16.015
16.274
16.379
16.540
16.396
16.429
16.535
16.529
16.503
16.394
10.571
15.628
16.132
16.274
16.363
16.442
16.652
16.377
16.288
16.744
16.835
16.685
16.452
16.688
17.017
17.167
16.781
16.809
16.388
16.909
17.026
17.166
17.320
17.333
18.271
18.596
18.592
18.687
18.494
18.171
18.275
17.629
16.666
18.015
18.974
19.202
19.453
19.725
19.825
19.818
19.950
19.950
19.736
19.848
20.196
19.494
19.894
20.469
20.320
20.542
20.617
20.452
20.588
21.601
21.352
20.832
21.133
20.742
21.311
21.002
21.771
21.294
22.475
22.097
15.965
23.061
23.201
23.035
23.261
23.502
23.480
22.946
19.636
22.326
23.002
22.852
23.364
23.725
24.059
21.899
23.485
23.153
22.875
17.083
23.589
23.432
24.510
24.265
23.393
25.075
25.728
25.287
25.467
25.700
25.583
25.343
26.070
26.416
24.845
25.146
26.529
26.164
23.530
25.128
24.808
24.880
12.154
23.593
19.849
23.576
18.793
26.662
26.923
27.134
27.442
27.049
27.159
27.540
27.394
27.135
27.351
26.795
26.906
27.218
27.337
26.726
27.282
27.028
26.479
27.384
27.331
27.281
27.481
27.451
27.349
27.218
27.212
26.741
26.890
23.902
25.360
25.442
26.720
26.031
27.466
27.351
25.250
24.001
25.806
16.843
25.301
22.320
22.814
22.692
25.329
8.486
24.919
24.240
16.261
23.023
20.203
24.056
13.204
18.558
12.900
24.347
23.258
20.658
5.828
17.363
23.050
25.239
26.490
26.943
27.136
26.842
25.120
21.103
23.587
22.288
25.405
20.090
12.637
5.266
9.747
18.947
6.741
17.347
23.868
24.587
25.138
25.135
18.902
2.506
12.109
13.209
20.170
7.059
4.253
5.095
7.682
25.376
6.595
2.916
10.802
2.789
19.488
18.323
14.127
23.895
22.662
10.148
13.318
22.769
24.017
24.166
17.979
13.681
23.625
21.765
22.861
24.294
24.496
5.161
24.180
22.431
21.790
23.231
22.505
1.005
2.849
5.844
23.898
11.838
21.120
19.271
13.087
23.965
21.722
23.465
24.119
23.551
20.117
9.417
24.238
19.331
18.739
23.784
23.806
22.987
23.985
10.372
19.780
23.639
23.501
23.367
21.356
20.869
20.333
22.764
21.899
18.512
21.954
22.424
18.746
18.685
18.855
21.103
22.413
22.220
22.319
22.356
22.747
22.703
22.173
21.364
20.089
15.590
16.745
14.080
21.202
20.976
20.577
20.067
18.817
18.154
5.180
19.998
13.371
20.054
20.385
20.652
21.174
20.875
20.703
20.526
20.189
20.262
20.242
20.010
19.914
19.651
19.541
19.334
19.106
18.984
19.007
18.952
18.873
18.845
18.796
18.454
18.379
18.243
18.729
18.779
18.558
18.268
18.380
18.408
18.278
17.723
17.420
17.238
17.361
17.205
17.191
17.418
17.244
17.225
17.274
17.250
17.078
17.169
17.002
16.961
16.839
16.827
16.556
16.684
16.703
16.375
16.294
16.197
16.118
15.784
15.789
16.137
16.171
16.141
15.865
15.876
15.786
15.829
15.876
15.934
16.458
16.646
16.534
16.485
16.201
15.956
16.107
16.053
16.127
16.036
16.352
16.471
16.446
16.483
16.524
16.548
16.123
16.138
16.632
16.808
16.736
16.608
16.675
16.702
16.379
16.165
16.455
17.009
16.534
17.408
17.201
17.351
17.325
17.550
17.682
17.409
16.577
18.266
18.702
18.770
18.910
19.025
18.623
18.672
19.119
13.714
18.473
18.884
19.599
19.990
20.056
11.073
11.618
20.125
20.176
19.967
20.004
19.868
9.987
19.844
19.687
20.623
20.413
20.747
20.781
21.037
21.638
21.570
21.434
21.308
21.190
21.709
22.267
22.421
22.350
22.588
22.225
22.003
21.433
20.793
20.383
5.986
13.471
7.644
22.706
23.523
24.088
24.113
24.416
22.559
19.888
24.177
24.391
24.374
24.502
24.664
25.041
25.499
25.750
25.906
25.531
24.698
26.086
26.390
25.669
25.044
24.471
11.506
13.564
25.384
25.994
26.253
26.351
26.138
25.497
25.600
26.147
25.919
25.953
25.210
19.799
26.539
27.138
26.546
26.984
27.371
28.627
28.037
27.549
27.791
27.696
27.592
28.026
28.144
27.780
27.229
27.245
27.802
27.414
26.011
26.496
26.717
27.020
26.867
27.139
27.079
27.233
14.155
26.704
27.806
27.366
27.310
27.423
27.159
27.291
27.519
27.475
27.746
27.117
25.965
21.098
25.671
24.686
24.262
25.675
24.503
26.347
27.255
27.167
27.413
27.449
26.165
24.344
17.281
23.145
19.968
19.149
20.148
25.745
22.390
19.359
24.825
23.184
22.352
23.042
20.517
8.653
9.143
20.755
19.511
7.126
7.114
25.981
26.479
14.656
23.809
26.769
26.187
26.427
23.619
26.427
22.728
18.243
24.575
25.628
24.485
13.339
9.159
21.120
19.594
20.371
12.202
12.353
4.069
4.249
5.984
3.398
6.305
13.481
26.177
25.128
26.342
23.282
23.099
20.425
17.046
15.088
6.857
10.237
19.672
2.363
22.911
9.333
12.595
3.748
3.505
4.798
6.907
1.623
19.091
15.792
19.811
20.080
8.282
20.204
20.866
22.746
7.122
14.184
9.992
21.965
23.101
8.168
22.835
22.742
23.584
21.863
14.787
20.231
19.368
14.052
23.586
20.929
23.302
20.500
23.827
23.627
23.460
23.438
23.438
23.295
22.415
20.152
21.537
22.781
21.980
20.068
11.827
20.248
19.695
18.251
21.129
18.720
19.466
22.127
22.197
21.952
21.958
22.161
21.793
21.637
21.401
21.412
21.199
21.035
20.238
20.842
20.903
20.652
20.439
20.145
20.312
20.315
19.927
20.017
20.118
20.268
20.151
20.029
19.966
19.918
19.750
19.384
19.134
18.969
19.213
19.378
19.043
18.788
18.629
12.067
18.033
18.177
18.023
17.850
14.782
17.081
17.307
17.505
17.778
17.976
17.825
17.609
17.408
17.437
17.218
17.149
17.023
16.804
16.632
16.925
16.872
16.905
16.104
16.626
16.852
16.851
16.402
16.865
16.573
16.225
15.642
15.596
16.054
16.046
16.303
16.168
15.946
15.882
15.895
15.857
15.836
15.888
15.460
15.630
15.762
16.127
15.943
15.682
15.986
15.761
15.868
16.029
16.031
7.252
15.937
16.123
16.226
5.342
15.904
16.151
15.817
15.978
16.455
15.754
15.882
16.356
15.945
16.753
17.408
17.260
17.540
17.686
17.584
17.473
16.930
17.166
17.253
17.503
17.650
17.229
16.864
15.275
17.452
17.902
17.965
14.970
17.605
17.412
17.781
18.490
18.719
18.695
19.140
19.063
19.064
19.013
19.349
19.781
19.956
20.073
20.052
19.860
14.863
8.883
20.275
20.230
20.537
20.379
20.230
21.002
20.773
20.935
21.013
21.155
21.107
21.178
22.504
23.700
23.024
23.099
23.383
23.325
22.982
22.958
23.121
23.739
23.623
23.278
21.984
23.835
23.254
23.516
24.119
24.066
24.397
24.175
24.311
24.267
24.470
24.720
24.663
24.222
24.656
24.903
24.941
24.807
25.083
24.397
24.723
24.766
25.230
25.539
25.383
25.886
18.252
20.310
14.733
25.608
25.977
25.647
25.578
25.602
25.694
26.191
26.637
26.293
26.970
27.132
27.202
27.090
26.705
27.116
27.732
27.700
27.427
27.367
27.695
27.143
28.188
27.535
27.309
27.376
28.015
28.308
28.117
27.821
27.732
27.573
27.813
28.523
27.743
27.496
26.168
27.143
27.042
27.077
27.354
26.506
26.833
27.324
27.549
22.001
27.645
26.693
22.153
27.824
27.857
26.614
23.520
27.520
27.280
27.278
27.156
24.927
26.900
27.330
26.457
27.147
26.298
25.538
19.913
23.810
11.918
17.525
18.151
13.778
15.287
17.450
19.655
23.128
14.856
14.631
24.400
23.970
24.684
24.320
18.152
16.355
21.469
17.078
4.229
21.475
23.349
20.957
15.779
20.120
9.835
24.926
25.387
23.536
22.880
10.052
24.569
23.293
23.577
10.412
7.500
10.454
20.199
6.092
11.565
8.453
18.638
7.054
8.424
10.752
15.633
7.559
11.194
9.304
18.579
22.542
24.229
24.900
23.521
23.098
17.862
5.316
21.770
11.816
24.707
20.148
17.203
13.062
22.559
13.085
24.256
23.916
18.257
14.928
19.406
4.879
7.327
16.192
20.451
22.517
1.515
7.991
5.733
14.423
12.655
20.319
13.403
22.995
15.548
20.999
19.804
22.125
8.578
23.203
22.769
20.613
21.781
21.774
7.228
20.759
20.216
19.590
19.967
19.785
7.107
15.149
9.477
20.190
21.994
19.721
21.128
17.879
21.142
20.512
21.228
22.436
22.207
21.869
20.732
20.943
20.844
21.146
21.615
21.220
21.254
20.990
20.745
20.475
20.476
20.388
20.509
20.477
20.306
20.312
20.325
20.230
19.973
19.781
19.672
19.433
19.299
19.114
19.006
19.113
18.323
18.507
17.878
18.160
17.942
18.037
17.959
18.039
18.337
18.355
18.097
17.783
17.520
17.590
17.342
17.032
16.974
16.887
17.062
16.806
16.907
17.218
15.513
16.103
16.364
16.225
16.512
15.815
16.557
16.488
16.779
16.625
16.481
16.387
16.258
16.407
15.936
15.977
15.828
15.962
15.637
15.624
15.568
15.063
16.104
16.083
15.924
15.874
15.770
16.033
15.804
15.946
15.966
15.864
15.437
16.360
16.274
16.217
16.271
16.197
16.073
16.136
16.121
15.854
15.256
15.399
10.497
16.131
16.374
16.336
16.378
16.415
16.423
16.565
16.499
16.451
16.780
17.077
17.223
15.111
16.817
16.872
13.384
17.559
15.964
17.686
17.997
17.859
17.143
17.919
16.061
18.447
18.997
19.307
18.715
19.336
19.723
19.631
19.426
19.456
19.347
19.705
19.526
19.168
19.638
19.982
20.191
20.378
20.296
20.228
20.472
20.852
21.031
21.266
21.399
21.482
21.685
21.540
21.826
22.159
22.103
22.248
22.217
21.927
22.136
23.103
23.574
23.708
23.240
23.322
23.438
23.384
23.379
23.744
23.618
23.937
24.187
24.409
24.524
24.902
24.516
24.489
24.185
24.458
24.792
24.678
24.840
24.804
24.983
25.208
25.401
24.339
25.079
23.457
24.547
25.318
25.035
25.482
24.862
25.404
25.431
25.553
26.049
25.729
25.799
26.048
26.222
26.200
25.153
26.213
26.032
26.534
26.224
26.803
26.834
27.088
27.371
26.900
26.634
26.964
26.545
28.171
28.016
27.885
28.216
27.891
26.468
21.627
11.463
16.551
10.946
22.302
18.923
22.706
20.493
24.856
26.773
12.390
27.193
27.538
27.629
27.431
27.335
27.298
27.463
27.382
27.207
27.633
27.567
27.837
27.749
27.591
27.561
24.895
27.542
27.179
26.155
27.369
25.663
19.786
13.745
14.450
14.596
23.102
10.948
20.897
11.890
7.018
21.853
8.029
26.381
22.842
26.834
26.517
25.367
22.914
24.761
19.765
21.222
24.644
25.976
25.814
23.230
15.548
25.167
14.387
16.475
18.195
23.931
24.428
21.752
22.974
25.481
26.642
26.913
26.089
21.898
21.907
11.575
21.428
23.996
24.846
26.272
26.091
22.555
22.431
18.207
9.119
5.861
13.956
7.859
7.411
15.991
14.418
17.657
22.625
17.578
5.501
11.443
9.276
2.570
14.084
20.551
5.017
19.470
14.478
5.879
20.938
2.843
13.707
23.182
22.766
22.285
23.390
20.899
6.209
11.614
11.623
23.810
24.110
18.124
22.418
24.529
24.230
24.122
21.778
22.303
22.944
23.511
23.483
23.734
23.843
23.249
23.551
23.541
21.979
22.957
14.377
22.368
20.531
19.610
18.331
16.465
19.839
22.316
20.239
20.900
21.141
20.440
17.787
20.779
21.543
18.939
17.904
20.200
17.909
19.739
19.830
20.354
19.068
20.233
20.790
20.312
19.042
16.965
21.265
20.917
20.747
20.833
20.785
20.621
20.470
20.286
20.135
19.958
19.972
19.788
19.737
19.601
19.746
19.442
19.278
18.319
19.303
18.893
18.856
18.241
17.830
18.986
18.756
18.266
16.116
18.084
18.347
17.497
16.324
17.313
17.596
17.507
17.371
17.398
16.838
15.725
17.117
17.095
16.964
16.987
16.886
16.786
16.633
16.557
16.391
16.421
16.611
16.653
16.348
16.342
15.936
16.307
16.133
15.965
15.909
15.922
15.584
15.507
16.000
16.126
15.988
15.956
16.045
16.280
16.280
16.257
16.255
15.444
15.561
15.327
15.674
15.632
15.824
16.033
15.812
15.565
15.370
12.828
9.694
16.082
16.545
16.294
16.004
15.946
16.176
16.557
16.578
16.357
16.416
16.836
16.931
16.888
16.489
15.873
9.841
17.327
17.245
17.250
17.262
13.148
17.533
17.308
17.196
15.611
17.303
6.242
18.019
17.825
16.834
17.842
18.491
18.727
18.529
18.607
18.265
18.595
17.857
18.278
18.923
18.985
19.204
19.379
19.113
19.399
19.321
19.932
19.971
20.805
21.569
21.586
21.180
21.783
21.613
21.265
21.102
21.184
21.212
19.566
21.032
16.495
21.293
20.645
21.968
21.409
15.653
14.671
17.782
21.272
22.748
22.971
23.526
23.610
23.343
23.373
24.094
24.314
23.987
24.024
23.883
24.462
24.561
24.680
24.721
23.874
24.539
24.509
24.965
26.281
25.867
26.242
26.103
26.296
26.293
26.357
26.226
25.924
26.544
26.427
27.639
27.445
27.251
26.927
26.497
26.238
21.684
26.258
27.385
27.242
27.138
26.243
18.441
17.792
25.323
25.311
26.446
26.405
26.444
24.014
23.385
14.582
24.590
24.886
23.746
21.409
22.090
23.541
26.415
27.241
27.501
27.771
28.075
27.819
27.806
27.514
27.422
27.439
27.244
24.227
27.103
27.344
27.939
26.631
26.827
27.750
27.965
26.910
25.640
26.438
25.200
27.866
27.652
27.524
28.126
26.741
26.820
24.750
27.401
22.845
25.390
27.607
25.844
23.407
18.151
26.144
26.762
26.914
26.829
25.128
24.687
22.021
22.345
20.010
19.160
20.613
10.473
19.884
23.104
15.652
21.280
25.178
20.281
22.247
20.368
23.419
18.835
20.063
6.386
18.751
12.040
11.790
23.618
14.296
21.252
23.594
14.803
6.240
5.628
23.260
23.149
24.460
26.079
25.550
20.970
4.031
16.626
13.157
20.740
15.262
9.956
9.904
23.452
17.748
18.824
19.677
11.471
21.089
6.157
9.908
8.890
14.292
24.182
24.503
25.036
24.688
18.431
23.931
11.776
5.431
22.804
23.909
23.817
24.395
24.114
24.210
20.121
23.606
24.285
24.557
21.704
24.194
24.151
24.425
23.939
21.847
21.365
23.325
22.149
19.125
14.279
19.941
21.953
21.072
22.498
21.251
21.430
17.500
13.952
18.073
18.697
12.867
11.388
21.907
22.080
21.855
16.284
0.757
21.493
20.172
19.763
19.805
21.654
21.486
9.419
22.177
20.759
21.684
21.719
21.593
21.337
21.491
21.408
20.987
20.807
20.673
20.761
20.647
20.759
20.408
20.447
20.128
19.079
20.210
19.963
19.836
19.693
19.699
19.235
19.347
19.573
19.352
19.481
19.546
19.314
19.100
18.875
18.554
18.328
18.547
18.378
18.223
18.323
18.682
18.562
18.214
18.221
18.159
18.043
17.917
17.677
17.395
17.564
17.601
17.561
17.464
17.303
17.098
16.931
16.815
16.638
16.465
16.781
16.395
16.197
16.184
16.168
14.193
16.417
16.647
16.692
16.463
16.568
16.632
16.444
16.616
16.405
16.297
16.251
16.046
16.157
16.491
16.397
16.159
16.006
16.045
15.972
16.076
16.448
16.348
16.165
16.235
16.087
15.904
16.214
16.183
15.711
15.695
16.151
15.997
15.933
15.696
16.307
16.569
16.526
16.701
16.640
16.617
16.628
16.745
16.829
16.801
16.920
16.626
16.481
13.243
17.438
17.571
17.788
17.914
17.928
18.114
18.032
18.061
17.785
18.292
18.374
18.263
18.157
18.526
18.945
19.226
19.388
19.518
19.155
19.163
19.642
19.584
19.685
19.848
19.846
19.832
19.924
20.006
20.014
20.251
19.968
20.755
20.920
21.253
21.189
20.996
19.052
13.987
15.000
20.008
21.728
21.442
22.033
22.508
22.754
22.844
22.404
4.374
16.081
19.992
22.807
21.136
18.449
16.539
23.308
23.604
23.378
19.311
23.250
24.142
24.246
23.790
23.963
24.129
25.149
25.015
25.617
25.749
25.806
25.675
24.844
25.031
25.306
25.338
25.331
25.408
25.375
25.478
25.405
26.007
26.004
25.998
26.435
25.833
23.965
25.151
21.592
26.876
26.138
26.315
26.413
24.378
26.369
26.519
26.506
26.709
26.692
26.854
26.682
26.540
26.619
27.218
27.371
27.575
27.335
27.468
27.718
27.572
27.595
27.650
27.425
27.347
27.357
27.185
26.926
26.846
21.201
25.611
24.866
26.982
18.536
24.789
24.238
25.671
24.781
26.921
26.341
25.704
27.305
25.732
24.396
12.261
11.614
22.869
26.502
26.328
27.333
21.950
26.181
25.434
26.983
27.236
25.670
25.861
22.050
23.438
27.551
27.647
27.136
17.363
24.194
25.029
14.397
22.345
18.103
16.296
13.478
14.874
18.034
23.126
24.959
13.272
16.033
19.627
17.824
16.415
17.779
8.348
13.118
20.277
7.736
12.157
5.179
11.893
25.289
21.751
19.064
7.798
17.264
7.506
3.483
3.649
13.332
17.854
15.792
21.872
24.205
12.629
17.733
18.745
12.393
9.863
1.224
4.643
19.306
4.128
14.801
18.497
4.614
6.806
14.492
10.235
9.764
20.914
22.507
24.024
4.275
16.527
18.234
7.322
1.601
8.433
11.314
7.689
14.901
21.094
14.381
9.126
5.433
7.819
22.426
22.922
0.850
5.990
15.882
15.131
23.649
22.366
15.034
14.695
22.366
22.522
23.187
22.888
21.408
22.422
22.044
21.444
21.193
22.575
22.209
22.228
21.943
21.255
19.180
21.629
17.136
20.691
20.696
20.873
21.312
19.624
21.847
21.316
15.513
21.175
21.565
21.707
21.564
21.680
21.421
21.237
21.118
21.181
21.164
20.893
20.136
20.213
20.345
20.123
20.128
19.854
19.699
19.706
19.358
19.681
19.571
19.458
19.202
19.195
19.183
19.225
18.866
19.022
19.015
18.731
18.681
18.611
18.475
18.359
18.204
16.198
18.008
18.028
18.000
17.773
17.657
17.483
17.413
17.324
17.320
17.243
17.194
17.075
16.379
16.761
16.421
16.883
16.917
16.870
16.848
16.723
5.836
16.014
16.173
16.207
16.018
15.863
15.571
14.351
15.680
14.158
15.085
15.845
16.090
16.164
16.054
15.849
15.566
15.866
15.901
16.168
15.998
15.972
16.023
15.915
15.611
15.583
15.425
14.431
15.854
16.062
16.075
15.995
16.004
15.670
15.799
15.963
15.971
15.890
16.004
16.217
16.242
16.241
16.130
16.275
16.403
16.662
16.579
16.586
16.877
17.196
17.011
16.980
17.031
17.328
17.320
17.552
17.582
17.745
17.349
17.315
17.321
16.557
15.331
18.127
18.311
18.394
18.254
18.653
18.840
18.546
18.525
18.933
16.273
8.826
18.625
19.468
18.381
19.758
17.496
19.875
20.088
20.116
20.389
20.535
20.485
20.203
17.403
15.748
20.965
21.057
21.361
21.496
19.193
21.457
21.842
22.014
22.299
22.443
22.749
22.911
22.530
22.314
22.446
22.065
16.620
23.323
23.172
23.566
23.518
23.670
22.558
23.035
23.543
24.125
24.389
24.219
24.567
24.685
24.964
25.075
25.160
25.017
24.755
22.435
25.117
25.684
25.743
25.231
25.496
25.608
25.740
25.633
25.928
26.198
26.191
26.311
26.027
26.012
26.404
25.682
25.786
24.341
23.975
25.233
26.468
26.790
26.709
26.826
27.238
27.209
25.648
18.719
21.682
27.146
26.456
25.900
26.611
23.800
23.986
25.925
25.602
25.607
26.977
27.163
27.381
27.276
27.238
27.281
27.248
27.067
27.229
26.920
25.366
25.747
27.684
27.781
27.626
27.884
27.528
26.691
22.037
20.580
27.323
27.234
19.560
23.979
15.809
17.683
13.144
17.511
24.497
26.733
27.059
27.040
26.836
26.777
26.012
26.011
16.388
21.015
24.026
20.280
20.520
13.609
10.797
23.389
20.330
10.790
7.723
16.156
21.180
15.554
19.099
15.993
20.113
11.320
1.834
2.520
5.933
6.535
5.051
8.835
11.967
5.112
15.368
22.371
18.411
22.655
24.682
25.241
24.816
26.132
23.797
23.908
25.948
24.924
24.318
22.136
20.427
20.964
23.887
22.216
24.461
24.028
21.339
23.912
21.587
2.287
17.561
16.841
20.231
21.059
20.783
4.900
11.209
14.577
12.655
4.995
2.837
7.273
10.964
10.740
15.255
22.286
19.613
2.965
19.932
17.846
23.574
23.972
23.142
21.684
22.173
16.597
22.509
20.592
20.254
21.875
21.715
18.410
20.387
17.233
18.057
21.885
22.843
21.635
21.616
23.005
23.127
23.080
19.144
22.348
22.323
20.152
21.446
20.341
21.115
21.880
21.691
15.584
21.359
21.488
20.444
19.405
21.757
21.660
22.026
21.907
22.134
21.786
21.756
21.455
21.728
20.225
21.247
19.352
14.446
17.244
21.057
21.152
21.015
20.882
21.040
20.988
20.710
20.534
20.561
20.233
19.765
19.806
19.521
18.494
19.444
19.221
19.308
19.326
19.061
18.599
19.260
18.949
17.459
18.207
18.397
17.977
18.022
17.483
17.956
17.854
17.867
17.917
17.852
17.752
17.755
17.888
17.785
17.754
17.607
17.724
17.457
17.326
17.294
17.319
17.216
17.106
16.751
15.769
16.399
8.981
14.846
16.424
16.119
15.981
14.506
15.648
16.645
16.347
15.987
15.504
15.057
15.979
15.904
16.078
15.976
16.265
15.988
15.901
15.961
15.835
16.059
15.122
15.148
15.060
15.692
15.679
15.612
16.292
16.324
16.245
16.263
16.184
16.205
15.917
15.650
15.706
15.828
15.635
16.062
15.921
16.409
16.010
16.581
16.745
16.085
16.515
14.981
16.785
17.375
17.340
16.234
15.369
17.566
17.897
17.944
17.941
18.106
17.601
17.701
18.203
18.842
18.859
17.922
17.431
19.133
19.143
18.912
17.834
19.520
19.939
20.008
20.315
20.551
20.876
20.327
20.205
20.353
20.833
20.752
21.085
21.096
20.985
21.080
20.585
21.279
21.799
22.247
22.483
22.538
22.472
22.583
22.528
22.459
22.450
22.647
22.962
22.670
23.318
23.201
20.761
14.470
21.616
20.981
21.157
23.085
23.520
23.733
24.402
24.157
24.287
24.664
24.570
24.494
22.996
23.770
24.051
23.794
18.650
25.022
19.584
24.765
24.479
24.943
23.547
21.351
23.637
25.179
24.112
25.448
25.648
25.525
25.468
25.365
25.716
26.196
26.469
26.359
26.371
26.934
27.161
27.019
26.846
26.503
27.091
27.042
27.319
27.214
27.414
27.445
26.672
27.030
25.260
24.422
26.950
27.229
27.312
26.785
26.108
26.650
24.320
25.406
26.234
27.320
26.967
26.306
27.162
27.093
27.015
27.035
27.296
27.325
27.491
27.176
27.074
27.300
27.894
27.713
26.953
27.411
27.541
27.460
27.474
25.642
25.097
10.449
23.146
16.503
23.165
24.550
18.661
15.664
18.462
9.480
2.730
20.080
18.187
22.169
9.910
10.618
23.412
6.712
9.857
17.042
23.833
24.395
25.855
4.992
14.881
14.968
15.123
24.000
10.909
9.618
23.686
5.187
18.500
16.627
21.862
9.789
16.376
3.104
5.643
11.563
6.390
9.747
15.957
20.934
25.108
25.869
23.198
23.860
8.478
22.722
19.097
21.215
10.502
18.082
21.085
3.540
14.458
22.264
24.766
17.482
17.141
13.519
20.689
21.174
10.563
14.734
19.728
15.098
14.571
20.440
20.256
2.552
12.506
3.832
14.132
16.434
22.176
10.585
19.395
19.671
24.107
23.589
22.800
23.079
21.897
8.639
4.220
23.384
22.330
23.792
24.041
24.115
23.036
18.916
23.091
23.316
22.738
22.541
9.907
14.654
22.261
14.403
22.172
22.447
17.020
19.722
20.422
18.755
20.550
20.048
21.536
21.679
19.783
20.954
20.785
22.126
22.061
21.982
21.868
21.939
21.585
17.280
20.318
20.738
19.440
21.053
20.880
16.564
18.200
18.968
16.176
20.823
20.930
21.004
20.810
20.638
17.291
19.245
20.054
20.262
20.224
20.300
20.099
19.862
19.800
19.770
19.593
19.851
19.164
18.975
18.862
18.871
19.267
19.053
18.996
18.836
19.119
18.734
18.527
18.460
18.473
18.309
18.211
17.737
17.583
17.594
17.344
17.165
15.736
1.865
0.986
16.844
17.449
17.369
17.493
17.280
17.140
17.093
17.044
16.246
16.613
14.541
3.577
15.849
15.981
15.866
15.756
15.131
15.304
15.859
14.915
15.655
15.801
15.723
15.666
15.542
15.632
15.567
15.349
14.132
8.978
7.838
12.712
15.504
15.992
16.101
16.291
16.532
16.427
16.358
16.137
16.277
16.250
16.208
16.215
16.080
16.071
15.506
16.087
7.912
10.669
7.963
15.367
15.787
14.025
9.928
7.446
8.434
16.340
15.315
16.511
15.629
15.742
13.229
17.200
17.387
15.442
17.479
17.557
17.949
18.129
17.411
18.478
18.568
18.539
18.696
19.035
18.808
18.835
19.004
19.263
19.157
19.526
19.186
19.769
19.452
19.538
19.598
19.910
20.201
20.196
20.227
20.431
20.239
20.312
20.378
20.874
20.982
21.020
21.074
21.145
21.404
21.434
21.937
22.178
21.990
22.414
22.679
23.052
22.888
22.458
23.109
23.282
23.271
23.338
22.442
23.737
23.801
23.674
23.769
23.619
22.188
23.169
20.459
23.220
23.854
24.386
24.649
17.850
24.067
20.374
22.939
24.663
23.771
24.644
24.155
24.519
21.509
22.687
24.771
25.767
25.751
26.048
26.504
26.669
26.906
26.675
20.500
21.570
26.799
27.227
27.192
27.006
27.120
27.025
27.890
27.049
23.614
27.677
27.852
27.690
27.518
27.274
27.062
27.103
27.378
27.077
27.170
27.119
27.158
27.400
27.774
27.229
26.443
24.135
26.464
25.397
24.907
26.952
25.134
25.952
26.784
26.804
27.220
24.702
26.361
25.048
26.641
27.652
27.746
27.177
27.189
27.140
23.505
26.767
26.989
27.018
25.553
27.287
27.516
27.734
27.445
27.559
27.150
26.688
25.611
26.698
26.917
26.986
27.099
26.680
26.978
25.579
25.748
27.092
12.943
22.012
17.873
25.902
21.828
13.057
5.471
21.594
21.982
21.616
5.343
18.762
19.296
17.085
20.306
23.655
21.577
8.392
15.713
19.316
20.958
23.996
2.374
24.058
22.940
20.068
16.423
10.329
22.279
7.666
9.920
13.810
3.843
3.377
4.669
6.911
4.799
4.920
18.278
10.850
13.553
7.438
25.717
25.431
16.005
11.316
14.180
9.775
24.342
22.539
21.318
13.487
2.442
14.453
20.935
16.702
21.333
22.827
24.490
24.791
23.898
24.801
24.725
19.180
16.046
7.573
13.379
7.938
12.262
12.498
20.537
17.470
20.920
22.634
22.567
21.617
23.396
21.053
23.899
17.948
19.331
21.941
22.183
23.643
23.599
23.596
23.255
23.342
22.923
22.241
23.071
22.778
22.685
22.572
22.599
22.307
22.243
21.808
21.668
21.809
21.230
21.893
21.025
20.592
19.591
17.664
19.297
20.006
21.252
21.103
20.921
20.744
16.775
20.448
18.018
20.718
20.359
20.401
20.187
20.379
20.368
20.263
20.204
20.468
20.536
20.131
19.745
19.508
19.358
18.867
19.179
19.236
19.268
19.101
18.846
18.670
18.594
18.453
18.073
17.344
17.484
15.856
6.299
2.090
13.072
16.752
15.966
15.219
15.981
16.991
16.981
16.989
17.155
17.480
17.197
16.507
17.053
16.767
16.664
16.212
16.466
16.366
16.587
16.498
16.306
16.079
16.072
16.130
16.066
15.802
15.904
15.098
16.100
15.642
14.096
15.197
15.442
15.448
15.101
15.803
15.603
12.971
13.216
15.582
13.232
15.622
16.014
16.092
16.010
15.696
2.593
15.701
15.996
16.191
15.552
12.178
16.081
16.824
16.699
16.744
16.445
16.509
16.336
15.770
14.615
16.855
16.829
16.948
17.016
17.042
17.255
17.409
17.573
17.479
17.607
17.688
17.741
17.825
17.761
17.772
17.554
17.905
18.222
18.571
18.273
18.251
18.123
15.871
18.310
18.316
18.513
17.177
18.880
19.602
16.616
19.355
19.298
19.813
20.062
20.481
20.407
20.965
21.116
20.894
19.940
12.327
21.015
21.114
21.341
21.439
21.717
21.956
21.908
21.591
20.131
21.351
19.654
20.051
20.646
22.516
22.826
22.815
22.299
23.362
23.509
23.463
23.320
23.376
23.439
23.517
23.762
24.133
24.423
24.345
24.417
24.437
24.359
24.429
24.721
25.155
25.044
25.108
24.873
24.714
24.835
25.754
25.604
25.669
25.658
26.054
19.896
19.767
26.059
26.195
26.006
26.231
26.358
26.478
26.199
26.317
26.586
26.146
25.990
26.113
26.503
26.880
26.898
26.556
26.806
26.609
26.925
26.806
26.882
26.529
26.832
26.473
26.745
26.774
26.886
26.979
26.969
27.144
27.502
27.300
27.178
27.480
27.321
27.518
27.523
27.437
27.766
27.474
27.582
28.129
27.905
27.738
27.661
27.449
27.081
27.119
27.066
27.394
27.598
27.527
27.605
22.146
14.331
26.503
25.578
24.806
14.511
24.488
27.278
26.256
26.941
27.625
27.010
23.255
11.185
20.112
25.276
24.720
27.175
26.482
23.500
26.878
25.634
23.499
26.724
22.127
16.895
20.480
18.094
25.440
23.373
21.325
12.284
11.248
9.937
22.458
23.373
25.030
24.080
24.045
17.953
15.632
19.232
24.449
20.402
15.570
22.473
23.316
15.135
21.527
19.788
22.621
16.370
6.097
10.170
22.839
8.536
23.713
23.861
15.796
17.709
5.404
15.586
19.690
14.843
9.218
20.284
23.117
14.179
10.312
20.326
24.015
23.934
24.172
18.859
23.465
21.206
23.278
23.050
19.588
14.806
19.063
21.675
23.005
17.927
23.142
22.965
23.742
23.089
22.388
21.229
19.228
15.354
19.595
20.941
18.251
16.682
15.343
6.803
22.111
21.151
11.920
12.941
10.337
19.140
20.395
22.272
22.649
22.938
23.129
22.821
22.731
22.638
22.569
22.269
22.425
20.205
22.120
21.756
22.223
21.791
21.873
22.090
21.692
21.613
21.524
21.435
21.610
21.353
21.469
21.631
21.079
20.384
12.425
18.236
20.568
20.569
20.289
17.709
19.161
17.830
18.733
19.468
19.497
19.438
19.417
19.107
19.033
19.067
19.325
18.948
18.286
18.747
18.927
18.857
19.087
18.692
18.690
18.714
18.359
16.065
16.285
15.866
13.335
13.883
15.587
16.538
13.509
15.314
16.262
16.400
15.777
16.869
9.445
0.983
2.052
3.606
9.546
14.990
12.476
16.013
15.808
16.046
16.016
16.134
16.346
16.077
15.894
16.130
16.644
16.258
15.973
16.087
16.428
16.379
16.294
16.191
16.411
16.340
16.313
16.293
16.306
16.389
16.530
16.378
16.136
16.138
16.241
16.010
15.632
6.083
11.453
9.949
16.604
16.331
16.511
16.598
16.226
16.559
16.744
16.674
16.632
16.631
16.936
16.733
16.530
16.378
16.365
16.743
17.323
17.108
16.720
16.967
17.242
17.089
17.135
16.857
16.961
17.291
18.086
17.648
17.504
17.646
17.708
18.149
18.075
18.247
18.604
18.798
18.681
18.727
18.497
18.353
18.960
19.122
19.044
19.146
19.295
19.386
18.040
19.815
19.770
20.084
20.322
20.141
20.741
20.087
20.813
20.871
21.058
21.073
21.453
21.149
20.917
20.838
20.754
21.385
21.709
21.939
22.144
22.286
22.766
23.104
23.549
23.365
23.314
23.446
23.350
23.963
23.504
23.917
24.228
23.736
24.059
24.206
24.022
24.556
24.201
24.725
24.851
25.144
24.894
24.925
25.150
25.120
24.979
25.669
25.346
25.573
25.201
24.533
25.589
25.356
25.186
21.500
24.560
24.656
23.665
25.368
25.653
25.355
25.709
26.518
26.707
25.418
26.850
26.950
27.316
27.046
27.354
27.069
26.926
24.472
22.664
24.273
26.721
26.681
26.677
26.473
27.460
26.947
26.835
27.185
27.286
27.132
26.780
26.971
27.334
27.362
26.537
24.222
26.583
27.175
26.845
25.564
25.247
26.646
26.924
27.166
26.896
26.204
26.956
27.318
27.371
27.206
26.999
24.975
23.791
23.867
27.009
25.601
26.700
26.417
26.133
26.648
26.772
25.338
26.264
24.250
25.121
26.338
22.074
24.064
24.603
20.601
21.022
18.619
15.664
1.224
23.372
23.801
7.570
9.938
9.760
25.891
19.769
26.155
25.476
25.014
19.898
5.663
23.599
20.612
10.644
17.385
23.611
25.838
19.185
10.398
3.206
9.752
9.559
19.449
16.028
10.976
15.316
16.886
1.812
15.826
9.900
23.527
20.545
19.840
14.810
10.693
21.604
14.722
18.943
1.459
13.861
21.857
20.904
13.234
8.894
13.654
4.015
10.255
7.883
18.421
8.460
4.031
9.743
23.035
20.327
23.198
14.143
23.788
23.998
23.167
14.750
18.042
22.863
9.741
23.348
20.125
21.434
21.445
17.786
23.020
20.578
6.376
4.891
12.045
14.514
12.266
12.725
15.933
8.968
16.172
18.243
22.288
22.010
20.987
16.139
12.647
21.722
19.899
21.768
22.091
21.625
17.774
21.180
20.571
21.730
21.712
21.570
21.709
21.604
21.745
21.715
21.569
21.336
21.086
21.072
20.874
21.030
20.794
20.631
19.880
10.740
20.106
20.221
20.121
19.997
20.108
20.429
20.125
19.855
20.192
19.987
19.613
19.509
19.605
19.383
19.343
19.213
19.327
19.129
18.877
18.918
18.088
11.084
18.099
18.058
18.104
17.721
18.002
17.930
17.818
17.421
17.443
17.537
17.544
17.406
17.369
17.357
17.391
17.396
17.140
17.190
16.978
16.587
16.566
16.474
15.175
15.624
15.532
16.127
16.368
16.105
15.725
15.844
15.915
16.315
16.137
16.056
15.910
16.259
16.853
16.687
16.265
16.207
16.193
16.286
16.157
16.096
16.000
15.997
15.865
15.648
15.754
16.037
16.179
16.137
16.092
15.990
16.205
15.965
10.595
15.599
15.917
15.863
15.863
15.576
11.723
16.305
16.423
16.402
16.618
16.529
16.714
17.116
16.778
16.637
16.081
16.809
17.148
17.077
17.313
17.503
17.094
17.097
17.272
17.263
17.403
17.537
17.814
17.982
18.001
18.408
18.662
18.637
18.413
18.169
12.119
18.289
18.790
20.226
19.706
19.689
19.505
19.317
19.108
19.589
19.583
19.487
20.012
19.931
20.266
20.499
20.632
20.679
20.982
21.390
21.506
21.470
21.528
21.957
22.489
21.939
21.881
21.805
21.911
22.234
22.348
22.958
23.606
23.799
23.836
23.518
23.736
23.796
23.491
23.550
23.623
24.116
23.780
24.280
24.446
25.255
25.251
25.403
25.514
25.320
25.435
24.686
24.437
24.739
24.710
24.799
24.599
24.550
24.723
24.459
24.325
23.890
24.940
25.269
25.725
25.405
24.218
25.446
25.445
24.604
25.552
25.764
25.088
24.171
19.787
6.392
25.932
26.378
26.804
26.271
26.426
26.694
26.661
26.658
27.156
27.264
27.551
27.105
25.916
26.927
26.592
26.033
24.688
25.426
25.045
11.564
26.611
26.850
26.610
26.631
27.232
27.343
27.161
27.266
27.172
27.550
27.324
26.908
27.725
27.210
27.507
27.749
26.796
27.342
27.670
27.174
27.351
26.956
27.122
25.223
25.222
27.190
24.597
20.614
24.990
23.583
25.406
22.882
18.471
17.856
23.870
20.652
22.754
25.686
24.109
24.417
25.026
26.313
26.022
25.153
24.686
24.364
25.711
26.487
25.333
25.622
26.093
23.809
19.646
20.804
16.495
2.415
10.082
24.381
21.090
11.994
3.214
10.832
24.021
9.998
5.734
18.251
23.479
25.088
23.754
6.271
15.126
24.346
23.466
12.813
6.439
14.520
13.547
23.405
6.748
4.710
19.259
2.673
7.094
1.996
13.478
22.451
22.631
25.084
15.783
18.059
19.050
23.933
14.589
8.341
17.113
3.011
9.187
8.017
4.953
18.989
23.908
14.172
6.962
17.024
12.814
13.906
9.016
23.287
22.354
19.833
22.028
23.527
23.307
23.267
23.306
21.766
22.327
22.423
17.607
1.156
12.535
21.866
22.550
14.062
3.619
15.992
6.377
19.822
21.232
21.942
20.813
21.821
21.455
21.215
20.181
21.615
21.572
20.949
22.241
21.970
21.992
21.643
21.382
21.361
18.961
21.306
18.080
21.478
21.127
20.928
20.890
20.832
21.086
21.076
20.912
20.798
20.599
19.307
20.344
20.333
20.266
19.932
19.814
19.693
19.532
19.479
19.628
19.580
19.541
19.568
19.558
19.494
19.337
18.908
18.456
18.429
19.214
19.021
18.797
18.859
18.491
18.236
18.051
18.021
17.714
17.746
17.403
17.351
17.571
17.819
17.546
17.591
17.168
17.090
17.061
16.973
16.900
16.780
16.686
16.607
16.614
16.568
16.438
16.420
16.446
16.054
15.907
16.121
15.817
16.005
15.833
15.754
16.102
15.809
15.891
16.074
15.806
15.566
15.393
15.591
15.572
15.606
15.688
16.397
16.253
16.042
16.100
16.184
16.269
16.220
16.158
16.212
15.838
15.677
15.978
15.949
16.429
16.486
16.462
16.593
16.646
16.771
16.909
16.626
16.623
16.512
16.516
16.119
16.409
16.218
15.482
16.668
17.283
17.413
17.711
17.678
17.605
17.394
17.857
17.821
18.054
18.281
16.982
18.223
15.515
16.313
17.808
17.722
17.822
12.858
18.228
19.026
19.287
19.783
19.604
18.959
18.926
18.984
19.173
19.227
13.618
19.980
20.179
20.156
20.091
20.382
20.266
20.409
20.518
21.294
21.339
21.293
21.703
22.363
22.546
22.734
22.914
22.935
22.730
22.636
22.897
22.849
22.849
22.901
23.055
23.462
23.261
23.310
23.164
20.156
23.259
23.719
23.625
22.847
24.507
19.420
24.136
23.976
24.613
23.698
18.423
23.464
24.645
24.814
23.709
24.961
25.131
25.328
24.525
25.599
25.818
25.771
25.144
25.310
24.999
25.750
26.329
26.284
25.999
26.121
26.147
26.141
23.375
25.375
23.744
24.789
24.307
21.927
23.549
25.647
26.209
26.922
26.382
26.554
26.665
26.983
27.429
27.088
26.662
27.151
26.723
27.050
27.388
27.855
25.586
27.390
25.247
26.740
27.333
27.081
26.200
27.099
27.287
27.740
27.136
27.409
27.727
27.199
27.093
27.105
27.097
26.277
25.268
27.176
26.820
26.448
27.062
22.368
25.140
21.715
25.241
21.982
25.783
20.964
18.420
14.532
22.248
15.033
24.501
15.022
23.617
20.351
20.707
7.860
22.499
26.458
21.581
25.118
25.895
19.787
22.586
4.517
24.207
24.504
18.989
22.974
24.765
22.425
7.320
5.908
17.116
19.666
10.905
22.181
17.123
21.223
4.236
8.524
5.263
11.950
3.104
18.756
18.075
8.493
9.702
16.308
14.532
6.119
13.320
25.267
18.835
19.457
19.027
4.011
4.402
11.817
18.022
15.122
24.445
6.432
19.732
23.105
18.132
13.160
11.030
16.852
8.192
16.710
14.690
16.857
12.458
14.993
20.398
22.842
23.646
22.765
11.571
1.539
1.755
17.597
20.079
18.908
11.069
22.695
21.110
17.560
22.899
23.313
23.212
23.484
21.878
23.481
23.910
23.585
21.861
22.719
23.555
23.574
23.241
22.346
22.688
22.673
22.779
21.604
22.576
22.501
23.012
22.676
2.874
18.353
18.793
16.281
2.215
17.246
20.899
17.201
7.559
17.689
20.716
19.490
7.638
19.932
13.933
19.651
20.241
19.988
18.528
19.926
20.127
20.183
19.803
19.827
20.014
20.353
20.172
19.844
19.648
20.045
20.258
20.136
19.842
19.551
18.988
19.365
19.243
19.291
19.052
19.030
19.008
18.813
18.430
18.292
18.264
18.184
17.905
16.672
15.697
17.661
17.950
17.777
17.549
17.314
17.272
17.923
17.821
17.737
17.659
17.754
17.435
17.111
17.055
17.003
16.915
16.700
16.885
16.547
16.205
16.364
16.394
16.667
16.070
16.482
16.272
16.206
16.360
16.396
16.428
16.475
16.362
16.206
16.201
16.207
16.293
16.532
16.412
16.185
15.833
15.848
16.228
16.169
15.834
15.675
14.934
15.284
14.804
12.380
15.899
15.642
8.010
15.637
14.464
14.149
5.756
14.723
16.354
16.369
16.092
15.827
16.191
16.385
16.284
16.738
16.239
15.988
16.981
16.889
16.521
17.187
17.171
14.998
1.327
9.731
16.574
16.822
17.215
17.431
17.834
17.835
18.036
18.206
18.205
17.966
17.815
18.007
18.251
18.089
18.401
18.477
19.260
19.588
19.318
19.315
19.629
18.895
18.973
13.545
20.020
20.390
20.753
20.667
20.031
3.555
20.562
20.781
19.320
19.428
18.993
20.972
21.388
21.670
21.872
21.463
21.920
21.599
21.709
21.886
22.270
22.083
21.127
22.524
22.866
22.826
23.044
23.098
23.392
23.196
24.094
24.561
24.663
24.526
23.541
23.567
23.894
24.220
24.044
23.546
24.436
24.512
24.667
24.464
25.069
24.814
24.804
25.403
25.693
25.454
24.887
25.736
26.286
26.492
26.251
26.126
25.859
25.586
25.713
25.684
25.656
25.558
24.305
25.299
26.249
26.134
26.563
26.377
26.606
26.229
26.469
26.667
26.702
26.916
27.089
27.038
25.405
26.707
22.092
26.617
26.683
27.290
27.578
26.411
23.983
26.030
26.537
26.671
24.581
14.352
25.990
27.057
26.772
27.205
27.565
27.590
27.490
27.527
27.275
26.412
27.365
27.425
27.325
27.394
27.042
26.778
27.310
26.492
26.484
24.729
26.070
26.798
27.061
27.447
27.148
25.089
25.032
26.530
19.450
24.278
26.795
22.890
23.354
24.504
26.346
25.621
25.286
22.642
26.203
24.071
26.128
26.747
25.520
26.512
26.569
25.882
24.170
21.423
23.399
25.115
24.581
26.358
26.670
22.786
22.954
22.239
22.268
10.044
18.486
22.086
16.718
22.691
22.308
4.301
22.377
24.133
15.354
2.848
2.614
0.961
10.995
21.144
21.807
4.056
24.957
7.520
