20000101
16.066
16.070
16.283
16.349
16.272
16.370
16.244
16.458
16.427
16.307
16.567
16.374
16.365
16.854
17.287
17.210
16.943
16.739
17.066
17.239
16.959
17.063
17.042
17.394
17.411
17.594
17.853
18.400
18.514
18.670
18.618
17.376
18.164
18.061
17.979
18.460
18.902
19.135
19.266
19.222
19.136
19.393
20.019
19.969
20.193
20.314
20.318
20.719
20.761
20.331
19.648
20.798
20.639
13.313
5.455
21.325
22.051
21.766
21.786
21.654
21.444
21.633
21.943
22.286
22.585
22.993
23.136
23.339
23.680
23.606
22.615
22.874
22.876
24.137
23.905
23.502
23.173
24.534
24.904
24.749
24.075
24.249
24.801
25.119
25.127
25.150
25.531
25.927
25.751
25.391
24.962
25.073
25.410
25.968
25.730
25.763
26.230
25.531
25.560
26.394
26.322
25.954
26.021
26.081
25.991
25.876
25.892
26.647
26.938
27.011
26.862
26.391
25.849
21.278
26.137
26.247
26.546
26.428
26.644
26.526
26.846
27.069
26.781
27.046
26.992
26.818
21.985
25.798
23.146
23.154
23.206
24.390
20.099
20.412
20.923
14.011
25.155
24.457
19.638
12.342
23.325
26.467
26.974
26.794
27.102
27.136
27.248
27.202
27.121
26.477
23.358
25.185
26.683
27.006
18.904
22.378
19.367
26.734
22.250
24.041
24.656
27.066
27.065
25.969
23.602
25.615
26.438
27.079
27.118
27.154
26.035
18.506
15.201
22.532
23.850
24.724
26.843
26.898
26.701
22.218
22.603
16.517
16.282
21.479
23.050
22.365
24.006
22.050
21.023
2.555
19.989
19.465
13.447
13.932
13.454
6.651
3.723
11.755
18.799
23.073
9.222
8.306
6.886
13.285
24.265
26.241
26.328
24.889
26.114
24.082
7.428
11.024
19.650
21.658
25.464
11.743
25.946
26.003
25.788
25.846
21.356
24.394
17.232
16.797
23.228
10.863
6.291
19.273
10.782
15.122
21.476
3.869
15.509
6.324
18.793
23.882
24.211
21.545
24.118
23.285
23.465
21.449
15.469
5.724
16.237
20.865
19.018
20.163
2.192
22.015
23.452
22.013
23.529
23.458
23.505
23.548
23.526
22.829
23.183
22.858
22.978
22.973
22.590
22.614
19.775
22.017
17.437
18.066
17.020
21.519
21.869
21.002
22.306
22.013
22.229
22.261
22.191
22.100
21.721
21.601
21.451
20.546
20.863
19.894
18.329
20.214
19.597
18.366
20.790
21.552
21.178
20.938
20.798
20.653
20.610
20.429
19.993
19.572
19.490
19.260
19.524
19.684
19.737
19.677
19.640
19.487
19.254
19.148
18.810
18.475
18.439
18.143
17.959
17.881
17.845
17.792
17.458
17.720
17.667
17.602
17.392
17.378
17.317
17.438
17.642
17.396
17.266
16.995
16.613
16.710
16.676
16.409
16.711
16.713
16.834
17.345
17.373
17.200
16.935
16.688
16.522
16.429
16.392
16.341
16.263
16.164
16.181
16.067
16.233
16.172
16.117
16.173
16.087
15.836
15.937
16.207
16.277
16.458
16.332
16.349
16.457
16.432
16.417
16.314
8.367
15.657
16.078
16.193
16.290
16.360
16.557
16.272
16.270
16.656
16.744
16.606
16.405
16.606
16.964
17.096
16.776
16.818
16.497
16.879
16.959
17.074
17.271
17.261
18.191
18.515
18.517
18.605
18.405
18.073
18.178
16.983
17.206
18.030
18.963
19.197
19.408
19.659
19.697
19.721
19.840
19.845
19.665
19.752
20.141
19.492
19.880
20.328
20.260
20.450
20.537
20.391
20.504
21.518
21.243
20.760
21.031
20.518
21.243
21.068
21.717
21.309
22.399
22.108
16.474
22.979
23.090
22.959
23.187
23.452
23.422
22.848
16.744
19.324
22.937
22.708
23.282
23.673
24.004
19.879
23.373
22.970
22.900
14.288
22.669
23.119
24.398
24.221
23.828
24.985
25.651
25.178
25.345
25.609
25.527
25.184
26.010
26.309
24.956
25.046
26.405
26.147
23.567
24.682
20.622
23.730
13.687
23.572
17.596
21.728
18.262
26.489
26.769
27.036
27.335
26.815
27.138
27.413
27.322
27.048
27.261
26.658
26.991
27.146
27.280
26.283
27.183
26.928
26.533
27.281
27.196
27.170
27.377
27.382
27.297
27.194
27.115
26.646
26.775
23.723
24.941
25.142
26.664
24.535
27.319
27.294
24.698
25.444
25.222
21.578
25.314
22.986
25.393
22.217
25.902
8.984
25.692
24.929
17.609
23.171
20.704
24.280
14.558
20.914
17.244
23.772
22.887
20.579
10.178
18.669
23.125
24.440
26.458
26.885
27.052
26.727
24.918
20.704
23.192
23.847
25.480
19.978
15.049
6.676
13.140
20.746
2.358
17.510
24.688
25.103
23.401
25.322
18.830
3.098
12.555
13.467
20.779
7.727
5.224
4.963
8.113
25.194
4.446
4.263
12.006
3.576
20.425
18.988
14.933
22.942
22.653
10.986
15.353
23.038
24.595
24.557
19.611
14.434
24.015
22.375
22.531
23.961
24.114
8.666
24.451
22.578
23.040
23.642
23.309
0.893
2.900
3.728
24.343
17.727
21.902
18.368
11.464
23.980
21.820
24.195
24.577
23.681
21.213
10.495
24.233
23.591
23.484
24.080
23.652
23.678
23.907
10.590
21.887
23.523
23.467
23.353
22.106
22.014
20.720
22.728
20.800
15.955
21.518
22.546
12.412
19.095
16.080
18.828
21.048
21.799
22.172
22.299
22.587
22.497
22.184
21.472
17.147
13.283
14.146
12.890
21.274
20.866
20.555
19.707
19.547
18.233
3.628
19.836
13.566
20.190
20.288
20.609
21.047
20.739
20.574
20.429
20.119
20.198
20.144
19.906
19.804
19.558
19.454
19.258
19.013
18.854
18.906
18.875
18.798
18.748
18.693
18.353
18.315
18.190
18.632
18.689
18.500
18.194
18.299
18.338
18.219
17.643
17.335
17.106
17.255
17.091
17.026
17.308
17.139
17.137
17.188
17.155
16.993
17.084
16.903
16.871
16.787
16.749
16.492
16.617
16.657
16.309
16.214
16.120
16.043
15.701
15.694
16.049
16.109
16.088
15.813
15.799
15.715
15.755
15.801
15.882
16.402
16.613
16.500
16.420
16.087
15.893
16.026
16.060
16.073
15.956
16.272
16.381
16.354
16.437
16.473
16.477
16.095
16.055
16.550
16.749
16.633
16.489
16.572
16.609
16.228
15.967
16.466
16.958
16.351
17.326
17.206
17.297
17.295
17.494
17.589
17.293
16.297
18.166
18.646
18.690
18.853
18.963
18.555
18.617
19.024
16.736
18.452
18.609
19.573
19.900
20.023
9.344
14.065
20.090
20.137
19.911
19.961
19.795
10.934
19.602
19.892
20.554
20.330
20.694
20.657
20.998
21.529
21.496
21.354
21.213
21.108
21.581
22.215
22.329
22.248
22.489
22.077
21.887
21.187
20.673
20.325
6.371
14.583
8.433
22.595
23.369
24.022
24.022
24.210
22.580
19.952
24.116
24.322
24.336
24.369
24.455
24.994
25.451
25.712
25.819
25.410
24.640
26.045
26.201
25.528
24.962
22.819
13.466
10.433
25.332
25.862
26.122
26.257
26.084
25.602
25.484
26.112
25.856
25.712
25.025
20.728
26.476
27.041
26.257
27.008
27.320
28.504
27.907
27.477
27.734
27.642
27.586
27.966
28.135
27.698
27.070
27.853
27.782
27.279
24.796
26.391
26.624
26.956
26.803
27.083
27.001
27.175
20.367
26.851
27.729
27.283
27.242
27.383
27.042
27.138
27.402
27.376
27.646
27.050
25.641
20.008
25.701
23.859
24.093
25.797
24.714
26.408
27.198
27.097
27.333
27.453
26.007
23.852
19.061
22.629
22.411
19.744
22.165
26.087
22.031
20.701
24.646
24.818
22.941
24.190
20.828
9.176
9.011
21.182
19.312
8.337
7.672
25.887
26.431
21.412
22.674
26.724
25.489
26.179
24.296
26.573
17.803
18.000
24.569
25.468
24.912
12.144
9.122
21.597
21.138
22.872
14.116
11.875
3.926
4.183
6.383
3.242
7.121
15.020
26.160
25.750
26.305
24.591
21.907
20.275
16.180
13.657
6.722
10.070
20.531
3.513
23.010
12.024
14.876
3.801
3.307
5.127
6.654
2.849
20.034
19.851
20.186
22.820
12.223
19.732
20.004
23.294
7.661
13.362
8.725
22.105
23.710
8.275
22.884
23.283
23.491
21.935
16.293
20.091
17.800
13.483
23.823
20.353
22.765
14.968
23.761
23.539
23.582
23.336
23.327
23.179
22.660
20.865
21.640
20.822
20.345
18.494
11.506
19.362
19.389
14.387
21.685
18.173
19.683
20.713
22.092
21.857
21.913
22.108
21.774
21.666
21.398
21.359
21.137
20.831
19.382
20.762
20.784
20.586
20.312
20.001
20.245
20.241
19.842
19.958
20.021
20.150
20.025
19.912
19.854
19.849
19.686
19.271
19.013
18.864
19.168
19.278
18.924
18.735
18.612
12.535
17.961
18.078
17.908
17.740
15.569
17.396
16.934
17.388
17.731
17.911
17.734
17.534
17.316
17.357
17.121
17.080
16.923
16.585
16.615
16.886
16.817
16.845
15.940
16.605
16.771
16.787
16.340
16.782
16.491
16.140
15.677
15.749
15.989
15.971
16.241
16.099
15.914
15.809
15.800
15.771
15.776
15.810
15.369
15.568
15.660
16.033
15.941
15.570
15.922
15.674
15.779
15.947
16.003
10.701
15.903
16.064
16.155
4.072
15.832
16.028
15.752
15.972
16.397
15.751
15.795
16.256
15.578
16.669
17.313
17.162
17.461
17.633
17.540
17.402
16.624
17.102
17.213
17.417
17.565
17.062
16.380
15.137
17.367
17.846
17.897
14.921
17.706
17.858
17.780
18.462
18.681
18.631
19.123
18.934
18.963
18.953
19.301
19.728
19.875
19.979
19.995
19.812
15.456
12.470
20.212
20.115
20.430
20.271
20.071
20.887
20.511
20.815
20.921
21.088
21.037
21.118
22.417
23.595
22.923
23.014
23.286
23.217
22.886
22.840
23.010
23.692
23.502
23.187
22.067
23.682
20.560
23.360
24.001
23.919
24.310
23.999
24.234
24.198
24.338
24.619
24.502
24.121
24.535
24.826
24.901
24.751
24.981
23.750
24.583
24.642
25.084
25.496
25.379
25.741
16.321
20.870
15.278
25.592
25.893
25.516
25.447
25.315
25.515
26.187
26.495
26.206
26.877
27.048
27.120
26.980
26.845
27.070
27.570
27.569
27.340
27.318
27.638
27.088
28.130
27.546
27.247
27.291
27.797
28.181
27.887
27.705
27.666
27.526
27.821
28.479
27.645
27.472
25.861
27.061
26.936
26.934
27.232
25.681
26.153
27.171
27.374
20.522
27.533
22.527
25.971
27.765
27.772
25.589
25.957
27.455
27.206
27.195
27.042
24.656
26.855
27.251
25.835
27.059
25.128
26.240
19.265
24.445
17.357
16.766
17.696
11.173
15.354
18.318
20.643
22.947
18.587
15.573
22.530
23.128
25.071
24.102
18.150
16.375
20.681
16.142
3.554
21.507
22.871
20.869
17.131
19.513
8.254
24.074
22.679
23.209
23.677
7.896
24.303
22.932
24.064
11.495
8.998
8.621
16.914
6.693
11.462
9.638
18.153
7.068
7.710
10.504
15.447
9.180
13.087
12.513
18.988
22.961
24.049
25.042
23.300
23.111
21.021
6.257
22.380
14.145
25.079
21.193
18.022
17.947
23.218
14.303
24.279
24.309
18.270
10.520
18.098
5.829
7.134
15.622
21.364
22.397
1.152
8.882
6.344
14.465
14.556
21.998
18.282
22.146
14.139
23.063
19.816
22.312
14.133
23.319
23.070
21.407
21.811
21.623
10.070
21.047
21.032
20.608
20.405
19.793
9.685
12.392
7.240
19.763
21.884
20.625
20.913
18.694
20.303
19.323
21.331
22.297
22.107
21.876
20.940
20.812
19.291
21.098
21.473
21.118
21.142
20.891
20.751
20.330
20.300
20.247
20.397
20.392
20.147
20.210
20.161
20.067
19.875
19.735
19.617
19.357
19.228
19.053
18.927
19.138
18.656
18.424
16.581
18.036
17.991
17.983
17.863
17.946
18.277
18.345
18.037
17.715
17.505
17.501
17.253
16.956
16.889
16.856
17.062
16.775
16.913
17.239
15.950
15.987
16.266
16.178
16.452
16.095
16.544
16.461
16.766
16.575
16.455
16.328
16.164
16.331
15.857
15.909
15.744
15.888
15.561
15.578
15.541
15.195
16.132
16.056
15.890
15.842
15.706
15.968
15.766
15.964
15.953
15.838
15.628
16.326
16.257
16.174
16.214
16.146
16.017
16.072
16.065
15.829
15.269
15.422
10.799
16.074
16.272
16.225
16.300
16.342
16.352
16.464
16.546
16.326
16.706
17.014
17.145
14.113
16.780
16.165
10.868
17.452
15.749
17.626
17.919
17.772
17.317
17.545
16.214
18.390
18.929
19.222
18.688
19.237
19.662
19.529
19.328
19.373
19.263
19.653
19.518
19.249
19.609
19.942
20.102
20.328
20.288
20.116
20.383
20.766
20.952
21.175
21.322
21.395
21.590
21.493
21.728
22.081
22.052
22.162
22.112
21.944
21.927
23.019
23.400
23.623
23.174
23.300
23.355
23.279
23.268
23.644
23.518
23.832
24.066
24.293
24.456
24.905
24.371
24.366
24.111
24.377
24.771
24.620
24.798
24.734
24.917
25.160
25.327
24.067
24.985
23.256
24.458
25.291
25.012
25.383
24.813
25.282
25.334
25.405
25.964
25.619
25.739
25.985
26.098
26.189
25.651
26.085
25.956
26.471
26.145
26.890
26.777
26.936
27.212
26.814
26.547
26.908
26.419
28.065
27.940
27.796
28.175
27.900
27.322
20.951
12.811
16.259
12.640
22.575
17.112
22.718
16.844
25.715
26.825
11.638
27.115
27.477
27.561
27.327
27.272
27.190
27.387
27.341
27.075
27.511
27.481
27.721
27.666
27.471
27.520
23.282
27.436
27.263
26.233
27.325
26.349
17.960
13.867
14.876
18.732
22.187
13.723
20.660
9.677
8.033
18.769
5.458
26.438
23.493
26.696
26.001
25.192
23.496
24.993
18.056
20.984
24.971
25.777
25.829
24.472
17.836
25.631
13.823
15.271
19.959
22.334
24.858
21.685
23.167
25.194
26.559
26.862
26.547
22.089
22.497
11.921
22.310
22.690
23.595
25.687
25.980
23.140
22.179
19.605
10.121
5.498
17.074
8.246
9.209
17.596
16.493
16.644
22.701
15.809
5.004
9.929
11.186
2.286
14.149
19.085
3.550
17.990
16.279
4.809
20.775
2.303
15.488
21.373
23.499
22.862
23.190
21.786
8.139
15.427
17.681
24.328
23.996
21.542
22.264
24.447
24.301
24.110
22.419
22.497
18.731
23.331
23.103
23.169
23.738
23.171
23.476
23.568
22.539
23.018
15.485
22.527
20.908
19.381
17.259
15.451
18.471
21.957
19.921
21.409
19.984
19.772
18.206
21.079
21.264
19.258
17.458
20.202
17.269
18.406
20.031
20.287
18.720
20.166
20.720
19.681
19.746
19.767
21.227
20.893
20.656
20.777
20.741
20.576
20.405
20.160
19.998
19.735
19.925
19.752
19.761
19.525
19.672
19.364
19.027
17.679
19.251
18.871
18.755
18.144
17.695
18.823
18.687
18.074
15.880
18.029
18.247
17.415
14.964
17.270
17.518
17.486
17.227
17.295
16.692
15.368
17.066
17.024
16.912
16.935
16.785
16.679
16.541
16.486
16.340
16.352
16.515
16.546
15.218
16.276
15.825
16.150
16.052
15.885
15.821
15.878
15.549
15.285
15.914
16.058
15.915
15.852
15.967
16.207
16.204
16.165
16.154
15.310
15.524
15.251
15.633
15.514
15.741
15.958
15.747
15.502
14.895
13.444
10.090
16.180
16.362
16.273
15.995
15.891
16.080
16.492
16.485
16.263
16.309
16.770
16.826
16.792
16.393
15.804
8.649
17.274
17.230
17.179
17.165
12.267
17.515
17.270
17.071
14.702
17.200
6.036
18.007
17.781
17.271
17.405
18.414
18.634
18.446
18.517
18.149
18.499
17.762
18.142
18.859
18.901
19.140
19.250
19.027
19.316
19.219
19.904
19.932
20.806
21.508
21.549
21.133
21.701
21.528
21.151
21.007
21.096
21.132
19.517
20.895
17.239
21.256
19.864
21.929
21.531
15.927
19.842
17.185
20.676
22.642
22.878
23.458
23.546
23.248
23.218
24.018
24.233
23.845
23.905
23.806
24.388
24.583
24.547
24.592
23.647
24.453
24.445
25.003
26.173
25.786
26.142
25.998
26.180
26.167
26.248
26.082
25.917
26.497
26.368
27.536
27.333
27.122
26.861
26.567
26.187
21.729
26.052
27.303
27.126
27.033
26.062
17.911
21.072
25.133
24.927
26.397
26.495
26.287
20.716
20.497
16.054
23.680
22.219
23.577
20.891
20.737
23.357
26.486
27.128
27.434
27.801
27.989
27.651
27.735
27.389
27.302
27.333
26.722
25.288
27.319
27.264
27.896
24.857
26.590
27.622
27.811
24.975
24.999
25.218
24.970
27.751
27.594
27.465
27.992
26.225
26.388
26.809
27.325
22.152
24.221
27.530
25.602
24.439
16.140
26.696
27.076
26.881
27.015
25.168
18.166
20.505
23.858
21.726
20.099
21.202
12.674
20.158
24.441
15.730
20.494
24.924
23.340
22.916
21.631
23.010
19.777
21.065
7.847
19.834
11.356
8.455
23.933
8.185
21.927
23.351
18.842
5.522
7.136
24.044
23.343
24.317
26.219
24.476
24.975
3.427
17.758
14.164
20.681
12.451
12.526
9.799
23.177
21.458
18.578
20.457
15.825
19.875
6.402
10.209
9.319
16.048
24.661
23.259
24.941
24.452
18.817
24.066
11.050
9.132
23.947
24.541
24.324
24.458
24.183
24.487
16.401
24.433
24.081
24.231
22.259
24.112
24.063
23.999
24.433
20.899
19.594
23.722
22.660
19.889
15.405
19.402
22.123
20.270
22.178
21.802
21.763
15.999
15.129
18.872
17.678
11.725
11.423
21.887
22.006
21.786
16.402
0.764
21.300
20.125
20.188
19.930
21.549
21.378
10.864
22.062
20.704
21.621
21.636
21.484
21.202
21.355
21.294
20.131
20.390
20.618
20.671
20.542
20.675
20.304
20.356
19.753
14.412
20.179
19.887
19.754
19.663
19.685
19.188
19.245
19.464
19.284
19.413
19.457
19.192
19.009
18.829
18.411
18.267
18.433
18.274
18.142
18.208
18.628
18.506
18.131
18.161
18.116
17.979
17.841
17.598
17.293
17.488
17.504
17.475
17.359
17.227
17.007
16.852
16.742
16.545
16.398
16.678
16.400
16.157
16.299
16.157
12.783
16.353
16.567
16.629
16.391
16.484
16.566
16.403
16.550
16.329
16.240
16.194
15.988
16.095
16.401
16.313
16.103
15.943
15.980
15.938
16.044
16.389
16.272
16.094
16.188
16.000
15.872
16.125
16.071
15.666
15.659
16.111
15.915
15.838
15.639
16.234
16.471
16.451
16.602
16.590
16.612
16.553
16.672
16.769
16.718
16.863
16.518
16.138
11.725
17.409
17.503
17.724
17.821
17.820
18.072
17.959
17.988
17.622
18.222
18.294
18.109
18.056
18.440
18.878
19.141
19.294
19.397
19.017
19.082
19.540
19.525
19.631
19.778
19.765
19.761
19.828
19.914
19.907
20.169
19.933
20.679
20.846
21.139
21.053
20.903
14.455
8.728
16.129
20.547
21.767
21.452
21.957
22.414
22.625
22.759
22.496
3.939
16.315
18.773
22.695
20.369
17.780
12.419
23.246
23.556
23.262
14.895
23.210
24.028
24.168
23.649
23.893
24.030
24.996
24.921
25.556
25.653
25.708
25.555
24.603
24.924
25.182
25.180
25.217
25.249
25.287
25.428
25.334
25.963
25.875
25.894
26.436
25.679
24.021
25.589
23.234
26.802
26.010
26.187
26.318
23.966
26.223
26.287
26.430
26.677
26.601
26.756
26.587
26.506
26.545
27.157
27.176
27.429
27.180
27.491
27.673
27.496
27.486
27.487
27.332
27.299
27.233
27.102
26.854
26.785
22.313
26.392
24.127
26.778
17.917
25.052
25.024
25.649
25.280
26.967
26.994
25.211
27.179
24.492
24.721
11.507
11.709
23.374
26.279
25.477
27.206
22.774
26.405
23.709
26.564
26.709
25.308
25.544
18.576
23.867
27.415
27.588
26.156
21.769
24.433
25.713
18.271
23.075
18.713
18.010
15.917
17.686
13.199
24.287
23.881
17.047
19.596
19.211
19.248
14.769
17.294
10.475
11.014
20.691
6.524
13.183
6.429
16.788
25.236
20.134
18.843
10.350
18.571
7.691
3.283
4.329
18.615
17.493
13.308
22.967
24.478
12.862
17.942
14.158
9.329
12.536
1.372
5.313
17.208
4.749
16.929
20.339
3.927
8.568
6.773
8.221
8.408
23.221
22.269
24.106
8.382
16.522
16.920
10.233
1.484
5.564
12.927
8.697
20.294
20.688
13.745
10.471
6.052
7.861
21.917
22.578
0.911
7.364
18.492
19.708
23.604
22.593
11.832
11.349
20.462
22.016
23.093
21.501
19.696
22.143
22.025
22.197
21.929
22.544
21.939
22.116
21.373
20.734
20.280
21.253
19.028
19.992
21.360
21.085
20.836
16.517
20.684
21.160
20.217
21.186
21.536
21.658
21.484
21.536
21.369
21.113
21.053
21.110
21.061
20.703
19.200
19.597
20.239
19.823
20.025
19.763
19.610
19.562
18.633
19.464
19.421
19.342
19.130
19.070
19.074
19.129
18.823
18.910
18.922
18.694
18.587
18.581
18.421
18.157
17.742
14.789
18.005
17.966
17.945
17.723
17.592
17.418
17.346
17.259
17.229
17.177
17.123
16.975
16.392
16.708
15.703
16.836
16.849
16.838
16.835
16.649
4.518
15.949
16.242
16.151
16.037
15.815
15.616
14.146
15.617
15.477
15.011
15.842
16.033
16.108
15.994
15.757
15.474
15.809
15.838
16.093
15.921
15.911
15.952
15.861
15.536
15.462
14.977
13.408
15.798
15.981
15.970
15.918
15.964
15.473
15.693
15.899
15.923
15.879
15.935
16.147
16.162
16.154
16.071
16.218
16.392
16.623
16.511
16.537
16.824
17.125
16.972
16.909
16.907
17.257
17.261
17.468
17.536
17.647
17.234
17.253
17.188
16.195
16.398
18.049
18.245
18.328
18.208
18.568
18.802
18.366
18.377
18.832
17.416
8.792
18.678
19.367
18.472
19.702
16.788
19.794
20.014
20.007
20.292
20.434
20.380
19.755
16.010
12.504
20.912
20.953
21.259
21.421
19.267
21.406
21.764
21.911
22.209
22.341
22.643
22.812
22.348
22.195
22.374
21.660
16.881
23.250
23.085
23.463
23.393
23.580
21.129
22.897
23.476
24.050
24.285
24.095
24.456
24.573
24.838
24.950
25.044
24.863
24.634
19.030
25.037
25.609
25.616
25.080
25.357
25.474
25.585
25.536
25.794
26.127
26.158
26.240
25.927
24.987
26.294
24.989
25.906
22.149
23.195
24.793
26.383
26.721
26.525
26.707
27.111
27.041
25.024
20.073
19.625
27.006
23.896
25.762
26.864
23.693
23.280
25.588
25.535
26.617
26.937
27.090
27.293
27.226
27.199
27.182
27.113
26.967
27.140
26.815
25.551
23.917
27.592
27.661
27.573
27.772
27.453
26.525
23.582
16.214
24.855
24.942
17.920
23.378
14.314
14.454
8.188
22.245
25.220
26.697
27.010
27.005
26.816
26.674
25.452
24.620
17.118
21.267
23.729
20.545
20.731
16.379
8.697
24.022
21.695
9.426
7.357
13.707
21.497
18.235
16.570
14.931
18.553
16.837
2.727
3.383
6.232
7.140
7.464
10.048
11.384
5.210
19.784
22.866
20.541
22.272
22.388
24.924
22.688
26.095
24.478
23.329
25.813
24.007
25.058
20.157
17.489
18.841
25.145
20.156
24.281
24.083
21.359
23.613
20.893
2.549
14.609
15.510
21.710
20.176
22.267
4.604
13.535
14.464
11.136
4.951
3.235
8.711
10.419
9.263
16.430
23.513
19.907
2.727
20.551
20.057
23.939
24.156
23.065
21.353
22.455
20.028
22.865
20.797
20.440
21.537
22.011
19.949
22.020
15.174
13.290
22.750
21.862
22.384
20.593
22.654
23.059
22.992
21.889
22.706
22.528
16.532
18.656
19.430
20.808
21.092
21.669
11.497
21.534
21.149
19.315
18.475
20.823
21.504
20.683
21.694
22.000
21.843
21.757
21.447
21.543
17.243
21.149
19.240
11.674
16.811
20.975
20.915
20.826
20.801
21.004
20.955
20.619
20.430
20.477
20.127
19.688
19.732
19.360
18.998
19.376
19.145
19.206
19.240
19.003
18.526
19.205
18.954
17.811
18.150
18.440
17.870
17.895
17.311
17.909
17.798
17.830
17.783
17.767
17.638
17.649
17.830
17.716
17.650
17.520
17.667
17.385
17.260
17.223
17.221
17.154
17.029
16.654
15.797
16.311
10.910
15.396
16.384
16.060
15.934
14.350
15.602
16.564
16.236
15.940
15.622
15.434
15.958
15.885
16.064
15.935
16.176
15.919
15.829
15.880
15.739
15.943
14.985
15.055
15.015
15.644
15.678
15.522
16.232
16.291
16.209
16.187
16.134
16.152
15.915
15.589
15.642
15.754
15.499
15.966
15.852
16.341
15.868
16.539
16.663
15.932
16.458
14.115
16.710
17.337
17.295
16.053
15.615
17.496
17.816
17.902
17.877
18.059
17.517
17.643
18.150
18.782
18.756
17.975
17.993
19.080
19.064
18.820
17.498
19.461
19.867
19.914
20.252
20.483
20.796
20.266
20.138
20.314
20.766
20.669
20.949
21.007
20.914
21.012
20.448
21.219
21.729
22.154
22.407
22.459
22.389
22.494
22.411
22.362
22.330
22.550
22.853
22.562
23.228
23.094
20.935
13.990
20.865
19.007
21.916
22.960
23.425
23.649
24.298
24.097
24.129
24.627
24.557
24.537
23.275
23.547
23.602
23.710
16.202
24.882
17.442
24.816
23.963
24.826
22.362
20.678
22.413
25.002
24.059
24.959
25.238
25.376
25.282
24.815
25.614
26.133
26.358
26.165
26.256
26.853
27.028
26.861
26.656
26.495
26.916
26.957
27.175
27.098
27.354
27.382
26.939
26.965
25.832
24.486
26.842
27.102
27.193
26.272
25.210
26.170
23.578
25.334
26.410
27.059
26.804
26.658
27.102
26.962
26.903
26.929
27.207
27.248
27.416
26.952
27.023
27.291
27.857
27.560
26.313
27.316
27.461
26.932
27.350
25.273
25.628
19.606
22.576
15.915
22.960
25.267
21.662
16.636
17.993
15.549
2.173
17.274
18.155
20.383
15.076
13.944
23.964
8.642
10.999
19.250
23.179
23.968
25.921
5.550
15.533
17.039
19.030
23.161
13.854
14.787
24.246
10.252
20.893
19.191
22.019
7.176
17.356
3.235
10.668
13.762
6.558
9.854
15.628
21.858
25.435
25.923
21.935
22.128
10.378
22.228
19.535
21.730
7.621
18.218
19.283
4.015
14.609
22.480
24.852
18.970
17.108
11.287
20.393
21.807
17.785
15.974
18.160
12.283
12.991
20.720
21.348
2.520
15.237
4.421
18.012
18.606
22.673
11.485
22.033
19.276
23.739
24.246
23.508
23.552
22.704
8.071
4.063
23.614
23.098
23.938
23.968
23.985
22.679
17.981
23.117
22.812
23.070
22.339
17.215
13.413
21.997
14.620
22.524
22.474
17.068
18.468
20.544
16.573
20.794
19.343
21.884
21.914
20.464
21.796
21.476
21.729
22.007
21.587
21.361
21.857
21.462
18.712
20.934
20.259
20.738
20.858
20.772
18.547
17.364
19.892
17.959
20.773
20.849
20.914
20.744
20.557
18.293
19.022
19.996
20.152
20.087
20.200
20.040
19.788
19.665
19.703
19.471
19.735
19.053
18.855
18.812
18.783
19.126
18.890
18.898
18.686
19.021
18.619
18.453
18.389
18.389
18.253
18.171
17.731
17.661
17.586
17.330
17.059
16.686
2.118
1.563
16.810
17.380
17.345
17.434
17.223
17.061
17.016
16.963
16.377
16.536
13.847
4.258
15.444
15.837
15.762
15.646
14.676
15.004
15.801
15.047
15.557
15.721
15.696
15.639
15.473
15.563
15.470
15.271
13.873
8.511
10.469
13.602
15.591
15.927
16.066
16.271
16.442
16.340
16.237
16.057
16.216
16.186
16.130
16.144
16.038
15.975
12.074
16.068
11.688
14.754
6.102
15.511
15.775
14.520
10.047
6.024
10.689
16.284
15.220
16.453
15.368
15.108
13.313
17.137
17.263
15.135
17.382
17.544
17.886
18.085
17.535
18.445
18.509
18.445
18.590
18.957
18.652
18.680
18.876
19.171
19.100
19.453
19.107
19.693
19.375
19.424
19.477
19.834
20.138
20.172
20.190
20.362
20.152
20.166
20.312
20.839
20.876
20.946
20.970
21.057
21.308
21.320
21.878
22.075
21.827
22.329
22.554
23.014
22.727
22.803
23.115
23.231
23.223
23.251
22.288
23.642
23.708
23.519
23.662
23.502
21.590
22.748
21.182
23.007
23.463
24.282
24.462
19.403
23.962
20.745
22.860
24.567
23.503
24.143
24.107
24.343
21.155
23.697
24.756
25.676
25.650
25.957
26.389
26.562
26.837
26.558
19.916
24.926
26.700
27.127
27.121
26.940
27.085
26.965
27.721
26.902
25.214
27.573
27.699
27.529
27.440
27.068
26.923
27.006
27.278
26.957
27.033
26.917
26.299
27.230
27.710
27.153
26.538
23.856
26.613
25.342
25.047
26.880
25.305
24.856
26.697
26.829
27.166
24.371
26.590
25.294
26.936
27.611
27.660
26.990
27.106
26.513
23.523
26.760
26.917
26.928
25.586
27.217
27.203
27.649
27.226
27.439
27.145
26.273
25.186
26.088
27.077
26.811
26.616
26.736
25.777
25.126
26.448
26.861
10.764
23.675
17.145
25.443
22.627
14.319
8.515
21.964
22.922
20.590
5.741
17.445
18.026
16.836
20.634
23.164
21.486
4.259
15.885
21.420
22.684
24.205
3.944
24.256
24.114
20.281
16.008
10.627
22.535
8.365
9.847
14.343
3.592
4.038
5.531
7.384
5.765
4.687
18.766
10.490
14.129
7.055
25.591
25.324
13.965
13.380
10.615
9.642
22.986
23.126
21.494
13.353
4.854
14.729
21.479
16.865
24.068
23.425
24.433
24.654
24.265
24.768
24.738
20.153
15.403
6.840
12.606
9.448
14.128
9.463
21.585
16.828
22.054
23.024
22.062
22.443
22.967
21.460
23.766
21.951
17.016
22.784
22.532
23.537
23.557
23.493
23.155
23.245
22.854
21.837
23.015
22.699
22.603
22.500
22.499
22.199
22.125
21.788
21.582
21.788
21.284
22.012
21.198
19.825
19.886
15.555
14.161
18.983
21.224
20.972
20.884
20.275
15.210
20.293
18.003
20.649
20.262
19.968
19.565
20.244
20.251
20.162
20.086
20.378
20.479
20.058
19.679
19.465
19.283
18.713
19.084
19.143
19.178
19.003
18.737
18.569
18.506
18.452
18.058
17.644
17.485
16.075
6.549
3.343
14.767
16.367
16.456
16.453
16.570
16.937
16.896
16.927
17.070
17.308
17.095
16.432
17.034
16.675
16.625
16.105
16.396
16.228
16.507
16.457
16.227
16.026
16.041
16.143
16.078
15.823
15.963
15.084
16.100
15.572
15.304
15.140
15.426
15.386
14.851
15.762
15.670
11.848
9.217
15.354
12.011
15.562
15.976
16.030
15.972
15.698
1.904
15.642
15.935
16.118
15.434
11.338
16.005
16.757
16.629
16.655
16.328
16.430
16.253
15.877
14.306
16.767
16.818
16.919
16.981
17.037
17.181
17.314
17.489
17.375
17.539
17.593
17.684
17.726
17.740
17.706
17.382
17.858
18.118
18.516
18.209
18.221
18.087
16.470
18.234
18.245
18.454
17.074
18.904
19.547
16.246
19.319
19.351
19.708
20.047
20.404
20.367
20.887
21.061
20.820
19.591
16.485
20.935
21.034
21.261
21.368
21.634
21.862
21.790
21.422
19.952
21.205
19.641
19.587
20.546
22.429
22.737
22.797
22.369
23.333
23.415
23.357
23.225
23.269
23.304
23.434
23.672
24.075
24.342
24.330
24.382
24.451
24.258
24.369
24.652
25.071
24.931
24.968
24.822
24.566
24.785
25.584
25.461
25.591
25.546
26.009
20.018
19.158
26.051
26.054
25.945
26.077
26.200
26.296
26.058
26.273
26.420
26.044
25.917
25.985
26.397
26.784
26.766
26.454
26.707
26.440
26.809
26.692
26.713
26.443
26.604
25.034
26.687
26.758
26.824
26.918
26.887
27.079
27.510
27.165
27.074
27.419
27.220
27.374
27.440
27.399
27.822
27.371
27.257
28.023
27.715
27.640
27.578
27.345
26.971
27.034
26.998
27.279
27.371
27.483
27.514
19.345
16.188
26.305
25.115
24.019
12.780
24.914
27.215
24.369
27.140
27.508
26.318
23.763
12.779
18.761
24.163
23.702
27.154
26.598
24.335
26.783
25.177
24.181
26.099
22.636
18.690
21.587
20.829
24.744
24.022
22.014
15.586
13.894
9.896
21.840
23.556
25.097
24.753
24.287
18.522
11.556
20.314
25.482
23.426
16.418
22.226
23.132
15.557
21.532
20.965
22.749
16.863
2.899
8.137
22.670
6.929
23.897
23.296
22.107
19.449
7.412
16.705
19.990
17.894
13.374
19.517
22.956
16.410
15.821
21.674
24.510
24.240
24.292
18.885
23.571
21.926
23.719
22.848
19.934
19.153
21.349
23.351
22.789
19.759
23.008
22.744
23.437
23.592
22.740
21.163
18.919
16.990
19.984
22.103
19.301
17.329
18.441
8.733
22.047
21.613
12.746
11.601
12.524
17.940
21.012
22.216
22.623
22.976
23.070
20.544
22.626
22.539
22.458
22.139
22.343
21.892
22.077
22.019
22.090
21.588
21.716
22.010
21.613
21.576
21.452
19.580
21.573
21.345
21.452
21.616
20.976
20.232
15.532
19.341
20.477
20.450
20.313
19.630
19.178
18.675
16.870
19.365
19.417
19.426
19.387
19.148
18.987
18.978
19.246
18.823
18.274
18.608
18.872
18.778
18.987
18.642
18.625
18.606
18.289
15.825
16.094
16.246
13.511
13.185
15.848
16.441
13.016
14.010
16.166
16.253
16.131
16.854
9.235
1.406
3.152
3.198
10.304
15.320
12.637
16.027
15.842
15.974
15.997
16.085
16.376
16.033
15.823
16.047
16.580
16.266
15.968
16.062
16.347
16.244
16.271
16.152
16.340
16.277
16.258
16.236
16.265
16.314
16.439
16.316
16.007
16.049
16.178
15.955
15.444
4.502
9.394
12.740
16.522
16.351
16.507
16.640
16.246
16.494
16.770
16.655
16.608
16.650
16.945
16.689
16.530
16.318
16.337
16.786
17.334
17.098
16.664
16.952
17.235
17.095
17.135
16.758
16.949
17.358
18.149
17.691
17.534
17.669
17.658
18.166
18.083
18.252
18.596
18.810
18.652
18.680
18.415
18.351
18.931
19.085
19.052
19.152
19.283
19.470
16.352
19.869
19.790
20.092
20.353
20.176
20.805
19.980
20.789
20.881
21.036
21.084
21.452
21.188
20.921
20.778
20.610
21.407
21.768
21.953
22.142
22.268
22.825
23.200
23.592
23.381
23.301
23.461
23.331
23.896
23.483
23.935
24.287
23.712
24.073
24.215
24.063
24.485
24.252
24.676
24.856
25.133
24.861
24.934
25.154
25.037
24.719
25.696
25.417
25.551
25.177
24.335
25.599
25.141
25.157
21.113
24.474
24.698
23.035
25.214
25.515
25.365
25.750
26.567
26.697
25.234
26.878
27.021
27.322
26.985
27.267
26.820
26.592
20.557
21.576
23.488
26.660
26.658
26.616
26.441
27.518
26.899
26.495
27.221
27.141
27.067
26.575
26.923
27.329
27.136
26.383
23.142
26.589
27.176
26.782
25.364
25.374
26.602
26.877
27.056
26.893
26.094
26.824
27.289
27.328
27.152
26.739
24.818
22.283
25.166
27.102
25.671
26.608
25.695
25.080
26.064
26.643
25.303
26.117
21.773
24.787
24.953
20.315
21.635
23.839
21.587
20.378
19.326
18.154
2.180
23.623
23.963
5.587
8.337
9.420
25.862
17.368
26.005
25.365
25.209
20.893
6.804
23.690
20.097
11.522
7.579
21.671
25.828
21.727
8.885
3.023
9.594
12.465
17.075
18.645
14.923
15.568
19.104
1.448
15.238
8.739
23.042
21.191
20.568
13.326
14.660
21.901
15.516
21.999
1.434
15.648
20.749
22.053
16.594
6.407
11.162
4.910
7.625
5.165
14.078
4.063
6.410
6.194
22.099
16.709
21.799
19.993
23.581
23.958
23.066
15.347
17.459
21.704
9.391
22.755
18.198
20.973
20.885
14.012
22.995
21.211
4.364
2.338
10.268
9.915
12.443
10.637
16.521
11.123
15.757
15.863
22.059
22.006
21.252
15.041
11.960
21.839
20.560
22.343
22.140
21.807
19.885
21.692
18.862
21.701
21.671
21.597
21.672
21.653
21.764
21.758
21.577
21.356
20.990
20.714
20.867
21.032
20.835
20.603
19.604
11.677
20.156
20.213
20.135
19.993
19.978
20.428
20.087
19.810
20.203
20.014
19.630
19.496
19.620
19.332
19.335
19.199
19.235
19.116
18.886
18.899
17.937
11.527
18.008
18.035
18.038
17.480
17.953
17.931
17.766
17.416
17.439
17.541
17.493
17.384
17.363
17.356
17.399
17.445
17.150
17.223
17.004
16.578
16.561
16.502
14.687
15.411
15.496
16.016
16.257
16.049
15.722
15.860
15.921
16.252
16.125
16.093
15.889
16.241
16.894
16.697
16.269
16.198
16.177
16.290
16.126
16.073
16.005
16.009
15.902
15.595
15.769
16.049
16.176
16.151
16.110
16.022
16.210
16.001
12.092
15.763
15.958
15.888
15.864
15.550
11.981
16.321
16.484
16.382
16.613
16.516
16.708
17.055
16.774
16.614
16.153
16.843
17.214
17.085
17.333
17.492
17.100
17.150
17.250
17.278
17.525
17.546
17.800
18.012
18.055
18.481
18.681
18.646
18.412
18.231
14.402
18.346
18.776
20.235
19.745
19.682
19.510
19.320
19.123
19.615
19.647
19.381
20.028
19.962
20.262
20.530
20.603
20.671
20.977
21.401
21.592
21.482
21.532
22.045
22.491
21.964
21.856
21.804
21.932
22.257
22.424
22.933
23.588
23.815
23.861
23.578
23.705
23.768
23.496
23.539
23.649
24.139
23.796
24.218
24.463
25.311
25.249
25.395
25.503
25.332
25.347
24.590
23.833
24.722
24.707
24.789
24.701
24.655
24.777
24.693
24.592
23.176
24.996
25.245
25.722
25.398
23.942
25.352
25.453
23.874
25.575
25.754
24.560
24.048
21.184
6.011
25.892
26.428
26.758
25.727
25.793
26.618
26.694
26.645
27.096
27.227
27.537
27.168
25.246
26.860
25.407
25.162
23.694
14.568
25.387
16.211
26.677
26.843
26.618
25.218
27.147
27.291
27.081
27.243
27.039
27.451
27.285
24.823
27.617
27.219
27.445
27.657
27.013
27.301
27.521
27.192
27.316
26.934
27.104
25.056
25.062
27.053
23.417
20.533
21.564
20.052
24.372
20.130
17.977
18.067
23.668
15.665
20.961
24.538
24.574
22.525
22.616
26.234
25.680
25.625
24.386
24.067
24.426
24.800
25.414
25.636
26.112
21.466
19.764
22.339
17.845
2.332
19.810
25.001
23.315
8.328
4.355
15.032
23.608
8.742
6.931
16.580
24.493
25.192
23.650
7.357
14.716
24.036
23.276
11.131
6.611
14.329
15.566
24.995
4.947
7.543
16.927
3.673
6.232
2.552
9.645
22.643
22.818
24.989
14.230
16.115
18.641
23.975
14.532
9.184
13.880
4.139
5.238
6.824
5.883
16.134
23.808
11.103
6.348
18.259
10.622
11.781
5.901
22.104
22.845
20.407
23.631
23.468
23.252
23.183
23.255
21.600
22.203
22.820
18.924
0.703
6.794
21.244
20.985
14.454
3.080
16.626
5.108
18.223
20.935
21.750
17.709
21.868
22.005
20.866
20.194
21.086
21.740
21.466
22.251
21.901
22.004
21.674
21.414
21.411
21.155
21.278
10.877
21.531
21.108
20.860
20.840
20.826
21.230
21.028
20.856
20.794
20.646
20.289
20.364
20.295
20.215
19.656
19.838
19.664
19.522
19.481
19.603
19.577
19.541
19.615
19.548
19.491
19.332
18.904
18.655
18.224
19.207
19.016
18.789
18.849
18.455
18.172
18.005
18.031
17.729
17.736
17.259
17.323
17.530
17.779
17.538
17.558
17.172
17.071
17.047
16.968
16.886
16.757
16.689
16.623
16.631
16.568
16.440
16.455
16.447
16.063
15.876
16.092
15.826
15.983
15.806
15.758
16.154
15.788
15.915
16.084
15.749
15.535
15.067
15.575
15.565
15.574
15.683
16.343
16.267
16.039
16.065
16.161
16.244
16.195
16.168
16.205
15.745
15.693
16.034
15.966
16.437
16.477
16.457
16.590
16.643
16.765
16.899
16.616
16.619
16.493
16.504
16.104
16.424
16.223
15.661
16.667
17.342
17.441
17.735
17.681
17.625
17.464
17.968
17.883
18.059
18.339
17.011
18.181
15.000
16.012
17.808
17.721
17.827
16.501
18.275
19.057
19.361
19.830
19.634
19.011
18.930
19.065
19.013
18.992
13.416
20.012
20.170
20.158
20.090
20.388
20.286
20.398
20.518
21.340
21.350
21.358
21.701
22.357
22.583
22.746
22.889
22.912
22.714
22.624
22.851
22.849
22.835
22.904
23.056
23.504
23.241
23.283
23.187
19.154
23.274
23.720
23.671
22.963
24.497
18.897
24.162
24.100
24.669
23.636
17.099
23.765
24.608
24.830
23.853
24.980
25.150
25.248
24.495
25.570
25.820
25.763
25.117
25.157
25.115
25.776
26.316
26.245
25.966
26.133
26.147
26.064
22.747
24.534
21.331
24.517
22.516
19.997
22.176
24.640
26.200
26.912
26.364
26.502
26.640
26.990
27.411
27.031
26.623
27.143
26.696
26.955
27.441
27.813
25.633
27.314
24.645
26.375
26.901
26.194
26.051
26.449
27.179
27.642
27.135
27.408
27.711
27.146
27.126
27.049
27.067
24.921
24.466
26.952
25.055
23.143
26.537
22.093
24.354
16.549
24.561
22.156
25.182
23.279
14.080
14.935
24.022
17.415
25.949
19.393
24.241
20.716
19.964
3.159
25.423
26.474
22.932
25.210
26.153
23.638
22.728
5.143
24.702
25.304
19.490
22.815
24.499
23.967
9.254
5.589
18.887
21.890
12.138
23.174
17.769
20.193
6.563
9.128
6.478
11.866
2.875
22.625
13.932
8.569
12.834
20.388
16.376
10.279
12.571
25.329
18.441
19.683
18.775
4.861
4.799
14.842
18.149
14.884
24.802
8.459
16.895
23.244
19.034
9.591
10.535
15.689
7.107
17.113
12.665
15.718
10.102
12.752
20.331
23.008
23.682
22.974
21.214
1.007
1.238
16.343
16.239
17.444
16.721
23.393
21.447
18.437
22.764
23.212
23.299
23.612
22.601
23.544
23.916
23.531
21.018
23.203
23.577
23.617
23.327
21.172
22.681
21.807
22.146
20.222
22.567
21.849
23.063
22.757
1.954
19.457
17.972
17.283
2.489
8.624
21.151
15.510
8.468
17.072
20.394
20.462
9.563
20.822
19.252
18.000
20.239
19.976
18.679
20.081
20.144
20.192
18.916
18.733
19.179
20.362
20.217
19.633
18.993
19.942
20.218
20.133
19.856
19.596
19.140
19.365
19.261
19.208
19.009
19.024
18.891
18.773
18.400
18.245
18.264
18.206
17.688
10.732
12.698
17.643
17.888
17.762
17.537
17.350
17.262
17.800
17.792
17.762
17.670
17.758
17.426
17.096
17.051
16.980
16.915
16.711
16.790
16.457
16.207
16.335
16.391
16.642
16.167
16.547
16.258
16.152
16.292
16.331
16.385
16.450
16.360
16.182
16.176
16.225
16.300
16.496
16.362
16.181
15.779
15.827
16.203
16.122
15.816
15.685
12.972
15.263
14.376
11.674
16.056
15.653
5.476
15.781
14.907
13.047
2.802
14.954
16.358
16.383
16.112
15.829
16.184
16.432
16.305
16.741
16.257
16.066
17.017
16.894
16.593
17.175
17.185
15.025
0.598
11.883
16.796
16.831
17.224
17.398
17.780
17.712
18.020
18.214
18.212
17.964
17.715
17.994
18.236
18.068
18.365
18.479
19.269
19.608
19.282
19.312
19.636
19.027
17.715
12.024
20.094
20.448
20.735
20.688
20.031
5.972
20.639
20.781
18.974
18.693
18.601
21.089
21.400
21.765
21.907
21.283
21.965
21.585
21.718
21.925
22.302
22.110
19.966
22.418
22.815
22.885
23.075
23.117
23.370
23.189
24.267
24.590
24.663
24.517
23.530
23.504
23.950
24.155
24.019
23.537
24.534
24.530
24.663
24.480
25.051
24.823
24.720
25.379
25.709
25.497
24.907
25.757
26.330
26.488
26.230
26.130
25.793
25.565
25.720
25.744
25.623
25.405
23.695
22.365
26.156
26.124
26.509
26.350
26.516
26.015
25.945
26.051
26.600
26.952
27.138
27.061
24.741
26.631
13.607
26.343
26.766
27.240
27.530
25.671
23.724
25.840
26.032
25.543
22.696
14.114
22.975
26.312
25.606
27.046
27.542
27.413
27.429
27.448
26.640
23.289
27.066
24.354
27.226
27.338
26.978
25.341
25.848
21.434
24.362
23.820
26.846
24.159
27.061
27.467
27.145
23.986
24.412
26.334
18.190
24.499
26.851
22.922
23.152
24.009
26.188
25.225
24.308
22.973
26.402
23.815
26.043
26.779
26.240
26.389
26.541
26.262
21.327
24.941
23.593
24.028
24.858
26.117
26.597
16.894
24.345
22.269
20.279
16.497
18.745
21.757
15.800
22.635
20.353
5.299
23.136
24.120
15.821
1.079
1.694
0.806
11.411
20.381
16.571
1.278
24.966
8.956
