20000101
16.159
16.094
16.273
16.334
16.248
16.380
16.224
16.442
16.048
16.139
16.598
16.454
16.428
16.907
17.318
17.291
17.094
16.817
17.092
17.215
17.006
17.138
17.096
17.402
17.416
17.638
17.902
18.482
18.514
18.671
18.707
18.003
18.369
18.174
18.083
18.792
18.910
19.209
19.290
19.260
19.094
19.600
20.053
20.009
20.240
20.405
20.404
20.802
20.796
19.005
16.331
20.854
20.584
14.508
3.932
21.527
22.082
21.782
21.843
21.665
21.463
21.769
22.105
22.399
22.825
23.161
23.325
23.470
23.815
23.662
22.761
23.031
23.162
24.421
24.090
23.690
23.258
24.834
25.060
24.841
24.111
23.476
24.907
25.247
25.253
25.270
25.687
26.076
25.908
25.460
25.047
25.214
25.602
25.987
25.788
26.058
26.536
25.779
25.775
26.569
26.481
26.015
26.054
26.132
26.089
26.022
25.128
26.664
27.200
27.104
27.022
26.542
26.344
17.714
26.307
26.337
26.644
26.513
26.694
26.644
27.142
27.269
25.440
27.241
27.249
27.011
20.696
25.223
19.194
20.924
21.516
23.742
18.408
20.155
17.278
21.451
26.094
24.597
19.261
10.877
25.862
24.694
27.064
26.975
27.292
27.347
27.441
27.410
27.626
26.270
22.994
22.566
26.158
27.102
13.400
20.401
14.544
26.177
23.107
23.759
20.993
26.836
26.050
22.467
23.301
26.181
26.880
27.111
27.290
27.335
26.013
17.391
18.384
23.199
23.918
24.780
27.027
27.162
26.766
20.070
21.463
12.632
12.350
23.640
22.235
15.358
22.330
18.276
22.241
3.928
24.775
19.079
12.946
13.394
11.117
8.175
3.291
5.736
20.010
25.232
10.271
8.005
2.894
20.153
23.120
26.334
26.509
25.521
26.308
20.432
6.767
14.311
20.488
22.111
25.615
13.516
26.129
26.172
25.887
22.618
17.592
23.368
20.110
11.671
23.307
6.511
2.274
17.960
13.871
11.024
24.647
3.042
19.442
7.183
19.985
23.938
24.258
20.702
23.008
23.213
23.711
21.033
9.894
7.794
19.290
23.544
17.653
17.989
3.808
22.464
23.521
22.190
23.723
23.617
23.637
23.711
23.211
21.545
23.198
22.474
23.143
23.094
22.749
22.415
18.031
19.592
16.623
13.081
15.282
18.424
20.028
21.908
22.512
22.136
22.426
22.391
22.299
22.233
21.857
21.755
21.588
18.481
19.043
19.149
18.997
19.199
18.098
16.631
21.022
21.636
21.254
20.997
20.912
20.813
20.670
20.459
20.118
19.612
19.564
19.339
19.595
19.796
19.839
19.788
19.714
19.571
19.286
19.190
18.845
18.550
18.483
17.902
17.929
17.891
17.903
17.864
17.381
17.722
17.672
17.682
17.390
17.340
17.355
17.492
17.643
17.380
17.313
17.049
16.606
16.740
16.696
16.429
16.749
16.763
16.876
17.319
17.373
17.173
16.942
16.674
16.490
16.383
16.361
16.299
16.241
16.180
16.113
16.052
16.227
16.172
16.115
16.154
16.007
15.839
15.962
16.265
16.298
16.464
16.333
16.343
16.432
16.418
16.425
16.336
3.860
15.703
16.095
16.203
16.292
16.344
16.604
16.319
16.382
16.628
16.783
16.747
16.513
16.590
17.022
17.196
16.840
16.893
16.570
17.005
17.019
17.113
17.357
17.259
18.300
18.497
18.524
18.632
18.467
18.100
18.167
17.395
17.960
18.242
19.101
19.361
19.408
19.656
19.748
19.764
19.845
19.824
19.699
19.804
20.202
19.591
20.050
20.290
20.334
20.373
20.558
20.355
20.549
21.556
21.235
20.836
21.055
20.519
21.394
21.315
21.828
21.600
22.495
22.321
19.649
23.145
23.196
23.063
23.307
23.620
23.581
23.249
18.536
17.725
23.110
22.702
23.346
23.794
24.230
22.707
23.477
22.857
22.072
10.142
22.713
22.689
24.522
24.011
23.978
25.128
25.816
25.331
25.562
25.735
25.694
25.571
26.108
26.404
25.318
25.987
26.545
26.417
24.314
24.529
17.306
23.867
22.059
22.894
14.981
16.806
17.875
26.364
26.918
27.196
27.427
26.678
27.408
27.493
27.559
27.197
27.370
26.657
27.126
27.309
27.355
25.505
27.236
27.060
26.730
27.416
27.395
27.383
27.633
27.591
27.481
27.378
27.416
26.969
26.998
23.056
23.503
25.289
25.902
20.905
27.375
27.461
25.375
23.831
26.088
15.420
25.639
23.700
24.111
15.299
21.401
15.194
24.095
22.721
10.612
18.664
16.968
22.054
15.125
19.108
13.379
23.369
23.219
22.916
13.362
19.049
20.805
23.363
26.596
27.068
27.235
26.897
25.143
17.445
18.956
21.876
25.335
17.893
13.597
5.805
15.942
20.274
2.323
16.240
23.506
25.855
19.101
24.656
19.413
2.148
11.390
14.371
17.476
6.832
5.254
4.919
6.487
21.542
15.656
10.719
11.497
10.995
18.513
17.828
15.285
22.524
22.446
9.544
15.466
23.057
24.614
25.263
19.796
13.958
24.772
24.037
22.237
24.550
24.966
13.713
24.453
22.018
23.386
23.509
23.543
4.172
2.681
4.521
24.706
13.039
23.157
5.974
17.142
23.179
21.836
24.423
24.786
24.776
22.628
18.205
24.326
22.863
23.642
23.042
22.437
23.937
23.777
11.748
21.131
21.897
23.680
23.572
23.093
20.432
18.316
20.003
16.834
9.441
20.262
18.294
14.414
16.584
14.674
14.646
18.032
21.206
22.199
22.435
22.707
22.456
22.217
21.529
14.543
15.228
13.152
12.769
21.325
20.329
20.588
20.362
17.934
18.297
7.021
19.916
13.265
20.541
20.465
20.862
21.140
20.775
20.673
20.526
20.175
20.288
20.229
20.033
19.825
19.658
19.537
19.344
19.074
18.923
19.031
18.926
18.851
18.731
18.720
18.429
18.322
18.207
18.673
18.717
18.521
18.231
18.319
18.353
18.251
17.787
17.539
17.239
17.304
17.088
16.998
17.341
17.179
17.166
17.213
17.179
17.019
17.072
16.870
16.848
16.813
16.769
16.509
16.603
16.562
16.280
16.172
16.114
16.022
15.710
15.654
16.004
16.124
16.131
15.838
15.812
15.702
15.704
15.789
15.914
16.516
16.620
16.547
16.440
16.157
15.912
15.995
16.108
16.171
16.042
16.277
16.374
16.331
16.406
16.457
16.526
16.260
16.058
16.549
16.741
16.707
16.541
16.594
16.616
16.191
15.551
16.503
16.962
13.728
17.318
17.272
17.383
17.379
17.559
17.608
17.347
16.048
18.146
18.701
18.666
18.847
18.928
18.645
18.676
19.145
18.353
18.567
18.709
19.673
19.989
20.130
5.726
13.333
20.257
20.126
20.051
20.045
19.878
16.404
17.205
20.126
20.581
20.414
20.799
20.707
21.153
21.603
21.549
21.410
21.276
21.221
21.608
22.547
22.364
22.116
22.553
22.227
22.071
21.232
20.748
20.514
10.450
16.156
9.887
21.042
23.320
24.210
24.181
24.384
22.681
18.707
24.236
24.417
24.341
24.368
24.734
25.222
25.606
25.854
25.933
25.531
24.242
26.317
26.551
25.885
25.114
22.085
16.574
8.123
25.548
26.070
26.200
26.370
26.203
25.446
25.752
26.402
26.092
25.598
25.028
21.601
26.742
27.180
26.007
27.091
27.367
28.659
28.035
27.502
27.829
27.710
27.665
28.026
28.112
27.752
23.920
28.000
27.890
27.576
24.598
26.645
26.845
27.107
26.910
27.241
27.202
27.223
22.327
26.963
27.910
27.472
27.425
27.433
27.209
26.916
27.586
27.660
27.787
27.211
22.695
10.655
23.572
25.375
19.521
23.485
24.204
25.963
27.370
26.814
27.251
27.597
24.458
14.627
17.231
20.114
16.914
17.853
21.389
26.249
22.706
20.621
24.219
20.591
20.299
22.802
19.260
8.910
8.019
19.992
22.880
7.293
6.888
26.196
26.715
20.889
25.279
26.944
26.181
24.379
24.519
26.826
20.780
14.517
23.692
24.039
22.515
19.674
13.011
24.691
19.768
22.328
15.576
10.898
6.473
6.156
9.010
5.154
10.048
20.668
26.302
25.598
26.407
25.270
20.458
17.739
13.721
11.537
5.591
12.312
22.202
3.522
23.627
19.272
20.483
4.680
3.555
4.659
7.256
4.913
22.312
21.038
24.142
24.438
13.021
21.156
19.274
23.742
7.834
15.574
8.523
21.954
22.959
11.902
22.821
23.542
22.910
22.599
21.286
15.171
16.680
17.309
23.119
19.586
20.437
14.952
23.974
23.702
23.855
23.553
23.592
23.451
22.985
19.777
19.141
18.002
14.475
17.568
12.932
11.399
16.758
18.038
20.735
9.549
18.714
19.639
22.252
21.986
22.069
22.249
21.943
21.814
21.541
21.503
21.239
20.711
17.324
20.818
20.885
20.664
20.306
20.003
20.325
20.350
19.925
20.078
18.969
20.172
20.063
19.994
19.915
19.949
19.771
19.311
19.085
18.890
19.266
19.269
18.942
18.789
18.624
16.302
17.948
18.182
17.878
17.633
16.392
17.487
17.001
17.391
17.784
17.942
17.767
17.533
17.358
17.382
17.127
17.084
16.941
14.967
16.689
16.957
16.890
16.766
16.177
16.659
16.787
16.788
16.393
16.771
16.484
16.132
15.751
15.826
16.099
16.079
16.249
16.020
15.852
15.758
15.733
15.749
15.793
15.814
15.367
15.609
15.742
16.074
15.976
15.585
15.987
15.686
15.743
15.972
16.077
12.839
15.911
16.089
16.223
13.392
15.965
16.084
15.808
16.133
16.476
15.640
15.266
16.298
15.872
16.731
17.356
17.243
17.453
17.675
17.501
17.469
17.059
17.194
17.297
17.443
17.558
17.053
14.889
15.588
17.403
17.881
17.900
12.461
18.120
17.640
17.948
18.546
18.793
18.771
19.184
18.985
19.024
18.984
19.398
19.850
19.875
20.019
20.015
19.601
13.946
13.061
20.391
20.330
20.508
20.202
20.012
20.992
18.948
20.832
21.014
21.147
21.183
21.284
22.607
23.686
23.023
23.155
23.362
23.295
22.989
22.895
23.069
23.850
23.570
23.262
22.108
23.831
15.134
23.509
24.137
23.950
24.447
24.010
24.258
24.402
24.390
24.830
24.618
24.191
24.656
24.980
25.026
24.866
25.055
22.980
24.642
23.141
25.266
25.702
25.655
26.122
20.466
16.077
19.925
25.792
26.150
25.667
25.704
22.524
25.732
26.489
26.510
26.467
27.076
27.184
27.296
27.243
27.013
27.219
27.773
27.724
27.461
27.375
27.772
27.314
28.447
27.783
27.528
27.717
28.233
28.336
28.099
27.824
27.634
27.561
28.164
28.540
27.780
27.464
24.692
27.181
26.780
27.138
27.507
24.943
24.921
27.419
27.735
10.415
27.361
23.060
26.937
28.025
27.004
22.019
23.806
27.623
27.325
27.358
27.179
26.195
27.026
27.491
27.048
27.269
22.867
23.275
17.983
22.527
16.843
11.571
20.723
10.757
15.248
16.793
17.680
18.248
17.388
11.618
23.607
22.493
24.265
24.460
16.360
11.294
15.694
17.429
3.617
20.989
22.316
21.857
17.887
15.213
7.079
25.760
16.415
23.522
17.473
11.457
24.590
23.144
24.287
11.867
8.936
9.816
17.690
5.597
11.394
9.452
18.278
4.994
6.022
12.262
12.337
9.146
13.722
13.211
18.432
23.203
23.882
25.059
23.219
22.778
21.994
5.920
22.452
20.185
25.143
20.086
16.492
21.412
23.732
22.122
23.293
21.477
20.013
12.692
16.953
12.696
6.472
14.656
19.598
21.516
0.785
8.568
5.916
14.633
12.373
21.050
15.465
21.698
5.028
11.823
21.776
22.629
9.699
22.782
20.473
17.031
18.717
17.600
8.557
20.816
18.886
18.641
16.653
17.469
9.208
15.616
9.345
19.817
22.035
18.193
20.023
13.258
16.722
16.252
17.747
22.433
22.222
22.139
21.084
20.907
18.177
20.997
21.640
20.532
21.229
20.964
20.885
20.393
20.345
20.334
20.593
20.504
20.239
20.265
20.218
20.160
20.002
19.821
19.725
19.426
19.277
19.131
19.012
19.106
18.332
18.420
18.221
17.280
18.071
17.707
17.893
18.027
18.374
18.492
18.131
17.730
17.510
17.490
17.292
17.019
16.909
16.949
17.266
16.970
17.016
17.326
16.183
16.066
16.414
16.318
16.596
16.070
16.632
16.519
16.770
16.532
16.437
16.337
16.130
16.319
15.792
15.913
15.812
15.919
15.585
15.610
15.606
15.541
16.208
16.071
15.939
15.887
15.731
15.946
15.794
16.051
15.985
15.912
15.648
16.314
16.275
16.158
16.137
16.174
16.054
16.108
16.074
15.849
15.409
15.465
7.137
16.073
16.304
16.211
16.313
16.343
16.389
16.499
16.249
16.434
16.753
16.993
17.178
14.056
16.669
15.237
11.509
16.575
16.567
17.673
17.950
17.834
17.300
12.683
17.090
18.420
18.949
19.328
18.910
19.305
19.695
19.583
19.351
19.457
19.340
19.724
19.722
19.410
19.707
19.987
20.185
20.405
20.422
20.228
20.479
20.849
21.018
21.197
21.353
21.357
21.701
21.578
21.851
22.163
22.130
22.332
22.242
22.141
21.689
23.118
23.547
23.726
23.285
23.399
23.438
23.395
23.373
23.711
23.621
23.931
24.186
24.561
24.522
24.825
24.374
24.494
24.235
24.472
24.946
24.870
25.263
24.935
25.254
25.365
25.480
23.772
25.213
23.667
24.528
25.347
24.667
25.540
24.342
25.428
25.581
25.601
26.154
25.711
25.832
26.044
26.300
26.439
25.261
26.298
26.307
26.673
26.370
27.067
27.036
27.114
27.359
26.971
26.735
27.071
26.527
28.595
28.106
27.962
28.175
27.883
27.535
24.474
12.880
10.868
11.491
21.242
17.387
21.782
16.261
25.799
26.880
10.128
27.329
27.633
27.778
27.485
27.456
27.318
27.480
27.535
27.284
27.758
27.784
27.975
27.885
27.756
27.741
20.672
27.619
26.017
25.871
27.575
27.076
14.707
12.488
15.261
22.984
20.270
9.388
18.905
10.165
8.383
19.133
8.147
26.759
25.931
26.956
26.975
25.390
25.707
25.408
18.016
17.700
22.560
24.779
25.951
22.693
14.193
25.426
8.344
12.621
18.469
23.666
25.129
20.048
20.309
26.309
26.712
27.085
26.728
18.870
16.681
10.318
22.412
22.741
21.332
26.024
25.682
22.608
19.670
17.230
8.659
6.262
18.388
8.136
8.273
12.434
21.419
14.034
18.782
8.118
6.439
13.691
19.526
2.684
11.426
16.886
4.636
19.661
17.150
4.020
21.878
11.838
19.745
12.874
23.111
23.282
24.338
22.087
8.772
19.636
18.763
24.538
24.370
24.402
20.696
24.576
24.518
24.296
22.358
18.868
21.766
20.600
23.215
22.800
23.797
23.354
23.641
23.593
20.735
23.261
13.797
21.676
21.700
17.607
14.324
18.527
14.731
20.834
17.693
20.621
15.758
20.323
17.896
20.436
20.259
18.156
15.591
20.100
15.522
18.527
20.270
20.552
17.623
20.144
20.515
19.013
19.883
19.346
21.182
20.919
20.701
20.894
20.833
20.722
20.523
20.236
20.084
19.424
20.041
19.841
19.908
19.670
19.825
19.409
18.302
15.609
19.296
18.978
17.099
18.280
17.883
18.915
18.808
17.390
16.496
18.175
18.380
17.558
15.234
17.398
17.618
17.591
17.153
17.364
16.788
15.071
17.144
17.113
16.952
17.001
16.840
16.662
16.572
16.504
16.381
16.389
16.559
16.525
11.730
16.285
15.836
15.439
15.988
15.885
15.734
15.813
15.541
14.750
15.495
16.035
15.906
15.841
16.018
16.199
16.221
16.162
16.128
15.162
15.568
15.293
15.675
15.024
15.731
15.985
15.829
15.546
14.210
13.993
12.276
16.284
16.364
16.359
16.074
15.926
16.067
16.559
16.478
16.286
16.334
16.841
16.874
16.763
16.382
15.585
8.726
17.266
17.264
17.171
17.167
10.947
17.556
17.257
17.039
12.252
17.236
5.227
18.189
17.898
17.189
17.733
18.558
18.745
18.529
18.576
18.065
18.632
17.695
18.196
18.931
18.913
19.181
19.250
19.094
19.375
19.262
19.990
20.121
20.987
21.569
21.630
21.247
21.811
21.587
21.163
21.109
21.132
21.183
20.709
20.527
17.762
21.275
19.857
22.082
21.638
16.595
21.149
13.980
18.589
22.758
22.963
23.592
23.710
23.424
23.303
24.207
24.282
24.073
23.989
23.956
24.430
24.712
24.664
24.683
23.111
24.651
24.565
24.950
26.254
25.956
26.373
26.224
26.331
26.275
26.391
26.173
26.051
26.725
26.609
27.729
27.463
27.274
27.139
26.897
26.608
24.386
26.280
27.476
27.278
27.238
26.525
19.341
23.612
24.460
24.041
26.404
25.998
25.442
17.649
13.385
17.182
24.055
16.430
14.373
15.045
16.281
22.595
26.791
27.567
27.711
28.115
28.269
27.802
27.879
27.498
27.511
27.526
26.370
25.367
27.329
25.917
28.031
21.180
25.642
27.819
27.992
18.633
23.255
23.811
21.063
27.941
27.922
27.636
28.128
21.675
25.081
25.357
27.496
22.008
22.313
27.674
24.699
24.318
11.358
26.989
27.086
27.050
27.192
25.494
21.651
22.170
24.054
19.239
22.386
21.189
18.384
19.289
23.456
14.863
19.495
20.356
23.467
24.704
22.577
25.226
22.885
20.119
8.787
17.172
15.709
11.764
24.054
8.981
21.088
24.655
23.576
5.439
4.618
23.833
22.557
24.357
26.365
23.642
23.895
3.513
16.282
15.003
18.465
12.785
8.948
11.546
22.654
19.285
18.637
11.645
10.778
22.490
7.214
14.378
12.858
15.527
25.464
25.185
24.964
15.377
21.050
24.560
10.838
7.721
24.643
23.590
24.588
24.403
24.314
24.413
21.326
24.974
24.602
24.054
23.074
24.391
24.272
22.688
24.607
19.498
18.295
23.946
22.752
17.904
9.941
14.028
22.147
17.484
21.020
21.397
20.979
16.247
16.009
16.854
17.913
14.490
15.886
21.903
21.956
21.701
14.074
0.877
21.940
20.606
21.424
20.279
20.946
21.716
20.323
22.097
21.725
21.881
21.869
21.629
21.311
21.485
21.441
21.242
21.000
20.746
20.748
20.636
20.722
20.419
20.507
20.053
13.344
20.382
19.946
19.847
19.791
19.962
19.458
19.484
19.602
19.392
19.542
19.563
19.280
19.006
18.854
18.449
18.235
18.400
17.951
18.183
18.246
18.644
18.535
18.195
18.203
18.117
18.005
17.845
17.644
17.341
17.615
17.497
17.502
17.335
17.235
17.030
16.887
16.773
16.563
16.449
16.820
16.528
16.174
16.403
16.261
8.414
16.449
16.673
16.665
16.441
16.530
16.585
16.507
16.561
16.350
16.257
16.210
16.017
16.121
16.390
16.332
16.153
15.959
15.966
15.918
16.071
16.392
16.282
16.096
16.196
15.921
15.763
16.106
16.082
15.722
15.697
16.182
16.024
15.908
15.744
16.266
16.505
16.455
16.599
16.630
16.597
16.556
16.695
16.776
16.748
16.870
16.555
12.534
11.642
17.510
17.506
17.769
17.820
17.869
18.065
17.936
18.001
17.256
18.236
18.340
18.109
18.049
18.441
18.939
19.227
19.326
19.443
19.076
19.191
19.596
19.576
19.697
19.880
19.869
19.859
19.867
19.898
19.942
20.210
19.745
20.762
20.953
21.234
21.142
21.013
13.905
7.031
17.575
21.690
21.919
21.564
22.106
22.543
22.732
22.870
22.608
4.021
15.982
16.927
22.839
20.069
14.945
11.529
23.359
23.656
23.245
10.444
23.372
24.253
24.272
23.764
24.042
24.227
25.060
25.083
25.726
25.842
25.840
25.820
24.144
25.095
25.359
25.376
25.345
25.419
25.380
25.549
25.382
26.181
26.029
26.273
26.620
25.483
24.019
26.098
19.640
26.955
26.200
26.268
26.532
20.367
26.529
25.573
26.013
26.857
26.865
26.975
26.659
24.353
26.731
27.418
27.301
27.582
27.308
27.719
27.901
27.690
27.796
27.664
26.820
27.471
27.470
27.288
27.091
26.920
20.656
25.097
24.737
26.686
15.330
24.058
23.594
24.564
25.884
27.308
27.406
25.532
26.219
21.664
25.581
11.726
8.357
21.700
26.586
25.154
27.326
19.926
25.812
19.568
24.286
27.661
25.073
25.470
25.569
21.174
27.584
27.792
25.721
19.728
23.784
24.929
22.313
20.421
17.254
14.946
10.951
14.495
10.685
23.892
23.214
21.590
19.014
16.635
17.377
18.013
21.041
7.028
11.284
21.912
4.006
6.997
4.149
13.305
25.153
17.055
19.929
14.118
16.649
8.875
3.466
4.479
18.670
18.137
11.130
11.549
24.519
14.071
18.260
12.582
11.507
11.077
1.345
6.612
16.668
6.706
20.540
19.762
3.227
14.011
6.810
9.843
6.593
19.050
20.906
23.649
11.452
17.593
20.433
11.548
1.674
3.707
11.917
8.558
17.890
20.588
14.335
9.380
5.602
5.516
24.169
21.260
1.132
15.039
17.966
21.415
21.821
21.778
12.967
10.895
19.549
21.729
22.828
18.581
15.980
20.217
21.871
21.635
22.552
22.522
21.094
21.548
19.942
19.483
21.211
20.900
17.600
19.536
21.495
20.706
19.586
14.089
20.069
21.299
21.324
21.439
21.809
21.825
21.682
21.755
21.390
21.169
21.186
21.159
21.223
20.745
16.317
19.685
20.242
19.968
20.104
19.856
19.645
17.988
16.393
19.080
19.409
19.387
19.199
19.114
19.099
19.114
18.952
18.913
18.942
18.778
18.615
18.746
18.634
18.280
14.555
15.729
18.094
18.011
17.981
17.798
17.676
17.437
17.435
17.335
17.227
17.188
17.136
16.952
16.575
16.813
14.404
16.923
16.937
16.952
16.937
16.611
4.884
16.013
16.334
16.263
16.071
15.838
15.097
13.445
15.676
15.792
14.914
15.937
16.091
16.113
16.050
15.805
15.520
15.714
15.803
16.086
15.908
15.909
15.960
15.910
15.583
15.490
15.348
14.148
15.774
16.013
16.005
15.950
15.983
14.689
15.716
15.944
15.952
15.978
16.001
16.212
16.189
16.154
16.153
16.302
16.473
16.670
16.544
16.545
16.908
17.124
16.958
16.939
16.545
17.341
17.331
17.595
17.615
17.785
17.268
17.317
17.155
16.219
16.335
17.985
18.344
18.416
18.287
18.553
18.857
18.435
18.437
18.913
16.990
12.569
18.846
19.424
18.455
19.693
12.830
19.864
20.053
19.749
20.353
20.524
20.475
19.684
15.364
16.420
21.004
20.960
21.346
21.495
17.871
21.538
21.839
22.010
22.312
22.433
22.781
22.914
21.931
22.226
22.349
21.475
18.590
23.424
22.670
23.540
23.451
23.607
19.115
23.049
23.629
24.250
24.397
24.195
24.644
24.677
24.973
25.070
25.186
24.977
24.358
17.514
25.247
25.844
25.727
25.183
25.066
25.572
25.703
25.633
25.864
26.228
26.264
26.392
26.089
24.886
26.456
24.798
24.857
19.341
21.590
25.321
26.517
26.948
25.955
26.737
27.169
27.176
24.909
25.593
22.244
26.976
19.223
24.371
26.520
17.750
20.864
17.014
23.836
26.729
27.176
27.286
27.424
27.417
27.361
27.336
27.271
27.221
26.935
26.040
25.254
21.958
27.836
27.782
27.768
27.855
27.127
24.333
20.730
15.407
22.731
23.760
13.715
20.898
15.033
9.737
11.050
12.009
25.245
26.878
27.212
27.150
26.982
26.828
25.864
23.203
13.724
20.918
19.926
21.330
21.496
16.354
10.686
24.004
21.388
14.007
8.506
17.119
23.046
17.700
12.206
15.272
17.281
17.127
2.668
3.657
5.097
7.119
12.288
8.196
10.124
3.828
21.588
18.790
23.487
21.345
23.323
25.286
24.091
25.921
24.565
23.270
25.063
22.877
24.659
23.558
19.205
15.548
24.991
22.399
25.070
24.101
21.792
23.466
21.492
1.414
19.321
18.642
19.229
21.036
21.836
3.216
8.860
12.940
8.366
4.540
3.151
5.575
15.697
6.418
17.875
24.579
21.277
3.620
19.698
16.938
24.082
23.855
23.258
21.000
22.478
21.036
18.105
21.308
19.842
21.369
22.555
20.785
18.475
21.217
12.314
21.576
18.130
22.356
18.440
22.771
22.553
23.111
19.353
20.480
21.953
15.283
19.463
19.542
21.707
20.747
21.777
13.113
20.754
19.696
10.709
14.109
18.622
21.529
21.778
21.733
22.094
21.962
21.867
21.466
21.029
20.714
18.359
13.841
12.327
16.956
21.172
20.999
20.879
20.903
21.118
21.076
20.698
20.547
20.579
20.183
19.805
19.801
19.498
19.464
19.472
19.215
19.240
19.366
19.122
18.718
19.396
19.162
18.039
18.255
18.436
17.926
17.570
15.643
17.889
17.871
17.938
17.933
17.854
17.646
17.713
17.870
17.754
17.629
17.519
17.697
17.419
17.285
17.252
17.259
17.196
17.103
16.701
15.900
16.360
11.222
15.180
16.279
16.094
16.000
14.066
15.749
16.658
16.281
15.932
15.728
15.756
16.101
15.954
16.069
16.045
16.307
15.951
15.846
15.887
15.816
15.963
14.816
15.006
15.134
15.706
15.704
15.639
16.240
16.333
16.242
16.193
16.153
16.160
16.014
15.491
15.703
15.735
15.206
15.980
15.935
16.405
15.730
16.629
16.614
15.768
16.262
12.420
16.786
17.423
17.384
16.405
15.595
17.572
17.856
17.919
17.851
18.070
17.557
17.705
18.226
18.834
18.833
18.146
18.417
19.133
19.121
18.875
18.011
19.520
19.978
19.935
20.328
20.609
20.905
20.477
20.281
20.428
20.797
20.688
21.063
21.102
21.021
21.125
20.542
21.347
21.791
22.320
22.516
22.543
22.475
22.607
22.542
22.328
22.425
22.683
23.004
22.767
23.346
23.203
21.139
14.912
21.498
14.699
22.362
23.027
23.579
23.806
24.395
24.184
24.258
24.680
24.605
24.575
21.342
21.972
22.747
24.075
14.736
24.847
16.918
24.848
23.708
24.966
18.814
18.752
16.200
25.234
23.629
25.188
25.181
23.040
25.469
24.027
25.684
26.146
26.462
26.130
26.372
27.016
27.193
27.029
26.735
26.580
27.225
27.229
27.403
27.288
27.477
27.513
27.173
27.265
26.885
24.548
26.820
27.285
27.389
25.398
23.799
25.508
20.620
24.347
23.774
26.966
26.748
26.370
27.297
27.213
27.101
27.045
27.355
27.406
27.538
26.265
27.003
27.351
27.998
27.417
26.817
26.553
27.571
25.744
27.401
24.849
22.110
19.096
21.193
13.714
24.084
24.504
18.962
19.628
22.638
14.875
2.328
16.056
20.780
14.022
14.032
19.227
24.262
7.106
10.657
21.212
20.662
22.724
25.146
4.731
8.240
17.707
14.541
23.197
9.920
22.884
21.845
20.576
23.479
20.181
22.274
7.491
11.956
6.006
6.771
16.236
2.994
7.332
22.651
24.459
25.211
26.140
19.816
20.574
12.033
23.040
19.229
19.584
1.973
17.279
18.045
3.860
19.035
21.540
24.925
18.282
15.392
16.984
21.323
20.368
14.453
9.437
18.013
15.027
13.327
18.339
20.192
2.387
13.348
5.429
21.977
24.331
21.206
15.851
22.263
18.312
23.696
24.651
24.146
21.235
23.155
6.477
3.751
23.948
23.376
24.153
23.070
23.169
21.957
16.109
20.077
18.673
23.341
22.232
21.408
13.007
21.285
15.398
22.552
22.496
19.185
17.515
19.798
15.671
20.270
18.999
22.342
19.812
22.081
21.896
20.198
20.492
22.204
21.993
21.571
21.988
21.650
16.220
20.743
19.979
20.398
20.919
21.041
14.938
14.807
20.247
16.263
20.922
21.023
21.075
20.841
20.629
18.397
15.218
20.079
20.226
20.164
20.241
20.155
19.866
19.755
19.765
19.527
19.839
19.085
18.996
18.866
18.872
19.155
18.960
18.945
18.764
19.070
18.656
18.514
18.452
18.436
18.305
18.242
17.843
17.736
17.675
17.386
17.024
17.082
1.782
2.253
16.986
17.533
17.422
17.468
17.279
17.101
17.050
17.011
16.588
16.641
13.539
5.147
14.723
15.888
14.952
15.616
14.201
14.585
15.797
15.076
15.515
15.731
15.758
15.685
15.521
15.603
15.499
15.309
13.437
7.791
10.329
14.559
15.707
15.910
16.064
16.264
16.419
16.353
16.288
16.032
16.179
16.216
16.159
16.180
16.113
15.942
11.924
16.019
14.073
15.695
4.552
15.513
15.300
11.727
8.256
11.773
11.569
16.314
12.753
16.511
15.735
14.955
13.291
17.080
17.220
15.290
17.427
17.658
17.967
18.187
17.666
18.537
18.443
18.449
18.649
18.976
18.721
18.760
18.930
19.193
19.176
19.492
19.163
19.748
19.431
19.227
19.556
19.870
20.190
20.308
20.265
20.440
20.223
20.149
20.533
20.895
20.915
21.086
21.017
21.175
21.409
21.411
22.000
22.198
21.896
22.492
22.715
23.354
22.826
22.987
23.324
23.346
23.181
23.429
21.865
23.813
23.808
23.658
23.824
23.684
20.987
22.540
20.545
23.318
22.992
24.509
24.669
19.466
23.957
20.441
23.130
24.608
23.608
22.252
23.797
24.662
20.320
24.365
25.358
25.869
25.791
26.172
26.490
26.658
27.008
26.687
17.774
25.228
26.631
27.263
27.228
27.070
27.221
27.291
28.025
27.053
27.361
27.877
27.898
27.701
27.535
27.115
27.278
26.316
27.400
27.171
27.270
26.477
25.021
27.292
27.786
27.220
25.589
24.032
26.441
24.205
24.212
26.996
24.597
23.741
20.965
26.292
27.301
23.883
24.813
22.501
25.992
27.776
27.772
25.983
27.135
25.264
22.197
26.208
26.905
27.147
25.292
27.392
26.156
27.675
26.560
26.918
26.596
25.573
24.153
24.353
27.259
26.009
26.036
26.670
20.890
24.755
24.175
25.509
8.969
22.996
18.174
26.007
19.706
12.374
10.038
22.142
23.569
21.445
8.463
17.086
14.677
15.088
19.077
22.619
22.415
3.103
17.489
24.553
18.396
25.193
4.611
23.696
24.713
20.205
16.577
9.331
22.443
8.349
12.684
16.602
2.391
4.072
4.643
7.645
8.542
6.483
20.347
20.133
22.948
8.371
25.816
25.372
10.729
20.558
13.262
7.276
23.935
24.343
22.161
15.963
7.488
14.103
18.501
15.381
21.493
23.447
23.986
24.496
24.200
23.497
24.382
19.983
14.075
8.472
13.915
10.125
15.641
6.212
19.667
21.375
12.788
23.247
22.601
22.225
21.793
21.095
24.039
22.375
15.680
23.228
22.352
23.630
23.780
23.684
23.408
23.433
23.027
22.724
23.199
22.881
22.818
22.639
22.718
22.446
22.355
21.324
21.694
21.839
21.384
22.161
21.210
19.611
19.797
15.256
15.275
15.510
21.352
21.131
20.530
17.738
15.421
18.692
9.608
20.541
20.308
15.284
17.900
20.226
20.389
20.286
20.177
20.452
20.529
20.108
19.765
19.573
19.375
18.528
19.135
19.184
19.232
19.033
18.780
18.598
18.541
18.498
18.116
17.655
17.345
16.258
7.319
3.844
15.779
14.376
16.874
16.790
17.304
16.988
16.965
17.014
17.148
17.347
17.136
16.552
17.145
16.724
16.727
16.219
16.429
16.236
16.467
16.527
16.296
16.111
16.127
16.217
16.164
15.823
16.012
15.030
16.109
15.643
15.235
15.151
15.504
15.342
14.630
15.738
15.752
13.195
11.882
15.139
12.807
15.623
16.085
16.054
16.014
15.812
4.945
15.629
15.950
16.137
15.533
11.828
16.026
16.777
16.670
16.712
16.426
16.542
16.339
15.930
13.495
16.739
16.788
16.888
17.045
17.152
17.207
17.321
17.459
17.383
17.557
17.654
17.709
17.726
17.812
17.753
17.570
17.891
18.164
18.596
18.277
18.291
18.140
17.580
18.320
18.354
18.545
17.121
19.197
19.695
15.656
19.354
19.392
19.694
20.112
20.462
20.669
20.983
21.108
20.919
19.625
17.456
21.026
21.084
21.328
21.444
21.672
21.961
21.864
21.492
19.488
21.345
20.189
18.576
20.947
22.545
22.831
23.042
22.734
23.441
23.470
23.429
23.398
23.362
23.065
23.535
23.813
24.224
24.451
24.457
24.482
24.669
24.449
24.565
24.971
25.216
25.192
25.066
24.999
24.704
24.989
25.685
25.611
25.704
25.703
26.170
21.208
19.441
26.311
26.212
26.071
26.215
26.441
26.485
26.259
26.501
26.626
26.238
25.914
26.136
26.650
26.982
27.000
26.589
26.917
26.561
26.986
26.838
26.931
26.473
27.022
22.866
25.985
26.826
26.983
26.930
26.918
27.147
27.613
27.268
27.113
27.489
26.966
27.416
27.625
27.531
27.991
26.270
27.474
28.296
27.952
27.778
27.745
27.452
27.130
27.209
27.136
27.397
26.616
27.603
27.816
19.764
18.158
26.813
25.486
23.948
12.632
24.002
27.416
24.195
26.542
26.769
23.465
19.746
7.058
15.557
20.158
20.811
27.343
25.771
23.286
25.776
23.832
22.413
25.964
14.811
12.780
21.868
23.712
24.091
24.099
18.283
13.483
12.783
7.090
20.912
23.578
21.276
24.043
25.238
20.021
7.582
17.748
24.779
21.684
14.794
20.561
21.292
14.353
21.247
19.265
20.607
14.323
7.307
5.129
23.551
5.715
22.620
23.805
22.503
17.913
4.305
15.634
19.202
13.764
11.627
18.346
22.980
18.099
11.419
21.423
24.955
23.863
23.675
14.593
22.913
22.823
22.630
21.914
20.286
14.994
19.987
23.064
22.982
22.424
23.423
22.642
23.560
23.851
21.299
21.501
21.774
18.623
20.295
23.042
19.534
13.508
20.571
12.383
21.457
21.626
9.909
13.441
11.201
20.024
20.303
21.129
22.588
22.870
22.806
22.222
22.737
22.901
22.701
22.353
22.624
22.563
22.299
22.185
22.311
21.672
21.908
22.080
21.738
21.734
21.248
20.113
21.608
21.420
21.557
21.638
21.112
20.572
15.918
20.036
20.535
20.527
20.444
19.764
19.240
18.877
17.035
19.485
19.356
19.525
19.506
19.291
19.038
19.091
19.322
18.868
16.068
18.647
18.938
18.823
19.048
18.821
18.692
18.672
18.354
16.370
15.688
15.049
10.911
12.983
15.015
16.565
12.389
12.821
16.187
15.530
15.924
16.891
11.191
1.301
2.086
2.961
13.950
15.838
15.673
16.154
15.944
16.080
16.077
16.122
16.559
16.150
15.856
16.053
16.580
16.350
16.063
16.105
16.379
16.306
16.283
16.183
16.337
16.297
16.253
16.219
16.299
16.314
16.410
16.318
15.994
16.005
16.184
16.021
15.514
5.353
13.295
14.293
16.503
16.413
16.561
16.710
16.407
16.561
16.809
16.699
16.600
16.767
16.985
16.710
16.503
16.253
16.382
16.884
17.333
17.063
16.717
17.016
17.254
17.056
17.119
16.791
16.848
17.488
18.239
17.866
17.577
17.693
17.342
18.203
18.171
18.306
18.600
18.873
18.735
18.752
18.488
18.128
18.972
19.056
19.157
19.237
19.325
19.566
13.129
19.880
19.823
20.179
20.422
20.227
20.880
20.119
20.909
20.968
21.097
21.075
21.527
21.366
20.850
20.934
20.537
21.493
21.913
22.074
22.197
22.317
22.934
23.355
23.700
23.474
23.410
23.514
23.442
23.942
23.529
24.067
24.462
23.746
24.191
24.402
24.264
24.495
24.417
24.774
24.981
25.280
25.054
25.148
25.382
25.111
25.051
25.878
25.588
25.755
25.275
24.239
25.734
25.293
25.044
22.360
23.362
24.335
24.394
24.534
24.391
25.512
25.904
26.800
26.711
25.142
27.017
27.229
27.469
27.198
27.415
26.893
26.947
19.545
23.900
22.081
26.955
26.300
26.862
26.723
27.862
26.791
27.009
27.508
27.394
27.322
26.019
27.150
27.608
26.972
25.220
20.207
26.888
27.536
27.088
26.379
26.735
26.958
27.175
27.411
27.162
25.841
26.269
27.593
27.654
27.445
27.418
25.630
21.150
24.239
27.528
26.749
26.020
25.907
24.726
25.876
26.721
25.935
26.353
18.793
26.353
25.395
22.329
25.777
23.829
21.927
20.263
19.086
16.217
2.410
24.388
23.221
5.629
14.531
10.700
24.980
20.250
26.214
25.501
25.206
21.468
8.131
23.646
21.127
9.561
3.865
22.696
26.188
23.013
12.714
2.161
11.053
20.771
22.000
22.822
19.326
15.585
18.488
2.527
11.782
7.406
23.471
21.311
18.833
13.999
12.775
21.835
18.285
22.214
0.938
15.793
21.227
21.198
14.965
12.011
13.028
4.851
5.739
5.817
12.852
3.527
11.063
5.776
22.876
18.634
22.087
18.518
23.190
23.865
23.350
16.104
20.732
21.727
16.470
23.327
22.470
21.087
20.234
17.369
23.138
19.956
5.433
1.626
6.703
6.726
15.771
18.963
15.845
12.797
12.609
14.515
21.787
22.356
22.080
17.315
21.225
21.718
20.880
21.745
21.484
20.075
21.902
21.814
21.633
21.928
21.876
20.349
21.132
21.788
21.994
21.957
21.769
21.510
20.771
20.768
21.089
21.140
20.940
20.717
19.501
13.542
20.108
20.094
19.484
17.728
20.281
20.512
19.856
19.903
20.232
20.058
19.701
19.573
19.673
19.380
19.367
19.212
19.287
19.134
18.955
19.017
17.853
5.689
17.941
18.061
18.075
17.568
18.001
17.878
17.747
17.448
17.488
17.581
17.525
17.378
17.369
17.386
17.466
17.505
17.182
17.261
17.044
16.636
16.620
16.574
14.422
14.255
15.777
16.015
16.261
16.022
15.723
15.869
15.957
16.234
16.144
16.173
15.887
16.336
16.879
16.711
16.411
16.242
16.220
16.251
16.171
16.065
16.035
16.081
16.003
15.641
15.809
16.057
16.163
16.144
16.130
16.065
16.285
16.060
13.461
15.833
16.013
15.915
15.894
15.557
7.868
16.434
16.526
16.420
16.671
16.513
16.760
16.998
16.780
16.577
16.268
16.856
17.254
17.095
17.357
17.523
17.100
17.288
17.318
17.366
17.594
17.686
17.772
18.098
18.155
18.594
18.698
18.702
18.495
18.396
16.569
18.440
18.859
20.305
19.820
19.600
19.480
19.351
19.254
19.650
19.713
19.227
20.150
20.063
20.331
20.592
20.653
20.713
21.017
21.463
21.704
21.589
21.567
22.089
22.546
22.080
21.975
21.838
22.017
22.348
22.685
23.105
23.758
23.853
23.967
23.715
23.802
23.920
23.602
23.649
23.691
24.305
23.851
24.382
24.666
25.442
25.391
25.479
25.613
25.431
25.392
24.665
23.485
24.856
24.802
24.873
24.826
24.697
24.970
24.693
23.132
22.408
24.922
25.145
25.989
25.559
24.931
25.118
25.626
24.287
25.751
25.807
24.597
24.135
22.261
6.261
26.153
26.695
26.899
25.154
25.310
26.768
26.848
26.983
27.355
27.434
27.822
27.550
25.161
26.928
22.973
24.885
22.145
20.818
25.994
20.041
26.824
27.185
26.894
22.376
27.289
27.497
27.298
27.514
26.231
27.824
27.169
24.418
27.795
27.436
27.726
28.153
26.214
27.432
27.757
27.501
27.711
27.315
27.447
26.400
25.672
27.501
24.112
19.262
20.425
20.364
26.779
19.010
17.021
15.438
22.707
16.875
23.322
24.610
25.712
21.259
20.932
26.442
26.202
26.129
25.467
25.527
25.180
26.038
25.394
25.105
22.268
17.153
15.684
17.106
15.152
3.482
19.057
25.206
23.616
15.995
3.835
14.284
22.139
3.111
7.903
23.077
24.277
25.509
24.676
9.900
18.648
25.386
24.103
13.126
12.423
19.199
13.116
23.374
6.113
9.627
15.149
2.369
4.133
3.571
4.186
24.236
23.354
25.245
14.133
20.016
22.191
23.811
14.373
10.275
17.230
3.552
3.831
6.124
5.916
18.924
24.076
18.932
8.512
15.849
7.880
13.544
3.640
23.083
23.043
20.100
23.787
23.680
23.451
23.418
23.288
21.939
22.900
23.339
19.283
1.007
3.495
20.656
20.717
16.818
3.529
17.699
5.273
22.058
20.927
19.368
20.740
21.342
21.405
21.902
21.333
21.208
21.122
22.091
22.314
22.093
22.113
21.819
21.544
21.541
21.573
21.485
8.805
21.641
21.318
20.974
19.540
20.829
21.329
21.107
20.902
20.869
20.806
20.413
20.447
20.356
20.177
17.602
19.932
19.749
19.645
19.363
19.715
19.671
19.587
19.782
19.685
19.541
19.440
18.958
18.862
18.279
19.317
19.057
18.813
18.842
18.411
18.156
18.067
18.091
17.819
17.794
17.489
17.444
17.567
17.804
17.631
17.545
17.165
17.094
17.092
17.003
16.894
16.713
16.694
16.707
16.679
16.538
16.431
16.518
16.496
16.086
15.938
16.114
15.872
15.976
15.855
15.838
16.229
15.829
16.006
16.052
15.719
15.630
15.440
15.564
15.602
15.483
15.708
16.333
16.461
16.141
16.115
16.246
16.269
16.244
16.151
16.186
15.706
15.715
16.118
16.081
16.422
16.521
16.493
16.602
16.674
16.808
16.876
16.660
16.642
16.481
16.513
16.138
16.570
16.280
15.992
16.694
17.377
17.502
17.845
17.813
17.732
17.715
18.191
18.020
18.280
18.536
17.823
18.257
15.054
15.232
17.836
17.782
17.884
17.584
18.299
19.138
19.536
19.983
19.786
19.167
19.066
19.170
19.006
19.295
14.938
20.021
20.246
20.224
20.232
20.465
20.368
20.483
20.690
21.454
21.511
21.502
21.843
22.436
22.629
22.865
22.933
23.023
22.832
22.702
22.956
22.952
22.940
23.034
23.214
23.602
23.421
23.386
23.239
20.524
23.469
23.935
23.866
23.263
24.605
19.612
24.317
24.315
24.854
23.720
16.978
24.041
24.687
24.924
24.600
25.123
25.353
25.448
24.607
25.752
25.978
25.858
25.106
25.048
25.300
26.092
26.503
26.303
26.066
26.243
26.363
26.252
23.030
23.458
20.895
22.946
19.200
23.803
21.510
23.285
26.324
27.067
26.494
26.684
26.770
27.238
27.590
27.310
26.869
27.349
26.993
27.249
27.692
28.077
25.813
27.451
23.654
26.081
26.132
25.617
25.972
26.440
27.377
28.046
27.456
27.756
28.063
27.394
27.385
27.386
27.327
23.779
25.826
26.129
23.997
20.900
25.246
20.950
24.138
18.256
23.578
20.114
24.081
25.434
15.879
12.847
24.710
15.712
26.274
21.480
25.017
19.136
17.441
7.370
23.382
25.379
25.446
25.915
26.429
23.940
21.762
6.387
25.683
25.915
19.989
22.947
23.966
22.463
9.301
5.660
20.238
21.193
5.630
23.114
20.237
23.240
6.092
8.141
4.345
15.138
1.778
24.935
14.271
13.684
13.673
11.605
16.471
21.168
12.694
25.749
16.748
23.722
21.581
8.432
4.822
6.191
13.821
12.356
25.129
5.696
19.131
23.773
19.608
12.516
9.023
18.533
10.196
18.976
13.612
17.079
7.987
11.091
21.924
23.807
24.194
23.319
22.537
0.807
3.773
18.172
10.810
21.230
22.064
24.030
22.151
18.440
23.692
23.919
23.958
23.626
22.817
23.514
23.853
23.875
23.220
23.495
23.800
23.734
23.446
18.192
22.602
22.266
22.164
21.557
22.167
20.771
23.255
22.988
1.502
18.998
17.871
17.222
2.973
5.747
21.428
10.919
7.566
16.109
20.525
20.489
10.081
20.881
16.500
18.979
20.381
20.069
18.909
20.266
20.266
20.326
18.885
19.948
18.603
20.516
20.258
19.248
18.646
20.055
20.289
20.135
19.918
19.761
19.383
19.441
19.308
19.305
19.086
19.111
19.012
18.827
18.445
18.321
18.322
18.339
17.961
10.905
11.942
17.137
17.852
17.820
17.549
17.390
17.337
17.948
17.790
17.823
17.789
17.738
17.426
17.111
17.087
17.048
16.964
16.869
16.833
16.551
16.302
16.324
16.459
16.703
16.380
16.601
16.258
16.275
16.310
16.299
16.356
16.418
16.315
16.143
16.173
16.243
16.333
16.528
16.373
16.156
15.776
15.935
16.131
16.093
15.845
15.711
15.467
15.331
14.545
12.470
16.121
15.828
10.948
15.994
14.958
13.970
2.439
15.404
16.351
16.412
16.096
15.899
16.232
16.411
16.359
16.803
16.401
16.150
17.000
16.921
16.657
17.158
17.184
12.838
0.700
14.936
16.942
16.930
17.320
17.544
17.865
17.678
18.007
18.212
18.228
17.997
17.763
18.047
18.226
18.075
18.414
18.609
19.309
19.739
19.282
19.407
19.738
19.005
18.415
13.998
18.343
20.581
20.779
20.798
20.145
9.882
20.932
20.927
17.808
19.429
17.388
21.302
21.436
21.934
21.962
21.395
22.154
21.857
21.993
22.167
22.484
22.298
19.718
22.493
23.051
23.139
23.251
23.254
23.500
23.385
24.409
24.768
24.774
24.634
23.692
22.570
24.110
24.308
23.983
23.607
24.773
24.755
24.668
24.542
25.229
24.956
24.869
25.548
25.970
25.710
24.883
26.152
26.600
26.621
26.336
26.296
26.025
25.594
25.875
24.584
25.776
24.564
23.507
16.956
26.298
26.338
26.605
26.442
26.700
25.802
26.362
26.476
26.391
27.143
27.478
27.414
23.312
26.874
10.515
22.839
25.893
27.432
27.965
26.438
21.946
26.137
25.979
24.317
22.657
11.281
23.390
25.842
25.647
27.520
27.727
27.691
27.591
27.012
26.980
21.793
26.301
19.507
27.424
27.574
27.242
22.902
26.195
18.660
20.100
19.201
25.174
23.302
27.345
27.708
27.481
23.961
23.941
26.665
18.768
25.932
27.026
22.836
22.619
22.779
26.647
26.939
24.197
24.937
26.924
24.857
26.394
27.072
23.837
27.070
26.757
26.609
17.603
26.069
23.152
24.264
25.004
26.675
26.881
19.020
22.689
22.296
19.357
16.510
23.095
21.449
15.702
21.914
14.274
10.079
23.460
24.511
13.812
1.772
2.112
0.970
12.731
20.481
21.884
5.976
25.301
8.371
