20000101
16.177
16.027
16.179
16.240
16.143
16.320
16.142
16.354
15.262
15.757
16.588
16.448
16.468
16.921
17.271
17.301
17.169
16.834
17.042
17.166
16.978
17.172
17.088
17.337
17.332
17.583
17.872
18.525
18.484
18.594
18.773
18.226
18.513
18.217
18.134
18.939
18.853
19.188
19.248
19.211
18.738
19.724
20.043
19.952
20.211
20.362
20.413
20.848
20.773
18.284
13.812
20.900
19.964
18.165
4.029
21.648
22.077
21.777
21.788
21.611
21.480
21.897
22.204
22.501
23.035
23.287
23.445
23.509
23.908
23.713
22.901
23.206
23.570
24.484
24.210
23.884
23.360
25.017
25.182
24.905
24.082
20.064
24.938
25.264
25.273
25.324
25.764
26.145
25.983
25.518
25.123
25.365
25.845
25.993
25.852
26.311
26.748
26.049
26.030
26.767
26.657
26.130
25.785
26.251
26.294
26.386
24.742
26.523
27.394
27.189
27.174
26.728
26.599
16.638
26.564
26.615
26.910
26.388
26.625
26.843
27.474
27.511
23.272
27.424
27.525
27.334
21.686
24.791
16.365
17.311
20.292
21.749
17.815
18.522
16.839
23.311
24.552
21.594
16.375
10.515
26.153
23.186
27.363
27.313
27.629
27.713
27.793
27.782
27.917
24.944
20.874
19.867
25.561
27.249
15.795
20.259
10.633
25.937
24.342
24.778
15.817
25.286
23.864
17.790
21.639
26.142
26.120
26.935
27.648
27.682
25.700
15.844
23.596
23.179
23.125
24.918
27.376
27.617
27.337
18.866
20.957
10.706
10.303
22.857
21.291
8.616
19.832
13.334
21.884
8.428
22.865
19.541
12.783
11.323
10.162
10.578
2.825
3.438
20.368
25.006
14.405
7.400
1.665
17.172
22.835
26.571
26.812
26.299
26.595
14.230
6.224
14.146
22.956
22.748
25.802
18.846
26.356
26.402
23.976
18.537
10.202
19.932
14.941
8.657
23.537
1.999
1.915
17.852
19.088
10.382
24.690
2.430
20.402
10.985
20.820
24.075
24.490
20.865
22.126
21.538
23.712
19.173
8.229
8.522
19.698
24.228
16.595
13.052
8.163
22.124
23.406
22.739
23.925
23.816
23.394
23.811
22.504
19.052
21.760
22.077
23.286
23.207
20.912
19.653
15.730
15.145
12.189
10.882
8.603
14.206
18.388
22.309
22.657
22.309
22.584
22.489
22.408
22.350
21.985
21.875
21.575
17.009
12.629
17.001
18.065
17.708
16.882
18.508
21.286
21.698
21.320
21.054
20.997
20.922
20.719
20.487
20.219
19.637
19.565
19.404
19.661
19.861
19.870
19.824
19.747
19.603
19.247
19.157
18.811
18.571
18.507
16.895
17.777
17.865
17.915
17.891
17.217
17.696
17.663
17.675
17.317
17.242
17.390
17.533
17.619
17.356
17.267
16.997
16.532
16.717
16.648
16.393
16.722
16.751
16.851
17.242
17.327
17.110
16.886
16.591
16.392
16.259
16.272
16.223
16.164
16.103
15.975
15.994
16.166
16.101
16.045
16.046
15.834
15.774
15.917
16.242
16.224
16.383
16.280
16.266
16.334
16.340
16.366
16.292
1.756
15.652
16.088
16.136
16.207
16.243
16.529
16.297
16.437
16.542
16.747
16.811
16.529
16.580
16.982
17.203
16.846
16.871
16.599
17.029
17.039
17.088
17.416
17.265
18.321
18.412
18.494
18.557
18.435
18.057
18.118
17.451
18.275
18.398
19.137
19.468
19.384
19.600
19.693
19.742
19.760
19.738
19.702
19.825
20.182
19.627
20.169
20.171
20.327
20.182
20.493
20.204
20.549
21.552
21.178
20.882
21.008
20.427
21.485
21.407
21.842
21.791
22.522
22.419
21.298
23.210
23.209
23.130
23.361
23.632
23.519
23.513
16.930
16.582
23.120
22.927
23.387
23.912
24.364
23.525
23.111
22.989
20.505
10.412
23.030
22.784
24.685
23.710
23.935
25.287
25.958
25.501
25.662
25.862
25.820
25.696
26.240
26.531
25.713
26.678
26.693
26.662
24.679
23.411
13.961
22.682
21.273
17.656
13.830
12.516
14.269
26.668
27.164
27.461
27.544
26.574
27.680
27.667
27.823
27.490
27.577
26.747
27.302
27.575
27.606
26.075
27.441
27.365
27.111
27.639
27.656
27.722
27.954
27.879
27.801
27.682
27.740
27.191
26.337
22.526
22.869
25.511
25.116
21.684
27.658
27.602
23.524
20.937
25.866
12.118
25.939
24.904
22.761
12.351
15.725
17.292
20.115
19.694
9.763
14.861
10.989
16.634
16.387
15.068
7.429
21.074
23.720
26.308
14.463
18.549
19.573
22.801
27.004
27.455
27.644
27.331
25.061
16.728
15.901
21.062
23.586
14.390
9.805
6.724
18.952
16.370
2.841
16.201
21.192
26.525
17.993
23.129
18.927
1.821
12.788
17.890
14.019
6.717
5.458
6.392
5.680
15.908
19.053
14.726
14.550
17.620
18.412
16.913
13.215
20.417
22.617
9.289
10.713
22.634
23.807
23.882
19.815
13.994
25.150
24.876
22.173
24.753
25.371
19.322
24.761
21.130
23.515
23.360
24.009
17.260
3.252
7.714
25.047
12.799
22.909
3.205
19.907
22.886
22.222
22.961
24.982
25.042
24.044
24.386
24.574
20.705
20.639
19.255
21.346
24.065
20.967
20.303
20.120
21.375
23.138
23.297
23.282
19.058
12.857
11.571
9.973
8.562
20.207
11.504
14.123
14.435
12.673
11.740
18.052
20.389
22.144
22.582
22.865
22.728
22.222
21.584
14.514
17.404
14.005
14.746
19.566
20.105
20.354
20.591
17.417
17.416
9.036
19.178
14.719
20.701
20.439
21.087
21.221
20.756
20.712
20.549
20.171
20.301
20.282
20.131
19.823
19.697
19.592
19.413
19.113
18.949
19.076
18.892
18.842
18.650
18.639
18.426
18.278
18.194
18.641
18.673
18.492
18.203
18.273
18.298
18.205
17.817
17.654
17.249
17.288
17.023
16.883
17.271
17.142
17.126
17.150
17.127
16.970
16.992
16.776
16.759
16.794
16.713
16.468
16.557
16.433
16.197
16.080
16.052
15.932
15.664
15.176
15.889
16.100
16.102
15.785
15.749
15.645
15.627
15.763
15.964
16.594
16.572
16.548
16.459
16.131
15.875
15.932
16.131
16.199
16.094
16.264
16.346
16.300
16.337
16.342
16.422
16.300
16.018
16.523
16.703
16.707
16.500
16.542
16.567
16.131
14.870
16.493
16.953
12.541
17.238
17.258
17.384
17.383
17.541
17.571
17.337
16.459
18.118
18.673
18.604
18.798
18.816
18.631
18.647
19.195
18.402
18.572
18.889
19.718
19.984
20.175
5.113
14.910
20.317
20.092
20.080
20.009
19.885
18.516
13.113
20.246
20.508
20.382
20.771
20.613
21.186
21.582
21.492
21.392
21.279
21.303
21.551
22.727
22.319
22.052
22.538
22.289
22.242
21.246
20.923
20.527
14.570
17.498
11.051
19.499
23.248
24.344
24.248
24.434
22.443
14.860
24.314
24.530
24.402
24.226
24.957
25.393
25.742
25.968
26.039
25.626
24.151
26.520
26.727
26.214
25.222
20.151
15.248
10.459
24.077
26.275
26.305
26.446
26.050
25.421
26.003
26.687
26.307
25.432
25.542
22.676
27.072
27.325
26.055
27.287
27.485
28.783
28.245
27.678
28.031
27.916
27.903
28.215
28.150
27.939
21.943
28.322
28.101
27.929
26.106
26.998
27.297
27.409
27.032
27.426
27.482
27.461
22.835
27.396
28.302
27.897
27.821
27.672
27.002
26.515
27.798
28.016
28.095
27.524
20.400
8.961
21.043
23.946
14.661
21.474
22.692
25.534
27.717
25.791
26.539
27.594
24.216
15.074
18.402
20.233
15.025
16.564
21.703
24.812
19.953
19.793
21.909
14.238
19.230
20.448
19.053
9.499
8.316
17.684
24.028
6.503
13.566
26.620
27.164
24.004
26.997
27.346
26.779
24.071
24.075
26.565
21.410
10.904
21.458
20.373
21.693
26.276
19.439
22.600
15.855
19.826
16.465
13.082
10.533
8.032
11.279
7.003
12.744
25.021
26.571
23.937
25.991
23.415
15.264
15.955
14.665
10.935
6.333
11.943
22.483
4.996
24.330
20.008
23.180
5.743
3.958
4.361
10.534
6.489
23.508
19.522
23.494
22.838
14.894
20.207
19.356
23.749
10.976
12.571
8.921
21.863
22.034
13.060
21.995
23.691
22.019
23.000
18.960
13.407
15.345
22.131
20.084
20.524
19.099
16.481
24.212
23.815
24.053
23.714
23.798
23.649
22.804
14.684
16.423
16.738
13.321
18.116
14.271
9.181
12.777
12.881
17.832
7.791
18.295
18.961
22.365
22.118
22.192
22.331
22.064
21.885
21.667
21.620
21.266
20.663
15.496
20.802
21.023
20.736
20.349
20.150
20.427
20.462
18.827
20.121
16.785
20.192
20.075
20.012
19.929
19.988
19.834
19.330
19.114
18.634
19.272
19.214
18.870
18.759
18.548
14.425
17.745
18.162
17.483
16.307
16.371
17.527
17.007
17.348
17.780
17.897
17.730
17.457
17.320
17.328
17.065
17.011
16.888
10.826
16.720
16.960
16.880
15.522
16.365
16.652
16.773
16.728
16.385
16.686
16.427
16.036
15.741
15.791
16.124
16.143
16.177
15.917
15.798
15.668
15.596
15.647
15.729
15.759
15.344
15.613
15.760
16.017
15.968
15.556
15.961
15.700
15.668
15.935
16.070
11.888
15.845
16.042
16.200
15.670
16.092
16.088
15.744
16.278
16.493
15.107
14.817
16.277
15.883
16.735
17.334
17.295
17.397
17.670
17.400
17.455
17.092
17.193
17.309
17.415
17.538
17.052
13.030
15.551
17.151
17.840
17.835
7.981
18.233
15.745
17.986
18.543
18.820
18.794
19.205
19.018
19.072
18.888
19.413
19.849
19.813
20.004
19.789
18.768
11.175
15.346
20.539
20.422
20.158
20.011
20.112
21.016
18.333
20.859
21.062
21.172
21.268
21.422
22.754
23.675
23.043
23.210
23.344
23.295
23.040
22.877
23.111
23.939
23.551
23.248
22.072
23.914
11.959
23.579
24.128
23.976
24.466
23.924
23.608
24.554
24.485
25.003
24.731
24.240
24.776
25.036
25.146
25.000
25.178
23.202
23.860
16.625
25.296
25.734
25.893
26.472
21.594
14.654
19.826
25.997
26.370
25.593
25.880
15.826
25.887
26.831
26.544
26.550
27.287
27.331
27.483
27.517
27.249
27.463
28.065
27.926
27.601
27.582
28.057
27.769
28.900
28.260
27.933
28.302
28.648
28.530
28.322
28.054
27.799
27.266
28.618
28.733
28.102
26.784
23.828
27.489
26.596
27.391
27.838
24.163
24.325
27.570
28.043
8.249
27.344
18.936
27.167
28.283
26.167
20.526
19.895
27.963
27.662
27.735
27.494
27.433
27.420
27.940
27.886
26.733
18.981
17.873
15.844
16.146
17.651
6.403
22.423
12.959
16.745
17.281
15.342
16.099
16.707
7.315
22.704
22.823
23.191
24.015
14.501
9.966
12.419
20.028
4.453
20.706
21.401
22.586
18.283
9.736
10.614
26.248
10.408
23.311
8.247
18.246
24.794
23.719
21.194
12.269
9.389
11.031
18.791
3.593
13.026
11.240
8.225
4.598
7.244
15.550
10.838
8.190
11.374
13.748
18.410
23.269
23.843
25.224
22.953
22.634
22.592
6.097
23.258
24.719
25.215
17.383
16.100
21.950
24.204
23.903
21.415
16.239
19.620
15.367
16.600
18.391
5.121
9.696
14.880
20.155
0.930
9.088
6.347
16.657
12.940
18.310
9.333
20.888
1.718
3.775
19.947
20.001
8.021
21.211
15.146
14.610
15.227
14.635
9.561
19.143
12.848
14.724
14.775
14.250
9.629
17.700
13.325
20.414
22.168
14.677
16.995
7.736
9.026
14.413
15.292
22.580
22.341
22.326
21.355
21.151
18.419
20.523
21.722
19.727
21.268
20.988
20.932
20.425
20.339
20.380
20.781
20.543
20.308
20.277
20.221
20.267
20.110
19.905
19.768
19.414
19.236
19.105
19.043
19.039
17.777
18.110
17.745
15.953
18.086
16.841
17.511
18.040
18.426
18.565
18.165
17.668
17.402
17.403
17.263
17.032
16.874
16.975
17.355
17.067
17.028
17.155
16.083
16.116
16.479
16.456
16.680
16.205
16.609
16.511
16.683
16.437
16.366
16.276
16.207
16.242
15.656
15.855
15.895
15.906
15.552
15.565
15.594
15.284
16.179
16.034
15.902
15.885
15.738
15.876
15.763
16.053
15.926
15.918
15.657
16.229
16.260
16.122
16.062
16.120
15.993
16.069
15.989
15.684
15.415
15.427
4.982
16.071
16.266
16.163
16.267
16.260
16.342
16.508
15.876
16.386
16.757
16.931
17.136
12.539
16.367
13.675
14.469
15.602
17.356
17.623
17.890
17.740
16.847
7.681
17.696
18.378
18.900
19.275
19.071
19.323
19.618
19.553
19.279
19.447
19.331
19.686
19.801
19.474
19.720
20.011
20.188
20.334
20.513
20.350
20.473
20.827
20.991
21.167
21.288
21.178
21.757
21.593
21.925
22.115
22.121
22.398
22.319
22.135
21.084
23.134
23.618
23.703
23.305
23.454
23.487
23.441
23.396
23.669
23.659
23.997
24.262
24.785
24.570
24.757
24.393
24.608
24.335
24.557
25.169
25.114
25.718
25.053
25.412
25.557
25.557
23.243
25.365
24.062
23.497
25.100
24.795
25.668
24.308
25.588
25.798
25.791
26.300
25.892
26.061
26.189
26.551
26.797
24.475
26.552
26.655
26.887
26.651
27.322
27.387
27.375
27.561
27.170
26.989
27.340
26.518
29.053
28.305
28.157
28.295
27.743
27.821
18.179
11.099
7.188
8.272
18.622
18.779
20.977
18.090
25.852
27.197
13.620
27.748
28.016
28.172
27.835
27.824
27.652
27.695
27.787
27.532
27.981
28.079
28.279
28.256
28.082
28.039
20.089
27.870
25.525
26.217
27.985
26.509
11.762
9.840
17.603
24.131
19.403
10.068
15.997
12.014
7.846
18.004
17.614
27.227
27.241
27.353
27.259
25.691
26.805
25.455
15.848
14.298
20.267
22.596
24.250
22.383
10.694
24.201
8.121
12.108
16.041
23.969
24.492
19.974
17.495
26.728
25.917
27.336
26.075
17.221
14.805
10.126
20.703
23.057
17.204
25.433
24.061
18.880
17.044
16.200
8.047
7.837
15.654
8.621
8.521
9.030
17.663
11.862
12.317
6.555
8.683
11.233
21.049
3.318
8.814
13.546
5.074
19.829
17.441
4.662
21.226
19.121
20.893
10.000
19.253
23.253
24.724
20.910
10.161
20.271
17.950
24.780
24.793
24.836
20.513
24.679
24.734
23.822
20.831
16.926
21.503
15.989
23.502
22.647
23.807
23.627
23.195
21.774
17.607
22.700
15.398
17.137
22.291
14.508
10.443
19.018
14.064
20.893
16.266
18.727
12.861
19.020
17.217
18.571
15.488
15.735
12.334
19.176
8.118
18.927
20.455
20.644
17.761
20.586
19.472
17.930
20.080
19.389
21.167
20.862
20.707
20.939
20.851
20.779
20.556
20.245
20.111
19.341
20.077
19.823
19.876
19.736
19.839
19.379
17.477
15.283
19.223
18.910
13.718
16.478
17.956
18.922
18.762
16.547
17.534
18.208
18.412
17.629
15.092
17.497
17.597
17.546
16.980
17.392
16.784
15.064
17.155
17.125
16.906
16.983
16.821
16.559
16.414
16.442
16.350
16.401
16.561
16.446
9.933
16.228
15.840
14.086
15.847
15.834
15.586
15.715
15.533
14.243
14.481
15.983
15.877
15.777
16.010
16.138
16.167
16.103
16.089
14.900
15.579
15.311
15.661
14.071
15.691
15.951
15.839
15.517
13.758
13.365
13.105
16.286
16.280
16.315
16.098
15.892
15.995
16.539
16.410
16.232
16.307
16.828
16.826
16.644
16.311
14.561
9.081
17.207
17.240
17.134
17.134
10.017
17.477
17.135
16.890
11.068
17.199
4.643
18.329
17.565
16.753
17.989
18.666
18.756
18.516
18.576
17.497
18.664
17.656
18.209
18.870
18.831
19.020
19.132
19.082
19.375
19.292
20.038
20.264
21.106
21.542
21.613
21.275
21.836
21.544
21.112
21.123
20.858
21.153
19.752
18.264
16.253
20.557
19.444
22.112
21.350
17.517
21.008
9.757
11.940
22.794
22.994
23.653
23.794
23.533
23.313
24.221
24.247
24.173
23.966
24.094
24.478
24.826
24.775
24.744
23.010
24.875
24.648
24.935
26.315
26.123
26.539
26.338
26.420
26.317
26.499
26.276
26.270
26.927
26.884
27.881
27.520
27.329
27.285
27.144
26.862
25.278
26.710
27.607
27.348
27.365
26.782
19.601
22.972
22.336
22.318
26.030
24.907
23.466
15.056
9.784
10.538
24.014
12.445
10.570
13.000
14.465
22.468
27.093
28.054
28.182
28.455
28.542
28.035
28.144
27.696
27.727
27.748
26.821
26.380
27.739
16.502
28.211
19.548
23.522
27.844
28.189
14.781
18.893
21.105
15.845
28.227
28.224
27.074
28.334
19.145
24.687
24.120
27.556
22.593
22.430
27.994
24.592
24.427
9.660
26.301
18.394
25.787
27.472
24.969
14.515
22.570
23.326
16.245
23.205
20.415
17.599
22.276
21.150
15.361
19.055
16.971
21.572
23.741
23.046
26.403
22.598
19.132
12.044
15.871
16.403
14.929
22.710
9.323
16.101
23.326
21.120
5.429
3.016
23.892
21.769
24.411
26.364
23.357
23.002
6.020
16.510
14.777
15.957
13.863
7.931
13.026
22.121
16.709
21.780
8.641
8.329
19.429
10.259
21.168
13.855
14.697
25.816
25.671
24.110
11.669
22.084
23.133
8.718
6.700
24.869
18.898
24.860
24.621
22.445
22.503
24.508
25.259
24.919
24.298
23.841
23.780
24.419
21.537
24.109
18.909
14.586
24.291
21.892
14.003
8.908
9.468
22.547
15.355
18.230
19.998
20.193
16.587
16.181
13.678
16.760
16.966
20.253
22.022
22.026
21.562
13.174
1.071
22.121
21.385
21.925
19.941
18.261
21.160
22.109
22.056
21.878
22.078
21.945
21.626
20.945
21.489
21.471
21.347
20.905
20.747
20.798
20.699
20.731
20.499
20.599
19.818
14.558
20.564
19.986
19.921
19.860
20.150
19.663
19.661
19.661
19.422
19.613
19.662
19.360
18.991
18.833
18.384
17.943
17.743
17.521
18.180
18.237
18.597
18.468
18.171
18.154
18.065
17.920
17.763
17.611
17.323
17.660
17.396
17.453
17.239
17.159
16.971
16.845
16.713
16.517
16.444
16.791
16.541
16.219
16.401
16.278
5.471
16.516
16.697
16.583
16.412
16.517
16.535
16.511
16.477
16.279
16.177
16.135
15.972
16.076
16.333
16.290
16.152
15.933
15.890
15.857
16.040
16.345
16.202
16.027
16.132
15.736
15.602
15.987
16.015
15.698
15.673
16.158
16.056
15.876
15.749
16.213
16.457
16.203
16.505
16.551
16.469
16.495
16.651
16.712
16.701
16.809
16.544
8.487
11.426
17.544
17.412
17.716
17.826
17.886
18.042
17.888
17.928
16.879
18.142
18.295
17.926
18.009
18.434
19.003
19.262
19.177
19.376
19.033
19.234
19.553
19.541
19.676
19.870
19.906
19.922
19.863
19.803
19.870
20.182
19.441
20.777
21.023
21.263
21.207
20.905
12.823
7.584
18.822
21.893
22.019
21.659
22.244
22.623
22.748
22.846
22.665
4.182
14.635
17.058
22.987
19.645
13.154
10.606
22.664
23.677
22.756
10.189
23.198
24.421
24.385
23.875
24.186
24.367
25.133
25.221
25.846
25.969
25.921
26.010
23.889
25.325
25.536
25.540
25.467
25.542
25.499
25.588
25.499
26.372
26.187
26.719
26.643
24.603
24.346
26.231
12.024
27.124
26.347
26.269
26.729
17.737
26.775
24.892
21.538
27.036
27.131
27.181
26.390
22.994
26.570
27.612
27.462
27.804
27.463
27.990
28.252
27.931
28.146
27.964
25.481
27.684
27.758
27.489
27.349
25.906
18.337
24.271
25.196
26.214
15.772
21.538
22.697
23.824
27.415
27.764
27.892
27.467
26.104
20.923
20.447
13.053
5.161
20.813
26.238
25.365
26.281
10.520
23.041
17.872
21.261
28.011
24.291
25.506
25.312
18.294
27.836
27.866
24.499
13.590
24.504
24.830
22.988
18.389
14.587
11.845
9.618
10.627
12.578
21.734
23.965
21.594
18.187
15.084
16.875
19.152
14.709
5.341
15.980
22.326
3.076
5.301
3.077
11.906
24.811
14.504
17.003
18.063
16.039
9.042
3.794
4.429
16.128
10.867
8.351
5.382
24.169
14.272
18.670
12.119
18.796
14.601
1.796
6.610
17.249
9.975
20.803
19.545
3.731
17.670
11.972
14.781
5.976
12.822
17.473
23.561
15.982
21.950
21.309
10.329
5.621
2.705
10.180
10.897
18.011
19.245
14.877
8.686
5.492
5.235
24.479
16.872
2.419
22.206
20.045
23.018
20.712
21.905
14.613
7.975
20.088
20.773
18.663
16.503
13.539
13.587
16.877
20.015
22.825
22.371
19.317
20.731
19.089
18.298
21.827
19.270
17.989
19.590
20.704
19.230
15.154
13.042
20.055
21.502
21.608
21.690
22.080
21.953
21.855
21.911
21.411
21.158
21.248
21.089
21.261
20.577
12.838
19.500
20.125
19.834
20.133
19.883
18.315
15.741
15.219
19.012
19.358
19.380
19.201
19.062
19.058
19.023
18.998
18.858
18.885
18.774
18.595
18.793
18.748
18.305
8.231
12.396
18.076
17.993
17.933
17.785
17.640
17.374
17.427
17.314
16.639
17.131
17.080
16.882
16.621
16.820
12.809
16.947
16.939
16.969
16.941
16.527
7.943
16.015
16.332
16.288
16.039
15.781
9.141
9.908
15.450
15.762
14.845
15.957
16.101
16.024
16.003
15.803
15.511
15.285
15.688
16.015
15.818
15.831
15.887
15.875
15.557
15.451
14.392
13.881
15.663
15.975
15.946
15.901
15.920
14.103
15.656
15.878
15.898
15.992
15.984
16.230
16.112
16.056
16.167
16.289
16.474
16.628
16.499
16.488
16.900
17.078
16.899
16.880
16.139
17.320
17.351
17.680
17.668
17.790
17.243
17.062
17.036
15.676
15.613
17.867
18.301
18.401
18.278
18.489
18.840
18.425
18.533
18.874
14.386
14.873
18.976
19.414
18.567
19.078
8.927
19.882
19.844
19.285
20.284
20.479
20.470
19.570
14.048
15.100
21.059
20.956
21.381
21.475
16.907
21.627
21.823
22.016
22.309
22.446
22.856
22.990
21.685
22.008
21.272
20.486
18.789
23.487
22.220
23.541
23.463
23.531
17.650
22.617
23.701
24.362
24.331
24.228
24.757
24.796
25.026
25.134
25.301
25.075
22.763
15.298
25.427
26.024
25.828
25.289
24.634
25.560
25.838
25.777
25.954
26.380
26.390
26.533
25.394
24.065
26.654
25.315
22.670
17.467
18.750
26.332
25.132
27.183
25.529
26.824
27.294
27.310
25.075
26.536
23.478
27.005
16.258
22.085
25.141
14.125
21.616
15.309
23.356
25.964
27.130
27.642
27.743
27.708
27.656
27.620
27.525
27.506
26.555
24.584
22.168
18.791
28.144
28.043
28.063
26.136
27.020
23.144
16.370
13.892
21.227
25.011
10.738
20.181
16.912
7.029
11.877
11.633
25.997
27.278
27.580
27.516
27.408
27.234
25.484
22.449
14.032
20.391
17.275
22.650
23.395
17.008
17.503
23.526
21.514
15.029
6.236
18.619
24.031
14.303
8.831
13.167
15.461
15.751
2.185
4.305
5.613
8.137
19.048
8.211
8.595
3.386
16.983
14.223
25.406
15.596
24.577
25.627
24.854
25.712
24.892
20.159
24.556
22.511
23.843
21.629
19.357
12.773
23.986
22.533
22.482
23.841
22.831
23.778
22.179
1.060
19.172
22.851
15.637
22.127
20.947
3.112
8.875
13.685
7.588
5.724
3.217
4.816
19.217
5.815
19.284
24.366
20.956
3.805
17.657
16.748
23.683
21.806
22.704
21.104
21.858
19.968
14.172
21.129
19.767
21.309
22.488
20.560
17.066
22.296
11.605
20.504
17.230
19.803
17.919
22.598
18.914
21.617
16.945
15.993
17.463
16.081
19.471
19.342
21.923
21.645
20.385
14.287
18.595
15.795
5.949
8.967
16.725
21.053
22.329
21.967
22.198
21.800
21.717
21.476
20.792
19.301
15.408
4.708
11.274
19.215
21.323
21.052
20.914
20.981
21.159
21.100
20.702
20.630
20.630
20.160
19.841
19.780
19.563
19.708
19.506
19.285
19.243
19.447
19.162
18.862
19.540
19.320
18.141
18.366
18.459
17.971
17.172
15.193
17.709
17.893
17.962
17.992
17.862
17.605
17.706
17.846
17.729
17.538
17.493
17.636
17.392
17.237
17.206
17.243
17.168
17.075
16.693
15.929
16.069
12.546
14.731
16.155
16.061
16.053
13.889
15.863
16.642
16.242
15.879
15.728
15.877
16.121
15.945
16.016
16.074
16.399
15.889
15.795
15.810
15.803
15.910
14.570
14.548
15.233
15.704
15.673
15.756
16.205
16.291
16.191
16.125
16.101
16.144
16.029
15.412
15.524
15.611
14.807
15.805
15.923
16.401
15.449
16.608
16.463
15.581
15.770
11.405
16.811
17.482
17.401
16.926
15.814
17.615
17.847
17.889
17.800
18.004
17.540
17.705
18.270
18.826
18.835
17.885
18.622
19.162
19.104
18.887
18.611
19.491
19.955
19.881
20.293
20.610
20.831
20.567
20.293
20.405
20.756
20.653
21.125
21.108
21.046
21.111
20.605
21.408
21.782
22.383
22.505
22.535
22.500
22.665
22.639
22.231
22.480
22.752
23.039
22.868
23.336
23.068
21.162
16.595
22.276
10.979
21.706
22.761
23.695
23.928
24.436
24.272
24.386
24.709
24.696
24.529
15.455
18.520
18.996
23.439
14.376
24.893
13.772
24.838
23.281
25.017
11.428
13.367
12.516
25.322
22.965
24.525
24.906
15.561
25.568
23.075
23.579
26.233
26.670
26.109
26.551
27.220
27.382
27.178
26.873
26.575
27.527
27.523
27.648
27.526
27.736
27.773
27.429
27.594
27.446
25.242
26.505
27.582
27.644
22.959
22.590
23.737
16.814
23.976
22.143
27.418
26.104
26.485
27.192
27.490
27.354
27.351
27.645
27.669
27.763
26.325
27.070
27.430
28.242
26.426
27.319
23.204
27.757
24.745
27.516
23.830
15.158
16.847
16.044
10.370
25.116
23.171
17.212
20.087
18.898
17.364
5.272
15.588
23.694
10.135
14.292
22.576
23.229
6.638
10.043
21.562
17.097
22.011
24.608
5.446
7.275
12.949
12.330
23.793
7.179
23.395
19.666
23.145
22.989
20.823
22.751
9.053
8.600
6.387
7.087
13.497
2.155
6.005
23.193
25.669
24.174
26.452
16.121
18.147
13.953
23.989
19.435
15.471
1.277
16.309
13.917
5.218
19.545
21.297
25.201
19.365
12.791
20.358
23.187
17.754
13.042
5.951
17.512
14.926
10.190
16.451
18.822
2.263
10.093
6.790
22.764
24.584
20.751
19.407
22.289
18.034
23.556
24.893
22.441
17.119
20.714
6.971
4.232
24.217
23.424
23.715
19.658
21.074
20.693
15.621
14.992
15.276
23.574
21.932
23.628
12.286
21.359
18.042
22.659
22.708
20.849
18.456
18.484
15.873
18.876
17.921
23.085
16.020
22.304
19.642
19.232
19.760
22.374
22.341
22.019
22.099
21.786
15.547
20.623
20.222
20.571
20.556
20.540
8.287
14.355
16.635
13.619
20.982
21.115
21.166
20.908
20.563
15.551
10.885
20.107
20.254
20.221
20.236
20.233
19.890
19.826
19.803
19.594
19.897
19.038
19.062
18.797
18.929
19.135
18.972
18.947
18.827
19.098
18.675
18.502
18.451
18.437
18.296
18.232
17.939
17.785
17.725
17.419
16.094
17.181
1.693
7.569
17.101
17.597
17.423
17.408
17.247
17.068
17.000
16.979
16.697
16.678
12.669
3.235
14.982
15.864
12.025
15.499
13.980
14.071
15.735
15.418
15.434
15.677
15.775
15.644
15.498
15.551
15.463
15.086
12.796
7.204
8.601
14.751
15.624
15.888
15.989
16.181
16.343
16.311
16.268
15.948
16.069
16.186
16.116
16.138
16.103
15.824
14.301
13.157
15.949
15.770
3.408
15.331
14.554
8.142
8.031
9.898
12.770
16.216
7.573
16.467
15.684
14.932
12.886
16.784
16.949
15.442
17.437
17.708
17.984
18.200
17.767
18.499
18.304
18.355
18.602
18.887
18.717
18.748
18.852
19.100
19.153
19.241
19.165
19.706
19.410
18.982
19.532
19.841
20.162
20.301
20.256
20.431
20.190
19.931
20.622
20.842
20.913
21.187
21.027
21.245
21.463
21.477
22.074
22.286
21.940
22.617
22.800
23.533
22.867
23.093
23.411
23.323
22.798
23.535
21.626
23.960
23.886
23.757
23.924
23.866
16.975
22.587
18.329
23.107
21.463
24.665
24.806
19.255
23.845
20.380
23.846
24.657
24.347
20.552
23.572
24.908
18.291
24.578
25.457
26.024
25.953
26.320
26.581
26.746
27.156
26.907
13.574
24.927
26.682
27.428
27.353
27.258
27.493
27.652
28.238
27.196
27.701
28.095
28.095
27.884
27.659
27.290
27.481
23.260
27.554
27.428
27.413
26.194
25.816
26.987
27.916
27.450
25.571
25.836
26.903
24.145
24.223
27.265
24.221
21.495
18.758
22.811
27.408
16.700
20.932
17.973
25.974
28.168
28.035
26.093
26.767
24.288
21.151
24.190
27.026
27.437
25.451
27.721
25.455
28.016
26.530
25.784
24.807
24.805
22.379
22.278
26.839
25.361
23.698
27.090
15.857
24.488
22.511
25.142
10.827
20.429
19.250
25.930
16.298
11.096
10.158
22.390
23.471
23.566
17.779
15.888
13.260
16.476
22.168
23.606
22.966
3.086
18.999
25.505
16.964
25.001
6.199
22.356
25.286
18.849
17.935
9.383
22.865
7.899
16.031
17.315
2.454
4.476
3.992
11.993
11.193
9.261
18.948
24.006
24.471
9.351
26.140
25.535
9.279
22.655
19.233
6.638
24.931
24.874
23.171
21.299
8.398
13.974
11.293
11.260
19.048
21.747
22.514
24.099
24.092
22.424
21.472
21.628
13.786
7.736
15.955
10.835
13.526
4.595
17.796
22.582
7.653
23.370
22.228
22.756
21.916
21.492
24.365
23.414
9.040
23.438
18.775
23.596
23.931
23.834
23.616
23.566
23.175
22.611
23.319
23.041
23.047
22.792
22.849
22.671
22.527
20.504
21.849
21.970
21.640
22.388
21.411
19.467
19.316
15.727
17.865
15.100
21.465
21.151
18.534
15.420
15.383
16.003
3.813
19.665
19.797
11.250
15.196
19.406
20.439
20.316
20.239
20.461
20.505
20.094
19.782
19.602
19.393
18.350
19.095
19.154
19.224
18.995
18.739
18.569
18.511
18.440
18.157
17.774
16.658
16.720
8.297
5.199
16.342
12.813
16.934
16.864
17.573
16.954
16.948
17.080
17.192
17.315
17.082
16.585
17.096
16.739
16.679
16.273
16.385
16.116
16.308
16.511
16.315
16.111
16.143
16.232
16.189
15.786
15.953
14.889
16.020
15.569
15.168
15.099
15.432
15.256
14.398
15.644
15.726
13.418
15.203
14.786
8.929
15.648
16.064
16.046
15.990
15.852
11.571
15.588
15.908
16.070
15.559
11.379
16.001
16.720
16.649
16.676
16.458
16.563
16.362
15.826
12.447
16.634
16.752
16.840
17.053
17.200
17.180
17.254
17.375
17.350
17.499
17.597
17.668
17.639
17.776
17.727
17.416
17.809
18.079
18.540
18.256
18.280
18.086
17.913
18.267
18.353
18.531
16.808
19.430
19.775
14.780
19.252
19.348
19.611
20.157
20.450
20.824
21.010
21.052
20.918
19.698
17.839
21.065
21.127
21.335
21.460
21.633
21.992
21.861
21.451
19.089
21.473
20.616
18.435
21.525
22.559
22.797
23.121
22.912
23.453
23.467
23.478
23.572
23.409
22.961
23.569
23.901
24.282
24.529
24.623
24.698
24.892
24.625
24.717
25.241
25.273
25.411
25.180
25.115
24.839
25.180
25.780
25.679
25.785
25.852
26.256
21.894
19.409
26.581
26.374
26.211
26.339
26.630
26.640
26.449
26.711
26.851
26.503
26.030
26.377
26.909
27.201
27.249
26.769
27.089
25.908
27.093
26.876
27.163
22.364
27.269
22.251
25.355
27.030
27.243
27.074
27.111
27.357
27.807
27.535
27.320
27.714
25.865
27.605
27.919
27.766
28.276
25.966
27.767
28.674
28.337
28.037
28.045
27.758
27.497
27.600
27.448
27.681
26.707
27.853
28.131
18.871
19.510
26.765
25.717
19.455
11.447
23.744
27.390
23.439
26.290
26.258
20.208
18.462
3.938
14.837
16.788
21.007
27.789
25.747
21.893
24.605
20.439
20.124
24.993
12.416
11.634
22.490
25.635
23.635
22.863
12.843
12.672
10.389
6.068
20.805
22.891
19.886
24.467
25.675
21.464
6.150
16.658
24.366
19.051
13.469
18.628
19.273
13.087
20.453
18.530
19.555
12.413
17.043
3.002
23.970
7.129
20.807
24.276
23.576
16.958
4.676
14.622
17.641
11.971
9.532
17.690
23.479
20.123
9.789
22.256
25.262
23.269
21.505
11.052
19.247
21.718
20.365
19.336
20.814
11.575
16.059
16.926
22.322
22.437
23.874
21.828
23.662
24.044
20.334
21.820
21.882
18.642
20.654
23.560
19.159
12.400
21.162
15.121
21.170
21.792
9.471
14.069
10.269
18.974
19.002
20.433
23.105
23.152
22.722
23.089
22.806
23.359
22.886
22.117
22.885
22.787
22.370
22.377
22.439
21.739
22.098
22.119
21.832
21.886
20.662
21.592
21.684
21.558
21.721
21.784
21.272
20.702
16.014
19.863
20.577
20.565
20.606
19.933
19.195
18.649
18.487
19.611
19.172
19.685
19.556
19.368
17.252
19.030
19.292
18.845
13.959
18.623
18.958
18.819
19.025
18.891
18.707
18.670
18.377
16.703
15.397
13.623
7.730
4.733
13.217
16.468
13.245
12.147
16.030
14.639
15.708
16.942
14.090
1.157
1.100
4.468
8.808
15.991
16.027
16.215
15.972
16.131
16.110
16.037
16.635
16.207
15.865
16.002
16.533
16.406
16.133
16.113
16.417
16.344
16.281
16.152
16.270
16.237
16.181
16.134
16.273
16.293
16.303
16.289
15.985
15.945
16.105
16.034
15.360
5.933
12.300
13.026
16.450
16.429
16.575
16.713
16.515
16.593
16.812
16.669
16.543
16.840
16.975
16.680
16.417
16.151
16.356
16.924
17.279
16.982
16.723
17.042
17.220
16.975
17.038
16.879
16.762
17.525
18.225
17.972
17.573
17.675
17.276
18.133
18.161
18.302
18.560
18.858
18.747
18.811
18.558
15.636
18.990
18.997
19.205
19.278
19.365
19.638
7.777
19.832
18.383
20.097
20.392
19.855
20.886
20.229
20.959
20.991
21.118
20.558
21.550
21.476
20.508
20.732
20.309
20.006
21.966
22.094
22.166
22.309
22.978
23.437
23.744
23.517
23.496
23.559
23.533
23.963
23.624
24.194
24.556
23.830
24.319
24.564
24.393
23.821
24.593
24.864
25.078
25.408
25.265
25.324
25.566
25.173
24.490
25.995
25.766
25.919
25.226
23.761
25.846
24.560
23.731
24.033
22.348
23.820
25.456
22.985
22.354
25.642
26.246
27.082
26.004
24.590
27.168
27.433
27.647
27.413
27.569
27.049
27.036
19.420
21.500
16.763
27.223
20.311
27.112
27.037
28.211
26.857
26.631
27.671
27.672
27.637
24.036
27.345
27.876
26.876
22.246
14.305
27.125
27.941
27.460
27.534
25.948
26.570
27.422
27.798
26.801
24.732
23.646
27.781
27.967
27.744
27.837
25.600
20.469
22.443
27.796
27.094
25.538
23.847
18.562
25.269
25.933
24.653
25.172
16.204
26.405
25.123
22.246
26.722
23.879
22.577
19.781
16.044
15.636
2.586
25.314
23.756
8.109
24.389
16.108
25.740
21.888
26.619
25.779
25.269
21.752
12.158
24.714
22.072
6.086
6.063
18.823
24.913
22.533
9.357
5.779
11.820
19.951
21.303
23.356
20.363
16.599
17.810
3.117
10.263
8.051
20.573
22.154
18.505
14.644
9.848
20.869
20.445
18.726
0.948
16.772
21.589
20.998
14.086
14.401
15.065
6.201
5.203
7.224
11.585
4.954
12.599
4.234
23.483
18.293
22.232
19.505
22.904
23.027
17.280
17.597
20.148
20.987
20.728
24.055
22.797
21.809
19.290
18.492
23.464
19.179
7.761
1.603
4.566
4.731
14.540
19.808
12.518
15.676
5.110
14.914
21.954
22.153
22.434
18.123
21.420
21.025
21.126
19.922
20.409
15.489
22.113
22.033
21.908
22.138
22.058
17.282
20.084
21.910
22.169
22.139
21.950
21.610
20.780
20.898
20.852
21.191
20.934
20.084
18.626
15.114
20.027
19.580
12.391
12.233
20.562
20.584
18.548
19.983
20.219
20.032
19.717
19.601
19.658
19.353
19.347
19.203
19.294
19.098
19.020
19.021
17.704
5.481
17.840
18.049
18.054
17.774
17.993
17.791
17.678
17.443
17.525
17.570
17.512
17.299
17.339
17.377
17.509
17.485
17.155
17.241
17.044
16.639
16.602
16.569
14.727
13.586
15.845
15.528
16.225
15.969
15.700
15.877
15.952
16.181
16.120
16.198
15.853
16.484
16.821
16.678
16.447
16.241
16.204
16.199
16.142
15.992
16.005
16.117
16.025
15.656
15.802
16.027
16.112
16.102
16.110
16.093
16.304
16.062
14.661
15.835
16.035
15.918
15.879
15.261
6.575
16.469
16.498
16.406
16.665
16.456
16.748
16.908
16.706
16.492
16.287
16.853
17.318
17.104
17.336
17.482
17.059
17.405
17.358
17.279
17.583
17.760
17.746
18.156
18.152
18.599
18.648
18.655
18.489
18.492
18.271
18.476
18.856
20.279
19.848
19.446
19.413
19.347
19.349
19.617
19.754
19.153
20.230
20.099
20.338
20.612
20.674
20.716
21.012
21.475
21.748
21.630
21.585
22.162
22.584
22.187
22.029
21.885
22.092
22.419
22.919
23.300
23.917
23.916
24.033
23.832
23.863
23.992
23.640
23.721
23.705
24.390
23.914
24.422
24.786
25.533
25.466
25.526
25.639
25.487
25.333
24.722
22.933
24.968
24.905
24.987
24.933
24.470
25.124
24.911
22.343
21.814
25.427
25.218
26.247
25.728
24.853
23.047
25.585
23.106
25.922
24.480
24.926
24.391
23.636
6.174
26.315
26.931
26.995
24.173
24.173
26.824
27.046
27.389
27.608
27.639
28.145
27.954
25.106
26.729
20.964
21.975
20.088
25.305
25.401
21.513
25.545
27.471
25.926
13.708
27.459
27.718
27.470
26.238
23.547
27.752
25.883
24.575
28.035
27.707
27.988
28.585
26.550
27.746
26.813
27.707
28.049
27.747
27.808
26.794
25.008
27.743
24.834
17.992
16.873
17.470
26.826
16.701
13.578
13.143
21.272
15.413
24.861
24.388
26.791
22.718
18.855
25.651
26.525
25.547
24.359
25.310
25.698
25.208
24.163
23.739
16.688
17.175
16.528
16.039
14.423
11.598
14.895
25.049
24.504
21.002
3.934
8.424
15.968
1.911
10.838
23.922
24.992
25.936
25.381
20.223
18.315
26.002
23.425
16.324
19.967
21.053
14.959
18.539
7.615
13.082
13.889
3.020
2.560
8.811
6.198
25.765
23.983
24.793
14.118
19.888
21.419
22.248
11.596
11.224
18.048
4.104
4.927
4.961
12.135
21.387
24.209
23.056
13.732
13.949
5.890
15.715
3.537
22.851
21.451
19.616
23.434
23.826
23.620
23.701
22.743
21.417
22.326
23.563
17.727
2.213
2.447
18.998
21.682
15.931
9.259
20.797
8.249
22.347
21.530
17.450
20.196
21.210
16.626
22.276
22.203
22.093
20.778
21.791
21.753
22.273
22.029
21.943
21.680
21.693
21.759
21.662
6.459
21.512
21.381
19.985
14.555
18.473
21.380
21.161
20.945
20.920
20.879
20.395
20.447
20.270
19.791
15.957
19.843
19.634
19.727
18.575
19.761
19.747
19.582
19.815
19.723
19.548
19.507
19.040
18.966
18.441
19.358
19.032
18.820
18.807
18.348
18.162
18.100
18.055
17.804
17.754
17.517
17.469
17.565
17.771
17.666
17.483
17.099
17.073
17.098
16.954
16.846
16.630
16.616
16.699
16.664
16.465
16.400
16.547
16.511
16.059
15.944
16.080
15.875
15.906
15.840
15.850
16.195
15.856
16.010
15.997
15.673
15.634
14.220
15.472
15.580
15.168
15.660
16.336
16.536
16.193
16.133
16.248
16.253
16.223
16.099
16.141
15.648
15.699
16.171
16.164
16.377
16.524
16.464
16.573
16.643
16.790
16.785
16.591
16.577
16.422
16.456
16.164
16.639
16.292
16.014
16.640
17.320
17.517
17.856
17.852
17.764
17.790
18.251
18.050
18.338
18.510
17.990
18.304
15.524
14.540
17.793
17.682
17.751
17.946
18.232
19.080
19.534
19.984
19.817
19.264
19.136
19.173
18.767
18.873
14.324
19.984
20.306
20.222
20.240
20.463
20.391
20.505
20.775
21.463
21.596
21.591
21.924
22.458
22.588
22.896
22.945
23.056
22.861
22.708
23.003
22.992
22.992
23.118
23.242
23.568
23.530
23.439
23.104
19.750
23.548
24.030
24.048
23.437
24.633
20.249
24.446
24.450
24.957
22.269
15.105
24.277
24.760
25.012
25.025
25.262
25.468
25.539
25.197
25.986
26.083
25.953
25.033
22.322
25.494
26.300
26.565
26.305
26.147
26.396
26.546
26.417
18.872
19.305
19.926
17.480
16.879
23.408
19.147
20.301
25.779
27.129
26.642
26.853
26.878
27.477
27.895
27.532
27.152
27.539
27.331
27.498
27.957
28.291
25.796
27.296
19.366
24.816
25.793
25.318
26.265
27.399
27.701
28.368
27.797
28.156
28.407
27.752
27.679
27.717
27.706
22.080
25.611
26.113
24.321
19.562
13.944
21.064
19.591
21.366
18.325
18.739
22.279
25.634
23.307
14.918
22.305
14.680
25.942
20.569
25.273
15.359
14.320
3.723
21.483
24.512
26.079
26.710
26.610
22.271
22.887
7.920
26.153
26.527
20.602
24.308
24.270
21.699
12.967
10.638
16.630
19.584
4.563
23.563
22.774
25.183
6.896
7.450
8.007
18.324
1.757
25.636
15.844
21.508
14.814
7.689
16.566
23.778
10.406
26.148
19.241
25.217
22.680
19.464
5.590
5.378
13.155
11.098
25.342
6.270
19.819
22.500
16.313
16.913
8.059
19.874
16.649
18.792
15.044
18.018
6.293
13.297
23.377
23.073
24.422
23.877
21.023
0.891
16.051
18.994
9.738
22.502
23.291
24.219
23.115
20.039
22.900
24.209
23.499
23.137
22.763
23.539
24.252
23.812
23.760
23.797
24.001
23.896
22.891
17.736
22.994
22.786
22.990
22.686
21.442
20.319
23.428
23.180
2.366
17.765
18.355
16.389
3.382
4.576
21.626
5.367
7.961
14.527
20.777
20.300
9.050
21.117
12.776
19.436
20.509
20.156
19.403
20.441
20.369
20.461
19.865
20.142
19.254
20.563
20.229
19.512
19.672
20.136
20.316
20.104
19.936
19.862
19.618
19.502
19.351
19.334
19.097
19.089
19.019
18.802
18.463
18.422
18.311
18.368
17.994
8.946
8.183
12.013
17.795
17.805
17.535
17.415
17.344
17.984
17.738
17.819
17.789
17.652
17.391
17.118
17.049
17.090
16.967
16.938
16.811
16.515
16.364
16.284
16.535
16.699
16.490
16.608
16.200
16.300
16.281
16.219
16.266
16.351
16.248
16.085
16.147
16.233
16.322
16.510
16.319
16.131
15.729
16.054
16.062
16.050
15.860
15.671
15.478
15.363
14.343
14.425
16.112
15.975
11.279
16.113
14.871
12.233
4.124
15.602
16.316
16.401
16.056
15.944
16.252
16.375
16.358
16.763
16.463
16.156
16.946
16.878
16.695
17.113
17.221
7.496
2.182
15.393
16.947
16.573
17.327
17.535
17.890
17.626
17.971
18.178
18.178
17.970
17.774
18.016
18.181
17.121
18.409
18.718
19.338
19.849
19.278
19.445
19.780
18.895
17.620
13.633
13.279
20.639
20.788
20.825
20.227
10.175
21.042
20.725
16.973
19.096
16.061
21.482
18.311
21.963
21.979
21.438
22.176
21.968
22.209
22.298
22.480
21.752
17.034
22.461
23.177
23.285
23.379
23.335
23.548
23.522
24.431
24.822
24.839
24.765
23.874
21.263
24.180
24.431
23.805
23.685
24.805
24.721
24.501
24.596
25.350
25.066
25.062
25.674
26.082
25.899
24.973
26.537
26.780
26.551
26.421
26.450
26.200
24.713
26.046
24.014
24.390
23.464
23.680
14.258
24.750
25.312
26.688
26.618
26.851
24.514
26.809
26.179
26.602
27.330
27.782
27.655
20.391
27.123
9.467
17.851
22.469
27.589
28.385
26.019
20.358
25.040
25.272
23.581
20.067
16.064
20.768
24.552
25.264
27.820
27.925
27.946
26.725
24.933
25.891
23.569
25.896
15.981
27.649
27.838
27.518
21.909
27.583
18.169
18.750
13.898
22.164
24.181
27.795
28.034
27.831
22.409
25.570
26.357
19.007
24.667
26.676
21.902
21.322
19.995
27.019
27.851
25.102
27.013
27.488
25.482
26.992
25.897
13.082
27.333
27.082
26.935
16.250
26.076
20.054
24.523
25.340
26.411
26.733
18.633
19.203
19.483
17.442
16.724
23.702
22.820
16.219
21.944
10.282
14.939
24.652
25.277
15.416
3.183
3.296
1.668
14.646
22.674
14.772
18.611
25.756
9.442
