20000101
30.233,12.166
29.467,12.058
29.986,10.613
29.017,8.701
29.601,8.678
29.283,8.819
29.894,9.867
31.444,8.818
32.095,8.499
32.817,12.171
33.421,10.192
31.133,11.749
28.602,10.825
26.434,7.515
24.930,9.266
25.036,8.283
27.343,9.466
31.051,12.072
33.053,12.223
31.709,10.093
29.392,9.440
29.454,11.507
30.782,10.399
30.177,13.185
32.148,11.431
31.519,11.711
28.535,13.749
27.543,11.314
29.377,9.211
32.319,10.007
31.410,10.010
28.755,12.648
29.142,9.567
29.732,10.727
29.494,11.069
27.374,14.050
26.203,9.445
27.880,10.665
29.390,10.903
28.804,10.922
29.774,9.737
27.284,9.644
26.159,8.763
27.173,10.029
27.115,10.673
30.027,9.848
32.540,11.982
30.097,11.297
31.332,10.802
30.904,11.718
32.507,15.109
32.813,15.418
31.240,16.410
31.368,16.668
27.591,20.380
32.646,15.795
31.854,12.205
34.237,11.566
35.356,15.263
37.580,13.784
38.321,16.793
37.205,14.398
36.208,14.043
33.835,14.634
34.381,10.709
33.563,14.075
31.905,8.406
32.634,15.852
35.969,13.901
35.841,10.658
36.767,15.958
34.756,16.562
32.769,15.326
35.809,10.439
34.411,13.554
35.459,12.090
35.987,14.312
37.501,11.836
37.526,15.166
37.122,15.442
37.565,13.700
36.295,14.895
35.969,16.061
34.864,17.797
36.053,17.002
37.290,18.443
37.852,16.277
38.946,15.729
41.575,17.859
42.184,18.621
41.764,20.782
42.458,20.502
43.262,23.497
44.100,20.603
42.840,18.489
42.600,16.794
44.220,17.426
42.476,17.318
42.024,22.829
44.413,17.277
42.518,18.172
43.486,18.885
43.941,20.992
44.205,20.878
42.163,21.271
42.713,22.381
43.118,21.975
43.364,21.463
42.320,19.138
44.034,22.822
43.514,22.222
42.332,24.452
42.057,27.523
41.343,25.154
42.022,24.320
43.670,25.631
44.668,26.519
43.892,26.170
44.116,27.183
43.798,27.401
44.970,27.044
44.711,25.034
45.524,25.050
45.704,24.953
44.910,25.527
44.827,25.058
44.310,28.223
43.681,26.774
42.558,27.276
42.893,26.002
42.422,26.704
42.605,26.924
40.374,28.261
37.661,25.573
41.246,26.400
39.337,26.494
41.263,26.660
40.721,25.679
42.980,26.901
39.400,26.565
36.670,27.856
42.129,25.518
43.235,27.934
42.515,27.736
42.630,27.853
42.283,28.616
42.301,28.674
43.072,28.965
43.004,27.778
42.820,29.201
40.126,27.717
39.920,28.455
42.704,28.928
43.958,29.528
45.514,30.344
45.197,30.196
46.267,29.103
44.962,29.667
46.896,30.794
43.328,29.207
43.025,28.048
43.368,29.540
43.234,28.553
41.600,29.073
41.062,29.053
41.489,29.127
40.836,28.180
42.642,28.349
42.354,28.381
43.184,27.588
43.640,28.235
41.300,30.643
39.985,27.947
39.782,28.785
39.264,27.425
40.387,27.675
40.373,27.807
40.451,27.475
40.909,28.692
40.943,27.408
44.905,28.851
41.016,29.473
37.646,28.098
34.135,27.033
39.382,25.824
35.218,26.629
38.518,26.855
40.259,28.126
39.501,28.084
30.634,26.943
34.881,26.593
35.437,26.415
34.508,26.680
33.037,26.159
33.172,26.257
27.360,24.885
25.832,24.371
29.080,23.763
31.099,23.909
33.079,25.006
29.740,25.098
30.374,24.504
26.972,23.940
29.924,23.485
32.405,23.853
34.516,23.637
35.031,24.240
35.882,24.342
36.999,24.891
37.894,24.410
30.817,26.018
31.783,25.772
35.284,25.547
35.287,25.415
35.632,25.678
33.134,24.975
36.159,24.460
36.827,24.954
37.441,25.670
38.585,25.232
37.975,28.455
38.446,26.990
37.572,27.518
36.817,25.855
34.591,26.331
29.790,25.458
27.525,23.968
30.660,23.934
29.322,23.421
29.206,24.708
30.844,24.563
27.547,23.911
29.317,23.662
28.017,23.736
31.402,23.606
35.435,25.325
35.116,25.328
36.788,27.394
36.242,26.283
32.791,24.557
33.626,24.780
34.206,24.984
31.868,25.061
27.173,24.590
31.071,24.311
32.536,24.825
34.339,24.879
33.064,24.754
25.301,23.383
33.785,23.597
33.288,22.908
34.429,21.746
33.978,23.159
33.898,22.225
34.307,21.815
34.946,21.465
36.106,20.516
36.854,20.763
36.251,21.396
35.964,20.582
36.942,21.283
34.989,21.015
36.108,20.336
37.415,20.068
37.166,22.237
39.188,21.896
39.200,21.887
39.363,22.978
37.544,25.388
40.571,22.819
39.366,21.041
39.283,25.621
40.611,21.548
39.506,21.544
40.101,19.989
40.014,18.342
40.154,21.266
40.799,18.708
40.059,18.627
40.777,17.875
40.419,18.060
40.538,20.192
39.947,21.655
41.965,21.067
39.303,22.837
40.593,23.626
39.736,21.637
38.703,26.381
40.953,20.709
38.617,19.391
38.474,17.831
39.624,16.681
40.281,16.898
39.864,16.112
40.045,16.962
38.386,16.244
37.077,15.653
36.115,16.809
38.576,17.177
38.499,17.966
37.694,19.433
38.629,18.640
38.238,14.853
37.281,14.442
38.529,17.899
36.026,14.834
35.691,17.265
35.090,16.881
35.698,15.391
35.730,15.327
35.266,17.256
35.440,16.087
36.222,17.456
37.106,15.749
37.130,20.259
36.272,18.918
35.480,16.559
35.366,14.729
35.820,19.444
35.399,18.034
34.807,15.632
34.535,13.976
34.972,14.120
33.112,14.567
32.138,14.320
33.918,12.608
33.797,14.573
33.688,14.641
35.185,17.025
32.808,17.203
32.972,14.729
32.809,13.382
30.641,15.444
29.662,14.076
29.921,13.300
28.643,11.429
28.752,9.786
29.740,10.394
31.530,9.320
32.737,11.802
32.626,13.017
32.706,14.659
33.186,11.646
32.774,12.298
32.061,12.308
31.841,13.283
31.405,12.835
32.406,12.442
32.292,12.591
32.081,13.942
32.076,12.627
31.845,12.520
32.365,12.677
29.924,14.190
30.254,12.542
30.350,12.798
31.997,11.599
31.760,10.757
32.077,12.038
32.288,12.102
31.480,12.649
30.799,12.037
30.400,10.630
30.961,11.177
27.207,13.850
24.684,12.175
25.694,6.326
25.527,7.860
26.493,9.698
26.371,9.002
26.782,9.115
29.355,8.762
28.502,12.058
26.195,9.484
26.103,9.382
28.199,10.120
29.328,11.944
30.004,8.478
28.911,11.533
29.675,10.630
30.936,13.500
30.342,14.927
32.228,15.520
31.711,14.824
32.772,13.229
33.624,13.946
31.158,10.543
29.718,11.158
28.253,9.138
27.860,9.568
29.413,7.493
30.240,8.769
31.505,11.108
32.153,11.935
32.876,9.498
31.829,12.067
32.027,18.685
33.016,15.113
30.247,12.794
31.039,11.306
31.377,10.506
30.593,8.680
31.073,9.404
32.232,10.066
33.760,12.498
33.546,12.510
33.103,10.653
32.466,12.498
34.824,10.873
36.961,15.922
32.747,12.203
30.419,11.958
31.518,12.739
33.239,13.301
34.282,15.327
34.199,16.126
36.603,16.067
34.964,16.036
35.264,14.556
37.352,14.445
36.962,15.120
35.545,15.187
34.866,16.925
34.128,16.326
33.179,14.009
33.019,17.388
33.257,17.049
34.243,16.675
32.885,18.266
34.546,15.167
34.848,15.115
36.583,14.029
35.453,15.274
35.792,16.477
38.000,16.786
37.097,16.392
34.638,17.359
34.800,15.313
36.107,14.262
38.937,20.939
38.701,21.595
38.872,18.781
39.174,18.029
39.616,18.393
37.908,17.473
37.115,16.068
36.901,18.116
36.313,19.273
38.952,19.355
39.206,17.254
38.738,18.038
38.990,16.875
37.479,20.079
35.148,16.371
35.354,14.813
37.197,13.382
36.989,19.779
41.497,19.509
40.307,18.642
40.757,16.328
41.257,18.000
41.473,14.751
43.842,22.791
42.145,21.836
40.399,19.509
40.006,18.762
39.824,18.410
39.074,22.243
41.162,21.566
40.299,21.535
36.335,24.782
39.162,20.791
37.121,23.087
37.594,19.727
37.620,22.913
42.531,21.526
40.560,19.737
42.430,20.986
45.279,20.162
47.377,23.572
44.867,24.088
44.742,22.013
43.697,23.504
43.417,23.731
44.603,22.981
44.708,24.455
46.006,25.500
45.216,24.571
44.903,25.639
45.288,25.942
45.670,25.774
45.327,26.138
44.505,26.160
42.757,25.106
42.061,25.682
43.598,27.351
43.322,26.456
44.304,26.327
44.378,26.265
42.572,26.162
42.425,26.279
42.370,27.522
42.145,27.368
40.683,27.075
39.933,26.291
40.622,27.833
41.598,27.997
42.220,28.980
48.571,30.063
45.258,29.575
43.528,28.585
42.549,28.047
42.272,27.469
43.074,28.224
39.917,26.511
36.727,26.290
38.070,27.130
38.222,27.274
35.691,27.112
35.411,26.813
38.517,25.747
38.661,26.812
38.220,27.068
42.770,27.651
42.291,27.612
41.118,27.917
39.554,28.249
40.319,27.355
41.151,28.222
37.872,26.996
34.884,27.202
34.256,25.948
28.988,24.464
30.706,24.110
35.612,25.303
36.990,26.058
38.331,26.449
38.515,26.468
38.922,26.302
40.010,26.673
40.500,28.411
39.699,27.906
40.077,28.029
39.550,27.453
39.775,27.570
38.776,28.006
36.187,28.203
31.741,27.494
31.848,25.702
31.607,24.771
25.991,24.472
29.561,24.716
34.579,24.242
37.238,24.952
34.309,26.409
34.497,26.147
32.799,25.190
27.061,24.698
29.996,24.633
29.880,24.518
32.828,24.490
28.164,25.123
28.446,25.242
27.594,24.808
29.821,25.026
33.792,25.142
27.403,25.394
28.038,25.224
31.610,24.623
28.662,24.852
33.269,24.635
31.853,24.780
31.446,24.769
33.520,24.730
33.889,25.399
30.506,24.778
32.087,24.944
34.386,25.268
34.506,24.988
35.604,25.835
35.347,23.706
38.019,25.299
36.496,25.500
33.717,24.576
34.436,25.519
34.419,25.743
34.838,25.425
32.113,25.523
32.886,25.353
32.182,25.216
30.638,24.988
32.602,25.182
34.352,25.089
26.381,25.116
25.347,23.488
26.977,24.002
32.351,22.688
32.991,24.404
33.515,24.387
32.494,24.274
31.776,24.032
32.953,24.167
33.480,24.799
33.851,23.489
34.018,22.946
33.558,23.251
31.867,23.603
29.525,22.507
34.014,22.353
36.256,23.774
35.575,23.920
36.039,23.514
35.961,24.533
35.403,24.645
35.056,23.357
34.520,24.556
35.060,22.100
35.847,22.090
35.212,22.062
35.311,21.965
36.138,22.281
36.288,22.534
36.047,22.438
38.891,22.067
39.975,20.851
37.537,23.271
38.569,21.954
38.876,22.932
36.172,26.369
38.739,25.480
40.946,25.814
37.893,26.607
39.190,21.589
40.245,25.711
40.442,20.979
39.671,18.496
40.755,18.799
42.174,22.242
39.802,21.341
38.957,24.498
36.747,24.447
37.715,24.610
36.467,22.632
38.055,22.802
39.833,21.848
38.853,21.786
39.547,23.110
38.595,23.243
36.319,23.613
33.189,23.843
26.884,23.535
36.518,20.695
37.249,22.236
38.680,26.078
38.547,21.740
37.560,20.334
36.826,16.664
38.074,15.985
37.850,16.307
37.582,16.997
38.211,17.224
37.393,18.905
38.268,19.155
38.240,16.216
38.485,16.123
40.140,17.640
40.002,20.377
37.720,18.795
38.425,17.130
37.334,16.935
38.474,18.783
37.540,17.251
37.127,17.672
36.182,15.859
35.138,18.419
35.871,15.664
36.860,19.610
34.112,19.108
32.573,16.986
32.530,14.474
33.165,14.030
32.902,15.089
33.596,15.630
33.545,14.100
33.316,13.642
35.329,15.659
35.413,17.641
35.493,18.666
34.599,17.600
34.809,15.346
34.163,13.548
33.320,13.962
33.542,12.827
31.932,13.218
31.589,13.090
30.180,12.136
29.513,11.946
29.625,12.611
29.782,12.177
30.578,11.397
31.239,12.736
31.774,13.670
31.510,14.110
31.947,11.340
31.805,12.672
32.797,13.910
33.454,13.029
34.005,14.344
33.737,15.602
33.316,12.924
33.257,13.701
32.091,12.928
31.019,15.306
30.676,14.466
31.611,12.738
31.534,14.273
31.467,14.507
31.648,13.949
31.660,16.205
29.737,14.940
28.677,12.969
27.870,10.729
27.846,9.967
28.576,10.277
29.966,11.047
30.374,11.449
31.271,12.934
29.218,13.443
29.136,12.902
29.614,12.217
28.621,11.945
29.223,10.929
28.631,10.511
27.961,10.694
27.472,10.522
27.253,10.560
28.927,11.868
28.443,12.341
28.084,11.874
27.450,10.841
29.616,11.117
30.216,12.674
32.049,11.431
33.030,10.617
31.803,11.510
31.498,13.541
28.556,12.714
27.247,8.205
23.409,11.872
26.075,8.891
25.676,10.214
25.916,9.712
27.260,10.085
28.067,9.766
28.394,9.528
28.306,9.184
27.253,13.995
25.002,10.134
24.105,8.215
25.241,8.504
25.182,8.295
27.172,8.714
30.486,9.688
29.707,11.314
28.982,12.422
30.262,13.186
32.975,13.137
30.410,12.979
28.063,11.095
26.515,8.298
27.164,9.731
25.028,12.193
25.788,15.091
28.596,10.719
30.078,11.691
32.375,12.683
34.363,14.037
34.513,14.954
33.047,18.189
35.973,17.428
35.207,21.080
35.126,17.740
35.893,17.476
36.549,14.897
35.041,14.445
34.509,13.624
32.878,15.561
33.930,15.728
35.307,15.591
35.609,16.339
38.298,17.678
35.103,18.625
32.513,16.814
35.334,15.675
35.284,15.375
37.235,17.068
35.235,16.210
34.601,14.984
33.830,17.290
36.966,17.601
36.545,21.373
30.647,20.853
34.213,18.405
28.635,19.878
34.738,14.408
36.405,16.029
40.477,16.512
39.581,19.037
40.971,18.169
39.971,17.796
38.558,20.222
38.634,16.807
39.781,16.373
38.600,19.621
36.877,17.344
38.864,16.426
38.200,17.062
39.041,20.068
39.579,19.733
40.430,17.179
41.470,18.982
42.339,21.332
41.801,18.920
41.039,15.613
40.872,16.043
42.157,19.105
42.565,23.093
35.632,24.321
36.429,19.797
39.643,21.067
40.883,18.677
40.358,19.559
43.028,20.832
42.083,20.271
41.986,23.045
40.035,22.673
40.361,21.211
41.414,21.947
42.296,23.757
43.985,22.372
41.412,27.780
42.406,23.026
43.116,22.830
42.591,24.372
42.141,24.723
40.981,22.665
43.595,17.530
44.360,19.122
45.494,24.068
45.564,20.800
45.218,21.772
45.447,23.419
47.044,23.495
47.111,26.075
49.076,24.863
47.661,26.114
46.432,26.396
45.437,24.823
43.924,24.550
44.788,26.500
44.606,30.340
44.353,30.031
44.485,27.641
45.032,28.618
45.394,29.324
45.129,29.357
45.495,28.963
44.394,32.501
45.176,29.504
42.810,28.089
42.705,27.351
43.517,27.386
44.499,28.782
44.517,28.384
44.234,28.486
43.957,29.093
42.254,27.815
41.657,26.763
42.320,27.791
42.647,28.985
41.727,29.029
43.591,29.124
42.528,31.036
43.501,28.177
45.102,28.832
43.632,28.690
43.934,29.045
42.976,28.283
43.785,29.926
44.593,29.154
44.763,30.060
45.647,30.469
45.003,32.749
47.379,32.748
44.951,28.954
43.489,31.892
43.354,29.748
44.350,29.873
39.977,28.910
39.940,28.467
40.647,29.314
41.235,28.799
39.296,28.778
40.428,28.340
42.969,28.164
43.053,29.907
40.200,30.053
38.352,30.491
37.898,27.705
32.880,27.576
28.988,25.380
29.641,24.832
36.993,25.903
38.044,26.246
37.679,26.721
37.681,27.398
40.349,27.348
39.202,27.760
39.250,27.450
40.316,27.441
39.895,27.606
36.437,27.655
38.130,26.995
42.084,27.617
39.340,28.311
38.089,27.568
33.159,28.139
32.242,26.207
36.938,25.761
34.737,26.939
34.671,26.123
31.070,26.107
33.824,25.493
28.430,26.264
29.055,26.213
29.901,26.123
28.189,26.245
29.853,25.692
34.200,25.795
38.181,25.000
39.262,26.103
39.787,25.982
40.244,25.275
40.107,26.643
40.793,27.103
40.346,28.338
36.555,27.309
29.764,24.889
29.661,24.194
31.450,24.373
25.924,24.188
32.181,24.077
31.631,24.952
31.670,24.806
26.851,24.893
26.130,24.444
26.700,24.641
27.927,24.969
26.315,24.124
33.452,23.686
32.623,24.585
33.837,24.534
34.972,24.630
30.252,24.753
35.803,23.701
35.573,23.919
32.200,24.940
29.316,24.561
28.839,23.487
28.539,22.711
33.248,22.482
34.367,23.337
28.126,23.922
31.198,22.796
32.661,24.100
36.012,25.243
33.801,25.172
30.867,24.774
33.101,25.204
33.701,24.989
32.932,22.536
34.318,23.131
33.513,23.839
35.819,21.194
32.472,21.701
36.431,22.733
36.385,22.833
35.409,19.884
35.486,20.599
34.547,21.801
33.658,21.234
34.755,20.829
36.575,19.686
38.478,20.855
39.843,20.764
38.033,22.053
39.161,24.077
37.308,25.815
37.445,21.420
38.201,21.062
37.724,24.186
40.743,21.430
39.007,23.197
42.057,23.167
40.952,18.127
40.359,20.123
39.522,19.307
40.279,19.193
39.915,17.720
40.012,18.714
40.536,18.239
40.954,21.234
40.593,19.339
40.388,19.711
39.191,19.542
39.284,25.289
39.113,20.696
40.105,19.376
37.820,19.937
37.629,21.012
38.763,18.906
39.021,18.181
38.241,18.001
37.833,18.708
37.797,18.289
38.396,19.085
37.893,17.986
37.608,18.760
37.877,17.131
37.373,17.263
37.612,13.314
36.706,13.544
36.860,13.915
36.436,15.395
38.519,16.230
37.711,17.511
37.436,18.192
37.185,14.179
36.848,14.866
37.138,15.389
34.654,18.422
36.529,15.737
34.503,18.990
35.144,17.000
34.720,18.288
34.760,16.232
32.571,20.015
33.187,16.231
33.088,18.539
33.554,16.080
35.322,16.036
34.195,13.117
35.057,16.027
34.516,15.769
35.284,15.270
35.815,17.044
34.791,16.240
33.992,15.012
34.323,14.540
35.085,16.965
35.487,16.175
34.831,14.667
33.304,13.547
33.428,12.982
33.543,14.791
31.873,14.897
31.951,14.949
32.705,14.410
32.089,10.630
32.046,14.072
32.248,15.162
32.964,16.625
33.908,19.562
33.114,16.432
31.707,15.003
32.297,11.986
32.732,11.471
33.231,14.488
33.719,14.634
34.248,15.116
34.711,14.946
34.125,13.267
33.819,13.494
32.403,14.210
31.864,14.544
31.418,13.673
30.839,13.524
31.974,13.596
30.064,11.857
28.057,13.229
27.996,11.709
29.702,13.112
27.656,11.794
28.173,10.787
27.213,9.522
25.821,12.370
23.966,8.213
24.341,8.703
23.651,12.721
26.206,12.106
28.498,10.653
30.834,11.879
30.349,15.550
28.149,11.438
30.579,13.230
30.300,17.742
29.775,13.564
31.449,14.975
29.921,15.012
29.269,10.835
30.552,10.993
29.644,10.867
29.027,9.821
29.644,10.505
29.923,10.942
31.232,13.433
31.789,13.280
32.029,14.084
32.436,13.315
32.306,12.749
33.654,12.703
34.189,15.661
34.651,15.074
31.776,15.833
30.298,14.346
31.252,11.451
31.619,16.776
28.514,15.814
29.145,15.088
29.332,14.487
28.647,14.194
30.292,13.522
32.199,13.427
33.894,12.546
31.347,13.605
31.799,13.897
31.651,14.930
31.440,16.322
31.220,14.873
32.784,12.967
32.490,14.740
33.953,14.455
35.230,14.864
32.908,18.236
26.659,19.433
29.548,16.414
30.992,15.003
32.337,15.260
34.117,16.195
34.843,17.797
35.536,17.417
34.647,18.856
35.468,17.912
36.807,18.110
36.739,18.475
37.739,19.430
36.084,19.924
32.815,14.539
29.795,9.388
30.441,11.639
35.047,13.788
35.725,14.807
35.550,15.193
36.838,15.761
36.772,16.292
35.040,17.687
35.101,17.320
36.870,16.481
38.186,18.633
37.482,15.538
36.671,14.944
37.763,17.793
37.009,17.220
36.788,19.432
39.060,18.408
39.028,19.899
39.848,16.678
40.228,18.841
40.034,19.407
41.261,24.011
43.022,24.849
40.196,24.101
40.609,20.476
39.640,20.334
38.856,21.589
40.582,18.857
41.051,21.755
41.499,18.733
41.134,21.282
40.060,23.086
39.679,20.627
40.934,24.622
42.689,23.219
40.773,19.092
41.527,18.153
41.043,20.972
44.813,24.234
39.727,27.666
40.187,22.051
39.412,20.775
40.660,22.509
40.415,21.616
42.586,23.049
41.401,25.421
38.711,25.497
39.463,20.521
42.647,20.699
45.653,23.105
44.079,23.844
43.052,22.744
42.426,22.387
43.026,23.432
42.604,21.874
45.637,19.922
47.273,23.334
47.100,23.439
45.273,23.795
42.730,24.016
40.737,24.547
40.909,20.485
41.189,21.690
41.402,22.785
41.819,23.094
43.191,20.276
45.805,20.170
47.033,22.764
45.341,27.678
45.687,28.147
45.372,25.916
45.737,26.266
48.573,23.007
46.121,26.335
45.101,28.111
43.550,29.018
42.866,27.502
43.108,27.480
43.231,27.428
41.368,26.656
42.282,27.837
44.161,27.833
42.312,28.183
40.360,25.814
41.310,28.173
42.722,26.619
43.008,28.644
44.226,28.182
44.732,27.879
43.736,26.660
44.591,29.223
45.265,29.526
45.379,29.103
44.174,28.480
43.680,29.266
42.894,29.517
42.954,29.527
44.165,29.441
43.445,29.534
43.621,28.616
44.124,30.189
43.775,29.458
42.840,28.665
45.158,29.675
40.638,28.701
35.076,27.518
32.704,26.866
31.712,25.701
31.267,25.290
38.698,26.044
40.632,27.550
40.418,27.586
39.469,28.573
36.322,28.272
36.790,27.039
38.114,27.018
37.573,26.688
37.691,26.651
38.275,26.522
38.470,27.346
39.129,27.900
38.797,27.730
36.593,27.634
28.948,26.747
32.554,25.930
33.850,26.020
34.019,25.703
32.221,25.836
34.732,25.433
30.668,25.760
35.135,25.683
35.756,25.669
37.387,26.232
35.587,26.272
30.737,25.993
34.844,25.842
35.673,26.121
36.018,26.208
32.123,26.486
31.185,26.088
29.861,25.434
32.776,25.672
28.213,25.204
28.708,24.651
29.264,24.448
32.775,24.708
27.898,25.179
28.320,24.408
28.916,24.332
30.678,25.004
30.105,24.788
30.812,24.286
29.896,23.893
30.270,24.056
31.405,24.541
35.315,24.616
35.773,25.166
33.499,25.988
32.532,26.009
31.877,25.273
27.977,25.020
33.413,24.720
32.200,25.546
33.868,24.535
33.427,24.877
32.818,25.440
34.144,25.804
32.272,24.820
32.197,24.444
35.089,24.297
35.553,24.503
40.288,25.627
36.438,25.636
31.576,25.512
26.652,24.239
26.492,23.601
28.722,24.136
31.003,24.530
33.011,23.552
26.024,23.988
29.454,24.034
26.934,24.193
30.279,23.774
30.675,24.619
32.563,24.633
32.619,24.622
31.911,22.316
31.093,23.299
33.910,22.632
33.327,24.338
35.004,24.029
32.940,24.108
33.647,21.887
33.785,22.872
33.957,21.905
32.643,23.110
34.469,24.083
31.735,23.126
33.338,24.292
34.704,24.115
37.855,24.741
38.474,22.831
36.523,23.546
32.536,23.562
32.358,24.004
31.714,23.171
35.755,24.070
35.796,22.524
36.019,24.560
37.879,21.298
37.562,23.278
36.452,21.991
37.939,23.792
36.217,24.147
37.239,19.721
36.423,16.250
34.294,17.967
35.848,20.812
35.741,22.752
38.124,24.973
37.428,20.309
36.123,18.907
36.056,16.989
36.548,16.443
36.668,16.740
37.218,17.228
36.169,17.337
36.849,17.712
36.454,17.497
36.830,17.732
37.307,19.732
35.635,15.034
35.490,14.855
36.368,14.314
34.711,14.529
36.808,14.446
34.489,13.538
35.344,16.035
34.185,17.986
34.492,18.627
34.453,18.476
34.417,16.890
35.209,16.612
35.881,18.746
35.713,19.305
34.394,18.223
35.319,19.604
35.159,23.121
34.566,18.910
34.449,18.087
34.897,19.584
35.316,19.237
34.829,16.250
33.840,15.850
33.193,15.782
31.876,15.091
32.354,16.241
33.012,13.657
32.961,16.512
34.044,16.892
32.097,17.235
32.900,16.554
32.832,16.563
33.375,17.206
33.087,11.955
33.211,16.470
33.895,18.886
32.827,18.065
33.517,16.738
32.797,15.019
32.905,15.991
32.369,15.254
33.198,15.685
32.653,13.534
31.977,13.978
32.087,13.136
32.484,12.275
33.283,14.523
32.925,14.123
33.542,14.554
33.404,15.047
31.260,16.162
32.028,15.963
32.512,15.676
32.521,15.444
31.591,16.375
30.865,16.780
27.666,14.151
26.735,11.772
27.418,12.031
27.618,12.200
28.466,12.956
28.429,12.242
28.424,12.705
28.785,10.678
28.022,11.647
27.403,11.799
28.599,12.240
26.462,8.269
24.786,10.116
25.973,9.243
27.125,9.768
29.255,10.738
28.643,7.778
27.557,10.571
28.821,11.149
27.917,12.580
27.743,14.013
27.024,13.139
24.582,12.609
28.244,14.172
28.056,11.765
29.350,10.255
30.466,11.688
31.177,10.901
31.854,11.030
31.581,12.761
32.365,13.619
33.474,13.725
31.268,12.895
29.108,8.914
28.390,10.684
29.679,12.054
28.325,15.342
27.116,10.228
24.052,10.360
25.671,9.893
26.582,10.507
26.863,10.958
27.163,11.106
28.483,10.745
29.211,12.632
28.625,11.310
26.493,14.576
24.144,9.604
25.246,9.489
27.865,9.077
31.079,10.170
29.135,8.882
28.673,10.048
30.409,8.949
31.400,10.059
32.165,9.333
30.578,14.584
30.987,11.322
32.911,13.962
33.258,15.814
33.294,16.341
33.597,14.797
34.264,13.758
34.699,14.363
33.145,13.173
35.005,12.377
34.179,13.297
34.764,15.116
36.186,14.818
36.529,16.394
37.278,16.460
38.387,16.055
37.517,18.859
36.723,15.244
36.511,14.876
36.319,12.293
36.089,17.911
37.475,17.371
37.981,17.121
38.159,18.915
38.226,19.325
38.276,18.297
39.468,15.980
39.135,14.550
39.660,18.363
40.198,15.065
39.792,19.765
42.130,15.697
41.210,17.098
41.102,21.342
43.513,17.710
42.947,19.250
42.582,21.366
43.104,20.810
41.976,20.078
41.087,16.723
40.944,17.507
41.631,17.673
41.725,19.951
39.068,19.817
37.491,16.117
35.813,14.020
39.396,13.855
41.529,19.765
40.425,18.161
40.970,17.621
39.645,16.321
39.861,18.575
40.209,18.227
40.061,19.121
41.138,20.940
41.331,22.067
40.625,18.085
40.783,18.018
40.751,22.767
40.598,21.880
40.510,19.288
42.557,19.361
42.572,21.464
43.275,21.240
42.631,23.592
42.515,23.457
42.019,21.984
39.804,23.162
39.488,23.264
39.076,21.042
41.780,22.194
42.998,21.400
42.464,22.357
42.608,23.449
42.803,22.273
44.351,20.871
43.911,21.301
44.310,22.246
43.459,24.481
42.758,24.311
41.422,25.217
43.093,20.890
43.012,22.305
46.268,23.433
46.448,25.423
47.297,24.917
45.984,21.373
42.873,31.060
41.758,31.053
43.887,30.291
40.834,28.110
39.597,27.716
39.792,28.881
35.522,27.961
38.507,27.857
40.866,29.099
42.522,28.004
43.464,29.723
44.572,29.336
43.709,28.200
43.018,27.995
42.501,28.114
42.789,28.317
42.187,27.834
41.875,27.591
42.111,27.430
41.689,27.002
43.382,27.673
43.260,26.465
44.706,26.704
44.565,26.246
44.361,28.340
44.872,29.051
44.903,28.819
43.854,28.758
43.477,28.743
43.673,28.840
43.933,28.503
42.144,28.012
40.918,30.410
41.081,30.278
42.340,28.438
40.380,28.379
47.388,29.769
42.478,28.774
44.987,28.394
36.816,28.972
35.145,28.670
36.510,26.996
32.409,26.541
39.214,25.744
39.007,27.084
40.231,27.254
40.134,27.487
39.523,27.543
37.058,27.476
36.865,27.001
36.089,27.260
37.396,26.040
35.119,26.235
34.660,25.727
34.336,25.835
38.526,26.170
37.098,26.335
41.401,27.227
36.874,27.432
38.780,28.563
35.122,27.196
33.757,26.348
33.355,26.264
34.476,25.891
36.913,25.373
35.222,25.383
37.968,26.237
38.378,25.742
39.550,26.495
40.033,27.423
42.829,27.791
39.466,27.613
35.756,26.645
36.693,25.716
36.481,26.006
39.127,25.759
38.610,26.482
40.555,25.516
42.074,26.456
41.062,27.839
36.063,27.838
31.651,26.664
36.820,26.744
34.647,27.178
35.402,26.045
35.205,25.321
32.801,24.815
32.865,25.114
35.160,25.294
37.070,26.810
31.925,27.664
32.414,26.471
28.240,25.157
26.228,23.852
30.137,24.474
30.624,23.997
26.687,24.670
29.075,23.943
30.701,22.422
26.155,24.220
32.746,24.088
25.231,23.600
29.779,23.202
31.086,23.889
31.952,24.096
31.478,24.312
33.091,24.308
33.115,24.840
28.420,24.337
30.836,23.911
32.410,24.072
32.849,23.370
32.650,23.046
32.695,22.630
33.113,22.646
33.536,22.405
33.517,22.528
34.180,21.843
35.680,21.674
34.544,23.174
32.874,24.409
35.407,21.358
40.048,22.507
41.038,23.120
38.314,23.373
35.884,22.901
34.522,23.134
35.783,22.540
35.368,21.391
35.385,20.447
35.219,21.812
34.054,21.345
33.402,21.530
36.069,22.532
36.478,22.903
34.119,23.964
38.360,23.150
37.974,25.939
38.268,22.390
37.741,24.793
38.000,24.940
36.393,23.203
33.929,24.505
37.925,23.744
38.886,23.597
39.901,27.018
34.358,24.270
36.064,24.149
31.570,23.719
33.473,22.014
33.573,23.801
33.101,23.627
37.135,23.561
34.896,23.120
35.099,24.240
34.296,22.514
32.766,23.115
33.901,21.004
34.943,15.752
35.281,19.104
35.779,19.010
34.674,17.029
33.807,16.850
34.557,15.936
35.219,16.120
34.915,16.365
34.134,16.553
35.742,15.969
34.997,16.716
34.434,15.811
34.302,14.883
34.881,19.003
33.720,17.805
35.388,15.940
35.131,16.089
33.175,19.148
34.442,16.281
33.264,17.290
32.935,18.554
34.540,18.410
33.571,18.438
32.255,17.761
31.848,16.453
31.749,16.807
32.034,19.545
33.024,17.410
33.083,16.579
34.614,18.833
33.915,19.509
33.192,17.834
34.831,17.290
34.603,16.795
35.323,16.402
34.197,17.707
35.053,17.528
34.606,20.883
34.517,18.984
34.310,17.955
34.850,15.642
34.328,15.208
33.636,14.140
32.685,16.615
32.492,14.869
32.486,15.927
33.239,17.080
31.780,17.173
31.528,15.542
30.609,12.609
29.819,12.330
30.153,15.592
31.146,14.255
30.440,14.472
31.039,13.550
31.420,15.736
31.144,15.784
31.561,15.751
32.143,16.353
32.335,14.306
31.797,15.653
30.573,14.734
31.055,14.549
31.374,13.894
31.717,14.980
32.501,13.597
32.119,14.000
31.767,12.886
30.518,11.170
28.506,12.948
28.112,12.148
29.038,12.021
28.222,9.704
27.207,12.630
27.927,14.143
25.918,11.693
28.633,11.533
30.735,14.470
30.869,14.666
31.091,16.603
27.101,18.439
25.327,7.981
26.222,8.551
26.881,10.620
27.732,11.027
30.288,13.292
28.504,12.365
27.660,11.635
28.555,11.252
29.305,10.791
27.659,10.747
26.038,10.555
27.278,10.178
28.442,10.005
29.536,11.047
29.507,12.058
26.761,11.921
26.674,8.407
23.738,8.902
25.240,9.644
26.475,9.411
27.196,10.732
28.132,8.524
26.652,10.604
27.700,10.689
28.110,12.987
28.308,10.721
25.526,13.523
27.710,11.714
27.128,11.494
26.247,12.248
27.406,13.790
26.736,11.553
27.109,9.929
28.882,10.186
29.155,8.541
29.916,13.193
31.793,12.145
30.267,12.189
31.272,13.695
34.039,16.167
36.323,17.586
34.207,15.272
34.173,13.603
33.196,17.182
35.110,15.354
33.857,16.117
31.585,17.259
28.230,13.533
27.587,7.311
25.885,3.581
25.594,6.927
26.659,10.576
27.514,10.472
30.925,10.307
32.580,11.665
33.484,15.244
35.310,15.814
36.636,17.054
37.276,18.086
36.699,17.529
36.447,21.277
37.012,17.290
36.398,20.262
35.237,15.159
35.696,18.395
33.318,19.205
33.053,15.396
32.513,17.821
31.860,13.051
32.970,14.399
35.742,16.277
35.889,16.369
37.571,14.181
39.036,16.306
39.695,15.416
40.226,17.585
39.849,15.786
39.497,16.362
39.153,18.774
38.303,18.514
34.789,17.773
35.532,14.241
35.371,12.126
37.920,16.451
39.488,19.010
37.591,18.570
38.593,16.763
38.284,15.937
37.012,19.328
36.865,20.181
38.446,20.113
41.835,17.928
41.891,19.050
43.825,19.982
42.200,17.729
42.244,17.720
40.508,18.967
38.112,17.618
37.077,14.498
37.114,14.389
36.337,17.308
39.716,18.410
41.391,19.134
41.213,18.041
41.278,17.864
39.895,20.007
41.943,18.558
42.857,18.961
44.021,19.055
46.767,22.154
43.957,26.259
40.955,22.564
40.065,26.868
41.451,21.666
40.318,21.440
41.476,22.947
41.559,21.972
40.840,22.234
38.888,22.273
38.578,23.288
41.099,25.127
40.345,24.342
39.367,23.542
39.004,23.550
38.688,23.936
39.588,26.709
41.676,27.727
41.348,26.474
40.650,24.873
41.563,24.353
39.627,21.815
41.112,21.834
42.284,22.804
42.851,23.579
43.253,24.425
44.198,25.763
42.244,26.866
42.618,25.699
44.700,28.943
45.387,28.874
45.564,27.721
43.366,27.495
43.219,27.618
43.833,28.287
43.657,27.849
42.277,26.299
42.476,26.486
44.220,27.398
42.295,27.526
45.072,27.860
44.997,25.653
44.478,29.004
44.231,28.783
43.658,27.784
44.036,28.667
44.994,28.214
44.945,28.539
42.323,27.175
42.310,28.429
44.246,29.092
44.734,28.049
44.548,29.502
43.226,28.909
40.144,29.606
41.737,27.626
42.495,29.030
42.492,30.259
41.984,30.050
42.519,28.766
38.477,30.922
41.442,29.274
40.725,29.506
40.347,28.124
39.681,27.471
39.865,27.297
38.009,27.629
36.830,27.306
38.444,26.756
37.833,26.822
37.742,26.427
37.077,26.352
34.482,26.236
32.519,26.187
31.925,25.476
33.253,25.882
33.602,26.059
36.915,25.943
31.242,26.424
37.065,26.528
33.959,26.577
30.984,26.143
36.693,25.831
29.040,26.265
35.424,25.518
34.869,26.008
34.109,26.405
29.123,26.219
29.867,26.404
35.144,25.310
37.312,26.266
37.491,26.070
37.548,26.091
38.471,25.959
39.025,25.825
29.812,27.014
39.015,27.317
37.410,26.654
34.420,25.772
31.181,25.036
28.892,23.927
30.042,25.007
37.728,24.508
34.896,26.408
32.215,25.748
31.310,25.018
30.658,24.840
30.336,25.048
26.896,24.798
28.371,24.832
28.872,24.541
30.557,24.221
32.537,23.134
32.177,23.181
33.418,23.578
34.357,23.635
34.510,25.194
33.793,23.282
30.704,24.188
30.414,24.726
34.563,23.924
34.364,23.912
34.589,24.323
33.428,23.496
34.722,24.063
34.150,23.700
32.578,23.554
33.089,23.221
32.494,23.502
35.074,22.910
35.543,22.806
36.239,22.832
35.131,22.703
36.274,21.638
37.215,22.876
40.925,24.567
40.595,24.136
40.522,23.344
40.408,25.954
37.411,26.990
39.501,25.504
37.226,25.441
35.609,25.468
34.880,26.070
35.940,24.491
32.186,24.990
33.398,24.556
30.794,24.888
28.276,24.236
30.002,24.118
30.592,23.650
27.704,24.218
31.352,24.023
32.867,23.613
35.131,25.393
33.988,24.336
31.870,24.825
24.493,23.177
30.557,22.915
30.828,22.973
30.983,22.664
32.069,21.706
33.896,20.836
33.370,19.903
31.725,22.346
35.069,19.773
33.416,21.285
34.145,18.719
35.424,18.873
35.121,18.561
35.094,20.938
35.837,19.632
35.298,19.105
34.548,22.583
34.257,21.674
36.290,20.526
35.003,20.773
34.893,20.538
34.679,20.102
34.024,18.492
35.467,18.208
34.379,20.878
34.233,21.341
35.257,18.282
34.591,17.239
33.192,18.953
32.740,17.416
32.707,18.081
34.467,19.522
35.544,19.709
34.177,18.768
34.500,15.775
34.782,16.437
33.456,14.194
33.082,14.526
32.653,14.208
32.508,15.955
32.756,17.213
33.173,16.791
32.811,17.619
32.230,16.037
33.185,15.938
32.004,16.244
30.879,15.262
31.631,12.337
32.453,15.029
32.840,15.185
33.850,14.231
33.310,14.253
33.079,14.409
33.211,15.053
34.152,16.529
32.819,16.121
33.695,14.175
33.658,15.800
33.945,13.623
33.448,14.766
32.233,13.631
31.830,15.508
31.468,16.182
31.680,14.852
31.077,14.668
31.875,13.584
31.089,14.939
29.800,14.862
29.132,14.622
29.448,15.558
29.204,17.077
29.286,15.646
29.931,13.749
30.567,13.052
30.878,13.293
30.169,13.393
28.659,11.788
28.520,13.312
27.718,12.230
28.179,12.206
28.132,11.587
28.402,12.377
28.393,12.678
28.670,13.060
27.848,10.967
27.162,12.120
27.810,11.448
28.198,11.597
28.394,12.632
27.430,12.714
26.524,12.384
25.470,11.403
25.744,9.645
26.605,8.720
28.164,10.357
29.199,9.281
29.561,13.380
28.088,12.111
28.133,11.567
29.061,11.468
28.118,10.979
26.191,10.001
26.891,10.807
26.487,12.405
27.835,13.307
27.542,12.362
27.801,11.677
29.317,11.306
30.909,10.753
29.977,12.320
30.658,11.299
30.630,12.614
30.581,12.733
32.044,11.297
33.545,11.523
31.363,13.799
30.382,12.589
29.375,13.522
27.885,13.950
27.720,12.514
27.307,11.025
26.160,9.552
26.046,10.280
26.265,9.937
27.724,9.424
28.971,10.149
30.391,11.833
31.263,11.059
32.667,13.149
34.021,13.748
33.866,14.626
33.561,15.887
33.875,16.604
33.413,15.264
32.940,13.283
33.507,12.356
32.470,12.791
32.261,11.697
33.512,14.291
33.568,14.233
34.096,12.822
34.702,13.759
35.489,14.031
36.233,14.959
34.022,14.277
34.582,13.477
35.340,13.828
37.088,16.077
37.948,19.954
37.715,19.590
38.336,18.868
38.247,20.007
37.693,16.728
38.169,18.730
38.272,18.979
36.530,23.298
32.649,22.717
33.188,22.315
34.216,19.208
36.064,17.787
35.893,15.794
35.541,15.140
34.974,12.944
34.914,13.662
36.121,16.797
35.559,16.196
24.926,17.343
28.675,14.848
29.893,13.497
32.985,15.163
33.495,14.628
32.496,20.982
32.746,20.169
33.969,16.633
34.959,16.026
35.301,18.609
34.271,21.992
38.029,20.277
37.721,19.472
36.709,18.771
38.108,18.985
37.854,18.920
37.457,18.567
37.904,16.793
36.447,17.851
36.838,16.586
38.978,19.819
38.482,17.768
40.385,17.117
37.814,17.564
39.213,19.767
38.943,18.390
39.658,18.111
40.707,18.877
41.313,20.059
41.782,21.575
41.415,20.662
40.584,20.717
39.950,20.218
40.078,17.797
39.499,17.034
40.137,18.638
40.449,20.038
40.173,21.237
40.382,24.103
38.769,25.547
39.925,16.696
40.036,18.721
40.721,20.503
42.168,23.758
41.180,23.728
40.209,23.242
41.086,22.066
43.895,23.192
41.755,23.055
41.783,22.893
41.843,23.137
43.341,24.652
44.741,26.818
43.598,24.754
43.809,24.351
44.933,24.171
48.447,23.294
46.899,24.716
45.980,26.144
44.148,24.179
44.384,24.439
44.525,24.783
44.005,25.927
44.866,27.946
44.330,25.945
44.227,25.625
43.062,26.656
42.958,27.032
43.349,27.016
43.964,27.762
45.005,28.187
40.537,29.157
40.466,27.419
40.521,27.873
42.618,29.016
42.402,27.723
43.113,29.539
44.782,29.315
45.290,28.989
45.766,29.771
46.216,29.601
45.416,29.386
45.035,30.791
43.465,29.911
40.522,29.806
30.436,26.596
37.158,25.675
38.398,26.548
39.631,27.622
38.796,26.753
39.828,27.280
40.802,28.050
41.018,27.885
42.184,28.907
41.532,28.445
39.900,27.102
39.221,27.215
39.402,28.674
41.329,28.074
41.408,28.113
41.176,26.988
42.596,27.498
40.900,29.748
44.545,28.888
47.869,29.326
42.805,30.854
45.359,30.977
44.797,31.392
42.998,30.117
40.908,30.222
40.198,28.539
34.348,27.374
37.830,26.694
37.283,27.044
39.035,26.699
38.799,27.031
41.446,27.818
41.371,29.624
41.498,31.310
32.518,26.343
31.313,25.927
30.729,26.145
33.105,25.640
28.948,25.698
32.678,25.664
31.798,25.690
34.934,26.572
37.029,26.342
37.854,26.835
37.883,26.767
35.602,26.582
36.108,27.046
29.915,25.319
27.227,25.105
28.194,24.906
33.786,24.989
30.878,24.851
30.308,24.974
32.140,25.340
34.911,24.838
29.570,25.087
31.163,24.325
28.799,24.458
30.999,24.606
29.160,24.783
24.629,23.752
26.111,23.290
30.771,23.689
27.146,24.455
34.130,24.068
33.604,25.494
27.670,24.823
28.239,24.729
27.424,24.844
27.516,24.937
27.467,24.252
32.564,23.967
30.853,24.519
32.763,23.961
29.640,23.744
32.617,24.761
29.872,24.710
29.233,24.057
25.081,23.522
26.065,24.146
28.049,24.085
26.270,23.780
29.529,23.779
29.991,23.484
27.082,22.755
28.471,23.275
27.042,22.932
28.117,23.337
29.915,22.284
33.004,23.211
25.047,22.910
27.173,22.753
30.517,23.410
33.379,23.759
34.208,22.795
34.773,23.524
29.439,25.039
27.386,23.507
30.181,23.021
31.497,23.125
33.597,21.382
31.785,22.522
32.999,23.817
34.777,22.166
34.788,24.062
34.133,23.780
33.727,24.664
35.635,24.004
34.976,22.797
36.903,23.525
36.405,24.409
34.707,24.442
32.200,23.958
33.042,23.235
32.229,24.464
33.140,24.105
33.638,22.663
33.862,23.806
35.699,24.539
34.562,23.217
36.316,22.252
35.901,24.299
34.523,24.073
36.905,22.903
38.344,21.612
36.818,21.765
35.064,21.051
34.538,20.800
34.424,18.769
34.220,18.391
35.322,19.287
35.381,17.713
34.732,18.344
34.010,16.385
36.433,25.068
35.379,24.376
37.665,20.830
37.243,20.036
36.349,20.304
36.370,20.302
35.348,21.005
35.356,18.486
34.660,18.803
36.210,21.001
35.082,22.643
36.330,17.874
35.495,17.470
35.428,19.668
34.320,19.652
34.074,18.446
33.860,18.099
34.015,18.157
34.213,18.820
33.232,17.292
33.140,17.658
33.269,17.924
34.891,18.280
35.094,16.850
34.308,16.337
31.924,20.150
34.235,19.148
34.824,16.333
32.422,17.529
32.487,16.667
32.690,16.966
32.560,15.602
32.531,17.177
32.221,16.170
32.769,17.078
32.311,16.181
32.273,13.774
32.392,16.253
31.798,16.632
32.270,18.352
31.712,14.378
31.180,16.988
29.131,14.259
28.635,13.575
29.335,12.501
29.917,13.546
23.246,15.313
29.966,15.565
30.230,15.156
29.760,15.474
31.697,16.807
32.346,15.868
31.331,14.146
31.810,18.374
30.860,16.967
29.659,15.268
30.366,16.118
30.147,12.751
28.666,12.730
27.602,12.338
29.057,12.480
30.190,14.232
31.486,14.195
31.475,15.289
31.307,16.721
30.367,12.489
30.365,13.423
29.978,13.057
30.312,12.560
29.408,14.268
30.154,14.904
31.005,16.159
29.864,15.294
30.576,14.511
29.299,16.026
28.154,13.116
29.517,13.122
30.174,13.354
29.248,11.716
27.991,12.884
27.000,11.766
26.785,11.762
27.585,10.904
27.616,12.326
27.828,12.370
26.973,11.344
28.527,12.411
30.057,12.718
29.136,13.562
28.452,13.311
28.772,12.623
27.826,13.088
27.886,11.578
28.559,11.870
28.575,12.044
27.395,11.634
29.156,12.401
30.242,11.008
28.420,12.020
28.189,11.555
28.293,12.177
29.165,13.072
30.994,13.188
31.970,13.812
33.131,13.730
32.669,15.546
33.936,17.857
34.633,19.574
31.210,19.012
32.973,16.121
32.878,15.307
33.277,15.691
33.646,16.507
32.641,12.513
33.215,15.184
31.590,12.522
32.162,14.181
31.741,16.040
33.945,15.506
29.424,17.646
30.504,16.073
28.899,11.079
27.523,15.523
28.045,11.270
28.352,14.111
29.290,12.032
29.423,13.828
30.510,13.974
32.788,16.120
33.171,15.963
34.548,16.753
34.673,17.807
34.398,21.597
32.516,21.299
33.382,14.984
33.233,16.785
34.908,14.088
34.727,15.051
32.113,16.240
30.705,17.113
32.311,14.990
35.598,16.896
34.803,17.618
34.155,17.146
35.104,16.728
34.187,14.731
34.233,13.358
34.272,17.829
36.654,18.766
35.347,17.590
33.420,18.107
33.213,17.557
32.778,16.267
36.439,16.320
38.632,18.206
39.687,20.236
39.059,18.936
38.065,20.454
36.640,21.132
37.067,17.066
38.672,19.687
38.284,20.392
37.876,19.327
41.210,20.015
42.522,21.673
43.091,21.961
43.271,22.640
45.109,24.040
44.638,23.157
40.245,21.078
41.098,21.348
41.000,22.026
43.440,22.110
43.064,22.118
45.407,23.681
43.226,20.872
41.365,20.010
41.759,19.906
43.292,18.178
42.550,20.792
42.057,21.257
41.968,20.433
42.638,20.233
43.326,24.143
44.850,23.960
46.697,22.540
44.721,23.995
43.980,22.671
44.959,29.219
42.630,26.735
41.975,23.607
41.105,23.099
42.476,22.298
43.348,23.638
45.963,23.468
43.967,23.508
44.768,24.911
43.513,26.445
43.973,28.082
49.759,26.298
46.252,28.005
46.131,28.034
45.315,26.810
47.733,25.663
43.974,27.484
43.784,26.559
43.950,27.400
44.869,25.492
45.135,25.625
44.531,26.495
43.771,27.674
43.196,26.581
43.055,26.777
42.663,26.212
42.619,26.911
43.111,27.448
43.534,26.938
42.791,27.523
41.322,28.744
38.617,27.665
41.438,26.091
41.953,25.274
42.114,27.264
41.200,25.770
41.857,26.454
42.562,27.926
42.695,27.306
38.104,27.370
42.356,25.042
43.135,26.777
45.721,29.740
44.093,28.601
36.547,29.458
37.114,27.169
34.821,26.703
39.578,27.720
43.965,29.359
44.505,30.482
43.895,30.340
43.523,28.855
43.237,28.879
43.869,29.508
44.307,30.354
40.662,30.430
37.585,30.148
40.298,28.338
41.531,29.368
40.589,28.314
41.859,28.751
40.412,28.740
40.549,28.161
41.265,29.451
40.365,31.234
33.757,29.113
30.077,26.235
32.307,24.749
34.885,26.689
36.187,25.562
35.374,27.052
37.187,27.825
37.993,28.838
34.174,26.899
27.135,25.604
26.656,24.106
30.048,24.984
29.416,25.531
30.785,25.366
31.205,26.002
32.035,25.490
26.652,24.712
30.460,24.745
33.134,24.678
32.157,25.668
33.222,25.551
33.494,25.555
33.423,25.577
32.945,25.244
36.147,24.976
36.067,25.812
35.466,25.018
35.721,25.222
36.713,24.917
35.773,25.535
34.966,25.934
33.029,26.454
33.356,24.968
36.904,25.302
33.278,25.948
34.882,25.534
33.360,25.264
34.204,25.476
33.877,25.149
33.574,25.686
27.764,25.732
30.565,25.059
29.576,24.853
33.104,24.232
32.851,25.697
33.323,26.132
26.400,24.840
29.317,24.798
30.123,24.547
28.629,24.167
27.016,24.458
26.275,24.259
28.114,24.481
28.969,24.510
27.871,25.150
29.967,24.463
35.177,23.618
33.211,24.411
26.360,24.230
30.478,23.997
30.447,23.827
32.703,23.507
34.477,23.281
33.627,26.034
33.514,25.210
35.257,25.345
31.672,24.799
31.349,24.533
29.778,25.101
32.672,25.485
32.366,25.150
32.572,25.617
30.843,25.930
31.940,25.271
30.133,24.853
29.096,24.514
31.997,24.282
31.648,24.151
32.141,23.858
32.395,23.080
33.252,21.527
33.769,22.439
34.145,21.830
33.996,22.765
35.043,22.548
37.052,22.135
37.605,25.343
37.136,24.162
39.707,25.502
36.214,26.160
35.461,25.354
33.189,23.449
31.068,22.938
34.091,23.349
34.608,22.922
33.715,24.792
35.055,23.658
35.185,22.775
36.558,19.913
36.073,21.405
36.127,20.429
35.748,18.451
34.723,18.442
36.529,19.258
34.846,18.496
34.495,16.272
33.252,19.697
34.307,19.912
35.695,19.213
32.962,18.569
35.128,24.288
35.954,18.984
35.093,17.516
35.885,15.610
36.445,15.828
36.369,15.768
36.814,14.587
36.372,14.661
36.151,15.159
34.925,14.889
36.246,14.827
35.867,17.597
35.402,17.483
34.768,18.999
34.589,20.455
35.599,18.100
36.050,17.531
35.363,17.767
34.238,18.927
34.199,18.623
35.581,21.596
34.932,19.763
34.838,18.561
37.364,22.726
37.846,22.308
36.677,17.585
36.226,17.450
37.163,18.323
36.086,23.742
35.689,19.660
35.580,16.585
34.296,17.269
34.873,17.959
34.451,18.549
33.211,15.695
34.679,16.343
32.589,16.077
31.343,13.425
31.805,13.541
31.878,15.066
32.339,12.580
32.785,14.262
33.795,14.378
33.044,13.749
32.458,13.286
32.257,14.363
31.007,11.460
31.545,11.464
31.175,13.857
30.707,15.985
29.494,16.718
29.764,16.005
29.811,17.888
29.430,15.646
28.884,14.424
28.904,15.477
29.085,14.812
28.672,12.611
28.770,11.718
30.135,13.080
29.348,13.269
28.140,17.528
27.741,13.310
26.316,13.943
26.963,14.876
27.460,12.686
27.073,12.869
29.281,12.567
28.577,12.352
31.156,13.916
32.418,14.842
32.471,14.553
33.577,16.598
32.354,15.622
31.199,19.863
29.937,15.970
30.291,14.788
28.138,13.658
27.899,9.293
28.111,11.007
28.539,12.576
26.742,11.672
26.858,11.732
27.632,11.868
28.270,12.291
30.099,13.856
31.042,14.167
31.733,15.652
31.272,13.296
31.171,11.679
29.829,11.910
26.690,12.686
28.486,12.397
28.068,12.221
29.186,13.315
29.657,13.817
31.439,12.885
31.614,11.475
29.408,10.282
26.393,9.376
26.302,9.529
25.334,9.148
25.665,11.929
25.672,9.567
24.227,8.355
26.449,7.523
24.139,5.612
24.975,8.901
26.379,8.456
28.380,11.205
25.708,9.281
24.951,9.455
25.406,6.888
28.630,7.917
26.052,14.577
24.022,6.136
24.303,6.527
24.489,5.490
22.447,4.975
23.653,7.228
23.914,7.791
25.965,7.600
27.595,8.678
27.849,9.576
28.065,9.106
30.352,10.618
32.846,12.805
33.423,13.360
34.607,12.350
35.349,14.918
34.492,14.717
33.767,13.742
34.260,12.758
34.751,11.095
33.509,11.963
33.383,11.677
32.359,14.515
33.278,14.475
34.290,14.812
36.934,13.179
37.919,13.056
36.969,12.932
36.557,12.113
36.089,12.679
36.949,14.127
37.468,14.336
37.770,13.873
38.149,15.066
37.376,15.452
37.645,17.686
38.484,20.362
36.278,24.611
37.296,22.272
35.574,22.478
37.374,21.613
39.432,20.238
39.567,21.209
39.380,18.880
40.343,15.808
38.984,16.045
40.747,15.881
39.559,20.350
41.143,18.553
40.981,19.976
40.260,20.565
40.749,20.447
39.813,19.895
40.605,25.059
40.928,22.130
41.070,16.889
38.516,19.759
37.954,17.936
37.438,17.711
38.083,20.017
36.336,18.528
35.373,18.220
35.687,17.499
39.259,18.445
37.824,22.142
40.882,22.544
41.175,18.950
41.347,22.464
41.993,22.397
42.436,21.185
41.876,23.870
41.272,22.145
41.646,21.045
41.011,20.778
43.625,21.085
44.165,23.797
42.170,17.724
42.114,19.273
41.856,21.148
45.127,27.940
43.511,22.621
44.760,26.546
45.035,23.129
44.957,24.572
44.220,22.484
44.120,22.971
43.466,22.444
43.015,23.412
42.033,24.430
42.613,23.898
43.530,24.286
41.984,23.638
41.437,23.731
40.792,24.655
41.303,26.220
42.744,26.874
40.861,27.324
41.014,25.520
42.516,25.823
42.675,25.425
42.856,25.735
43.464,27.355
42.583,26.456
41.697,26.631
42.373,27.177
41.500,27.008
41.707,26.532
41.731,27.079
40.960,26.515
41.362,27.357
43.219,27.669
43.206,27.255
43.634,25.515
43.280,26.306
43.551,29.005
43.452,28.156
43.151,27.767
42.338,27.065
43.155,27.923
42.380,27.811
42.496,29.257
41.996,29.339
43.093,29.411
40.857,29.757
37.324,27.906
40.798,27.259
40.813,28.156
34.993,28.374
36.180,26.935
38.507,27.206
28.494,25.417
35.377,24.484
33.324,26.091
35.996,25.451
36.081,27.045
34.800,27.910
40.068,27.111
33.817,27.962
32.906,27.954
37.737,26.830
40.618,27.888
40.329,28.477
40.604,29.244
35.313,29.457
37.340,28.224
33.564,27.323
36.755,26.290
36.703,27.249
32.237,26.459
33.550,26.273
36.372,25.652
30.258,26.082
34.720,25.536
36.258,25.821
37.696,26.631
31.186,27.131
33.953,26.880
27.967,25.884
30.313,25.346
28.412,24.658
29.164,23.491
29.664,24.544
31.684,25.149
34.690,25.128
36.227,25.762
36.391,25.187
35.911,26.238
36.128,26.167
34.226,26.794
37.488,26.358
36.878,26.418
36.920,26.231
32.007,26.163
36.916,26.302
35.414,26.041
29.425,25.070
29.664,25.073
37.425,23.578
33.282,25.401
32.120,25.137
31.763,24.935
28.410,24.742
32.153,24.434
32.259,24.882
30.569,25.293
31.039,24.905
30.461,23.920
28.745,24.749
29.551,24.936
32.955,24.667
33.956,24.798
26.948,25.003
29.859,24.021
26.274,24.490
30.799,23.955
30.346,24.506
32.160,24.546
28.469,23.160
31.628,23.686
32.352,23.586
32.631,23.017
32.404,21.540
33.987,21.408
35.931,23.620
33.957,24.099
32.499,25.591
26.873,24.459
33.621,23.265
32.812,23.304
33.859,22.274
33.911,21.946
35.583,21.432
38.369,23.638
37.699,26.434
36.451,25.279
35.638,24.961
32.727,23.957
32.856,23.680
34.339,23.567
34.296,22.177
35.052,24.524
33.643,25.221
33.504,25.155
34.648,25.535
30.927,24.940
31.859,22.990
32.561,23.023
31.667,23.251
31.048,24.254
33.288,24.153
35.699,22.621
34.469,24.904
33.112,23.636
33.879,22.283
34.880,23.733
34.410,21.698
34.225,21.479
33.832,20.938
33.604,20.606
33.871,19.629
33.980,18.881
35.444,20.060
36.300,22.647
39.236,22.540
37.208,27.149
40.068,24.996
36.634,20.807
35.215,23.171
34.675,21.333
36.607,20.447
37.494,23.109
39.145,24.362
38.611,20.508
39.903,19.101
39.538,19.365
37.412,18.593
36.905,22.807
38.174,22.801
38.069,21.911
36.990,20.520
36.124,17.299
37.373,16.286
36.972,18.622
35.935,19.215
37.575,18.282
36.297,15.812
37.615,17.918
36.561,15.605
36.766,15.897
35.289,17.172
34.880,17.096
34.991,18.639
35.201,17.730
36.808,17.642
36.538,15.923
35.718,17.311
35.856,15.894
35.530,16.777
35.294,15.512
35.946,15.543
35.035,15.680
34.609,14.688
33.575,16.305
32.656,15.062
33.200,17.337
33.797,18.451
33.473,17.924
34.490,18.928
32.441,17.782
24.286,21.626
22.612,19.450
31.934,17.576
30.210,16.283
29.747,14.574
29.945,14.100
30.192,13.082
31.392,12.788
31.879,13.387
31.891,15.463
30.249,15.396
30.852,15.713
31.774,17.379
24.196,18.948
31.478,17.501
32.702,18.179
33.766,17.695
34.109,18.517
33.884,17.978
33.174,19.811
32.574,17.959
33.228,17.112
32.521,18.161
32.549,17.377
31.338,16.354
31.878,17.333
32.138,17.257
32.205,17.151
32.706,17.224
32.689,17.318
32.794,18.462
30.885,19.639
29.517,18.424
29.993,16.662
29.905,16.243
29.824,14.500
29.619,12.655
30.529,10.606
30.478,10.244
28.831,9.230
28.481,8.401
29.401,10.225
29.867,10.287
29.287,13.688
28.182,12.050
28.638,11.998
30.143,12.146
29.261,10.205
27.059,12.811
26.887,12.549
26.437,12.947
24.392,12.791
25.027,14.406
27.589,14.723
28.870,14.685
29.656,16.134
29.356,16.450
30.132,18.127
30.022,17.512
32.366,18.233
31.854,17.886
31.796,15.428
30.236,15.836
31.453,16.390
29.527,17.087
32.964,15.674
33.073,14.761
32.604,15.773
32.908,13.274
30.633,11.362
30.213,11.229
31.357,12.645
31.932,12.312
32.285,11.985
30.943,13.763
32.060,12.271
32.642,11.677
32.220,10.535
32.303,12.023
30.872,11.241
30.519,11.398
30.973,14.464
33.159,14.293
33.850,13.255
30.065,12.199
28.526,11.659
29.424,12.241
31.440,11.712
32.174,11.833
30.740,15.740
32.131,14.739
34.404,14.909
34.523,16.536
34.262,16.538
35.924,16.930
37.590,18.591
36.676,18.367
36.303,16.280
36.077,14.969
36.615,15.827
37.786,16.365
37.544,17.296
37.724,16.537
39.387,19.120
40.361,17.478
39.954,17.347
38.775,16.206
38.320,16.159
37.647,15.035
35.550,13.315
35.623,15.711
37.566,18.405
37.363,16.341
39.974,18.398
40.646,18.612
38.683,18.494
39.717,18.151
37.959,16.775
37.570,17.226
40.371,20.816
37.869,17.751
39.327,16.498
38.366,18.198
37.753,17.205
37.605,16.397
37.882,20.136
41.339,20.934
39.198,18.274
40.249,20.323
36.337,17.847
38.229,19.642
39.978,20.846
39.489,21.225
41.288,22.204
41.118,22.870
41.586,22.115
42.551,23.264
41.659,21.403
40.280,22.723
39.504,23.856
38.742,21.206
35.981,18.898
39.424,20.447
38.439,21.705
43.106,21.200
45.194,22.234
45.909,21.954
42.917,22.894
41.075,23.654
41.829,25.616
43.210,24.066
44.486,22.405
46.991,20.987
43.772,22.190
41.355,23.079
41.411,21.725
41.428,17.134
41.779,23.177
42.078,23.234
44.404,25.693
45.254,21.079
46.503,22.883
46.806,25.133
46.172,24.936
44.560,23.392
44.430,24.591
44.202,23.677
42.695,24.084
41.511,23.362
42.711,25.023
42.787,26.648
43.537,25.088
43.413,23.584
44.121,24.766
43.091,25.737
44.343,27.264
45.504,27.865
45.983,27.942
45.469,27.869
45.555,27.994
46.691,28.014
45.498,28.836
45.162,28.723
45.317,28.011
46.473,27.263
46.618,28.645
44.475,28.236
44.573,27.562
44.375,27.122
44.050,26.923
44.647,28.089
45.266,29.070
44.523,29.057
43.709,28.645
44.120,29.615
42.410,29.297
42.252,28.703
42.622,28.757
42.594,28.804
42.119,28.067
42.837,28.311
42.185,27.795
42.168,27.732
42.698,28.447
43.480,28.618
43.394,27.999
42.564,28.348
42.674,28.609
43.220,29.073
42.486,28.219
42.984,29.096
40.819,29.328
41.410,29.183
42.277,28.223
42.965,31.423
42.661,28.980
36.782,28.907
41.746,27.749
37.512,28.463
40.252,27.180
40.043,28.233
40.301,27.944
32.303,26.013
38.142,25.593
38.664,27.504
38.034,27.907
31.098,27.856
41.848,26.574
39.724,27.317
43.925,26.787
43.599,28.718
43.856,29.261
44.270,30.311
34.054,25.533
31.019,26.035
33.205,25.818
35.321,26.141
32.776,26.318
28.716,25.626
35.236,25.561
34.945,26.763
33.346,26.270
29.254,25.394
29.571,24.437
33.765,25.046
29.342,25.629
32.787,25.490
31.217,24.806
26.302,24.465
26.766,24.177
26.920,24.873
28.680,25.185
27.731,24.683
27.455,25.367
31.629,25.430
28.614,24.879
29.940,24.579
28.386,25.415
34.787,24.816
34.631,24.802
32.721,24.714
31.347,24.845
30.001,25.053
32.480,24.800
34.235,25.295
33.905,25.260
34.840,24.746
31.616,24.460
28.365,23.791
30.314,24.146
31.353,24.114
31.776,24.239
33.701,23.775
34.713,25.004
35.134,24.734
35.634,25.074
35.487,24.447
35.919,25.094
36.763,24.602
38.317,24.483
35.941,24.596
31.654,25.868
31.990,24.727
30.491,24.063
28.825,24.563
27.711,24.410
30.267,24.086
31.702,23.411
31.068,25.620
32.733,24.679
35.398,24.573
33.727,25.525
33.917,24.021
37.414,24.635
37.007,24.633
36.486,24.538
32.091,24.574
34.417,24.635
35.121,22.949
36.256,22.176
35.204,22.870
34.398,21.429
33.863,20.158
35.702,19.399
36.801,21.710
37.165,25.229
37.534,22.096
37.777,21.486
38.009,21.471
39.165,22.479
37.394,21.661
37.163,21.610
36.118,22.001
37.829,21.938
38.929,23.131
39.484,22.655
39.210,25.492
40.141,23.207
38.131,25.098
36.800,26.158
35.733,24.674
36.563,24.453
35.538,21.860
35.446,22.113
33.853,20.441
33.952,19.897
33.979,18.135
34.518,18.394
33.269,22.984
34.797,21.462
34.943,21.831
34.635,18.898
35.278,19.395
35.616,19.142
35.988,19.855
34.815,16.220
34.687,16.463
34.881,16.824
36.354,16.940
36.742,17.029
35.258,15.267
34.938,13.526
35.596,14.646
34.610,14.740
34.760,14.722
35.474,17.434
36.048,16.245
36.526,17.039
37.524,15.862
37.399,15.462
35.517,15.493
35.101,15.199
33.570,17.360
34.409,18.352
34.484,18.522
34.600,19.571
35.500,18.616
33.850,20.650
28.007,22.643
22.641,19.375
30.508,18.904
32.114,19.306
32.594,18.353
31.288,20.354
31.440,19.313
30.026,16.735
29.738,17.293
29.870,15.606
30.076,14.371
28.692,13.142
29.017,13.189
29.770,14.004
32.038,13.067
30.922,15.020
30.631,14.545
30.492,16.080
30.841,14.237
29.474,13.723
28.548,12.313
28.582,13.997
28.983,14.661
30.273,14.923
30.492,12.853
30.345,14.419
30.228,14.265
30.395,15.491
31.061,12.490
30.601,12.042
30.993,14.373
31.949,14.349
30.600,14.342
30.626,15.927
31.235,15.648
30.762,16.015
29.349,14.681
28.947,15.242
29.196,15.082
29.242,15.752
27.474,14.257
29.793,14.472
28.738,18.324
29.087,14.166
28.530,12.226
27.557,10.763
28.058,11.334
28.557,12.643
23.328,17.272
27.357,13.341
27.564,12.384
28.122,11.535
29.085,12.987
28.093,17.090
27.498,14.490
27.131,9.805
26.497,9.765
27.229,10.391
28.308,10.671
27.943,10.719
28.959,11.103
30.130,13.414
30.612,15.902
26.935,9.937
25.566,10.758
26.639,9.380
27.958,10.814
28.280,11.709
29.172,10.941
29.356,11.711
29.366,10.453
29.872,11.927
29.894,11.039
29.760,9.702
29.924,8.756
30.613,11.815
30.312,13.012
30.739,12.277
30.219,13.565
30.599,11.897
30.276,13.413
30.826,10.791
29.579,11.190
30.875,13.309
30.595,13.223
30.830,16.051
31.818,16.016
33.500,16.165
33.891,15.590
33.991,16.081
30.997,17.576
29.862,13.418
29.785,13.289
31.536,14.158
31.620,12.722
30.821,14.554
30.838,12.470
31.599,11.188
31.210,14.070
31.835,12.538
32.986,13.385
34.899,12.643
35.185,15.763
34.501,19.660
32.552,15.033
31.862,11.872
32.622,10.506
35.454,16.010
36.792,16.514
37.604,14.860
36.934,14.553
37.671,15.252
35.993,21.471
34.110,17.709
33.677,15.784
34.230,20.805
33.453,16.232
36.661,18.078
36.470,18.787
37.402,19.092
40.512,19.581
39.171,19.496
39.806,17.554
39.469,16.061
40.011,17.451
39.935,17.965
41.190,18.348
43.524,22.846
43.131,24.215
43.808,22.306
44.017,20.683
41.746,19.294
39.848,18.412
39.068,17.644
39.562,16.192
40.130,17.586
40.552,16.614
41.218,16.723
41.701,19.357
39.946,18.829
39.148,20.942
38.825,18.519
39.100,19.456
38.697,18.173
40.348,16.087
44.020,17.469
44.147,22.393
46.179,22.826
43.621,24.997
42.316,29.235
41.687,23.216
41.199,19.833
42.650,21.951
43.849,20.669
47.133,19.461
46.755,22.201
46.346,23.003
45.317,23.049
42.630,22.826
42.304,24.287
41.478,24.542
41.140,23.872
41.262,23.339
42.793,22.285
42.698,22.173
42.741,22.695
42.916,22.999
43.695,23.131
44.067,24.909
43.455,24.496
43.168,23.615
42.995,23.599
44.913,24.478
43.856,24.946
44.334,26.646
44.064,26.820
43.216,24.739
42.939,26.561
43.393,27.090
44.059,27.690
42.802,26.654
44.096,24.610
45.089,26.696
45.476,25.820
44.114,26.763
44.715,25.712
44.935,26.808
44.692,26.824
45.789,25.638
45.994,27.838
51.526,28.535
49.307,26.674
48.040,27.897
47.393,29.485
46.608,29.181
45.284,28.508
44.317,28.193
43.682,28.311
43.502,27.794
42.718,28.072
42.473,27.143
42.505,27.616
43.769,26.825
40.235,29.076
36.922,28.070
41.460,28.696
40.855,28.713
40.757,28.399
34.928,27.277
39.036,25.583
40.103,27.023
44.464,28.889
48.328,30.427
47.176,30.354
48.313,32.181
45.130,32.217
37.661,28.372
37.547,27.409
39.769,26.492
45.714,28.136
46.542,30.277
44.356,29.543
44.241,30.288
43.221,30.084
43.400,30.571
40.748,29.773
42.346,28.038
42.752,29.421
43.610,31.138
42.480,30.382
41.259,29.940
43.091,28.884
42.417,29.444
43.290,28.720
40.428,29.825
34.522,26.580
30.336,26.246
33.223,25.112
35.784,25.518
35.940,25.511
36.964,25.928
35.773,26.966
35.509,27.193
32.281,26.550
34.297,25.995
36.972,25.568
38.303,26.161
37.906,27.641
39.191,26.624
37.883,26.941
35.680,27.275
38.135,26.725
38.079,27.226
37.050,26.414
31.770,25.938
27.019,25.688
27.474,25.058
31.724,24.213
28.721,24.761
32.335,24.649
34.335,24.570
34.971,25.045
33.914,25.502
28.457,24.642
30.001,24.495
31.822,24.612
29.994,24.927
30.047,24.802
30.949,25.153
32.406,24.736
28.969,24.800
28.773,24.200
31.035,24.510
32.148,24.845
32.666,25.253
32.464,25.325
30.864,24.696
32.226,24.617
32.737,24.515
32.673,24.925
32.854,24.908
30.710,25.131
31.974,24.631
32.114,24.126
31.536,23.937
32.931,24.353
31.465,24.241
32.749,23.929
35.944,24.063
33.798,25.030
36.715,25.324
34.302,25.983
34.152,26.441
30.710,24.903
30.086,24.748
30.654,24.506
31.958,23.927
31.204,24.986
30.477,24.050
29.914,25.007
30.444,24.812
34.024,24.389
30.728,25.007
28.419,24.613
27.963,23.263
28.343,23.679
29.116,23.896
29.556,24.442
30.599,23.663
33.701,23.547
35.046,21.375
33.634,22.492
33.590,21.107
33.589,20.745
33.323,20.440
32.866,20.672
32.644,21.301
33.852,21.406
34.089,20.120
34.001,21.628
34.836,23.454
35.715,20.507
34.615,23.235
35.036,23.597
34.541,19.860
34.964,19.969
36.206,20.789
36.364,20.300
38.609,21.769
36.694,21.484
35.138,21.207
36.241,19.436
36.589,18.562
34.106,18.621
33.088,19.030
32.399,21.469
34.437,21.885
36.622,20.398
37.376,22.510
36.898,20.131
35.031,22.291
34.696,23.751
34.177,24.807
35.792,23.441
36.747,21.254
35.598,20.724
34.752,20.298
34.806,18.645
35.318,19.658
35.492,19.521
36.955,20.572
36.109,19.244
35.656,19.487
35.360,20.330
33.857,21.094
33.163,18.942
32.469,18.020
32.253,17.724
32.623,17.449
32.965,17.837
33.461,17.012
32.755,17.613
31.927,18.635
34.670,23.392
34.095,24.435
34.273,23.162
33.308,23.239
32.487,22.672
33.571,22.174
34.494,22.242
32.116,22.095
30.186,21.316
31.337,20.181
31.849,20.499
30.442,18.762
27.584,18.664
22.993,19.049
18.878,17.119
21.213,16.817
26.903,19.215
28.368,18.557
28.229,18.387
28.974,17.695
29.709,17.845
29.053,17.355
29.091,17.057
29.314,18.013
27.362,14.269
27.883,15.086
28.406,15.868
28.089,15.313
26.723,13.304
26.561,12.778
27.100,13.781
25.793,13.637
25.224,11.473
25.051,9.601
25.180,8.478
26.012,11.076
26.422,11.000
27.344,11.029
27.634,11.165
27.367,10.728
26.940,11.762
26.214,11.007
27.694,9.212
27.823,9.084
25.982,8.105
26.691,11.130
26.947,11.630
27.611,11.964
29.523,14.150
23.715,14.994
26.435,16.669
26.370,16.764
23.995,9.943
24.031,9.525
23.732,8.609
22.909,7.995
24.532,9.457
25.700,9.076
25.250,7.763
25.325,7.962
26.905,7.517
25.768,9.798
24.280,7.848
25.743,8.390
27.539,9.106
29.003,10.173
28.452,10.949
26.834,10.692
23.862,8.291
26.007,6.889
27.813,9.262
26.718,11.039
27.205,9.839
28.506,10.138
29.813,11.053
29.617,12.546
28.618,14.525
27.849,13.412
27.133,10.383
27.011,11.460
27.969,12.849
28.435,12.295
28.408,12.056
28.741,13.574
29.467,13.346
30.689,13.298
31.817,12.831
32.392,13.165
32.785,12.209
33.018,12.768
31.192,13.894
30.305,15.528
30.063,14.728
30.407,13.756
33.349,14.025
34.164,14.095
33.486,14.495
32.230,16.132
30.104,14.055
28.788,13.344
27.746,13.676
27.998,13.713
29.014,13.112
29.343,13.482
28.909,14.520
31.024,13.838
33.122,13.068
32.066,13.261
31.236,14.941
31.925,14.668
31.238,15.823
32.103,16.272
34.498,16.523
34.656,17.589
34.942,18.045
34.149,15.754
35.378,17.642
36.208,17.762
37.290,18.319
37.116,17.313
35.479,18.857
33.374,17.179
33.416,16.703
34.774,15.616
38.174,15.677
38.947,16.539
39.057,19.957
39.438,18.066
42.535,17.279
40.981,20.421
38.568,19.354
37.816,17.544
37.931,16.598
37.072,15.824
37.121,15.570
38.015,15.943
39.616,18.649
39.311,18.139
40.610,17.713
39.882,19.366
38.815,17.299
39.785,18.697
38.171,18.151
38.476,16.863
38.914,18.167
37.808,17.913
37.067,20.610
38.653,17.343
41.000,18.720
42.116,22.237
41.280,17.733
42.196,19.645
41.625,20.714
40.292,20.810
43.329,20.600
40.497,23.928
41.742,24.173
44.475,24.406
42.144,25.201
42.072,24.078
40.534,24.880
41.483,20.234
41.751,21.704
40.467,24.529
42.484,23.475
44.118,21.687
45.798,20.935
46.820,21.537
46.701,22.541
47.330,24.552
47.970,25.755
45.673,24.790
42.917,25.204
43.423,27.078
41.629,26.427
41.286,24.553
39.854,24.143
41.387,25.235
41.221,24.199
43.771,23.365
42.617,24.943
43.773,25.049
42.486,24.764
43.048,24.771
43.136,24.802
42.858,25.277
43.019,24.919
43.211,25.580
43.958,26.741
46.245,29.307
45.534,27.991
43.597,27.210
42.985,27.012
42.105,27.518
42.227,28.417
42.008,28.445
43.253,28.415
43.044,27.332
43.287,28.331
43.550,28.164
43.533,27.802
43.430,27.737
42.976,27.692
42.079,27.727
42.018,28.468
41.867,28.829
43.794,27.243
42.997,30.501
45.303,30.114
47.792,30.462
49.718,30.227
44.805,29.062
42.372,29.153
43.394,29.279
43.559,28.148
43.746,27.452
42.793,28.851
42.322,28.307
40.304,27.932
39.680,28.208
38.769,28.146
37.956,27.978
38.971,27.411
39.853,28.134
39.851,28.795
40.110,27.962
36.788,27.606
29.461,26.782
38.280,26.313
39.814,26.948
31.818,26.432
28.528,26.052
31.398,25.808
33.349,25.116
34.226,25.313
34.697,25.388
33.866,25.130
34.030,25.447
35.225,25.667
28.393,25.571
36.987,24.317
33.208,25.173
29.004,24.902
28.755,24.577
32.022,24.604
34.424,24.846
34.193,25.925
29.589,25.776
27.957,24.811
28.794,24.960
30.025,25.535
32.007,25.569
31.861,25.603
32.133,25.061
32.011,24.854
32.604,25.307
26.148,24.821
29.954,24.411
29.358,24.456
32.358,24.612
32.630,25.574
33.933,25.422
29.995,25.469
31.149,24.908
30.877,24.993
29.555,24.663
32.259,24.927
26.036,25.136
30.073,24.612
32.279,25.078
32.800,25.349
31.674,25.168
27.320,24.512
29.712,24.945
26.345,24.031
27.702,24.532
26.278,24.000
29.570,23.724
28.846,24.541
26.832,24.439
26.893,24.277
30.334,23.887
30.613,23.868
32.137,24.039
33.732,24.997
33.053,24.389
33.162,24.960
33.418,25.509
31.515,25.118
30.938,24.902
32.111,23.942
30.431,23.918
31.854,24.180
30.285,24.610
29.801,25.073
32.295,24.997
30.014,25.436
31.313,24.214
30.654,24.104
27.550,24.517
26.270,23.516
27.549,23.910
27.882,23.926
28.909,22.094
28.173,23.747
29.701,23.995
27.991,24.321
28.711,24.131
29.770,24.054
31.978,23.158
32.188,22.829
30.375,23.712
28.556,23.989
28.185,22.549
29.998,22.963
30.619,22.468
31.206,21.144
30.522,21.155
32.870,22.128
31.988,21.151
30.595,21.189
29.820,20.425
32.185,19.890
32.365,20.621
33.145,20.579
33.737,20.002
33.542,20.857
32.926,20.007
32.404,20.151
32.395,18.674
34.314,17.703
35.285,22.028
35.306,21.412
36.576,22.529
35.103,22.408
36.041,21.241
35.497,22.407
35.761,20.115
33.103,20.875
36.731,20.140
36.428,21.606
36.582,22.530
35.593,20.425
36.447,22.791
34.701,18.464
35.279,16.162
34.601,18.079
34.916,18.183
34.635,16.627
35.449,16.793
34.622,17.642
34.153,18.928
34.148,19.127
33.765,18.080
33.232,17.685
32.756,16.942
32.829,16.268
33.235,17.347
33.258,18.069
34.471,19.531
31.644,20.478
35.060,20.403
35.951,19.466
35.573,19.222
35.984,19.720
33.987,18.529
34.821,16.263
35.639,17.569
34.351,19.412
33.696,19.319
33.246,17.359
33.478,16.187
34.114,14.615
33.863,16.598
33.856,14.730
34.533,15.180
33.377,15.832
33.917,16.729
32.495,15.164
31.393,15.580
30.656,15.910
30.450,16.722
30.550,16.475
30.983,16.853
31.808,19.000
32.031,19.483
32.225,17.360
32.120,14.685
31.494,15.422
32.580,15.470
33.227,18.211
33.512,17.949
32.493,14.992
32.109,13.957
32.275,14.950
30.714,15.389
29.354,15.270
27.362,10.486
27.798,10.380
27.900,10.883
28.270,11.590
29.192,12.917
28.483,12.324
28.517,12.131
28.716,11.646
28.679,12.055
28.313,9.726
27.705,11.725
28.250,13.430
27.946,12.989
28.308,12.481
28.348,10.378
27.889,10.695
27.997,11.024
27.653,11.702
26.491,10.953
26.294,10.601
26.713,12.625
26.722,13.918
24.933,11.078
25.424,10.272
27.304,9.671
28.633,10.826
27.841,11.664
26.700,10.129
25.411,9.733
25.061,9.507
23.866,9.003
24.499,7.943
25.043,8.836
25.721,7.156
26.311,6.473
29.050,7.935
28.396,11.255
26.652,12.103
24.577,8.538
23.892,8.213
23.277,7.445
25.309,8.339
26.948,9.296
27.716,10.959
27.101,11.082
28.201,11.244
27.649,13.847
27.095,12.267
26.687,12.013
25.509,11.999
26.979,11.787
27.282,11.299
27.642,9.560
28.546,10.249
30.154,11.535
30.308,12.673
27.941,16.269
29.397,12.956
28.665,12.759
24.867,5.198
24.704,5.969
27.122,8.026
29.260,9.989
31.305,12.049
31.697,12.755
30.331,12.998
29.943,13.209
27.296,12.405
28.903,13.172
30.378,13.848
32.302,13.987
35.076,11.614
35.762,14.847
34.637,13.808
34.604,11.831
33.244,12.166
33.226,13.380
32.807,15.280
35.164,14.481
34.766,13.238
32.705,9.798
32.285,10.448
34.391,12.796
34.683,13.628
37.127,15.669
36.693,16.802
33.889,14.853
33.195,11.263
32.734,10.008
31.207,7.130
31.052,12.675
33.917,12.959
34.655,13.974
32.771,13.989
34.529,15.126
37.819,15.237
39.234,15.860
39.514,15.433
39.648,18.412
41.083,16.446
40.740,17.744
37.542,16.868
37.596,16.030
39.801,16.895
41.000,14.918
40.402,15.790
41.207,14.803
40.559,19.385
43.518,18.362
41.307,23.421
42.365,19.884
41.934,19.416
43.738,21.466
43.144,23.148
43.448,22.862
44.077,21.964
41.980,21.196
42.056,21.549
42.018,20.529
44.017,20.497
43.066,21.051
42.834,22.576
41.165,21.029
41.111,21.452
40.492,20.809
40.214,21.160
40.688,21.253
40.643,21.317
41.681,22.445
40.823,22.270
42.853,23.112
30.830,23.404
38.414,19.019
39.196,21.990
39.201,19.294
38.698,21.535
43.272,22.283
40.774,23.395
41.920,23.612
41.218,22.598
41.763,22.726
41.532,22.977
42.559,19.693
42.002,21.174
43.859,21.359
42.179,23.999
42.674,24.577
42.095,24.698
42.652,25.918
39.622,25.311
44.840,26.293
42.271,28.396
42.758,27.318
41.512,26.426
41.261,26.893
42.486,26.110
42.716,25.451
43.060,25.795
42.971,25.505
43.971,26.156
43.208,25.841
43.861,26.936
43.503,26.916
44.166,27.599
44.715,26.977
45.243,28.001
44.182,27.870
42.817,26.477
43.801,26.670
44.297,27.077
44.593,27.334
44.724,27.827
44.607,27.732
42.916,27.509
42.530,28.288
41.612,28.267
41.974,27.921
42.947,28.061
42.233,27.209
40.534,27.177
40.073,27.115
40.919,28.276
40.696,28.292
39.577,27.174
43.592,27.678
45.142,27.845
40.656,28.005
38.515,28.570
40.051,27.796
40.702,28.513
41.880,29.141
41.800,29.517
41.329,28.778
40.930,28.262
40.556,28.832
40.487,28.760
40.348,28.564
40.809,27.336
40.012,28.441
39.039,27.797
41.707,27.580
42.461,28.501
42.276,28.524
39.781,29.567
43.338,27.849
42.730,28.359
40.376,26.701
27.429,25.783
33.465,25.678
35.115,25.627
34.865,25.854
33.130,26.232
28.805,25.601
29.468,24.782
31.638,25.153
28.907,25.596
28.650,25.754
31.092,25.428
32.562,25.446
33.422,25.139
32.890,25.742
29.808,26.453
31.369,25.881
34.707,26.800
35.275,26.054
30.382,26.085
28.515,25.356
32.511,24.866
32.032,25.322
34.513,25.473
29.148,25.793
29.684,24.737
30.128,24.428
27.158,24.370
29.173,23.780
25.783,24.227
28.600,22.236
32.843,23.965
32.803,24.704
33.915,24.816
32.977,25.524
29.794,25.009
29.895,24.966
33.294,24.701
31.388,25.033
29.618,24.358
29.050,23.734
26.779,23.360
25.947,23.590
26.651,23.489
26.971,23.004
30.213,23.056
33.272,23.817
31.217,25.077
26.857,24.644
30.139,24.439
28.089,23.755
27.831,24.092
26.864,24.002
29.840,23.812
31.469,23.561
31.208,23.766
32.742,23.594
35.297,24.251
33.700,25.424
31.242,25.158
32.920,25.069
34.623,24.438
31.948,24.905
32.111,23.790
29.687,23.819
25.175,24.133
27.779,23.362
29.833,23.021
30.988,23.448
31.054,23.624
26.544,23.263
29.216,22.626
26.505,23.734
30.758,23.733
31.188,23.357
30.457,22.617
29.716,22.082
30.913,20.606
32.619,21.526
33.232,22.770
32.551,23.977
31.469,22.698
31.277,22.836
31.174,22.318
32.255,18.999
32.564,20.622
33.353,19.274
33.721,21.281
34.261,21.016
34.727,21.570
34.745,22.590
35.649,20.728
33.088,23.021
35.640,20.515
34.997,20.361
34.916,21.073
34.945,21.488
36.371,21.796
36.529,19.052
34.771,18.724
34.386,18.079
34.838,17.745
35.378,17.722
35.180,19.521
35.337,20.312
36.165,19.445
34.801,17.452
35.711,18.552
34.093,18.373
34.520,20.816
34.132,20.769
35.020,18.967
34.010,19.286
33.402,17.730
32.550,16.892
32.602,16.681
33.030,17.514
32.991,15.356
32.893,16.894
32.476,17.769
31.950,18.088
31.830,18.366
31.507,15.860
31.475,15.439
31.189,14.830
31.476,14.071
31.253,14.512
32.187,12.109
32.244,14.091
32.090,13.796
32.814,16.224
32.595,16.417
33.039,20.546
32.017,18.072
31.189,17.099
30.940,14.655
30.585,13.684
31.692,12.209
30.810,14.678
30.115,15.561
29.487,14.687
29.741,14.640
31.455,14.212
30.588,14.417
30.682,15.003
31.078,15.180
30.539,15.310
30.946,14.274
30.643,11.810
29.174,15.155
28.495,13.823
30.139,14.484
30.883,15.702
31.043,16.027
31.194,15.900
32.078,16.322
32.719,16.697
32.980,17.127
32.032,13.902
30.405,12.625
29.391,13.155
28.531,13.177
28.402,11.271
28.612,12.525
29.083,15.469
30.260,15.738
29.275,15.633
29.455,13.415
28.760,14.248
27.174,10.874
27.881,11.085
29.085,12.720
28.787,12.785
28.479,12.857
27.527,10.776
26.881,10.159
27.476,10.469
27.954,9.107
26.882,11.396
27.472,12.125
27.497,12.731
27.961,10.989
25.680,10.143
24.962,8.269
25.726,8.514
24.822,8.324
24.248,8.226
24.132,7.571
24.654,7.165
26.293,8.521
27.333,10.092
28.361,8.401
30.693,8.532
31.752,12.821
29.158,13.032
31.088,10.510
29.343,13.413
30.779,12.198
25.256,10.032
23.815,7.708
24.548,8.036
24.608,7.731
25.678,9.747
27.190,9.899
27.033,11.356
26.733,11.207
26.916,10.011
28.005,9.968
28.482,10.469
28.833,11.492
29.519,12.824
30.503,15.931
30.958,15.277
31.847,16.276
31.917,15.424
30.197,16.770
28.355,13.918
27.498,9.230
26.890,11.248
27.011,10.312
28.849,10.102
32.483,13.329
32.713,15.389
32.688,17.109
33.236,16.579
33.775,16.695
31.308,17.386
25.703,14.490
27.055,9.419
28.919,12.843
30.445,14.303
30.481,14.152
32.950,14.775
34.486,14.832
32.860,16.455
29.832,14.600
31.664,14.027
35.356,15.086
32.634,15.211
32.373,13.094
33.052,14.575
33.990,13.732
35.522,14.748
36.006,13.997
36.059,14.650
36.291,16.656
37.358,15.531
37.324,17.873
37.880,14.613
37.438,18.182
36.199,14.935
36.993,15.083
36.573,14.543
35.744,14.199
34.771,18.207
36.048,19.808
35.144,18.346
37.482,16.798
37.523,18.613
37.483,17.854
38.262,15.047
36.195,16.498
38.077,17.250
36.399,19.205
37.830,16.750
38.275,19.101
36.417,19.735
36.062,19.449
34.818,17.534
38.131,18.972
39.718,21.423
39.562,18.995
39.290,17.389
36.531,15.935
40.238,16.750
41.507,18.141
41.705,20.855
40.558,18.667
40.098,17.826
39.988,18.206
38.836,20.740
38.275,18.622
40.417,17.830
41.744,19.634
42.509,20.052
42.194,20.171
40.578,21.815
40.365,21.276
39.231,21.266
39.298,20.691
37.249,23.228
39.405,22.962
39.966,22.120
37.746,24.822
41.441,25.391
44.502,24.956
42.323,24.463
45.735,24.167
46.400,24.855
43.708,24.316
44.470,25.660
45.704,24.786
43.252,22.887
42.350,23.035
42.855,25.481
42.609,25.126
42.773,24.569
43.951,24.586
43.524,25.421
42.687,24.698
41.342,24.589
41.360,24.409
41.158,25.236
45.422,24.262
44.129,24.810
46.863,26.524
45.384,26.062
45.003,27.773
45.370,26.296
46.328,26.076
45.624,28.285
44.877,29.336
43.651,27.539
44.231,27.094
43.095,26.823
42.050,27.600
41.973,27.606
42.570,28.384
42.178,29.674
42.409,27.663
43.398,27.451
44.187,28.060
45.477,29.489
45.684,29.939
46.106,28.916
42.539,31.142
44.328,29.321
43.808,26.402
39.838,27.108
38.299,28.112
35.496,27.890
34.279,26.740
37.906,26.102
35.079,26.985
38.836,26.412
39.789,27.368
42.636,27.624
42.526,27.692
34.910,27.363
28.239,25.983
37.278,25.013
38.076,26.381
37.593,26.656
38.499,27.055
38.731,27.116
38.402,26.829
39.816,27.645
31.363,27.757
36.780,26.589
37.875,26.691
35.851,26.915
38.336,27.044
37.977,27.233
39.034,27.926
37.007,28.562
37.749,27.859
33.221,25.872
34.462,25.938
31.570,25.912
33.281,25.561
31.499,25.782
31.815,25.101
28.543,25.427
31.998,25.891
27.464,24.792
30.445,24.323
25.697,24.433
31.660,23.980
31.457,25.687
28.759,25.670
31.303,25.406
34.202,24.938
32.754,25.217
28.830,25.181
31.329,24.577
34.203,25.580
31.674,25.926
31.191,25.278
29.871,25.187
28.714,24.747
26.405,24.502
29.634,23.561
31.799,23.846
30.561,24.921
31.887,24.886
27.932,23.608
30.151,24.014
30.937,23.941
31.331,24.604
27.832,24.497
27.848,24.540
29.170,24.532
27.186,24.492
29.439,24.005
28.944,24.539
28.433,24.745
28.419,24.529
28.473,23.997
30.921,24.157
30.857,24.347
31.788,24.693
31.844,23.820
32.129,24.026
25.288,23.921
24.924,23.167
30.831,23.315
30.012,24.987
30.019,24.331
29.350,23.513
30.924,24.041
31.190,23.283
31.142,23.130
33.080,23.873
32.172,23.475
32.250,23.417
30.677,23.026
31.606,24.064
32.109,22.655
31.908,22.332
31.912,22.604
32.594,21.602
33.068,21.923
34.067,21.393
34.662,22.322
35.878,23.040
35.319,23.961
36.129,24.080
38.448,23.676
37.678,23.469
38.222,24.767
36.794,23.969
36.704,24.107
38.041,22.466
38.002,22.263
26.084,24.331
31.928,23.659
32.085,24.587
30.143,23.692
24.803,22.957
26.786,22.508
30.800,21.990
28.098,22.866
26.723,22.954
29.770,22.375
30.338,22.631
32.448,22.997
28.498,22.769
32.262,21.536
31.757,21.322
31.729,23.275
32.887,22.346
31.107,22.534
29.762,22.470
31.525,22.725
34.033,22.296
33.053,21.366
33.213,21.183
33.959,21.495
34.052,20.179
34.135,20.788
33.764,19.645
35.727,20.316
34.724,19.705
34.703,19.665
33.451,18.876
32.554,16.826
32.184,17.521
30.615,18.123
31.450,19.988
31.784,20.086
31.842,17.665
33.621,17.029
32.286,17.310
32.597,15.937
32.019,15.889
32.244,15.798
32.003,17.171
31.553,18.510
31.734,17.819
31.237,17.707
32.403,18.210
30.668,20.310
30.664,17.559
29.950,17.708
29.101,17.112
29.866,15.055
30.079,15.002
30.061,15.981
28.514,15.809
27.986,14.988
28.062,12.656
27.960,12.906
28.706,13.289
29.311,11.994
30.288,11.667
30.403,12.117
29.820,13.563
29.273,14.625
30.173,13.531
30.512,13.366
30.515,12.938
30.647,13.475
30.481,15.411
29.586,15.470
29.922,13.529
30.726,12.097
30.984,13.883
29.891,15.579
29.863,15.605
29.358,14.741
28.817,12.001
29.172,10.426
30.128,11.229
28.151,12.093
27.932,11.324
28.840,11.084
28.324,10.979
27.115,10.474
28.854,10.537
29.000,9.159
28.331,10.485
27.818,10.856
28.080,10.292
28.422,11.204
25.910,10.471
25.506,10.100
25.738,10.238
25.302,11.495
26.437,12.854
27.836,12.944
27.358,13.465
27.781,16.547
25.000,10.782
25.017,10.540
21.705,12.596
26.240,11.573
24.485,11.815
25.076,13.512
24.384,14.864
27.930,13.507
26.983,10.530
24.852,10.161
25.568,10.247
28.549,11.493
27.653,10.548
25.280,10.097
22.809,10.617
23.660,9.396
26.026,9.534
28.000,12.809
26.410,10.215
25.383,10.298
25.966,10.551
24.580,7.616
24.989,9.872
27.603,11.416
17.425,15.635
23.854,15.913
25.148,13.049
25.588,13.615
25.763,13.104
26.267,12.387
27.456,12.295
26.498,11.384
28.276,11.172
27.581,10.934
27.521,11.972
27.835,12.785
29.545,13.954
29.855,13.655
29.422,14.061
30.718,13.841
32.078,15.306
30.372,15.895
28.329,12.645
26.124,10.091
26.350,9.768
25.635,10.831
26.812,11.237
27.198,11.568
26.742,12.254
24.364,12.531
25.735,10.653
26.347,12.006
28.146,9.518
29.664,10.379
31.972,13.212
26.491,19.173
30.740,14.823
28.633,15.140
29.592,14.107
32.772,16.593
32.201,16.207
31.529,14.374
30.161,11.421
28.030,13.737
28.392,13.033
29.229,12.084
30.887,13.089
31.494,14.095
31.901,16.845
32.905,17.909
33.335,18.098
32.820,15.837
33.113,16.547
34.193,16.124
35.297,15.908
35.671,17.437
36.970,17.939
38.176,18.372
38.315,18.650
38.221,19.321
36.559,19.797
38.006,17.388
37.208,16.821
35.815,17.626
36.790,18.192
38.667,18.955
38.176,18.464
36.561,17.841
37.450,18.842
39.602,19.270
39.178,19.658
39.420,17.897
39.259,19.244
38.869,19.355
39.219,19.040
38.730,20.471
39.830,19.149
40.683,22.360
41.680,19.925
39.851,21.464
39.244,22.542
40.323,19.788
39.891,17.276
39.095,16.172
39.961,17.350
41.643,19.123
40.417,21.715
41.035,21.976
41.832,21.628
42.897,21.986
41.675,23.220
40.839,22.187
38.838,19.628
40.498,22.895
41.926,21.629
41.743,24.224
41.036,23.187
43.113,23.197
42.613,23.573
43.200,23.851
44.883,26.977
47.111,23.896
44.694,24.691
44.227,25.384
43.029,24.955
42.166,24.158
42.096,24.111
40.540,23.952
41.353,24.533
43.206,24.714
47.244,26.944
43.887,28.052
42.442,27.141
40.633,24.799
40.594,24.901
40.497,25.195
39.636,24.451
39.978,25.854
39.812,25.844
37.157,25.512
40.721,25.967
43.397,25.757
45.329,25.834
43.757,26.481
47.017,25.977
44.320,27.289
44.119,28.032
44.924,26.788
45.832,27.045
46.495,27.923
46.615,28.542
46.259,31.529
45.224,29.922
44.341,28.889
43.993,28.014
45.020,27.853
49.375,28.374
50.312,28.562
47.183,30.239
46.381,29.662
47.273,29.310
46.728,30.209
45.332,30.094
44.554,28.585
43.369,28.892
43.273,28.634
41.755,27.585
39.943,26.762
38.613,27.590
39.838,27.180
41.045,26.929
40.840,27.043
40.009,27.258
39.797,27.579
41.219,28.188
41.377,28.267
40.319,28.372
41.118,28.477
41.387,28.323
40.430,28.171
40.582,28.255
41.315,28.724
41.473,28.832
40.214,27.662
40.003,27.503
39.774,27.639
38.769,27.900
37.097,27.740
39.799,27.521
40.766,27.953
41.535,28.559
41.091,29.206
40.095,28.517
38.657,28.824
38.076,27.663
40.976,27.541
40.850,28.449
36.922,26.998
36.190,26.936
39.529,26.933
37.877,27.440
36.679,27.004
34.978,26.913
29.250,25.200
34.120,25.319
34.721,25.418
36.010,25.804
26.980,24.632
24.472,22.748
24.459,23.164
29.489,24.101
32.556,24.586
29.095,25.354
25.747,24.616
32.153,24.213
29.915,25.637
