20000101
28.889,11.271
28.233,10.779
28.572,8.295
27.700,7.924
27.627,7.846
27.794,7.378
29.017,9.397
30.474,9.065
31.197,8.499
31.815,11.493
32.036,10.844
29.708,11.370
27.309,10.950
24.844,7.203
23.399,8.104
23.128,7.047
25.450,7.761
29.729,10.544
31.951,10.014
30.488,9.261
28.707,9.248
28.254,11.353
30.020,11.510
29.042,12.429
30.965,11.773
30.148,12.096
27.032,12.379
25.758,9.765
28.157,8.618
31.203,9.853
30.404,9.422
27.831,11.334
28.447,10.464
29.132,10.883
28.720,10.889
26.042,13.710
24.715,8.637
26.860,9.597
28.132,9.977
27.567,10.168
28.348,10.173
25.922,10.699
24.810,8.430
25.665,8.918
25.404,9.320
27.697,8.540
30.458,10.388
28.701,10.777
29.631,9.739
29.565,10.794
30.972,14.849
31.418,14.465
29.741,15.746
30.241,15.070
25.618,18.111
29.957,14.486
30.182,11.928
32.922,10.746
34.025,13.751
36.606,13.282
37.217,17.275
36.279,13.533
34.965,13.565
32.428,15.273
33.874,10.798
32.473,13.440
30.905,9.069
31.255,15.340
34.258,13.485
34.824,10.976
35.566,16.154
33.586,16.829
31.955,15.459
33.624,12.036
33.773,12.660
34.458,13.306
34.519,14.704
35.498,12.330
35.688,15.320
35.624,13.515
36.202,13.956
34.957,16.301
33.390,15.430
33.209,17.000
34.806,15.981
35.631,17.578
36.491,14.326
37.806,14.964
39.673,17.279
40.639,17.770
40.823,22.274
41.339,20.158
42.572,21.999
42.025,20.263
41.546,20.268
41.182,17.427
41.976,17.729
41.169,18.641
41.035,22.767
41.329,19.407
41.380,19.178
42.105,18.526
42.997,23.470
43.078,22.302
40.798,21.771
41.683,22.860
43.330,22.461
42.465,22.311
41.409,20.191
43.304,23.687
42.679,22.620
41.322,24.441
40.930,27.209
39.942,24.736
41.287,24.437
43.066,25.519
43.808,26.509
43.285,26.283
43.370,27.542
42.933,27.612
43.981,26.284
44.074,25.271
44.817,25.643
44.689,25.455
44.170,26.125
43.798,25.507
44.831,27.592
43.660,26.540
41.082,27.073
42.047,25.766
41.402,26.475
41.569,26.533
39.840,27.533
36.571,25.141
37.789,25.977
38.334,26.088
40.558,26.115
39.854,25.352
40.892,26.357
39.594,25.680
37.588,27.167
41.127,24.704
42.459,27.125
41.407,26.894
41.738,27.116
41.432,27.901
41.420,27.935
42.136,28.303
41.714,27.373
41.772,28.337
39.387,26.899
39.186,27.808
42.122,28.307
42.958,29.063
41.004,29.969
43.968,29.922
45.474,28.381
43.505,30.112
43.842,29.402
42.635,29.127
41.347,27.470
42.440,28.902
42.187,28.185
40.620,28.661
40.327,28.158
40.280,28.226
39.969,27.510
41.972,27.663
41.707,27.760
42.459,26.975
43.208,27.692
39.475,30.300
38.225,27.152
38.710,28.152
38.138,26.703
39.377,26.865
39.571,27.211
39.620,26.699
39.818,28.125
40.267,26.973
46.040,28.462
40.407,28.642
36.950,27.297
37.012,26.727
37.677,25.273
33.610,25.627
37.481,25.804
38.753,28.010
38.071,27.178
29.620,25.898
35.006,25.743
35.047,25.622
32.246,26.036
31.792,25.229
32.552,25.626
26.889,24.467
24.895,23.773
27.131,22.987
31.117,23.235
32.905,24.502
29.044,24.330
28.173,23.762
24.873,23.242
29.241,22.628
31.508,22.829
33.182,22.838
34.170,23.225
34.753,23.378
36.170,23.940
35.935,23.643
30.622,25.036
29.948,24.760
32.962,24.541
33.612,24.556
34.267,24.907
31.632,24.190
35.167,23.617
36.007,23.860
36.318,24.758
37.200,25.632
36.346,27.668
37.742,26.287
37.286,25.810
38.976,25.430
34.962,24.900
27.874,24.668
25.588,23.313
29.900,23.084
28.543,22.837
28.812,24.092
31.235,23.303
25.281,22.523
29.539,22.484
27.969,22.916
30.654,22.850
33.419,24.407
33.558,23.732
35.347,25.314
36.363,25.091
32.264,23.957
31.939,23.950
32.140,24.406
30.267,24.166
27.145,23.819
30.795,23.334
32.332,23.104
32.949,23.859
32.268,23.753
25.602,22.422
33.242,22.877
33.227,21.587
33.657,20.652
33.127,22.534
32.968,21.127
33.698,20.807
34.480,20.586
35.366,19.940
36.479,20.179
36.165,20.140
36.860,19.207
36.805,20.433
34.846,19.958
35.697,19.339
37.096,18.943
34.628,21.267
37.525,20.728
37.752,19.874
37.714,21.492
36.223,23.430
38.338,22.020
37.907,18.893
38.186,23.002
39.447,19.584
39.568,19.660
40.007,18.188
38.896,16.019
38.871,18.805
39.692,17.178
39.009,17.243
39.855,16.210
39.743,17.478
39.095,17.119
39.113,21.870
40.415,20.481
39.667,24.642
40.380,22.298
39.459,19.745
36.825,25.581
39.273,17.859
37.298,16.491
37.379,16.856
39.418,15.341
39.850,14.890
39.032,14.247
39.268,15.638
37.577,15.893
35.923,14.888
35.377,16.647
37.740,15.076
37.712,18.083
37.249,18.298
36.584,17.372
37.482,14.005
36.689,12.624
37.498,16.667
34.938,12.551
34.492,15.372
33.814,15.942
35.448,13.162
34.268,13.382
34.567,15.145
34.047,14.461
35.230,15.112
35.458,14.604
36.190,18.915
35.190,17.862
34.857,14.633
34.235,15.477
34.488,18.378
34.133,16.966
33.679,15.464
32.799,13.140
33.822,13.626
31.618,13.690
30.716,13.468
32.642,10.628
32.842,13.770
32.680,14.442
33.384,16.283
31.496,16.469
31.579,13.543
31.460,13.187
29.026,13.817
28.248,12.943
28.541,12.571
27.276,10.337
27.416,9.225
28.482,9.138
30.169,8.209
31.373,10.429
31.302,11.833
31.595,14.262
31.965,10.353
31.612,11.782
30.914,11.699
30.559,13.109
30.073,12.257
31.122,12.616
31.246,11.028
30.991,12.768
31.087,11.033
30.900,10.688
30.937,11.890
28.439,13.166
28.774,11.415
29.264,12.070
30.912,9.968
30.562,10.042
30.962,11.012
31.202,10.987
30.452,11.698
29.703,10.536
29.310,9.160
29.795,10.457
25.035,13.510
23.342,11.517
24.630,7.445
24.666,7.665
25.680,8.597
24.894,7.977
25.442,8.287
28.195,7.099
27.160,9.972
24.828,8.601
24.863,8.263
26.747,8.779
27.806,10.313
28.925,9.197
27.489,10.349
28.212,9.497
29.891,11.881
28.841,14.011
30.433,13.381
30.340,13.399
31.870,12.463
32.281,13.802
30.154,10.410
28.509,10.672
27.128,9.048
26.337,8.447
28.503,5.964
29.435,8.263
30.405,9.525
30.862,11.693
31.877,10.399
31.436,14.281
30.576,17.325
31.371,13.437
28.472,11.319
29.235,9.793
30.430,9.531
29.546,9.250
29.890,9.238
31.093,9.743
32.573,11.223
32.210,11.805
31.967,11.473
31.261,12.213
33.226,10.594
35.334,15.273
31.757,13.045
28.390,12.077
30.321,12.394
31.477,12.817
33.118,14.329
33.381,15.233
35.369,14.823
33.634,15.598
34.272,13.892
36.303,15.330
36.128,15.507
34.670,15.566
33.229,15.878
32.614,16.304
32.013,15.744
31.447,16.237
31.559,15.792
32.743,15.599
31.383,16.861
33.321,13.801
32.770,14.621
35.503,14.824
34.625,14.711
34.934,15.905
37.257,16.466
36.859,17.523
33.711,17.113
33.978,16.330
35.439,15.193
36.544,20.288
38.049,20.247
37.499,19.644
38.665,17.896
38.445,20.847
37.013,17.760
35.890,16.331
35.395,17.335
34.743,20.478
36.666,18.785
37.360,17.872
37.559,17.374
37.961,18.177
36.217,19.985
33.483,16.609
34.172,14.235
35.206,14.784
35.621,19.191
39.582,18.538
38.881,17.402
39.608,17.433
39.672,19.278
39.205,15.587
41.024,21.161
40.928,20.213
39.274,18.732
38.396,19.574
38.383,19.635
37.666,22.792
39.982,24.097
40.213,22.729
35.997,22.302
37.846,21.291
35.575,22.999
35.961,20.094
36.712,21.545
39.757,20.914
39.479,20.067
41.936,22.629
44.295,20.068
45.500,21.656
43.520,25.307
43.796,22.976
42.601,23.634
42.701,24.387
44.060,23.722
44.022,24.787
45.034,25.870
44.366,25.391
44.541,26.387
44.577,25.981
45.095,26.330
44.509,26.435
43.480,26.695
41.631,25.399
41.262,25.750
43.053,27.365
42.672,26.568
43.458,26.325
43.300,26.253
41.706,26.273
41.392,26.113
41.672,27.126
40.932,27.046
39.876,26.444
38.917,25.273
39.605,26.919
40.630,27.312
41.220,28.392
46.389,28.714
44.484,28.766
42.642,27.855
42.109,27.459
41.196,26.922
39.698,27.921
39.315,25.542
37.237,25.516
37.484,26.671
36.247,26.346
37.025,26.316
36.225,26.235
38.500,25.339
37.886,25.986
37.361,26.461
43.543,27.292
41.291,26.681
40.670,27.501
39.548,27.595
38.539,26.515
37.380,27.559
38.436,25.935
34.705,26.450
33.384,25.242
29.358,23.583
31.019,23.183
36.407,24.621
37.194,25.234
37.390,25.711
37.675,25.556
37.912,25.425
39.027,25.703
39.699,27.161
38.811,27.156
39.200,27.011
38.903,26.652
38.924,26.818
37.675,27.176
34.231,27.279
29.799,25.692
30.142,24.520
30.747,24.006
26.756,23.995
28.833,24.235
34.086,23.880
36.654,24.208
33.241,25.691
33.997,25.445
31.641,24.860
25.114,23.933
29.043,23.847
29.177,23.798
31.659,24.036
27.181,24.390
27.159,24.341
26.561,23.904
28.250,23.984
33.405,23.715
30.385,24.472
29.065,24.713
30.756,23.973
29.983,24.184
31.240,23.958
30.523,23.974
30.394,24.181
32.213,23.990
32.736,24.690
29.405,24.056
31.170,24.044
32.710,24.445
34.439,24.109
35.079,24.285
34.504,22.792
36.312,23.997
36.554,24.216
33.649,23.902
33.522,24.374
34.009,24.970
34.647,24.234
30.723,25.005
32.407,24.735
31.168,24.905
29.525,24.416
30.836,24.661
33.845,24.185
28.529,24.786
24.719,23.039
26.362,23.252
31.466,22.047
31.042,23.734
32.377,23.333
28.047,23.635
31.026,23.258
32.318,23.764
33.250,24.172
33.066,22.840
33.172,22.009
32.519,22.347
31.486,22.264
28.197,21.647
33.237,21.501
34.459,22.824
34.206,23.312
35.067,22.688
35.456,23.113
34.516,23.766
34.464,22.503
33.402,24.208
34.896,21.382
34.849,22.012
34.619,21.033
34.883,21.096
35.494,21.497
35.868,21.886
34.531,20.888
37.329,20.719
38.581,19.886
37.836,21.119
38.718,20.280
38.490,23.026
35.868,22.972
37.989,22.592
38.825,22.855
38.047,22.711
39.453,21.737
40.545,24.661
39.593,18.383
39.216,19.606
40.636,16.931
39.619,19.386
38.449,18.831
37.059,23.590
36.161,23.285
35.307,24.081
35.746,21.500
37.385,22.486
38.638,21.242
37.701,19.358
38.452,20.071
38.163,21.253
36.907,22.736
32.933,22.999
28.156,23.442
36.437,19.234
35.835,20.976
36.752,22.476
38.371,18.642
36.913,17.234
36.088,13.340
36.866,13.604
36.953,14.505
36.444,14.825
36.750,14.648
36.374,16.656
36.838,16.744
37.455,14.013
37.448,14.166
38.679,16.056
39.235,19.620
36.623,17.547
37.767,15.575
36.064,15.582
37.394,16.052
36.712,15.782
36.186,17.028
35.391,15.537
34.285,18.136
34.508,15.315
35.760,18.423
32.559,17.946
31.237,15.570
31.299,12.193
31.972,12.522
31.918,14.237
32.364,14.526
32.694,12.583
32.144,11.115
34.175,12.840
34.034,16.817
34.103,17.468
33.271,16.287
33.512,12.932
33.389,12.196
32.389,12.596
32.048,11.377
30.441,11.628
30.720,11.809
28.815,9.770
28.280,9.698
28.219,10.224
28.442,10.525
29.326,10.090
30.809,10.752
30.614,11.922
30.592,12.056
30.960,10.121
30.829,11.172
31.611,12.428
32.112,11.171
32.978,12.772
32.702,15.127
32.183,12.215
32.304,13.405
30.917,12.118
29.581,14.149
29.565,13.112
30.048,10.646
30.333,12.953
30.342,13.464
30.523,12.685
30.067,15.023
28.040,13.348
27.101,11.723
26.434,10.054
26.781,8.698
27.523,8.625
28.434,8.773
29.329,10.670
29.943,12.131
27.634,12.119
27.974,11.704
28.067,10.922
27.516,10.531
27.831,9.814
27.639,9.286
26.993,8.797
26.284,9.643
25.874,9.595
27.669,10.460
27.078,10.864
26.627,10.698
26.111,9.854
28.511,9.982
29.437,11.305
30.682,9.720
32.003,10.363
30.862,11.643
30.413,13.920
27.357,13.177
26.180,9.330
21.618,12.595
24.385,7.871
24.310,9.243
24.526,8.403
25.855,8.745
27.115,9.008
27.109,9.200
27.329,7.202
25.400,12.884
23.816,9.991
22.716,7.424
23.764,7.724
23.670,7.395
25.659,8.277
29.207,8.761
28.488,9.775
27.517,11.318
28.635,11.266
31.640,12.236
29.292,13.786
26.881,10.817
25.564,8.038
25.521,8.653
23.064,10.146
23.094,13.502
26.573,9.722
27.896,11.207
30.246,11.674
31.758,13.183
33.260,13.550
32.128,16.989
34.146,16.676
33.326,18.312
33.065,16.759
33.907,17.290
34.770,16.134
33.549,16.060
32.896,14.376
31.022,15.690
33.236,14.996
33.735,14.817
34.398,16.261
36.995,17.876
33.890,18.390
30.308,15.480
33.572,14.582
33.250,14.274
35.182,16.132
33.860,15.915
33.424,14.459
32.564,17.712
35.251,18.159
35.000,20.207
31.252,19.976
33.578,17.993
27.874,20.386
33.799,15.006
35.407,16.439
38.540,16.965
38.717,18.494
40.027,19.040
38.846,17.659
37.182,20.640
37.171,17.186
38.697,17.152
37.690,19.316
35.690,17.916
38.358,16.190
36.956,19.746
38.504,20.172
39.125,19.277
39.506,15.907
40.314,20.624
41.394,21.186
40.445,19.498
39.210,15.897
39.792,17.069
40.938,19.855
41.662,23.361
36.640,24.060
34.162,19.585
38.354,18.854
40.366,20.464
39.062,20.327
41.971,21.640
41.132,20.599
41.203,23.244
39.140,22.060
39.820,21.321
40.756,22.092
41.170,23.628
42.767,23.634
40.612,28.836
41.384,23.228
42.112,22.895
41.345,24.432
41.247,25.145
40.135,22.841
41.787,17.636
43.369,19.420
44.490,24.868
44.310,21.474
44.139,22.196
44.535,24.360
46.075,23.981
46.052,27.700
47.609,25.670
47.599,28.440
45.326,26.898
44.078,24.761
43.114,24.559
44.218,26.266
43.856,30.145
43.966,29.545
43.163,27.457
44.226,28.262
44.749,29.230
44.504,29.225
44.642,28.841
44.071,32.404
44.625,29.662
41.845,27.642
41.767,26.702
42.282,26.763
43.309,28.219
43.800,27.880
43.304,28.072
43.204,28.865
41.564,27.595
40.961,26.099
41.513,27.311
41.233,28.337
40.334,28.502
42.430,28.576
41.976,30.537
42.153,27.746
43.893,28.124
42.487,28.296
43.252,28.549
42.232,27.687
42.822,29.407
43.476,28.811
44.269,29.899
45.211,30.256
44.395,32.601
45.845,32.776
44.570,28.551
42.938,31.494
41.965,29.210
42.357,29.239
39.959,28.177
38.566,27.740
39.129,28.441
40.278,27.867
38.770,27.906
39.694,27.723
41.687,27.318
42.673,29.245
39.902,29.230
37.068,30.063
37.399,27.339
33.199,26.639
28.751,24.880
28.290,24.394
36.367,25.207
37.624,25.578
35.109,25.927
36.499,26.467
39.409,26.432
38.509,26.890
38.891,26.518
39.580,26.554
39.264,27.036
36.556,26.665
36.702,26.077
41.168,26.794
39.167,27.309
37.870,27.226
34.541,26.857
34.003,25.347
38.636,24.781
35.822,26.687
35.240,25.757
32.392,25.401
32.322,24.754
28.106,25.382
28.569,25.363
29.904,25.589
28.238,25.556
30.057,24.914
33.419,24.614
37.774,24.189
38.692,25.304
39.120,25.276
40.066,24.562
40.496,25.842
40.724,27.282
39.629,28.287
35.451,26.595
28.172,24.090
30.874,23.448
31.254,23.703
25.324,23.595
32.695,23.521
30.678,24.139
31.885,24.183
26.228,24.295
25.252,23.743
25.738,23.879
27.811,24.555
26.509,23.382
34.092,22.697
32.690,24.095
34.607,23.710
35.097,24.177
27.808,24.065
34.910,22.871
34.226,23.431
31.559,23.797
28.895,23.735
28.878,22.615
27.842,22.628
32.748,21.774
34.034,22.362
28.452,23.363
30.704,22.195
33.342,23.469
36.166,24.169
32.342,24.087
32.693,24.571
33.632,24.298
34.317,23.959
32.586,21.493
34.244,22.197
33.857,22.859
35.521,19.976
34.021,20.213
36.413,20.906
36.008,21.903
35.171,19.315
35.033,19.688
33.965,22.011
32.921,20.387
34.347,20.103
35.328,19.020
38.133,19.533
39.447,19.524
38.347,20.289
38.655,20.965
37.377,24.862
36.094,21.279
37.905,20.080
37.695,21.264
38.491,21.602
37.332,21.746
40.032,20.965
39.686,16.766
39.486,18.824
38.574,18.731
39.505,19.013
39.216,18.015
39.223,18.816
39.504,17.477
39.262,21.021
39.261,18.689
38.664,19.141
37.964,18.257
38.029,24.342
38.269,20.294
38.927,17.286
36.475,18.909
36.455,19.245
37.382,17.541
38.004,17.304
37.409,17.155
37.078,18.105
36.745,17.590
36.478,18.831
35.274,16.471
36.405,17.483
37.070,16.497
37.271,15.464
37.016,12.193
35.804,12.087
35.975,14.048
35.538,15.016
37.630,16.368
35.879,17.229
36.812,17.725
35.806,12.843
35.319,13.698
35.193,14.233
33.921,15.825
34.897,14.227
33.323,17.113
33.683,16.300
34.378,17.480
33.463,15.502
31.414,17.865
32.235,14.432
31.782,16.628
32.392,14.871
34.441,15.336
33.456,11.707
34.612,14.935
33.273,14.202
34.132,14.879
34.645,16.007
34.008,15.221
32.921,13.500
33.460,12.751
33.929,15.762
34.411,15.599
33.874,13.640
32.050,12.659
32.493,13.273
32.246,14.289
30.584,13.777
30.908,13.933
31.474,13.583
31.081,9.628
30.989,13.195
30.974,13.949
31.755,15.561
32.548,18.035
31.730,14.990
30.466,13.236
30.933,10.678
31.568,12.637
32.446,13.750
32.932,13.175
33.262,14.050
33.783,13.982
33.221,12.746
32.733,13.117
31.011,14.324
31.039,14.987
30.455,13.414
29.776,13.659
30.881,12.784
29.291,11.907
26.804,12.278
26.748,10.715
28.517,12.116
26.017,10.706
27.218,9.401
25.877,9.422
24.054,10.560
22.523,7.191
23.046,7.422
24.339,9.363
24.621,10.453
26.840,9.233
29.918,10.508
28.889,14.032
26.520,9.952
28.683,11.330
28.386,16.380
28.451,12.031
29.363,13.129
28.169,12.952
27.875,9.477
29.429,9.137
28.339,9.502
27.890,8.655
28.369,9.456
28.743,9.770
29.294,12.064
29.813,12.190
30.706,12.646
31.099,12.044
31.343,12.848
32.941,13.570
32.881,15.069
33.130,13.865
30.670,14.671
29.216,13.596
30.178,10.377
29.847,17.243
27.399,12.875
27.029,13.737
27.419,12.944
27.065,12.450
29.195,12.157
31.102,12.091
32.687,12.160
29.754,13.367
30.438,12.684
30.075,13.833
29.967,14.631
29.964,13.254
31.043,11.965
31.062,13.890
32.797,12.886
34.019,14.725
31.530,18.328
24.669,18.786
27.882,15.090
29.642,14.228
30.976,14.238
32.283,15.189
33.822,16.320
34.643,16.196
33.442,17.424
34.366,17.451
35.926,16.862
35.541,18.014
36.360,18.715
35.013,19.475
31.283,14.852
28.369,8.960
29.140,10.360
32.717,12.448
34.524,13.826
33.946,14.039
35.779,14.579
35.368,16.747
34.085,17.233
33.351,16.154
35.005,15.763
37.081,17.801
36.399,15.530
35.551,15.886
34.827,16.004
36.380,18.417
35.774,19.254
37.488,18.316
37.913,19.684
38.902,15.836
39.116,20.079
38.976,21.407
40.275,22.767
41.604,23.992
38.874,22.666
39.336,19.994
38.491,19.664
37.963,21.591
39.461,19.816
40.035,21.161
40.464,18.915
40.194,20.858
38.982,22.493
38.572,21.582
39.916,24.533
41.155,23.742
39.015,19.018
40.569,17.988
41.972,20.185
42.034,23.982
38.972,24.559
39.585,22.059
38.223,20.592
39.289,22.384
39.331,21.462
40.275,24.912
40.532,25.625
37.862,25.691
38.347,21.127
42.491,21.051
44.001,24.117
43.075,24.698
42.271,22.506
41.510,22.762
42.047,23.615
41.500,22.603
43.139,19.896
45.318,23.820
44.237,24.681
44.500,24.730
41.784,24.690
39.719,24.829
39.817,19.944
40.122,21.801
40.294,22.883
40.694,22.676
41.909,19.692
45.230,20.797
46.526,21.499
44.280,27.276
44.407,28.218
44.477,26.779
44.309,26.811
47.308,23.562
44.869,25.761
44.300,28.724
42.759,29.790
41.991,27.559
42.202,27.152
42.610,27.537
40.297,26.386
40.905,27.187
42.816,27.780
41.668,28.041
39.850,25.538
38.308,28.058
41.922,26.555
41.918,28.691
43.171,28.112
43.702,27.593
42.600,26.802
43.736,29.391
43.906,29.513
44.991,29.251
43.322,27.980
42.911,28.426
42.137,28.651
42.143,28.869
43.437,28.687
42.739,28.912
42.365,28.057
43.075,29.465
43.193,28.998
42.559,28.477
42.344,29.141
40.530,28.196
33.516,26.748
30.613,25.835
33.130,24.773
30.211,24.308
37.938,25.152
40.720,26.848
38.711,27.048
37.655,27.459
35.036,26.746
33.818,26.221
37.877,26.082
37.021,25.649
37.752,25.919
37.722,25.878
38.839,26.649
41.342,26.898
38.623,27.040
36.386,26.724
29.304,26.007
32.906,25.303
32.892,25.333
34.247,25.015
32.120,25.243
33.404,24.640
29.470,24.976
34.536,24.657
34.868,24.976
37.441,25.420
32.897,25.370
30.516,25.258
35.286,25.079
35.968,24.992
35.735,25.228
31.129,25.488
29.921,25.472
30.644,24.770
33.203,25.145
26.773,24.596
28.294,23.942
28.449,23.812
32.252,23.892
26.872,24.630
27.155,23.639
29.637,23.752
29.925,24.371
29.138,24.089
29.877,23.443
28.564,23.143
29.555,23.302
30.240,23.965
34.192,23.729
34.618,24.036
32.698,25.157
31.520,24.858
30.378,24.533
27.202,24.280
32.634,23.883
31.173,24.281
32.696,24.067
31.815,24.217
31.769,24.446
32.693,25.003
32.799,23.796
31.771,23.547
34.621,23.827
34.555,23.966
36.706,24.485
35.854,24.998
31.654,25.082
27.231,23.568
26.193,22.932
28.136,23.357
30.087,23.862
32.316,22.938
25.304,23.267
29.178,23.508
25.990,23.277
29.677,22.976
29.258,23.687
31.708,24.069
31.109,23.454
32.421,21.327
26.481,22.793
30.076,21.810
33.507,23.124
35.008,23.051
31.132,23.512
33.268,20.891
33.101,22.332
33.310,21.207
31.822,22.090
33.461,22.708
28.899,21.710
33.711,23.657
34.664,23.479
34.357,23.763
36.007,21.506
37.454,21.849
32.140,23.105
32.861,23.633
34.462,22.854
34.501,23.441
34.345,21.342
34.728,21.377
37.000,19.664
36.202,21.700
35.513,19.585
36.635,21.112
35.411,22.530
36.163,16.440
35.019,14.779
33.302,16.648
34.609,19.411
34.452,21.173
36.746,19.586
36.915,20.782
35.171,18.567
35.117,16.814
35.780,15.294
35.263,15.751
35.486,16.994
35.067,15.996
35.511,15.128
35.307,15.012
35.821,14.686
35.696,18.240
34.663,13.461
34.387,13.301
35.186,12.756
33.922,12.775
35.447,12.397
33.308,12.980
34.057,13.352
32.875,15.477
33.230,17.115
32.996,16.049
33.188,16.027
33.886,15.307
33.846,17.673
34.455,17.119
33.694,16.635
34.256,18.005
34.206,22.741
33.605,18.125
33.510,16.031
34.082,18.996
34.427,17.858
33.368,15.170
32.447,14.100
31.667,14.038
30.613,13.108
31.403,14.182
31.997,13.096
31.980,15.971
32.825,15.919
30.761,15.835
31.612,15.142
31.311,14.953
32.168,15.620
32.120,11.029
32.004,14.900
32.348,17.962
31.226,16.655
32.033,15.635
31.418,13.765
31.416,14.464
30.824,14.248
31.344,14.138
31.477,11.882
30.828,12.999
31.179,11.884
31.689,11.495
31.475,14.267
31.812,12.715
32.661,12.814
32.116,15.214
29.834,15.096
30.735,14.530
31.018,15.365
31.450,14.521
30.677,15.112
29.789,14.886
25.920,13.182
25.372,10.690
26.391,10.781
26.260,10.840
27.423,11.782
27.106,11.134
27.240,11.795
27.552,9.653
26.572,10.769
26.377,10.518
27.593,10.949
25.046,8.185
23.382,8.780
24.569,8.365
25.794,8.555
28.001,9.293
27.311,7.323
26.827,9.792
27.468,10.095
26.478,11.229
25.377,12.421
24.174,11.594
22.545,11.060
26.647,10.554
26.527,10.267
28.366,9.341
29.244,10.155
30.091,9.937
30.885,10.403
30.532,12.477
31.014,12.685
32.641,12.380
30.115,13.963
27.840,10.582
27.269,9.899
29.111,10.892
27.405,16.043
26.253,9.981
23.406,9.788
24.370,8.881
25.633,9.712
26.109,9.829
26.154,10.202
26.705,9.581
27.871,10.818
26.839,11.131
25.364,14.211
22.936,8.696
23.647,8.105
26.420,8.415
29.874,7.823
27.429,8.842
27.233,9.228
29.064,7.801
30.330,8.757
30.898,9.793
28.934,13.838
29.497,10.617
31.739,13.042
31.797,14.304
31.954,15.517
32.271,13.992
32.975,13.411
33.779,14.471
32.313,13.683
33.868,12.914
32.682,15.166
33.744,14.052
35.385,16.297
35.399,16.049
35.701,15.706
36.442,15.566
36.390,17.837
35.242,16.213
35.669,15.288
34.694,13.613
34.536,17.530
35.708,16.383
35.576,16.137
36.915,17.740
36.661,18.553
37.000,17.912
37.455,16.744
37.620,14.292
38.279,17.457
38.210,15.373
38.245,18.755
40.267,16.262
40.075,17.198
39.973,21.381
40.647,20.579
41.893,19.127
41.731,21.934
41.777,20.974
40.375,19.502
39.923,17.600
40.091,18.847
40.907,18.482
40.510,20.207
38.037,20.752
36.666,16.633
34.860,14.614
37.848,14.300
39.521,19.327
39.386,18.826
39.913,19.217
38.708,16.735
38.621,19.188
39.342,18.342
39.139,19.769
39.913,21.347
39.924,22.891
39.787,19.232
39.564,19.206
39.688,22.558
39.798,22.300
39.826,20.099
41.438,20.215
41.274,22.382
41.894,22.162
41.861,24.098
41.753,24.269
41.466,22.484
38.921,23.502
38.367,22.842
38.103,21.263
40.850,22.598
41.981,22.106
41.477,22.334
41.489,23.084
41.215,22.534
42.225,20.939
42.817,21.053
43.646,22.614
42.084,24.784
41.271,24.522
40.135,25.338
42.724,21.726
42.645,22.026
44.239,23.069
44.148,23.948
46.443,25.203
44.871,22.383
41.624,29.900
41.117,31.801
41.909,29.341
40.541,27.118
39.209,27.765
38.124,27.041
33.827,27.163
37.865,26.494
40.020,27.833
42.030,27.377
42.638,28.801
43.892,28.869
42.789,27.821
42.192,27.198
41.777,27.212
42.082,27.495
41.345,27.106
41.353,26.991
41.361,26.692
40.383,26.100
42.543,27.237
42.195,25.594
44.077,26.560
43.817,25.527
43.275,26.926
44.181,27.673
43.829,28.499
43.049,28.081
42.904,28.429
43.168,28.217
43.102,27.915
41.863,27.241
39.533,29.863
40.718,29.298
40.491,27.012
39.919,26.842
46.917,29.446
41.256,28.614
43.311,27.806
34.881,29.066
33.202,27.537
35.389,26.533
32.305,25.837
38.378,25.048
38.229,26.028
39.278,26.376
39.027,26.611
38.603,26.639
36.638,26.662
37.235,26.189
36.782,26.416
37.624,25.325
35.464,25.507
35.021,24.865
36.742,25.067
37.710,25.556
34.663,25.769
40.665,26.335
35.850,26.407
40.596,27.899
34.452,26.665
34.808,25.589
34.259,25.665
34.237,25.303
36.306,24.539
36.430,24.717
38.116,25.531
38.320,25.056
39.156,25.870
38.972,26.681
40.122,26.854
39.480,26.935
35.803,25.983
36.476,25.110
35.424,25.366
38.607,25.026
38.296,25.732
40.223,24.702
44.472,25.574
39.470,27.103
33.864,27.113
31.339,25.644
36.388,25.849
34.950,26.566
36.461,25.267
36.274,25.294
32.919,24.088
32.920,24.520
34.117,24.726
35.854,26.810
33.004,26.600
33.745,25.678
28.884,24.284
25.626,23.317
29.358,23.842
30.263,23.268
27.373,24.064
29.221,23.803
30.502,21.998
27.452,24.304
34.701,23.516
27.462,23.331
28.981,22.572
29.403,23.029
30.948,23.573
30.773,23.520
32.302,23.367
31.969,23.466
28.868,23.798
30.594,23.307
31.844,23.352
32.193,22.907
31.923,22.236
31.589,22.236
32.554,21.760
33.068,21.405
32.992,21.889
33.852,20.996
36.338,20.995
34.169,22.844
33.014,22.977
34.202,21.252
38.755,21.699
39.687,22.431
37.564,21.748
35.552,21.585
34.102,22.201
34.961,21.278
34.298,20.796
34.733,20.506
33.701,21.078
33.631,20.904
33.472,20.671
34.471,21.404
35.769,21.737
34.952,22.788
37.473,21.840
36.927,23.113
37.313,21.050
36.798,24.151
36.580,24.452
35.927,21.582
32.324,23.410
36.740,21.678
37.883,22.681
38.726,25.616
34.428,23.120
35.029,23.467
31.360,22.899
31.337,20.786
32.291,21.994
30.726,22.713
36.338,22.238
34.250,21.249
33.986,22.691
33.489,21.176
31.605,21.324
32.513,20.308
33.740,15.606
34.287,18.306
34.340,17.836
32.998,13.857
32.139,15.097
33.069,13.782
34.602,14.403
33.620,14.377
32.957,14.348
35.093,14.119
33.604,14.874
33.416,14.936
33.392,12.770
33.664,17.693
32.499,15.746
34.511,14.258
33.402,15.094
32.274,18.248
33.269,15.604
31.653,15.427
32.585,16.032
32.821,16.828
32.727,17.473
30.907,16.091
30.481,15.086
30.548,15.461
30.712,18.413
31.719,16.406
31.784,15.227
32.772,17.272
32.926,17.994
32.280,15.881
33.950,16.538
32.541,15.180
34.169,13.437
32.724,15.389
33.897,15.487
33.215,19.186
33.456,18.056
33.102,16.299
33.707,14.210
32.433,14.042
32.037,12.693
31.736,15.650
31.462,14.539
30.889,14.174
32.126,14.974
30.956,15.931
30.347,14.312
29.564,10.963
28.424,10.916
29.007,14.660
30.081,12.345
29.733,12.615
30.131,12.181
30.438,14.572
29.984,14.386
30.565,14.540
31.296,15.216
31.013,12.767
30.356,14.534
29.251,13.683
29.905,13.222
30.605,11.460
30.816,13.579
31.130,11.542
31.101,12.722
30.605,11.000
29.530,10.828
27.770,15.029
27.204,12.783
28.204,12.621
27.105,9.255
25.969,11.921
26.532,12.953
24.719,10.199
27.237,10.207
29.542,12.715
29.416,12.723
29.750,15.827
26.260,18.986
24.969,8.192
25.597,7.163
25.746,9.813
26.761,9.625
28.981,11.669
26.994,11.123
26.384,9.893
27.241,10.093
28.071,9.345
26.323,10.372
24.843,9.598
25.989,9.797
27.301,8.372
28.086,10.125
28.261,10.972
25.583,10.253
25.490,7.667
22.566,8.157
23.843,8.402
24.971,8.136
25.331,9.770
27.111,7.552
25.121,9.848
26.647,9.617
26.293,11.787
26.426,8.946
24.056,11.066
26.524,10.744
25.718,10.561
24.684,11.089
25.953,12.306
25.367,9.543
26.056,7.722
27.687,9.463
28.307,8.709
28.438,11.910
30.627,12.258
29.374,12.283
30.362,13.711
33.031,15.289
34.612,16.672
32.871,15.688
33.215,14.489
31.886,17.414
33.971,16.125
32.776,15.723
30.222,16.493
26.948,13.613
26.241,7.381
24.889,4.462
24.002,6.231
25.103,9.419
26.215,8.990
28.895,9.233
31.299,10.749
32.203,14.119
33.872,14.758
35.603,15.691
36.119,17.627
35.822,17.793
35.402,20.824
35.939,18.544
35.277,20.155
33.865,15.614
34.605,18.053
32.365,19.212
30.994,16.134
31.079,18.026
29.720,13.215
31.478,14.722
32.769,15.824
35.138,15.445
36.185,14.196
38.022,15.452
38.704,16.174
39.420,18.206
38.453,16.146
38.354,16.696
37.669,18.717
37.289,19.406
33.832,18.649
34.233,14.315
33.789,15.517
35.678,16.441
38.009,18.836
36.701,19.433
37.095,16.767
37.333,16.472
35.648,19.744
35.401,19.247
36.323,18.178
39.946,17.973
40.401,18.530
41.583,19.023
40.614,16.647
41.261,17.445
39.266,19.967
36.678,17.852
36.140,14.263
34.725,14.676
34.804,16.564
39.201,17.349
39.603,18.979
40.168,17.563
40.080,17.724
39.086,18.010
40.890,19.646
41.824,19.934
42.581,19.680
45.482,22.873
42.918,25.710
40.697,23.329
38.664,26.681
40.328,21.746
39.215,21.694
40.017,25.767
40.356,22.472
39.498,22.738
37.650,22.697
36.904,23.261
37.803,24.953
39.322,23.861
37.752,22.778
37.450,23.659
36.742,22.850
38.577,25.565
40.591,27.137
40.347,25.887
39.662,24.070
40.533,23.601
38.973,21.114
40.200,21.788
41.325,22.686
42.031,23.743
42.411,24.409
43.415,25.629
41.617,26.874
41.993,25.553
43.768,28.809
44.618,29.710
44.303,27.126
42.528,27.565
42.217,27.539
42.850,27.888
43.050,27.923
41.324,25.481
41.459,25.967
42.545,27.456
41.386,27.120
42.557,26.876
42.476,26.537
43.433,27.830
42.967,28.893
42.820,27.512
42.134,28.003
43.599,27.710
42.520,28.279
41.691,26.624
41.822,27.732
43.504,28.713
44.144,27.467
44.052,28.908
42.513,28.405
39.347,28.330
41.131,26.542
41.005,28.097
41.418,29.339
40.642,29.320
42.118,27.900
41.062,30.500
41.471,28.906
40.376,28.628
39.138,27.544
39.043,26.645
38.931,26.539
37.278,26.646
37.023,26.755
37.847,26.142
39.193,26.396
37.543,26.087
37.037,25.733
34.788,25.853
32.979,25.708
32.021,25.158
33.157,25.329
32.897,25.253
35.499,25.244
29.772,25.763
36.399,25.964
34.907,25.781
32.269,25.415
36.201,25.438
29.671,25.385
35.502,24.972
34.515,25.338
33.219,25.571
27.754,25.185
26.453,24.959
33.953,24.251
36.487,25.296
36.821,25.148
36.995,25.283
37.708,25.180
38.056,25.208
29.650,26.238
37.800,26.649
36.946,26.014
33.501,25.278
31.402,24.716
27.888,23.717
30.948,24.271
36.787,23.810
34.641,25.368
33.296,25.169
29.201,24.580
29.324,24.372
30.434,24.262
26.888,23.979
28.643,24.098
28.854,23.481
29.144,22.915
32.254,22.176
32.320,22.307
33.272,22.800
33.201,22.869
34.600,24.361
33.440,22.554
31.138,23.996
28.143,23.486
33.565,23.298
33.013,23.494
33.934,23.746
33.539,22.972
34.771,23.872
33.871,23.284
33.095,23.117
33.265,22.512
33.015,22.387
34.454,22.134
34.621,21.911
35.769,22.195
34.936,21.711
35.736,20.977
36.182,21.872
38.972,23.081
39.127,22.777
39.483,23.834
39.327,25.532
37.191,25.620
38.862,24.954
35.833,24.728
34.473,24.371
33.837,24.166
34.416,23.247
31.656,23.943
32.645,23.728
29.892,23.839
27.564,23.344
28.193,23.471
29.790,22.899
28.333,23.559
30.737,23.435
31.703,23.084
33.943,24.416
32.645,23.166
31.689,23.847
23.953,22.064
29.784,21.681
29.900,22.024
30.037,21.862
31.215,20.681
32.988,20.104
32.458,18.075
31.505,18.831
33.395,18.654
32.707,18.808
33.043,17.433
33.542,17.637
34.470,17.401
34.020,19.378
33.704,17.526
33.677,17.789
33.969,19.759
34.024,19.515
35.427,18.358
34.126,18.926
33.688,18.219
33.460,17.672
32.797,15.332
34.424,15.518
33.127,18.629
33.099,18.986
33.445,16.296
33.294,15.428
31.813,17.756
31.925,15.702
31.654,16.494
33.555,17.979
33.448,18.334
33.061,17.289
33.769,14.262
33.319,15.599
32.378,11.724
31.830,13.784
31.596,12.792
31.502,13.410
31.705,15.033
31.552,15.930
31.430,14.987
31.519,15.086
31.853,14.717
30.922,14.918
29.922,13.289
30.723,10.579
31.430,12.056
31.380,12.269
32.582,12.699
32.577,13.091
31.498,12.282
32.090,14.251
32.705,15.046
31.325,14.002
32.746,11.603
32.672,13.009
32.935,11.518
32.553,12.412
31.253,11.266
30.769,14.348
30.532,14.633
30.611,13.493
29.807,12.576
30.822,12.373
30.134,13.511
28.710,13.647
27.956,13.559
27.989,14.197
26.562,15.582
27.925,13.726
28.937,12.083
29.445,10.673
29.734,11.043
28.850,11.684
27.364,10.335
27.171,11.868
26.347,10.935
26.816,10.840
26.944,9.490
27.082,11.308
27.143,11.270
27.401,11.714
26.518,8.961
25.849,11.060
26.628,9.429
27.380,10.318
27.281,11.827
26.044,11.488
25.283,11.382
24.060,9.860
24.609,8.602
25.406,6.748
27.428,8.873
28.416,7.895
28.169,12.329
27.017,10.785
27.157,10.281
28.311,9.523
27.201,10.689
25.170,9.157
25.428,9.262
24.950,10.599
26.289,11.567
26.091,10.536
26.485,10.401
28.121,9.847
29.552,9.077
29.241,10.417
29.762,11.489
29.952,11.716
29.305,11.132
31.286,9.998
32.601,10.500
30.506,13.810
29.671,12.708
27.808,13.539
27.600,13.537
26.359,11.647
26.140,10.087
24.706,9.103
25.086,9.329
25.411,9.012
26.815,8.672
27.748,9.073
29.335,9.614
29.974,9.576
31.579,10.983
33.009,12.500
32.946,12.683
32.528,14.686
33.069,15.518
32.076,14.229
31.901,12.531
32.367,10.623
31.590,11.326
31.091,11.254
33.029,12.941
32.572,12.506
33.160,10.941
33.800,12.205
34.744,12.566
35.456,14.469
33.278,14.172
33.791,13.242
34.678,13.703
35.976,15.919
36.292,19.268
36.693,18.111
37.345,17.605
37.364,19.538
36.959,16.661
36.603,17.597
37.418,19.089
37.486,23.480
31.903,21.443
33.114,20.768
33.247,17.642
33.886,16.314
34.614,14.646
34.467,15.941
33.809,12.643
34.131,14.816
35.130,17.066
34.877,17.729
25.650,16.134
26.411,13.225
28.071,12.497
32.655,14.562
32.386,14.359
30.623,19.312
30.626,17.140
32.838,16.725
33.615,15.727
34.490,17.691
32.951,22.519
36.887,18.377
35.684,19.810
35.293,17.914
36.952,17.722
36.653,18.299
36.375,19.001
36.513,16.752
35.041,17.537
35.326,16.381
36.896,18.716
36.930,17.334
39.171,15.082
36.344,17.392
38.406,19.415
38.215,18.000
38.877,18.119
39.724,18.922
41.760,20.237
40.980,21.413
40.909,21.426
39.775,21.010
39.060,20.371
38.797,17.703
38.587,16.458
38.989,20.284
39.283,19.356
39.069,23.356
39.231,23.534
38.838,24.908
37.837,17.274
38.673,18.738
39.698,20.370
41.143,24.006
39.949,23.478
39.822,23.541
40.761,21.901
41.535,23.776
41.092,23.653
41.164,22.762
41.270,22.940
42.439,24.846
43.853,26.859
42.910,24.903
42.996,25.054
44.665,23.913
46.802,23.458
45.411,25.003
44.466,27.374
43.400,24.304
43.429,24.466
43.664,25.015
43.296,26.181
43.612,28.561
43.039,26.183
42.753,25.689
42.244,26.614
42.261,26.662
42.619,26.548
44.620,27.562
44.046,27.572
40.460,28.845
39.458,27.026
37.909,26.738
41.473,28.205
41.482,26.211
42.767,28.882
44.428,28.739
44.829,28.423
45.192,29.504
45.979,28.959
45.143,28.786
44.467,30.471
42.842,29.431
44.643,29.796
29.773,25.783
36.342,25.188
37.534,25.403
38.769,27.049
37.972,25.924
38.633,26.636
39.837,27.250
39.937,27.096
40.774,28.479
40.751,27.663
38.921,26.292
38.233,26.031
38.140,27.681
39.939,27.214
40.273,27.480
40.541,26.242
41.423,26.584
39.606,28.869
44.030,27.943
45.887,28.124
42.354,30.208
44.675,30.623
44.072,30.688
42.485,30.189
39.771,29.595
37.961,27.994
34.170,26.749
36.944,25.812
36.554,26.217
36.932,26.215
38.402,26.417
43.333,27.428
40.030,29.860
40.892,30.334
32.849,25.785
29.383,25.189
32.481,25.481
34.327,24.953
27.864,25.112
30.465,24.823
27.896,24.680
32.302,25.199
36.593,25.290
36.198,25.681
36.820,25.875
34.014,25.948
35.577,26.324
30.228,23.947
26.693,23.660
27.087,23.455
36.030,24.305
30.979,24.315
29.484,24.286
29.607,24.629
34.295,24.468
29.276,24.349
30.827,23.620
30.039,23.718
30.053,24.084
27.750,23.965
23.783,23.154
26.042,22.626
30.023,23.365
27.183,23.739
33.347,23.430
31.707,24.396
26.386,23.618
28.098,23.800
29.070,23.771
28.462,24.119
27.287,23.598
30.850,22.813
31.065,24.067
31.853,23.160
28.775,23.444
31.667,23.853
29.592,23.966
28.321,23.514
24.247,22.897
25.207,23.364
27.240,23.556
25.600,23.028
26.773,22.876
29.325,22.201
27.266,21.282
26.914,22.427
25.615,22.401
26.131,21.925
29.485,21.116
32.392,22.688
24.285,21.753
27.228,21.820
29.146,22.570
31.479,22.852
32.888,21.451
32.865,23.430
28.896,23.518
26.629,22.395
29.070,22.153
30.062,22.198
32.241,19.726
31.127,21.026
31.529,22.892
32.972,22.217
33.910,21.915
32.525,21.737
32.643,22.944
34.082,22.216
33.758,21.041
35.460,22.203
35.099,23.629
34.105,22.583
31.273,23.072
33.100,22.321
31.497,23.629
32.556,22.957
32.657,21.679
32.823,22.380
34.418,21.414
33.707,22.609
34.578,21.375
34.194,22.828
33.415,22.135
35.673,20.977
36.420,20.202
35.670,19.773
33.730,19.360
33.002,19.621
33.086,17.359
33.205,17.594
34.032,19.104
33.864,16.986
33.221,17.055
32.507,14.840
33.962,18.921
34.812,20.402
35.561,18.224
36.508,18.190
35.277,18.429
34.967,19.900
33.880,19.547
34.074,17.142
33.418,17.940
34.391,20.565
33.574,19.079
34.750,15.132
33.842,15.636
34.082,17.752
32.799,18.259
32.554,16.155
32.867,16.099
32.569,15.870
32.850,16.882
31.866,14.671
31.659,16.349
32.406,16.431
33.131,14.237
33.065,13.575
33.720,14.899
31.385,16.658
32.964,18.175
33.201,14.174
31.142,15.382
31.186,14.497
31.685,13.991
31.320,13.162
31.171,14.099
30.655,13.287
31.168,13.824
31.033,13.493
30.540,12.067
31.032,15.277
30.422,14.455
31.095,17.205
30.138,13.027
29.926,14.957
27.928,12.718
27.191,12.657
28.169,10.823
28.706,12.507
22.162,13.192
28.439,13.581
28.650,13.683
28.135,14.048
30.601,15.202
31.022,13.929
30.068,13.742
30.451,17.179
29.394,15.762
28.581,13.871
28.833,14.483
29.129,11.599
27.045,11.318
26.174,10.844
27.506,10.798
28.701,12.773
30.182,11.552
30.280,14.211
29.819,15.645
29.143,10.793
28.900,12.195
28.533,11.059
28.941,10.963
27.951,13.354
28.540,13.719
29.562,14.401
29.071,13.929
29.860,13.355
27.825,15.176
26.680,11.610
28.121,11.432
29.094,10.724
28.104,11.021
26.525,11.351
25.829,10.246
25.619,11.049
26.367,10.187
26.386,10.775
25.844,10.995
25.333,9.987
27.089,10.890
28.985,11.284
27.914,12.581
27.214,11.797
27.158,11.408
26.103,12.035
26.486,10.404
27.289,11.007
27.224,10.741
25.893,10.058
27.978,11.569
28.880,8.975
27.047,10.700
26.868,10.953
26.842,10.886
27.508,12.107
29.477,12.126
30.620,12.288
32.037,12.637
31.749,14.579
32.647,16.916
33.347,17.351
31.439,17.798
31.502,15.507
31.622,14.631
32.007,15.088
32.655,16.357
31.715,12.781
32.240,14.340
30.582,11.976
30.922,14.036
30.493,14.882
31.922,14.242
27.848,16.200
29.053,15.731
27.928,10.382
26.110,14.263
26.197,10.352
26.669,12.801
28.071,10.940
28.159,13.003
29.364,13.237
30.772,14.634
32.241,14.572
33.535,15.599
33.593,16.772
33.262,19.147
32.259,18.627
32.355,14.626
31.894,16.084
33.251,13.713
33.768,15.109
30.293,15.441
29.113,16.193
30.958,14.136
34.161,15.793
33.248,16.130
32.913,16.044
33.557,15.841
32.853,12.728
33.133,13.307
33.270,18.454
35.381,17.907
33.904,16.647
32.078,17.986
31.551,16.371
31.371,15.218
34.584,15.614
36.945,17.696
38.681,19.868
38.321,19.256
37.175,19.783
35.744,20.603
35.751,18.527
37.070,18.847
36.872,19.519
36.104,18.676
38.773,18.935
39.962,20.673
41.586,21.328
41.820,21.687
43.801,22.322
42.847,23.803
40.052,21.959
39.659,20.825
39.257,21.469
42.155,21.286
41.034,21.692
43.098,24.148
42.396,20.966
40.414,19.282
40.251,20.068
42.728,18.409
41.092,20.647
41.061,21.376
41.173,20.778
42.148,21.636
45.699,24.032
43.430,23.601
44.029,24.135
43.561,23.710
44.011,22.102
43.885,31.317
41.704,26.779
40.963,23.957
40.273,23.159
41.424,22.402
42.319,24.403
43.830,24.927
43.024,23.970
43.808,27.531
43.864,27.105
45.466,26.947
48.224,26.460
44.978,29.153
44.840,28.627
44.795,27.265
46.494,25.944
43.775,28.635
43.339,27.133
43.329,27.240
43.723,25.785
44.217,25.801
43.805,26.495
43.244,27.819
42.210,26.731
42.404,26.673
42.233,26.136
41.815,26.553
42.218,27.380
42.619,26.745
41.836,27.234
40.775,28.783
38.510,27.204
40.151,25.832
40.916,25.171
41.247,27.412
40.196,25.963
40.525,26.077
41.603,28.014
41.072,27.605
37.327,27.792
41.688,24.891
42.480,26.096
42.877,29.833
43.347,28.925
37.938,29.010
37.063,27.481
36.101,25.899
36.968,26.614
43.115,28.247
43.644,30.118
43.240,29.976
42.701,28.449
42.496,27.883
42.910,28.852
43.781,29.894
41.204,29.858
36.007,29.558
39.604,27.640
40.447,28.772
39.282,27.790
40.889,27.948
39.632,27.260
38.932,27.300
40.313,28.478
38.781,30.076
35.520,28.587
30.329,25.239
31.959,23.948
33.395,25.787
34.767,24.607
34.474,26.005
37.351,26.841
36.456,28.486
30.877,25.852
26.394,24.829
25.519,23.571
28.499,24.394
28.777,24.797
29.641,24.478
30.428,25.305
31.323,24.507
25.894,24.349
29.884,24.237
32.162,24.096
31.964,24.891
32.506,24.926
32.687,24.667
32.587,24.212
31.905,24.392
35.122,24.140
35.241,25.016
34.203,24.144
34.951,24.469
35.508,24.149
34.334,24.438
34.292,24.876
32.539,25.630
30.929,23.957
35.576,24.060
32.083,25.149
34.529,24.445
33.474,24.397
33.384,24.784
33.015,24.339
32.338,24.969
26.231,24.628
31.445,24.137
29.305,24.188
31.931,23.666
31.264,25.052
31.456,25.376
25.478,24.220
27.520,24.113
29.395,23.933
27.823,23.697
25.969,23.892
25.046,23.488
26.078,23.791
28.702,23.789
26.987,24.262
29.433,23.717
34.431,22.858
32.439,23.911
25.487,23.400
28.920,23.128
29.092,23.061
31.917,22.768
34.433,22.340
32.942,25.261
32.086,24.362
33.916,24.450
31.488,23.971
30.590,23.785
28.583,24.666
30.859,24.849
32.257,24.589
31.024,24.783
29.796,25.274
31.388,24.542
29.824,23.727
29.321,23.707
30.979,23.345
30.976,23.305
31.106,22.524
31.739,22.336
32.037,21.273
33.243,21.621
33.240,21.184
32.680,21.722
34.266,21.513
35.247,21.301
35.344,23.898
35.309,23.791
36.302,24.445
34.134,25.357
33.732,24.130
31.638,22.879
30.685,21.397
33.070,21.489
33.850,21.150
32.028,23.278
32.832,21.989
34.888,20.574
35.232,18.200
36.045,19.602
35.463,17.294
34.623,17.276
34.000,17.854
33.721,17.911
33.795,17.561
33.742,15.498
33.660,18.785
32.983,19.090
32.742,20.168
33.138,18.571
34.011,20.487
34.429,16.964
33.649,15.651
34.817,14.246
34.846,14.472
34.839,13.223
35.429,12.388
35.169,12.846
35.469,13.360
33.787,13.339
34.611,13.694
34.924,16.773
34.454,15.264
33.562,16.876
33.368,17.826
34.425,15.504
34.919,16.578
34.330,16.898
32.672,17.627
32.857,17.578
34.058,20.598
33.260,18.331
33.259,14.153
36.063,21.320
36.282,20.716
34.980,16.232
35.197,16.452
36.626,17.112
34.947,22.574
34.965,19.198
34.367,15.167
33.355,16.681
34.070,15.970
33.285,17.388
32.313,14.921
33.042,14.629
31.343,15.118
30.214,11.491
30.550,11.469
30.665,12.154
31.233,11.826
31.756,12.883
32.504,13.662
32.199,12.642
31.896,11.843
31.575,13.068
29.761,9.475
30.360,9.912
29.630,12.651
29.479,13.836
28.046,14.692
28.537,13.699
28.420,16.328
27.973,14.140
27.521,12.848
27.363,13.848
28.134,12.719
27.552,10.935
27.288,9.050
28.936,11.825
28.139,12.183
26.853,15.850
26.530,12.033
24.837,12.312
25.055,13.788
25.962,11.063
25.518,10.966
27.720,10.819
27.568,10.621
29.934,12.744
31.452,12.115
31.419,13.219
31.903,14.822
31.148,14.545
29.980,18.466
28.663,14.664
29.068,14.260
27.130,13.303
26.785,8.937
26.760,9.981
26.952,11.034
25.297,10.424
25.415,11.008
26.100,10.372
26.792,11.031
28.775,12.887
29.361,13.329
30.378,14.454
30.116,13.679
30.259,10.636
28.859,11.949
25.225,11.690
26.659,10.823
26.453,10.809
27.453,11.753
27.985,12.545
29.988,11.689
30.123,11.901
28.650,9.694
25.271,8.486
24.892,8.543
23.844,7.535
24.134,10.677
24.090,8.572
22.604,6.933
25.203,7.644
22.852,6.456
23.600,7.696
25.294,7.405
27.123,10.150
24.167,8.316
23.403,8.103
24.049,7.107
26.989,7.062
25.267,14.120
22.955,6.933
23.241,5.996
23.286,4.994
21.846,5.527
22.438,6.890
22.406,6.672
24.459,6.475
25.978,7.545
26.078,8.675
26.411,7.872
28.934,9.833
31.448,11.633
32.099,12.508
33.178,11.199
33.428,14.616
32.416,13.742
32.789,13.183
32.919,12.547
33.266,11.028
32.622,11.895
32.002,13.678
31.071,13.906
31.850,13.753
32.843,13.892
35.635,12.796
36.017,12.552
36.012,12.456
35.466,12.765
35.110,13.828
35.931,14.250
36.572,14.288
36.725,14.194
36.989,14.935
35.665,16.462
35.965,17.112
37.732,19.901
35.091,23.807
35.734,20.912
33.402,20.830
35.960,19.697
37.084,19.277
38.645,20.356
38.356,17.298
39.347,16.529
38.080,16.570
39.118,16.372
38.334,20.090
38.924,19.073
38.609,19.931
36.947,20.692
39.128,18.794
37.995,21.645
38.642,23.540
39.645,23.296
39.556,17.430
38.475,20.236
36.892,18.604
36.569,18.297
37.407,20.593
35.176,18.878
34.150,18.634
33.619,17.384
38.345,16.685
37.986,20.938
39.439,22.812
39.565,19.790
39.863,21.681
41.105,22.141
41.539,21.419
41.210,23.251
40.181,22.374
40.345,21.922
39.942,21.257
42.397,22.741
42.647,22.891
40.838,17.878
41.046,20.307
40.693,21.443
43.120,27.448
42.574,23.143
43.871,26.451
43.750,23.810
43.541,24.068
43.392,22.947
43.261,22.497
42.356,22.681
42.101,24.316
41.133,24.860
41.639,24.998
42.040,24.392
40.871,23.856
40.443,23.952
39.622,24.284
40.500,26.259
41.543,26.855
39.470,26.974
40.219,25.449
41.376,25.626
41.824,25.513
41.505,25.619
42.684,27.217
41.908,26.528
40.900,26.571
41.519,27.097
40.494,26.573
40.594,26.194
40.784,26.739
39.716,26.061
40.339,26.657
42.653,27.307
42.318,27.285
42.437,25.829
42.521,26.421
42.323,29.063
42.397,28.274
41.782,27.835
41.547,26.832
42.542,27.710
41.226,27.481
40.621,28.527
38.240,28.741
41.343,28.699
38.555,29.164
37.554,27.011
40.398,26.513
40.139,27.012
36.976,27.712
35.846,26.494
35.839,26.720
28.352,24.591
33.841,23.724
33.053,25.310
34.940,25.036
32.516,26.291
34.409,26.959
38.489,26.316
31.931,27.216
32.065,26.683
36.441,25.742
38.312,26.882
39.742,27.540
39.858,28.320
33.136,28.081
37.715,26.491
33.698,26.239
33.819,25.228
36.443,26.244
31.094,25.581
32.452,25.449
36.360,25.308
30.523,25.423
34.668,25.200
35.714,25.151
36.943,26.033
30.919,26.244
32.308,25.627
28.031,25.272
27.629,24.578
30.391,24.098
25.477,23.041
28.184,23.704
32.258,24.285
34.131,24.618
35.423,24.794
35.596,24.393
34.906,25.426
35.421,25.354
33.299,25.778
36.959,25.188
36.466,25.698
35.094,25.560
28.568,25.157
36.268,24.845
37.365,25.227
28.553,24.688
30.240,24.929
36.305,22.652
31.698,24.764
30.836,24.555
30.753,24.189
28.980,23.938
31.883,23.965
30.431,24.285
28.938,24.589
28.441,24.032
30.266,23.132
30.003,24.054
28.999,24.313
32.583,23.470
32.729,23.599
26.161,24.435
29.143,23.388
25.933,23.850
30.898,23.342
30.808,23.625
31.275,23.796
28.683,21.884
30.581,22.784
31.229,22.721
31.778,22.195
31.578,21.080
32.889,20.265
34.582,22.431
34.893,23.125
32.247,25.025
26.167,23.483
32.959,22.132
32.029,22.901
32.964,21.592
32.800,20.851
34.208,20.326
36.910,22.374
36.613,26.106
35.803,24.425
35.079,23.494
31.889,22.934
30.795,22.452
33.009,21.651
32.560,21.134
32.810,23.541
32.446,23.813
32.613,24.378
33.166,24.622
30.711,23.643
30.733,22.120
31.918,22.410
31.479,22.075
31.345,22.900
31.069,22.700
34.661,22.507
33.611,23.906
33.235,22.456
33.474,22.389
34.636,22.420
33.709,20.434
33.784,20.813
33.328,20.362
33.045,19.556
33.194,19.183
33.404,18.117
34.271,19.923
35.490,21.641
37.810,20.645
36.335,23.556
39.595,23.674
36.072,20.523
34.082,23.455
34.023,20.393
35.207,19.328
36.842,21.888
37.965,23.242
37.945,17.801
38.461,17.310
37.130,17.579
36.148,16.487
36.196,19.335
36.780,22.001
36.760,20.459
35.834,18.690
35.077,15.411
36.197,14.532
36.298,16.003
34.767,16.180
36.456,16.850
34.748,14.300
37.044,16.117
35.421,13.355
36.231,14.654
34.367,15.690
33.901,16.100
34.027,17.752
34.272,15.779
35.471,15.288
34.896,15.312
34.522,16.639
34.764,15.689
34.300,14.628
34.459,14.145
35.140,14.367
34.059,13.983
33.430,12.507
32.338,14.352
31.605,12.470
32.400,15.265
32.181,16.447
32.356,16.643
33.420,18.040
31.214,16.406
22.803,20.056
20.636,17.465
30.241,16.455
28.620,14.865
28.208,12.810
28.367,11.633
29.242,9.803
30.414,9.903
30.978,11.797
30.542,14.555
28.855,14.334
29.585,14.727
30.262,17.604
24.196,16.735
30.511,15.962
31.374,16.455
32.804,16.217
32.849,15.921
32.661,15.802
31.872,18.694
31.359,16.707
31.737,15.838
31.166,15.721
31.322,16.203
30.362,14.972
30.722,15.950
30.984,15.734
30.783,15.120
31.489,15.610
31.447,16.018
31.540,17.038
29.635,18.438
28.150,17.418
29.145,15.377
28.180,14.630
28.393,13.373
28.779,11.646
29.724,9.991
29.500,9.621
27.915,8.332
27.700,7.617
28.517,8.856
29.023,9.523
27.763,12.417
26.823,10.685
27.419,10.644
29.043,10.236
28.441,10.291
26.899,12.448
26.088,12.192
24.080,12.275
23.290,11.612
23.791,13.248
24.765,13.987
27.258,13.709
27.787,14.541
26.952,14.766
29.389,16.643
28.303,15.994
31.241,17.149
30.485,16.760
30.936,15.169
28.613,14.564
30.363,14.642
28.277,15.809
31.739,14.119
31.802,13.704
31.553,14.449
32.104,13.254
29.919,11.225
29.302,10.833
30.078,11.829
31.002,10.657
30.987,12.071
29.249,13.021
30.976,12.423
31.494,11.601
31.392,10.497
31.349,11.518
29.851,11.024
29.419,11.378
29.690,13.591
31.573,13.142
32.815,12.765
29.059,12.251
27.204,11.087
28.618,11.739
30.584,11.682
31.342,11.794
29.339,14.670
30.711,13.638
32.912,13.954
32.543,15.325
32.992,15.610
34.580,15.890
35.996,16.938
35.422,17.175
35.151,16.069
35.296,15.592
35.680,15.044
36.840,15.547
36.331,18.550
35.661,17.760
38.404,17.991
39.228,17.795
39.005,18.174
37.372,16.710
36.683,16.625
36.101,16.135
34.552,13.369
34.393,15.439
35.566,18.478
36.406,15.615
38.423,18.097
38.844,17.802
37.025,17.545
37.766,19.573
36.635,16.038
36.386,18.550
38.864,20.429
36.869,20.618
38.230,16.707
37.284,17.483
36.776,16.567
35.760,18.417
35.755,19.925
39.380,19.758
37.885,18.860
38.729,19.592
35.232,19.259
37.317,20.846
38.306,20.059
38.276,21.270
38.917,21.851
39.934,22.062
40.283,21.883
41.472,24.319
40.374,21.180
38.174,23.317
38.226,23.510
37.670,21.354
34.540,19.126
37.326,19.994
37.587,20.617
41.352,20.448
43.307,21.650
44.325,22.087
41.916,21.890
40.312,23.960
39.905,26.071
42.507,24.042
41.986,22.772
46.457,22.751
42.836,22.619
40.285,23.435
40.474,21.616
40.367,17.691
40.750,23.505
41.657,24.711
43.384,25.039
43.761,22.218
45.349,22.945
45.869,25.605
45.258,25.854
43.740,25.258
43.366,25.640
42.960,24.325
41.132,24.262
40.429,24.203
41.648,24.427
41.900,26.080
42.578,24.799
42.311,24.736
43.067,25.264
42.382,26.057
43.625,27.245
44.770,27.861
45.353,27.808
44.859,27.726
44.654,27.816
46.027,27.852
45.214,29.362
44.190,28.692
45.389,28.251
45.658,26.989
45.184,29.237
43.430,28.714
43.632,27.450
43.212,26.686
43.271,26.700
43.483,27.966
44.537,29.060
43.756,28.842
42.652,27.917
41.967,28.899
41.517,28.697
41.445,28.193
41.946,28.257
42.004,28.260
41.090,27.655
41.929,27.969
41.318,27.693
40.974,27.492
42.010,28.009
42.907,27.926
42.081,27.421
41.314,28.010
42.052,28.047
42.324,28.632
41.541,27.469
41.804,28.100
40.682,28.863
40.720,28.475
41.811,27.112
41.913,30.139
42.333,28.486
36.168,28.425
40.949,27.307
37.294,27.951
39.646,26.420
39.550,27.518
36.489,26.562
32.309,24.821
37.107,24.349
37.834,26.622
37.587,27.062
30.725,27.474
40.200,25.586
43.622,26.447
44.921,25.965
46.356,28.258
44.037,28.535
44.481,29.899
33.784,24.615
31.502,25.434
33.077,25.287
33.955,25.667
33.149,25.548
28.299,25.318
35.070,24.653
33.409,25.606
32.208,25.500
29.342,24.591
28.838,23.809
33.171,24.474
28.783,24.915
32.861,24.845
30.778,24.202
25.040,23.683
25.350,23.465
26.248,24.500
27.690,24.475
27.196,23.687
26.574,24.559
29.907,24.816
28.524,24.076
29.797,23.513
27.731,24.726
33.617,24.248
33.574,24.146
31.210,23.978
30.958,24.128
29.639,24.012
28.816,23.869
33.366,24.695
33.751,24.686
34.256,23.946
32.190,23.998
26.695,22.693
29.246,23.596
29.785,23.524
30.186,23.466
32.309,23.483
33.684,24.000
33.973,23.814
34.556,24.105
34.018,23.498
34.624,24.048
35.441,23.628
37.580,23.539
34.740,23.171
30.425,24.955
30.743,23.854
29.376,23.504
27.993,24.229
26.798,23.754
29.546,23.449
31.277,22.506
30.121,24.955
32.199,23.431
33.918,22.753
34.042,24.361
34.773,22.889
35.389,23.724
35.567,22.639
34.955,22.485
31.001,23.805
33.395,23.475
34.422,22.194
35.465,21.066
34.536,21.913
33.533,20.323
33.180,19.199
35.056,18.784
36.103,21.200
36.602,24.583
36.760,21.108
37.222,20.842
37.770,20.668
38.459,21.957
37.190,20.589
36.739,20.046
35.590,21.197
38.215,20.839
37.631,23.147
38.308,24.225
38.429,24.133
38.917,21.031
36.813,24.061
34.699,25.127
33.291,23.703
32.242,23.523
34.918,21.047
34.154,19.557
32.910,19.962
33.055,19.057
33.047,17.162
33.813,18.455
32.580,23.730
34.168,21.667
31.898,20.257
33.715,18.220
34.235,19.411
34.340,17.822
35.199,19.764
33.948,15.839
33.790,15.990
33.896,15.894
34.891,15.805
34.539,16.675
34.700,15.138
33.737,11.524
33.936,12.603
33.645,12.939
33.887,13.130
34.586,14.463
35.498,15.534
35.069,16.121
36.251,13.981
36.365,13.936
34.302,13.661
34.231,12.855
32.210,16.715
33.895,16.089
33.460,16.678
33.011,18.170
34.022,16.669
32.941,16.797
27.341,21.122
21.474,17.994
29.159,17.644
30.926,17.841
31.584,16.607
30.128,18.319
30.687,17.956
28.868,15.784
28.973,16.170
29.271,13.170
29.222,11.861
27.602,10.556
27.849,11.109
28.841,12.711
30.671,11.624
30.341,13.734
29.728,12.279
29.302,13.389
30.142,12.455
28.827,11.225
27.478,10.159
27.561,11.378
27.833,12.413
29.009,12.700
29.385,11.533
29.292,12.743
29.013,12.564
29.309,14.341
30.180,12.041
29.741,10.827
30.136,13.780
30.957,13.069
29.514,13.295
29.519,14.082
30.096,14.748
29.541,14.262
27.913,13.345
27.556,14.020
27.853,13.621
28.380,14.217
28.087,11.819
28.578,13.047
27.143,15.971
27.505,11.315
27.467,9.988
26.492,8.853
27.168,9.598
27.707,11.462
26.199,14.891
25.997,12.798
26.437,11.044
26.643,9.986
27.693,11.231
27.091,15.173
26.121,12.805
25.639,8.528
25.206,8.843
25.754,8.891
26.991,9.039
26.488,9.215
27.654,9.242
28.762,12.115
29.649,15.087
24.952,10.285
23.933,9.662
25.096,8.177
26.713,9.744
27.063,9.851
28.164,9.542
28.458,10.688
28.200,8.936
29.677,10.929
28.952,10.037
28.749,8.686
28.902,8.815
28.806,11.205
29.179,11.789
29.696,11.865
29.184,11.700
29.150,11.972
29.265,12.993
29.586,9.199
28.306,11.016
29.553,12.565
29.163,12.512
29.748,14.961
30.482,14.391
32.188,14.542
32.754,15.345
32.614,15.167
30.092,16.665
28.415,12.472
28.123,11.820
29.743,13.211
30.536,12.164
29.952,14.249
29.729,13.018
30.462,11.962
29.855,13.260
30.692,11.478
31.645,12.258
33.456,12.217
33.844,14.781
32.719,19.093
31.568,15.471
30.834,12.337
31.733,11.067
34.159,15.879
35.841,17.245
36.071,15.255
35.959,16.062
36.698,15.216
34.965,21.096
32.970,17.909
32.872,16.608
33.007,19.072
32.627,16.302
35.169,17.552
35.712,17.773
36.205,18.057
38.012,18.052
37.663,18.887
37.903,17.494
38.553,17.333
39.040,17.553
39.212,18.043
40.114,19.040
41.776,21.701
42.219,23.067
43.285,21.342
42.303,21.862
40.849,20.222
39.135,19.035
37.996,17.978
38.412,16.905
39.166,17.791
39.578,17.092
39.794,18.209
40.771,20.189
38.983,18.745
38.196,21.432
38.022,18.865
37.953,20.134
37.969,18.804
39.594,17.423
41.669,18.985
43.824,22.967
44.463,22.654
42.547,24.256
42.047,29.458
40.701,23.438
40.304,20.486
41.564,22.799
42.614,20.628
45.131,19.601
45.286,21.715
44.590,23.304
43.933,24.059
41.485,23.520
41.183,24.544
40.369,24.625
39.949,24.385
40.305,23.730
41.591,22.397
41.419,22.332
41.963,23.076
42.264,23.191
42.749,23.028
43.085,25.038
42.335,24.703
42.131,23.912
41.798,23.681
42.366,24.872
43.109,25.517
43.834,26.468
43.392,26.750
42.230,25.016
41.931,26.825
42.475,27.542
43.415,27.574
41.938,26.598
43.258,25.040
44.223,26.362
44.620,26.521
42.893,27.142
43.742,26.040
44.044,26.970
43.538,27.216
44.492,25.751
45.754,27.868
48.759,29.608
48.112,26.833
47.208,27.089
46.856,29.279
46.043,29.541
44.553,28.736
43.651,27.491
42.732,27.432
42.483,26.988
41.816,27.352
41.601,26.751
41.693,27.774
42.788,27.229
39.466,28.722
36.628,27.685
40.599,27.836
40.059,28.181
39.458,27.723
33.922,26.193
38.618,24.623
39.777,25.847
44.225,28.125
47.234,29.725
47.174,29.642
46.237,30.326
44.206,31.697
35.403,27.670
37.684,26.618
38.429,24.991
44.986,27.127
46.361,28.685
43.891,28.549
43.489,29.522
42.815,29.336
42.632,29.861
39.260,28.931
41.502,27.266
40.771,28.903
41.486,30.746
41.943,29.692
39.825,29.100
41.772,27.946
41.300,28.712
41.387,27.691
40.574,29.259
36.766,26.194
29.573,25.701
32.850,24.626
35.571,24.778
36.311,24.551
36.507,25.180
34.792,26.190
34.464,25.980
31.473,25.988
33.753,25.500
36.102,24.860
37.629,25.455
37.949,27.019
37.941,26.313
37.036,26.472
33.981,26.300
36.667,25.991
36.754,26.340
37.066,25.506
30.829,25.188
29.096,25.059
28.163,24.522
31.312,23.755
28.029,23.799
31.683,23.867
33.797,23.843
33.245,24.385
32.551,24.850
26.833,24.074
28.690,23.536
31.137,23.868
28.584,24.225
28.648,24.242
29.759,24.471
31.352,24.317
28.326,24.174
26.830,23.656
29.568,23.434
31.115,23.683
31.123,24.390
30.992,24.717
29.318,24.181
30.519,24.098
31.667,23.763
31.176,24.275
31.627,24.188
30.246,24.263
29.487,24.171
30.280,23.462
29.786,23.237
31.813,23.471
30.397,23.134
31.165,22.910
34.071,22.633
32.056,23.655
34.601,24.036
32.657,25.178
32.839,25.325
29.819,24.419
29.254,23.946
29.824,23.676
30.759,22.897
29.931,23.871
29.553,23.560
29.294,24.290
30.411,24.175
31.655,24.102
30.077,24.324
26.991,23.950
27.820,22.755
27.030,22.904
28.089,22.803
28.590,23.574
29.482,22.639
32.349,21.902
32.510,20.047
32.696,20.322
31.887,20.259
32.030,19.871
31.995,17.661
31.608,19.633
31.892,19.735
32.313,20.230
31.924,18.543
32.530,19.530
33.685,21.740
33.723,17.741
33.344,20.688
33.696,20.017
33.487,16.979
33.536,18.190
34.966,19.060
35.703,18.224
35.696,20.417
34.517,19.675
33.601,20.019
34.542,17.537
35.126,19.210
32.644,17.717
31.773,16.558
30.772,20.330
32.769,21.016
35.390,19.400
35.457,21.141
35.296,20.885
32.517,20.984
33.223,22.212
32.228,22.867
34.131,22.250
35.556,19.661
34.363,19.585
33.514,19.223
33.261,18.329
33.389,19.160
33.888,17.025
34.892,18.496
34.224,18.797
34.131,18.176
33.811,19.006
32.319,19.354
31.610,17.500
31.090,16.612
30.755,16.154
31.322,15.539
31.998,15.686
32.041,14.543
31.281,16.310
30.470,17.196
33.084,22.397
31.052,22.644
32.559,21.367
30.307,21.360
29.914,21.088
31.231,20.274
32.569,20.177
30.528,20.849
28.475,19.825
30.016,19.201
30.251,19.473
28.963,17.473
26.813,17.039
21.268,17.910
17.632,15.585
19.383,15.227
25.575,17.875
27.481,17.766
27.202,17.092
27.531,16.353
27.996,16.562
27.516,15.523
27.342,14.649
27.644,15.623
25.739,12.597
26.430,13.454
26.480,14.239
26.534,13.599
25.049,11.657
25.121,11.440
25.482,12.318
24.282,12.358
23.769,9.706
23.653,7.174
24.217,7.068
24.723,9.584
25.045,9.522
26.120,8.833
26.601,8.682
26.153,8.416
25.433,10.514
24.791,9.679
26.464,6.777
26.868,7.812
24.921,6.758
25.571,9.809
25.328,10.271
26.220,10.560
27.891,12.177
24.596,13.092
26.946,15.490
25.093,15.186
22.706,8.873
22.570,8.091
22.127,7.035
21.389,6.598
22.737,7.545
23.831,6.685
23.660,5.814
24.240,5.675
25.126,5.560
24.069,8.130
22.758,6.582
24.521,5.853
26.103,7.669
27.591,7.978
27.181,9.540
24.826,9.589
22.220,6.992
24.648,4.522
26.475,7.709
24.882,9.721
25.699,8.036
26.921,7.943
28.580,8.871
28.003,11.450
26.971,12.924
26.003,12.002
25.169,9.864
25.164,10.055
26.578,11.370
27.134,10.773
27.286,11.438
27.085,12.464
27.862,12.139
29.409,12.036
30.807,10.522
30.904,11.158
31.734,10.986
31.431,11.346
30.173,13.506
29.281,15.263
29.230,13.237
29.350,12.666
31.163,12.550
32.742,13.099
32.459,13.554
30.970,15.253
29.020,13.522
26.821,12.355
26.416,12.477
26.836,12.224
28.370,11.755
28.347,11.968
27.256,13.345
29.409,12.420
31.522,12.137
30.618,13.335
29.613,13.932
29.665,14.170
29.873,14.671
31.195,15.002
32.914,15.199
32.982,16.084
33.554,17.074
33.043,15.891
33.085,16.275
34.146,16.250
35.395,17.026
36.018,17.627
33.350,17.923
31.902,16.170
31.659,15.434
33.303,14.946
36.775,13.918
37.683,16.103
38.426,17.958
39.559,17.078
39.719,16.902
39.440,18.222
37.218,18.254
36.435,17.089
36.722,15.962
36.143,15.419
36.135,15.632
37.248,15.501
37.939,18.510
38.936,18.354
38.677,16.545
38.587,17.573
37.854,17.302
38.504,17.972
37.257,16.868
37.526,16.855
37.963,16.763
35.712,18.505
35.686,20.380
37.119,16.812
37.772,17.318
39.772,20.792
39.017,18.854
39.856,20.779
39.712,21.963
39.554,22.077
39.994,20.635
38.387,24.039
39.942,24.030
42.104,25.176
41.050,23.959
40.602,22.967
38.739,24.182
39.206,21.777
40.858,21.928
39.778,23.058
40.115,22.358
41.413,22.899
42.304,22.747
42.825,21.748
43.371,21.539
45.387,24.269
45.784,25.425
43.240,24.790
41.573,25.245
41.380,28.121
40.616,25.281
40.280,24.758
38.374,24.106
40.428,24.690
40.251,24.047
42.829,22.869
41.986,24.665
42.345,24.766
41.615,24.717
42.385,24.875
42.111,24.931
41.846,25.365
42.462,25.021
42.746,24.907
43.262,26.892
43.824,28.616
44.466,27.524
42.708,27.284
41.776,26.516
40.979,26.905
41.013,27.592
41.135,27.835
42.314,27.528
41.823,26.740
42.464,27.474
43.149,27.447
42.966,26.767
42.913,26.537
41.890,27.065
41.290,27.063
40.680,27.523
40.706,27.917
44.427,26.499
41.767,29.240
45.014,28.737
47.849,29.757
46.001,29.539
44.259,28.178
41.450,28.168
43.017,28.921
43.165,27.681
43.043,26.745
41.984,27.722
41.268,27.387
39.433,27.030
38.953,27.284
38.821,27.053
37.772,26.489
38.561,26.212
38.633,27.452
38.059,27.284
37.686,25.988
34.986,25.884
26.488,24.634
36.115,24.866
37.439,25.350
29.479,25.471
29.278,24.966
29.399,24.830
32.310,24.161
32.774,24.176
33.923,24.255
33.035,24.312
34.190,24.283
35.493,24.554
29.101,24.523
36.190,24.028
32.368,24.249
27.587,24.007
29.376,23.658
31.167,23.983
35.731,23.876
33.826,25.122
29.673,24.846
25.590,24.249
28.280,24.187
31.812,24.786
30.903,24.592
32.779,24.609
30.748,24.170
30.579,23.949
31.811,24.400
25.397,23.894
30.044,23.614
27.905,24.079
31.223,23.506
31.214,24.377
31.787,24.619
29.102,24.809
29.801,24.138
30.079,24.177
28.399,23.923
30.495,24.031
24.827,24.093
28.755,23.486
31.101,24.123
31.766,24.544
30.170,24.442
27.117,23.699
28.921,24.088
25.460,23.375
26.234,23.555
25.450,23.252
28.624,23.019
27.209,23.938
26.135,23.616
25.693,23.477
29.481,22.834
28.811,22.932
30.872,23.439
30.619,23.905
31.211,23.286
30.215,23.438
31.762,24.858
31.294,24.265
31.626,23.499
31.475,23.495
29.463,23.400
30.674,22.626
30.167,23.880
29.172,24.427
30.434,24.280
29.881,24.856
30.426,23.646
29.602,23.375
26.449,23.857
25.205,22.982
26.109,23.312
26.659,23.172
27.470,21.167
28.050,22.970
28.255,23.215
27.021,23.512
27.158,23.490
28.658,23.456
30.642,22.539
30.111,21.284
28.644,22.867
28.752,23.217
27.564,21.836
28.117,22.105
28.894,21.789
29.677,19.609
29.495,19.780
31.578,20.163
30.789,19.739
29.771,20.461
29.151,19.707
31.139,18.383
31.204,19.263
31.969,18.599
31.898,18.334
31.831,19.377
31.449,18.044
30.984,18.348
30.727,16.344
32.287,15.576
33.375,19.439
33.401,20.601
34.698,20.236
32.742,20.535
34.140,20.206
34.269,20.493
33.987,17.915
32.238,18.645
35.618,18.804
35.469,19.929
33.846,19.610
33.630,20.333
34.217,19.375
33.714,15.292
33.122,14.218
32.769,16.401
33.012,16.618
33.852,13.979
34.035,15.022
33.520,16.302
32.559,17.399
33.074,17.130
32.855,15.748
32.056,15.152
31.079,13.725
31.966,13.576
32.371,14.417
32.043,14.705
33.457,15.888
27.484,19.642
33.756,17.116
34.478,16.562
33.798,17.132
33.845,17.138
33.156,14.353
33.036,15.761
34.076,16.231
32.827,18.556
31.848,18.632
32.174,16.398
32.574,13.837
32.524,14.213
32.523,15.627
32.597,13.758
32.873,13.964
31.719,14.549
32.363,15.380
30.875,13.490
29.756,14.305
29.480,14.836
28.624,14.874
29.061,14.573
29.409,15.224
29.892,17.810
30.170,17.487
30.518,15.862
30.177,12.550
29.846,14.246
31.477,14.658
32.201,16.851
31.366,15.822
31.148,13.887
30.748,12.693
31.017,13.433
29.351,14.393
27.510,13.994
25.833,9.257
26.198,9.284
26.455,9.389
26.983,9.561
27.839,11.252
27.104,11.449
27.253,10.233
27.333,9.150
27.063,9.424
26.961,8.560
26.582,10.981
26.671,12.100
26.219,11.503
26.915,11.265
26.922,9.418
26.534,10.006
26.550,10.059
26.021,10.370
24.835,9.766
24.826,9.606
25.584,11.410
24.954,12.984
23.085,10.723
23.904,9.247
25.899,8.654
26.894,9.544
25.012,10.016
24.846,10.100
24.062,8.580
23.479,8.220
22.292,7.552
23.020,7.228
23.525,7.352
24.467,4.689
24.981,4.884
27.630,7.064
27.486,10.425
24.799,11.011
22.862,7.870
22.586,7.660
21.904,6.168
23.729,7.282
25.112,7.982
26.212,9.692
26.242,9.859
26.828,9.627
25.686,11.690
25.677,10.786
25.246,10.868
24.136,10.648
25.340,10.475
25.686,10.362
26.064,9.605
27.263,9.040
28.539,9.145
29.170,11.111
26.533,14.836
28.008,11.532
26.987,11.707
23.213,6.143
23.300,5.399
25.589,7.392
27.774,8.593
29.803,9.973
30.777,10.600
28.852,12.279
28.386,12.538
25.749,11.687
27.392,11.824
28.905,12.555
31.513,13.641
33.857,11.675
34.631,12.710
33.078,12.969
32.936,11.694
31.019,13.022
31.544,12.183
31.758,13.811
33.884,13.137
33.206,13.421
31.504,10.169
31.351,10.026
32.383,10.757
33.648,13.099
36.417,14.600
35.549,16.222
32.772,14.154
32.048,10.832
31.422,9.762
29.494,8.320
30.177,11.867
32.655,12.514
33.294,13.180
31.209,14.573
33.957,14.821
36.040,13.723
38.064,16.915
38.404,15.494
38.714,15.736
40.257,15.827
39.877,16.174
36.237,16.214
36.843,15.391
39.243,16.651
40.389,15.900
38.682,15.708
38.992,15.938
39.459,20.615
41.672,18.905
40.143,21.855
39.669,21.007
41.880,19.895
41.957,20.146
41.921,22.120
42.441,23.553
41.443,20.809
40.211,21.014
40.863,21.774
41.028,20.609
41.823,20.038
41.777,21.895
41.849,22.199
40.390,21.638
39.740,22.731
38.881,21.184
38.655,21.263
39.182,20.209
39.518,21.534
40.661,21.970
39.725,21.686
40.322,23.009
29.231,22.490
37.036,18.216
37.784,22.107
38.344,20.048
37.664,20.440
40.815,21.180
40.048,23.451
39.432,23.639
40.398,21.903
40.550,21.830
40.282,21.321
39.919,19.286
40.740,19.750
41.729,20.158
41.321,23.229
40.627,23.603
41.298,24.190
41.515,25.065
40.303,25.526
42.315,25.959
38.495,26.318
41.696,25.638
40.012,25.696
39.578,26.078
40.269,25.872
41.597,24.464
41.525,25.322
41.771,25.389
43.319,25.595
42.691,25.445
43.355,25.880
43.152,26.455
43.129,26.946
43.640,26.532
43.781,27.605
43.498,27.749
42.192,25.478
42.738,26.051
43.604,26.645
44.031,26.727
43.847,27.437
43.704,27.374
42.211,27.128
41.694,27.842
40.559,27.329
40.944,27.323
41.819,27.549
40.868,26.717
39.133,26.247
39.740,26.191
39.888,27.686
41.003,27.647
39.980,26.498
44.684,27.053
44.896,26.569
39.968,26.663
38.669,27.301
39.892,26.708
40.300,27.632
41.233,28.299
41.120,28.488
40.691,27.951
40.559,27.344
40.533,27.752
39.880,27.989
40.035,27.675
39.972,26.377
39.192,27.648
39.302,26.674
41.392,26.656
42.399,27.585
41.351,27.971
40.611,29.405
46.281,26.881
43.708,27.823
43.306,26.068
27.077,25.325
34.307,25.051
35.711,25.137
34.435,25.127
32.289,25.404
29.013,25.155
28.114,24.214
30.407,24.567
26.872,24.780
27.156,24.901
31.256,24.820
30.955,24.462
32.385,23.838
33.102,24.687
28.988,25.768
31.017,24.813
34.684,25.623
34.958,25.254
31.165,25.409
28.848,24.149
31.287,24.153
31.097,24.470
34.067,24.781
29.954,24.955
28.165,24.055
30.732,23.534
24.819,23.413
26.781,22.636
24.640,23.529
26.395,21.245
31.491,22.616
32.737,24.040
34.489,23.738
31.459,24.278
29.965,23.963
30.190,24.153
32.663,23.962
30.349,24.057
29.119,23.278
29.129,23.142
25.464,22.812
25.379,22.829
25.245,22.451
25.712,21.697
29.784,22.334
32.244,22.663
30.317,24.124
26.633,23.679
28.328,23.629
27.176,22.917
27.218,23.409
25.468,22.961
29.401,22.328
30.408,22.418
30.722,22.971
31.207,22.650
33.161,22.988
31.928,24.561
30.364,24.237
31.875,24.125
32.902,23.729
30.188,23.813
30.859,23.107
28.581,22.985
24.492,23.305
26.732,22.560
29.064,22.386
30.058,22.302
29.998,22.972
25.142,22.353
28.325,22.191
25.665,22.849
29.455,23.247
29.524,22.238
28.536,21.605
28.919,20.888
29.900,19.643
30.982,19.942
31.926,20.012
30.604,21.417
29.308,19.851
30.015,21.509
29.724,20.240
30.085,16.792
30.795,19.383
32.785,18.081
32.272,19.535
32.839,19.448
33.327,19.546
33.964,20.798
34.836,19.368
31.515,21.420
34.245,18.551
33.849,18.183
33.453,19.393
33.578,19.379
34.282,19.735
34.084,16.820
32.513,16.318
32.715,16.321
33.410,16.161
34.079,16.503
33.598,17.416
33.661,18.475
33.308,16.090
33.279,15.208
33.498,17.429
33.009,16.656
33.444,18.601
32.591,16.804
33.274,16.061
32.006,16.909
31.843,16.078
31.411,14.134
30.881,14.788
32.393,14.715
31.311,12.495
31.405,15.012
31.157,16.661
30.369,16.853
30.188,17.032
29.796,14.651
29.852,14.097
29.621,12.678
29.879,11.737
30.546,11.329
30.541,10.754
31.180,12.532
30.986,11.970
30.888,12.671
30.694,13.195
32.164,18.729
30.540,15.726
30.246,14.314
29.282,12.235
29.152,11.440
30.153,10.535
29.863,13.044
28.514,14.175
28.401,12.736
28.721,12.999
29.231,11.386
29.635,12.730
29.680,14.101
29.920,13.782
29.371,13.878
29.772,11.741
29.469,10.304
27.440,14.318
26.856,12.532
28.566,13.019
29.391,14.172
29.486,14.337
29.704,14.631
30.470,15.146
31.597,14.314
31.513,14.242
30.015,12.999
29.073,10.334
27.955,11.811
27.258,12.266
26.890,9.984
27.444,11.333
27.948,13.774
28.963,14.029
27.630,14.210
28.345,11.614
27.108,12.898
25.642,9.860
26.345,9.691
27.382,10.855
27.082,11.080
26.753,10.551
26.093,9.485
25.480,8.886
26.452,8.317
26.608,7.592
25.570,10.037
25.947,10.637
25.776,11.120
26.420,9.530
24.321,8.600
23.620,7.082
24.852,6.896
23.367,7.213
22.736,6.984
22.491,6.532
23.329,6.403
24.915,7.205
26.067,9.024
27.720,7.524
29.637,8.275
30.642,10.696
27.602,11.608
30.051,9.426
28.267,13.456
29.360,11.914
24.247,8.405
22.555,7.147
23.150,6.879
23.260,6.442
24.166,8.519
25.639,8.368
25.453,9.639
25.198,9.631
25.373,8.861
26.690,9.128
27.062,8.133
28.012,10.328
27.786,11.420
28.905,14.320
29.678,14.099
30.658,14.959
30.550,14.586
28.576,17.470
27.035,13.794
25.877,10.351
25.328,10.444
25.419,9.025
27.681,9.553
30.532,11.690
31.876,13.737
31.844,15.546
31.761,15.016
32.449,15.419
29.136,16.403
24.645,13.519
26.752,9.025
28.235,11.436
29.531,13.206
29.053,12.777
31.483,13.163
33.287,13.900
31.536,15.918
29.035,13.316
30.135,13.033
33.465,13.361
31.685,12.748
31.316,13.430
31.747,13.296
33.768,12.935
35.320,14.395
34.259,12.675
35.170,12.730
36.430,14.928
36.745,13.998
36.970,15.969
36.558,14.619
35.846,17.172
34.753,14.849
35.522,14.518
35.709,13.144
33.695,15.271
34.187,17.930
35.364,18.886
34.255,16.387
35.363,14.808
36.614,18.004
36.711,16.428
36.342,15.356
35.629,17.319
36.285,16.644
35.520,17.918
35.895,16.814
36.927,18.115
35.846,20.503
34.611,18.267
33.750,16.261
35.574,17.634
36.185,18.628
37.478,19.796
38.214,18.680
35.806,15.783
37.031,18.697
39.189,18.078
39.172,19.226
40.012,20.739
39.274,17.996
38.910,18.110
37.872,21.588
37.408,19.150
37.888,18.295
40.048,20.417
39.780,19.667
40.834,19.267
39.767,20.940
39.558,20.973
38.452,21.295
37.931,20.703
36.952,22.470
36.908,22.333
37.728,22.442
37.242,23.115
41.433,25.039
40.910,25.747
40.645,24.264
44.301,24.981
44.068,24.855
42.602,23.513
42.561,26.123
42.608,24.919
41.864,22.794
41.403,21.150
41.713,24.866
41.402,24.868
42.008,23.694
43.173,23.986
42.599,24.968
41.939,23.491
40.077,24.548
39.568,24.427
39.839,24.992
44.547,23.657
42.926,24.177
44.781,25.413
44.346,25.305
44.335,27.160
44.195,26.180
45.316,25.656
44.737,27.311
43.750,27.952
42.754,26.648
43.411,26.825
42.483,27.123
41.204,27.410
40.647,27.036
41.409,27.809
41.641,28.836
42.024,27.002
42.847,26.109
43.314,27.285
43.494,27.655
45.949,28.176
42.980,28.154
43.125,30.679
43.930,28.526
43.554,27.263
39.847,26.258
38.672,27.076
35.496,26.726
32.558,25.990
37.162,25.229
35.217,26.084
39.037,25.170
37.813,26.512
41.103,27.427
40.885,27.223
36.060,26.748
34.984,25.110
38.739,24.161
38.566,25.898
37.496,26.109
38.525,26.466
38.345,26.489
37.892,26.129
39.415,26.952
31.355,26.554
36.309,25.710
37.643,26.247
35.289,26.387
37.713,26.472
37.580,26.629
38.199,26.551
35.528,27.581
36.888,27.043
32.479,25.104
33.929,24.881
28.493,25.023
33.479,24.504
30.221,24.865
31.542,24.328
27.136,24.509
29.449,24.462
26.769,23.924
30.561,23.391
24.762,23.622
30.775,23.421
32.297,24.951
29.931,25.094
29.035,24.928
32.124,24.095
31.791,24.294
29.578,24.643
30.274,24.038
33.886,24.373
31.954,25.359
31.252,24.415
29.285,24.291
28.103,23.835
25.352,23.640
28.519,22.763
30.625,22.438
29.337,24.140
30.991,24.340
25.760,22.967
29.547,23.264
29.944,23.366
29.979,23.805
27.071,23.411
26.721,23.681
28.350,23.456
26.567,23.692
27.941,23.399
28.282,23.851
27.824,24.123
26.902,23.931
27.356,23.173
29.550,23.342
29.132,23.286
29.442,23.607
29.995,22.856
30.060,22.744
24.436,22.700
24.831,22.051
30.012,22.912
29.797,24.233
30.197,24.001
28.743,23.505
30.160,23.108
29.926,22.049
29.648,22.193
31.725,22.341
30.275,22.250
30.398,22.603
29.001,22.807
30.241,23.555
30.344,21.854
30.420,21.649
30.606,21.595
31.326,20.782
31.246,21.177
32.313,19.389
32.812,20.494
34.208,20.851
33.218,21.576
34.380,22.127
35.253,22.188
35.912,21.413
35.896,22.076
34.832,22.717
35.256,21.052
35.895,19.944
35.657,20.556
26.602,23.261
30.257,23.285
30.467,23.731
29.106,22.387
23.639,22.059
26.986,21.674
29.464,21.463
26.598,21.878
25.022,21.405
27.449,21.250
29.422,20.969
30.628,22.577
27.301,22.036
29.619,20.949
29.120,19.572
30.547,20.832
31.570,20.801
29.691,21.848
28.788,21.794
30.357,21.711
31.791,20.761
31.237,20.131
30.694,20.058
31.707,20.106
32.477,17.994
32.024,18.260
32.531,17.375
33.745,19.017
33.193,17.918
32.583,17.573
32.207,16.216
31.599,14.406
31.005,14.753
29.041,16.925
29.962,18.795
30.057,18.594
30.960,15.241
31.440,15.328
31.052,14.870
30.131,14.644
29.466,14.087
29.960,13.173
30.810,15.849
30.846,16.278
30.459,14.958
30.046,14.439
30.282,15.501
28.971,15.153
28.738,14.801
28.754,16.823
27.415,15.323
27.268,12.665
28.292,12.752
28.671,13.849
27.424,13.760
26.234,13.131
26.650,11.055
26.401,11.974
27.227,11.715
27.832,10.065
28.647,10.368
29.458,10.067
28.246,12.010
28.182,13.137
28.605,11.281
29.264,10.997
29.154,11.528
29.190,10.987
28.872,12.651
28.075,14.369
28.318,12.256
29.288,9.590
29.496,10.405
28.665,13.929
28.637,14.129
27.954,12.537
27.678,10.522
27.943,8.809
28.620,9.241
26.673,10.240
26.510,9.822
27.471,9.508
26.890,9.375
26.107,9.619
27.645,9.375
27.541,8.164
26.987,9.303
26.160,9.702
27.015,9.300
26.974,10.214
24.434,9.999
23.661,8.559
24.267,9.242
23.661,10.407
24.727,11.337
26.047,11.085
25.919,11.514
26.188,14.584
23.415,9.468
23.490,9.304
23.549,10.963
24.414,10.583
23.032,12.155
23.559,10.785
22.136,12.200
26.799,11.716
25.432,10.106
23.803,9.823
23.986,9.458
26.965,9.386
26.366,10.149
24.012,8.931
21.444,9.699
22.078,8.054
24.763,8.060
26.802,11.213
24.888,10.471
23.704,9.380
24.767,9.529
23.144,7.508
22.864,8.688
25.884,9.746
15.947,14.272
22.881,13.743
23.705,11.656
24.768,12.082
24.491,11.723
25.203,10.830
26.116,10.773
25.756,9.374
26.862,9.242
26.682,8.869
26.624,9.783
26.718,11.238
27.862,11.899
28.737,11.823
28.225,13.346
29.712,12.779
30.598,13.765
29.275,13.672
27.187,10.451
24.793,9.470
25.026,7.918
24.422,9.194
25.556,9.919
26.100,10.855
25.310,11.196
24.068,12.986
24.716,8.817
25.060,10.381
27.027,7.334
28.471,8.920
30.639,11.878
24.737,17.858
29.017,13.426
26.838,13.806
27.693,12.668
31.563,14.759
31.230,14.183
30.238,13.390
28.329,11.471
26.624,12.297
27.639,12.155
27.840,10.750
30.582,11.626
29.965,12.463
31.989,13.987
32.153,16.388
33.378,16.108
31.341,14.362
31.972,15.776
32.699,16.148
33.232,15.144
33.615,16.289
35.365,16.488
35.456,16.364
37.315,17.690
36.670,17.300
35.506,17.756
36.906,17.145
35.841,16.309
34.977,15.733
36.104,16.640
36.863,17.707
37.038,17.509
35.559,18.464
36.501,18.395
38.375,20.426
37.998,18.016
38.196,16.332
37.908,18.097
37.416,18.841
38.174,18.362
37.573,18.442
39.857,18.742
39.474,19.620
40.424,19.286
38.675,19.282
38.388,20.346
37.530,19.616
37.647,19.063
37.864,15.436
38.923,16.615
40.280,17.586
39.856,18.769
40.131,20.010
40.631,22.866
41.911,20.307
40.557,21.238
39.759,21.398
37.704,20.179
40.121,22.596
38.660,20.836
40.514,23.446
39.643,22.064
40.389,22.786
41.308,22.991
42.836,23.870
43.023,26.348
43.533,24.617
42.986,24.145
43.492,24.511
42.066,23.363
41.137,23.587
40.139,23.450
39.065,23.040
38.953,24.208
40.858,24.731
44.839,26.587
43.067,27.038
41.419,25.772
39.780,23.910
39.319,24.591
39.140,24.171
38.470,23.875
39.282,25.186
38.788,25.192
36.600,24.635
39.726,24.100
41.195,25.747
42.002,26.088
42.642,27.184
44.204,25.691
43.589,25.953
42.545,27.551
44.314,26.493
43.778,25.678
46.767,27.380
46.517,28.077
44.749,27.618
44.289,28.562
43.684,28.576
43.461,27.739
44.141,27.569
46.830,26.866
47.511,28.522
45.377,28.016
45.604,29.201
46.355,28.479
46.136,28.955
44.750,29.853
43.773,28.267
42.822,27.978
42.313,28.068
40.532,26.477
39.065,26.676
37.223,26.735
39.178,26.356
40.561,26.194
40.124,26.185
38.839,26.435
39.311,26.716
40.236,27.271
40.328,27.537
39.567,27.548
40.142,27.671
40.844,27.540
39.483,27.149
39.392,27.315
40.152,27.966
39.890,28.170
39.407,27.053
39.165,26.616
38.758,26.576
37.275,26.992
35.755,26.704
38.237,26.688
39.728,27.378
40.724,27.563
40.490,28.443
39.803,27.814
38.396,27.917
38.860,26.930
40.784,27.095
40.077,27.861
32.572,26.004
35.356,25.824
37.431,25.678
35.695,26.639
35.660,26.139
35.744,26.087
29.635,24.837
34.081,24.834
34.629,24.768
35.555,25.045
28.773,24.305
24.325,22.099
23.457,22.316
28.200,23.359
30.565,23.678
29.086,24.399
28.124,23.827
31.930,22.588
28.269,24.395
