20000101
28.809,11.367
28.084,11.277
28.265,9.023
27.851,8.008
27.709,7.872
27.916,8.817
29.162,9.363
30.617,9.248
31.287,8.860
31.823,11.763
32.068,10.000
29.610,11.301
27.204,11.440
25.007,7.234
23.540,8.553
23.366,7.293
25.753,8.138
29.568,10.923
31.989,10.688
30.779,9.669
28.655,9.582
28.448,11.105
29.909,12.082
29.163,12.706
30.994,11.028
30.222,12.299
27.149,13.124
26.094,9.982
28.543,9.297
31.293,10.081
30.498,9.896
28.437,10.775
28.293,10.958
29.062,10.435
28.833,11.091
25.992,13.677
24.900,8.838
26.374,9.960
27.955,10.383
27.263,10.595
28.260,9.165
25.944,10.881
24.882,8.640
25.472,9.361
25.611,9.644
27.840,9.040
30.947,11.767
28.843,11.248
29.473,10.524
29.095,11.283
30.394,14.687
30.610,14.793
29.834,15.196
30.009,15.215
25.870,18.558
30.157,13.857
30.402,12.371
33.028,11.103
34.145,14.648
36.631,13.413
37.290,18.291
36.240,14.035
34.848,13.934
32.323,15.339
33.500,11.484
32.549,13.936
30.878,9.746
31.454,16.053
34.628,14.069
34.901,11.664
35.523,15.997
33.584,16.452
32.064,15.088
34.215,12.552
32.870,13.476
34.672,12.974
34.584,15.267
35.334,12.933
36.334,15.935
35.728,14.731
36.270,15.446
34.570,17.452
33.719,16.253
33.442,17.031
34.794,16.494
35.924,18.201
36.530,15.797
37.859,15.573
38.970,16.896
40.788,20.229
40.731,23.233
41.411,22.567
42.154,22.683
42.860,20.328
41.623,21.395
41.360,18.413
43.215,19.217
41.171,18.846
40.892,23.749
42.311,20.214
41.524,18.842
42.293,19.272
43.066,23.453
43.160,23.124
41.003,21.898
41.808,22.842
41.776,22.750
42.578,23.772
41.466,20.482
43.382,25.121
42.694,23.827
41.234,25.224
40.907,26.691
40.049,24.586
41.259,24.283
43.023,25.193
43.826,26.060
43.164,25.795
43.354,27.046
43.003,27.036
43.948,26.338
43.848,25.593
44.664,25.470
44.790,25.424
44.141,26.119
44.153,25.671
45.425,28.405
42.165,26.368
41.193,27.032
41.665,25.504
41.644,26.329
41.565,26.537
39.862,27.457
36.895,24.862
38.049,25.831
39.084,26.047
40.674,26.399
39.746,25.265
41.224,26.151
39.282,25.649
38.279,27.329
41.638,24.970
42.918,27.520
41.869,27.238
41.802,27.351
41.520,27.924
41.559,27.818
42.333,28.121
42.044,27.272
42.138,28.548
39.045,27.229
38.877,27.943
42.138,28.381
43.014,28.779
41.210,29.768
44.056,29.819
45.329,28.562
43.877,29.774
44.258,29.628
42.922,28.693
41.452,27.342
42.860,28.630
42.621,27.819
41.085,28.151
41.078,27.902
40.613,28.183
40.092,27.330
41.997,27.616
41.707,27.445
42.664,26.672
43.101,27.446
40.839,30.224
39.422,27.382
38.892,27.879
38.872,26.697
39.760,26.633
39.645,26.931
39.718,26.381
40.203,27.856
39.980,27.111
46.069,28.374
39.791,28.989
36.294,27.352
35.483,26.819
38.780,25.217
33.762,25.897
37.680,25.816
38.434,27.818
38.193,27.262
29.980,26.866
35.074,25.957
35.035,25.761
33.688,26.217
32.519,25.710
32.452,25.858
27.294,24.651
25.033,23.797
27.485,23.144
31.066,23.393
33.725,24.579
29.890,24.565
30.442,23.864
25.094,23.437
29.881,22.831
31.975,23.200
33.668,22.853
34.381,23.201
35.212,23.392
36.450,23.998
36.814,23.596
29.472,25.454
31.989,24.921
34.696,24.891
34.483,24.784
34.914,24.930
32.121,24.047
35.593,23.765
36.362,23.851
37.301,24.862
37.825,25.230
36.236,27.619
38.095,26.191
36.425,26.030
37.826,24.963
35.157,25.542
27.682,24.836
25.435,23.379
30.939,23.146
29.727,22.801
28.507,24.178
31.688,23.395
26.163,22.869
29.674,22.884
28.477,23.070
30.859,23.221
35.244,24.221
33.960,24.311
36.450,25.652
36.832,25.412
32.654,24.180
32.864,24.118
33.437,24.299
31.083,24.481
27.197,23.895
31.242,23.324
33.060,23.174
34.470,24.039
32.445,24.043
25.000,22.592
34.424,23.109
33.844,21.806
34.646,21.332
33.865,22.507
33.786,21.258
34.684,20.930
35.347,20.553
36.188,20.391
36.784,20.620
37.532,20.792
37.296,20.117
37.536,20.630
35.669,20.640
36.020,19.640
36.621,20.021
35.963,21.454
37.916,20.855
39.030,20.528
37.939,22.015
36.389,25.075
38.319,23.711
38.228,18.639
38.998,23.759
38.828,20.164
39.687,20.621
39.469,18.850
39.490,17.572
39.441,21.090
39.266,18.279
39.301,17.809
39.253,17.320
39.129,18.300
38.287,18.715
38.617,21.286
40.770,21.083
39.217,24.823
39.505,22.749
40.281,21.213
37.298,25.938
39.346,18.551
37.604,18.636
37.816,17.674
38.929,15.421
39.133,16.195
38.952,15.521
39.407,17.771
37.708,17.094
36.052,16.108
35.451,16.994
37.025,16.349
36.763,19.220
36.499,19.683
37.262,18.475
37.083,15.455
36.031,14.962
37.328,17.821
34.938,14.750
34.627,17.136
34.043,16.840
34.966,14.553
34.551,15.167
34.285,15.826
33.826,15.281
34.390,17.374
36.040,17.247
35.613,20.245
34.639,18.469
34.484,16.387
34.370,14.921
34.463,19.118
33.785,17.462
33.847,14.870
32.922,13.519
34.056,13.653
31.825,14.266
30.995,14.195
32.629,11.472
32.799,13.868
32.676,13.544
33.984,17.009
31.749,17.158
31.272,14.123
31.387,12.446
29.358,14.692
28.379,13.435
28.712,12.921
27.491,10.968
27.587,9.729
28.562,8.491
30.286,8.156
31.858,12.200
31.520,13.370
31.622,14.647
32.065,10.603
31.751,12.833
31.004,12.105
30.629,13.605
30.306,12.496
31.073,12.480
31.417,12.837
31.108,14.084
31.160,12.269
31.019,12.799
31.226,13.556
28.600,13.660
28.756,11.966
29.311,12.374
31.175,10.406
30.681,9.908
30.718,11.870
30.956,11.254
30.155,12.045
29.336,10.955
29.337,9.187
29.664,10.746
22.787,13.272
24.070,12.312
24.685,7.982
24.513,8.054
25.727,9.183
25.211,8.582
25.408,8.721
28.291,7.295
27.219,11.318
24.897,9.228
24.808,8.800
26.511,9.025
27.847,10.536
28.943,10.777
27.610,11.021
27.815,9.829
29.213,12.307
28.976,13.879
30.315,13.223
30.508,13.424
31.897,12.221
32.202,13.759
30.055,11.246
28.485,11.084
27.210,9.626
26.692,9.123
28.224,6.589
29.197,8.835
30.180,10.253
30.938,11.585
31.859,9.692
31.128,12.793
30.697,16.383
31.371,13.400
28.694,11.638
28.772,10.261
30.248,9.821
29.552,9.901
29.893,9.779
31.154,9.517
32.678,13.303
32.540,12.545
32.166,11.567
31.392,13.055
33.935,12.885
34.973,15.230
31.476,12.246
28.452,12.643
30.073,12.845
31.331,13.129
32.538,14.823
33.020,15.432
35.422,15.657
33.479,15.803
34.293,14.542
36.365,16.894
36.089,16.261
34.744,15.638
32.834,16.087
32.875,16.056
32.080,15.855
31.540,16.448
31.698,15.758
32.779,15.718
32.141,17.349
33.792,14.438
32.838,15.314
34.819,15.193
34.565,15.573
34.448,16.694
36.492,16.876
35.788,17.766
33.388,17.301
33.511,15.565
35.426,14.715
37.408,20.824
37.859,21.222
37.300,20.259
37.352,18.504
38.228,20.001
36.867,18.846
35.878,16.530
35.422,17.622
34.895,20.679
36.260,19.355
37.142,18.223
37.539,18.553
38.030,17.794
36.211,20.456
33.567,16.306
34.217,14.405
35.704,15.175
35.938,19.624
39.346,19.053
38.512,17.890
39.655,16.246
39.813,20.098
40.153,16.055
42.285,22.933
40.993,21.500
39.247,20.906
38.453,19.701
38.511,19.607
38.137,23.019
39.720,23.800
39.200,22.947
36.350,22.686
37.752,22.166
35.127,23.204
35.320,19.639
36.467,21.478
41.070,21.350
39.574,20.364
41.765,23.139
42.955,20.820
45.075,24.070
43.842,26.012
43.769,23.918
42.842,24.718
42.527,24.717
44.042,23.687
44.006,24.539
45.170,25.866
44.217,25.926
44.719,26.456
44.569,25.927
44.931,26.162
44.397,26.157
43.485,26.371
41.692,24.998
41.219,25.440
42.887,27.008
42.632,26.097
43.505,25.864
43.122,26.027
41.740,25.773
41.369,25.798
41.609,26.630
40.821,26.651
39.911,26.198
39.210,25.355
39.870,26.942
40.911,27.208
41.237,28.394
47.188,28.641
44.695,29.071
42.775,27.997
41.963,27.248
40.821,27.037
39.296,27.798
39.212,25.300
36.336,25.376
37.752,26.690
36.102,26.340
37.236,26.352
36.645,26.205
38.097,25.350
38.638,26.103
37.324,26.510
40.979,27.005
41.138,26.780
40.376,27.534
38.938,27.788
38.870,26.611
36.846,26.793
38.495,25.676
34.332,26.624
33.468,25.647
30.291,23.742
31.266,23.290
36.323,24.796
37.886,25.394
37.732,25.713
37.960,25.601
38.156,25.413
39.256,25.955
39.858,27.507
38.848,27.027
39.112,27.005
39.532,26.527
38.935,26.624
37.296,27.092
34.423,27.300
30.089,26.424
31.830,24.929
31.544,24.301
25.547,24.058
28.919,24.281
33.908,23.852
36.716,24.282
33.362,25.839
33.653,25.583
32.094,24.920
25.480,24.099
29.157,23.993
29.403,23.964
32.011,24.130
27.449,24.560
27.394,24.584
26.807,24.021
28.595,24.230
33.361,24.106
30.291,24.681
28.563,24.642
31.297,24.170
30.877,24.476
32.087,24.124
31.502,24.091
30.894,24.304
33.034,24.009
33.141,24.811
29.655,24.178
31.225,24.066
33.234,24.591
34.285,24.233
35.405,24.477
34.488,22.940
37.019,24.029
35.999,24.574
34.024,24.046
33.574,24.722
34.617,24.927
34.713,24.453
32.329,24.889
31.989,24.976
32.025,24.939
30.086,24.515
31.807,24.813
34.539,24.417
28.288,24.967
24.847,23.107
25.933,23.354
32.204,21.760
31.825,23.625
32.675,23.376
28.166,23.396
31.612,23.039
33.070,23.970
33.337,24.191
33.722,22.508
33.889,22.116
33.516,22.409
32.334,22.247
29.433,21.715
34.143,21.366
35.730,22.798
35.522,22.869
36.033,22.656
36.379,23.429
35.205,23.700
34.964,22.582
34.019,24.138
34.630,21.618
35.466,22.722
35.136,21.335
35.575,21.334
36.197,21.323
36.384,21.878
35.337,21.252
37.505,20.932
38.691,20.130
38.111,22.667
38.998,20.602
37.903,22.776
35.311,23.547
37.926,22.930
40.700,24.127
36.802,23.734
38.337,22.714
40.107,26.072
39.386,18.986
38.923,21.676
40.474,17.821
40.440,22.645
39.098,20.387
38.135,24.092
35.603,23.733
35.795,23.895
37.283,21.865
39.273,22.345
38.894,21.143
38.003,21.567
38.905,21.061
38.072,22.462
36.323,22.824
32.787,23.023
26.318,23.770
35.851,19.636
36.063,21.489
37.307,24.784
38.512,20.691
36.407,19.681
36.172,14.588
36.872,14.200
37.317,14.878
36.330,16.790
36.313,17.363
36.673,19.088
37.117,18.921
37.887,15.617
37.344,15.824
39.080,17.122
39.143,20.643
36.671,18.217
37.243,15.751
36.070,15.726
37.191,17.619
36.748,17.385
36.499,18.956
35.499,16.234
34.271,17.669
35.361,15.557
35.805,19.161
32.835,18.378
31.553,16.297
31.671,13.675
32.298,13.825
32.031,14.930
32.641,15.337
32.699,14.024
32.263,12.027
33.965,13.702
33.843,17.030
34.190,17.611
33.550,16.490
33.898,14.043
33.079,13.018
31.961,12.573
31.696,11.559
30.453,11.794
30.376,11.594
28.991,11.022
28.347,10.511
28.372,11.129
28.419,10.717
29.500,10.278
30.300,11.000
30.436,12.969
30.676,12.962
30.941,11.646
30.618,12.844
31.416,13.711
32.230,13.277
33.164,14.053
32.881,16.614
32.287,12.807
32.408,13.903
30.509,14.203
29.814,14.747
29.401,13.688
30.136,11.447
30.389,13.668
30.265,13.876
30.657,13.083
30.246,15.539
28.245,13.725
27.361,11.950
26.747,10.204
26.758,9.287
27.456,9.158
28.456,9.908
29.280,11.094
29.830,12.875
27.800,12.640
28.127,11.999
28.237,11.293
27.457,10.903
27.653,10.084
27.314,9.644
26.766,9.532
26.361,9.835
25.992,10.066
27.180,10.794
27.160,11.323
26.692,11.182
26.100,10.346
28.120,10.120
29.221,11.916
31.129,11.136
32.116,10.611
30.899,12.629
30.447,13.932
27.552,13.601
26.404,10.526
21.944,13.063
24.313,8.545
24.412,9.513
24.647,8.885
25.787,9.038
26.785,9.658
27.160,9.543
27.271,8.655
25.943,13.525
23.853,10.349
22.890,7.900
23.915,7.910
23.850,7.674
25.789,8.359
29.144,8.911
28.588,10.992
27.744,12.099
29.131,11.447
31.842,12.320
29.312,15.263
26.774,11.026
25.302,8.294
25.627,8.917
21.601,10.088
24.124,13.456
27.344,10.089
28.588,11.517
30.600,11.942
31.922,13.426
33.420,13.872
32.669,18.019
33.730,16.819
33.629,18.744
33.378,17.134
33.595,17.533
34.979,15.042
33.660,16.306
33.250,14.896
31.296,15.918
32.603,15.398
33.788,14.737
34.576,16.671
37.208,18.249
33.544,18.949
30.405,15.581
33.623,15.320
33.493,15.387
35.016,16.880
34.022,16.661
33.299,14.562
32.863,17.579
35.492,18.786
35.519,20.406
31.643,20.487
33.750,18.624
28.182,20.480
33.793,15.201
35.584,17.191
38.478,17.863
38.270,19.463
38.988,19.715
38.800,17.976
37.371,21.650
37.449,18.579
38.806,17.330
37.723,20.222
36.116,17.449
37.044,16.875
37.003,20.268
37.788,20.894
38.427,19.928
39.551,17.272
40.593,21.450
41.513,21.444
40.620,20.058
39.481,16.606
39.997,17.567
41.276,20.107
41.465,24.232
36.347,23.583
33.150,20.140
38.481,19.742
41.057,20.985
39.209,21.237
41.106,22.283
41.056,22.083
40.996,24.412
39.015,22.155
39.601,21.729
40.572,22.267
41.141,23.767
42.925,23.602
40.475,28.891
41.288,22.900
42.089,23.197
41.489,24.393
41.022,25.295
40.208,22.681
41.951,17.825
43.583,19.844
44.494,25.824
44.386,21.558
44.421,22.751
44.473,25.024
45.982,25.395
45.995,28.357
47.638,26.115
47.265,28.688
45.361,27.939
44.037,24.884
43.108,24.428
44.115,26.057
43.717,29.815
44.046,29.227
43.596,27.111
44.332,27.970
44.486,28.842
44.231,28.799
44.674,28.639
44.138,32.009
44.500,29.389
41.869,27.034
41.922,26.493
42.504,26.767
43.625,28.249
43.920,27.868
43.557,27.936
43.048,28.567
41.529,27.057
40.971,25.697
41.511,26.823
41.335,27.887
40.315,28.306
42.640,28.499
41.830,30.162
41.743,27.625
43.686,27.996
42.642,28.064
43.289,28.337
42.273,27.474
42.718,29.159
43.654,28.424
44.134,29.503
45.176,29.860
43.379,32.497
45.784,31.980
44.541,28.855
43.191,31.589
42.167,29.305
42.416,29.182
39.600,27.986
38.819,27.712
39.875,28.570
40.407,27.871
38.693,27.864
40.350,27.810
42.494,27.454
42.664,29.376
40.625,29.531
37.832,30.253
37.261,27.417
33.584,27.063
28.497,24.896
29.311,24.294
36.449,25.337
37.608,25.492
36.620,25.899
36.657,26.572
39.587,26.486
38.605,26.858
38.989,26.634
39.676,26.638
39.303,26.704
36.252,26.829
37.052,26.044
41.341,26.605
38.994,27.167
37.841,27.126
33.818,26.678
33.071,25.513
38.429,24.654
35.617,26.448
35.064,25.841
32.433,25.419
32.958,24.684
28.251,25.476
28.520,25.541
30.079,25.734
28.355,25.696
30.730,25.053
34.255,24.563
37.958,24.203
39.028,25.370
39.500,25.421
40.320,24.607
40.208,25.963
40.492,26.960
39.559,28.146
35.722,26.727
28.324,24.193
30.954,23.494
31.679,23.644
25.603,23.880
32.972,23.519
32.167,24.315
32.445,24.087
26.499,24.389
25.406,23.888
26.019,23.997
27.710,24.526
29.265,23.542
34.153,23.020
34.100,23.992
34.802,23.892
36.005,24.163
30.339,23.858
35.656,22.985
34.946,23.331
31.940,24.100
29.310,23.831
28.897,22.750
28.131,22.563
33.537,21.849
34.397,22.571
27.954,23.295
30.673,22.189
32.922,23.336
36.084,24.284
33.057,24.427
33.107,24.569
34.609,24.120
34.934,24.585
33.663,21.780
34.898,22.166
34.652,23.256
36.044,20.352
33.763,21.121
37.105,21.558
36.672,22.143
35.801,19.212
35.601,19.919
34.527,21.413
33.419,20.379
34.880,20.077
35.423,19.698
36.995,20.011
39.153,20.848
38.758,21.564
39.146,23.159
37.672,25.422
35.210,20.381
37.988,20.101
37.399,22.824
39.001,22.258
37.652,23.576
41.005,22.338
39.407,20.006
39.839,21.961
39.026,20.657
39.876,20.291
39.599,20.459
39.725,21.099
39.805,18.235
39.497,20.447
39.341,17.946
38.283,18.365
37.996,18.527
38.227,24.969
38.078,19.970
38.384,17.911
36.873,19.454
36.797,20.370
36.946,18.892
38.334,16.986
37.577,17.534
37.205,18.562
37.161,18.855
36.746,19.032
35.452,16.849
36.623,18.747
37.154,17.000
36.621,17.196
36.350,13.564
35.911,12.811
36.169,14.564
35.585,15.883
37.189,17.831
36.068,19.327
37.025,18.706
35.609,15.392
35.265,14.063
34.948,14.116
33.899,17.904
34.420,14.749
33.245,17.757
32.921,16.359
33.649,17.853
33.564,15.811
31.643,18.165
31.618,15.924
31.922,17.525
32.521,15.799
34.466,16.018
33.476,13.303
34.083,16.375
33.404,16.155
33.828,15.774
34.270,16.851
33.971,15.367
32.662,13.772
32.929,13.495
34.136,16.310
33.935,16.334
33.892,14.751
31.992,13.983
32.784,14.726
32.456,14.994
30.760,14.988
30.714,14.220
31.509,13.675
31.143,9.843
30.440,14.104
30.590,14.498
31.709,15.565
32.575,18.128
31.821,15.633
30.726,14.021
31.060,11.617
31.890,13.532
32.429,14.350
32.852,14.138
33.084,14.350
33.840,14.458
33.385,13.070
32.532,13.478
31.165,14.505
30.971,14.808
30.449,13.666
29.739,14.288
30.738,12.579
29.149,12.968
26.263,12.481
27.182,11.430
28.544,12.723
25.956,11.206
27.244,10.346
26.935,9.778
24.458,11.206
22.819,7.617
22.912,7.610
24.550,9.660
24.855,10.820
27.041,9.715
29.904,10.164
28.920,14.452
26.686,10.272
28.286,11.753
28.491,16.560
28.259,12.346
29.359,13.461
28.431,13.450
27.904,9.835
29.128,9.661
28.511,10.256
27.884,9.065
28.333,9.810
28.179,10.241
29.158,12.486
29.933,12.919
30.685,13.353
31.233,12.931
31.494,13.198
32.304,13.918
32.725,14.864
33.200,14.119
30.627,14.995
28.962,13.650
30.278,11.214
29.656,16.892
27.220,12.465
27.519,13.477
27.660,13.006
27.341,12.669
29.262,12.297
31.002,12.433
32.863,12.931
29.778,13.734
29.928,13.280
30.002,13.909
30.059,14.844
30.013,13.472
31.011,12.480
31.207,14.500
32.861,14.472
33.948,13.946
31.638,18.428
25.128,18.726
27.925,15.115
29.218,14.146
30.752,14.285
32.123,15.650
33.794,16.838
34.599,16.890
33.095,18.213
34.310,17.449
35.986,17.725
35.692,19.161
36.450,19.600
34.802,19.578
31.211,15.506
28.625,9.044
29.521,10.785
33.697,13.462
34.303,14.801
33.865,14.611
35.857,15.275
35.387,17.180
33.421,17.690
33.587,16.443
35.631,16.464
36.437,18.682
36.549,16.220
35.585,15.833
34.354,18.467
36.159,17.859
36.100,19.645
37.105,19.536
38.087,20.313
38.838,16.881
39.101,20.640
38.921,21.852
39.776,23.775
41.649,24.640
39.052,23.297
39.408,20.693
38.526,20.841
37.955,21.701
39.578,19.126
40.057,22.913
40.641,19.415
40.312,20.960
39.024,22.219
37.963,21.125
38.616,23.937
41.738,23.465
39.162,19.151
40.631,18.016
40.262,21.605
41.180,24.027
38.837,26.656
39.385,22.555
38.033,20.803
39.318,22.237
39.489,21.837
40.614,25.943
40.497,25.427
37.745,25.339
38.435,20.734
41.090,21.176
44.489,24.283
43.194,25.190
42.224,23.389
41.436,22.821
41.979,23.701
42.368,21.911
42.510,20.111
45.131,24.234
45.063,25.541
44.441,26.939
41.671,24.454
39.637,24.395
39.932,19.569
40.562,21.659
40.671,22.670
40.807,22.501
41.582,19.673
44.158,21.342
45.791,23.020
44.312,28.254
44.486,29.058
44.613,27.447
44.510,27.108
47.902,24.056
44.922,27.179
44.209,28.845
42.833,29.396
42.114,27.024
42.247,26.772
42.483,27.170
40.409,25.988
41.088,26.757
43.138,27.298
41.492,27.648
39.885,25.228
38.441,27.724
42.050,26.109
41.813,28.587
43.617,27.901
43.471,27.415
42.746,27.074
43.175,29.229
43.984,29.209
44.831,28.757
43.305,27.616
42.940,28.098
42.148,28.419
42.170,28.315
43.407,28.301
42.720,28.512
42.475,27.867
43.059,29.177
42.343,28.682
42.204,28.087
44.795,29.089
40.112,28.186
35.069,26.779
29.956,25.753
32.251,24.771
31.005,24.924
38.483,25.508
40.697,27.030
38.820,27.064
38.171,28.009
34.648,27.049
35.405,26.442
37.942,26.360
37.269,25.768
38.232,25.899
37.993,25.938
38.523,26.694
40.598,27.091
38.304,27.042
36.185,26.921
29.134,26.292
32.448,25.485
33.144,25.491
34.285,25.167
32.124,25.370
33.422,24.816
30.360,25.207
34.702,24.979
34.954,25.234
37.189,25.576
33.845,25.592
29.911,25.370
34.917,25.168
35.710,25.400
35.724,25.454
31.930,25.742
31.005,25.560
30.084,24.828
32.944,25.315
27.084,24.735
28.426,24.056
29.106,23.910
32.627,24.178
26.724,24.614
26.909,23.736
29.086,23.867
29.851,24.363
29.784,24.233
30.795,23.582
29.695,23.217
29.921,23.440
30.541,23.953
34.341,23.892
35.019,24.245
32.618,25.459
31.768,24.944
30.943,24.631
27.374,24.464
33.315,23.903
32.078,24.259
33.184,24.197
33.002,24.289
32.134,24.582
34.388,25.007
33.133,23.956
32.527,23.635
35.257,23.561
35.348,23.785
37.728,24.593
36.897,25.617
31.442,25.275
27.790,24.033
26.164,23.163
28.939,23.451
31.245,24.062
32.725,23.059
25.436,23.289
29.754,23.645
26.467,23.469
30.187,23.166
29.683,23.853
32.599,24.067
31.877,23.302
32.771,21.314
27.149,22.719
31.647,21.597
34.417,23.449
35.240,23.453
32.712,23.588
34.053,21.069
34.011,22.148
33.757,20.899
32.686,22.129
34.334,23.036
30.399,21.981
34.158,23.594
35.433,23.479
36.078,23.304
36.597,22.193
38.161,22.657
32.821,22.868
33.418,24.129
33.289,22.112
35.825,23.791
35.673,21.606
35.314,22.845
36.910,19.648
36.695,22.720
35.513,20.581
38.105,22.245
35.501,22.381
37.256,18.188
36.153,15.654
33.708,16.869
35.248,19.882
35.173,21.804
36.893,22.633
37.539,20.817
35.602,19.202
35.679,17.896
36.473,17.861
35.782,17.294
35.975,15.893
35.618,16.263
36.027,16.280
36.102,16.161
36.336,16.127
35.809,19.096
34.766,14.186
34.733,14.062
34.777,13.523
34.031,13.794
36.298,13.065
33.827,13.888
34.524,14.502
33.511,16.500
33.777,18.076
33.443,17.576
33.671,17.250
34.292,16.244
34.053,18.326
34.617,18.326
33.782,16.856
34.553,18.557
34.495,22.225
33.773,17.889
33.766,16.900
33.726,19.299
34.810,18.565
33.294,15.695
32.396,14.690
31.826,14.234
30.877,13.684
31.553,15.151
32.290,13.307
32.236,17.328
33.132,16.794
30.980,16.302
31.591,15.437
31.655,15.182
32.382,16.226
32.273,12.238
32.485,15.964
32.925,18.589
31.410,17.048
32.361,16.137
31.663,14.111
31.649,15.220
30.693,14.463
31.395,14.441
31.705,12.005
31.149,13.573
31.409,12.033
31.939,13.068
31.992,15.107
32.341,13.929
32.950,13.980
32.267,16.020
30.215,15.904
30.833,14.895
31.022,14.375
31.665,13.718
30.697,15.248
29.845,16.140
25.920,13.430
25.382,10.895
26.287,11.023
26.491,11.108
27.177,11.878
26.894,11.494
27.283,11.736
27.599,10.456
26.567,11.193
26.401,10.664
27.767,11.383
25.280,8.769
23.708,9.292
24.790,8.515
26.064,8.898
28.085,9.894
27.616,7.524
26.522,10.466
27.171,10.398
26.597,11.455
26.110,12.565
24.922,11.715
22.743,11.681
26.533,11.510
26.862,10.839
28.334,9.247
29.164,10.475
30.267,10.204
31.073,10.780
30.762,13.257
31.289,13.234
32.710,13.194
29.955,13.281
27.634,11.031
27.236,10.096
28.753,12.124
27.162,16.195
25.734,10.444
23.275,10.112
24.473,9.283
25.324,9.945
25.607,10.190
25.742,10.331
26.517,9.726
28.039,11.304
25.882,11.203
25.404,14.264
22.960,8.985
23.949,8.589
26.568,8.516
29.761,8.543
27.756,9.451
27.603,10.124
28.837,7.904
30.566,9.145
30.848,9.300
29.379,14.039
29.283,10.686
31.225,12.936
31.791,14.372
31.897,15.513
32.061,14.267
33.096,13.376
33.773,13.461
32.373,13.859
34.081,13.645
32.762,15.922
33.805,13.970
34.729,16.422
34.977,16.666
35.701,16.805
36.811,16.604
36.496,19.103
35.131,16.552
35.647,16.052
35.490,14.375
34.634,18.097
36.442,17.014
36.022,16.946
36.995,18.333
36.753,19.204
37.168,18.502
37.750,17.603
37.969,15.560
37.430,17.803
38.485,14.785
38.360,19.936
40.671,17.299
40.229,18.602
39.975,21.953
41.082,20.693
41.834,20.090
41.684,22.019
41.785,23.197
40.574,20.341
40.013,17.907
40.210,19.286
40.913,18.939
40.438,20.923
37.969,20.309
36.596,16.973
34.977,14.860
38.141,14.753
40.017,19.786
39.445,18.195
39.854,18.598
38.745,17.871
38.912,20.243
39.262,19.063
39.145,20.857
39.982,22.023
40.096,23.586
39.787,19.048
39.837,19.577
39.767,22.408
39.769,21.856
39.836,19.675
41.763,20.595
41.441,22.192
42.098,21.766
41.856,23.788
41.686,23.939
41.380,21.877
38.928,22.980
38.637,22.404
38.211,20.841
40.948,22.294
42.045,21.744
41.557,22.308
41.204,22.490
41.588,23.552
42.587,21.286
42.883,21.463
43.671,23.457
42.512,24.409
41.398,24.204
40.129,24.793
41.267,21.564
41.194,22.063
43.252,22.950
44.259,25.317
44.932,26.275
44.441,22.476
42.173,29.856
40.203,31.649
38.565,29.143
39.885,26.786
39.093,27.140
38.221,27.176
33.831,26.995
37.844,26.377
40.573,27.433
41.721,27.080
42.673,28.481
44.023,28.578
42.871,27.618
42.276,26.903
41.775,26.811
42.062,27.154
41.532,26.840
41.305,26.969
41.498,26.862
40.801,26.190
42.743,26.977
42.180,25.833
43.973,26.886
43.862,26.082
43.477,27.396
44.103,28.299
43.462,28.668
42.952,27.936
42.810,28.018
43.090,27.846
43.256,27.387
41.873,27.319
39.559,29.629
40.145,29.126
40.420,26.912
40.620,26.852
44.158,29.447
40.374,28.344
43.692,27.656
35.967,28.922
34.255,28.346
36.247,26.757
31.948,25.979
38.508,25.024
38.561,26.176
39.350,26.430
39.216,26.575
38.751,26.485
36.249,26.640
36.915,26.167
36.259,26.529
37.230,25.282
34.522,25.481
34.560,24.861
36.453,25.125
38.075,25.630
35.084,25.765
40.763,26.539
35.187,26.591
39.860,28.045
35.226,26.762
35.062,25.835
34.364,25.672
34.087,25.414
36.593,24.533
35.745,24.743
37.828,25.421
38.149,24.915
39.107,25.827
38.810,26.779
40.165,26.811
39.673,27.069
36.352,25.997
36.552,25.146
35.747,25.332
38.890,25.042
38.118,25.716
39.547,24.514
44.095,25.536
41.702,27.053
34.702,27.039
31.667,25.702
36.903,26.238
34.213,26.846
35.399,25.657
35.266,25.549
34.199,24.264
32.768,24.668
33.786,24.960
35.524,26.770
34.107,26.872
33.875,25.858
29.046,24.500
25.558,23.438
29.591,23.946
30.292,23.479
27.099,24.214
29.181,23.695
31.158,22.020
26.196,23.956
35.068,23.516
27.751,23.253
30.024,22.684
29.542,22.985
31.428,23.661
30.935,23.566
32.857,23.408
32.506,23.760
30.039,23.823
32.019,23.467
33.752,23.222
33.280,22.753
32.896,22.173
32.933,21.835
33.521,21.782
34.111,21.477
33.914,21.592
34.813,21.095
37.143,20.977
34.692,22.217
32.962,23.672
34.977,21.226
40.378,22.287
41.435,23.396
38.539,22.564
36.164,22.212
34.764,22.259
35.966,21.722
34.661,20.474
35.634,20.514
35.112,21.125
33.844,20.837
33.279,20.719
35.026,21.590
37.005,22.419
35.512,23.136
38.887,21.586
37.388,23.666
36.723,21.667
36.733,23.955
37.834,23.928
36.028,22.078
33.191,23.322
36.990,22.346
38.345,23.405
39.239,26.004
33.514,23.438
35.035,23.610
30.285,22.994
31.459,20.762
32.112,22.537
31.138,23.037
37.041,22.264
34.702,21.370
34.654,23.298
33.880,21.887
32.174,21.629
33.345,20.412
34.463,16.764
34.291,18.558
35.111,18.311
33.117,15.960
32.568,15.612
33.827,14.235
34.469,14.690
34.056,14.904
33.170,15.401
35.120,15.164
34.186,15.097
33.772,14.863
33.734,14.506
33.818,18.244
32.905,16.564
34.790,14.325
34.233,18.091
32.405,18.448
32.960,16.184
31.543,15.321
32.128,17.025
32.774,17.859
32.174,17.822
31.306,16.492
30.967,15.442
30.323,16.147
31.202,19.228
31.926,16.519
32.073,15.508
32.741,17.145
32.841,18.220
32.399,16.282
34.116,16.065
32.717,15.277
34.466,15.004
33.230,17.121
33.934,16.481
34.100,20.989
33.192,18.638
32.809,17.348
33.811,14.720
32.916,13.765
32.271,13.695
31.915,16.673
31.281,15.949
31.103,15.263
32.022,16.629
30.629,16.519
30.394,14.687
29.833,10.967
28.251,11.953
29.077,15.207
29.878,13.528
29.320,14.267
29.963,14.162
30.326,14.935
30.091,14.956
30.735,14.929
31.675,15.732
31.732,13.742
30.676,15.001
29.648,14.927
30.334,14.037
30.779,12.577
31.031,14.392
31.814,12.817
31.058,13.830
30.804,11.931
29.473,10.450
27.805,13.783
27.413,13.165
28.284,12.461
27.003,10.048
25.924,12.320
26.702,13.254
25.068,10.613
27.405,10.399
29.579,13.099
29.437,14.018
29.740,15.882
26.379,18.252
24.721,7.620
25.492,8.036
25.774,10.172
26.429,9.869
29.024,11.782
27.252,11.554
26.706,10.357
27.926,10.904
28.249,10.097
26.619,11.124
25.109,10.112
26.188,9.745
27.160,8.907
28.110,10.416
27.958,11.495
26.110,11.242
25.350,8.856
22.732,8.644
24.072,8.825
25.158,8.442
25.161,10.109
27.084,7.921
25.669,10.199
26.719,10.103
26.075,11.877
26.550,9.503
23.612,11.851
26.501,10.917
25.392,10.594
25.022,10.927
26.087,12.345
25.547,10.084
25.818,8.686
27.664,9.094
28.211,9.043
28.731,12.408
30.660,12.266
29.317,12.497
30.429,13.394
32.748,15.512
34.538,17.017
32.877,16.010
33.172,14.182
31.734,17.860
34.081,16.793
32.606,16.258
30.125,16.185
26.948,12.982
26.367,6.934
24.709,5.321
24.035,6.585
25.193,9.513
26.499,9.367
28.843,9.608
31.366,11.378
32.111,14.727
33.603,15.219
35.636,16.323
35.944,18.377
35.705,17.404
35.574,20.933
36.156,18.792
34.984,20.528
33.777,15.759
34.609,18.114
32.453,19.501
31.880,15.503
30.976,17.974
30.562,13.936
31.724,15.360
33.330,16.154
34.807,16.439
36.509,14.339
38.122,17.302
38.814,16.984
39.373,19.216
38.787,17.439
38.419,17.802
37.809,19.252
37.062,18.932
33.836,18.366
34.682,13.985
34.000,16.708
35.770,17.047
38.145,20.377
36.666,18.763
37.308,16.707
37.323,16.812
35.660,20.052
35.643,19.523
37.184,18.865
40.490,18.607
41.077,19.300
41.200,20.169
40.903,18.321
41.367,17.800
39.184,19.894
36.793,17.602
36.230,14.355
35.306,14.835
35.018,17.164
38.165,17.900
39.190,18.944
40.217,17.379
40.068,18.751
39.296,19.243
41.829,19.818
40.383,20.063
42.871,20.754
44.673,23.252
43.041,26.913
40.521,24.109
39.745,26.534
40.527,22.078
39.426,21.384
40.257,25.771
40.365,22.536
39.629,22.195
37.415,22.603
36.853,22.814
37.701,24.804
39.191,23.867
36.748,22.657
36.381,23.901
36.807,23.436
38.244,25.251
40.603,27.081
40.200,25.584
39.605,23.662
40.597,23.219
38.891,20.933
40.401,22.170
41.359,22.679
42.012,23.569
42.561,24.286
43.548,25.408
41.564,26.644
42.042,25.091
44.091,28.425
44.831,29.306
44.232,27.348
42.327,27.276
42.096,27.405
42.641,27.755
42.917,28.321
41.451,26.067
40.622,26.049
42.127,27.323
40.860,27.050
41.389,27.460
43.462,26.428
43.478,27.458
43.104,29.627
42.696,26.920
42.663,27.960
43.994,27.602
43.709,27.955
41.690,26.605
41.583,27.673
43.340,28.567
43.937,27.259
43.937,28.696
42.416,28.039
38.999,28.489
41.090,26.276
40.954,27.999
41.647,28.887
40.799,28.982
41.948,27.604
40.521,30.535
40.290,29.244
40.395,28.466
39.095,27.454
39.536,26.689
39.165,26.432
37.258,26.887
36.949,26.851
38.019,26.090
40.017,26.470
37.155,26.195
37.005,25.842
34.689,25.924
33.032,25.783
32.259,25.357
33.431,25.468
33.596,25.362
36.044,25.363
31.012,25.888
36.362,25.916
35.474,26.135
31.268,25.602
36.372,25.221
28.422,25.503
35.148,24.926
34.426,25.229
34.320,25.801
28.291,25.618
27.860,25.471
34.939,24.515
37.054,25.589
37.397,25.382
37.089,25.369
37.991,25.309
38.761,25.157
29.797,26.221
38.313,26.748
37.680,26.253
34.043,25.317
31.366,24.833
28.310,23.753
31.186,24.474
36.666,24.152
35.084,25.674
33.294,25.381
30.766,24.628
29.492,24.498
30.690,24.320
26.750,24.236
29.032,24.174
29.232,23.527
29.128,22.411
32.729,22.268
32.521,22.401
33.836,22.766
32.855,23.501
34.859,24.316
34.045,22.626
30.588,23.876
29.348,23.724
34.264,23.226
33.710,23.250
34.505,23.483
34.116,22.773
35.287,23.807
34.677,22.995
33.426,22.697
33.746,22.002
33.556,22.450
35.388,22.245
35.496,22.060
36.444,22.363
35.493,22.010
36.199,21.282
36.837,21.940
40.403,24.282
39.961,23.711
40.366,23.789
39.057,25.417
37.880,25.694
40.495,24.997
35.872,24.765
34.747,24.748
34.333,24.288
34.815,23.235
31.547,24.031
32.868,23.875
30.066,23.875
27.884,23.693
28.666,23.600
29.868,23.051
28.388,23.716
31.423,23.467
32.046,23.396
34.767,24.524
33.908,23.662
31.671,24.288
24.088,22.318
30.432,21.544
30.642,21.866
30.586,21.931
31.829,20.930
34.034,20.459
32.907,18.833
32.427,19.882
34.144,19.609
33.414,19.453
33.457,18.349
33.838,18.301
34.078,17.862
34.364,20.346
33.757,18.671
33.795,18.308
34.071,19.472
33.737,19.922
35.255,19.913
34.386,20.277
34.044,19.256
33.855,18.783
33.291,16.262
34.756,16.669
33.447,19.198
32.155,19.949
34.363,16.480
34.397,16.526
32.456,18.200
32.211,16.125
32.015,17.185
33.504,18.536
33.751,18.679
33.368,17.565
33.781,15.307
34.442,16.861
32.973,13.251
32.344,13.534
32.063,14.069
31.797,14.262
32.107,15.697
31.753,16.746
31.752,16.365
31.227,16.125
31.814,14.944
31.436,15.177
30.393,14.393
30.907,11.307
31.086,12.800
31.774,12.839
33.159,14.506
32.339,15.439
32.205,14.190
32.801,15.171
33.656,16.212
31.763,15.039
32.793,12.726
32.799,14.761
33.131,12.149
32.393,12.844
31.567,12.385
31.070,15.328
30.700,15.145
30.840,14.272
30.014,13.260
31.148,12.467
30.370,14.052
28.595,14.072
28.323,13.865
28.362,14.574
26.767,15.827
28.100,14.107
28.982,12.581
29.430,11.151
29.685,11.420
29.151,12.270
27.677,10.477
27.476,12.077
26.657,11.486
27.083,10.991
27.144,9.765
27.340,11.402
27.346,11.615
27.749,12.142
26.906,10.438
26.183,11.702
26.616,9.945
27.188,11.026
27.665,12.345
26.415,11.994
25.641,11.932
24.417,10.572
24.885,9.327
25.647,7.599
27.717,9.178
28.434,8.367
28.528,13.288
27.202,11.191
27.294,10.803
28.216,10.346
27.251,12.032
25.275,9.431
25.705,9.598
25.463,11.085
26.679,11.942
26.417,11.056
26.881,10.973
28.254,10.278
29.714,9.243
29.278,11.186
29.709,11.866
29.743,12.298
29.635,11.874
31.397,9.906
32.730,10.541
30.617,13.920
29.714,12.327
27.569,14.035
27.026,14.200
26.550,11.829
26.358,10.351
25.149,9.640
25.310,9.911
25.556,9.614
26.794,9.229
27.991,9.275
29.537,10.132
29.872,9.590
31.673,11.546
33.017,12.066
33.015,13.906
32.299,14.895
32.955,15.846
32.045,14.745
32.210,12.568
32.496,12.069
31.688,11.816
31.181,11.570
32.639,14.832
32.691,13.346
32.895,12.419
33.950,12.244
34.725,13.326
35.417,14.898
33.220,14.998
33.771,13.614
34.758,14.096
35.549,16.693
36.136,19.649
36.693,19.373
37.353,19.454
37.400,19.845
36.914,16.882
36.753,17.956
37.465,19.143
36.352,23.541
31.573,20.850
33.393,20.657
33.372,17.817
33.476,17.203
34.661,16.038
34.608,13.816
33.854,12.877
34.141,15.427
34.508,16.949
34.760,17.831
24.371,15.757
26.355,13.437
28.686,12.642
32.903,15.001
32.501,14.833
30.589,19.066
31.145,19.017
32.904,16.926
33.455,16.651
33.796,17.929
32.810,22.390
36.764,17.904
36.389,20.074
35.542,18.463
37.021,18.149
36.612,18.584
36.287,18.977
36.880,17.588
35.022,17.740
35.486,17.361
37.654,19.024
36.868,17.928
39.315,16.484
36.627,17.875
38.387,19.497
38.166,18.701
38.805,18.687
39.779,19.207
40.304,20.561
41.071,22.413
40.960,21.133
39.847,20.667
39.188,20.330
38.922,17.732
38.253,16.708
38.963,20.802
39.277,19.642
39.058,23.428
39.264,23.608
37.786,24.986
38.837,17.207
38.829,18.832
39.738,20.661
41.166,24.371
39.870,24.162
39.568,23.578
40.140,21.749
41.444,23.099
41.053,23.028
41.109,22.629
41.237,22.754
42.573,24.441
43.860,26.918
42.968,24.588
42.846,24.226
44.892,24.882
47.281,24.427
44.988,26.105
44.888,28.380
43.425,24.166
43.341,24.617
43.678,24.675
43.537,25.765
43.524,28.356
43.333,25.933
42.747,25.205
42.366,26.086
42.296,26.235
42.646,26.208
43.394,27.290
43.953,27.757
39.956,28.415
39.448,26.563
38.728,26.863
41.505,28.078
41.736,26.651
42.519,28.652
44.143,28.440
44.652,28.081
45.069,29.349
46.026,28.935
44.988,28.634
44.279,30.537
43.049,29.339
40.816,29.400
28.792,25.898
36.383,25.190
37.542,25.473
38.728,27.077
38.206,25.942
38.403,26.580
39.853,27.040
39.836,26.883
40.776,27.929
40.706,27.177
38.958,26.032
38.354,26.024
38.251,27.415
40.437,27.136
40.175,27.232
40.369,26.228
41.286,26.826
40.071,28.734
43.147,27.673
46.506,28.190
42.644,30.122
43.571,31.103
43.691,30.679
39.581,29.603
39.152,29.403
38.251,27.945
33.594,26.914
36.664,25.890
36.740,26.428
38.811,26.236
38.597,26.365
43.042,27.377
40.846,29.573
41.252,30.750
32.588,25.733
29.167,25.231
30.950,25.531
33.546,24.955
27.522,25.132
30.606,24.987
29.160,24.694
34.059,25.521
36.562,25.354
36.544,25.939
36.578,25.845
34.895,26.084
35.620,26.466
30.250,24.279
26.762,23.904
27.843,23.721
36.246,24.618
30.952,24.467
29.838,24.448
30.289,24.789
34.702,24.364
30.018,24.457
30.758,23.781
29.070,23.954
30.579,24.164
28.441,24.199
24.025,23.366
25.990,22.790
30.306,23.318
27.914,23.877
32.960,23.564
33.292,24.776
26.213,24.024
28.943,24.141
27.914,24.104
27.889,24.378
27.280,23.799
30.768,22.603
30.370,24.151
32.595,23.296
30.171,23.570
31.510,24.005
30.110,24.020
29.032,23.451
24.527,23.122
25.170,23.420
27.666,23.516
25.717,23.159
28.337,23.250
29.915,22.478
27.656,21.837
27.295,22.574
25.829,22.444
26.631,22.068
30.193,21.206
32.806,22.880
24.089,22.181
29.179,21.937
30.269,22.701
32.875,23.291
34.011,22.052
34.010,23.573
29.261,23.949
27.145,22.531
29.405,22.303
30.744,22.715
32.923,20.406
31.531,21.706
32.382,23.299
34.629,22.383
35.051,22.723
33.506,22.512
33.684,23.517
35.293,22.944
34.543,21.683
37.068,22.841
36.905,23.669
35.152,23.226
31.780,22.940
32.780,22.525
31.534,23.789
33.043,23.511
33.075,21.701
33.745,23.276
34.732,22.664
34.504,23.482
35.652,21.943
35.393,23.369
35.142,23.110
36.560,21.677
38.067,19.970
36.477,21.285
34.430,20.450
33.848,20.158
33.814,19.078
33.843,18.879
34.622,19.143
34.483,18.447
34.000,18.158
33.140,16.057
34.392,22.810
34.887,22.374
36.203,19.517
37.746,19.307
35.914,19.644
35.744,20.711
34.419,19.882
34.520,18.689
33.503,18.475
35.338,21.046
34.160,21.208
35.268,16.476
34.852,16.158
34.674,18.532
33.586,19.169
33.195,17.532
33.185,16.908
33.183,16.752
33.428,18.062
32.239,16.165
32.376,16.830
32.129,16.916
33.647,15.317
33.129,14.671
32.790,16.264
31.340,19.253
33.438,18.532
33.738,15.485
31.633,16.599
31.210,15.383
31.435,15.907
31.214,14.045
31.078,15.320
30.719,13.697
31.301,14.926
31.408,14.341
30.894,12.721
31.097,15.857
30.754,15.408
31.436,16.022
30.671,13.829
30.135,15.882
28.661,13.341
27.480,13.067
28.505,11.597
28.887,12.815
23.508,14.208
28.806,14.350
28.783,13.988
28.092,14.418
30.517,15.284
31.098,14.322
29.448,13.404
30.164,18.430
29.092,15.508
28.972,13.836
28.693,14.825
29.575,11.681
27.723,12.087
26.094,11.308
27.655,11.380
29.041,13.085
30.670,12.394
30.526,14.822
30.350,16.335
29.408,11.532
29.285,12.638
28.687,11.638
28.916,11.650
28.073,13.420
28.474,13.976
29.822,14.542
29.112,14.214
29.825,13.558
27.991,15.321
26.953,12.017
28.382,11.592
29.256,11.213
28.182,11.109
26.836,11.667
26.016,11.797
25.873,11.342
26.322,10.269
26.728,11.246
25.961,11.009
25.491,9.975
27.187,11.046
29.051,11.560
27.863,12.906
27.378,11.997
26.865,11.447
26.377,11.873
26.622,10.592
27.479,10.943
27.413,11.669
26.199,10.693
28.072,11.694
29.032,9.639
27.147,11.554
27.138,11.398
27.121,11.302
27.834,12.238
29.707,12.327
30.870,12.732
32.145,12.144
31.938,14.708
32.550,17.359
33.528,18.494
31.865,18.163
31.868,15.673
31.112,14.855
32.146,14.769
32.691,16.019
31.984,14.097
31.662,14.975
30.782,12.536
31.342,14.012
30.767,15.238
32.441,14.521
28.611,16.136
29.096,14.784
28.049,10.312
26.560,14.433
26.365,10.458
26.673,13.246
28.270,11.080
28.070,13.398
29.405,13.232
31.132,15.845
32.187,14.912
33.580,15.747
33.601,17.328
32.959,19.157
32.235,18.789
32.386,14.880
31.538,16.435
33.400,13.812
33.786,15.287
30.087,15.222
29.247,15.994
30.905,13.935
33.848,16.138
32.693,16.757
32.938,16.741
32.674,16.026
32.945,14.435
33.192,13.440
33.239,18.262
35.467,18.096
33.850,16.991
31.924,17.740
31.699,16.385
31.809,15.452
34.687,15.779
37.300,18.096
38.753,19.925
38.284,20.602
36.896,20.572
35.472,20.624
35.840,18.390
36.762,19.220
36.890,19.822
36.227,19.085
39.584,19.570
40.153,21.370
40.978,21.900
42.285,22.339
43.742,23.818
41.634,24.254
39.553,22.182
39.704,21.219
39.644,21.766
42.097,21.888
41.350,22.223
42.408,24.144
42.431,21.570
40.353,20.504
40.716,20.706
41.478,19.239
41.187,21.806
41.174,22.913
40.980,21.038
41.851,21.587
44.145,26.210
43.770,25.837
44.980,24.301
43.150,24.921
42.616,23.092
43.687,31.703
41.759,26.113
41.213,23.670
40.255,23.124
41.396,22.484
42.424,24.546
44.760,25.126
42.864,24.685
43.868,28.027
43.919,27.148
44.246,28.138
48.166,26.941
44.406,29.509
44.816,28.364
44.719,27.444
45.974,25.973
44.058,27.604
42.297,27.231
43.300,26.886
44.023,25.262
44.467,25.531
43.740,26.288
43.097,27.421
42.188,26.331
42.233,26.333
42.032,25.779
41.869,26.153
42.078,26.962
42.788,26.471
42.063,26.849
40.626,28.340
37.971,27.080
40.141,25.486
41.135,24.797
41.284,27.034
40.200,25.587
40.611,25.749
41.847,27.983
41.041,27.173
36.984,27.208
41.663,24.661
42.103,26.632
43.648,30.636
43.404,29.089
36.884,28.912
34.745,27.051
34.023,26.113
37.441,26.333
42.971,28.325
43.688,29.726
43.043,29.582
42.665,28.025
42.410,27.665
42.918,28.450
43.662,29.458
41.194,29.784
36.892,29.673
39.958,27.564
40.732,28.818
39.667,27.607
40.617,27.993
40.275,27.782
38.936,27.505
40.069,28.728
39.402,30.240
34.407,28.328
29.405,25.261
31.423,23.934
34.094,26.000
35.402,24.783
34.171,26.339
36.517,27.009
37.299,28.728
32.550,26.289
26.683,25.169
26.160,23.751
29.216,24.531
28.682,24.977
31.277,24.628
30.760,25.643
30.989,24.787
26.093,24.458
30.532,24.408
32.181,24.234
32.153,25.039
33.035,24.896
33.148,24.877
32.470,24.747
32.084,24.524
35.505,24.308
35.417,25.150
34.774,24.312
35.357,24.669
35.898,24.175
34.082,24.577
34.280,25.042
32.423,25.767
31.647,24.252
36.139,24.453
32.459,25.198
34.816,24.603
33.341,24.579
33.533,24.842
33.179,24.445
33.102,25.004
26.377,24.776
31.648,24.252
29.494,24.307
32.339,23.734
31.688,25.015
32.583,25.512
25.466,24.436
27.475,24.068
29.224,23.982
27.561,23.807
26.183,23.990
25.234,23.656
26.551,23.904
29.489,23.889
27.015,24.458
29.953,23.842
35.835,22.737
33.385,23.907
25.570,23.596
29.762,23.294
29.468,23.335
32.581,22.485
34.484,22.756
33.082,25.641
32.729,24.720
34.683,24.785
32.739,23.759
31.373,24.338
29.042,24.769
31.494,24.896
32.714,24.773
31.704,25.080
30.550,25.446
31.640,24.804
30.422,24.113
28.971,23.727
32.025,23.570
30.469,23.455
31.895,22.711
32.071,22.275
32.951,21.609
34.027,21.677
34.215,21.276
34.107,22.091
34.962,21.970
35.737,21.663
36.358,24.675
35.902,24.062
36.810,25.265
34.252,25.538
34.963,24.434
32.445,22.793
30.955,21.949
33.304,21.962
34.480,21.844
32.946,23.972
33.334,22.167
34.920,22.691
35.929,20.030
36.075,20.901
35.715,18.489
35.414,17.492
34.370,18.687
35.072,19.381
34.625,18.541
34.513,15.770
34.392,19.228
33.454,20.097
33.358,21.151
33.304,18.768
34.964,22.206
35.345,18.433
34.028,16.456
35.382,15.113
36.289,16.033
36.263,14.747
35.802,14.603
35.101,13.610
35.430,14.659
34.436,14.298
35.267,14.950
34.677,18.417
34.560,16.534
34.152,17.419
33.999,18.704
34.991,17.074
35.357,17.795
34.628,18.608
33.256,18.668
33.299,18.088
34.599,20.774
33.990,18.695
33.916,15.528
35.684,20.527
37.010,20.726
35.541,17.419
35.652,16.602
36.622,18.792
35.326,22.618
34.765,19.469
34.539,16.358
33.691,17.763
34.838,16.140
32.971,17.650
32.360,15.242
34.013,15.897
31.882,16.036
30.505,12.716
30.956,12.074
31.120,13.165
31.800,13.180
32.377,14.102
33.267,14.984
32.505,14.505
32.007,13.183
31.606,14.601
30.091,10.211
30.612,10.986
29.822,13.517
30.182,14.659
28.304,15.722
28.832,15.137
28.678,16.662
28.297,14.472
27.835,13.264
27.578,14.178
28.269,13.402
27.711,12.056
27.559,10.033
29.070,11.617
28.479,12.147
26.955,15.309
26.665,12.363
25.224,12.558
25.309,12.890
26.205,11.237
25.918,11.423
27.777,11.397
27.413,10.912
29.727,12.775
31.387,12.939
31.675,13.909
32.661,15.730
31.495,15.014
30.070,18.468
28.767,15.074
29.264,14.146
27.388,13.744
26.983,9.810
26.932,10.347
27.166,11.252
25.569,10.659
25.728,11.369
26.409,10.749
26.969,11.299
28.761,12.924
29.832,13.610
30.460,14.968
29.838,12.843
30.308,10.868
28.943,12.035
25.526,11.951
27.079,11.227
26.918,11.307
27.949,12.270
28.349,13.206
30.011,11.873
29.976,11.509
28.468,10.291
25.332,8.832
25.265,9.058
24.031,7.982
24.585,10.929
24.440,8.920
22.805,7.366
25.391,7.456
22.983,7.163
23.282,8.266
25.513,7.983
27.093,10.515
24.685,8.677
23.684,8.752
24.354,6.464
27.003,6.734
25.173,14.000
23.180,7.132
22.991,6.465
23.152,6.308
21.693,6.147
22.526,7.134
22.779,7.178
24.823,7.067
26.327,8.100
26.566,9.272
26.731,8.427
28.940,10.073
31.135,11.862
32.183,12.867
33.789,13.516
33.978,15.323
33.256,14.420
32.550,13.953
33.194,12.303
33.346,12.132
32.761,12.406
32.261,14.384
31.332,14.517
32.176,14.493
33.105,14.288
36.086,13.654
36.273,14.462
36.088,13.340
35.667,13.015
35.221,14.049
35.890,14.584
36.634,14.420
36.799,14.305
37.206,16.052
36.145,16.818
36.188,18.038
36.988,20.216
34.792,23.992
35.863,21.221
32.736,20.389
35.827,19.238
37.633,19.658
37.530,20.902
38.327,18.880
39.513,16.609
38.363,17.060
39.167,16.489
38.318,20.746
39.610,20.764
38.759,21.691
37.410,21.630
39.327,19.597
38.026,21.893
38.668,24.712
39.205,24.235
39.792,17.565
38.590,22.366
37.066,19.044
36.619,17.793
37.349,20.316
34.813,18.644
33.609,18.437
33.359,16.927
37.390,16.476
36.912,21.015
38.210,22.033
39.182,19.042
39.533,24.393
41.084,23.479
41.438,22.345
41.513,22.986
40.288,22.659
40.292,21.350
40.171,21.384
40.998,23.483
42.454,23.219
40.955,18.332
40.999,21.268
40.590,22.523
44.511,28.143
42.626,23.676
43.893,27.072
44.115,24.205
43.641,24.704
43.460,23.531
43.237,22.577
42.400,22.773
42.047,23.672
40.873,24.678
41.922,24.488
42.303,23.880
40.855,23.190
40.451,23.444
39.305,23.964
40.746,26.090
41.461,26.450
39.462,26.658
40.163,25.018
41.646,25.224
41.761,25.039
41.811,25.263
42.573,26.859
41.763,26.198
40.833,26.086
41.482,26.670
40.639,26.156
40.703,25.848
40.797,26.482
39.860,25.671
40.356,26.366
42.884,26.946
42.323,26.931
42.449,25.417
42.373,26.284
42.690,28.853
42.360,27.760
42.173,27.267
41.639,26.547
42.458,27.419
41.259,27.110
40.326,28.219
39.766,28.497
41.304,28.753
39.300,28.958
37.623,26.929
40.012,26.399
39.993,27.197
37.011,27.540
36.172,26.406
36.523,26.704
27.640,24.737
34.048,23.904
32.956,25.404
35.525,24.934
34.941,26.392
34.920,27.293
39.380,26.447
33.387,27.108
32.528,27.399
37.493,26.014
38.876,27.073
39.974,27.544
40.212,28.482
33.733,28.193
38.109,26.864
34.692,26.262
34.925,25.608
36.301,26.621
31.623,25.911
33.763,25.634
36.600,25.464
32.432,25.665
35.357,25.248
36.374,25.217
37.218,26.107
30.274,26.532
32.679,25.936
28.211,25.417
28.739,24.714
30.245,24.412
26.238,23.371
28.567,23.748
32.372,24.513
34.607,24.544
35.623,24.990
35.891,24.449
35.162,25.635
35.674,25.513
33.314,26.358
37.080,25.336
36.441,25.729
35.186,25.618
29.006,24.741
36.360,24.899
37.689,25.461
29.371,24.740
30.063,24.661
36.716,22.698
32.093,24.891
31.256,24.777
30.927,24.406
28.836,24.072
32.381,23.983
30.867,24.381
29.897,24.757
28.875,24.192
29.990,23.266
29.329,24.146
29.069,24.387
32.864,23.867
33.112,23.897
26.228,24.405
29.351,23.365
26.158,23.940
31.541,23.470
31.299,23.688
31.984,23.796
29.239,22.105
31.215,22.775
31.641,22.592
32.291,22.316
32.185,20.797
33.424,20.273
34.440,22.673
34.187,23.128
32.747,25.041
26.327,23.939
33.588,22.212
32.646,22.960
33.644,21.854
33.378,21.054
34.917,20.796
38.789,23.022
36.203,25.836
35.824,24.593
35.848,23.842
32.295,23.061
32.463,22.405
35.355,22.417
33.587,21.683
33.884,23.335
33.096,24.231
32.366,24.259
33.786,24.733
31.556,23.866
30.891,22.335
32.045,22.508
31.516,22.716
31.264,23.369
32.819,23.067
36.815,22.281
34.204,23.785
33.450,21.764
33.899,21.856
34.793,22.426
34.493,21.138
34.194,20.774
33.857,20.413
33.512,19.929
33.718,19.066
33.935,18.147
34.640,20.206
36.275,21.719
37.857,21.665
37.139,23.192
40.185,24.043
36.402,20.596
34.231,22.812
34.413,20.165
35.250,20.139
37.676,24.515
37.652,24.513
37.781,18.916
39.039,18.200
37.569,19.134
36.273,17.995
35.741,20.848
37.095,22.818
36.569,21.713
35.533,19.785
34.786,16.323
36.296,15.373
36.393,17.570
35.265,16.880
36.937,17.305
35.179,15.148
37.396,17.176
35.917,15.599
36.153,15.352
34.732,16.385
34.233,17.076
34.339,18.678
34.639,17.027
36.490,16.544
35.257,16.308
34.995,17.594
35.319,17.107
34.614,16.695
34.619,14.790
35.331,15.549
34.403,14.688
33.785,13.315
32.495,15.057
31.682,13.341
32.519,14.044
32.946,17.646
32.565,16.961
33.252,18.346
31.759,16.572
22.570,20.870
22.837,18.069
30.828,16.985
29.268,15.367
28.851,13.365
29.154,12.688
29.660,11.233
30.673,10.530
30.924,11.678
31.042,14.594
29.355,14.666
29.907,15.141
30.153,18.920
24.579,17.472
30.323,16.706
31.725,16.983
32.593,15.974
33.118,16.523
32.855,16.633
32.135,19.549
31.606,17.031
31.725,16.008
31.318,16.880
31.359,16.589
30.190,15.403
30.812,16.136
30.672,16.043
31.059,15.276
31.509,15.040
31.552,16.453
31.493,17.257
29.234,18.785
29.027,17.961
29.452,15.787
28.532,15.097
28.869,13.871
29.019,12.247
29.917,10.233
29.781,10.947
28.331,8.871
27.704,8.328
28.464,10.573
29.074,10.340
28.216,13.226
27.235,11.306
27.561,11.027
29.088,10.527
28.658,11.225
26.478,13.366
25.770,12.380
25.521,12.105
24.399,11.797
23.138,13.520
25.648,13.559
27.303,13.384
27.505,14.968
27.170,15.040
29.424,16.549
28.577,15.523
31.366,16.563
30.089,17.059
30.805,14.469
28.884,14.711
30.111,15.099
28.568,16.243
31.997,14.387
31.966,14.358
31.657,15.037
31.967,12.942
30.067,11.413
29.386,10.784
30.177,12.135
31.112,11.828
30.651,12.323
29.585,13.587
30.763,12.134
31.632,11.341
31.427,11.199
31.331,12.508
29.921,11.608
29.461,11.825
29.707,14.009
31.200,13.269
32.694,12.997
28.920,12.636
27.444,11.528
28.240,12.079
30.530,11.030
31.307,12.290
29.527,15.137
30.455,13.893
33.195,14.163
32.156,15.497
32.924,15.739
34.297,16.148
35.347,17.575
35.531,17.999
35.221,16.194
35.337,16.680
36.088,15.876
36.856,15.779
36.458,18.917
36.472,17.532
38.621,18.696
39.368,18.630
39.030,19.625
37.507,17.690
37.334,17.590
36.085,15.775
34.581,13.940
34.481,16.086
35.209,18.550
35.925,16.027
37.751,18.285
38.929,18.200
37.113,18.338
37.423,19.427
36.664,17.378
36.400,18.853
38.160,21.158
36.910,20.449
38.240,17.502
37.057,17.929
36.706,16.828
35.758,19.100
35.579,19.809
39.728,20.740
37.819,19.556
38.272,19.903
35.374,18.434
37.320,20.599
38.661,20.714
38.266,21.757
39.471,22.294
40.139,22.648
40.054,21.730
41.126,24.594
40.477,21.622
38.176,23.460
38.533,23.241
37.564,21.483
34.430,19.050
38.099,20.017
37.353,20.656
41.991,20.887
43.348,22.408
43.975,21.700
41.797,24.163
39.855,24.144
40.639,26.000
40.976,24.411
43.197,23.106
45.010,23.419
42.808,24.076
40.281,23.124
40.531,20.907
40.453,18.076
40.822,24.413
41.161,24.459
42.222,25.461
43.537,23.632
45.368,24.189
45.966,26.971
45.391,26.938
43.673,25.492
43.366,25.347
43.153,24.515
41.478,23.930
40.486,23.629
41.148,24.640
41.530,26.701
42.547,25.399
42.352,25.314
43.013,24.967
42.447,25.573
43.718,26.874
45.098,27.540
45.646,27.686
44.770,27.638
44.996,27.706
46.005,27.739
45.154,28.640
43.824,28.151
45.272,27.845
45.598,26.883
45.051,28.913
43.533,28.366
43.144,27.120
43.210,26.342
43.362,26.310
43.561,27.622
44.680,28.849
43.801,28.459
42.971,27.634
42.429,28.613
41.439,28.391
41.352,27.847
41.964,27.813
41.898,27.932
41.026,27.253
42.165,27.481
41.379,27.271
40.991,27.100
42.159,27.713
42.870,27.730
42.494,27.255
41.726,27.672
41.881,27.629
42.324,28.097
41.543,27.229
41.875,27.798
39.938,28.247
39.881,28.351
41.217,26.973
41.883,30.021
42.203,28.744
36.178,28.403
41.004,27.205
35.885,27.805
39.767,26.410
39.227,27.563
39.088,26.686
33.434,25.269
37.827,24.677
38.316,26.756
37.495,27.200
31.214,27.407
41.770,25.870
43.104,26.465
44.083,26.152
45.219,28.688
44.661,28.339
44.740,29.671
33.914,24.611
30.783,25.524
32.887,25.012
34.252,25.599
33.520,25.619
29.620,25.485
34.990,25.087
34.195,26.022
34.059,25.738
28.846,24.763
28.223,23.963
33.231,24.502
28.834,25.021
33.081,25.079
30.844,24.472
24.912,23.847
25.786,23.530
26.542,24.639
28.016,24.643
27.473,23.871
26.822,24.677
30.444,24.841
29.063,24.193
30.235,23.701
28.230,24.814
34.182,24.128
33.887,24.038
31.574,24.070
32.043,24.081
29.993,24.418
30.034,24.250
33.870,24.533
34.266,24.482
34.608,24.034
32.495,24.138
28.688,22.947
30.314,23.636
30.537,23.493
30.511,23.722
33.285,23.357
34.389,24.127
34.685,24.042
35.271,24.283
35.166,23.690
35.241,24.440
36.111,23.856
38.842,23.785
36.966,23.739
31.161,24.638
31.700,24.048
30.044,23.492
28.497,24.362
26.267,23.898
29.840,23.506
31.829,22.668
30.805,25.169
32.896,23.505
35.793,23.054
34.880,24.593
36.228,23.105
37.129,23.550
36.837,23.375
37.090,23.010
31.626,24.012
34.813,23.184
35.271,22.225
36.546,21.643
35.567,22.706
34.632,20.626
34.233,19.336
35.876,19.203
37.246,21.829
37.671,24.275
37.819,21.766
38.288,21.629
38.768,21.435
39.244,23.209
37.910,21.643
37.514,21.263
36.331,21.792
38.729,22.065
38.679,24.391
39.394,24.885
39.440,24.674
39.907,21.817
37.753,24.293
36.671,25.252
33.874,23.852
34.385,23.453
35.538,21.745
35.038,20.273
33.644,19.552
33.784,19.020
33.741,17.395
34.084,18.980
33.164,23.163
34.449,22.842
32.252,21.050
34.206,18.718
34.772,19.266
34.286,19.422
35.752,21.293
34.446,16.693
34.265,16.949
34.386,17.499
35.944,16.778
35.287,17.722
34.852,16.316
34.124,12.635
34.239,13.375
34.135,13.508
34.377,13.951
34.726,15.825
35.449,15.547
35.505,17.223
36.868,15.170
36.551,14.956
34.073,14.401
34.021,13.432
32.583,16.627
33.477,17.159
33.064,17.469
33.200,17.657
33.664,16.722
32.754,18.058
27.611,21.236
22.085,18.437
30.153,17.849
31.528,17.829
32.283,17.259
31.047,17.397
31.044,17.154
29.293,15.981
29.283,16.020
29.774,13.774
29.468,12.382
28.251,11.417
28.473,11.473
29.218,12.293
31.169,11.892
30.308,14.492
30.047,14.006
29.544,13.983
30.062,13.188
28.688,12.042
27.822,10.680
27.969,12.366
28.104,13.011
29.019,13.259
29.647,12.216
29.428,13.485
29.039,13.301
29.151,14.413
30.272,12.500
29.745,11.255
30.360,14.455
31.160,13.954
29.889,14.351
29.757,15.107
30.264,15.375
29.676,14.658
27.611,13.783
27.720,14.285
27.987,13.728
28.130,14.563
27.335,12.927
28.936,13.461
27.295,17.157
27.917,12.946
27.618,10.611
26.731,10.119
27.306,10.646
27.406,12.015
25.141,14.766
26.326,12.798
26.335,11.452
26.823,10.374
27.874,11.614
27.255,15.713
26.367,13.397
26.164,9.296
25.546,9.267
25.976,9.406
27.234,9.849
26.736,9.746
27.787,10.538
28.946,12.466
29.406,14.951
25.126,10.507
24.375,9.969
25.424,8.705
26.999,10.103
27.377,10.504
28.080,10.097
28.375,11.096
28.366,9.287
29.413,11.482
29.023,10.162
28.704,8.444
28.969,8.139
29.028,12.002
29.345,12.541
29.723,10.914
29.253,12.692
29.285,12.442
29.313,13.545
29.752,10.882
28.486,12.118
29.006,13.083
29.259,12.405
29.547,14.858
30.168,14.563
32.233,14.202
32.828,14.330
32.645,16.219
29.846,16.693
28.202,12.517
27.327,11.712
29.659,13.668
29.986,12.781
29.879,14.874
29.776,13.614
30.583,12.274
30.109,13.764
30.255,11.986
31.732,13.137
33.471,12.428
33.908,14.867
33.370,18.982
31.560,15.769
30.711,12.779
31.819,11.934
34.079,16.906
35.934,17.268
36.357,16.786
35.933,17.008
36.706,16.547
34.881,21.391
32.977,17.409
32.849,17.509
32.991,20.258
32.637,16.532
35.040,17.867
35.248,18.287
36.000,18.502
37.702,18.794
37.827,20.229
38.323,18.332
38.592,17.438
39.117,18.113
39.278,18.953
40.038,20.286
41.838,22.369
42.792,23.752
42.489,22.990
41.148,21.513
40.800,21.581
39.029,18.908
37.906,18.230
38.670,16.965
39.416,18.490
39.472,17.053
40.042,18.709
40.738,21.906
39.374,18.975
38.177,21.147
38.137,18.681
37.942,19.874
37.979,18.291
39.617,17.173
41.667,20.241
43.633,23.617
43.382,23.020
42.741,25.282
41.642,29.628
40.556,23.544
40.232,20.267
41.775,22.598
43.027,20.608
44.090,19.992
45.290,22.869
44.712,24.784
43.955,24.869
41.446,23.766
41.188,24.042
40.415,24.389
39.939,23.928
40.250,23.617
41.576,23.301
41.474,23.441
42.237,22.918
42.211,23.695
42.827,23.645
43.301,25.192
42.568,25.033
42.123,25.104
42.085,23.905
42.838,24.956
43.111,25.409
43.629,26.240
43.290,26.710
42.193,24.676
41.871,26.620
42.688,27.419
43.577,28.002
41.796,26.714
43.324,25.346
44.208,26.578
44.601,26.273
42.909,26.878
43.975,25.677
44.199,26.509
43.423,26.940
44.640,26.507
45.656,28.750
49.411,29.799
48.166,27.167
47.122,27.375
46.823,29.157
45.963,29.167
44.541,28.252
43.561,27.159
42.803,27.197
42.534,26.700
41.779,26.954
41.706,26.277
41.547,27.340
42.944,26.559
39.554,28.652
35.966,27.449
40.540,27.606
40.006,27.817
39.636,27.183
32.807,26.265
38.112,24.471
39.165,25.821
43.335,28.039
47.322,29.611
45.522,29.856
45.520,31.488
43.836,31.445
34.989,27.646
37.914,26.479
38.683,25.377
45.302,27.309
45.337,29.229
43.991,28.689
43.564,29.710
42.665,29.208
42.454,29.599
39.244,28.837
41.340,27.290
40.587,28.851
41.509,30.832
42.240,29.756
40.390,29.567
42.284,28.240
41.835,28.766
40.051,27.876
40.058,29.315
37.364,26.028
29.161,25.757
32.592,24.696
35.383,24.940
36.475,24.653
36.772,25.392
35.029,26.491
35.046,26.273
30.949,26.122
34.416,25.483
36.213,25.086
37.512,25.515
37.593,27.241
39.226,26.442
36.693,26.652
34.477,26.511
36.488,26.107
36.867,26.530
36.361,25.618
30.985,25.306
27.750,25.161
27.511,24.734
31.414,23.829
27.269,23.955
31.488,23.875
33.793,24.145
34.119,24.379
32.989,24.904
26.897,24.242
29.016,23.896
30.983,24.010
28.834,24.306
29.256,24.363
30.539,24.679
31.686,24.171
28.912,24.316
27.840,23.774
29.708,23.688
31.490,23.795
31.718,24.488
31.691,24.883
29.941,24.155
31.332,24.183
31.872,23.702
31.759,24.391
31.988,24.270
30.632,24.365
30.999,24.191
31.448,23.646
30.927,23.313
32.415,23.451
31.183,23.318
31.771,23.080
35.251,22.811
32.772,24.153
35.621,24.286
33.245,25.455
33.862,25.615
29.867,24.489
30.015,24.102
30.522,23.940
31.788,22.917
30.831,24.031
30.112,23.607
30.304,24.423
31.519,24.318
32.422,24.167
30.351,24.442
27.522,24.099
28.082,22.851
27.987,23.070
28.399,23.190
29.127,23.756
29.971,22.942
33.621,22.038
34.143,20.740
33.798,21.402
32.832,20.878
33.046,20.617
33.020,18.567
32.561,19.953
32.822,20.565
33.344,20.709
32.895,19.100
32.606,19.330
33.603,21.543
34.025,18.509
33.621,21.915
34.235,22.382
33.842,18.438
34.319,19.001
34.873,19.883
35.613,19.013
37.226,21.005
35.677,20.589
34.436,20.389
35.526,18.734
36.698,19.761
33.448,18.871
32.324,17.407
31.299,20.249
33.400,21.498
35.814,20.931
36.540,22.117
36.183,21.498
34.440,21.609
33.296,22.507
32.837,23.018
34.307,22.714
36.051,19.700
34.896,19.655
34.066,20.024
33.611,18.739
34.361,19.918
34.281,18.380
35.910,20.465
35.499,19.818
34.687,18.291
32.911,19.342
32.843,19.782
32.249,18.209
31.580,17.288
31.323,17.010
31.574,16.062
32.041,16.333
32.674,14.952
31.822,17.033
30.798,17.522
33.354,22.290
32.601,22.974
31.770,22.086
30.813,21.719
30.567,21.431
31.128,20.862
32.612,20.769
30.964,20.707
28.520,19.999
30.167,19.299
30.490,19.954
28.745,17.336
27.100,17.060
21.225,18.178
17.887,15.794
20.021,15.321
25.677,18.207
27.528,17.332
27.461,17.073
27.666,16.379
28.308,16.437
27.801,15.748
27.378,14.811
27.877,15.475
25.827,12.826
26.758,13.411
26.706,14.404
26.694,13.985
25.350,12.196
25.373,11.682
25.516,12.533
24.446,12.393
24.107,10.483
23.752,8.119
24.402,7.636
24.809,10.488
25.176,9.977
26.235,9.609
26.556,9.307
26.354,9.099
25.577,10.915
25.018,10.025
26.620,7.343
27.190,9.361
25.236,7.841
25.840,10.692
25.660,10.833
26.177,10.942
28.061,12.402
23.248,13.614
26.909,15.539
25.756,15.588
22.991,9.177
22.654,8.310
22.421,7.609
21.325,6.729
23.173,7.748
24.611,6.832
24.027,5.882
24.178,5.896
25.487,5.712
24.303,8.777
23.233,6.848
24.784,6.843
26.137,7.395
27.749,8.860
27.104,10.570
25.238,9.495
22.552,7.476
25.019,5.087
27.076,8.627
25.427,10.074
26.156,8.309
27.145,8.309
28.903,9.846
28.253,12.366
27.413,13.621
26.484,12.264
25.468,10.174
25.255,9.917
26.623,11.448
27.308,11.106
27.174,11.491
27.173,12.402
28.045,12.232
29.422,11.829
30.782,10.579
31.113,11.019
31.924,11.332
31.605,12.026
30.239,12.684
28.758,15.117
28.609,13.200
29.093,12.921
31.185,12.453
32.931,12.442
32.533,14.378
30.869,15.401
28.109,13.393
27.409,12.857
26.219,12.347
26.156,11.996
27.533,11.897
28.683,12.368
27.397,13.499
29.319,12.465
31.659,11.244
30.657,13.346
30.175,14.215
29.610,14.182
29.773,14.941
30.455,14.512
32.970,15.550
33.279,16.054
33.296,16.531
32.711,16.211
33.876,16.921
34.478,16.539
35.598,17.310
35.896,17.704
33.606,17.986
31.974,16.527
32.051,15.967
33.403,15.212
37.035,14.877
38.144,17.027
37.789,18.634
38.381,17.096
40.174,17.835
39.354,19.548
37.107,17.881
36.460,16.735
36.902,15.868
35.986,15.017
35.846,15.576
36.073,15.827
38.292,18.764
38.119,19.547
38.759,18.186
38.281,19.237
37.766,16.752
38.408,18.562
37.022,17.602
37.499,16.828
36.775,17.546
35.786,19.007
35.520,20.042
36.324,17.376
37.688,18.702
38.919,20.643
39.071,18.948
40.444,20.754
40.110,22.254
39.431,21.673
40.143,21.249
38.640,23.912
40.432,24.067
42.121,25.058
40.855,25.606
40.393,23.152
38.631,23.805
39.181,21.570
39.751,22.002
38.923,23.607
40.189,22.944
42.191,23.335
43.626,23.167
43.407,23.002
44.766,23.713
45.984,25.909
46.063,26.417
42.784,25.550
41.768,25.329
40.720,27.678
40.145,26.002
40.040,24.062
38.616,23.365
40.217,24.217
39.998,23.412
42.076,22.336
41.777,24.368
42.279,24.506
41.408,24.077
42.214,24.254
41.851,24.171
41.717,24.623
42.294,24.423
42.431,24.641
43.037,26.605
44.250,28.377
44.216,27.042
42.660,26.597
41.665,25.889
40.928,26.510
41.308,27.280
41.123,27.724
42.200,27.380
41.923,26.047
42.261,27.040
42.568,27.003
42.521,26.605
42.510,26.608
41.786,26.539
40.991,26.479
40.859,26.886
40.415,27.673
42.927,26.307
41.542,28.761
44.314,28.563
46.185,28.958
46.780,29.096
43.867,28.326
41.114,27.957
42.673,28.783
42.971,27.533
43.201,26.561
42.172,27.902
40.521,27.270
38.955,26.635
38.561,26.889
39.114,26.992
37.966,26.495
39.055,26.473
39.312,27.462
38.841,27.524
38.899,26.744
35.443,26.237
28.215,25.521
37.652,25.139
38.148,26.018
29.783,25.462
28.812,25.034
30.037,24.975
31.945,24.142
33.047,24.315
34.041,24.310
33.174,24.167
34.116,24.518
35.506,25.021
29.020,25.014
35.644,24.058
32.676,24.333
27.669,24.154
26.653,23.743
31.362,23.950
36.065,23.911
33.869,25.253
29.656,24.879
25.670,24.305
29.024,24.134
32.077,24.962
31.255,25.076
33.353,24.685
31.662,24.137
30.923,23.848
32.067,24.463
25.350,23.988
30.048,23.636
28.315,23.825
31.637,23.420
31.679,24.346
32.617,24.797
29.394,24.942
30.651,24.179
30.884,24.268
29.290,23.954
32.565,24.091
25.157,24.045
29.490,23.422
31.773,24.192
32.229,24.388
31.549,24.487
27.652,23.710
29.153,24.182
25.544,23.334
26.325,23.629
25.374,23.239
28.509,23.103
27.121,23.854
27.272,23.823
25.771,23.485
30.194,22.928
29.947,22.825
31.811,23.382
32.548,23.557
32.418,23.171
30.670,23.891
33.574,24.892
31.770,24.247
31.351,23.943
32.544,23.580
29.887,23.315
31.365,23.362
31.074,23.747
28.973,24.315
30.057,24.374
29.705,24.840
31.198,23.569
29.772,23.348
26.189,23.927
24.966,22.924
25.958,23.119
26.067,23.191
28.747,21.143
28.952,23.101
28.438,23.231
27.664,23.604
27.170,23.622
29.445,23.446
31.789,22.562
31.042,21.554
29.782,22.980
29.258,23.141
28.937,21.828
29.061,22.049
29.851,21.702
30.612,19.572
30.085,20.022
31.980,21.152
31.531,19.883
29.974,19.902
29.246,19.138
31.911,18.416
31.980,19.527
32.529,19.239
32.904,19.256
32.811,20.166
32.209,19.107
31.689,18.395
31.592,16.903
32.869,16.381
33.494,20.698
33.828,20.885
34.728,21.337
33.876,21.100
34.133,20.781
34.003,20.872
34.505,19.187
32.783,19.272
35.378,19.663
35.546,20.819
34.355,20.497
33.976,21.249
35.156,21.018
33.484,16.783
33.388,15.351
33.420,17.636
33.758,17.440
33.713,15.096
34.262,16.453
33.369,17.542
32.866,17.996
32.837,17.789
32.654,16.805
31.925,15.849
31.491,14.838
31.511,14.217
32.166,15.151
32.022,15.643
33.043,16.808
29.221,20.952
33.959,18.528
34.814,18.568
33.934,18.819
34.771,18.425
32.757,15.818
33.284,16.150
34.342,17.006
33.735,19.035
32.389,19.175
31.928,17.173
32.074,14.616
32.889,14.539
32.647,15.942
32.594,14.258
33.492,14.653
32.334,15.266
32.781,16.243
31.454,13.750
30.080,14.213
29.266,14.936
28.985,15.279
29.175,15.000
29.382,15.483
30.169,17.945
30.664,17.751
31.180,16.161
31.101,13.331
30.654,14.504
32.147,14.851
32.393,17.238
31.700,16.232
31.470,14.643
30.943,13.363
31.396,14.440
29.310,14.918
28.012,14.502
26.423,9.609
26.374,9.069
26.896,9.772
27.012,9.602
27.925,11.241
27.186,10.887
27.130,10.438
27.296,9.394
27.325,9.766
27.174,8.474
26.215,11.091
26.742,12.188
26.448,11.657
26.763,11.085
26.963,9.201
26.385,9.957
26.460,10.032
26.187,10.479
25.112,9.811
24.829,9.579
25.848,11.338
25.349,12.717
23.501,10.588
24.285,9.047
26.104,8.162
27.408,10.341
25.147,10.641
25.244,10.221
24.126,8.957
23.581,8.394
22.370,7.616
23.241,7.246
23.828,7.366
24.557,5.533
25.186,4.983
27.962,7.431
27.077,10.245
25.123,10.589
23.309,8.010
22.311,7.162
21.779,6.090
23.606,7.054
25.059,8.056
26.347,9.637
25.742,9.890
26.422,10.162
25.677,10.886
25.422,10.767
25.156,10.738
23.925,10.443
25.258,10.230
25.706,10.182
26.130,9.711
27.156,9.073
28.603,9.053
29.047,10.980
26.400,14.637
27.444,11.686
27.063,11.590
23.246,5.925
23.259,5.157
25.776,7.532
27.788,9.054
29.897,10.607
30.459,11.466
28.713,11.982
28.386,12.557
25.673,11.630
27.267,11.531
28.921,12.629
31.202,13.790
34.095,11.776
34.279,13.167
32.959,13.971
32.750,11.838
31.369,12.801
31.727,12.599
31.104,13.918
33.386,12.811
33.204,14.511
31.588,10.078
31.386,10.272
32.830,10.813
33.806,12.931
36.154,15.280
35.232,16.556
32.176,13.701
32.052,11.117
31.280,10.053
29.646,9.241
29.632,11.763
32.136,11.774
33.216,13.914
31.185,14.395
33.382,14.827
36.015,13.673
37.943,15.681
38.278,17.064
38.550,17.605
40.048,16.757
39.435,17.475
35.897,16.095
36.532,15.628
38.551,16.936
39.305,15.892
38.623,16.753
39.301,15.942
39.365,20.303
40.809,19.126
39.916,22.181
40.155,21.396
40.358,20.086
42.332,20.752
41.807,24.187
42.148,24.545
41.349,21.270
40.244,20.604
40.654,22.333
40.960,19.765
42.099,20.862
41.693,21.725
41.890,22.432
39.998,20.794
39.621,21.989
38.672,20.574
38.727,20.726
39.055,20.828
39.445,21.372
40.551,22.465
39.633,21.678
39.978,22.417
28.724,22.333
36.738,18.206
37.667,21.771
38.024,20.378
37.151,20.834
40.770,21.650
39.626,23.938
39.638,23.692
40.249,22.247
40.470,21.730
40.159,20.909
40.106,18.609
41.051,19.732
41.791,20.195
41.119,22.587
40.412,23.290
41.158,23.821
41.339,24.795
38.845,24.409
43.053,25.606
40.448,26.943
41.194,26.044
39.933,25.149
39.895,25.576
39.976,25.505
41.552,24.717
41.536,25.029
41.904,24.669
42.805,24.890
42.155,24.955
42.939,25.452
42.783,25.803
43.421,26.558
43.654,26.039
43.847,27.240
43.029,27.069
41.575,25.227
42.707,26.051
43.453,26.272
43.707,26.524
44.064,27.040
43.759,27.007
41.918,26.640
41.511,27.547
40.345,27.056
40.792,26.963
41.716,26.963
40.660,26.069
38.871,25.983
38.561,25.493
40.071,27.284
40.507,27.153
39.052,26.449
43.473,26.848
42.627,26.919
39.520,27.071
37.621,27.367
39.273,26.538
39.966,27.513
40.887,27.887
40.530,28.164
40.206,27.594
40.016,26.920
40.494,27.268
39.696,27.670
39.923,27.396
39.754,26.412
38.985,27.304
38.693,26.737
40.920,26.756
41.711,27.602
41.056,27.592
40.316,29.274
44.966,26.883
42.639,27.341
42.068,26.539
27.071,25.444
34.721,24.899
35.316,24.902
34.078,24.992
32.777,25.591
28.522,25.265
28.775,24.321
30.926,24.579
26.938,24.958
27.607,24.971
30.906,24.809
31.677,24.661
32.568,24.084
33.229,24.721
29.379,25.803
31.568,24.799
34.693,25.727
34.786,25.436
31.370,25.542
29.604,24.594
32.363,24.337
31.592,24.533
34.313,24.832
29.649,25.188
30.380,24.014
30.343,23.723
25.707,23.534
27.046,22.779
25.309,23.629
26.026,21.174
32.215,22.618
33.620,24.370
34.679,23.863
32.012,24.426
29.919,24.184
30.807,24.257
33.884,24.082
30.964,24.217
28.838,23.516
29.245,23.370
26.552,23.096
25.604,22.836
25.657,22.318
25.885,21.598
30.352,22.357
33.126,22.688
31.028,23.909
26.893,23.900
29.656,23.795
27.364,23.124
27.819,23.461
25.269,23.025
29.748,22.494
31.073,22.245
31.431,23.397
31.993,22.678
33.691,23.324
32.315,24.610
30.192,24.348
32.065,24.222
32.559,23.448
31.095,23.912
31.556,22.989
28.768,22.798
24.609,23.207
25.527,22.562
29.378,22.604
30.433,22.743
30.453,22.583
25.497,22.314
29.015,22.234
25.526,23.034
30.696,23.253
30.673,22.297
28.977,21.697
29.398,21.271
30.360,19.483
31.342,19.979
31.924,20.416
31.352,22.255
29.905,21.392
29.925,21.523
30.789,19.842
30.962,17.679
31.768,20.138
32.691,18.928
33.186,20.293
33.499,20.235
33.982,20.728
34.636,21.375
34.750,20.206
32.044,22.601
34.511,19.232
33.886,19.201
33.897,20.735
33.699,19.771
34.085,20.249
34.902,18.410
32.897,17.570
33.398,17.487
33.391,17.433
33.862,17.235
34.125,18.525
34.407,19.336
33.782,17.349
33.283,16.429
34.373,19.759
32.748,17.498
33.173,19.004
32.831,17.626
33.194,17.059
32.832,18.245
32.029,16.553
31.081,14.603
31.205,15.040
31.755,15.346
31.825,13.390
31.735,15.734
31.443,16.675
30.710,16.748
30.510,17.085
30.202,14.735
30.215,14.489
30.068,13.092
30.252,12.044
30.144,12.399
30.904,11.683
31.082,13.511
30.736,12.642
31.068,13.501
30.815,13.484
31.584,17.573
30.628,16.255
29.892,14.636
29.631,12.991
29.576,12.099
30.661,11.510
29.591,14.010
28.762,14.009
28.159,13.416
28.526,12.859
29.764,11.952
29.217,13.400
29.401,14.636
29.832,14.243
29.346,14.103
29.587,12.007
29.822,10.866
27.850,14.392
27.063,12.559
28.574,13.093
29.467,14.135
29.781,14.571
30.014,14.865
30.769,15.089
31.535,14.967
31.914,14.836
30.773,13.304
29.413,12.222
28.237,12.212
27.473,11.873
27.186,9.514
27.639,11.648
27.692,13.970
28.828,14.291
27.679,13.774
28.392,11.675
27.604,13.265
26.082,9.520
26.469,9.496
27.585,11.003
27.162,10.773
27.026,10.964
26.453,9.590
25.596,8.696
26.171,7.739
26.913,6.880
25.720,10.490
26.047,10.728
26.065,10.973
26.974,8.950
24.452,9.120
23.733,7.117
24.632,6.180
23.449,6.799
22.871,6.963
22.681,6.336
23.364,6.208
24.908,6.859
26.123,8.239
27.636,7.345
30.074,8.386
30.828,11.952
27.272,11.233
30.299,9.620
28.374,13.020
29.104,10.565
23.928,9.094
22.498,6.362
23.068,6.633
23.254,6.294
24.049,8.169
25.624,8.165
25.413,9.217
25.130,9.555
25.521,8.658
26.645,8.368
27.037,8.340
27.386,10.123
27.781,11.074
28.722,14.245
29.245,13.722
30.605,14.864
30.370,13.918
29.238,15.547
26.829,13.125
25.816,10.323
25.281,9.821
25.511,8.767
27.042,9.168
30.296,11.440
31.262,13.450
31.489,15.064
31.230,14.727
32.195,14.859
30.110,17.706
24.289,12.677
26.205,8.601
27.530,11.579
28.783,12.881
28.801,12.677
31.284,12.997
32.984,13.449
31.316,16.145
28.348,12.924
29.823,12.482
33.352,12.289
31.327,13.195
31.158,12.698
31.831,13.026
33.459,12.697
34.340,14.463
34.119,12.653
34.481,13.029
35.322,14.598
36.491,13.903
36.779,15.885
36.386,14.281
35.520,18.036
34.740,14.827
35.608,15.634
35.461,14.064
33.590,16.001
33.076,17.638
34.094,18.613
33.668,16.174
35.335,15.331
36.335,18.852
36.434,16.942
36.444,15.956
35.176,16.975
36.671,17.218
35.077,19.217
36.239,16.259
36.994,18.366
35.795,18.958
34.224,18.814
33.457,16.585
35.292,17.730
36.595,18.490
37.208,19.927
38.147,18.461
35.457,15.683
37.744,18.824
39.545,18.184
38.957,19.472
39.351,21.618
38.985,18.156
38.122,18.431
37.578,20.744
36.961,19.671
38.278,18.232
39.849,20.155
39.816,20.350
40.958,19.685
39.326,20.518
39.441,20.266
38.168,20.682
37.693,19.775
36.344,22.034
36.770,22.296
37.224,21.633
36.496,23.002
40.279,25.296
40.867,25.614
40.819,24.588
43.375,25.120
44.099,25.132
42.351,23.922
42.944,26.018
42.358,24.856
42.010,23.050
41.116,21.695
41.383,24.647
41.277,24.533
41.773,23.826
42.801,23.744
42.138,24.919
41.400,24.012
39.942,24.488
39.630,24.102
39.630,24.365
42.384,23.883
42.330,24.513
44.076,25.386
44.230,24.670
44.118,26.820
44.368,25.679
45.199,24.939
44.300,26.945
43.373,27.850
42.363,26.332
43.061,26.385
42.110,26.362
40.859,26.840
40.584,26.485
41.006,27.204
41.258,28.182
41.391,26.545
42.790,26.160
43.005,26.830
42.858,27.839
45.887,28.262
43.623,28.119
42.273,30.308
43.989,28.528
43.205,25.625
38.877,26.129
37.425,26.627
33.968,26.708
32.226,25.820
36.685,25.088
34.452,25.821
37.030,25.193
37.179,26.432
40.447,27.169
40.360,27.237
35.372,26.687
32.347,25.091
37.831,24.458
37.552,25.717
36.621,25.753
38.099,26.153
38.048,26.499
39.229,26.075
39.005,26.934
31.986,26.995
36.356,25.739
37.674,25.959
35.535,26.379
37.233,26.230
37.423,26.502
37.786,26.944
36.100,27.683
38.042,27.325
32.969,25.292
34.099,24.987
28.590,25.136
32.615,24.821
30.756,25.008
31.336,24.482
28.726,24.600
30.691,25.005
26.501,24.009
30.333,23.424
24.842,23.740
30.979,23.569
30.826,25.168
29.651,25.045
29.812,24.918
31.823,24.179
32.924,24.475
30.933,24.830
29.809,23.931
34.017,24.559
31.814,25.398
31.396,24.423
29.472,24.326
28.693,24.124
25.668,23.775
28.328,22.843
31.434,22.406
29.632,24.229
31.391,24.231
26.098,23.149
29.881,23.404
30.554,23.208
31.014,23.891
27.262,23.539
26.917,23.898
29.219,23.446
27.022,23.873
29.005,23.520
28.858,23.970
28.005,24.203
27.165,23.925
28.031,23.279
30.800,23.498
29.794,23.466
30.860,23.717
31.210,22.883
31.274,23.057
24.444,22.718
25.849,22.020
30.710,22.906
29.482,24.352
31.117,24.090
30.194,23.562
30.967,22.756
31.086,22.174
30.853,22.541
32.938,22.181
31.246,22.380
30.930,22.407
29.880,22.711
31.002,23.453
31.537,21.807
31.707,21.422
31.944,21.388
31.654,20.174
32.192,20.380
33.034,20.225
34.131,21.920
35.398,22.367
34.344,22.441
35.067,22.691
36.366,22.559
36.965,22.977
36.833,22.857
35.974,23.978
35.726,21.877
37.186,21.295
37.064,21.632
26.439,23.165
29.975,23.112
30.720,23.556
29.315,22.813
24.180,21.977
25.222,21.647
30.106,21.379
26.440,22.281
25.452,21.149
27.833,21.031
29.617,21.433
30.934,22.079
27.922,21.979
31.580,20.608
30.706,20.142
31.868,23.037
31.959,21.500
29.935,21.791
29.075,21.683
31.185,21.754
32.638,21.027
32.168,20.373
32.000,20.149
32.463,20.374
33.470,19.646
32.677,19.753
33.215,18.889
34.979,20.132
33.911,19.162
33.849,18.638
32.523,17.571
31.638,15.146
31.291,15.498
29.556,17.112
30.151,18.557
30.477,18.678
30.953,16.368
32.254,16.623
31.417,16.074
30.578,15.728
30.665,14.778
30.785,15.042
31.089,16.931
30.325,17.063
29.989,15.587
29.530,14.982
30.233,15.376
28.633,16.137
28.695,15.260
28.354,18.913
27.456,15.421
27.678,13.339
28.519,13.871
28.158,13.989
27.401,13.897
26.404,13.492
26.912,11.459
26.546,12.111
27.420,11.868
28.172,10.486
29.353,11.314
29.138,11.121
28.359,12.016
27.973,12.862
29.033,11.480
29.434,11.421
29.345,12.253
29.077,11.668
28.958,12.702
28.385,14.623
28.635,12.699
29.503,10.508
29.836,10.918
28.534,14.063
28.358,14.104
28.159,12.573
27.906,11.428
28.299,9.721
29.048,10.114
27.014,12.002
26.680,10.154
27.809,9.349
27.449,10.969
26.576,10.177
28.108,10.328
28.202,9.215
27.528,10.294
26.718,10.235
27.474,10.345
27.437,10.903
24.803,10.715
24.016,9.063
24.484,9.539
23.925,10.614
24.860,11.241
25.986,10.643
26.018,11.506
26.781,14.598
23.610,9.681
23.549,8.854
22.740,10.973
24.996,10.309
23.442,10.850
23.849,11.123
22.665,12.051
26.845,12.118
25.999,10.397
23.617,10.509
24.020,8.942
26.877,9.167
26.758,10.564
24.155,8.980
21.533,9.886
22.248,7.859
24.763,7.495
27.058,10.506
25.298,10.208
24.055,9.364
24.853,9.131
23.946,7.316
23.065,8.614
25.154,9.586
16.372,14.352
23.390,13.995
23.515,11.166
24.506,12.166
24.515,11.583
25.179,10.635
26.296,10.277
25.582,9.720
27.134,9.262
26.432,9.100
26.316,9.437
26.630,10.890
28.035,11.661
28.807,11.826
28.521,13.521
29.935,13.561
30.604,13.765
29.109,14.489
27.376,10.703
25.214,9.345
25.258,8.313
24.647,9.080
25.312,9.460
25.817,10.427
25.457,10.680
23.787,11.634
24.922,8.794
25.232,10.596
27.264,8.082
28.694,8.681
30.855,12.165
25.478,17.979
29.773,13.610
26.969,13.668
27.754,12.486
31.629,14.913
30.983,15.035
30.525,12.888
29.097,13.120
26.852,12.723
27.375,12.086
27.983,9.682
29.489,10.911
29.904,11.386
30.836,14.472
31.148,16.275
32.035,15.789
31.382,13.519
31.858,15.421
33.125,14.957
33.908,15.340
33.285,15.484
34.769,16.465
35.593,16.436
37.283,17.572
36.771,18.329
35.776,17.701
36.633,17.323
36.073,16.417
34.905,16.048
36.131,16.767
36.808,17.844
37.176,18.396
35.494,18.587
36.338,19.211
38.410,19.764
37.861,18.822
38.167,17.145
37.855,19.267
37.504,18.675
38.197,19.315
37.469,19.133
38.379,19.678
39.195,20.348
40.169,19.489
38.411,20.569
37.998,21.022
38.080,19.845
38.463,19.483
37.569,15.686
38.837,17.266
39.702,18.113
39.651,19.605
39.936,20.525
41.314,23.681
41.671,20.805
40.765,21.812
39.937,21.793
37.720,20.070
37.246,22.209
38.699,20.547
39.350,23.819
39.652,22.118
41.434,23.208
41.353,23.907
41.848,24.310
42.890,26.508
45.002,24.740
42.787,24.926
43.065,25.613
41.748,25.399
40.899,22.931
40.638,23.140
39.100,22.663
39.528,23.787
40.872,23.760
45.310,27.095
42.573,27.390
41.028,26.167
39.522,23.558
39.248,23.839
38.976,23.552
38.603,23.339
38.993,24.955
38.522,25.174
36.563,24.779
39.288,24.846
40.947,25.583
42.014,25.974
42.291,26.531
44.601,25.939
43.353,26.772
42.535,27.205
43.888,26.018
43.714,26.049
44.646,28.206
45.265,28.530
44.682,29.084
43.935,28.571
43.295,27.987
43.127,27.200
43.893,27.251
48.415,26.921
48.040,28.979
44.996,29.049
45.426,28.687
46.256,28.224
46.134,28.850
44.451,29.396
43.599,27.980
42.556,27.773
42.592,27.998
40.558,26.313
38.848,26.254
37.183,26.631
39.478,26.293
40.514,26.155
39.862,26.033
38.950,26.275
38.344,26.675
40.185,27.324
40.367,27.371
39.536,27.353
39.931,27.325
40.534,27.143
39.491,26.766
39.625,26.919
40.389,27.500
40.235,27.674
39.184,26.406
38.897,26.191
38.606,25.854
37.470,26.400
36.156,26.372
38.299,26.292
39.724,26.738
40.734,27.283
40.218,27.966
39.805,27.189
38.073,27.761
38.219,26.829
39.868,26.563
38.962,27.497
34.590,26.014
35.447,25.876
37.253,25.863
36.164,26.649
35.378,26.198
34.285,26.093
30.217,24.649
33.690,24.764
34.247,24.539
35.028,24.961
27.254,24.340
24.300,22.503
23.614,22.412
28.799,23.470
31.186,23.906
28.794,24.567
26.262,23.695
32.054,22.699
28.683,24.680
