20000101
27.876,9.762
27.182,8.851
27.702,6.635
27.175,6.771
27.064,6.995
27.300,6.136
28.675,7.785
30.212,9.246
30.769,8.794
31.120,10.354
31.056,10.133
29.090,10.909
26.186,11.008
24.087,5.607
22.327,6.860
21.853,5.785
24.282,6.211
28.609,9.023
31.332,8.124
29.896,7.665
28.173,9.061
27.914,11.138
29.438,12.527
28.437,11.306
30.227,10.389
29.171,11.114
25.961,11.555
24.608,8.359
27.590,7.561
30.768,7.446
30.355,8.810
28.054,10.057
27.969,9.795
29.011,10.654
28.650,11.175
24.880,12.581
23.623,7.869
25.364,8.611
27.183,8.741
26.547,9.126
27.514,9.794
24.794,10.441
24.351,6.977
24.190,8.053
24.349,8.216
27.016,7.024
29.033,9.372
27.872,9.422
28.862,8.868
28.966,11.629
29.595,14.392
29.091,13.543
28.766,14.350
29.087,13.595
24.376,15.551
28.816,12.043
29.496,10.979
32.487,9.168
33.543,12.103
36.148,12.544
36.891,18.293
35.749,13.535
34.202,12.667
31.674,15.808
33.143,11.740
31.674,12.339
30.132,9.961
30.392,14.869
33.575,12.530
34.577,10.177
34.945,16.400
33.097,16.855
31.640,15.272
32.801,12.632
32.843,11.885
34.110,12.765
34.147,15.523
34.216,14.410
35.424,14.848
34.796,12.435
35.534,14.620
34.103,17.196
32.483,14.368
32.301,15.685
33.784,15.037
34.875,16.629
35.637,12.949
37.112,13.708
38.165,15.601
40.514,18.311
40.122,22.763
40.591,21.686
41.360,20.868
41.096,18.336
40.451,20.895
40.206,17.596
41.550,18.211
40.595,18.715
40.387,22.831
40.087,20.851
41.497,19.469
41.707,18.813
42.289,24.471
43.037,24.349
40.572,22.347
42.727,23.250
43.854,22.883
41.860,24.866
41.234,21.679
42.796,25.388
42.323,24.464
40.715,25.357
40.370,26.545
39.063,24.695
41.055,24.629
43.126,25.435
43.584,26.470
43.169,26.390
43.235,27.595
42.648,27.376
43.351,25.774
43.475,26.269
44.044,25.923
44.530,26.280
44.201,27.246
43.603,25.872
46.008,27.080
44.213,26.350
40.405,27.372
41.646,25.715
40.992,26.448
41.577,26.690
39.920,27.064
35.742,24.995
35.838,25.612
38.265,26.099
40.371,26.156
39.154,25.309
42.431,26.053
42.098,25.255
39.502,26.700
41.390,24.704
42.549,27.370
41.474,27.000
41.785,27.185
41.397,27.831
41.389,27.697
41.663,28.101
41.481,27.385
41.859,28.415
39.132,27.074
38.992,27.728
41.912,28.270
43.653,28.742
42.108,29.793
43.763,30.198
43.513,28.342
42.701,29.495
43.127,28.345
43.739,29.127
40.682,27.302
42.638,28.610
42.275,28.079
40.613,28.200
40.079,27.467
40.106,27.969
39.754,27.258
41.894,27.464
41.676,27.402
42.310,26.695
42.872,27.461
37.907,30.212
39.106,27.177
38.121,27.879
38.362,26.567
39.737,26.429
39.485,26.909
39.552,26.183
39.839,27.956
41.034,27.236
44.313,28.458
39.850,28.354
37.040,27.156
37.457,26.790
36.845,25.263
32.473,25.347
37.713,25.259
38.328,27.842
37.471,27.062
30.134,26.548
36.166,25.905
34.802,25.520
32.139,26.044
31.748,25.268
32.362,25.526
28.210,24.588
24.881,23.668
25.909,22.858
31.545,23.093
33.801,24.436
31.271,24.260
27.766,23.728
23.682,22.586
28.964,22.476
31.754,22.513
33.100,22.629
34.285,22.791
34.935,23.027
36.287,23.754
32.812,23.541
30.661,25.163
30.841,24.532
33.644,24.358
33.686,24.527
34.173,24.809
31.341,23.818
35.236,23.501
36.122,23.384
35.668,24.545
36.363,26.529
35.414,27.027
37.677,25.691
38.597,24.916
36.104,23.840
36.294,24.183
26.432,24.674
24.517,23.089
30.031,22.682
29.543,22.639
29.382,24.128
32.516,23.485
24.217,22.357
30.670,22.466
28.772,22.813
30.520,22.936
34.023,23.587
32.613,22.736
35.398,24.970
36.357,24.722
32.137,24.146
31.755,23.823
31.480,24.299
30.171,24.241
27.775,23.356
31.283,22.467
33.103,22.368
33.634,23.507
30.717,23.920
28.202,22.565
34.447,22.810
34.137,21.511
34.534,20.386
33.650,22.550
33.452,21.012
34.444,20.727
35.185,20.495
36.087,20.949
37.530,20.976
37.405,21.155
37.880,20.194
37.545,21.150
35.650,20.859
35.573,19.732
37.463,20.062
34.451,21.771
37.090,20.498
37.133,19.516
38.745,21.204
35.034,23.495
38.014,22.947
37.749,18.192
39.354,23.725
39.377,16.865
40.877,19.661
39.662,18.325
38.407,17.672
38.469,18.709
38.313,16.886
38.871,17.129
38.924,16.505
39.069,17.542
38.769,17.352
39.829,23.754
39.766,20.155
39.946,24.355
40.122,23.402
38.559,22.825
36.544,24.419
37.313,16.012
36.861,15.865
37.099,15.405
38.686,13.992
39.228,14.677
39.001,14.456
38.881,17.294
37.216,16.973
35.665,16.622
35.687,18.172
37.373,15.279
36.765,18.304
36.484,17.722
35.344,16.331
36.083,13.113
36.484,12.653
36.736,15.866
34.358,12.231
33.803,14.696
33.170,14.502
35.131,12.566
34.036,13.033
34.100,13.480
33.746,13.855
34.640,16.018
34.350,16.266
34.804,18.933
34.014,16.942
34.613,13.840
33.866,15.473
33.836,17.927
33.008,16.151
33.220,15.017
32.383,13.584
33.341,14.508
30.642,13.291
29.874,12.652
31.758,9.557
32.272,12.708
32.076,13.442
32.063,16.318
30.259,15.836
30.331,11.631
30.723,12.030
27.670,12.994
27.352,12.021
27.654,11.616
26.434,9.802
26.681,8.596
27.624,6.376
29.696,7.328
30.401,10.024
30.438,10.870
30.798,12.958
31.461,9.926
30.952,11.847
30.182,10.525
29.744,12.247
29.694,11.072
30.659,11.415
30.601,9.815
30.384,11.961
30.582,10.328
30.375,10.699
30.101,12.482
27.279,12.375
27.635,10.116
28.494,10.697
29.980,8.291
30.029,8.886
30.030,9.274
30.399,9.141
29.255,10.137
28.758,7.784
28.728,7.189
28.963,8.761
20.929,11.486
23.135,11.912
24.095,9.328
23.548,7.382
24.776,7.597
24.052,6.575
24.192,7.045
27.516,5.440
26.281,8.841
23.785,7.732
23.822,7.310
25.419,7.117
26.798,8.673
28.205,9.755
26.558,9.277
26.624,8.216
28.166,10.346
27.772,12.504
28.755,11.214
30.213,11.668
31.393,10.822
31.680,12.099
29.682,9.801
27.673,10.521
26.548,8.095
25.444,7.547
27.693,3.587
28.508,6.323
29.327,7.092
30.100,10.007
31.402,9.409
30.876,13.014
29.847,14.780
30.225,11.820
27.284,10.011
28.086,8.004
29.553,6.918
28.763,8.136
29.208,7.988
30.738,8.149
31.848,11.098
31.561,10.104
31.164,10.219
30.822,11.348
32.142,9.724
34.422,13.815
31.171,12.496
27.749,11.702
29.184,11.589
30.745,11.904
31.751,13.210
32.572,14.216
34.858,13.272
32.465,14.506
33.697,12.403
35.883,17.158
35.853,16.374
33.969,15.779
32.344,14.628
33.103,14.882
31.226,15.203
30.451,14.964
30.514,14.297
31.687,14.216
31.333,15.756
31.932,12.757
32.106,13.941
34.095,13.926
33.615,13.584
33.934,15.198
36.251,15.120
35.874,16.193
33.834,16.246
33.342,17.799
34.803,15.275
35.551,19.066
37.359,19.335
35.793,19.185
37.819,16.430
37.765,19.434
36.689,19.365
35.109,16.177
35.008,17.305
34.121,21.699
36.220,20.335
37.005,21.823
36.770,18.551
37.296,18.853
35.629,20.485
32.958,16.476
33.591,14.135
35.653,14.927
34.928,18.335
38.750,17.266
37.651,15.974
39.019,16.958
39.051,19.381
38.380,16.216
38.963,19.864
40.018,19.289
38.733,20.544
37.826,20.317
37.928,20.363
37.070,23.382
38.926,24.630
40.485,23.014
35.888,21.616
36.662,22.398
34.641,22.558
34.148,19.360
35.285,20.173
37.976,20.328
38.819,19.134
43.477,21.588
43.824,20.937
44.719,23.207
42.998,25.947
43.203,24.218
42.115,25.109
42.365,25.290
43.685,24.786
43.644,25.209
44.545,26.399
43.985,27.199
44.383,27.565
44.116,26.181
44.773,27.193
44.208,26.976
43.161,27.531
41.326,25.760
41.059,26.078
42.969,27.478
42.756,26.642
43.097,26.407
43.011,26.459
41.593,26.074
41.035,25.980
41.492,26.934
40.575,26.849
38.912,26.067
38.700,24.777
39.058,26.282
40.082,26.919
40.691,28.146
44.293,27.434
44.146,28.881
42.409,27.915
41.535,27.330
40.805,27.027
38.161,27.781
38.881,24.828
37.164,25.060
37.200,26.556
36.149,26.030
37.973,26.170
36.894,26.091
38.808,25.956
37.911,25.773
37.799,26.318
43.725,26.990
43.672,26.426
40.531,27.630
39.597,27.618
38.537,26.515
37.121,26.709
38.659,25.447
35.819,26.258
33.871,25.472
32.012,23.544
32.163,22.888
37.079,24.525
38.228,25.196
37.454,25.516
37.837,25.203
37.767,25.044
38.889,25.419
39.543,26.734
39.016,26.898
39.431,26.649
39.313,26.314
38.752,26.546
36.413,26.788
33.297,26.935
28.941,25.804
30.939,24.300
30.735,23.867
26.006,24.013
29.270,24.233
33.731,23.836
36.585,24.044
32.442,25.699
33.938,25.323
31.591,25.076
25.264,23.789
29.616,23.719
30.028,23.770
30.821,24.052
27.509,24.355
27.058,24.307
26.977,23.728
27.787,23.969
33.184,23.236
32.207,24.281
30.728,24.374
30.995,23.920
30.922,24.166
30.939,23.589
30.166,23.587
30.298,24.000
32.331,23.585
32.482,24.485
29.243,23.914
30.580,23.830
32.125,23.959
34.951,23.819
35.544,23.677
33.681,22.734
35.687,23.737
33.633,23.982
33.942,23.875
33.326,24.173
33.970,24.534
34.494,23.896
31.697,24.635
32.467,24.427
33.099,24.736
29.613,24.199
30.621,24.397
34.712,23.868
29.980,24.734
24.715,23.108
26.877,22.846
31.780,21.570
30.216,23.327
31.929,22.699
25.487,23.250
31.291,22.637
33.494,23.580
33.623,23.815
33.343,22.237
33.467,21.763
33.092,22.148
32.193,21.512
29.778,21.421
33.735,21.161
35.119,22.294
34.768,22.838
34.949,23.192
36.049,22.908
34.809,23.428
34.393,22.310
33.677,23.952
34.034,21.650
34.917,23.034
34.828,21.120
35.270,21.365
35.457,21.062
35.843,22.514
34.131,20.727
37.286,21.682
36.386,20.175
35.547,20.621
39.257,20.202
37.921,24.186
35.485,23.318
37.028,22.451
37.192,22.092
38.168,21.101
40.055,22.473
40.695,24.051
38.193,17.748
38.132,20.688
40.927,16.715
39.041,20.059
38.054,18.690
36.479,22.850
35.428,22.760
33.961,22.560
34.090,21.400
36.756,22.257
38.108,21.916
37.171,19.395
37.709,19.503
37.558,21.522
36.678,23.068
33.492,22.853
29.053,23.217
35.870,20.142
34.569,21.853
35.542,20.834
37.445,17.294
35.595,17.318
35.582,12.842
36.638,13.831
37.754,13.958
35.883,15.265
35.766,14.896
35.966,16.784
36.362,16.573
38.057,13.943
37.350,14.762
37.645,16.100
37.635,18.959
35.750,16.140
36.824,14.948
35.818,16.180
37.677,15.458
36.689,17.362
35.876,19.311
34.837,17.419
33.482,17.169
33.824,15.119
34.803,17.749
31.548,17.032
30.413,14.904
30.741,10.716
31.271,11.061
31.349,13.303
31.696,12.846
32.006,11.643
31.388,9.998
32.976,10.789
32.774,15.464
33.155,16.396
32.390,14.406
32.809,12.305
32.657,12.247
31.533,12.227
31.038,10.887
29.557,10.627
29.413,10.404
28.030,8.442
27.288,8.503
27.307,8.478
27.472,8.533
28.670,8.528
29.936,8.914
29.790,10.174
30.043,9.929
30.726,9.432
30.178,10.477
30.861,11.361
31.634,10.822
32.359,12.221
32.108,15.144
31.550,12.010
31.544,13.832
29.615,13.618
28.736,13.333
28.368,10.854
29.568,9.123
29.469,12.136
29.461,12.071
29.929,11.400
28.891,13.992
26.919,12.031
26.101,10.500
25.630,8.794
25.808,6.461
26.544,6.182
27.640,6.283
28.692,9.740
28.494,11.723
26.523,11.195
26.716,10.204
27.008,9.400
26.457,9.121
26.678,8.029
26.416,7.145
25.983,6.588
25.566,7.660
24.935,7.985
26.354,8.964
26.218,9.122
25.722,9.458
25.253,8.928
27.300,7.835
28.591,8.801
29.690,8.468
31.700,9.502
30.643,12.551
30.210,14.532
27.035,12.931
25.445,9.694
20.997,10.918
23.005,6.969
23.351,8.218
23.593,7.260
24.570,7.431
25.805,8.053
26.034,8.099
26.950,6.809
24.792,12.931
23.071,10.091
21.958,6.676
22.858,6.578
22.748,6.356
24.741,6.818
28.349,6.775
27.734,8.089
26.646,10.482
28.133,9.653
31.035,11.133
28.647,15.272
25.928,10.278
24.660,7.234
24.296,7.409
19.698,8.205
22.053,11.681
25.737,7.703
26.881,10.357
28.908,10.629
30.130,11.703
32.629,11.437
32.255,15.418
32.051,15.575
32.640,17.312
32.250,15.341
32.640,16.728
34.081,14.614
32.704,16.384
32.374,14.781
29.934,15.186
32.461,14.029
32.960,13.200
33.642,15.282
36.130,17.079
32.663,18.176
29.280,14.023
32.728,13.754
32.451,12.954
34.773,15.343
32.989,15.505
33.090,13.808
32.624,17.801
34.433,18.845
33.789,19.096
32.570,18.944
33.639,18.657
28.333,20.060
33.485,16.201
34.848,16.404
38.265,17.356
37.635,18.496
38.756,18.877
38.147,17.206
35.590,21.574
36.488,16.952
38.101,17.736
37.424,20.675
35.674,18.010
36.952,15.438
36.137,19.508
38.888,19.980
38.170,18.912
38.867,15.216
40.083,21.027
40.747,21.709
39.472,20.224
38.753,15.811
39.301,17.362
40.385,20.227
40.850,23.911
37.594,24.499
33.245,20.036
37.184,19.848
39.016,20.747
38.631,20.860
41.345,21.912
40.523,22.405
41.054,24.234
38.837,21.892
39.609,21.920
40.387,22.486
40.618,23.671
42.544,24.175
40.509,28.480
40.824,23.050
41.875,23.701
41.411,25.081
40.735,26.070
40.130,22.861
41.575,17.737
43.001,19.725
43.988,26.958
43.402,22.216
43.698,23.513
44.137,26.663
45.390,25.989
46.197,28.630
48.474,25.855
48.990,30.895
44.855,27.530
43.775,25.433
42.840,24.499
44.225,26.106
43.455,29.867
43.960,29.115
43.106,27.471
44.044,28.262
44.206,29.204
43.922,29.067
44.133,28.877
44.761,32.169
44.490,30.297
41.568,27.355
41.586,26.354
42.116,26.664
43.198,28.163
43.658,27.952
43.483,28.022
42.907,28.873
41.557,27.433
40.907,25.643
41.355,26.839
40.532,27.827
39.934,28.216
42.521,28.562
42.603,29.627
42.277,27.679
44.651,27.736
41.884,28.118
43.067,28.383
42.230,27.455
42.553,29.182
43.640,28.494
43.833,29.811
45.194,30.123
44.109,32.593
45.802,32.218
44.365,28.988
42.756,31.818
41.232,29.233
41.297,29.084
39.797,27.865
38.017,27.476
38.359,28.234
39.012,27.445
39.164,27.707
40.201,27.562
41.535,27.124
43.126,29.200
38.330,29.213
36.852,29.797
33.444,27.557
35.035,26.547
28.992,25.034
29.840,24.394
36.785,25.079
38.186,25.398
36.371,25.684
36.071,26.234
39.409,26.149
38.484,26.524
39.504,26.227
39.413,26.257
39.183,26.506
36.616,26.378
35.536,25.757
40.438,26.333
38.972,26.761
37.864,27.142
35.770,26.061
35.327,25.160
39.029,24.402
36.468,26.603
36.259,26.067
34.180,25.303
32.017,24.302
29.486,25.420
29.497,25.316
31.064,25.695
29.734,25.647
31.340,24.901
34.487,23.929
38.185,23.941
39.030,25.025
39.674,25.259
40.374,24.427
42.589,25.860
42.217,27.460
40.237,28.264
35.599,26.608
28.825,23.953
32.764,23.276
32.999,23.490
26.020,23.975
33.472,23.443
31.825,23.854
33.053,23.849
26.714,24.349
25.630,23.767
25.599,23.719
29.558,24.496
29.333,23.566
35.142,22.586
34.905,23.802
35.917,23.884
36.401,23.919
29.402,23.605
35.196,22.851
34.021,23.102
31.920,23.731
29.655,23.346
29.093,22.330
28.252,22.497
33.098,21.618
34.405,22.278
28.199,23.318
31.540,21.937
33.497,23.059
36.129,24.239
32.172,23.600
35.668,24.157
36.544,23.651
34.779,23.708
33.872,21.315
34.650,22.166
34.963,21.558
36.536,20.184
35.300,21.028
37.050,21.024
36.715,21.897
35.727,19.550
35.582,20.119
34.398,22.193
33.218,20.408
34.710,19.965
35.887,19.299
38.149,19.585
38.808,21.672
39.260,21.398
38.403,21.545
38.010,24.879
36.843,21.174
38.758,20.568
37.820,23.096
37.935,22.309
36.904,22.480
39.497,22.696
39.550,20.866
39.389,22.537
38.428,20.899
39.085,20.830
39.017,21.636
39.059,21.712
39.872,18.073
38.967,21.189
38.814,18.398
38.003,18.613
37.648,18.720
37.567,24.320
37.757,20.806
38.886,17.009
36.051,18.196
35.787,18.233
37.187,18.883
37.643,17.367
36.938,17.641
36.830,18.857
36.586,19.266
35.812,20.247
34.884,15.642
35.319,17.454
36.332,15.766
37.021,14.782
36.114,12.631
35.333,12.575
35.557,15.931
34.967,16.467
37.212,17.773
35.205,18.374
36.854,18.091
35.519,14.640
34.598,13.048
34.222,13.809
34.474,14.645
33.626,14.364
32.394,16.154
32.024,16.093
33.343,16.989
33.875,14.709
31.600,17.853
31.183,14.614
31.092,15.839
31.592,14.609
32.995,14.666
32.644,11.903
33.526,14.586
33.010,14.118
32.940,15.106
33.694,15.564
33.063,13.998
32.006,12.612
32.379,12.141
33.007,14.582
33.296,15.011
33.263,13.011
30.898,11.977
31.440,14.635
31.377,13.287
29.824,13.223
29.976,12.777
30.652,12.341
30.471,9.069
30.028,12.750
29.541,13.194
30.769,14.368
31.615,16.984
30.564,13.983
29.574,11.894
30.045,10.160
31.269,12.776
31.725,12.541
32.149,12.269
32.580,12.921
33.395,13.315
32.811,12.595
32.147,12.455
30.511,14.873
30.575,16.179
29.807,12.730
28.985,12.338
30.047,12.031
28.469,12.763
25.974,11.133
26.172,9.789
27.485,11.434
25.161,9.870
26.587,8.289
25.597,8.891
22.332,9.489
21.669,6.670
21.761,6.367
25.144,7.718
23.507,9.231
26.102,8.032
29.467,9.240
28.012,12.904
25.422,8.663
26.714,9.998
26.450,15.054
27.021,10.580
28.072,11.586
26.970,11.214
26.621,8.104
27.999,6.465
27.579,7.568
27.156,6.694
27.455,7.433
27.724,7.940
28.384,10.578
29.371,10.516
29.851,11.105
30.325,10.091
30.798,11.540
32.427,12.477
31.846,14.534
32.421,13.138
29.625,13.749
28.388,12.445
29.661,9.468
28.545,17.466
26.237,10.099
26.029,12.069
26.055,11.608
26.093,11.032
28.181,10.846
30.426,9.980
32.140,11.550
29.569,12.904
28.985,11.953
28.930,12.667
28.983,13.180
28.776,11.841
30.233,10.357
30.402,13.123
32.092,12.021
33.300,13.833
30.823,19.083
24.221,18.485
27.153,14.287
27.982,12.702
29.695,13.746
31.708,14.273
33.003,15.056
33.288,15.433
32.651,16.696
34.585,16.912
35.346,16.807
34.707,18.727
35.631,18.204
34.271,19.647
29.996,15.061
27.297,7.808
28.467,9.467
31.686,11.510
33.561,13.160
33.268,12.641
35.156,13.073
34.489,16.760
33.380,16.392
31.906,15.005
34.530,15.307
36.551,17.385
35.851,15.196
34.631,16.391
33.176,15.656
35.850,18.161
36.211,18.684
36.974,18.732
37.264,19.176
38.223,15.920
38.194,20.517
38.799,21.686
38.932,21.999
40.731,23.148
37.958,21.305
38.695,20.499
38.118,20.361
37.260,21.759
39.060,19.450
39.449,21.704
39.968,19.067
39.704,21.009
38.312,22.188
38.343,21.478
39.094,23.726
40.224,22.808
38.453,18.567
39.967,17.719
41.446,19.876
39.870,24.137
39.731,26.748
39.274,23.184
37.641,20.941
39.072,22.960
38.620,21.997
38.661,26.566
40.263,25.968
37.453,25.706
38.244,21.180
42.684,21.881
43.170,23.724
42.423,24.698
41.877,23.592
41.159,23.374
41.559,24.357
41.563,22.989
42.483,20.312
44.840,22.386
43.180,24.699
44.183,27.550
41.450,25.485
39.249,24.923
39.498,18.899
39.884,22.075
40.177,23.094
40.063,22.239
42.288,20.011
44.458,22.875
45.393,21.417
43.617,27.352
43.626,28.831
44.278,27.673
43.363,27.319
44.226,25.653
44.113,26.675
43.675,29.716
42.597,30.274
41.815,27.577
41.965,26.894
42.472,27.785
40.036,26.272
41.149,26.618
42.904,27.665
41.236,27.802
39.764,25.261
37.589,27.804
41.609,26.469
40.975,28.773
43.246,28.485
43.112,27.627
42.922,27.714
43.863,29.353
44.367,29.507
44.903,29.300
43.182,27.824
42.975,27.880
42.066,28.155
42.147,28.125
43.331,28.077
42.700,28.418
42.131,27.829
42.954,29.039
42.132,28.834
41.717,28.617
41.332,28.819
40.189,28.212
34.274,26.584
28.750,25.127
33.133,24.175
30.213,24.336
37.233,25.042
40.416,26.524
39.502,27.150
38.423,27.189
34.357,25.986
31.646,26.080
37.807,25.833
36.978,25.266
38.260,25.681
37.927,25.798
37.577,26.432
41.034,26.581
40.206,26.983
37.261,26.751
30.025,25.891
32.852,25.235
32.668,25.258
34.948,24.975
32.440,25.227
31.918,24.701
30.052,24.547
34.094,24.341
33.638,25.042
36.488,25.240
30.716,25.278
30.880,24.868
35.235,24.689
35.755,24.617
35.988,24.901
31.024,25.410
30.401,25.338
31.005,24.458
33.180,25.016
26.390,24.452
29.368,23.729
28.953,23.774
30.901,23.632
26.689,24.336
26.982,23.492
30.412,23.705
29.785,24.099
29.140,23.924
29.324,23.213
29.257,22.920
29.798,22.997
30.451,23.661
34.325,23.621
34.198,23.741
32.369,25.021
31.774,24.107
30.450,24.353
27.177,23.970
32.388,23.291
31.795,23.581
33.176,23.877
31.575,23.831
32.471,24.304
32.615,24.782
33.794,23.232
33.083,23.348
34.638,23.406
34.438,23.578
35.187,23.906
35.972,25.809
31.588,25.103
28.614,23.756
26.172,23.024
28.651,23.251
30.436,23.646
32.708,22.768
25.116,23.327
29.616,23.354
26.392,23.161
30.115,22.723
29.125,23.314
31.532,23.868
30.318,22.884
33.151,21.127
23.942,22.546
27.395,21.087
34.204,22.246
35.648,23.509
31.413,23.593
34.008,20.921
33.603,21.886
34.007,20.595
32.107,21.891
35.502,22.241
29.219,21.311
35.115,22.797
35.954,23.123
33.884,23.202
34.900,21.160
38.032,21.690
32.460,22.581
33.850,24.358
35.213,22.249
34.622,23.386
34.409,20.190
34.675,21.217
36.161,18.979
36.060,20.774
34.959,21.954
36.850,21.755
35.360,22.061
36.001,16.063
35.046,14.187
32.909,15.180
34.193,17.913
34.112,20.104
36.995,18.331
37.311,21.448
35.080,20.194
35.093,19.017
37.167,18.445
34.981,16.376
35.359,17.373
34.981,17.232
34.877,15.208
35.086,14.807
36.213,13.822
35.076,15.910
34.377,13.729
34.078,13.902
34.391,13.752
34.746,12.458
34.032,12.128
32.958,12.898
33.513,12.209
32.478,13.240
32.813,15.781
32.463,14.799
33.366,16.080
33.511,15.123
33.337,17.737
33.810,15.865
33.452,18.589
33.753,18.071
33.831,22.137
33.034,16.141
33.004,16.370
33.395,18.599
33.291,17.194
32.518,14.260
31.768,12.436
31.144,13.042
30.317,12.938
30.995,13.880
31.570,14.766
31.295,17.045
32.108,16.029
29.787,15.169
30.427,14.126
30.597,13.493
31.331,14.525
31.292,10.582
31.434,13.716
30.848,17.044
30.761,15.389
31.703,14.900
30.184,12.986
31.256,14.442
29.461,13.600
30.391,12.496
31.112,10.700
30.543,12.007
30.819,10.742
31.499,12.152
30.758,14.223
30.985,11.640
32.401,12.277
31.693,15.659
29.279,14.411
29.917,13.360
30.264,14.592
30.685,12.653
30.058,13.590
28.851,14.499
24.889,12.282
24.052,9.677
25.393,9.730
25.446,9.761
26.065,10.743
25.981,9.748
26.446,10.531
26.638,8.563
25.701,9.789
25.635,9.281
26.906,9.715
23.979,7.214
22.524,7.753
23.813,6.894
25.130,6.342
27.526,7.260
26.766,6.610
26.424,9.085
25.802,8.983
25.543,10.053
23.631,10.927
21.633,10.184
21.407,9.844
25.294,8.551
25.743,8.657
27.737,7.790
28.828,8.538
29.683,8.440
30.518,10.065
30.760,10.989
30.624,10.781
32.333,11.364
29.666,13.703
26.592,11.965
26.449,8.356
27.974,10.097
26.883,15.324
25.385,9.534
22.883,9.395
23.298,8.205
24.888,9.654
25.135,8.514
24.898,9.177
25.727,8.017
27.089,9.216
24.988,10.438
24.519,13.246
21.973,7.925
22.781,7.128
25.400,7.071
29.159,5.352
26.693,7.689
26.519,8.193
28.425,6.158
29.924,6.995
30.435,10.242
28.115,13.004
28.487,9.580
30.219,11.800
30.848,12.404
30.936,14.187
31.663,12.930
32.516,11.395
33.363,13.672
32.240,13.673
32.542,13.381
32.373,14.668
33.166,12.571
34.868,16.064
34.315,15.170
34.593,15.348
36.536,14.420
35.569,16.501
34.735,17.033
35.110,16.401
34.100,14.381
33.261,16.986
34.557,15.479
34.800,15.156
35.926,16.615
35.460,17.768
36.166,17.330
36.586,15.988
37.001,13.737
37.336,15.508
37.659,13.862
37.501,17.821
39.618,16.861
39.397,16.340
39.669,21.139
39.923,21.005
42.276,18.988
41.141,21.713
41.014,21.884
39.791,18.920
39.842,17.468
39.907,19.806
40.372,19.423
40.411,20.974
37.574,20.506
36.409,16.582
34.649,13.610
37.075,14.425
38.736,18.556
38.509,17.429
38.952,17.795
37.952,17.981
38.088,20.333
38.701,18.639
38.463,20.951
39.849,21.935
40.496,23.346
39.254,19.820
39.552,20.622
39.216,22.613
39.386,22.423
39.598,19.935
41.186,21.236
41.044,23.210
41.724,22.977
41.676,24.464
41.626,24.929
41.523,22.734
38.770,23.523
38.158,22.098
37.879,21.054
40.393,22.831
41.409,22.055
41.039,22.508
40.983,21.351
40.379,22.585
42.368,20.745
42.137,20.672
42.955,22.762
41.811,24.780
40.847,24.616
39.453,24.846
41.112,20.474
41.737,21.352
43.237,22.185
43.675,23.548
45.444,24.123
44.832,24.918
41.431,27.532
39.656,31.349
39.186,28.235
40.790,25.864
38.107,26.843
37.555,25.975
34.036,26.693
37.824,25.880
40.458,27.189
41.997,26.941
41.722,28.088
43.548,28.584
42.572,27.726
42.192,26.788
41.658,26.424
42.058,26.937
41.345,26.616
41.137,26.793
40.997,26.584
40.149,25.800
42.240,26.985
41.965,25.526
43.456,27.196
43.305,25.606
43.025,27.612
43.990,27.827
43.245,28.926
42.694,28.081
42.693,28.220
42.843,27.803
43.250,27.397
41.902,27.178
37.090,29.264
38.154,28.448
39.584,26.548
40.481,26.074
43.081,29.086
43.862,27.102
41.245,27.720
34.615,28.860
32.837,27.895
36.041,26.543
34.483,25.865
38.476,24.890
38.249,25.802
39.112,26.096
38.748,26.159
38.349,26.075
36.365,26.306
37.497,25.891
36.747,26.185
37.212,25.112
35.708,25.333
34.623,24.541
37.832,24.901
39.376,25.244
34.247,25.723
40.345,26.045
35.327,26.173
42.850,27.837
34.938,26.762
36.432,25.712
34.979,25.684
34.552,25.357
36.172,24.311
37.246,24.635
38.434,25.217
38.638,24.867
39.146,25.771
39.453,26.470
40.518,26.535
40.831,26.777
36.526,25.731
36.232,24.842
34.597,25.073
38.867,24.811
38.099,25.454
41.045,24.036
43.068,25.096
39.212,26.691
33.101,26.886
32.556,25.238
37.824,25.837
35.088,26.490
35.620,25.053
35.686,26.007
33.129,24.053
33.669,24.446
33.586,25.020
35.112,27.337
34.123,26.706
35.571,25.643
30.660,24.174
25.835,23.459
28.501,23.678
30.380,23.163
27.789,23.900
30.100,23.630
33.334,22.252
28.743,24.147
34.134,23.308
29.736,23.275
29.710,22.522
29.784,22.439
30.843,23.176
30.732,22.966
32.765,22.763
32.147,23.032
30.329,23.558
32.033,23.118
32.912,23.258
32.997,22.649
32.603,21.808
32.598,21.868
33.283,21.410
34.019,21.067
33.722,21.498
34.365,20.793
35.811,20.602
35.591,21.547
33.867,22.040
34.979,22.034
38.056,22.029
38.296,23.003
37.679,22.164
36.058,22.385
34.729,22.626
35.136,21.334
34.163,20.483
34.298,20.582
33.285,21.322
33.301,20.828
33.324,20.427
34.439,20.936
36.113,21.525
34.762,22.790
36.016,20.252
36.532,22.596
35.884,20.593
36.009,23.563
36.584,23.892
35.694,22.147
32.183,23.177
36.219,20.998
37.406,23.632
37.992,25.261
33.172,22.642
35.160,22.795
30.236,22.678
30.600,20.614
31.821,21.902
30.250,22.576
35.274,21.348
35.142,20.540
33.961,22.775
33.317,21.514
31.816,21.078
32.267,20.230
33.537,16.831
33.834,17.970
33.998,16.422
32.817,13.646
31.878,13.989
33.280,13.634
34.109,14.723
34.210,14.803
32.754,14.462
35.139,14.895
34.096,14.804
32.971,14.389
33.015,13.309
32.496,16.966
31.913,13.881
34.421,13.151
32.838,17.230
32.505,19.620
32.185,15.645
31.170,14.071
32.484,15.757
32.229,18.234
31.388,16.822
30.304,15.211
29.920,13.248
29.304,14.268
30.263,17.629
30.698,15.388
31.083,13.903
31.832,15.473
32.767,16.519
31.637,15.744
33.257,15.856
31.906,14.248
33.257,12.752
31.541,15.414
33.120,14.247
32.678,19.358
32.624,17.521
32.209,15.647
33.305,13.365
32.063,12.866
31.752,12.251
31.105,15.505
30.984,15.755
30.392,13.871
31.378,14.630
29.840,14.997
29.474,12.575
29.119,10.291
27.649,11.625
28.433,14.262
29.208,11.977
28.944,12.304
29.707,12.679
29.670,13.685
29.164,13.067
29.905,13.370
30.849,14.029
30.204,12.025
29.465,13.417
28.614,11.966
29.414,11.896
30.109,10.126
30.139,11.927
30.446,10.145
30.424,11.132
30.208,9.400
28.704,10.838
27.113,15.705
26.657,12.587
27.764,12.164
26.411,9.904
25.143,11.431
25.632,12.057
23.914,8.988
26.409,8.662
28.661,10.623
28.609,11.650
29.213,15.282
25.979,18.197
24.858,7.784
25.088,5.993
24.875,8.690
25.488,8.317
27.989,9.319
25.873,10.285
25.658,8.457
26.705,8.841
27.280,7.459
25.576,9.716
24.171,8.448
25.239,8.611
26.586,6.116
27.655,8.436
27.163,10.120
25.192,8.476
24.498,7.733
21.890,7.540
22.999,7.206
24.051,6.513
24.553,9.183
26.355,6.538
23.836,8.969
25.682,8.431
24.247,10.610
25.400,7.821
22.145,10.174
25.536,9.578
24.254,9.284
23.872,9.673
24.892,10.804
24.574,8.014
25.245,5.735
26.970,7.865
27.797,8.983
27.633,9.781
30.209,12.741
29.096,12.311
29.886,13.433
32.301,14.288
33.700,15.277
32.363,16.524
32.658,12.822
31.075,17.196
33.247,15.046
32.098,15.963
30.246,13.843
26.454,12.243
25.885,6.338
24.004,5.437
22.791,5.376
24.021,8.193
25.147,7.653
27.979,7.942
30.475,9.218
31.025,13.146
32.866,13.551
34.921,14.718
35.137,17.023
35.125,16.750
34.863,20.310
35.409,19.073
34.578,19.678
33.410,15.437
33.814,17.110
32.244,19.277
31.286,15.636
30.517,18.550
27.730,14.746
30.458,14.175
32.120,14.771
34.679,13.977
35.864,12.890
37.485,14.866
38.126,16.603
38.795,19.143
38.054,16.857
37.846,17.189
37.223,18.641
36.646,19.373
33.230,18.720
34.110,14.364
33.203,17.583
35.178,15.882
37.438,19.196
36.310,19.289
37.404,16.592
38.562,18.480
34.752,19.173
34.557,18.046
35.020,16.633
39.276,17.688
39.825,17.843
40.886,18.316
40.115,16.436
40.757,17.000
38.628,21.080
36.385,18.329
35.470,14.398
33.323,14.075
33.813,15.757
37.531,16.462
38.598,17.725
39.444,16.588
39.295,18.142
38.711,17.294
41.489,21.009
40.945,19.574
42.561,21.347
44.622,22.437
42.061,25.198
39.898,24.915
38.969,26.591
39.771,22.681
38.690,22.208
40.126,26.910
40.174,22.781
38.709,22.861
38.480,21.330
37.503,23.013
36.041,24.416
38.261,24.131
36.003,22.587
35.657,23.677
35.418,23.210
38.005,24.971
39.949,26.727
39.747,25.355
38.943,23.334
39.825,22.861
38.549,20.673
39.917,22.718
41.183,23.089
41.779,24.222
42.444,24.861
43.232,25.697
41.509,27.236
41.723,25.419
43.136,28.371
43.977,30.024
42.810,27.315
41.960,27.849
41.805,27.608
43.832,27.316
42.382,28.653
40.931,25.711
41.210,25.832
41.884,27.755
40.464,26.939
41.132,26.677
41.252,26.557
42.670,28.070
42.825,29.343
42.165,27.226
41.264,27.802
43.691,27.724
42.518,28.233
41.603,26.744
42.210,27.515
43.014,28.539
43.621,27.211
43.662,28.534
42.092,27.873
38.064,27.768
40.855,25.912
39.598,27.841
41.334,28.337
40.369,28.654
41.849,27.486
40.728,30.568
42.850,29.663
40.186,28.566
39.083,27.456
39.163,26.351
38.497,26.297
36.913,26.521
37.414,26.650
37.238,26.080
36.757,26.280
37.680,26.147
37.373,25.643
35.320,25.875
35.738,25.835
33.253,25.464
33.796,25.278
34.017,25.057
35.876,25.004
31.466,25.629
36.842,25.959
35.822,25.883
33.483,25.407
35.689,25.243
30.476,25.153
33.951,24.856
35.303,25.032
34.434,25.503
26.899,24.959
25.618,24.467
34.214,23.964
36.755,25.240
36.889,24.898
37.259,25.056
37.758,25.012
38.181,25.112
30.334,25.976
39.026,26.467
36.934,25.948
33.302,25.313
31.603,25.044
27.806,23.871
32.472,23.869
35.486,23.890
35.518,25.078
32.137,25.149
29.513,24.382
30.352,24.368
30.713,24.004
28.736,23.669
30.302,23.713
29.568,23.269
29.343,21.517
33.369,21.812
33.406,21.951
34.237,22.428
32.904,22.863
35.026,23.716
33.722,22.474
31.063,23.938
28.267,23.146
34.254,22.914
33.154,23.262
34.813,23.219
34.489,22.589
35.236,23.792
34.403,22.849
34.256,22.671
34.271,21.660
34.089,21.961
35.198,21.683
35.041,21.603
36.215,21.924
35.521,21.782
35.852,21.335
36.299,21.628
39.792,22.792
38.006,23.685
39.628,23.809
38.772,26.273
36.513,25.434
37.950,24.946
36.230,25.328
34.292,23.445
34.115,23.736
33.932,22.875
31.578,23.420
32.741,23.351
29.607,22.903
27.844,22.695
28.131,23.465
29.938,22.619
29.712,23.176
30.925,23.086
31.695,22.974
34.058,23.337
32.795,22.779
30.990,23.454
23.828,21.764
30.253,20.972
30.123,21.028
30.399,21.357
31.522,20.250
34.237,20.307
32.624,18.245
32.907,18.655
33.446,19.380
33.106,18.865
33.309,17.972
33.991,17.754
34.494,18.220
33.969,20.333
33.452,18.216
33.410,18.937
33.978,18.915
34.001,18.206
35.431,18.096
33.946,19.072
33.374,17.565
33.328,17.488
32.654,14.869
34.346,15.222
32.750,17.549
32.696,19.097
33.460,15.198
33.306,15.682
31.786,16.375
31.656,14.498
31.351,15.099
32.522,16.667
33.122,16.316
32.718,15.383
33.713,14.108
32.561,15.777
32.180,11.409
31.976,13.663
31.458,13.077
31.297,12.867
31.310,14.566
31.128,16.211
30.992,13.985
30.931,16.096
31.136,14.127
30.418,13.861
29.580,11.631
30.360,9.770
30.672,10.699
31.204,11.028
32.313,12.932
32.183,14.308
31.689,12.518
31.848,13.694
31.921,14.210
31.150,12.109
32.983,11.047
32.106,11.991
32.622,11.289
32.129,11.385
30.786,11.008
30.324,13.967
30.003,13.721
30.084,13.317
29.377,12.289
30.347,12.391
29.622,12.691
27.822,12.971
27.298,12.705
27.106,13.144
24.526,14.252
27.003,12.082
27.969,10.278
28.667,8.679
29.077,9.129
28.092,9.537
26.729,8.817
26.474,9.933
25.638,9.769
26.048,9.319
26.224,7.816
26.230,10.054
26.285,9.736
26.735,10.419
25.821,8.422
25.259,10.042
25.671,7.572
26.399,9.400
26.747,11.253
25.229,10.607
24.582,10.638
23.263,8.910
24.041,6.952
24.923,5.533
27.252,7.180
27.940,7.401
27.405,11.600
26.587,8.849
26.555,9.020
27.802,8.497
26.742,10.985
24.295,8.349
24.436,8.063
24.102,9.161
25.349,10.091
25.265,9.212
25.707,9.016
27.209,8.265
29.163,7.417
28.846,8.541
28.486,10.792
29.360,10.839
28.628,8.971
31.053,9.178
31.900,10.904
30.336,14.804
29.548,13.028
26.327,13.513
26.658,12.981
25.386,10.768
25.415,8.898
23.805,8.466
24.012,7.899
24.710,7.904
26.038,7.240
27.119,7.048
28.968,7.471
29.401,8.157
31.134,9.531
32.483,10.795
32.456,11.722
31.549,12.715
31.680,14.154
31.515,13.192
31.555,10.224
32.037,9.177
31.046,9.484
30.537,11.308
32.143,13.330
31.695,11.159
32.543,9.995
33.415,10.924
34.361,11.828
35.003,14.365
33.022,14.846
33.704,13.598
34.291,14.225
35.679,15.261
35.635,18.585
35.914,17.371
36.509,16.556
36.731,16.677
36.422,15.275
35.836,15.062
36.854,17.745
35.952,22.945
31.093,19.742
34.507,18.436
32.817,16.470
32.956,15.509
33.815,14.404
33.801,14.338
33.190,12.369
33.506,15.208
34.258,15.803
34.381,17.077
25.723,15.013
24.817,12.150
28.041,12.032
32.452,13.653
31.601,15.023
29.084,18.132
30.460,16.968
32.027,18.176
33.662,16.657
33.032,17.304
32.214,22.878
36.080,17.244
33.734,20.365
34.701,17.142
36.322,16.645
36.051,18.247
35.842,18.624
35.733,17.532
34.721,16.805
35.000,16.004
35.291,17.725
36.165,16.725
38.326,14.295
36.264,17.848
37.799,19.400
37.562,18.832
39.170,18.484
39.173,19.033
41.106,20.664
40.917,21.755
40.667,22.309
39.623,21.600
38.585,20.775
37.869,17.269
39.138,17.684
38.456,20.462
38.340,20.608
38.468,24.319
38.383,22.671
34.595,23.330
36.970,18.270
38.188,19.738
39.149,20.438
40.412,24.506
39.628,23.486
39.313,23.895
42.228,21.970
41.041,24.255
40.725,23.497
40.945,22.850
41.020,22.936
41.946,24.902
44.219,27.018
42.613,24.965
42.281,25.073
45.630,24.683
46.113,25.072
44.907,25.753
44.038,29.060
43.204,24.783
42.951,25.091
43.357,25.197
43.690,26.415
42.961,28.834
42.806,26.687
42.497,25.570
41.940,26.540
42.110,26.317
42.260,26.257
43.471,27.234
45.310,28.070
40.466,28.282
39.073,26.692
37.758,26.015
40.942,27.573
41.086,26.213
42.499,28.423
44.045,28.274
44.456,28.025
45.049,29.394
45.760,28.911
44.715,28.605
44.054,30.541
42.490,29.927
41.006,30.279
29.523,25.449
36.227,24.903
37.234,25.011
38.593,26.753
38.122,25.629
37.006,26.450
38.888,26.710
39.531,26.559
39.976,27.985
40.403,27.063
38.579,25.890
37.893,25.465
38.095,26.529
38.585,26.766
40.001,27.099
40.289,25.984
41.069,26.504
39.295,28.475
42.301,27.247
43.281,26.954
42.853,29.388
45.500,31.083
44.926,30.321
41.514,30.012
39.630,29.220
37.204,28.002
34.508,26.909
37.228,25.500
36.012,26.210
38.560,26.125
41.595,26.157
42.681,27.736
39.930,29.964
39.703,30.198
31.714,25.995
28.700,25.045
33.518,25.095
35.057,24.987
27.024,25.026
29.618,24.843
26.268,24.312
31.463,24.677
36.437,24.790
35.126,25.261
36.072,25.410
35.733,25.934
37.159,26.164
32.396,23.817
27.070,23.384
27.051,23.071
35.774,24.083
30.681,24.203
29.769,24.268
28.627,24.533
34.577,24.254
30.004,24.149
30.481,23.404
31.531,23.565
30.398,24.146
28.519,24.127
23.967,23.082
26.496,22.528
29.790,23.283
28.785,23.465
31.188,23.350
31.399,24.114
26.662,23.372
29.088,23.511
29.697,23.361
29.485,23.688
27.278,23.471
29.675,21.945
31.167,23.933
33.482,22.880
29.640,23.518
30.864,23.476
29.948,23.679
28.485,23.410
25.512,22.724
24.880,23.022
27.281,23.280
26.571,22.860
27.059,22.328
29.329,21.953
27.437,20.856
26.428,22.115
25.527,22.264
25.664,21.291
30.214,20.596
33.492,21.761
23.973,21.273
29.212,21.189
29.275,22.453
31.828,22.774
32.179,21.465
32.527,23.368
28.652,23.074
26.083,22.061
28.661,21.815
29.647,22.229
31.728,19.664
31.344,21.444
31.080,22.873
32.902,23.102
33.011,21.554
32.103,21.024
32.680,21.934
33.801,21.268
33.291,20.453
35.433,22.193
36.759,23.079
36.262,22.028
31.370,22.436
34.779,22.789
31.399,23.421
33.883,22.703
32.639,21.279
33.700,23.169
33.310,20.358
33.560,22.697
34.188,21.434
33.968,22.418
34.453,22.143
35.528,20.495
36.824,20.399
35.776,19.951
33.764,20.282
33.157,19.919
33.172,18.537
33.257,19.100
33.986,19.178
33.887,19.098
33.299,17.574
32.361,15.525
33.423,17.650
35.672,19.120
35.378,18.051
37.213,17.952
35.295,18.501
34.856,20.652
33.776,19.905
33.785,18.125
33.203,18.522
33.866,20.055
33.134,17.100
34.098,14.878
33.758,15.140
33.701,16.616
32.369,17.269
32.066,14.784
32.390,15.308
32.112,14.487
32.395,15.316
31.288,13.826
31.235,14.873
31.351,14.261
32.635,12.420
32.481,13.022
31.927,14.794
31.118,16.320
32.450,17.542
32.273,13.370
30.689,13.750
30.483,12.958
30.728,12.900
30.453,12.703
30.175,12.951
29.813,12.033
30.435,14.521
30.613,12.581
30.224,11.907
30.032,15.036
29.768,13.435
30.580,15.729
29.556,13.448
29.371,15.054
27.412,12.116
26.308,12.059
27.601,9.790
27.872,11.317
22.938,12.549
27.451,12.385
27.703,11.888
27.129,12.964
29.859,13.749
30.193,12.579
28.427,13.812
28.220,18.394
28.200,14.282
27.708,12.586
27.687,13.098
28.771,10.950
26.156,10.646
25.008,9.888
26.464,9.357
27.795,11.101
29.560,10.027
29.518,13.189
28.930,14.860
28.430,9.711
28.095,11.019
27.873,9.534
28.246,9.758
26.992,12.514
27.349,12.483
28.673,12.758
28.312,12.578
29.342,12.395
26.811,14.383
25.662,10.497
27.396,9.057
28.541,8.986
27.395,9.997
25.899,9.917
25.046,10.159
24.865,10.026
25.371,8.937
25.607,9.588
24.586,9.753
24.298,8.735
26.175,9.310
28.311,9.827
26.880,11.771
26.267,10.405
25.631,10.066
24.873,10.449
25.601,8.785
26.672,9.616
26.404,9.907
25.000,8.788
27.122,9.962
28.087,7.651
26.069,9.833
25.974,10.178
26.010,9.550
26.472,10.671
28.504,10.683
29.778,9.972
31.463,11.360
31.290,12.620
31.782,16.265
32.367,16.490
30.660,17.155
30.784,14.482
30.253,13.873
31.156,13.765
32.023,15.201
31.227,13.135
31.181,12.407
30.046,11.526
30.355,13.662
29.690,13.831
30.689,12.910
27.346,15.281
28.153,14.820
27.415,11.468
25.053,13.235
25.392,9.137
24.755,13.240
27.202,10.508
27.563,12.410
28.622,12.335
30.491,14.915
31.445,13.678
32.964,14.272
32.712,16.557
32.227,17.466
31.530,16.916
31.632,14.318
30.848,15.443
32.691,13.396
33.284,16.137
29.144,15.961
28.113,15.035
29.903,12.874
33.044,14.816
31.777,15.218
30.956,15.470
32.118,14.728
31.952,12.054
32.510,12.989
32.460,18.669
34.299,16.840
33.112,16.024
31.342,17.789
30.545,15.155
30.436,14.128
33.911,14.482
36.084,16.704
38.035,18.946
37.565,20.590
36.583,20.124
35.150,20.183
35.497,17.680
36.463,18.087
35.763,18.658
34.692,17.505
36.763,18.099
38.948,19.759
41.066,20.386
41.039,20.753
42.883,21.195
41.552,23.905
39.247,22.824
38.718,19.727
38.500,20.516
41.018,20.458
40.717,20.993
42.569,23.074
41.671,22.378
40.043,19.504
39.856,20.661
42.371,20.004
40.720,21.694
42.239,23.277
41.726,21.558
42.094,23.341
43.316,25.415
42.796,24.948
42.968,27.559
42.891,23.992
43.587,23.803
43.623,31.426
41.134,26.356
40.256,24.492
39.978,23.484
41.007,22.917
41.710,25.599
42.376,26.130
42.492,25.873
43.050,28.620
43.594,26.947
45.238,26.944
46.912,26.712
44.209,30.186
43.861,28.084
44.063,27.997
43.906,26.022
44.092,27.446
43.149,27.944
42.966,27.041
43.564,26.103
43.914,26.221
43.486,26.762
43.173,27.723
42.399,26.788
42.156,26.656
41.980,26.238
41.597,26.391
42.029,27.228
42.610,26.608
41.825,27.039
40.599,28.267
38.223,26.943
39.755,25.629
40.502,25.018
40.942,27.386
39.752,26.255
40.203,25.817
41.228,28.211
39.908,27.556
37.000,27.120
40.995,24.404
43.286,26.012
41.339,29.537
42.668,29.792
38.610,28.908
35.632,27.546
35.542,25.637
36.735,25.900
42.061,27.964
43.249,29.788
42.824,29.684
42.404,28.273
42.317,27.309
42.660,28.262
43.621,29.584
42.237,29.792
37.141,29.654
39.876,27.396
39.737,28.572
38.796,27.558
39.425,27.665
38.757,26.940
38.335,27.153
39.151,28.078
38.064,29.550
35.678,28.044
30.115,25.023
32.497,23.815
33.496,25.513
33.501,24.392
34.116,25.747
38.348,26.435
35.596,28.339
31.732,25.543
26.148,24.757
25.837,23.777
28.659,24.255
29.525,24.584
30.718,24.240
30.561,25.184
30.358,24.165
26.786,24.312
30.329,24.119
31.703,24.083
32.618,24.500
32.440,24.666
32.983,24.434
33.272,23.924
32.663,24.158
35.087,23.878
35.604,24.782
33.769,23.952
35.149,24.149
35.375,23.947
33.541,24.303
34.846,24.376
32.859,25.621
30.722,23.812
35.783,23.963
32.678,24.991
34.624,24.338
33.763,24.145
33.593,24.524
33.407,24.127
32.981,24.693
25.901,24.054
32.097,23.637
30.571,23.830
31.069,23.796
31.181,24.718
31.018,25.154
25.056,24.236
27.792,23.859
29.912,23.853
27.500,23.623
26.201,23.992
25.076,23.418
25.408,23.551
29.909,23.463
26.916,23.916
30.080,23.649
35.788,22.415
32.448,23.802
25.594,23.314
28.966,22.833
29.305,22.932
32.111,22.097
35.265,22.160
34.721,25.210
32.098,24.208
33.829,24.259
33.950,23.249
30.750,23.886
28.909,24.298
31.522,24.411
32.755,24.435
32.317,24.386
30.007,25.216
31.771,24.490
30.638,23.537
29.695,23.592
30.938,23.112
31.080,23.176
30.922,21.883
31.816,22.493
32.354,21.513
33.505,21.382
33.537,21.051
33.874,22.255
35.116,23.255
34.083,21.629
35.164,23.935
34.096,24.207
36.003,25.279
33.338,24.579
33.333,23.880
31.254,22.674
29.625,20.990
32.005,20.433
34.025,19.992
31.805,23.241
32.275,21.400
36.414,20.828
34.818,19.704
36.108,18.827
35.164,16.554
34.712,17.387
35.206,18.501
33.013,20.307
33.983,20.590
35.183,15.928
34.052,19.724
32.547,19.394
28.562,21.208
33.980,19.149
35.116,20.003
33.978,16.945
33.054,14.651
34.647,14.672
33.834,16.023
34.310,13.352
34.503,12.782
34.925,13.014
35.565,13.809
33.627,13.671
35.017,15.157
34.400,17.454
33.910,15.409
33.240,16.485
33.108,14.743
34.083,14.902
34.435,16.482
33.873,17.803
31.898,17.496
32.205,16.926
33.329,19.389
32.637,17.132
32.634,12.703
34.819,18.620
35.332,19.257
34.474,15.015
35.574,17.221
36.234,17.550
34.346,22.240
34.645,19.035
34.054,16.511
33.379,16.926
33.728,14.843
31.978,16.459
31.536,14.611
32.187,14.731
30.839,15.091
29.638,10.911
30.012,10.233
30.272,9.869
30.646,12.070
31.043,12.035
31.665,13.865
31.863,13.052
31.102,11.296
31.149,12.359
29.452,9.299
29.823,10.595
29.123,13.349
28.934,14.135
27.804,13.400
27.836,14.011
27.660,15.197
27.098,13.027
26.826,11.643
26.390,12.383
27.077,10.668
26.488,10.300
26.692,7.545
28.281,10.451
27.322,12.172
25.920,13.370
25.570,11.103
23.859,11.013
23.815,11.029
24.972,9.600
24.621,9.369
26.461,9.014
26.509,8.940
28.645,10.986
30.493,9.743
30.782,11.364
30.485,13.965
30.409,15.160
29.138,16.894
27.697,13.502
28.174,13.117
26.453,13.064
26.046,8.595
25.822,8.821
25.915,9.561
24.524,9.121
24.437,9.936
25.114,9.049
25.727,9.721
27.726,11.805
28.980,13.821
29.569,14.445
28.916,13.751
29.753,9.976
28.146,10.937
24.227,10.541
25.447,9.530
25.517,9.659
26.480,10.507
27.013,11.571
28.949,10.853
28.854,12.366
28.183,9.338
24.261,7.320
23.993,7.488
22.933,6.134
23.218,9.334
23.030,7.195
21.534,5.609
24.367,7.972
21.945,6.073
22.630,6.709
24.798,6.012
26.076,9.205
23.552,6.036
22.516,7.146
23.438,5.787
26.284,5.269
24.623,12.694
22.792,6.602
22.387,5.441
22.558,3.546
21.000,5.134
21.496,6.140
21.544,5.760
23.551,5.628
25.017,6.504
25.076,7.724
25.532,6.889
27.827,8.331
30.202,9.016
31.388,10.438
32.455,10.912
32.557,14.082
31.114,12.891
31.930,12.056
32.425,10.707
32.954,11.302
32.446,12.213
30.719,13.637
30.043,13.172
31.301,13.128
31.937,12.681
34.526,12.021
35.697,11.980
35.440,11.616
34.917,12.398
34.492,14.355
35.806,13.336
36.039,13.454
36.248,14.219
36.489,15.245
35.762,15.724
34.711,16.862
35.937,19.427
34.200,22.738
34.572,20.272
30.725,18.603
34.462,16.746
37.293,18.613
37.610,19.555
37.678,15.794
38.845,16.433
37.886,17.187
39.156,15.567
38.160,19.353
39.610,19.038
39.056,20.263
35.247,20.878
38.432,17.744
37.059,22.329
38.072,20.323
38.729,23.917
39.242,17.782
37.729,21.829
36.358,18.073
36.367,18.577
36.950,20.833
33.824,18.886
33.320,19.363
33.949,16.770
37.378,15.504
36.420,19.798
38.160,20.417
39.126,19.987
38.585,23.610
40.766,22.577
40.828,22.552
39.753,22.884
39.872,23.381
39.835,22.514
39.384,21.962
40.884,25.188
41.651,21.981
40.008,18.574
40.426,22.260
39.932,22.413
40.810,27.336
41.958,23.434
43.295,26.542
42.963,23.863
42.684,24.126
42.692,23.613
42.673,22.372
42.255,23.355
41.670,24.662
40.613,25.102
41.055,26.121
42.224,24.402
40.766,23.876
40.079,24.094
39.166,24.011
40.163,26.570
41.185,26.732
39.026,26.396
39.426,25.256
41.001,25.315
41.503,25.501
41.573,25.463
42.427,27.119
41.632,26.642
40.700,26.690
41.256,27.132
40.416,26.346
40.211,25.830
40.441,26.577
39.259,25.597
39.964,26.044
42.362,26.907
41.654,27.119
42.136,26.139
42.015,26.746
42.268,28.708
41.892,28.292
41.833,27.729
41.305,26.668
42.163,27.632
40.873,27.284
39.146,27.747
37.738,28.019
40.237,28.321
38.245,29.148
38.119,26.706
40.174,26.139
40.008,26.004
38.667,27.474
35.746,26.197
35.258,26.374
30.675,24.547
32.079,23.353
34.454,24.810
34.945,25.063
32.833,26.166
34.681,27.033
38.482,26.165
31.520,26.942
32.152,26.425
35.320,25.348
38.185,26.403
39.778,27.038
40.319,28.053
33.304,27.733
38.606,26.228
33.864,25.761
33.938,25.005
37.084,26.162
30.219,25.571
33.345,25.322
37.220,25.252
32.532,25.606
35.695,25.504
36.524,25.279
37.232,26.153
31.018,26.139
31.818,25.398
28.632,25.128
27.930,24.364
32.237,24.281
24.508,23.406
28.131,23.402
33.256,24.271
34.703,24.404
35.379,24.702
35.831,24.225
35.279,25.455
35.748,25.194
33.744,25.970
36.389,24.938
36.355,25.424
35.016,25.556
28.068,24.648
35.778,24.505
34.130,24.975
29.727,25.016
30.014,24.711
35.099,22.476
32.704,24.651
30.789,24.275
30.228,24.173
30.681,23.892
32.229,23.766
30.478,24.141
28.797,24.463
27.396,23.639
30.000,22.944
30.597,23.866
29.119,24.245
34.571,23.554
32.407,23.328
25.974,24.233
29.126,23.146
26.536,23.729
31.937,23.278
31.980,23.377
31.248,23.556
30.081,21.548
30.796,22.296
30.932,22.157
31.844,21.840
31.664,20.594
32.476,19.847
35.908,21.898
37.224,22.638
33.247,25.392
26.823,23.729
33.498,21.466
32.396,22.897
33.116,21.737
32.913,20.864
34.814,20.178
37.528,22.328
36.326,25.744
35.926,24.369
35.243,23.422
31.940,22.564
30.405,22.313
33.400,21.857
31.438,20.587
32.012,22.461
32.165,23.345
31.888,23.716
32.931,24.077
31.148,23.711
30.182,21.527
30.914,22.238
31.090,21.850
31.029,22.965
30.546,22.604
33.906,22.040
33.683,22.764
33.795,21.872
33.448,21.725
35.533,20.628
33.911,20.886
33.987,20.740
33.742,20.345
33.391,19.710
33.538,19.054
33.570,18.736
35.529,20.870
37.390,21.406
36.846,20.639
36.478,21.876
39.500,23.266
35.986,20.777
32.803,22.766
34.400,20.181
35.189,20.047
37.461,24.121
36.955,22.828
37.202,17.256
38.377,17.122
36.589,17.423
35.824,17.075
35.270,17.971
35.239,22.062
36.331,21.133
35.017,17.574
34.405,15.073
35.878,14.948
35.518,15.515
34.376,14.380
36.013,16.272
34.713,14.287
36.375,15.473
35.204,13.728
35.790,15.703
34.035,15.520
33.397,17.344
34.087,17.672
33.889,16.019
34.873,14.907
34.384,16.869
34.047,16.870
34.295,16.407
33.686,14.275
34.156,13.399
34.218,14.285
33.520,13.009
32.939,12.112
31.694,12.582
31.148,11.603
31.935,13.138
32.145,14.836
31.682,15.453
32.442,17.645
30.648,15.111
21.397,19.114
22.216,16.651
29.593,15.070
27.829,13.838
27.552,11.775
27.830,8.879
28.936,8.463
30.166,9.149
30.351,10.633
29.930,12.975
28.222,13.449
28.858,13.242
29.028,17.928
23.954,16.128
29.821,14.831
30.684,14.474
31.917,14.582
32.195,15.124
32.015,15.086
31.096,18.686
30.688,15.406
30.754,14.502
30.094,14.895
30.318,15.422
29.266,14.008
29.771,14.821
29.521,14.573
30.008,13.229
30.650,14.134
30.670,15.423
30.639,15.900
27.947,17.399
27.998,17.913
28.563,14.444
27.090,13.649
27.858,12.065
28.477,10.470
29.497,9.215
29.154,9.449
27.646,7.961
27.559,8.127
27.958,8.417
28.691,8.426
26.924,11.577
26.118,9.722
26.745,8.386
28.398,8.006
28.168,10.797
26.192,12.319
23.739,11.874
24.223,11.091
23.548,10.614
22.013,12.578
22.576,12.831
26.098,12.664
26.012,13.703
25.232,13.223
28.814,14.647
27.864,13.918
30.731,15.918
28.860,15.442
30.223,13.417
27.490,13.471
29.183,13.300
27.675,14.786
30.979,11.914
30.987,12.360
31.026,13.349
31.762,13.516
29.471,11.102
28.744,9.239
29.150,10.787
30.463,9.157
30.168,11.267
28.157,12.431
30.103,11.320
30.910,10.345
30.750,10.077
30.913,10.906
29.249,10.457
29.078,10.950
28.754,12.748
30.008,12.000
32.204,11.329
28.757,12.480
26.256,10.243
27.866,10.987
30.125,10.796
30.628,11.772
28.609,13.832
29.447,12.517
32.225,12.782
30.949,14.202
31.909,14.546
33.445,14.316
34.773,15.073
34.639,16.079
34.657,14.375
34.926,17.282
35.897,14.741
36.387,14.533
35.415,17.058
34.788,17.217
37.988,16.325
38.544,17.697
38.555,18.875
36.986,17.657
35.813,17.692
35.544,15.209
33.845,13.877
33.490,14.017
35.257,17.489
35.739,14.304
37.218,17.373
38.078,16.993
36.289,16.393
37.161,18.085
36.008,16.533
37.140,18.062
37.128,19.878
36.165,20.550
37.515,16.927
36.197,17.263
37.405,17.028
34.709,18.294
34.927,18.503
38.884,19.037
36.864,19.153
37.071,18.666
34.882,19.179
37.303,21.732
37.660,19.446
37.387,21.731
37.467,21.113
39.331,21.220
39.404,20.851
40.486,25.075
39.514,20.418
36.389,22.798
37.701,22.928
37.105,21.788
34.001,18.878
34.932,19.129
36.501,19.397
40.556,19.792
42.621,21.125
43.648,20.804
41.154,22.741
39.405,24.408
39.977,25.820
39.671,23.933
40.890,22.161
45.854,23.467
42.463,24.365
39.880,23.779
39.867,20.672
39.657,18.197
40.072,24.017
41.870,24.523
41.972,24.117
43.431,22.228
44.185,23.328
45.327,26.928
44.715,27.680
43.365,27.052
42.033,26.441
43.219,24.975
40.828,24.481
40.023,24.608
41.658,23.689
41.248,25.203
41.860,25.481
42.043,26.289
42.788,25.816
42.350,26.331
43.330,27.106
44.487,27.771
45.453,28.231
44.664,28.117
44.940,28.188
46.684,28.075
45.087,29.710
43.938,28.598
44.751,28.301
45.059,27.089
42.850,30.289
42.607,29.796
43.414,27.396
42.825,26.402
43.132,26.706
43.278,27.995
44.504,29.323
43.601,28.811
42.521,27.429
42.228,28.395
41.356,28.399
41.170,27.895
41.827,27.975
42.221,27.970
40.979,27.413
41.802,27.655
41.029,27.687
40.700,27.352
41.830,27.735
42.437,27.486
42.324,27.173
40.680,27.934
41.649,27.619
42.107,28.229
41.083,27.033
41.127,27.138
40.182,28.267
40.176,27.913
41.006,26.657
41.143,29.009
41.331,28.568
38.344,28.391
42.490,27.521
36.704,28.115
39.292,26.266
39.098,27.350
34.251,26.396
34.620,24.834
37.765,24.189
37.634,26.438
37.514,26.919
34.287,27.260
35.208,25.382
40.265,25.777
41.589,25.841
46.205,28.542
46.238,28.039
44.260,29.597
34.042,24.885
31.175,25.403
33.541,24.517
33.520,25.489
34.460,25.326
29.381,25.780
35.268,24.689
33.010,25.043
33.354,25.564
29.974,24.473
29.241,23.832
33.144,24.342
28.916,24.795
32.793,24.697
30.758,24.552
24.523,23.501
25.181,23.253
26.269,24.594
28.528,24.359
28.312,23.371
27.115,24.375
30.005,24.694
29.621,23.941
30.983,23.407
28.211,24.676
33.985,24.044
33.658,23.868
30.946,23.770
32.406,23.710
30.741,24.129
26.876,24.131
33.991,24.445
34.813,24.618
35.028,23.704
33.685,24.502
28.064,22.760
29.660,23.456
28.932,23.352
29.145,23.028
32.387,23.145
33.729,23.693
33.873,23.650
34.673,23.943
34.127,23.201
34.538,23.924
35.218,23.512
36.539,23.455
34.923,23.309
29.362,24.376
31.281,23.829
29.515,23.464
29.122,24.159
26.521,23.529
29.777,23.301
31.909,22.408
30.258,24.639
32.404,22.995
33.051,22.251
34.190,23.516
33.790,22.654
34.870,22.960
35.143,22.045
35.025,21.714
30.351,23.744
33.346,23.276
34.806,21.750
36.435,21.510
34.856,22.677
33.816,20.194
33.654,19.478
35.402,19.643
37.055,22.030
37.212,23.069
37.342,22.057
37.824,22.234
38.636,22.060
38.928,23.489
37.775,22.112
37.135,21.229
36.019,22.124
39.190,22.055
37.293,24.789
37.974,24.446
38.202,23.512
38.426,20.665
36.333,23.475
34.618,24.660
32.014,23.197
30.983,22.660
34.982,20.897
34.282,18.268
33.136,19.634
33.100,20.020
32.947,18.981
33.592,19.621
33.299,24.011
33.984,23.561
30.014,19.114
33.638,18.152
33.995,19.784
33.819,18.316
34.635,20.623
33.723,17.318
33.392,16.727
33.889,16.796
34.858,16.043
33.837,17.525
34.389,15.655
33.548,11.600
33.774,13.144
33.467,13.129
33.850,13.636
34.166,14.366
35.256,15.143
35.274,15.752
35.977,13.739
35.799,14.372
33.484,13.610
33.921,12.670
31.601,15.914
32.594,14.618
32.422,15.330
32.231,16.610
32.877,15.939
31.684,16.403
27.216,19.822
21.325,17.453
28.920,17.104
30.465,17.390
31.190,16.394
30.208,17.292
29.834,15.066
28.448,14.878
28.383,15.102
28.876,11.674
28.697,10.668
27.438,9.558
27.570,9.642
28.612,11.723
29.804,11.392
30.054,12.912
29.342,11.992
28.820,11.967
28.902,11.940
28.243,10.530
27.140,9.530
27.352,10.114
27.247,10.681
28.367,10.817
28.731,11.441
28.536,11.903
28.619,11.349
28.018,13.327
29.744,11.918
29.265,10.839
29.569,13.276
30.445,12.517
29.074,13.160
29.044,13.275
29.258,14.766
28.630,13.240
26.136,12.719
26.661,13.051
26.980,12.457
27.566,12.852
28.054,12.276
27.627,11.908
26.059,15.613
27.194,10.294
26.979,8.515
25.856,8.775
26.632,8.623
26.738,10.873
26.682,12.793
25.274,12.214
25.638,9.452
25.827,8.650
26.904,9.268
26.413,13.485
25.266,11.469
24.874,6.919
24.671,8.085
24.848,6.705
26.120,7.005
25.617,7.232
26.430,8.750
28.145,10.818
28.748,13.826
24.205,9.769
23.094,8.715
24.308,6.427
26.053,8.090
26.502,7.060
27.129,7.489
27.749,8.967
27.688,7.301
29.054,9.081
28.597,8.770
28.243,7.815
28.433,7.942
28.896,10.582
28.593,10.808
29.225,10.604
28.624,10.392
28.593,12.382
28.516,12.397
28.822,8.375
27.655,10.678
28.124,11.520
28.243,10.947
28.615,13.748
29.454,12.414
31.412,12.377
32.295,13.896
31.893,14.999
29.551,15.271
26.933,11.218
26.475,10.765
28.993,12.390
29.591,10.910
29.250,14.122
29.026,12.741
29.800,11.473
28.738,12.404
30.225,10.519
31.023,11.396
32.926,10.756
33.152,13.193
32.374,19.105
31.185,15.574
31.373,12.275
31.304,12.313
34.118,16.133
35.321,16.571
35.651,15.829
35.517,16.447
36.068,15.947
34.456,20.727
32.495,17.635
32.439,18.134
32.470,19.076
32.096,16.503
34.150,16.890
34.880,16.885
35.022,17.191
36.692,17.027
36.524,19.238
37.245,16.548
38.070,17.561
38.400,18.092
38.831,18.094
41.212,20.917
39.914,20.910
40.476,22.039
42.837,21.064
40.605,20.818
40.505,21.732
38.975,19.358
37.814,18.648
38.152,17.526
38.828,18.328
38.835,17.080
38.964,19.287
40.450,21.269
39.114,19.454
37.899,21.914
37.758,19.246
37.414,20.554
37.701,18.925
39.067,18.400
41.599,21.008
42.408,23.131
43.089,22.240
42.160,24.186
41.529,29.495
40.255,23.952
40.029,21.054
41.279,23.512
43.866,20.940
44.094,22.217
46.208,21.617
44.127,25.061
43.527,26.041
41.036,24.592
40.776,24.636
39.933,24.793
39.429,24.604
40.146,23.996
40.755,23.330
40.866,23.597
41.727,23.494
41.773,24.319
42.327,23.905
42.637,25.407
41.980,25.419
41.410,25.746
40.682,23.985
41.657,24.234
42.609,26.213
43.361,26.674
42.952,27.104
41.779,24.967
41.439,27.251
42.250,27.772
42.989,27.576
41.497,26.792
42.713,25.796
43.733,26.520
44.101,27.126
42.672,27.692
43.709,26.113
44.003,26.894
43.227,27.532
44.008,27.208
47.149,28.120
45.964,30.344
47.414,28.022
46.702,27.591
46.302,29.413
45.754,30.007
44.579,28.986
43.703,27.187
42.666,26.940
42.262,26.466
41.544,26.856
41.505,26.493
41.406,27.760
42.403,27.159
39.276,28.684
35.704,27.277
40.259,27.286
39.656,27.773
38.037,26.995
32.262,25.613
38.028,24.067
39.126,25.575
45.234,27.621
44.152,29.227
46.256,29.514
44.940,32.053
43.686,31.517
34.087,27.668
38.965,26.485
39.909,24.601
42.200,26.927
44.695,28.045
43.921,28.303
43.898,29.645
42.932,29.156
42.244,29.431
38.486,28.519
41.062,27.048
40.628,28.889
40.741,30.754
42.109,29.690
40.213,29.218
41.620,27.894
41.180,28.632
43.090,27.497
39.598,28.888
35.592,26.500
29.473,25.655
33.332,24.730
36.118,24.526
36.086,24.383
36.596,25.017
34.232,25.847
34.726,25.654
30.908,26.064
33.377,25.488
35.296,24.740
38.903,25.251
38.040,27.355
38.840,26.309
36.469,26.615
33.210,26.076
36.191,25.689
36.894,26.110
38.318,25.292
30.711,25.120
31.254,24.772
27.993,24.652
31.394,23.509
27.364,23.469
31.461,23.741
33.851,23.665
33.225,24.239
32.493,24.696
26.292,24.056
28.645,23.338
31.031,23.670
28.479,24.063
28.369,24.179
30.111,24.240
31.280,24.225
28.725,23.860
26.760,23.518
29.898,23.078
31.367,23.207
30.986,24.432
30.765,24.587
29.063,24.037
29.986,23.833
31.460,23.370
31.109,24.095
31.439,23.928
30.418,23.829
29.060,24.075
29.714,23.586
29.684,23.007
31.781,23.085
30.446,22.556
31.284,22.498
33.703,22.190
31.478,23.604
34.279,23.507
32.501,25.064
32.904,24.779
29.479,24.324
29.123,23.458
30.046,23.404
31.171,22.311
29.985,23.315
29.705,23.360
29.779,23.870
30.833,23.761
31.180,23.802
29.823,24.029
26.378,23.808
28.218,22.543
26.911,22.820
28.101,22.517
28.489,23.163
28.939,22.034
31.638,21.526
31.854,20.449
32.778,20.267
31.089,20.355
31.097,20.423
31.655,17.423
31.530,19.373
32.050,19.826
32.886,20.291
32.123,18.995
32.072,19.580
32.682,20.176
32.910,17.208
33.010,20.200
33.175,18.920
33.248,16.762
33.323,18.184
33.924,18.285
35.469,17.941
35.316,21.046
33.939,19.175
33.376,18.451
34.032,16.869
34.557,19.716
32.546,18.985
31.641,17.229
30.499,20.396
33.078,21.114
35.058,20.638
35.175,20.760
34.957,21.401
32.461,19.836
32.442,21.494
31.605,21.744
33.602,21.878
35.673,18.969
34.138,19.921
33.289,20.050
33.513,18.421
33.715,19.688
33.391,17.730
34.945,21.959
33.808,19.292
33.609,17.344
32.332,17.691
31.716,18.473
31.108,16.948
30.508,16.057
30.138,15.228
30.719,13.223
31.276,13.626
31.536,12.664
30.660,15.459
29.707,16.317
31.840,21.353
29.945,20.824
30.366,21.011
26.381,20.202
28.787,20.143
29.864,18.993
31.551,18.994
29.946,20.171
27.409,18.901
29.163,18.920
29.587,19.286
27.883,16.781
26.826,15.785
20.363,17.287
16.856,15.013
19.097,14.374
23.675,17.317
26.631,16.644
26.526,16.106
26.474,15.429
27.064,15.462
26.543,14.334
26.022,13.065
26.355,13.903
24.430,11.357
25.365,12.038
25.228,13.049
25.599,12.425
24.037,10.768
24.197,10.586
24.252,11.266
23.242,11.237
22.947,8.766
22.895,5.922
23.774,6.464
23.867,8.720
24.272,8.034
25.301,7.154
25.876,7.286
25.639,7.185
24.513,9.692
23.963,8.408
25.778,5.714
26.516,8.519
24.540,7.191
24.948,9.032
24.313,9.481
24.945,9.439
26.565,10.882
25.127,12.004
25.741,15.509
24.511,14.674
21.931,8.330
21.285,6.447
20.850,5.396
19.787,5.114
21.213,5.348
22.519,3.732
22.358,2.991
23.041,3.097
24.259,4.125
22.413,6.970
21.498,5.293
23.607,3.376
24.902,5.971
26.414,7.339
26.239,9.456
23.310,8.688
20.737,5.769
23.880,3.087
25.551,6.942
23.332,8.463
24.474,5.761
26.036,6.079
27.653,7.707
27.011,10.321
25.575,11.588
24.623,10.613
23.594,9.046
23.318,8.428
25.121,9.726
26.087,8.547
25.754,10.907
25.526,10.990
26.389,10.545
28.265,10.202
29.811,8.548
30.039,9.230
30.988,10.021
30.405,10.579
29.907,13.906
27.728,14.171
27.734,11.571
28.013,11.502
29.819,10.476
31.674,11.360
31.676,14.296
30.015,15.557
27.362,12.893
25.040,12.617
24.719,11.181
25.203,10.431
26.763,9.983
27.346,10.273
25.897,11.981
28.188,10.852
30.430,10.283
29.134,11.950
27.720,12.881
28.554,12.730
28.408,13.683
29.404,13.119
31.273,13.818
31.501,14.527
32.277,15.789
31.858,14.211
31.892,14.367
33.058,15.094
34.428,15.569
34.708,16.635
31.934,16.624
30.652,14.838
30.336,14.164
32.067,13.454
35.838,12.515
37.246,15.072
36.771,16.357
38.075,14.937
38.823,16.566
38.586,19.482
36.361,18.621
36.177,17.850
36.183,15.549
35.537,15.384
35.205,15.171
36.420,16.564
36.016,17.926
37.559,17.887
37.792,16.036
37.741,17.516
37.457,16.847
37.470,18.281
36.395,16.544
36.841,16.744
38.021,17.604
34.210,17.941
34.338,18.923
35.695,15.491
36.719,16.398
38.848,19.489
38.577,18.628
39.820,20.711
40.412,22.668
39.187,23.290
39.212,21.206
37.782,23.238
38.106,22.993
41.041,24.476
40.027,24.016
39.883,22.724
37.803,22.766
38.115,21.030
40.536,20.916
39.438,22.730
39.522,21.784
41.768,22.101
42.013,22.739
41.741,22.943
43.449,23.953
43.145,24.898
43.538,24.708
42.068,26.376
40.394,25.964
40.255,27.693
39.897,26.324
39.399,24.437
38.143,23.653
39.779,24.069
39.716,23.586
42.413,22.283
41.394,23.894
42.038,25.082
41.144,24.842
41.831,24.644
41.978,24.832
41.619,25.256
42.115,25.329
42.088,24.649
42.412,27.396
42.182,28.456
43.882,26.911
42.663,27.146
41.225,25.859
40.330,26.272
40.634,26.887
40.782,27.446
41.794,27.098
41.480,25.984
42.146,26.698
42.420,26.755
42.066,25.806
42.161,25.981
41.487,26.520
40.882,26.380
40.161,26.683
40.138,27.356
43.206,25.766
43.124,28.023
44.447,28.188
47.697,29.472
46.345,29.114
43.914,28.096
40.403,27.647
42.581,28.303
42.846,27.484
42.963,26.475
42.041,27.609
40.863,26.991
39.037,26.440
38.510,26.575
39.122,26.512
38.384,25.866
39.401,25.903
38.011,27.095
38.155,27.059
37.497,25.710
34.505,25.608
26.046,23.923
36.324,24.460
37.515,25.132
30.645,24.974
30.534,24.511
29.827,24.715
32.160,23.920
32.576,23.924
34.166,23.900
33.135,24.105
34.387,23.883
35.422,24.363
30.091,24.463
34.554,24.284
34.364,23.882
27.466,23.815
29.435,23.168
31.420,24.002
37.088,23.508
35.642,25.011
30.042,24.381
26.547,23.759
29.122,23.536
32.857,24.409
31.157,24.471
34.449,24.085
31.797,23.881
30.183,23.629
32.127,24.057
24.834,23.593
29.378,23.353
28.037,23.800
30.844,22.877
31.428,23.947
31.679,24.553
29.183,24.508
29.149,23.787
31.339,23.825
29.009,23.530
30.933,23.657
24.679,23.410
29.035,22.730
31.144,23.514
31.827,23.948
30.201,24.276
27.170,23.309
29.854,23.346
25.775,22.958
25.781,23.066
26.298,22.830
28.895,22.794
26.336,23.547
26.971,23.399
25.162,22.845
29.803,21.979
28.565,22.317
30.817,23.136
30.339,23.135
29.536,22.571
29.097,22.901
31.887,24.418
31.268,23.730
31.279,23.087
31.662,23.426
28.584,22.927
29.709,22.627
29.634,23.311
28.616,23.878
29.198,23.771
28.992,24.387
29.778,22.970
28.969,22.906
26.140,23.644
24.438,22.635
25.201,22.916
25.471,22.726
26.605,20.991
28.380,22.656
28.391,22.485
27.845,22.948
26.498,23.261
28.508,23.095
30.494,22.314
29.801,20.948
28.594,22.293
29.000,22.823
27.654,21.252
27.836,21.550
28.463,21.278
29.625,18.715
30.318,19.534
30.773,19.722
30.557,18.924
29.071,19.706
29.068,19.263
30.913,18.144
31.056,19.134
31.402,18.448
31.320,18.590
31.259,19.258
31.008,18.607
30.710,17.653
30.407,15.516
31.792,15.514
32.639,18.915
32.053,19.961
33.541,19.863
31.744,19.818
33.297,19.888
33.094,19.132
32.821,17.810
31.943,17.315
34.443,19.298
34.594,20.108
31.461,18.802
33.048,20.072
33.166,18.721
32.821,14.404
32.732,14.169
31.925,16.599
32.121,16.981
32.775,13.243
33.148,15.256
32.858,16.968
31.641,17.075
31.794,15.380
31.943,14.670
30.864,13.570
30.049,12.774
30.841,11.832
31.625,12.757
30.883,12.465
32.322,14.379
27.264,18.158
32.324,15.483
32.866,17.632
33.104,16.769
32.615,16.077
32.224,13.902
32.604,16.048
33.486,15.723
31.441,18.012
30.778,17.983
31.114,15.886
31.150,12.648
31.735,14.516
31.494,14.233
31.916,12.986
32.043,12.915
30.850,13.090
31.333,14.409
29.956,11.840
28.537,12.713
28.123,13.586
27.448,13.386
27.899,12.682
28.079,13.069
28.261,16.691
28.795,15.632
29.424,14.378
29.072,11.167
28.873,12.543
30.996,13.154
31.285,15.388
30.520,14.049
30.372,13.358
29.888,11.902
30.372,12.411
28.315,13.154
26.262,13.027
25.067,7.691
24.827,6.911
25.482,7.016
25.887,7.336
26.554,8.986
25.816,9.715
25.956,7.663
26.197,6.596
26.104,6.919
26.129,6.734
25.053,9.889
25.107,10.637
24.743,10.014
25.315,9.243
25.428,7.749
25.047,8.058
25.027,7.901
24.485,8.790
23.392,8.250
23.445,8.247
24.172,9.822
23.353,11.813
21.831,9.918
22.861,8.141
24.852,6.599
25.749,9.462
23.138,9.589
23.926,8.762
22.899,7.565
22.057,6.765
20.946,5.979
21.813,5.836
22.381,4.784
23.460,2.904
24.275,3.639
26.871,6.375
26.657,10.645
23.816,8.925
21.554,6.778
21.041,5.888
20.578,4.197
22.122,5.425
23.948,5.584
24.753,8.032
24.488,8.145
25.136,7.492
24.250,9.077
24.197,9.044
23.738,9.208
22.578,8.988
23.883,8.631
24.245,8.819
24.550,8.990
25.751,6.493
27.492,6.451
28.410,10.105
25.459,12.756
26.356,9.977
25.350,10.066
21.451,5.057
21.988,4.196
24.228,5.847
26.497,5.425
28.704,7.955
29.718,10.097
27.479,10.999
26.390,11.200
24.361,10.370
25.984,10.119
27.534,10.893
30.355,12.483
33.251,10.167
33.906,12.120
32.365,13.676
31.979,11.532
29.566,11.840
30.574,10.688
29.977,12.147
32.691,10.561
31.889,12.488
30.676,9.830
30.802,9.879
31.647,10.325
33.172,12.087
36.070,15.268
34.834,16.779
31.747,13.529
31.166,10.666
29.996,8.516
26.880,8.792
28.955,9.240
31.171,10.063
32.469,11.493
30.000,13.766
32.500,13.640
35.212,11.852
37.173,14.847
37.519,17.203
37.902,16.119
39.679,15.765
39.152,16.934
34.007,14.968
34.998,14.009
37.875,15.296
39.166,14.758
37.802,14.865
38.820,16.688
38.506,20.422
40.420,19.622
38.157,20.755
38.014,20.515
40.762,20.088
41.021,19.707
40.710,22.823
41.310,24.549
40.403,21.409
40.496,19.729
39.813,24.120
40.221,20.308
42.405,20.561
41.140,22.555
41.541,22.930
39.781,21.659
39.027,23.575
38.293,21.713
37.960,20.689
37.929,19.236
38.484,20.602
40.773,22.553
39.141,21.321
38.670,21.872
29.205,21.892
36.069,17.694
36.845,21.695
37.719,21.448
38.041,21.920
40.679,22.215
38.943,23.988
38.113,22.798
39.763,21.579
39.628,21.293
39.517,20.477
39.536,19.076
40.742,19.328
41.736,20.519
40.420,23.061
40.276,23.046
40.766,24.215
41.607,23.637
38.858,24.530
40.798,26.182
40.760,26.183
40.260,26.421
39.176,24.997
38.953,25.303
39.335,25.727
41.105,24.804
40.940,25.429
41.670,25.102
42.313,24.777
41.665,25.869
42.565,25.386
42.684,25.883
43.419,26.410
43.002,26.435
43.504,27.187
42.740,27.346
41.530,25.167
42.107,26.127
43.186,26.206
43.443,26.332
44.021,27.062
43.554,27.337
42.057,26.935
41.511,27.497
39.969,26.593
40.431,26.678
40.941,26.928
39.994,26.003
37.613,25.786
38.034,25.263
39.800,26.962
40.568,26.827
38.761,26.246
42.326,26.311
40.024,25.864
41.149,26.575
36.683,27.068
39.068,26.110
39.693,27.134
40.772,27.699
40.760,27.742
39.687,27.338
40.198,26.557
40.898,26.815
39.784,27.448
39.869,27.074
39.642,26.127
38.834,26.986
39.116,26.213
40.787,26.303
41.604,27.202
40.642,27.485
43.213,29.217
42.677,26.596
43.430,27.150
41.771,26.072
30.714,25.562
35.908,25.073
36.693,25.053
34.908,25.012
32.242,25.531
28.270,25.126
28.628,24.149
30.857,24.259
25.624,24.311
27.881,24.645
31.791,24.840
30.933,24.028
32.948,23.494
34.540,24.357
30.266,25.745
31.775,24.338
36.745,24.946
35.005,25.379
33.809,25.368
31.369,24.081
32.293,24.030
32.090,24.603
34.936,24.787
31.443,24.659
29.550,23.942
31.265,23.423
26.170,23.204
24.803,22.075
26.278,23.312
26.712,20.938
31.618,22.104
33.702,24.179
34.909,23.336
31.615,23.604
30.333,23.631
31.350,23.730
32.391,23.535
29.843,23.268
29.092,22.707
29.881,22.560
25.429,22.892
25.680,22.651
24.710,22.371
27.341,21.006
30.456,22.135
33.569,22.159
30.216,23.571
28.184,23.388
27.936,23.262
27.016,22.731
27.979,23.052
25.328,22.564
29.855,21.496
31.388,22.239
30.386,22.948
30.836,22.222
32.633,22.414
30.746,23.895
30.411,23.555
32.090,23.863
32.287,23.272
29.191,23.192
30.343,22.582
27.654,22.399
24.722,22.867
25.454,22.161
28.920,22.259
29.857,21.979
30.138,22.105
27.449,22.093
28.872,21.906
26.208,22.820
29.854,22.856
29.589,21.633
28.505,21.266
29.239,20.591
29.612,19.700
31.393,19.286
32.019,19.453
31.201,20.714
29.251,19.190
29.549,21.239
29.507,19.474
29.913,16.743
30.469,19.256
32.119,18.403
31.798,19.014
32.171,19.114
32.692,19.343
33.603,19.541
33.811,19.435
30.590,21.745
33.821,18.666
33.118,17.966
32.762,19.689
32.840,19.316
33.468,19.311
33.722,17.167
31.787,16.064
32.226,16.505
33.002,17.013
33.558,16.077
33.424,17.108
33.247,18.447
32.534,15.295
32.718,15.122
32.457,18.762
31.892,16.350
32.409,17.332
31.687,15.013
31.864,15.215
30.760,17.099
30.544,14.953
30.146,12.370
29.961,12.716
31.371,12.008
30.516,11.493
30.528,13.049
30.409,15.019
29.363,15.650
29.047,15.919
28.760,13.297
28.850,12.452
28.801,10.562
28.949,9.743
29.476,10.245
30.410,10.381
30.711,11.854
29.812,11.757
30.007,11.524
29.716,11.761
30.924,15.202
29.472,13.013
29.203,11.903
28.375,10.188
28.326,9.298
29.399,9.826
28.863,12.407
27.500,12.520
27.169,10.744
27.766,10.747
28.423,9.571
28.637,11.058
28.545,13.398
28.684,12.337
28.340,12.001
28.591,9.476
28.813,9.743
26.219,13.224
25.556,10.862
27.164,11.628
28.130,12.516
28.471,12.476
28.716,12.738
29.277,13.513
30.316,12.424
30.468,12.129
28.966,11.107
28.063,9.136
27.026,10.542
26.338,11.006
26.083,8.439
26.737,12.195
26.661,12.644
27.725,12.856
26.267,12.460
27.170,10.016
25.842,11.689
24.752,8.094
25.068,7.199
26.049,7.703
25.781,7.874
25.495,7.670
25.179,7.026
24.414,6.864
25.202,5.735
26.009,5.662
24.687,8.631
24.511,8.990
24.266,9.188
25.496,6.634
23.047,7.368
22.573,5.371
23.474,4.137
22.067,5.111
21.384,5.332
20.984,4.864
21.958,4.162
23.747,4.304
25.000,6.299
27.001,5.648
29.381,8.337
29.732,10.772
25.998,9.380
29.151,8.153
27.550,12.184
28.172,10.317
22.699,8.592
21.260,5.493
21.656,5.291
22.049,4.771
22.662,6.728
23.995,6.186
23.989,7.504
23.729,7.953
24.111,7.125
25.471,6.315
25.861,5.299
26.741,7.578
26.670,8.602
27.380,12.808
28.043,12.538
29.129,13.770
29.403,12.793
28.584,16.150
26.007,13.998
24.325,9.484
23.844,8.727
23.956,7.255
25.878,8.071
29.192,8.935
30.240,11.818
30.561,13.597
30.456,13.335
31.236,13.581
27.987,16.825
23.465,11.968
25.255,7.597
26.356,9.341
28.098,10.294
27.625,10.648
30.317,10.573
32.211,11.850
30.125,15.530
27.533,11.725
29.000,11.312
32.036,10.857
30.720,12.101
30.215,12.421
30.665,11.532
32.407,10.722
34.361,12.590
33.422,10.300
34.024,10.789
35.223,12.194
35.628,12.168
35.622,13.332
35.751,13.369
34.999,18.630
34.299,14.722
35.087,14.587
34.954,13.744
33.123,16.398
32.673,16.838
33.659,17.521
32.962,14.280
34.524,13.650
35.491,16.649
36.061,15.952
36.120,16.928
35.161,17.297
35.463,16.820
34.669,18.430
34.754,15.685
35.857,16.657
34.846,20.460
33.799,18.048
32.781,15.624
34.629,16.027
35.271,16.644
36.536,18.792
37.530,19.803
34.923,15.898
35.608,19.335
38.180,16.904
38.392,17.300
39.533,21.325
38.678,19.287
37.439,18.624
37.184,20.488
36.414,19.853
37.581,19.031
39.070,20.374
38.850,19.995
40.284,19.550
39.273,21.087
39.111,21.048
37.249,21.621
36.802,21.156
36.227,22.169
36.176,22.648
37.765,20.211
36.336,22.449
41.828,24.714
38.863,25.161
39.889,24.366
43.283,25.073
43.441,25.318
41.614,23.736
41.708,25.543
41.290,24.255
40.983,22.245
40.833,20.625
41.224,24.759
41.143,25.062
41.336,23.697
42.474,23.621
41.927,25.573
41.335,24.727
39.317,25.216
38.641,24.518
38.239,24.744
43.374,22.955
44.399,24.328
43.945,25.429
43.865,25.050
44.179,26.765
44.248,26.153
44.828,25.418
44.013,26.859
42.918,27.772
42.305,26.462
43.073,26.405
42.288,27.375
40.761,27.158
40.096,26.401
40.911,27.104
41.110,27.904
41.231,26.375
44.223,25.316
43.464,25.908
44.160,26.950
45.483,26.951
42.075,27.953
43.174,30.153
44.361,28.597
43.245,27.670
39.875,26.541
39.686,26.273
37.372,27.019
32.653,25.830
35.966,24.855
34.978,25.444
38.454,24.539
36.886,26.022
40.281,26.394
38.830,27.375
38.267,26.361
31.759,24.782
38.746,24.122
39.482,25.742
37.640,25.964
39.113,26.146
38.835,26.481
38.968,26.023
38.997,26.848
33.464,26.636
36.528,25.581
37.855,26.007
35.338,26.389
37.744,26.220
37.593,26.444
37.951,26.180
35.361,26.869
35.966,26.907
34.428,25.161
34.883,24.799
28.393,24.877
33.227,24.362
31.323,24.524
32.348,24.246
27.278,24.182
29.393,24.108
27.403,24.155
30.518,23.237
24.629,23.801
31.645,23.027
32.191,25.052
30.830,25.080
30.396,24.766
31.688,23.911
32.254,24.184
31.980,24.451
30.073,24.187
34.150,24.059
33.183,25.188
33.117,23.858
30.640,24.006
29.492,23.593
25.299,23.433
28.383,22.528
31.127,21.869
28.806,23.989
30.860,23.672
25.366,22.991
29.830,23.055
29.755,23.241
30.083,23.493
28.379,23.124
26.641,23.368
28.956,23.001
27.427,23.266
28.330,23.149
28.694,23.318
28.122,23.939
25.732,23.570
28.029,22.890
29.837,22.844
29.148,22.499
29.258,23.027
29.905,22.330
29.850,22.262
24.038,22.020
27.331,21.321
29.981,22.789
29.641,24.011
31.291,24.124
29.251,23.780
30.355,22.467
29.942,21.620
29.763,21.700
31.381,21.755
29.882,21.805
29.863,22.406
29.446,22.632
30.512,23.121
30.369,21.561
30.557,21.072
30.688,21.011
31.443,20.071
31.206,20.388
32.415,19.830
32.066,21.057
33.428,21.083
32.299,21.404
33.581,21.762
34.466,21.770
35.137,21.705
34.358,21.384
33.977,22.092
34.832,20.107
34.988,19.649
34.767,20.188
26.817,22.546
29.540,22.947
29.447,23.322
28.616,22.047
23.449,21.338
26.049,20.764
29.145,21.318
25.547,21.878
24.907,20.930
27.185,20.724
28.959,20.620
29.268,21.976
26.826,21.597
28.955,20.363
28.144,19.590
31.431,19.999
31.043,20.653
29.086,21.348
28.534,21.394
30.189,21.342
30.998,20.122
30.338,19.493
29.628,19.388
30.899,19.397
32.246,19.392
31.999,18.286
33.277,18.192
32.768,19.775
32.608,19.213
31.736,18.540
31.718,15.317
31.251,13.715
30.275,13.798
28.281,16.140
29.200,17.904
29.249,17.648
30.544,13.968
30.331,15.547
30.646,14.367
29.682,15.337
29.202,14.227
29.736,13.053
30.345,15.577
30.196,15.012
29.490,13.675
29.057,12.916
29.364,13.855
28.094,14.305
27.680,14.434
27.295,18.464
26.943,13.479
26.404,11.227
27.548,11.709
27.676,12.323
26.393,12.055
25.216,11.619
25.880,9.397
25.472,10.420
26.495,9.873
27.615,8.627
27.799,9.933
28.681,9.369
27.349,10.399
27.178,10.491
27.767,8.976
28.379,8.938
28.300,10.559
28.006,9.584
27.823,10.289
27.018,13.029
27.342,11.330
28.333,8.427
28.422,8.979
27.304,11.708
27.459,12.277
26.868,10.250
26.785,9.298
27.219,8.061
27.964,8.559
25.985,9.480
25.569,8.185
26.700,7.888
26.046,8.905
26.039,8.929
27.278,8.034
27.286,8.313
26.599,8.467
25.620,7.697
26.662,8.372
26.302,9.390
23.479,9.350
22.782,6.753
23.216,7.760
22.409,9.166
23.200,9.503
24.746,8.673
24.849,9.326
24.823,12.166
22.116,8.183
22.246,7.767
23.362,9.289
22.599,8.809
21.765,11.588
22.207,9.196
20.046,9.831
26.144,10.366
24.169,8.882
22.635,9.208
22.676,7.712
25.695,6.452
24.811,10.043
23.063,7.535
20.227,8.570
20.791,6.495
23.431,4.835
25.964,8.205
23.755,9.587
22.407,8.165
23.765,7.746
22.187,6.269
20.726,7.438
23.093,8.008
15.302,12.483
22.416,13.341
21.887,10.712
23.590,10.951
23.263,10.561
23.915,9.010
24.925,8.877
24.715,7.355
26.138,7.934
25.518,7.446
25.325,7.509
25.675,8.924
27.147,9.411
28.022,10.660
27.514,12.770
29.194,12.122
29.731,12.564
28.515,13.356
26.257,9.629
23.506,8.048
24.157,6.190
23.631,7.863
24.168,8.358
24.870,9.134
24.525,10.795
23.239,10.461
23.204,7.991
23.902,8.954
26.256,6.088
27.682,7.260
29.746,10.441
25.222,17.183
28.312,12.112
25.356,12.698
25.955,10.867
30.546,12.513
29.917,13.142
29.507,12.222
27.798,11.854
26.354,11.217
26.072,11.049
26.719,8.625
29.295,9.398
28.934,10.404
30.647,12.485
30.858,14.624
32.207,13.684
30.561,13.378
31.194,15.876
31.838,16.003
30.932,14.193
32.816,14.209
34.310,15.000
34.624,14.184
36.512,15.709
36.032,16.937
34.557,17.561
35.303,16.098
34.931,14.792
34.661,15.692
35.381,16.528
35.974,18.215
36.418,17.925
34.533,18.440
35.549,18.754
37.201,19.789
37.207,18.197
37.610,16.867
36.842,19.322
36.080,18.037
37.284,18.905
36.864,18.393
37.745,20.508
39.675,17.614
39.826,19.351
37.813,19.204
37.675,21.112
36.465,18.694
37.133,18.989
38.168,15.783
38.126,17.819
40.866,18.535
39.212,19.521
39.958,21.902
39.806,23.382
40.691,20.492
40.172,21.849
38.775,21.810
36.819,20.556
36.512,21.411
37.801,19.680
39.797,23.028
39.059,20.941
39.300,21.693
41.466,24.517
43.552,25.113
41.011,25.932
42.678,25.385
42.076,25.291
42.613,26.238
41.412,25.479
40.588,23.758
39.495,23.464
38.178,22.710
37.969,24.081
40.141,24.413
43.281,26.130
41.959,26.924
40.616,25.368
39.266,24.013
37.862,24.091
38.068,23.009
37.587,23.089
38.476,24.391
37.435,25.151
36.132,23.897
39.230,23.817
40.141,25.061
40.997,25.463
41.563,26.244
41.821,25.252
42.857,26.393
42.313,27.139
43.202,26.209
43.743,25.686
43.960,28.392
46.435,27.708
44.815,27.761
43.599,28.121
43.375,28.244
43.901,27.221
43.928,27.253
44.255,27.856
44.073,29.551
46.267,28.817
44.214,29.099
45.376,28.731
45.589,28.113
44.533,29.470
43.412,28.521
42.560,27.636
42.063,27.998
39.970,25.792
38.591,26.744
36.974,26.369
39.294,26.000
40.324,25.778
39.487,25.609
38.743,25.930
37.959,26.278
39.623,26.787
39.775,27.132
39.021,26.954
39.849,26.805
40.675,26.882
39.055,26.358
39.070,26.481
39.526,27.388
38.648,27.493
39.012,26.389
38.768,25.960
38.241,25.488
36.912,26.103
35.221,25.806
36.981,26.137
39.562,26.705
40.322,26.493
40.227,27.696
39.680,26.999
37.685,27.395
37.794,26.774
41.009,26.736
38.679,25.915
32.661,25.315
35.952,25.191
38.462,25.422
35.695,26.461
35.693,25.680
35.715,25.892
30.805,24.686
34.292,24.694
34.441,24.377
35.231,24.683
29.328,24.621
24.569,22.298
23.086,22.130
28.618,23.066
30.901,23.326
30.405,24.112
29.585,23.805
32.941,22.508
29.683,24.033
