20000101
2.752
2.780
1.805
2.070
1.630
1.829
1.987
2.118
2.074
2.333
2.728
3.352
2.684
2.189
4.169
5.772
5.412
3.281
2.856
2.913
3.227
3.261
0.754
2.357
3.038
2.634
4.837
4.890
2.577
2.282
4.229
3.460
2.135
2.956
3.745
3.504
3.211
2.767
2.393
2.575
4.068
2.706
2.376
3.552
4.950
2.735
2.196
3.487
2.458
2.371
3.289
3.300
3.734
4.509
5.191
3.117
2.763
2.184
1.958
2.416
4.187
3.484
3.925
4.815
1.459
2.815
2.495
3.487
2.550
3.245
5.379
5.645
3.799
1.423
1.983
2.677
3.397
1.555
2.691
2.492
3.174
2.651
2.871
4.367
2.960
2.974
2.383
2.670
1.906
1.902
2.961
3.168
3.434
2.363
2.658
2.377
1.726
2.873
3.980
1.813
2.550
1.975
2.808
3.402
3.708
3.680
2.777
3.085
2.659
3.227
3.286
3.991
4.671
3.927
4.898
5.297
5.788
5.594
5.412
5.066
4.288
4.155
3.828
3.911
3.624
2.630
3.408
2.473
3.613
4.398
3.697
4.442
4.608
4.011
2.736
4.070
4.731
4.458
3.730
2.827
5.439
4.539
5.478
4.987
5.253
5.615
5.827
4.694
4.018
4.772
4.462
4.595
4.456
3.464
3.132
3.292
2.872
3.279
2.462
3.328
3.305
4.697
4.683
4.836
5.107
5.213
5.341
5.274
5.367
4.662
4.168
4.411
4.854
5.421
4.864
5.179
5.154
5.371
4.833
3.696
3.394
2.295
2.739
3.669
3.174
2.388
2.526
2.852
3.489
2.773
3.887
3.819
3.472
3.157
3.223
4.114
5.195
5.232
4.168
4.419
4.146
4.017
4.930
4.394
4.470
4.534
4.441
4.241
4.121
2.580
3.204
3.018
3.743
4.826
5.599
4.274
3.878
3.401
3.250
2.704
3.112
3.808
2.625
1.864
2.292
3.530
3.240
3.993
3.884
4.153
3.668
2.368
2.897
2.618
1.399
1.334
1.471
2.777
2.496
2.365
3.235
4.439
4.760
4.307
3.311
3.440
3.480
4.114
2.986
3.079
3.391
2.602
3.614
3.532
3.245
3.073
2.557
2.123
2.706
2.734
2.956
2.900
2.201
1.624
1.458
1.592
1.215
1.428
1.582
1.520
1.799
2.254
1.553
2.267
2.104
1.933
2.363
1.377
1.424
1.234
1.002
1.726
2.123
1.655
1.952
1.548
2.071
2.132
1.688
2.299
2.304
1.719
1.023
1.720
2.030
2.398
2.704
2.443
1.530
1.106
1.349
1.855
1.148
1.409
1.527
1.854
2.832
2.566
1.851
1.866
2.067
1.350
1.173
1.213
1.527
2.186
1.899
1.906
2.110
2.501
2.034
1.906
2.730
2.636
3.290
1.683
2.086
2.322
2.463
2.963
2.053
3.155
4.269
3.778
3.423
3.808
3.350
3.197
1.881
1.499
2.239
2.797
1.835
1.769
2.960
2.004
2.009
1.563
1.510
1.613
1.262
1.335
1.679
3.566
3.028
2.919
2.309
1.911
1.726
2.365
2.991
2.082
2.270
2.391
3.324
5.736
2.617
2.392
2.866
3.180
2.956
2.518
2.477
4.015
3.388
3.364
3.056
2.018
3.960
3.234
3.058
5.229
4.026
2.654
2.274
3.499
3.387
2.933
2.835
3.679
1.957
2.579
2.695
2.259
2.168
2.700
2.289
3.662
4.944
2.811
2.344
2.222
1.631
2.041
1.925
2.913
2.317
2.316
1.416
3.901
4.587
3.152
2.584
2.207
1.951
2.898
3.477
2.216
2.833
2.792
3.823
4.001
1.983
2.079
2.572
4.744
4.943
4.006
3.448
3.020
2.629
2.124
2.559
3.196
2.396
1.939
2.133
2.977
2.590
2.507
2.587
1.672
1.741
3.283
3.338
3.242
2.137
2.040
2.096
1.709
2.807
2.818
4.185
3.753
2.930
2.055
3.431
2.077
1.807
2.620
2.503
1.831
2.637
3.035
3.575
3.731
3.188
3.380
1.931
1.849
2.392
2.774
3.443
2.593
2.623
1.688
2.605
2.253
1.476
2.146
3.197
3.347
3.620
4.463
3.823
3.566
3.253
3.678
4.344
4.099
3.724
4.618
4.648
4.431
4.838
5.508
5.054
4.521
4.443
4.727
4.915
5.152
5.480
5.224
4.543
4.758
4.205
3.820
2.360
3.014
4.733
4.822
3.558
3.291
4.883
4.690
4.665
4.575
4.628
4.071
3.766
4.280
2.944
2.644
2.717
3.318
3.162
2.946
2.953
4.381
4.200
3.148
3.097
2.942
2.757
3.513
5.387
5.085
5.360
5.213
5.323
5.075
5.541
5.384
5.441
4.269
3.621
2.542
2.947
3.336
4.243
3.600
2.937
2.630
2.667
2.341
3.548
3.759
4.337
4.010
4.559
4.818
4.663
3.838
3.411
3.601
3.032
3.608
2.896
2.806
3.134
3.208
3.435
3.449
4.272
3.988
4.126
2.987
3.121
3.808
2.140
1.625
2.124
2.601
2.259
2.866
2.750
1.777
1.691
2.822
3.471
2.677
2.425
2.277
4.113
2.513
3.295
2.395
2.668
2.552
2.975
2.394
2.655
3.671
3.729
4.164
4.381
4.092
3.446
3.304
3.138
2.949
3.663
4.004
3.555
2.155
2.593
2.814
3.266
3.160
2.359
2.118
1.745
1.859
1.294
1.380
2.125
1.727
2.140
1.713
1.684
2.197
2.039
2.178
1.107
0.790
1.040
1.905
2.561
3.004
2.354
2.131
1.395
1.869
2.562
2.419
2.534
1.770
2.694
2.492
2.194
1.550
1.360
1.379
1.358
1.595
1.903
1.612
1.846
1.533
0.981
2.009
1.757
1.502
1.699
1.284
1.672
2.235
1.708
1.855
1.686
1.808
2.335
2.175
2.039
1.345
2.091
4.003
3.365
2.807
3.009
2.842
2.921
2.308
2.178
1.848
2.818
3.076
2.856
2.418
1.786
1.900
1.955
2.386
2.476
2.429
2.472
2.755
2.789
2.639
2.243
2.021
2.132
0.906
1.407
1.708
1.396
1.556
1.966
2.362
2.152
1.156
3.690
2.551
1.923
2.099
2.722
2.199
3.844
4.405
3.649
3.352
2.638
2.419
2.278
2.159
2.858
4.290
3.268
3.315
3.281
2.495
2.801
2.630
2.967
3.401
3.029
2.657
3.589
3.404
2.746
2.118
1.477
2.515
2.885
3.844
2.878
2.116
3.031
2.468
4.816
3.994
2.811
2.014
1.935
3.075
1.539
3.431
3.771
4.001
3.959
3.348
2.273
2.701
3.871
4.555
3.182
2.834
3.259
3.249
5.935
6.450
4.407
3.820
4.110
3.145
2.764
2.937
3.269
2.099
2.505
2.853
2.178
3.068
3.177
3.227
2.996
2.948
2.652
2.601
2.879
4.394
3.711
2.150
2.462
2.359
2.209
3.339
3.779
1.765
4.052
2.965
2.457
3.458
1.494
1.911
1.286
2.257
1.764
2.949
3.030
2.512
2.707
4.273
4.154
1.036
2.552
2.685
2.545
2.474
3.050
3.666
2.722
1.664
1.986
2.947
2.823
3.487
2.196
3.077
2.243
2.502
2.150
2.726
3.651
4.006
3.643
3.691
3.488
3.256
3.331
4.120
4.131
4.428
4.224
4.087
1.817
2.574
4.370
3.404
2.329
3.617
3.007
2.971
2.235
2.563
3.764
3.863
3.884
4.379
5.780
5.955
5.299
5.068
4.720
4.411
4.042
5.503
5.990
7.279
6.755
5.879
5.192
4.600
4.780
5.390
5.497
5.699
5.721
5.090
4.063
3.991
4.394
3.913
3.229
3.609
3.959
4.922
5.158
4.951
4.456
3.649
3.938
3.767
4.726
4.263
3.391
2.388
4.735
4.157
4.261
4.306
4.891
4.411
4.220
4.623
2.671
1.592
1.839
3.139
4.159
4.573
4.714
5.074
5.212
5.708
5.423
5.691
5.574
5.681
5.287
4.680
4.158
4.829
5.140
5.287
5.401
4.878
4.733
4.365
5.093
5.333
5.836
4.782
4.605
4.876
4.594
4.337
3.949
4.528
4.684
4.289
3.321
3.455
3.809
3.305
3.447
3.630
3.095
3.032
2.922
3.338
3.594
4.235
4.660
4.244
3.951
3.813
4.021
4.013
4.330
4.566
4.228
3.207
2.448
2.123
1.740
2.563
3.826
2.901
2.879
3.288
2.590
1.697
1.611
1.556
2.405
3.438
3.433
3.449
3.974
4.129
3.914
3.492
3.611
4.065
4.491
2.963
3.149
3.560
3.419
2.716
1.568
1.266
1.534
2.694
3.214
3.579
2.346
1.789
1.983
1.670
2.382
1.488
1.187
2.075
2.265
2.454
2.069
1.921
1.382
2.059
1.928
1.735
1.869
2.147
1.929
1.431
2.531
2.611
1.399
2.751
2.794
2.777
2.804
2.169
1.994
2.082
1.920
1.781
0.949
2.119
2.302
2.189
1.609
1.511
2.286
1.498
1.431
1.942
1.996
1.163
2.553
1.780
2.186
2.586
2.148
1.388
2.210
2.343
1.916
1.794
1.616
1.870
2.070
2.058
2.323
1.876
2.519
2.060
2.262
2.510
2.193
1.413
1.890
2.823
2.864
2.393
2.149
2.034
2.467
3.082
3.223
3.218
2.436
1.949
1.232
2.524
2.395
1.565
2.292
1.809
2.666
3.053
2.553
2.506
1.946
2.617
3.191
2.712
2.114
2.600
2.538
2.422
2.112
3.548
3.991
2.619
2.459
4.653
2.796
2.504
3.881
4.353
3.716
4.420
4.160
3.712
4.905
3.441
2.650
3.163
2.981
3.255
2.416
2.452
2.321
2.749
2.699
2.644
1.436
2.243
3.107
4.268
2.514
2.520
4.194
2.513
5.477
6.134
4.752
3.322
2.371
3.040
2.371
2.708
3.294
4.503
4.095
2.375
2.314
1.807
2.999
4.068
6.998
5.183
2.605
2.639
1.923
2.770
1.815
2.531
2.183
2.772
2.787
3.125
4.289
3.220
4.041
3.402
2.208
2.206
2.469
2.634
2.569
2.917
3.093
2.171
2.302
2.365
2.778
1.965
2.766
2.624
1.510
2.145
2.315
2.607
2.490
2.837
2.895
3.541
2.186
3.630
4.010
2.511
2.309
2.137
3.775
4.497
2.558
1.259
2.492
2.229
2.181
2.642
2.090
3.095
3.505
3.550
3.676
3.311
1.764
4.567
4.916
2.847
1.935
2.203
2.470
3.202
3.617
3.885
2.908
2.032
2.138
2.032
3.627
4.913
5.338
3.091
3.918
4.221
3.573
1.815
1.310
1.422
2.962
3.602
3.369
3.184
1.891
2.971
4.458
5.118
5.507
5.477
5.680
5.238
5.147
4.667
4.604
4.330
4.451
4.404
4.182
3.517
3.901
3.794
3.811
4.285
5.199
5.693
6.395
6.914
6.300
6.042
5.698
5.159
5.498
4.670
4.331
3.525
3.589
2.862
2.089
2.673
2.771
3.076
3.657
3.843
4.301
3.504
3.937
5.056
4.506
4.959
5.343
3.614
2.233
2.645
3.462
4.144
2.670
3.983
4.514
4.723
5.274
4.632
4.184
3.212
3.576
2.852
2.851
2.733
2.997
3.965
4.111
4.479
4.068
4.079
5.193
3.912
3.374
2.941
3.823
4.130
3.816
4.481
3.631
3.207
3.320
3.289
2.769
1.819
1.863
2.646
3.113
3.896
3.556
3.807
3.116
3.446
3.430
3.955
3.989
4.377
3.928
3.732
2.478
1.539
1.579
1.907
4.202
4.070
3.603
3.346
3.075
3.979
3.740
3.803
3.157
3.027
3.390
3.110
3.115
2.539
3.408
3.701
3.610
2.957
3.703
3.357
2.443
2.855
2.952
2.528
3.053
3.389
2.522
1.749
2.112
2.607
2.532
1.439
1.872
2.510
1.872
1.576
1.850
1.207
1.464
2.030
1.749
2.111
2.349
2.554
2.494
1.880
3.100
2.903
2.160
1.921
1.472
2.044
1.859
1.861
1.835
1.417
2.239
1.405
1.539
1.368
1.634
1.378
1.922
2.138
2.889
2.722
2.422
1.964
1.645
2.007
1.492
1.983
2.156
2.167
2.235
1.988
2.436
2.445
1.976
1.801
2.209
1.895
1.966
2.482
2.198
2.164
3.070
2.977
2.625
2.538
1.913
1.833
1.753
2.130
2.373
2.371
2.031
2.601
1.897
2.303
2.286
2.104
2.023
2.095
1.965
2.140
2.529
2.073
3.022
3.240
2.839
2.354
2.693
4.397
3.651
2.894
3.533
2.882
2.291
2.676
2.161
2.422
2.447
2.600
3.052
4.373
3.249
2.850
1.909
1.902
2.416
2.420
4.746
5.621
6.345
5.222
3.644
3.228
2.200
2.007
2.182
2.138
1.870
2.327
2.131
3.565
0.944
2.643
2.073
4.558
3.082
3.002
3.207
2.513
2.747
3.288
2.619
2.801
3.447
2.667
3.875
3.827
3.091
3.307
2.457
2.866
2.296
2.337
3.169
3.469
3.405
3.393
3.100
2.564
2.301
2.085
2.795
3.723
1.021
1.600
2.185
2.353
1.875
1.963
2.002
2.915
3.474
3.077
1.803
3.001
2.986
2.674
3.202
3.587
3.435
2.481
2.484
1.742
1.681
2.667
1.627
2.511
2.871
1.874
1.741
2.724
3.506
2.847
2.051
2.360
2.923
3.489
3.993
3.517
3.283
2.327
3.119
2.729
3.040
2.464
3.183
2.827
2.950
2.154
3.091
3.067
3.550
4.172
3.589
2.833
3.349
3.460
3.938
4.422
4.613
4.563
4.771
3.830
3.302
3.250
3.329
3.835
3.021
2.278
1.932
2.492
2.982
3.716
4.075
4.775
1.705
1.863
1.803
2.042
1.822
2.095
3.990
1.696
2.269
4.229
3.709
3.663
4.407
4.336
4.624
3.745
3.228
5.155
5.857
6.091
5.935
6.108
6.492
4.679
4.244
4.127
3.929
3.095
2.988
2.726
3.411
3.579
3.129
4.424
4.612
4.447
4.511
3.923
2.649
1.522
1.147
1.710
2.486
2.265
2.066
2.129
1.817
4.104
4.373
5.714
5.886
6.369
6.386
6.510
5.990
5.108
4.826
3.517
3.427
3.419
3.899
4.026
3.025
2.875
2.475
3.513
4.179
5.128
5.494
4.623
4.893
4.892
5.010
4.394
4.371
3.614
2.703
2.805
4.454
4.183
4.434
4.315
4.270
2.951
3.442
3.441
3.292
3.374
3.624
3.261
1.892
3.405
3.189
2.657
1.709
1.156
1.676
2.251
3.644
3.364
3.156
3.185
3.061
3.790
2.809
3.024
2.673
3.504
3.167
3.044
3.322
3.402
2.775
2.687
3.411
4.133
4.605
4.574
4.458
3.818
3.718
3.821
3.644
3.427
2.361
2.505
2.666
1.906
1.589
1.414
2.404
3.175
3.423
2.903
2.209
2.443
2.463
2.848
2.264
1.624
1.759
2.122
1.669
2.007
1.444
1.583
1.517
1.776
2.480
1.650
1.648
1.577
1.834
1.601
2.064
1.311
1.030
1.483
1.781
2.889
2.976
2.621
2.267
1.975
1.222
1.994
1.743
1.527
1.471
1.451
1.499
1.792
1.594
1.349
1.536
2.083
1.143
1.762
2.600
1.972
1.362
1.984
1.707
1.991
1.941
1.652
1.903
3.014
3.424
2.792
2.685
2.837
3.130
2.537
2.841
1.529
1.511
1.842
1.187
1.414
1.452
1.440
1.867
1.503
1.571
1.486
1.601
2.018
0.970
1.440
1.473
2.541
1.914
1.782
1.629
1.885
1.740
1.458
0.999
2.185
2.423
2.407
1.985
2.433
3.138
3.234
2.889
2.024
1.889
1.964
2.141
1.711
2.676
2.613
1.392
2.519
1.425
3.501
3.900
3.525
2.939
2.285
1.338
3.064
4.368
2.284
1.742
3.091
3.686
3.002
3.649
4.095
2.868
2.025
2.504
3.396
3.098
2.125
1.724
2.356
2.741
3.474
3.105
3.367
3.639
2.511
1.881
3.155
3.132
4.380
3.202
1.915
2.419
3.287
4.749
4.781
3.080
2.552
2.823
2.388
2.298
3.091
2.607
1.874
2.841
3.565
3.482
2.788
2.353
2.847
5.013
4.889
5.132
3.450
2.396
3.255
5.090
3.925
2.854
2.251
3.091
2.566
2.276
2.575
2.221
2.646
2.850
3.006
2.927
3.358
2.533
2.827
3.630
2.630
3.312
2.517
2.139
1.939
2.417
2.589
2.950
2.801
3.278
3.263
4.378
3.300
3.502
1.807
2.272
3.364
4.523
2.509
2.337
3.685
3.941
3.337
2.082
1.990
1.969
1.810
2.336
4.285
3.735
3.008
2.343
3.559
2.642
2.303
3.014
2.977
2.169
1.769
1.833
1.956
2.103
3.586
2.979
3.385
2.922
2.770
2.986
3.456
3.784
2.594
2.834
1.403
3.346
2.720
2.690
2.055
2.739
4.478
3.961
4.131
4.091
2.963
3.315
3.952
3.917
3.958
3.696
4.148
4.133
4.257
3.664
3.328
4.285
3.478
3.282
3.214
2.921
3.082
2.530
3.306
2.005
2.115
2.805
3.212
4.554
4.025
4.229
4.240
3.924
3.879
3.663
3.290
3.803
4.449
2.837
3.675
3.078
4.146
3.774
3.098
3.926
2.933
3.926
3.665
4.141
4.231
3.429
3.965
4.253
3.256
2.841
2.789
3.648
4.173
3.458
3.203
4.125
4.437
4.674
4.402
3.481
3.049
3.968
3.499
4.044
4.609
4.668
4.804
3.181
3.445
3.853
4.329
4.392
4.272
4.127
3.172
3.656
2.652
2.763
3.290
3.048
2.581
1.357
1.809
2.224
3.094
3.117
3.325
3.773
3.875
2.841
1.857
2.775
3.216
2.986
2.338
2.817
3.010
2.017
2.367
3.358
3.420
3.634
3.442
3.566
3.680
4.053
4.484
3.437
2.763
2.142
2.676
2.879
2.314
1.905
1.844
1.668
1.990
1.930
2.024
1.575
1.252
1.354
1.440
1.879
2.543
2.062
1.206
3.035
4.320
3.136
4.173
1.453
1.714
2.662
2.124
2.127
3.659
3.425
2.913
2.327
1.626
1.936
1.564
1.504
1.555
1.845
1.557
1.186
1.494
1.664
1.511
1.277
1.916
1.883
1.043
1.742
2.308
2.761
2.587
2.209
2.147
1.621
1.535
1.743
2.629
1.787
2.693
2.297
2.553
2.419
1.392
1.642
1.715
1.890
1.445
2.101
1.903
1.398
2.066
1.934
1.634
2.321
2.460
1.942
1.732
1.472
1.339
1.083
1.517
1.812
1.923
1.902
1.306
1.779
1.551
1.483
1.595
2.243
2.141
1.564
1.436
1.457
2.261
2.059
3.222
4.193
4.081
3.368
2.681
1.892
1.827
3.178
3.117
3.546
3.345
3.236
2.885
3.215
3.550
3.661
3.121
3.214
2.264
1.919
3.205
3.986
3.508
3.900
3.113
2.009
1.657
0.920
2.915
2.513
1.240
1.991
2.720
2.379
4.432
4.630
3.916
4.406
3.202
2.065
1.699
2.297
1.285
1.694
2.902
2.006
2.554
3.546
3.347
1.995
2.230
3.617
3.448
2.522
2.911
2.702
2.787
2.817
1.900
1.518
2.022
2.258
1.919
2.813
2.742
2.287
2.364
1.804
1.983
1.974
1.465
2.083
1.357
2.046
1.963
2.882
4.092
3.192
2.311
1.336
2.339
2.111
2.651
2.881
2.680
2.365
2.738
3.299
3.418
3.173
3.356
1.998
2.483
3.408
1.846
2.280
2.230
2.826
3.119
1.909
1.898
2.291
2.027
2.892
1.920
2.450
1.889
2.213
2.527
3.278
2.362
2.618
2.369
3.729
3.429
2.060
2.089
2.404
3.353
2.342
2.640
3.492
3.277
2.811
2.272
2.641
1.996
2.870
3.007
3.956
3.489
2.118
1.875
2.076
2.197
2.936
3.060
2.395
1.880
2.566
2.366
3.227
2.446
3.253
2.750
2.524
2.920
2.942
2.831
3.490
4.149
3.355
3.555
2.320
1.684
2.058
3.276
3.832
4.002
3.961
4.298
4.617
3.833
3.723
4.052
3.994
3.519
2.390
2.638
4.218
5.283
4.425
4.016
3.479
4.414
4.609
4.891
4.586
4.809
4.577
4.063
4.208
2.681
3.522
3.960
4.430
4.463
4.468
3.337
4.284
3.839
4.607
5.069
5.284
5.094
4.345
3.772
4.491
3.454
2.867
3.174
2.722
2.950
2.984
2.303
2.621
2.330
2.328
2.639
2.821
3.360
3.975
2.969
3.060
2.837
2.826
2.111
4.721
4.143
4.305
5.127
4.485
4.594
3.644
3.858
4.487
3.685
2.925
3.344
3.758
4.555
2.582
2.013
2.191
3.522
3.510
2.966
3.636
3.857
3.233
2.709
1.761
3.440
4.755
3.512
2.875
2.174
0.978
1.307
1.377
3.444
3.821
3.685
2.254
1.323
2.324
2.087
1.953
1.291
1.710
2.014
4.238
4.360
3.769
3.771
3.316
3.153
2.866
3.310
3.469
2.738
3.033
2.553
3.204
4.296
2.960
1.506
1.502
2.233
1.926
3.170
2.891
1.580
1.239
1.582
1.747
1.162
1.407
1.824
1.805
1.486
1.160
1.512
1.823
2.054
2.439
2.194
2.358
2.596
2.274
2.191
1.469
1.783
2.144
2.641
2.110
1.627
1.766
2.374
2.441
2.506
1.789
1.743
1.438
1.792
1.961
1.387
1.317
1.620
1.494
2.066
1.914
1.952
2.298
1.413
1.745
1.739
1.912
1.714
1.431
2.341
2.650
2.855
2.110
2.349
2.958
2.576
3.146
2.325
1.572
0.949
1.468
2.290
2.291
1.681
2.456
1.890
1.648
1.759
2.076
2.015
1.517
1.674
1.094
1.687
1.829
1.420
1.297
1.987
1.895
2.938
2.489
2.311
2.459
2.928
2.843
2.685
2.987
2.599
3.419
2.891
2.828
2.366
2.259
2.668
2.202
3.409
3.051
3.185
1.953
3.063
3.900
2.307
2.459
1.955
1.606
3.175
3.029
2.611
2.543
1.824
2.850
3.591
2.652
2.781
2.977
1.470
1.574
1.730
1.989
2.524
4.013
4.342
2.979
2.742
2.476
3.208
3.040
5.131
3.152
2.856
2.852
3.996
2.857
2.105
2.739
3.217
3.478
4.139
4.144
3.288
3.109
2.270
2.243
2.429
3.433
2.196
2.611
2.729
3.493
1.736
2.339
2.890
0.955
2.604
3.866
5.693
4.862
2.452
4.056
2.179
2.421
2.118
2.188
2.123
1.867
2.933
3.183
2.680
2.971
3.731
2.575
2.265
2.829
3.711
2.350
3.994
3.117
2.858
2.692
2.961
2.505
2.113
2.660
3.146
3.345
4.407
3.551
3.366
3.422
2.620
2.137
2.726
2.401
3.919
3.741
2.476
2.990
3.450
2.785
2.247
2.506
2.463
2.489
2.161
2.336
2.936
3.531
3.156
2.315
2.404
2.573
3.241
3.305
1.939
1.395
2.312
2.880
2.503
2.304
1.938
2.393
1.589
1.585
2.979
2.572
4.102
4.084
4.426
2.902
3.416
2.472
2.829
3.376
3.653
3.140
2.569
2.974
3.098
3.523
2.584
4.070
3.838
4.482
4.124
3.928
4.633
4.998
4.325
4.957
5.300
4.743
3.763
4.263
4.642
5.129
5.192
4.580
3.995
4.570
4.336
4.429
4.248
2.880
3.891
2.536
2.444
2.055
3.160
4.223
1.845
2.848
3.679
4.003
4.268
5.106
5.902
5.843
4.917
4.613
4.878
4.231
3.614
3.595
4.261
3.916
2.206
1.690
2.485
4.030
4.523
3.842
3.385
4.177
2.427
1.206
2.040
2.912
3.242
5.261
6.190
4.435
4.172
3.666
3.054
1.791
3.624
3.732
3.196
3.444
3.163
3.138
2.479
2.906
3.090
3.864
4.376
4.465
3.672
2.837
2.150
2.679
2.876
3.229
2.860
2.909
2.295
2.340
2.979
3.192
2.501
3.002
3.037
1.813
1.612
1.755
3.131
2.961
3.136
4.051
4.113
4.581
3.954
3.632
3.765
3.779
2.686
3.248
2.666
2.622
2.473
1.852
1.528
1.792
1.214
1.290
2.066
1.491
2.515
2.059
1.892
2.229
2.995
2.758
3.265
2.837
2.672
2.737
2.740
2.224
2.027
2.692
2.793
2.687
2.257
1.196
1.568
1.810
1.966
1.436
2.059
1.199
2.468
1.972
1.922
1.532
1.020
2.041
1.096
1.539
1.824
2.170
2.184
1.307
1.933
1.803
2.600
1.979
2.010
1.659
1.913
1.452
1.737
1.033
0.935
1.325
0.758
0.993
1.311
1.601
1.320
1.133
1.424
2.033
2.172
2.052
1.500
1.924
3.366
3.516
3.679
3.295
3.023
1.928
1.275
1.649
1.860
1.615
2.096
2.106
1.466
2.221
2.415
1.609
1.703
1.715
2.703
2.085
2.704
2.302
1.584
1.800
1.804
1.569
1.363
1.696
1.269
1.351
2.348
1.989
1.604
1.954
2.743
3.649
3.101
3.115
2.809
2.679
1.929
2.450
2.349
3.185
3.968
6.096
4.731
4.243
4.328
2.890
2.061
2.521
2.347
2.133
1.635
2.280
1.571
2.599
1.762
2.446
1.698
3.458
4.462
3.037
4.775
5.356
3.784
3.208
2.528
3.039
2.959
2.027
2.494
3.266
4.293
3.807
4.119
3.391
2.232
2.514
3.250
2.259
3.584
4.153
3.853
3.315
3.869
3.392
2.099
2.776
2.695
3.830
2.051
3.569
2.474
3.511
3.408
2.533
2.653
3.325
2.536
4.636
4.569
3.341
3.804
4.198
3.817
3.384
2.660
2.460
1.399
3.034
2.981
2.117
2.222
2.913
2.617
1.591
3.206
3.038
3.385
1.943
1.737
2.264
1.937
1.742
2.062
2.491
2.062
3.180
2.623
2.655
2.569
3.310
5.054
5.494
3.119
1.822
1.714
2.540
2.580
3.170
1.937
2.735
1.908
2.061
2.868
2.514
2.981
2.234
2.142
2.492
3.027
2.924
2.986
3.809
3.563
3.117
2.811
2.000
3.083
2.091
1.632
2.414
3.031
2.675
3.935
3.686
3.619
3.774
1.755
2.612
2.316
2.450
2.430
2.682
2.555
3.252
3.172
2.644
3.031
2.930
3.872
4.185
4.319
3.893
4.801
4.665
4.499
4.047
4.517
4.279
4.493
3.835
4.134
4.296
4.251
5.304
5.490
5.809
5.975
6.657
6.000
5.255
5.338
5.304
5.464
3.970
4.062
3.681
4.267
4.664
4.790
3.933
4.605
4.357
2.981
2.686
3.774
4.631
5.296
3.913
2.097
3.454
3.722
3.619
4.490
4.297
3.924
5.228
4.911
5.480
6.044
5.974
5.678
4.782
4.457
4.627
4.994
4.359
3.850
4.223
4.078
4.443
3.253
3.536
4.097
4.106
4.728
4.859
5.686
4.941
4.350
3.662
2.645
3.851
4.789
4.256
4.157
4.358
4.421
4.095
3.859
3.800
3.077
3.728
3.547
3.175
2.955
3.433
3.086
3.987
2.353
1.024
2.549
3.234
3.508
3.425
3.493
2.729
2.733
3.383
4.487
3.361
3.423
2.460
1.940
3.107
3.864
3.775
4.035
3.962
3.831
3.329
3.509
3.200
3.274
3.017
2.256
2.171
2.493
2.828
2.701
3.267
3.030
2.901
2.205
1.471
1.709
1.359
2.824
2.320
1.963
1.633
1.539
1.890
2.131
2.369
2.326
2.672
2.741
1.790
1.744
1.031
1.190
1.457
2.271
2.818
3.057
2.155
2.164
2.802
3.375
3.153
3.152
2.798
2.034
1.692
2.250
1.441
2.936
3.164
2.460
2.320
2.127
1.636
1.992
0.986
1.089
1.350
1.193
1.026
2.167
2.509
1.354
1.460
0.959
1.533
1.973
2.454
0.959
1.537
1.461
1.399
1.605
2.071
1.732
2.206
2.399
1.729
1.655
2.228
1.517
1.642
1.874
1.492
2.240
2.311
1.626
1.717
1.886
1.920
2.395
2.345
3.424
2.688
2.697
2.600
4.226
3.306
2.915
2.070
2.096
2.337
3.682
4.166
4.078
3.299
2.123
2.404
2.762
1.753
2.138
2.259
2.783
2.433
1.763
2.665
3.007
2.776
2.734
2.658
2.990
3.059
1.876
3.024
2.691
2.874
2.365
3.875
2.353
2.371
2.204
2.473
2.093
1.276
1.426
1.619
3.239
3.318
2.583
2.693
2.113
2.335
2.456
4.435
4.873
4.134
5.144
4.800
4.758
3.800
2.497
2.500
2.908
2.859
2.822
4.035
3.093
2.873
2.002
3.374
2.536
3.258
2.684
2.149
2.211
2.352
2.707
4.134
2.030
2.567
2.121
2.735
2.416
1.809
3.425
3.206
3.322
3.973
2.950
2.080
2.569
2.177
3.247
2.936
2.781
3.647
3.045
2.634
1.808
2.878
3.082
3.239
2.256
3.368
2.763
2.060
2.616
2.534
2.814
3.274
2.006
2.998
2.776
2.435
2.251
1.884
2.519
2.496
2.955
2.469
2.219
3.094
2.939
3.014
2.840
2.745
1.894
1.870
1.769
2.274
3.174
2.399
2.389
3.884
3.145
3.161
2.618
2.712
2.846
3.234
3.128
4.076
3.413
4.038
3.736
2.234
3.378
2.426
2.471
2.651
3.060
3.630
2.712
2.307
2.433
1.785
3.762
4.674
3.226
2.195
3.067
2.581
2.336
1.747
2.053
2.708
2.979
3.621
3.658
3.391
3.578
3.936
2.841
3.077
2.848
3.436
4.330
5.169
4.463
4.696
5.256
5.260
5.472
4.194
4.875
3.710
4.971
4.293
3.283
4.382
3.671
4.566
5.905
5.025
4.922
5.503
5.003
4.797
5.215
5.667
5.678
5.663
5.155
4.691
4.632
4.654
4.494
4.257
4.575
4.358
4.691
4.811
4.422
4.134
3.546
3.352
3.088
3.955
4.235
4.389
3.137
4.054
3.483
3.238
3.528
3.536
2.988
4.299
4.202
3.405
1.879
3.348
2.731
3.330
4.110
4.833
5.033
3.485
3.522
3.862
4.025
4.429
2.665
1.089
3.230
4.067
3.118
3.566
3.754
2.069
2.753
4.224
3.857
4.446
4.562
4.430
4.028
4.322
4.605
4.292
3.690
4.116
4.442
4.407
4.292
3.822
2.829
4.134
3.675
3.172
4.316
3.153
3.453
3.646
3.552
3.398
3.335
2.899
3.148
3.428
3.224
3.191
2.176
2.689
2.665
2.913
1.563
2.694
3.431
2.624
2.137
2.440
2.412
1.692
3.015
2.585
2.497
2.743
2.655
4.300
4.206
2.457
2.250
2.724
2.450
2.481
1.982
2.345
2.734
2.568
2.557
2.698
2.501
2.776
2.859
2.779
2.200
2.343
1.961
2.409
1.973
3.149
3.302
1.811
2.070
2.441
3.022
3.029
2.615
2.115
2.237
2.861
2.564
1.834
2.403
2.277
2.409
2.832
2.080
2.306
2.171
1.852
2.298
1.866
1.258
1.064
1.401
1.143
1.732
1.682
1.509
1.557
1.140
1.653
1.587
2.779
1.963
1.750
2.410
2.027
1.988
3.744
5.573
2.215
1.966
2.286
2.705
1.400
1.956
2.321
1.687
1.638
2.318
2.235
2.308
1.044
2.404
1.587
1.210
1.641
2.218
2.106
2.350
2.320
1.610
1.478
2.408
1.623
1.999
1.877
1.933
1.817
2.040
1.791
1.727
2.137
2.935
2.924
2.893
3.147
1.868
1.874
1.920
0.983
1.592
2.935
1.861
2.065
2.375
2.437
2.546
2.265
3.295
2.884
2.267
4.080
3.123
3.351
3.648
2.210
2.841
2.067
2.407
2.972
2.749
4.311
3.758
3.372
2.788
2.316
2.547
2.652
2.382
2.255
2.205
2.521
2.185
2.021
2.416
1.757
1.124
2.444
2.489
1.857
1.977
3.158
2.823
2.289
2.865
2.519
3.399
5.339
3.156
4.441
2.301
1.759
2.499
2.408
2.506
3.316
2.634
1.905
1.914
3.025
3.396
3.406
1.844
1.700
1.835
2.558
3.048
2.813
2.931
4.002
4.086
2.416
3.456
2.801
2.119
2.900
3.243
2.524
2.603
2.259
2.755
3.326
2.521
1.994
1.576
2.438
1.639
2.350
3.614
3.364
3.412
3.098
2.960
3.022
2.850
3.556
3.762
4.884
3.759
3.891
3.184
2.547
1.723
1.841
1.856
2.068
4.504
4.520
3.591
3.711
2.294
1.380
2.018
2.441
3.272
4.501
5.123
5.720
4.970
3.987
3.094
3.315
3.632
3.162
2.660
3.442
3.350
2.872
3.117
2.468
3.043
4.112
4.233
3.802
4.101
3.940
3.845
3.933
2.849
3.081
2.908
4.104
4.107
3.905
4.042
3.136
2.638
1.775
1.817
3.354
4.486
5.448
6.340
6.803
6.532
6.394
5.557
4.827
4.631
4.283
4.873
3.998
5.491
5.856
4.689
5.948
3.632
2.780
2.379
2.641
1.784
2.660
3.208
3.892
1.736
2.352
2.910
2.409
4.453
5.010
5.436
4.990
4.679
3.627
3.051
2.962
4.351
4.224
4.574
3.977
3.114
2.867
2.350
2.471
3.107
2.253
1.983
3.213
4.259
5.007
5.106
4.232
3.775
2.667
3.334
2.763
3.272
3.551
2.986
2.787
2.949
3.096
3.236
3.670
3.307
3.304
3.496
2.462
2.580
1.922
2.593
2.712
2.086
3.435
3.751
2.658
1.685
2.966
3.293
2.724
2.551
2.293
2.736
2.982
2.749
2.016
2.279
2.545
2.876
2.506
3.101
3.491
3.117
2.839
1.483
1.112
0.928
1.043
1.027
1.531
1.777
2.658
2.962
2.543
2.623
2.702
3.002
2.160
1.656
1.708
3.633
2.757
2.596
2.680
2.250
1.890
1.477
1.207
1.805
2.029
1.882
2.609
2.377
2.398
1.648
1.019
1.405
1.670
0.977
1.360
1.113
1.249
1.554
1.643
1.226
1.337
2.259
1.822
1.373
1.824
2.347
1.761
1.702
1.268
1.453
1.977
2.510
3.058
2.808
2.457
1.439
1.250
2.070
2.029
1.919
1.930
1.127
1.410
1.449
1.613
2.160
3.160
2.792
2.851
3.024
2.666
2.339
2.633
3.056
3.954
3.503
2.514
2.367
1.814
1.361
1.546
1.693
1.969
1.884
2.028
1.433
2.031
2.524
3.308
5.404
3.432
1.310
1.981
2.878
2.823
3.730
3.104
2.979
4.088
3.523
3.580
4.060
3.415
3.898
3.385
2.798
3.640
2.873
1.542
1.366
2.233
2.360
2.095
1.601
1.740
3.891
3.112
1.459
1.691
1.479
2.056
3.482
2.908
3.201
3.086
2.915
2.097
2.816
3.232
2.893
3.923
3.556
3.464
3.207
2.333
1.837
3.803
3.534
2.154
1.403
1.811
2.387
2.123
3.659
2.283
0.964
3.560
2.716
1.537
1.640
1.735
2.682
2.908
3.851
4.704
3.599
2.691
1.676
3.785
3.172
2.635
1.927
1.838
1.346
2.027
3.236
2.093
1.581
2.468
2.340
2.429
2.432
3.157
3.168
1.823
3.738
3.365
2.525
2.934
3.257
2.470
2.700
2.615
2.493
2.283
3.373
3.734
3.051
3.540
3.768
1.869
1.684
2.206
2.579
3.059
2.977
3.681
3.799
2.738
1.531
2.030
2.395
1.784
1.408
3.240
4.150
3.522
2.730
2.839
2.547
1.407
1.608
1.751
1.527
3.355
3.567
3.031
3.189
2.261
1.570
2.344
3.710
1.525
1.560
2.329
1.836
1.880
1.993
2.455
2.148
2.543
2.060
1.788
2.078
3.658
2.844
2.485
2.327
2.460
2.317
1.846
2.221
1.743
1.766
1.754
2.015
2.276
2.043
2.546
4.464
3.922
4.235
4.105
3.916
2.503
3.509
3.784
3.737
4.006
4.535
3.879
3.364
3.153
3.237
2.952
3.886
4.612
5.500
5.947
5.536
4.550
4.391
3.832
3.933
3.685
3.578
3.787
4.239
4.736
4.993
3.789
2.216
2.487
1.971
2.214
3.709
4.791
4.038
3.806
4.426
4.346
4.437
4.428
4.918
4.973
4.182
4.172
4.329
5.048
4.825
4.571
3.268
4.495
4.219
3.961
2.956
3.666
3.445
4.215
3.884
3.476
3.076
2.897
2.833
2.144
1.941
2.460
3.179
3.328
3.744
3.161
3.061
2.552
1.821
1.915
1.713
1.592
3.829
4.236
3.870
3.856
3.608
2.132
1.983
1.588
2.057
2.781
2.979
2.430
2.850
3.111
2.744
1.592
2.152
2.599
3.083
3.290
3.537
2.686
3.641
4.292
3.457
3.285
2.862
4.050
3.464
2.509
2.304
1.932
1.208
1.302
1.563
1.893
1.619
1.688
2.473
1.550
1.941
1.937
1.901
0.786
1.653
1.335
1.741
3.126
3.511
3.530
4.118
3.003
3.015
2.017
1.826
2.853
1.909
1.698
1.885
2.585
2.906
2.711
2.540
1.813
2.100
1.776
1.368
2.150
1.864
1.901
2.150
2.004
1.708
1.199
1.814
2.184
2.353
1.555
0.942
1.531
1.531
1.336
2.418
1.618
2.057
1.448
1.173
0.959
1.663
2.311
1.754
2.467
1.517
1.283
1.387
2.107
1.169
1.079
1.369
2.231
1.799
1.911
2.238
2.087
1.961
2.007
2.297
1.673
2.336
1.499
1.429
1.237
1.200
1.304
1.057
1.410
2.090
2.757
2.164
1.587
1.272
1.367
1.280
1.115
2.094
2.772
2.693
3.085
2.576
2.894
2.669
3.054
3.593
3.607
2.808
2.545
2.794
1.730
1.439
1.504
1.299
1.362
1.898
1.976
3.446
2.914
3.376
2.935
2.468
2.709
2.803
2.500
2.050
1.927
1.677
2.926
3.872
3.667
2.368
1.862
2.389
3.713
4.094
3.790
3.415
4.783
4.705
3.977
3.056
2.398
1.915
2.248
1.588
3.170
3.897
3.595
3.125
3.131
2.325
1.755
2.216
3.448
2.014
2.041
2.478
3.242
4.145
2.497
1.994
2.061
1.942
3.348
2.902
4.261
5.114
4.340
3.938
3.614
2.770
2.048
3.297
2.615
2.443
3.553
3.402
3.686
3.657
2.956
2.861
2.843
2.235
3.070
4.182
4.431
3.046
2.155
2.114
3.471
3.142
2.789
2.253
2.617
3.839
2.029
2.693
1.989
2.634
1.816
2.545
3.154
3.548
4.463
2.487
2.541
1.506
2.734
2.813
3.042
2.756
2.570
2.049
2.846
2.783
2.678
2.671
3.103
2.781
2.705
1.856
1.700
1.742
1.714
2.401
1.179
2.672
2.100
1.501
2.416
2.671
2.828
2.498
2.478
3.337
3.090
2.238
3.238
3.816
3.922
3.835
3.658
3.576
2.510
2.575
2.949
3.222
1.928
2.356
1.923
2.878
2.247
2.810
1.731
2.497
2.424
2.149
3.263
3.543
2.089
2.501
2.207
3.528
3.451
3.655
4.106
2.514
2.199
2.397
3.426
3.473
3.737
3.185
3.293
3.814
4.442
3.894
2.990
2.946
3.287
3.434
3.958
4.544
5.139
4.526
3.943
4.023
4.114
4.756
4.804
4.679
5.375
5.375
5.312
4.612
4.292
3.318
3.857
4.917
4.878
3.677
1.929
1.960
2.908
3.150
4.415
4.494
4.694
5.164
5.824
5.523
5.445
5.422
5.269
5.573
6.186
5.403
4.275
4.568
3.885
4.431
3.823
4.207
4.055
3.075
4.006
4.466
3.815
3.377
3.402
4.275
3.212
3.339
3.447
3.289
2.548
2.864
3.453
3.577
2.999
2.987
3.275
3.896
4.182
3.312
3.549
3.813
3.446
4.007
3.424
2.807
2.474
3.433
2.544
3.399
2.729
2.293
2.643
2.804
3.152
2.542
2.093
1.925
3.816
3.386
3.209
2.978
2.176
1.995
2.009
2.443
2.415
3.220
2.839
3.076
2.922
2.018
1.755
1.481
1.273
0.924
1.232
0.976
1.293
0.899
1.945
2.011
1.975
2.595
3.262
2.355
1.813
1.294
1.854
2.498
2.703
2.988
2.495
2.038
1.699
1.005
0.997
1.303
1.178
1.673
1.739
1.858
1.182
1.391
1.139
1.593
1.800
2.123
1.790
1.299
1.306
1.216
0.972
1.533
1.938
1.321
0.885
0.951
1.359
1.009
1.333
1.379
1.281
1.414
0.990
1.199
1.585
1.888
1.998
1.350
1.850
2.342
2.381
2.902
2.330
2.192
2.656
3.524
4.116
3.826
3.301
2.995
2.543
2.587
1.515
1.196
1.017
1.977
1.886
2.277
2.346
2.447
2.422
2.434
2.492
1.954
2.015
2.865
2.240
2.310
1.954
2.170
2.171
2.790
2.596
1.664
1.849
3.650
3.729
3.837
3.569
3.292
3.213
3.413
2.405
2.254
1.662
1.600
1.979
1.794
2.214
1.520
1.779
2.672
4.285
2.305
3.590
3.134
3.316
3.544
3.445
3.497
2.919
2.833
2.148
2.129
1.664
4.017
4.403
2.242
3.197
3.088
2.768
3.392
3.939
4.190
3.719
3.261
2.796
1.784
1.878
2.310
2.131
1.966
1.571
3.117
3.251
3.997
4.522
4.085
4.447
4.369
4.632
4.348
3.707
3.031
3.231
2.922
2.938
3.954
3.111
3.072
2.567
3.526
3.243
1.697
4.860
4.198
3.602
3.278
3.379
3.461
2.829
3.111
2.882
4.354
1.676
2.774
2.582
3.273
2.798
2.616
3.303
3.460
3.004
3.806
2.730
3.082
3.820
2.607
2.108
1.902
1.707
2.021
1.736
2.008
2.701
3.068
1.804
1.955
2.660
1.320
3.354
2.985
2.630
1.714
1.907
2.500
1.633
2.205
2.678
2.278
2.525
2.776
2.431
3.007
2.521
1.875
2.251
2.020
2.875
2.403
1.918
1.761
2.433
2.326
2.575
2.154
2.942
2.548
1.642
2.600
1.917
2.764
3.954
3.789
3.061
3.166
3.448
2.690
1.723
2.647
1.925
2.026
2.318
2.084
2.205
2.883
2.097
2.536
2.610
3.371
3.942
3.753
3.049
3.072
3.786
3.628
3.973
3.730
2.828
2.315
2.167
2.873
3.721
4.369
3.951
3.625
3.946
4.690
4.357
4.727
4.818
4.921
4.392
4.421
4.722
3.962
3.456
3.951
3.466
2.988
3.099
4.306
4.459
4.408
3.072
3.020
2.974
3.542
3.004
2.059
1.854
2.022
2.453
2.378
3.758
1.615
2.512
3.983
4.569
4.350
4.243
4.043
3.706
3.320
4.833
4.622
4.849
4.706
4.388
3.706
2.486
2.572
3.925
2.828
2.163
2.733
3.261
3.329
2.044
1.705
2.531
3.675
3.263
2.726
2.110
3.240
3.179
2.544
2.522
2.208
2.080
1.786
2.185
2.935
3.131
2.657
3.517
2.578
2.538
1.877
2.244
2.733
2.534
2.715
2.392
2.681
2.902
3.398
3.715
3.206
2.539
2.458
2.794
2.834
2.661
2.723
3.072
3.074
3.292
2.465
1.791
1.891
1.904
3.154
3.809
3.301
2.557
2.447
2.425
2.334
2.103
2.243
2.441
2.669
2.786
2.710
1.789
1.359
1.031
1.019
1.245
1.459
1.616
1.411
1.204
1.324
1.280
1.322
1.616
1.731
1.943
1.567
1.291
1.644
2.271
3.358
2.570
3.402
3.356
1.503
1.135
1.435
1.887
1.960
1.221
1.365
1.012
1.517
2.119
1.479
0.847
1.298
1.258
1.272
1.265
1.264
1.254
1.207
1.135
1.180
1.047
1.405
2.005
3.015
3.236
2.748
1.250
1.061
1.745
1.055
1.194
1.122
1.136
1.240
1.673
1.909
1.609
1.476
1.574
2.299
2.569
1.493
1.044
1.920
2.546
3.182
2.838
2.968
2.468
1.960
1.424
1.378
2.622
2.527
1.900
1.930
1.990
2.077
2.930
3.440
2.514
1.960
1.897
2.639
2.430
2.586
1.782
1.467
1.351
1.341
2.201
1.548
1.101
1.795
1.317
1.173
1.177
1.272
1.529
1.596
2.382
1.834
2.712
3.668
3.444
1.872
2.251
2.050
3.161
3.521
2.463
2.267
5.030
3.675
2.462
2.411
1.530
2.634
3.459
2.919
1.313
3.368
4.747
3.612
2.953
2.496
2.609
3.296
2.933
2.511
4.620
3.558
2.281
1.396
3.611
2.905
3.379
2.781
3.281
2.146
1.544
1.707
2.507
2.212
1.922
2.081
1.613
1.179
2.391
3.400
2.668
1.559
2.539
1.139
3.252
3.494
3.523
1.581
1.623
2.418
1.625
1.834
2.303
1.570
1.722
4.295
3.513
3.211
2.011
2.267
2.098
2.582
2.481
2.750
2.282
1.756
1.358
2.398
2.435
1.501
1.984
3.312
2.006
2.492
2.073
1.793
2.457
3.591
2.642
2.215
2.274
3.670
2.805
2.154
2.837
2.220
2.298
2.291
3.253
3.016
2.639
2.852
2.547
3.728
1.478
2.006
3.051
3.705
3.632
2.486
2.155
1.803
2.283
2.091
2.588
2.295
2.222
2.526
2.960
2.970
1.726
2.442
1.613
2.404
2.640
1.863
2.271
1.752
1.918
1.858
2.284
3.183
3.507
3.712
3.311
3.174
2.193
1.961
1.908
3.349
4.072
3.893
3.591
3.895
3.348
3.103
3.117
2.931
2.633
2.332
2.676
3.057
2.396
3.091
4.066
3.782
2.238
1.819
1.318
2.598
4.591
4.819
4.447
3.158
1.863
2.110
2.840
3.293
3.877
4.298
4.436
4.266
4.017
4.524
4.085
4.439
4.368
3.865
3.884
4.331
4.252
3.934
5.003
5.719
5.812
5.896
5.526
5.585
4.395
4.349
4.615
5.234
5.188
4.924
4.630
4.694
4.727
4.348
4.034
4.772
4.528
4.228
4.214
3.758
3.596
2.297
2.532
3.058
2.935
2.984
3.335
3.475
4.166
4.604
4.458
3.506
4.227
3.012
3.131
2.817
3.326
2.817
1.926
1.520
