20000101
2.923
2.687
1.865
2.271
1.734
2.059
2.387
2.315
2.379
2.679
2.976
3.603
2.888
2.214
4.257
5.784
5.133
3.136
2.866
2.843
3.111
3.181
1.199
2.916
3.130
2.940
5.294
4.873
2.561
2.586
4.466
3.147
2.823
3.285
3.932
3.302
3.240
2.841
2.262
2.817
4.256
3.046
2.257
3.714
4.863
2.799
2.547
3.659
2.560
2.413
3.352
3.514
4.024
4.443
4.704
3.324
2.727
2.146
2.146
2.674
4.540
2.828
4.106
5.080
1.396
3.296
2.396
4.059
2.544
3.403
5.504
5.999
3.813
1.759
2.246
2.910
3.579
1.858
2.598
2.535
3.721
2.710
3.082
4.309
2.959
3.102
2.225
2.636
2.039
2.168
3.368
3.271
3.312
2.081
2.887
2.499
1.611
3.393
4.296
2.451
2.337
2.281
3.104
3.556
3.798
3.334
2.646
3.301
2.777
3.577
3.733
4.549
4.969
3.756
4.824
5.382
5.882
5.578
5.555
4.996
3.840
4.060
3.735
4.056
3.928
2.846
3.328
2.428
3.725
4.675
3.933
4.604
4.549
4.134
2.691
4.521
5.081
4.800
4.042
2.940
5.661
4.699
5.520
5.299
5.556
5.899
6.186
5.000
4.254
4.922
4.792
4.706
4.475
3.430
3.086
3.251
2.868
3.656
2.733
3.394
3.299
4.717
4.364
4.358
4.983
5.407
5.460
5.374
5.423
4.698
4.013
3.873
5.233
5.649
5.209
5.228
5.356
5.577
5.106
3.730
3.027
2.347
2.616
3.445
2.869
2.425
2.540
2.753
3.416
3.228
3.872
3.879
3.269
2.869
2.879
3.978
5.710
5.414
4.411
4.314
4.560
3.695
4.831
4.585
4.614
4.701
4.724
4.438
4.286
2.407
3.529
3.440
4.140
5.140
5.828
4.632
4.126
3.512
3.353
2.734
2.938
3.401
2.238
1.580
1.624
3.484
3.105
3.908
4.274
4.440
3.910
2.359
2.644
2.719
1.322
1.759
1.529
2.587
2.392
2.279
3.197
4.474
4.872
4.734
3.776
3.658
3.558
3.948
3.365
3.290
3.542
3.037
3.925
3.851
3.491
3.362
2.817
2.123
2.549
2.650
2.952
3.029
2.223
1.572
1.210
1.648
0.902
1.257
1.661
1.667
1.970
2.073
1.663
1.956
1.791
2.038
2.439
1.446
1.628
1.481
1.302
1.838
2.120
1.746
2.014
1.914
1.604
1.853
1.790
2.414
2.228
1.541
1.072
1.419
2.114
2.634
3.067
2.509
1.483
1.384
1.540
2.159
1.279
1.373
1.775
1.894
2.722
2.547
1.451
1.823
1.843
1.659
1.682
1.303
2.213
2.552
1.635
1.935
2.721
2.840
2.391
2.055
2.787
2.935
3.367
1.699
2.330
2.434
2.974
3.102
1.979
3.187
4.609
3.564
3.378
3.706
3.204
2.959
1.950
1.716
2.443
2.626
1.827
2.011
3.009
2.052
2.131
1.796
1.945
2.418
1.792
2.056
2.038
3.665
3.027
2.874
2.216
2.123
1.925
2.480
2.944
2.077
2.270
2.515
3.389
5.361
2.995
2.583
2.750
3.091
2.887
2.803
2.739
4.282
3.376
3.223
3.298
2.696
3.986
3.148
3.152
5.571
4.114
2.677
2.688
3.715
3.762
2.978
3.182
3.750
1.748
2.409
2.584
2.407
2.480
3.181
2.608
3.640
4.869
2.816
2.044
2.382
2.054
1.992
2.148
2.924
2.180
2.459
1.752
3.941
4.750
3.671
2.752
2.327
2.257
2.814
3.724
2.418
3.156
3.225
3.953
3.875
2.453
2.497
3.584
4.765
4.779
3.925
3.836
3.009
2.941
2.301
2.417
3.105
2.185
2.302
2.621
2.978
3.067
2.692
2.606
2.539
1.782
3.670
3.630
2.507
1.619
1.955
2.360
2.076
2.687
2.946
4.437
3.938
2.924
2.210
3.588
2.089
1.809
2.887
3.114
2.283
2.644
3.037
3.933
4.094
3.608
3.512
2.416
1.921
2.586
2.716
3.405
2.546
2.946
1.990
2.827
1.984
1.583
2.175
3.607
3.709
3.966
4.821
3.957
3.737
3.416
4.057
3.930
4.016
4.044
4.915
4.917
4.774
4.939
5.701
5.269
4.660
4.518
4.867
5.117
5.338
5.463
5.027
4.607
4.824
4.162
3.767
1.950
3.150
4.813
4.663
3.975
3.535
5.201
4.831
4.538
4.779
4.780
4.322
3.767
4.206
3.067
2.429
2.652
3.437
3.187
3.159
3.610
4.306
3.947
3.171
3.097
3.142
2.921
3.757
5.544
5.323
5.460
5.398
5.456
5.223
5.400
5.198
5.311
4.069
3.654
2.549
3.160
3.088
4.187
3.546
3.116
2.897
2.666
1.774
3.447
3.975
4.603
4.412
4.852
5.083
4.864
4.030
2.977
3.282
3.282
3.547
3.086
2.888
2.901
3.206
3.413
3.453
4.450
4.244
4.366
3.080
3.289
3.783
2.217
1.423
1.691
2.640
2.019
2.797
2.840
1.558
1.658
2.285
3.394
2.540
2.301
1.833
4.138
2.876
3.492
2.474
2.588
2.563
3.154
2.331
2.581
3.732
3.848
4.423
4.807
4.559
3.489
3.302
3.298
2.941
3.662
4.262
3.586
2.649
2.682
3.020
3.518
3.410
2.676
2.282
2.046
2.277
1.268
1.445
1.923
1.791
2.162
1.678
1.694
1.901
1.932
2.006
1.180
1.349
0.886
2.362
2.733
3.183
2.419
2.250
1.304
1.800
2.576
2.066
2.240
1.734
2.890
2.864
2.120
1.894
1.451
1.971
1.387
1.924
1.794
1.801
1.514
1.929
1.292
2.203
2.190
1.349
1.828
1.411
2.011
2.262
1.646
1.935
1.750
1.960
2.866
2.613
2.493
1.554
2.206
3.973
3.337
2.711
3.043
2.862
2.824
2.185
2.078
1.665
2.802
3.000
2.703
2.329
1.722
1.924
2.018
2.461
2.262
2.286
2.291
2.508
2.511
2.422
1.930
2.058
2.256
1.140
1.817
1.968
1.402
1.523
2.505
2.514
2.182
1.405
3.622
2.509
1.935
2.166
2.795
2.479
4.119
4.273
3.558
3.265
2.550
2.377
2.353
2.401
2.903
4.285
3.075
3.089
3.063
2.437
2.708
2.592
2.899
3.155
2.824
2.577
3.501
3.428
2.570
2.095
1.511
2.837
3.291
4.115
3.109
2.462
3.359
2.569
4.887
4.019
2.696
2.355
1.832
3.209
1.537
3.949
3.860
3.958
3.805
3.213
2.157
2.784
4.070
4.492
3.372
3.268
3.469
3.536
5.942
6.345
4.388
3.600
3.899
2.969
2.865
3.229
3.393
2.538
2.690
2.835
2.826
3.223
3.483
3.150
3.378
2.741
2.558
2.700
3.172
4.708
3.827
2.128
2.557
2.393
2.590
3.271
4.125
2.040
4.122
3.259
3.123
3.639
2.082
2.196
1.468
2.402
1.976
2.951
3.135
2.314
2.963
4.409
4.207
1.181
3.352
2.788
2.572
2.469
3.398
3.463
3.031
2.117
2.450
3.266
3.109
3.312
2.589
3.303
2.204
2.612
2.301
3.013
4.024
4.251
3.864
3.969
3.574
3.413
3.651
4.269
4.206
4.572
4.633
3.953
1.752
2.667
4.750
3.540
2.999
3.982
3.340
3.255
2.168
2.205
4.235
4.080
3.971
4.020
5.785
5.778
5.582
5.247
4.774
4.312
3.616
5.390
6.077
7.563
7.037
6.234
5.608
4.912
4.919
5.536
5.735
5.853
5.870
5.063
4.029
3.926
4.023
3.848
3.057
3.506
4.147
5.198
5.444
5.023
4.560
3.445
3.811
3.710
4.861
4.450
3.561
2.704
4.913
4.229
4.014
4.144
4.774
4.614
4.144
4.080
2.482
1.721
1.615
2.689
4.135
4.546
5.065
5.365
5.516
6.041
5.591
5.921
5.800
5.796
5.486
5.095
4.158
4.680
4.775
5.202
5.929
5.287
4.569
3.907
4.938
5.580
6.358
5.501
5.244
5.348
5.190
4.894
4.531
4.807
4.801
4.581
3.551
3.271
3.745
3.259
3.202
3.684
3.300
2.977
2.870
3.189
3.771
4.848
5.119
4.633
4.143
3.963
3.847
4.130
4.488
4.772
4.438
3.719
2.420
2.248
1.907
2.654
4.521
3.507
3.151
2.952
2.221
1.624
1.654
1.526
1.814
3.138
2.921
2.947
4.036
4.136
3.809
3.225
3.694
3.649
4.732
3.375
3.603
3.969
3.769
2.892
1.690
1.274
1.840
2.574
2.892
3.670
2.431
2.113
1.873
1.976
2.625
1.576
1.640
2.268
2.590
2.870
2.705
2.609
1.703
2.418
2.026
1.921
2.032
2.479
2.100
1.407
2.522
2.447
1.399
2.526
2.888
3.078
3.157
2.419
2.170
2.462
1.749
1.497
0.994
2.073
2.528
2.298
1.745
2.467
2.456
1.718
1.655
2.158
2.158
1.085
2.676
1.990
2.046
2.675
2.121
1.599
2.354
2.591
2.158
1.566
1.713
2.165
2.202
2.298
2.483
2.019
2.603
2.077
2.321
2.875
2.218
1.734
1.826
2.900
2.793
2.604
2.480
2.236
2.775
3.229
3.240
3.038
2.199
1.615
1.683
2.459
2.202
1.774
2.598
1.783
2.813
3.428
3.011
2.649
2.355
2.764
3.319
2.769
2.252
2.751
2.624
2.873
2.163
3.980
3.792
2.596
2.714
4.631
2.962
2.598
3.944
4.274
3.856
4.956
4.066
3.904
4.823
3.319
2.694
3.169
2.987
3.269
2.415
2.673
2.409
2.790
2.660
2.825
1.917
2.131
3.522
4.574
2.660
2.820
4.557
2.869
5.658
6.143
4.638
3.181
2.497
3.192
2.612
2.811
3.484
4.376
4.051
2.313
2.715
1.930
2.865
4.267
7.409
5.650
2.973
2.686
1.950
2.781
1.839
2.617
1.886
2.883
2.810
3.613
4.657
3.683
4.239
3.361
2.460
2.223
2.704
2.948
2.682
3.218
3.167
2.192
2.576
2.458
3.008
2.248
3.218
2.503
1.938
2.843
2.462
2.834
2.478
3.238
3.156
3.632
2.444
3.878
3.649
2.253
2.465
2.632
3.794
4.661
3.301
1.794
2.688
2.515
2.040
2.801
2.269
3.476
3.643
3.885
3.870
3.107
1.552
4.605
5.143
2.987
1.661
2.470
2.869
3.384
3.964
4.252
2.666
2.155
2.161
2.363
4.136
5.421
5.552
3.140
4.157
4.343
3.311
1.655
1.573
1.522
3.145
3.868
3.479
3.498
1.965
2.852
4.790
5.112
5.675
5.746
5.822
5.384
5.110
4.758
4.649
4.307
4.421
4.546
4.380
3.788
3.928
3.794
3.895
4.228
5.162
6.005
6.564
7.231
6.575
6.310
5.900
5.443
5.786
4.794
3.852
3.667
3.580
3.261
2.113
2.401
2.206
2.521
3.327
3.745
4.012
3.555
3.842
5.277
4.671
5.229
5.637
3.761
1.943
2.399
3.425
3.410
2.417
4.119
4.793
4.860
5.438
4.653
4.256
3.230
3.361
2.893
2.999
2.797
3.092
3.845
4.069
4.801
4.400
4.154
4.879
4.206
3.812
2.819
3.780
4.517
4.270
4.767
3.743
3.239
3.610
3.170
2.821
1.881
1.743
2.598
2.735
4.018
3.740
3.810
3.117
3.476
3.344
3.846
3.774
4.524
4.270
3.856
2.610
1.733
1.862
2.292
3.755
4.148
3.628
3.287
2.967
3.708
3.451
3.954
3.166
3.102
3.214
3.157
2.942
2.352
2.839
3.450
3.167
2.967
3.766
3.452
2.162
2.719
2.677
2.615
2.928
3.256
2.430
1.681
1.786
2.550
2.687
1.176
2.222
2.471
1.855
1.445
1.609
1.298
1.645
1.988
1.761
2.176
2.329
2.618
2.649
1.740
3.396
3.484
2.702
2.047
1.916
2.305
2.069
1.836
1.546
1.066
2.418
1.439
1.679
1.435
1.349
1.271
1.973
1.908
2.771
2.678
2.538
1.930
1.981
2.428
1.617
2.315
2.457
2.689
2.644
2.227
2.663
2.622
2.219
2.072
2.406
2.161
2.268
2.734
2.438
2.385
3.373
3.094
2.753
2.659
2.088
2.301
2.050
2.282
2.329
2.446
2.059
2.953
2.222
2.042
2.343
2.453
2.524
2.568
1.819
2.496
3.009
2.354
3.091
3.276
2.822
2.808
3.091
4.842
3.765
2.832
3.502
2.869
2.378
2.719
2.473
2.670
2.831
3.138
3.479
4.351
3.138
2.774
2.132
1.710
2.607
2.902
4.863
5.743
6.219
4.748
3.594
3.025
2.082
2.006
2.396
2.331
1.987
2.592
2.501
3.852
1.704
2.989
2.234
4.599
3.386
3.237
3.023
2.553
2.770
3.282
2.678
3.166
3.424
3.027
3.828
3.757
2.899
3.304
2.860
2.915
2.315
2.402
3.344
3.681
3.344
3.072
3.164
2.775
2.472
2.410
2.948
4.078
1.338
2.222
2.402
2.367
2.047
2.370
2.024
3.186
3.802
3.429
1.754
3.403
3.004
2.724
3.273
3.536
3.626
2.889
2.372
2.040
1.708
2.868
1.565
2.794
2.868
2.590
1.710
2.997
3.885
2.557
2.180
2.816
3.214
3.609
4.233
3.839
3.625
2.664
3.152
3.014
3.203
2.809
3.443
3.031
3.037
2.245
3.056
2.890
3.754
4.215
3.812
3.005
3.317
3.617
4.134
4.635
4.818
4.794
4.959
3.815
3.408
3.431
3.364
3.800
2.572
2.462
2.193
2.703
2.937
3.933
4.296
5.069
1.933
2.207
2.192
2.501
1.926
2.038
3.834
1.668
2.642
4.003
3.336
4.126
4.337
4.625
4.800
3.617
2.809
4.969
6.311
6.351
6.205
6.347
6.756
5.109
4.625
4.412
4.020
3.151
3.178
3.038
3.577
3.633
2.879
4.611
4.708
4.577
4.498
4.296
2.388
1.427
1.388
1.731
2.604
1.549
1.921
2.158
2.630
3.941
4.900
5.990
6.368
6.538
6.562
6.677
6.365
5.311
4.946
3.360
3.371
3.371
3.930
4.003
3.206
2.762
2.707
3.517
4.454
5.639
5.851
5.034
5.051
5.233
5.160
4.464
4.523
3.644
2.601
2.728
4.732
4.525
4.565
4.674
4.398
3.035
3.189
3.133
3.183
3.379
3.338
2.807
1.405
3.064
3.013
2.554
1.792
1.485
1.756
2.025
3.687
3.481
3.100
3.167
2.880
3.118
2.278
2.141
2.255
3.300
3.120
3.124
3.593
3.479
2.680
2.415
2.675
4.112
4.927
5.076
4.882
4.286
3.816
4.008
3.818
3.459
2.328
2.522
2.634
1.860
1.349
1.304
2.474
3.454
3.707
2.868
2.338
2.527
2.516
2.895
2.507
1.845
1.859
1.897
1.232
2.359
1.563
1.700
1.750
1.609
2.583
1.649
1.630
1.612
2.163
1.744
2.050
1.427
1.155
1.797
1.494
2.812
3.237
2.889
2.713
1.927
1.462
1.963
1.881
1.597
1.850
1.647
1.541
1.704
1.749
1.290
1.553
2.319
1.448
2.200
2.482
1.684
1.338
2.229
1.923
2.383
1.595
1.786
2.351
2.817
3.400
2.760
2.810
2.888
3.003
2.831
2.480
1.572
1.629
2.055
0.901
1.720
1.429
1.637
2.136
1.940
1.694
1.693
2.029
2.480
1.517
1.742
1.674
2.597
2.009
2.070
1.787
2.218
1.783
1.187
1.215
2.424
2.554
2.435
1.936
2.280
3.012
3.156
2.903
1.898
2.000
1.941
2.091
1.808
2.936
2.010
2.210
3.094
1.323
3.604
3.779
3.324
2.940
2.457
1.553
3.172
5.107
2.700
2.072
3.338
3.568
2.944
4.218
3.977
2.648
1.877
2.613
3.512
3.021
2.208
1.959
2.725
3.008
3.522
3.331
3.246
3.461
2.548
2.002
3.353
3.080
4.429
3.116
2.245
2.622
3.702
4.944
4.797
3.264
2.528
2.928
2.656
2.530
3.570
2.944
2.110
2.916
3.893
3.840
3.240
2.666
3.022
5.270
4.492
4.940
3.469
2.233
3.395
5.191
3.985
2.886
2.483
3.364
2.617
2.705
3.067
2.377
3.282
3.468
3.288
3.163
3.570
2.994
3.171
3.641
2.243
3.795
3.027
2.111
2.106
2.638
2.866
3.359
3.128
3.576
3.583
4.724
3.447
3.100
2.727
2.517
3.594
4.375
1.962
2.104
4.320
4.103
3.337
2.180
2.056
2.144
2.271
2.693
4.720
4.050
3.088
2.702
3.745
2.728
2.161
2.791
2.907
2.401
1.711
2.262
2.067
2.008
3.888
3.427
3.716
3.030
2.740
3.303
3.498
3.927
2.555
2.409
1.554
3.521
2.637
2.768
2.353
2.892
4.494
4.062
3.917
3.610
2.994
3.553
4.150
3.946
3.923
3.712
4.319
4.071
4.385
3.474
3.372
4.553
3.571
2.984
3.391
3.062
2.912
2.558
3.089
1.880
2.535
2.930
3.419
4.144
4.011
4.334
4.333
4.208
3.999
3.661
3.207
3.658
4.378
2.514
3.947
3.190
3.895
3.879
3.341
3.503
2.882
3.934
3.741
4.316
4.300
3.763
3.999
4.003
3.158
2.926
2.615
3.432
3.799
3.384
3.117
4.374
4.434
5.017
4.309
3.466
3.565
4.150
3.893
3.995
4.711
4.645
5.276
3.585
3.624
3.958
4.485
4.465
4.289
4.222
3.459
3.403
2.718
2.481
2.698
2.780
2.680
1.374
2.007
1.855
2.885
3.165
3.321
4.091
4.403
3.471
2.123
3.004
3.510
3.058
2.448
2.950
3.055
2.077
2.482
3.540
3.402
3.832
3.518
3.494
3.767
4.266
4.693
3.699
3.003
2.422
2.851
2.975
2.387
2.045
2.006
1.768
2.248
2.036
2.140
1.352
1.553
1.660
1.414
2.267
2.815
2.579
2.073
2.804
4.650
3.245
3.353
1.963
1.964
2.656
2.371
1.745
3.100
3.837
3.103
2.516
1.898
2.047
1.808
1.897
1.977
2.246
1.828
1.633
1.599
1.884
1.458
1.628
1.894
1.664
0.998
1.566
1.995
2.572
2.416
2.105
2.018
1.500
1.387
1.695
2.680
1.586
2.715
2.126
2.596
2.247
1.285
1.787
1.847
2.100
1.680
1.834
1.702
1.784
2.127
1.955
1.849
2.208
2.271
1.742
1.587
1.330
1.420
1.447
1.719
1.961
2.131
2.201
1.248
1.703
1.320
1.621
1.556
2.438
2.508
1.891
1.758
2.013
2.705
2.493
3.759
4.312
3.747
3.166
2.589
1.715
1.827
3.031
3.053
3.335
3.305
3.135
2.801
3.133
3.528
3.558
2.878
3.144
2.323
2.277
3.364
4.189
3.838
3.991
2.855
1.969
1.888
0.764
2.984
2.568
1.722
2.189
3.207
2.609
4.220
4.415
3.822
4.278
3.025
2.095
1.762
2.755
1.256
2.076
2.713
2.174
2.651
4.122
3.743
2.127
2.511
3.757
3.478
2.846
2.821
2.516
2.646
2.586
2.116
1.517
1.749
2.356
1.933
2.687
2.519
2.410
2.427
1.812
2.286
1.850
1.736
1.747
1.528
2.327
2.209
3.170
4.462
3.240
2.345
1.638
2.644
2.358
2.858
3.026
2.896
2.376
3.127
3.101
3.321
3.196
3.302
2.107
2.554
3.358
2.041
2.664
2.453
3.312
2.973
2.004
1.908
1.973
2.032
2.549
1.895
2.249
1.450
2.593
2.487
3.336
2.875
2.707
2.720
4.036
3.846
2.166
2.178
2.574
3.370
2.449
2.589
3.588
3.067
2.706
2.098
2.618
1.911
2.879
3.255
4.275
3.491
1.982
1.613
2.759
2.362
3.320
3.044
1.959
1.878
2.948
2.562
3.578
2.423
3.495
2.637
2.735
3.164
3.110
2.952
3.445
4.018
3.471
3.533
2.139
1.798
2.572
3.795
4.093
4.304
4.125
4.213
4.659
4.021
3.741
4.164
4.155
3.538
2.363
2.348
4.025
5.428
4.612
3.756
3.650
4.351
4.188
4.306
4.007
4.453
4.415
4.144
4.428
1.940
3.156
3.552
4.612
4.441
4.508
3.232
4.075
3.527
4.501
5.206
5.430
5.185
4.643
3.622
4.807
3.616
2.796
2.907
2.732
2.231
3.247
2.352
2.311
2.389
2.254
2.800
2.938
3.278
3.953
3.086
3.429
2.384
2.643
2.080
4.488
4.373
4.797
5.584
4.754
4.626
3.500
3.912
4.563
3.610
3.013
3.579
3.859
4.840
2.814
2.032
1.715
3.290
3.685
3.093
3.807
4.192
3.218
2.133
1.692
3.179
4.747
3.631
2.700
1.685
1.495
1.853
1.500
2.848
3.465
3.264
2.138
1.084
2.192
1.908
1.566
1.436
1.495
2.076
3.893
4.768
4.098
4.137
3.390
3.170
3.031
3.487
3.750
2.752
3.018
2.274
2.912
4.426
3.361
1.605
1.500
2.755
2.334
3.226
3.307
2.142
1.474
1.841
1.950
1.170
1.449
1.887
1.986
1.566
1.250
1.612
2.075
2.041
2.507
2.362
2.350
2.765
2.241
2.233
1.422
2.075
2.732
2.837
2.252
1.629
1.737
2.566
2.873
2.766
2.337
2.245
1.906
2.367
2.427
1.522
1.073
1.264
1.600
1.698
2.194
2.345
2.481
1.598
1.983
2.123
2.093
1.633
1.336
2.253
2.567
2.666
2.115
2.147
2.829
2.570
2.938
2.064
1.338
1.025
1.518
2.236
2.535
1.729
2.378
1.817
1.663
1.505
1.790
1.813
1.689
1.475
1.364
2.096
2.146
1.977
1.283
2.028
2.101
2.936
2.517
2.379
2.617
3.097
2.977
2.904
3.329
2.683
3.612
2.655
2.744
2.774
2.419
2.686
2.319
3.415
2.804
3.112
1.992
3.115
3.900
2.178
2.504
2.093
1.895
3.274
3.086
2.860
2.774
2.456
2.896
3.531
2.592
2.839
3.338
1.406
1.551
2.087
2.019
2.747
4.439
4.466
2.915
3.029
2.756
3.309
3.087
4.949
3.184
2.735
3.208
3.842
2.787
1.991
2.818
3.390
3.412
4.038
4.059
3.277
3.234
2.594
2.754
3.026
3.065
2.090
2.840
2.930
3.824
1.513
2.629
3.144
1.144
2.985
3.984
5.575
5.226
2.854
3.677
2.372
2.815
2.367
2.642
2.530
2.101
3.343
3.590
3.109
3.234
4.369
2.705
2.709
3.270
3.939
2.307
4.256
3.186
2.895
2.746
3.170
2.588
2.265
3.064
3.108
3.629
4.861
4.166
3.557
3.397
2.574
2.329
3.059
2.838
4.380
3.957
2.559
3.211
3.579
2.854
2.332
2.476
2.392
2.430
1.991
2.539
3.146
3.508
3.067
2.311
2.445
2.741
3.114
3.636
1.699
1.788
2.450
2.913
2.516
2.426
1.790
2.959
2.452
1.913
2.678
3.187
3.878
4.253
4.709
3.178
3.569
2.680
2.840
3.808
3.824
3.025
2.627
3.016
2.948
3.275
2.347
3.553
3.891
4.660
4.425
4.068
4.546
5.057
4.374
5.014
5.260
4.823
3.758
4.262
4.698
5.035
5.420
5.086
4.267
4.745
4.662
4.756
4.123
2.691
3.623
2.330
2.424
2.482
3.147
4.456
2.230
2.877
3.508
3.868
4.244
5.178
6.100
6.105
5.117
4.714
5.152
4.474
3.889
3.765
4.530
3.902
2.119
2.090
2.637
4.279
4.523
4.239
3.910
4.368
2.436
1.190
1.661
4.020
3.079
4.583
6.360
4.567
4.260
3.378
2.680
1.695
2.900
3.607
3.359
3.638
3.194
3.249
2.575
3.023
3.301
4.139
4.632
4.751
3.740
2.829
2.064
2.660
3.119
3.542
3.012
3.001
2.465
2.575
3.182
3.363
2.663
2.992
2.954
1.661
2.357
2.906
2.960
3.157
3.547
4.562
4.301
4.674
4.201
3.924
4.096
3.946
2.702
3.128
2.693
2.612
2.709
2.089
1.415
1.702
1.339
1.434
1.819
1.382
2.266
1.928
1.685
1.998
3.013
2.870
3.460
3.158
2.896
2.988
2.827
2.442
2.457
2.766
2.965
2.828
2.156
1.352
1.630
2.308
2.088
1.535
2.321
1.520
2.739
2.043
1.710
1.547
1.363
1.831
1.248
1.536
1.547
2.262
2.278
1.803
1.879
1.692
2.957
2.534
1.998
1.944
1.857
1.520
1.709
0.884
1.167
0.987
0.771
1.212
1.219
2.047
1.631
1.708
1.569
1.981
2.176
1.894
1.620
1.980
3.604
3.563
3.764
3.265
2.821
2.000
1.623
1.695
1.792
1.664
1.913
2.245
1.364
2.264
2.085
1.957
1.612
1.993
2.966
1.970
2.543
2.140
1.839
2.011
2.186
1.680
1.401
1.681
1.615
1.866
2.696
1.741
1.725
1.860
3.189
3.579
3.010
2.896
2.672
2.610
2.012
2.781
2.328
3.391
4.056
5.982
4.751
4.022
4.215
2.960
1.944
2.420
2.125
1.962
1.804
2.087
2.141
3.015
2.038
2.926
1.795
3.609
4.571
3.714
4.991
5.227
3.793
3.021
2.774
3.192
3.218
2.303
2.634
3.384
4.232
3.760
3.967
3.421
2.325
2.613
3.329
2.304
3.627
4.081
4.036
3.497
3.961
3.516
2.700
2.836
2.841
4.225
1.994
3.719
2.677
3.592
3.428
2.541
2.772
3.705
2.834
4.892
4.703
3.281
3.694
4.094
3.707
3.207
2.648
2.511
1.780
3.477
3.073
2.265
2.454
3.170
2.997
2.203
3.409
3.323
3.404
1.834
1.970
2.353
2.107
2.247
2.117
2.528
2.547
3.476
2.350
2.791
2.886
3.768
5.107
5.136
2.765
1.889
2.136
2.573
2.958
3.329
1.548
3.101
1.859
2.535
2.705
2.326
3.048
2.359
1.881
2.320
2.813
2.959
3.379
4.076
3.379
3.160
2.641
1.683
2.907
1.942
1.887
2.726
3.265
2.747
3.273
3.851
3.951
3.859
1.861
2.685
2.105
2.707
2.543
2.994
2.916
3.731
3.215
2.637
3.027
2.711
3.967
4.277
4.664
3.621
4.862
4.918
4.764
4.242
4.425
4.435
4.374
3.866
4.037
4.424
4.294
5.270
5.752
5.879
6.221
7.008
6.205
5.606
5.482
5.654
5.535
3.862
4.304
3.690
4.061
4.742
4.778
3.998
4.758
4.302
2.869
2.779
3.642
4.647
5.690
4.000
2.132
3.390
3.830
3.766
4.550
4.328
4.109
5.293
5.295
6.017
6.020
6.069
5.952
5.006
4.475
4.499
4.943
4.070
3.447
4.187
4.255
4.613
3.259
3.931
4.100
4.711
5.274
5.279
6.035
5.159
4.298
3.557
2.254
3.433
4.897
4.594
4.710
4.913
4.821
4.514
3.999
3.829
3.387
3.684
3.626
3.221
2.847
3.268
2.563
3.839
2.860
0.876
2.197
3.445
3.721
3.515
3.657
2.366
2.407
3.152
4.675
3.682
3.386
2.123
1.483
2.828
4.092
3.935
4.154
4.383
4.051
3.673
3.684
3.359
3.364
3.283
2.425
2.106
2.082
2.855
2.947
3.553
3.496
3.388
2.404
1.619
1.632
1.699
2.794
2.461
2.040
1.727
1.480
2.104
2.362
2.490
2.350
2.947
2.721
1.601
1.690
0.900
0.849
0.971
1.566
2.928
3.258
2.408
2.113
2.910
3.617
3.505
3.423
3.010
2.108
1.966
2.199
1.243
2.967
3.035
2.728
1.995
2.117
1.790
1.933
1.461
1.045
1.357
1.521
1.043
2.253
2.022
1.280
1.558
0.963
1.341
1.868
2.206
0.871
1.396
1.270
1.666
1.483
2.260
2.149
2.195
2.347
1.721
1.843
2.436
1.646
1.845
1.614
1.537
2.009
2.066
1.773
1.627
2.047
1.836
2.476
2.394
3.352
2.443
2.499
2.718
4.246
3.220
2.795
1.975
1.909
2.308
3.555
4.103
3.863
3.233
1.985
2.364
2.585
1.500
1.848
1.899
2.999
2.632
1.732
2.579
2.926
2.894
2.691
2.796
2.860
2.899
1.978
2.891
2.824
2.965
2.666
4.162
2.578
2.578
2.615
2.865
2.227
1.551
1.679
1.488
3.447
3.270
2.396
2.794
2.714
2.574
2.792
4.263
4.947
4.099
4.952
4.568
4.730
3.563
2.525
2.242
3.085
2.893
3.078
4.238
2.993
2.687
1.986
3.245
2.667
3.629
2.962
2.297
2.411
2.801
2.928
4.246
2.041
2.885
2.424
3.140
2.687
1.942
3.716
3.453
3.586
4.369
3.337
2.335
2.763
2.509
3.629
3.242
2.741
4.000
3.053
2.550
1.857
3.158
3.296
3.315
2.026
3.415
3.083
2.284
2.724
2.541
3.294
3.690
2.222
3.371
2.831
2.604
2.651
1.803
2.685
2.478
2.903
2.391
2.495
3.237
2.982
3.356
2.737
2.624
1.450
2.244
1.939
2.370
3.050
2.650
2.700
3.842
2.996
3.462
2.893
2.912
2.771
3.864
3.258
4.345
3.741
4.597
3.901
2.517
3.339
2.341
2.328
2.452
3.459
3.497
2.923
2.593
2.690
1.955
4.052
4.855
3.072
2.383
3.363
2.899
2.691
2.164
2.082
2.786
3.392
3.998
3.507
3.667
3.887
4.176
2.541
2.781
2.915
3.848
4.555
5.181
4.345
4.365
5.300
5.439
5.566
4.098
4.520
3.691
4.645
4.504
3.247
4.094
3.556
4.772
5.882
5.412
5.058
5.589
5.045
5.015
5.080
5.771
5.772
5.786
5.273
4.596
4.750
4.849
4.748
4.598
4.744
4.537
4.800
4.949
4.388
3.787
3.705
3.274
2.865
3.772
4.239
4.732
3.189
4.112
3.624
3.229
3.615
4.273
3.389
4.772
4.523
3.961
1.790
2.755
2.493
3.174
3.943
4.429
4.940
3.131
3.773
3.976
4.047
3.938
2.565
1.048
2.626
4.254
3.543
3.813
3.649
2.017
2.990
4.295
4.026
4.456
5.048
4.989
4.672
4.800
5.183
4.966
4.166
4.440
4.589
4.516
4.613
4.228
2.971
4.178
3.788
3.285
4.554
3.619
3.819
3.651
3.731
3.545
3.570
3.242
3.343
3.650
3.400
3.188
2.099
2.371
2.475
2.732
1.648
1.883
3.448
3.017
2.384
2.276
2.235
1.530
2.886
2.290
2.287
2.665
2.240
4.085
4.413
2.724
2.333
3.054
2.713
2.762
2.206
2.378
2.909
2.897
2.818
2.964
2.907
3.158
3.113
3.047
2.020
2.866
2.837
2.575
2.217
3.407
3.770
2.004
2.416
2.670
2.705
3.494
2.935
2.505
2.673
3.405
2.747
1.643
2.619
2.846
2.321
2.762
2.707
2.602
2.259
1.741
2.937
1.937
1.572
1.470
1.710
1.338
1.580
1.632
1.687
1.557
1.283
1.541
1.659
2.747
1.839
1.776
2.583
1.899
1.879
3.627
5.753
2.564
2.063
2.100
2.554
1.432
2.015
2.322
1.525
1.650
2.251
2.286
2.493
1.075
2.262
2.290
1.422
1.473
2.141
1.993
2.358
2.222
1.953
1.556
2.692
1.846
2.240
2.398
2.181
2.160
2.411
2.397
2.505
2.213
3.149
3.396
3.103
3.283
2.198
1.420
2.071
1.113
1.689
3.042
2.096
2.524
2.351
2.467
2.678
2.118
3.064
2.926
2.103
4.089
3.156
3.348
3.577
2.218
2.599
2.258
2.881
3.026
3.485
4.324
3.574
3.262
2.805
2.450
2.550
2.564
2.244
2.328
2.189
2.668
2.236
2.475
2.793
2.280
1.608
2.867
2.796
2.436
2.054
3.196
3.113
2.077
2.762
2.839
3.964
5.469
3.384
4.355
2.219
1.760
2.899
3.069
2.776
3.814
2.841
2.379
2.040
3.076
3.451
3.421
1.841
1.847
2.297
2.925
3.536
3.206
3.179
4.268
4.373
2.938
3.690
2.804
2.366
2.784
3.201
2.513
2.984
2.271
3.179
3.280
2.847
1.859
2.118
2.527
1.805
2.730
4.180
3.793
3.751
3.204
3.228
2.911
2.998
3.950
3.838
5.160
3.859
4.278
3.369
2.620
1.745
2.153
2.120
2.656
4.804
4.838
3.874
3.802
1.938
1.367
1.749
2.632
3.653
4.862
5.589
6.032
5.328
3.975
2.993
3.653
3.669
3.505
2.805
3.565
3.600
3.020
2.997
2.527
3.029
4.101
4.297
3.966
4.303
3.919
3.828
4.053
2.641
3.020
3.043
4.250
4.266
4.064
4.281
3.466
2.447
2.068
1.953
2.887
4.231
5.341
6.592
7.181
6.895
6.756
5.866
4.726
4.757
4.332
5.260
4.405
5.682
6.008
4.597
6.459
3.658
2.653
2.494
2.542
2.085
2.876
2.845
4.081
1.938
2.524
2.777
1.955
4.105
5.144
5.474
4.883
4.815
3.669
3.053
3.046
4.738
4.673
4.758
3.883
3.217
2.242
2.063
2.649
3.462
2.192
1.748
3.101
4.196
5.092
5.383
4.262
3.578
2.315
2.929
2.632
3.247
3.757
3.220
2.701
2.765
2.933
3.431
3.077
3.428
3.502
3.896
2.788
2.617
1.755
2.299
2.844
2.147
3.226
3.723
2.359
1.890
2.595
3.332
2.902
2.688
2.130
2.591
2.875
2.816
2.153
2.156
2.631
2.919
2.390
3.122
3.641
3.313
2.786
1.551
1.103
1.059
1.028
1.151
1.874
1.521
2.841
3.094
2.728
2.456
2.563
2.880
2.121
1.646
1.751
3.568
3.249
2.941
2.876
2.167
1.734
1.594
1.554
1.501
2.624
2.247
2.246
2.660
2.648
1.768
1.278
1.228
1.450
0.805
1.450
1.299
1.037
1.284
1.625
0.946
1.432
2.480
1.780
1.633
1.837
2.655
2.007
1.889
1.746
1.607
2.279
3.096
3.076
2.890
2.379
1.330
1.156
2.408
2.361
2.232
2.323
1.266
1.153
1.449
1.361
2.298
3.121
2.895
2.879
2.952
2.510
2.167
2.516
3.017
3.836
3.921
2.651
2.233
1.934
1.291
1.656
1.731
1.924
1.773
1.747
1.559
2.324
2.450
3.224
5.300
3.343
1.659
1.906
2.811
3.130
3.667
2.888
2.858
4.024
3.422
3.352
3.892
3.302
3.751
3.324
2.833
3.662
2.905
1.534
1.365
2.289
2.168
1.826
1.437
1.775
3.873
2.865
1.437
2.079
1.632
2.235
3.412
2.850
3.251
3.245
2.951
2.286
3.046
3.092
2.783
3.702
3.300
3.141
2.816
1.864
1.840
3.837
3.486
1.793
1.472
1.695
2.876
2.331
3.627
2.231
1.161
3.599
2.428
1.516
1.816
1.939
2.831
2.953
4.111
4.641
3.594
2.801
2.031
3.648
2.919
2.290
1.571
1.742
1.679
2.605
3.826
1.994
1.658
2.228
1.979
2.522
3.054
3.611
3.243
1.576
4.119
3.023
2.193
2.632
3.291
2.473
2.639
2.753
2.729
2.312
3.686
3.558
2.966
3.537
3.809
2.218
1.738
2.291
2.777
3.227
3.188
3.940
4.092
2.653
1.519
1.798
2.287
1.712
1.549
3.526
4.723
3.828
2.762
3.055
2.853
1.453
1.712
1.717
1.812
3.611
3.738
3.133
3.223
2.437
1.602
3.030
3.946
1.727
2.061
2.379
2.338
1.872
2.278
2.877
2.484
2.722
2.319
1.919
2.357
3.682
3.199
3.026
2.378
2.512
2.640
2.341
2.541
2.239
1.902
1.933
2.138
2.643
2.653
2.835
4.914
4.092
4.454
4.218
4.123
2.007
3.437
3.924
4.087
4.332
4.715
4.165
3.698
3.233
2.895
2.893
3.719
4.798
5.733
6.405
5.702
4.817
4.841
4.041
4.114
3.527
3.230
3.823
4.477
5.056
5.331
4.257
1.683
2.745
2.091
2.299
3.729
5.147
4.256
3.942
4.664
4.348
4.681
4.711
5.173
5.240
4.297
4.628
4.475
4.978
4.334
4.433
3.410
4.985
4.558
4.057
3.119
3.476
4.085
4.789
4.198
3.790
3.465
3.007
2.530
1.747
1.838
2.353
2.767
3.408
3.204
2.741
2.786
1.961
1.810
1.751
1.489
1.937
3.640
4.709
4.388
4.292
3.829
1.260
1.638
1.623
2.307
3.083
2.925
2.520
2.451
3.314
2.756
1.380
2.299
2.839
3.318
3.524
4.059
2.011
3.782
4.869
3.517
3.550
2.917
3.967
3.536
2.669
2.203
1.400
0.996
1.232
1.424
1.722
1.375
1.588
2.039
1.409
2.309
2.707
2.501
1.106
1.216
2.218
1.870
3.097
3.896
3.672
4.433
3.436
3.500
1.905
1.722
3.139
2.275
1.873
1.697
2.865
3.256
3.047
2.552
1.831
1.713
1.486
1.298
1.977
1.933
2.072
2.077
2.172
1.735
1.515
2.045
2.550
2.583
1.727
1.048
1.564
1.679
1.350
2.521
1.520
1.629
1.236
1.114
1.009
1.685
2.278
1.231
2.180
1.125
1.500
1.707
2.188
1.086
1.207
1.607
2.108
1.590
1.732
1.857
1.767
1.356
1.399
1.714
1.514
1.919
1.445
1.035
1.549
1.261
0.803
1.465
1.388
2.263
2.719
1.861
1.213
1.320
1.467
1.438
1.251
2.061
2.694
2.463
3.022
2.542
2.735
2.199
2.722
3.298
3.630
2.735
2.405
2.681
1.471
1.550
1.773
1.756
1.680
2.383
2.142
3.588
2.789
3.118
2.640
2.057
2.409
2.542
2.156
1.899
1.970
1.848
2.869
3.889
3.423
2.417
1.942
2.469
3.482
3.928
3.847
3.454
4.640
4.879
3.941
2.834
2.383
1.779
1.834
1.887
3.436
3.783
3.363
2.895
2.823
1.978
1.947
2.515
3.769
1.877
2.611
2.715
2.942
3.747
2.327
2.222
1.963
1.971
3.337
2.818
4.340
5.103
4.043
3.754
3.528
2.460
2.160
3.685
2.828
2.585
3.652
4.028
3.717
3.463
2.641
2.788
2.706
2.373
3.283
4.381
4.328
2.946
2.213
2.078
3.589
3.472
3.108
2.379
2.779
3.732
2.095
3.068
2.540
2.662
1.513
2.617
3.361
4.148
4.403
2.563
2.951
2.056
2.744
2.778
3.556
3.186
2.502
2.134
3.126
2.974
2.450
2.705
3.135
3.032
2.742
1.792
1.783
2.221
2.033
2.790
1.185
2.833
2.341
1.590
1.894
2.925
3.030
2.394
2.020
2.958
2.955
2.097
3.420
3.991
4.342
4.147
4.058
3.587
2.316
2.955
2.879
3.329
2.168
1.978
2.041
3.229
2.774
2.709
1.431
2.820
2.896
2.528
3.301
3.759
2.024
2.361
1.890
3.290
3.601
4.113
4.543
2.273
2.359
2.389
3.218
3.597
3.882
3.126
3.383
4.153
4.709
3.587
2.945
2.791
3.229
3.079
3.891
4.529
5.316
4.692
3.747
3.977
3.854
4.675
5.039
5.047
5.817
5.676
5.579
5.039
4.384
3.292
3.434
4.934
5.235
3.776
2.007
1.719
2.931
2.801
4.685
4.669
4.923
5.089
5.876
5.803
5.807
5.812
5.561
6.052
6.688
5.672
4.374
4.579
3.870
4.253
3.292
3.258
4.220
3.821
4.672
4.940
4.090
3.196
3.189
4.008
3.634
3.400
3.816
3.839
2.650
2.901
3.310
4.205
3.553
2.967
3.061
3.923
4.870
3.927
3.979
3.657
3.284
4.292
3.655
2.900
2.262
3.781
3.044
3.852
3.056
1.813
1.851
1.936
2.115
1.829
2.354
2.311
2.930
2.963
3.294
3.265
2.019
2.137
1.907
2.409
2.850
3.379
3.202
3.261
2.726
2.070
1.607
1.128
1.315
0.875
1.302
1.026
1.204
0.956
2.201
2.608
2.799
3.104
3.630
2.531
1.938
1.052
1.995
2.889
2.901
3.404
2.855
2.341
1.899
1.086
0.954
1.218
1.285
1.731
1.743
1.785
1.337
1.570
1.381
1.713
1.891
2.194
1.720
1.265
1.376
1.396
0.953
1.364
1.899
1.349
0.769
1.112
1.799
1.181
1.439
1.622
1.565
1.325
1.154
1.156
1.256
1.640
1.692
1.336
1.923
2.324
2.092
2.560
1.778
1.854
2.503
3.262
4.024
3.862
3.277
2.934
2.261
2.150
1.095
1.274
1.170
1.438
1.521
1.911
2.104
2.084
2.020
2.170
2.279
1.957
1.892
2.576
2.021
1.970
1.910
1.856
2.161
2.631
2.323
1.603
1.781
3.869
3.603
3.750
3.356
2.925
2.922
3.118
2.207
2.156
1.378
1.930
1.959
2.006
2.398
2.001
1.653
2.543
4.057
2.087
3.709
2.938
2.957
3.084
2.901
3.059
2.673
2.575
1.891
2.209
2.048
4.022
4.239
2.340
3.587
2.849
2.440
3.228
3.731
3.972
3.319
2.804
2.413
1.551
2.154
2.187
2.364
2.144
2.254
3.260
3.567
3.927
4.397
3.909
4.227
4.093
4.349
4.025
3.507
2.658
2.664
2.503
2.630
3.811
3.049
2.836
2.814
4.222
3.524
2.205
4.730
4.191
3.359
2.927
3.163
2.982
2.745
3.287
3.822
4.217
1.820
2.565
2.270
2.891
2.803
2.894
4.008
3.427
2.769
3.746
2.911
3.169
3.797
2.498
2.105
2.139
1.700
1.702
1.386
1.674
2.883
3.571
1.858
1.698
2.694
1.992
3.105
2.838
2.144
1.820
2.464
2.376
1.786
2.655
3.098
2.673
2.499
2.912
2.361
3.151
2.594
2.076
2.326
2.482
3.485
2.199
2.442
1.838
2.561
3.061
2.958
2.405
3.291
3.107
1.887
2.544
1.960
2.696
4.110
3.822
3.016
2.860
3.298
2.601
2.034
2.735
1.823
2.284
2.497
2.250
2.340
2.780
2.323
2.800
2.950
3.393
4.093
4.079
2.981
2.992
3.969
3.893
4.443
4.237
2.840
1.655
1.342
2.173
3.474
4.276
3.987
3.488
4.057
4.883
4.576
4.910
5.110
5.300
4.825
4.619
4.738
3.801
3.014
3.529
2.856
2.713
3.208
4.381
4.291
4.670
3.828
3.334
3.587
3.845
3.177
1.985
1.579
2.025
1.990
1.611
3.628
1.677
2.378
4.145
5.158
4.502
4.469
4.090
3.851
3.546
5.231
5.032
5.168
4.997
4.570
3.143
2.222
2.117
3.803
2.728
2.124
2.729
3.251
3.562
1.732
1.534
2.636
3.741
3.166
2.461
1.444
2.757
3.087
2.000
2.230
2.005
2.439
2.028
1.977
2.887
3.196
2.767
3.767
2.625
1.986
2.220
2.722
2.865
2.776
2.615
2.132
2.689
2.977
3.683
3.847
3.121
2.625
2.474
2.889
3.173
2.887
2.789
3.056
2.978
2.940
2.509
1.571
1.449
1.286
2.086
3.602
3.374
2.792
2.553
2.557
2.366
2.123
2.143
2.218
2.622
2.872
2.909
1.801
1.366
1.131
1.416
1.546
1.512
1.592
1.487
1.123
1.076
1.685
1.095
1.832
2.069
2.396
2.106
1.542
1.443
2.201
3.268
3.231
3.935
3.445
1.124
1.140
1.664
2.498
2.308
1.321
0.931
0.860
1.733
2.582
1.756
1.301
1.722
1.664
1.773
1.221
1.528
1.550
1.978
1.747
1.357
0.926
0.962
1.704
3.247
3.384
2.689
1.240
1.239
1.852
1.593
1.489
1.243
1.365
1.035
1.170
1.558
1.645
1.563
1.040
2.121
2.105
1.454
1.107
1.577
2.187
2.953
2.708
2.905
2.251
1.501
1.439
0.874
2.193
2.120
1.407
1.474
1.712
1.524
2.500
3.338
2.200
1.418
1.467
2.431
2.020
2.114
1.501
1.239
1.208
1.514
1.845
1.094
1.111
2.011
1.602
1.340
1.565
1.549
1.630
1.774
2.637
1.950
2.660
3.411
3.171
1.743
2.312
2.133
3.228
3.048
2.537
2.507
4.726
3.273
1.453
2.585
1.627
2.557
3.067
2.509
1.385
3.510
5.135
3.329
2.381
2.512
3.154
3.224
2.910
2.658
4.466
3.170
1.906
1.886
3.531
2.695
2.994
2.396
2.952
1.851
1.640
1.619
2.088
2.072
1.993
2.218
2.184
1.708
2.920
3.846
2.405
1.956
2.823
1.485
2.876
3.813
3.892
1.873
1.583
2.420
1.475
2.027
2.689
2.152
1.996
4.042
3.346
3.001
2.148
2.545
2.187
2.813
2.519
2.422
1.768
1.755
1.349
2.234
2.016
1.894
2.391
3.715
2.422
2.437
2.095
2.141
2.716
4.025
2.208
2.243
2.569
4.047
2.797
2.102
3.074
2.754
2.875
2.819
3.646
3.353
2.723
2.729
2.851
3.872
1.403
2.095
3.391
4.073
3.690
2.707
2.488
2.040
2.322
2.137
2.782
2.071
2.332
2.165
3.296
2.953
2.179
2.490
1.808
2.657
2.509
1.944
2.302
1.978
2.353
2.248
2.461
3.446
4.085
4.113
3.476
3.301
2.109
1.959
1.955
3.688
4.715
4.067
3.756
4.097
3.814
3.073
3.078
2.776
2.606
2.744
2.965
3.485
2.667
2.996
4.332
3.453
1.805
1.813
1.616
2.468
4.816
5.120
4.578
3.167
1.624
2.408
2.803
2.773
3.340
4.175
4.669
4.424
4.187
4.426
4.604
4.944
4.858
4.283
4.370
4.490
4.603
4.039
5.223
6.175
6.153
6.265
5.989
5.974
4.695
4.604
4.547
5.557
5.639
5.273
4.819
5.020
5.048
4.513
3.984
4.737
4.740
4.464
4.031
3.740
3.650
2.599
2.490
2.908
2.803
2.820
3.348
3.693
4.500
4.784
4.630
2.701
4.366
3.380
3.119
2.766
2.930
2.708
1.645
1.583
