20000101
3.104
2.580
1.666
1.953
1.513
2.041
2.310
2.801
2.872
2.212
3.203
3.715
3.190
2.376
4.037
5.479
4.495
2.793
2.678
2.736
3.087
3.004
1.721
3.068
2.910
2.896
5.458
4.677
2.446
2.765
4.822
2.819
3.386
3.474
4.120
3.709
3.124
2.989
2.253
2.959
4.307
3.676
2.062
4.149
4.717
2.675
3.318
3.869
2.494
2.586
3.319
3.953
4.151
4.442
4.230
3.430
2.708
2.126
2.010
2.673
5.115
2.965
4.728
5.721
1.965
3.233
3.031
4.598
2.412
3.491
5.695
6.653
4.171
1.914
2.470
2.850
3.869
2.767
2.737
2.859
4.483
2.764
3.708
4.402
3.190
3.277
2.433
2.910
2.448
2.530
3.885
3.896
3.028
2.062
2.916
2.618
1.726
3.817
4.639
3.188
1.804
2.466
2.990
3.725
4.007
2.567
2.465
3.584
3.056
4.277
4.577
5.282
5.337
3.601
5.022
5.316
5.818
5.389
5.656
4.824
4.304
4.479
3.644
4.338
4.622
3.280
3.071
2.133
3.731
4.690
4.214
4.480
4.131
4.039
3.220
4.662
5.132
4.745
3.819
3.232
5.528
4.680
5.440
5.518
5.738
6.015
6.450
5.120
4.266
4.814
4.849
4.642
4.448
3.205
3.086
3.086
2.773
3.768
3.290
2.910
3.601
4.372
3.905
3.971
4.605
5.621
5.582
5.535
5.419
4.581
3.792
3.766
5.308
5.740
5.280
5.088
5.558
5.765
5.225
3.661
2.708
3.176
2.233
3.266
2.804
2.449
2.508
2.459
3.391
3.837
4.005
3.838
3.042
2.940
2.739
3.805
6.280
5.871
4.568
4.274
4.911
3.880
5.022
4.867
4.907
4.928
5.106
4.738
4.500
2.767
3.740
3.848
4.829
5.682
6.074
5.029
4.318
3.632
3.475
2.953
2.740
3.263
1.999
2.044
1.333
3.012
3.203
3.995
4.750
4.552
4.063
2.481
2.366
2.883
1.997
2.198
1.586
2.639
2.939
2.259
3.205
4.718
5.314
5.189
4.285
3.809
3.706
3.854
3.798
3.536
3.817
3.596
4.480
4.258
3.782
3.649
2.872
2.249
2.555
2.822
2.887
3.191
2.089
1.764
1.558
1.592
1.087
1.347
1.972
1.835
2.086
1.891
1.613
1.343
1.894
2.697
2.995
1.796
2.493
2.185
1.658
2.043
2.273
1.731
1.774
1.933
1.929
1.880
1.931
2.607
2.163
1.340
1.301
1.195
2.749
2.971
3.598
2.250
1.445
1.676
2.215
2.353
1.635
1.574
1.832
2.240
2.791
2.535
1.308
1.862
1.731
1.756
2.142
2.337
3.157
2.842
1.515
1.877
3.490
3.280
2.779
1.788
2.655
3.368
3.565
1.521
2.452
2.147
3.549
3.309
1.957
2.858
4.666
3.351
3.171
3.623
3.034
2.435
1.628
2.261
2.594
2.266
1.404
2.245
2.822
1.961
1.702
1.535
2.150
2.984
2.255
2.371
2.459
3.418
2.721
2.477
1.686
1.928
2.038
2.099
2.655
1.930
2.153
2.673
2.768
4.939
3.410
2.945
2.743
2.843
2.638
2.549
2.840
4.319
3.291
2.807
3.112
3.280
3.818
2.992
3.251
5.420
3.801
2.173
2.703
3.543
4.143
3.161
3.512
3.679
1.369
2.298
2.237
2.511
2.018
3.010
2.907
3.557
4.572
2.513
1.722
2.276
1.944
1.651
2.616
2.780
2.033
2.202
2.475
4.106
4.720
4.548
2.929
2.142
2.735
2.678
3.879
2.471
3.118
3.984
4.320
4.121
2.653
2.539
4.665
4.762
4.646
3.614
4.342
3.209
2.920
2.412
2.623
3.386
2.254
2.787
2.709
2.746
3.089
2.763
3.115
3.338
1.911
3.594
3.841
2.407
1.883
2.605
2.380
2.222
2.926
2.967
5.025
4.141
3.484
2.508
4.063
2.065
2.469
2.555
3.740
3.002
3.116
3.101
4.772
4.333
4.017
3.264
2.667
1.848
2.735
2.504
2.654
2.292
2.801
2.255
2.898
1.944
1.682
2.705
3.784
3.996
4.624
5.123
4.008
3.584
3.516
4.592
4.137
3.612
4.149
5.180
5.200
5.111
5.146
5.919
5.406
4.680
4.610
4.990
5.292
5.156
5.573
4.831
4.620
4.758
4.131
3.577
2.026
3.143
4.785
4.295
4.268
4.238
5.727
4.769
4.442
4.859
4.590
4.440
3.781
4.036
3.268
2.453
2.679
3.420
3.377
3.394
3.713
4.054
3.193
3.144
2.844
2.931
2.726
3.678
5.663
5.671
5.636
5.677
5.443
5.045
5.087
4.864
5.087
3.864
3.497
2.797
3.438
2.883
3.788
3.172
3.285
3.293
2.902
1.637
2.820
3.885
4.786
4.580
5.303
5.450
5.332
4.354
2.783
3.169
3.238
3.634
3.145
3.125
2.436
3.044
3.460
3.405
4.531
4.622
4.518
3.073
3.411
3.710
2.628
1.578
2.064
2.470
1.957
2.421
2.745
1.615
1.886
1.719
2.856
2.352
2.025
2.516
4.034
3.293
3.653
2.728
2.391
2.586
3.222
2.337
2.454
3.831
4.088
4.832
5.373
5.108
3.548
3.334
3.370
3.288
3.793
4.657
3.565
2.715
2.736
2.990
4.009
3.793
3.022
2.691
2.474
2.353
1.140
1.712
2.011
1.973
2.275
1.844
1.977
1.613
1.695
1.524
2.025
2.427
1.221
2.951
2.869
3.408
2.695
2.277
1.476
1.893
2.532
2.025
2.072
1.886
3.080
3.116
2.254
1.975
2.055
2.448
1.793
2.694
1.799
1.551
1.045
1.985
1.855
2.805
2.857
1.327
1.756
2.025
2.458
2.089
1.503
1.750
1.717
2.043
3.418
2.834
2.260
1.329
2.700
4.037
3.429
2.659
2.963
2.772
2.649
2.095
1.920
1.505
2.666
2.671
2.219
2.422
1.536
1.918
1.741
2.404
1.939
2.151
2.134
2.277
2.152
2.172
1.746
2.173
1.912
1.544
2.072
1.939
1.429
1.817
2.454
2.304
1.641
2.781
3.591
2.463
1.607
2.298
2.610
2.532
4.144
3.921
3.186
2.756
2.229
2.166
2.323
2.346
3.233
4.249
2.805
2.703
2.694
2.393
2.444
2.472
2.818
2.835
2.609
2.508
3.296
3.281
2.300
1.710
1.752
3.044
3.560
4.204
3.190
3.011
3.192
2.889
4.945
4.041
2.641
2.532
1.910
3.458
2.463
4.252
3.955
3.700
3.520
2.793
1.845
3.294
4.367
4.103
3.035
3.237
3.314
3.468
5.721
5.962
4.332
3.346
3.450
2.689
2.670
3.088
3.259
2.821
3.150
2.910
2.678
2.601
3.293
2.860
3.587
2.667
2.188
2.529
3.275
5.091
4.015
2.308
2.713
2.233
3.004
3.297
4.020
2.658
4.070
3.510
2.949
3.819
2.445
1.613
2.038
2.959
2.659
2.667
3.292
2.447
3.010
4.607
3.790
1.736
4.093
3.021
3.183
2.199
3.408
3.504
3.898
2.407
2.776
3.230
2.943
3.521
3.549
3.427
2.331
2.503
2.418
3.412
4.434
4.666
4.174
4.249
3.658
3.455
3.978
4.497
4.334
4.701
5.424
4.049
1.993
2.796
5.581
4.113
3.431
4.918
3.983
3.409
2.033
1.985
5.043
4.398
4.166
4.287
6.197
5.507
5.627
5.115
4.727
4.360
3.537
5.231
6.376
7.818
7.137
6.390
5.763
5.012
4.786
5.743
5.955
5.810
5.814
4.943
3.722
3.796
3.392
3.095
2.541
3.246
4.151
5.239
5.504
4.792
4.500
3.190
3.370
3.511
4.700
4.661
3.716
3.306
5.004
4.058
3.591
3.888
4.458
4.873
4.091
3.781
2.923
2.441
1.901
2.397
3.371
4.508
5.285
5.516
6.168
6.509
5.878
6.056
5.894
5.990
5.612
5.377
4.536
4.560
4.355
4.989
6.049
5.406
4.280
3.533
4.597
5.742
6.892
6.429
5.963
5.948
5.785
5.483
5.108
4.866
4.786
4.657
3.662
2.949
3.626
3.003
3.145
3.978
3.296
2.783
3.195
2.895
3.956
5.300
5.630
4.985
4.391
3.723
3.688
4.059
4.237
4.525
4.239
4.099
2.357
2.367
2.534
3.010
5.120
4.346
3.303
2.990
2.647
2.096
2.094
1.839
1.751
2.774
2.477
2.750
4.155
3.829
3.655
3.307
4.058
3.549
4.902
3.983
4.203
4.417
4.308
3.339
2.083
1.718
2.315
2.780
2.998
3.747
2.420
2.318
1.625
1.914
3.087
1.770
1.933
2.934
2.805
2.954
3.390
3.026
1.530
2.160
2.287
2.467
2.654
2.939
2.268
1.213
2.798
2.186
1.738
2.602
2.720
3.190
3.483
2.731
2.007
2.643
1.606
1.254
1.535
1.771
2.328
2.119
1.509
3.438
2.479
1.795
2.284
2.199
2.253
1.158
3.066
2.286
2.130
2.602
2.346
2.412
2.511
2.451
2.373
1.945
2.220
2.114
2.430
2.266
2.200
1.870
2.370
2.117
2.420
2.936
2.122
2.001
1.711
3.077
2.625
2.495
2.127
2.321
3.277
3.235
3.293
2.919
2.148
1.574
1.869
2.140
1.849
1.820
2.714
1.788
2.679
3.649
3.537
2.325
2.468
2.909
3.484
2.697
2.480
2.929
2.709
3.134
2.031
4.385
3.627
2.356
2.493
4.490
2.700
2.597
4.043
3.955
3.592
4.944
3.874
3.512
4.424
2.914
2.324
2.862
2.734
2.922
2.345
2.600
2.523
2.746
2.707
2.503
1.918
1.929
4.015
4.436
2.562
3.065
4.969
2.861
5.312
5.707
4.393
2.744
2.481
3.176
2.733
3.073
3.565
4.226
3.866
2.313
2.735
2.618
2.374
4.272
8.143
6.279
3.282
2.532
1.896
2.648
2.556
2.317
1.256
3.125
2.513
4.081
5.178
4.381
4.277
3.317
2.965
2.292
2.668
2.950
2.972
3.378
3.352
2.407
2.600
2.441
2.864
1.919
3.618
2.581
2.385
3.853
2.469
2.978
2.068
3.899
3.652
3.874
2.652
4.328
3.689
2.047
3.060
2.810
3.751
4.023
3.733
2.578
2.903
2.549
2.166
3.047
2.284
4.023
4.032
4.085
4.128
3.076
1.468
4.371
5.459
2.857
1.989
2.628
2.924
3.537
4.569
4.801
2.396
2.222
2.274
2.816
5.112
6.154
5.779
3.332
4.099
4.297
3.047
1.397
1.705
1.740
3.354
4.413
3.185
3.973
2.609
3.770
5.556
4.829
5.505
5.908
6.014
5.711
4.788
4.505
4.846
4.009
4.404
4.384
4.084
4.072
4.302
3.841
4.045
3.969
5.191
6.254
6.646
7.423
7.080
6.594
5.892
5.551
5.712
4.627
3.180
3.370
3.559
4.333
2.726
2.165
2.043
2.399
3.069
3.673
4.028
3.747
4.202
5.326
4.775
5.289
5.749
3.885
1.679
2.121
3.258
3.763
2.268
4.041
4.826
4.848
5.455
4.650
4.288
3.240
3.190
2.836
3.310
2.983
3.153
3.551
4.125
5.113
4.563
3.947
4.397
4.748
4.385
2.246
3.346
5.108
4.751
5.205
3.920
3.208
3.862
2.877
2.553
1.857
1.794
2.544
2.629
4.100
3.835
3.773
2.958
3.470
3.445
4.003
3.980
4.781
4.598
3.946
2.777
2.077
2.840
3.030
3.233
3.802
3.424
3.339
2.797
3.590
3.016
3.983
3.072
3.159
3.188
3.170
2.788
2.130
2.745
3.150
2.932
3.180
3.848
3.395
2.225
2.686
2.490
2.828
2.621
3.074
2.609
2.114
2.012
2.593
2.814
1.685
2.624
2.320
1.909
1.507
1.220
1.425
1.831
1.854
2.168
2.365
2.515
2.787
2.643
1.671
3.564
4.140
2.903
2.094
2.397
2.378
2.437
2.051
1.455
1.155
2.384
1.518
1.865
1.731
1.116
1.671
2.141
1.973
2.706
2.589
2.667
1.700
2.127
2.770
1.998
2.817
2.791
2.988
2.338
2.300
2.516
2.989
2.315
2.218
2.623
2.417
2.573
3.075
2.646
2.554
3.508
3.445
2.879
2.726
1.795
2.464
2.282
2.157
2.282
2.162
2.012
2.976
2.137
1.637
1.909
2.259
2.540
2.912
2.129
2.477
3.708
2.696
3.229
3.047
2.625
2.971
3.345
5.178
3.812
2.847
3.457
2.743
2.416
2.811
2.246
2.878
2.862
3.556
3.946
4.319
2.670
2.341
1.730
1.670
2.544
3.126
4.688
5.188
5.590
3.867
3.414
2.701
1.647
1.519
2.494
2.272
2.115
2.256
2.690
4.123
2.763
2.745
2.743
4.271
3.243
3.388
2.911
2.488
2.965
3.347
2.593
3.335
3.290
3.317
3.730
3.797
2.505
3.044
3.319
2.960
1.812
2.089
3.856
3.950
3.230
2.876
3.220
2.549
2.262
2.613
2.851
4.069
2.073
2.346
2.071
2.046
2.535
2.691
1.811
3.093
4.081
3.480
2.011
3.647
3.103
2.833
3.189
3.529
3.818
3.305
2.656
2.196
1.730
3.328
1.439
2.945
2.775
3.477
1.621
2.989
4.447
2.496
1.998
2.816
3.613
3.839
4.430
4.092
3.492
2.971
3.024
2.783
2.966
3.210
3.737
3.407
3.210
2.171
2.937
2.838
3.926
3.958
3.815
3.170
3.059
3.898
4.387
4.925
5.116
4.959
4.927
3.748
3.362
3.391
3.269
3.629
2.328
2.682
2.462
2.803
3.410
4.086
4.481
5.320
2.203
2.615
2.419
3.007
2.073
3.420
3.471
2.083
2.829
3.648
3.382
4.437
4.259
4.670
4.605
3.563
2.594
4.669
6.698
6.677
6.316
6.462
6.790
5.075
4.967
4.576
3.970
3.417
3.571
3.390
3.738
3.966
2.701
4.943
4.771
4.662
4.407
4.513
2.493
1.856
2.305
2.248
2.560
1.247
2.197
2.654
3.176
3.570
5.409
6.315
6.900
6.899
6.805
6.868
6.763
5.491
4.720
3.241
3.110
3.110
3.784
3.791
3.384
2.920
2.894
3.413
4.630
5.926
6.024
5.382
5.184
5.437
5.227
4.405
4.583
3.621
2.220
2.640
4.750
4.794
4.692
5.043
4.466
2.944
3.159
3.291
3.402
3.319
3.013
2.454
1.939
3.074
2.903
2.707
2.004
2.409
2.078
2.166
3.304
3.175
2.960
3.042
2.776
3.119
2.114
1.761
2.163
3.066
2.809
3.072
3.759
3.511
2.625
2.556
2.303
3.738
5.128
5.479
5.326
4.747
3.897
4.172
3.944
3.444
2.446
2.653
2.539
1.658
1.698
1.596
2.677
4.111
4.098
3.096
2.473
2.765
2.566
2.956
2.728
2.081
1.820
2.256
1.467
2.749
1.828
2.130
1.848
1.541
2.757
1.641
1.609
1.779
2.459
1.810
1.953
1.655
1.207
2.054
1.446
2.197
3.340
3.279
3.712
2.464
2.239
2.044
2.155
1.756
1.891
1.342
1.423
1.218
1.649
0.967
1.084
1.844
1.902
2.517
2.208
1.547
1.779
2.008
2.432
2.434
1.278
1.642
2.808
2.728
3.348
2.742
2.840
2.750
2.815
2.673
1.995
1.506
1.719
1.917
1.428
2.238
1.433
2.272
2.406
2.326
1.356
1.011
1.665
2.445
1.898
2.189
2.148
2.840
1.923
1.948
1.878
2.739
2.110
1.222
1.828
2.358
2.452
2.116
1.985
2.041
2.588
2.762
2.663
1.438
1.913
2.003
2.049
1.421
3.377
1.274
2.909
2.959
1.851
3.496
3.699
2.865
2.845
2.671
2.199
3.003
5.636
3.022
2.264
3.716
3.348
2.704
4.390
3.655
2.145
1.372
2.793
3.209
2.639
1.816
1.648
2.742
2.772
3.704
3.556
2.937
3.031
2.367
2.708
3.381
2.671
3.982
2.893
2.531
2.902
4.080
4.787
4.557
3.574
2.436
2.947
2.634
2.422
4.001
3.259
2.153
2.557
4.046
3.883
3.006
2.638
3.118
5.801
3.694
4.670
3.719
2.850
3.449
5.110
4.078
2.759
2.486
3.559
2.565
2.827
3.373
2.786
3.502
3.734
3.244
3.505
3.437
3.414
3.033
3.526
2.776
4.378
3.378
2.008
2.462
2.831
3.114
3.502
3.509
3.842
3.819
5.043
3.228
2.782
3.701
2.592
3.597
3.859
1.843
2.475
4.773
4.383
3.510
2.525
2.446
2.364
2.804
3.230
5.527
4.293
3.088
3.129
3.975
3.057
2.295
2.375
3.145
2.379
1.726
2.189
1.768
1.944
3.937
4.069
3.516
3.003
2.682
3.498
3.607
3.937
2.042
1.871
1.815
3.485
2.265
2.170
2.385
2.902
4.315
4.202
3.718
2.972
2.938
3.787
4.579
3.908
3.786
3.629
4.635
3.673
4.311
3.594
3.444
5.060
3.502
2.454
3.560
3.076
2.494
2.476
3.001
1.743
2.969
3.027
3.548
3.612
3.985
4.132
4.421
4.368
3.340
3.509
3.269
3.665
4.378
2.129
3.746
3.272
3.527
4.001
3.432
2.688
2.705
4.113
3.654
4.218
4.237
3.821
3.782
3.706
3.136
2.697
2.479
2.807
3.222
3.076
2.896
4.440
4.343
5.091
4.142
3.487
4.154
4.263
4.093
3.939
4.714
4.656
5.535
4.207
3.803
4.189
4.632
4.544
4.402
4.349
4.031
3.463
2.665
2.637
2.931
2.585
2.434
1.486
2.090
2.557
2.578
2.941
3.421
4.402
5.035
4.058
2.448
3.128
3.831
3.215
2.485
2.938
3.119
2.113
2.603
3.492
3.511
3.953
3.627
3.395
3.815
4.458
4.797
3.986
3.456
2.884
2.959
2.967
2.496
2.428
1.831
2.040
2.459
2.335
2.660
1.607
1.919
1.877
1.622
2.758
3.381
3.209
2.708
2.086
4.603
3.394
2.537
2.693
2.022
2.575
2.777
2.279
2.470
4.216
3.369
2.661
2.186
2.068
2.147
2.347
2.187
2.422
2.202
2.118
2.022
2.360
1.846
2.119
2.593
1.806
1.441
2.056
2.283
2.586
2.440
1.773
2.053
1.651
1.347
1.782
2.627
1.607
2.763
2.278
2.618
2.204
1.313
2.559
1.620
2.210
2.491
2.110
1.624
2.285
2.464
1.855
1.897
2.047
2.050
1.568
1.621
0.953
1.651
2.135
1.799
2.058
2.614
2.066
0.973
1.944
0.958
1.572
1.341
2.866
2.721
2.388
2.084
2.303
2.988
3.104
4.174
4.257
3.015
3.088
2.443
1.560
1.661
2.721
2.717
2.937
3.092
2.771
2.387
2.857
3.264
3.233
2.608
2.871
2.214
2.493
3.603
4.325
4.238
4.080
2.573
1.841
1.891
0.878
2.896
1.948
2.401
2.759
3.893
3.015
3.768
3.862
3.478
3.853
2.612
1.998
1.539
3.099
1.877
2.128
2.297
2.383
3.289
4.747
4.045
2.253
2.716
3.792
3.070
2.737
2.627
2.318
2.458
2.169
2.146
1.428
2.010
2.594
2.720
2.590
2.534
2.339
1.840
1.876
2.341
1.348
2.689
1.728
1.745
2.220
2.128
3.500
4.827
3.345
2.210
1.597
2.695
2.059
2.797
2.633
2.724
2.065
3.310
2.556
3.084
2.805
2.810
2.788
3.083
3.246
2.236
2.443
2.157
4.069
2.769
2.086
1.767
1.466
2.112
2.072
1.901
2.776
2.176
3.049
3.306
3.331
3.425
3.087
2.766
4.481
4.187
2.839
2.065
2.712
3.532
2.672
2.666
3.500
2.877
2.565
1.813
2.256
2.135
2.861
3.390
4.561
3.414
1.856
2.183
3.269
2.788
3.556
2.909
2.399
2.343
3.373
2.929
3.929
2.440
3.506
2.403
2.774
3.552
3.494
3.309
2.955
3.405
3.239
3.737
2.329
1.970
2.866
4.502
4.657
4.739
4.169
3.834
4.532
4.240
3.925
4.417
4.210
3.419
2.404
2.536
4.075
5.359
4.743
3.783
3.870
4.016
4.147
3.996
3.863
4.279
4.245
3.850
4.151
2.214
2.623
3.307
4.643
4.313
4.310
3.217
3.801
3.307
4.235
5.280
5.451
5.137
4.519
3.375
4.992
3.495
2.795
2.364
2.903
1.779
2.615
2.267
2.394
2.703
2.229
3.157
2.927
3.170
3.646
2.841
3.374
2.219
3.469
2.709
3.916
4.456
4.973
5.865
5.012
5.044
3.731
4.261
4.710
3.711
2.902
3.257
3.743
5.024
3.217
2.102
1.850
2.746
3.643
2.995
3.869
4.446
3.051
1.576
2.540
2.898
4.219
3.545
2.198
1.451
2.121
2.393
1.684
2.330
3.244
3.465
2.496
1.387
2.392
1.825
2.070
2.281
1.835
2.427
3.480
5.003
4.409
4.508
3.447
2.993
3.233
3.873
4.276
3.119
2.995
2.006
2.686
4.208
3.866
1.851
1.912
3.292
2.608
3.258
4.246
3.089
1.771
2.301
2.294
1.453
1.560
2.175
2.626
1.980
1.602
1.943
2.339
1.966
2.528
2.366
2.269
2.745
2.222
2.099
1.934
2.316
3.494
3.064
2.709
1.506
1.442
3.022
3.567
3.107
2.899
2.906
2.738
2.742
2.906
2.445
1.509
1.262
1.416
1.031
2.220
3.101
2.865
1.770
2.040
2.283
2.218
1.386
1.376
2.264
2.781
2.799
2.234
2.018
2.660
2.791
2.766
2.229
1.554
1.361
1.561
2.062
2.748
1.897
2.442
2.064
2.015
1.914
2.150
2.047
2.054
1.871
1.310
2.191
2.137
2.272
1.313
2.479
2.449
3.016
2.449
2.439
2.547
2.948
2.763
3.060
3.313
2.989
3.466
2.342
2.642
2.881
2.749
2.625
2.539
3.291
2.486
2.799
1.560
2.892
3.776
1.782
2.455
1.900
1.651
3.361
2.990
2.965
3.081
2.603
3.211
3.200
2.479
2.579
3.390
0.839
1.698
2.344
2.019
3.151
4.225
4.219
2.923
2.847
2.916
3.295
2.965
4.280
2.891
2.083
3.406
3.523
2.334
1.662
2.800
3.294
3.004
3.623
3.653
3.158
2.951
3.029
2.980
4.032
2.813
2.211
3.084
3.116
3.805
2.114
2.678
3.146
1.577
3.073
3.549
4.826
5.025
2.699
3.593
2.244
2.756
2.284
2.518
2.640
2.169
3.491
3.724
3.113
3.166
4.931
3.322
2.647
3.550
4.192
2.666
4.231
3.042
2.878
3.049
3.640
2.927
2.433
3.008
2.877
3.778
4.904
4.602
3.769
3.326
2.424
2.486
2.996
3.225
4.833
4.235
2.417
3.261
3.786
3.205
2.652
2.473
2.407
2.441
2.185
2.586
2.960
3.278
3.086
2.594
2.186
2.488
2.976
3.800
1.852
2.166
2.492
3.264
2.720
2.961
2.264
3.684
3.206
2.347
2.394
3.051
3.711
4.510
4.738
3.324
3.896
3.202
2.956
3.737
3.632
3.042
2.773
3.038
3.014
3.172
2.296
3.140
4.071
4.669
4.356
3.826
4.461
4.830
4.311
4.917
5.177
4.652
3.512
4.111
4.528
4.758
5.256
5.459
4.249
4.788
4.873
4.474
3.659
2.462
3.138
2.012
2.279
2.722
3.203
4.489
2.486
2.725
3.331
4.078
4.369
5.318
6.430
6.479
5.212
4.596
5.073
4.732
3.826
3.925
4.423
3.571
2.289
2.950
3.162
5.073
5.113
4.929
4.473
4.546
2.521
1.441
2.002
4.893
3.472
4.170
5.843
4.743
4.662
3.420
2.790
2.569
2.438
3.273
3.342
3.559
3.244
3.377
2.738
3.031
3.385
4.391
4.810
4.997
3.851
2.918
1.759
2.506
3.613
4.008
3.046
3.029
2.588
2.749
3.243
3.328
2.865
2.664
2.507
1.710
2.921
3.748
3.200
3.723
3.874
4.972
4.420
4.704
4.609
4.334
4.449
4.167
2.756
3.045
2.888
2.266
3.169
2.315
1.626
1.624
1.429
1.808
1.564
2.014
1.760
1.517
1.484
1.513
2.926
2.992
3.579
3.536
3.199
3.153
2.982
2.805
3.007
2.959
3.246
3.168
2.446
1.705
1.974
2.777
2.160
1.881
2.440
1.827
3.107
2.131
1.403
1.896
2.036
1.648
1.994
1.601
1.063
2.224
2.441
2.783
1.796
1.313
3.211
3.012
2.334
2.041
1.402
1.763
1.585
0.948
2.202
1.345
1.737
1.416
1.517
2.258
1.531
2.349
2.152
2.030
2.421
1.819
2.164
2.348
4.001
3.762
3.784
3.201
2.696
2.040
1.857
1.556
1.547
1.659
1.520
2.034
1.460
1.919
1.391
2.366
1.709
2.327
3.323
1.888
2.076
2.092
2.520
2.261
2.599
2.162
1.672
1.798
1.852
2.496
3.362
1.576
2.673
2.180
4.019
3.620
2.775
2.661
2.418
2.529
1.917
2.753
2.568
3.766
4.148
5.685
4.619
3.634
3.873
2.590
1.591
2.099
1.684
1.604
1.876
1.837
2.389
2.950
2.223
2.957
1.745
3.492
4.230
3.882
4.765
4.815
3.562
2.817
2.566
3.444
3.431
2.667
2.542
3.499
3.848
3.458
3.617
3.157
1.757
2.994
3.644
2.397
3.492
3.682
3.640
3.118
3.828
3.460
3.484
3.168
2.688
4.402
2.060
3.693
2.459
3.586
3.492
2.722
2.724
4.125
3.117
4.818
4.787
3.390
3.547
3.999
3.674
2.900
2.452
2.419
2.837
3.988
3.335
2.422
2.464
3.823
3.380
2.942
3.648
3.780
3.213
1.884
1.795
2.259
1.875
2.104
1.837
2.180
2.736
3.830
2.047
2.925
3.472
4.453
5.052
4.024
2.661
2.020
2.425
2.352
3.299
2.938
1.250
3.125
2.294
2.943
2.849
2.508
2.787
2.223
2.181
1.711
2.947
3.291
3.618
3.819
2.830
3.381
2.101
1.809
3.070
1.952
1.690
2.984
3.656
2.813
2.667
4.013
4.303
3.659
2.708
2.834
2.218
2.759
2.844
3.563
3.130
4.114
3.241
2.728
2.866
2.573
4.223
4.452
4.930
3.691
4.635
4.924
4.868
3.793
4.095
4.285
3.767
3.727
4.088
4.286
4.239
5.152
6.266
5.827
6.469
7.438
6.436
5.913
5.665
5.812
5.395
3.736
4.542
3.697
3.977
4.818
4.293
3.650
4.638
4.016
2.710
2.785
3.372
4.587
5.809
4.087
2.187
3.080
3.617
3.689
4.031
3.934
4.259
5.113
5.851
6.194
6.147
6.508
6.324
5.234
4.511
4.318
4.749
3.971
3.324
4.045
4.325
4.342
3.424
3.900
3.694
5.313
5.594
5.715
6.287
5.585
4.494
3.384
1.828
3.154
4.935
4.912
5.169
5.290
5.085
4.792
3.948
3.772
3.719
3.526
3.492
3.044
2.428
3.165
2.182
3.675
3.595
1.166
1.991
3.301
3.809
3.392
3.571
2.011
2.190
3.229
4.790
3.869
3.112
1.689
1.655
3.203
4.466
3.835
3.959
4.424
4.134
3.790
3.839
3.641
3.487
3.560
2.673
1.988
1.748
2.856
3.172
3.869
4.125
4.038
2.461
1.549
1.465
2.313
2.887
2.841
2.334
1.850
1.720
2.389
2.563
2.795
2.336
3.322
3.241
1.764
1.626
1.085
0.987
2.196
1.768
2.858
3.278
2.635
2.063
2.873
4.082
4.026
3.890
3.391
2.566
2.213
1.608
1.772
2.222
2.745
2.673
1.973
2.125
2.001
1.816
1.942
1.277
1.188
1.882
1.881
2.484
1.983
1.848
1.907
1.485
1.730
2.102
1.879
1.007
1.334
1.352
2.424
1.330
2.494
2.414
2.151
2.237
2.118
2.177
2.920
2.150
1.910
1.366
1.700
1.747
1.735
1.824
1.688
1.515
1.875
2.886
2.690
3.226
2.229
2.098
3.115
4.186
2.955
2.373
1.688
1.890
2.180
3.153
3.986
3.542
3.046
1.682
2.211
2.234
1.495
1.556
1.837
3.180
2.848
2.130
3.044
2.954
3.133
2.854
2.951
2.684
2.798
2.109
2.664
2.663
3.084
3.021
4.113
2.485
2.529
2.748
2.978
2.134
1.517
1.886
1.392
3.724
3.037
2.225
2.290
3.138
2.748
3.325
3.748
5.050
3.868
4.294
3.972
4.327
3.213
2.041
2.662
3.332
1.927
2.605
4.155
2.795
2.527
1.813
2.974
3.176
3.950
3.142
2.366
2.385
3.037
3.175
4.165
1.833
3.008
2.245
3.392
2.657
1.987
3.973
3.554
3.350
4.806
3.684
2.438
2.544
2.523
3.769
3.619
2.628
4.230
3.062
2.489
2.050
3.469
3.304
3.630
2.208
3.166
3.055
2.347
2.705
2.876
3.840
4.124
2.940
3.401
2.855
2.507
2.493
2.034
3.023
2.658
3.112
2.459
2.935
3.005
3.023
3.285
2.882
2.317
1.638
2.203
1.990
2.381
3.493
3.015
2.926
3.482
3.063
3.778
3.259
3.188
2.734
4.538
3.511
4.470
4.206
5.118
3.990
2.855
3.443
2.441
2.256
2.182
4.059
3.722
3.421
3.509
3.062
1.978
4.518
4.945
2.743
2.653
3.556
2.465
3.419
2.446
2.585
3.057
4.022
4.419
3.131
3.973
4.241
4.275
2.083
2.617
3.126
4.265
4.984
5.060
4.028
4.066
5.105
5.419
5.098
3.714
4.009
3.500
4.267
4.790
3.191
3.468
3.048
4.870
5.585
5.434
4.835
5.645
4.993
4.979
4.963
5.797
5.712
5.671
5.284
4.102
4.411
4.717
4.697
4.704
4.705
4.251
4.655
4.833
4.392
3.105
3.088
2.781
2.411
3.302
3.991
5.026
2.974
3.981
3.584
2.993
3.493
4.851
3.786
5.183
4.633
4.178
1.803
2.325
2.443
2.842
3.192
3.531
4.619
2.923
3.606
3.816
3.802
3.340
2.761
1.648
1.545
4.244
3.646
3.887
3.384
2.509
3.157
4.161
3.935
4.221
5.707
5.703
5.274
5.452
5.661
5.581
4.636
4.840
4.817
4.825
4.933
4.840
3.370
4.084
3.734
3.263
4.185
4.006
4.301
3.755
3.873
3.858
3.914
3.604
3.714
3.970
3.465
3.157
2.604
2.424
2.787
2.825
2.132
1.278
3.577
3.807
2.681
1.989
2.527
1.683
3.122
2.715
2.461
3.324
3.077
3.847
4.691
2.834
2.282
3.577
3.168
3.149
2.466
2.140
2.994
3.222
3.066
3.426
3.399
3.696
3.585
3.498
2.103
3.583
3.812
3.585
3.190
3.719
4.191
2.100
2.610
3.157
2.539
4.082
3.494
3.164
2.931
3.384
2.515
1.585
2.273
2.949
1.972
2.564
2.876
2.243
2.133
1.849
3.831
2.106
1.916
1.576
2.051
2.171
1.724
1.340
1.336
1.054
1.279
1.922
1.681
2.701
2.069
2.261
2.515
1.955
2.451
3.932
5.911
2.683
2.146
1.977
1.407
2.109
2.062
2.144
1.475
1.529
2.148
2.082
2.244
1.849
1.773
2.425
1.818
1.682
2.040
1.969
2.535
2.214
1.738
1.723
2.552
2.165
2.897
2.631
2.319
2.191
2.693
2.469
3.412
2.115
2.942
3.846
3.135
3.428
2.227
1.870
2.145
1.581
1.820
2.845
2.046
2.613
2.539
2.515
2.567
1.868
3.000
2.680
2.257
4.119
3.231
3.165
3.155
2.109
2.322
2.530
2.628
2.970
4.233
4.130
3.260
2.892
2.575
2.114
2.250
2.419
1.720
2.444
2.250
2.153
2.279
3.064
2.684
2.596
2.209
2.685
2.995
2.594
2.289
3.205
3.366
2.130
2.528
2.759
4.524
5.312
3.580
4.284
1.886
2.036
2.883
3.672
2.849
4.342
2.861
2.666
2.279
3.026
3.536
3.395
1.421
2.260
2.401
2.916
4.082
3.573
3.219
4.448
4.588
3.345
3.739
3.021
2.903
2.744
3.469
2.786
3.256
2.373
3.345
3.367
2.874
1.807
2.887
2.926
2.109
2.720
4.762
4.300
3.952
3.038
3.536
2.497
2.934
4.519
4.095
5.310
3.714
4.734
3.386
2.405
2.166
2.588
2.494
3.081
4.899
5.176
4.196
3.661
1.516
2.090
1.457
2.767
4.133
5.428
6.213
6.297
5.820
4.105
3.149
4.135
3.718
3.959
2.892
3.504
3.868
3.478
3.015
2.625
2.827
3.926
4.515
4.367
4.618
3.921
4.067
4.247
3.086
3.225
3.392
4.243
4.072
4.058
4.402
4.135
2.598
2.953
2.893
2.920
4.239
5.564
6.746
7.455
7.299
7.207
6.079
4.234
4.717
4.450
5.473
4.584
6.098
6.319
4.303
7.203
3.772
2.396
2.379
2.723
2.591
3.043
2.820
3.628
1.993
2.558
2.854
2.635
3.626
4.878
5.380
4.700
4.890
3.598
2.948
3.158
5.158
5.109
4.931
3.783
2.923
2.091
2.569
2.376
3.606
2.352
1.614
2.850
3.991
5.257
5.766
4.383
3.316
2.181
2.771
2.341
3.098
3.952
3.502
2.644
2.654
2.484
3.087
2.077
3.184
3.948
4.559
3.088
2.423
1.656
1.479
2.660
2.065
2.774
3.576
2.203
2.540
2.216
3.110
2.885
2.639
1.819
2.337
2.696
2.645
2.118
2.083
2.587
2.731
2.593
3.191
3.860
3.487
2.784
1.736
1.259
1.522
1.089
1.541
2.473
1.664
2.874
3.030
2.662
1.967
2.483
2.628
2.065
1.935
2.448
3.333
3.782
3.389
3.010
2.185
2.008
2.221
1.857
1.445
3.151
3.103
2.572
3.323
2.877
1.803
1.469
1.669
1.719
1.177
1.891
1.900
1.399
1.499
1.853
0.942
2.149
2.716
1.975
2.348
1.945
3.204
2.806
2.131
1.820
1.636
2.614
4.004
3.253
3.128
2.619
1.570
1.225
2.690
2.542
2.409
2.251
1.453
0.998
1.733
1.448
2.698
3.364
3.249
3.129
3.038
2.509
2.142
2.334
3.004
3.785
4.491
2.417
1.909
1.895
0.986
1.492
1.921
1.731
1.542
1.371
2.017
2.763
2.527
3.168
4.846
2.938
1.755
1.956
2.677
3.170
3.329
2.600
2.638
3.884
3.151
2.795
3.492
3.000
3.436
3.125
2.939
3.658
2.854
1.821
1.391
2.224
1.772
1.550
1.349
1.669
3.623
2.359
1.171
2.452
1.752
2.417
3.255
2.566
3.219
2.615
2.888
2.337
3.142
2.847
2.187
2.685
2.244
2.086
1.840
1.381
1.617
3.435
2.740
1.295
1.047
1.603
3.423
2.409
3.039
1.751
1.457
3.069
1.682
1.052
1.599
1.950
2.473
2.907
4.123
3.990
3.035
2.463
2.207
3.384
2.422
1.984
1.336
1.710
2.046
3.367
4.370
1.849
1.800
2.088
1.977
2.575
3.753
3.993
2.847
1.676
3.788
2.681
2.034
2.380
3.373
2.532
2.547
2.556
2.785
1.879
3.985
3.323
2.671
3.248
3.470
2.183
1.783
2.319
2.762
3.317
3.180
4.059
4.245
2.542
1.551
1.835
2.209
1.506
2.133
4.166
5.189
3.798
2.483
3.148
2.664
1.356
2.167
1.762
2.350
4.079
3.783
3.433
3.392
2.621
1.842
3.471
4.273
1.948
2.353
2.291
2.391
1.834
1.864
3.045
2.945
2.742
2.904
2.135
2.380
3.672
3.455
3.351
2.529
3.091
2.775
2.345
2.805
3.058
2.645
3.079
2.839
3.336
3.312
2.776
5.534
3.891
4.270
4.068
3.824
1.380
3.100
4.195
4.369
4.138
4.404
3.958
3.409
2.874
2.375
2.280
3.564
4.575
5.928
6.906
5.624
4.567
4.780
4.214
4.253
3.086
2.983
3.802
4.544
5.155
5.549
4.091
1.484
2.749
2.324
2.446
2.998
4.857
3.967
4.112
4.461
4.100
4.575
4.396
5.204
5.438
4.416
4.647
4.202
4.841
4.008
4.475
4.013
5.667
4.834
4.295
3.696
2.684
5.031
5.660
4.911
4.095
3.740
2.972
2.191
2.074
1.431
1.969
2.247
2.648
3.227
2.482
2.800
1.614
1.884
1.365
1.268
1.785
3.671
5.295
5.380
4.766
3.979
1.719
1.192
1.833
2.513
3.167
2.308
2.211
1.483
2.945
2.374
1.259
2.173
2.577
3.292
3.591
4.120
1.212
4.240
5.504
3.527
3.621
2.687
2.933
3.068
2.439
1.919
1.180
1.147
1.313
1.156
1.446
1.071
1.468
1.528
1.727
2.877
3.326
3.292
1.711
2.152
3.128
2.790
2.671
3.623
3.830
4.664
3.870
3.929
1.542
1.348
2.633
2.717
1.746
1.583
2.948
3.127
2.997
2.376
1.949
1.588
1.175
1.240
1.590
1.845
2.103
2.101
2.327
1.787
1.710
2.417
3.110
3.104
2.018
1.081
1.870
1.661
1.743
2.703
1.934
1.781
1.304
1.555
1.396
1.963
1.761
1.207
2.352
1.399
1.388
2.013
2.415
0.995
1.344
1.746
2.339
1.741
1.746
1.629
1.541
1.322
1.383
1.737
1.545
1.463
1.385
1.448
1.624
1.612
1.044
1.419
1.201
2.447
2.714
2.069
1.316
1.064
1.405
1.168
1.234
2.121
2.745
2.118
2.855
2.616
2.529
1.954
2.302
2.880
3.260
2.159
1.930
2.000
1.174
1.131
1.431
1.918
1.873
2.667
2.061
3.381
2.595
2.492
1.995
1.483
1.771
1.943
1.822
1.484
1.643
1.486
2.847
3.643
2.792
1.877
1.714
2.068
2.892
3.198
3.448
3.138
3.978
4.753
3.545
2.247
2.089
1.931
2.164
2.027
3.344
3.074
2.791
2.285
2.290
1.608
1.777
2.568
3.960
1.647
2.600
2.554
2.344
3.207
2.114
2.052
1.988
1.992
3.161
2.728
4.039
4.789
3.436
3.308
3.311
2.038
1.956
3.750
2.392
2.665
3.725
4.109
3.470
2.914
2.170
2.365
3.202
2.259
3.432
4.118
3.794
2.507
1.908
2.071
3.944
3.854
3.239
2.355
2.664
3.399
1.867
3.154
2.454
2.596
1.423
2.699
3.722
4.726
4.259
2.601
3.413
3.128
2.523
2.466
3.606
3.477
2.198
2.052
3.030
3.418
2.827
2.997
3.783
3.045
2.630
1.845
2.045
2.381
1.743
2.645
1.576
2.881
2.829
1.724
1.980
3.346
2.871
2.809
1.507
2.419
2.516
2.026
3.568
4.387
4.669
3.994
4.284
3.294
2.688
3.273
3.356
3.508
3.193
2.774
2.257
3.101
2.935
2.472
1.438
2.794
3.264
3.113
3.783
3.809
2.097
2.198
1.714
2.388
2.905
3.316
3.196
1.920
2.218
3.204
3.324
3.925
3.535
2.394
3.246
4.548
4.714
3.163
2.641
2.533
2.825
2.347
3.568
4.342
5.201
5.106
3.614
3.687
3.338
4.108
4.829
4.962
6.117
5.859
5.602
5.152
4.022
2.963
2.812
4.419
5.257
3.679
1.753
1.587
2.779
1.962
4.289
4.253
4.904
4.965
5.311
6.097
6.151
6.210
5.748
6.371
7.104
6.083
4.386
4.348
3.857
3.674
3.117
2.595
4.206
4.261
5.488
5.266
4.160
2.911
2.731
2.864
3.644
3.171
4.242
4.109
2.555
2.470
2.763
5.020
3.984
2.271
2.948
3.709
5.430
4.424
4.171
3.415
3.059
4.714
3.734
2.959
2.317
4.330
4.049
4.686
3.273
1.450
1.989
1.535
1.465
1.593
2.602
2.627
2.289
2.136
3.073
2.809
1.556
1.947
1.652
1.970
2.921
3.268
3.108
3.185
2.081
1.734
1.209
1.421
1.492
1.039
1.524
1.343
1.166
1.127
2.469
3.078
3.400
3.909
3.881
3.185
2.428
0.996
1.883
3.172
3.213
3.567
3.092
2.523
1.777
1.496
0.931
1.026
1.292
1.908
1.869
1.713
1.396
1.889
1.476
1.930
2.287
2.462
2.004
1.739
1.295
1.609
1.887
1.795
1.550
1.326
0.891
1.527
1.867
1.643
1.631
1.992
2.037
1.427
1.455
1.298
1.571
1.974
1.948
1.648
2.372
2.250
1.933
2.480
1.731
1.650
2.425
3.139
3.961
3.891
3.211
2.854
2.031
1.805
1.230
0.878
1.320
1.708
1.492
1.798
1.972
2.088
1.873
1.812
1.941
2.118
2.260
2.365
2.038
1.758
1.931
1.587
2.329
2.378
2.124
1.589
1.395
3.631
3.139
3.286
3.083
2.433
2.590
2.550
1.783
1.620
1.065
1.946
1.802
1.972
2.336
1.935
1.536
2.519
3.274
1.552
3.356
2.220
2.259
2.455
2.250
2.372
2.217
1.960
1.458
1.913
2.265
3.408
3.207
1.860
3.537
2.309
1.741
2.392
2.848
2.992
2.363
2.058
1.709
1.095
2.208
2.317
2.174
2.304
2.346
3.099
3.229
3.280
3.591
3.188
3.504
3.197
3.683
3.223
2.928
2.111
2.168
2.198
2.357
3.418
3.015
2.161
2.737
3.848
3.965
2.662
4.060
3.483
2.816
2.314
2.817
2.727
2.671
3.084
3.764
3.664
1.671
2.184
1.988
2.429
2.589
3.095
4.380
3.218
2.692
3.525
3.124
2.921
3.500
2.260
1.766
1.796
1.808
1.558
1.524
1.415
2.861
3.990
1.409
1.300
3.062
2.490
2.930
3.254
1.927
1.515
2.356
2.439
1.974
2.579
3.381
3.251
2.377
2.827
2.395
3.511
2.848
2.138
2.331
2.563
3.282
2.350
3.046
2.008
2.203
3.223
3.398
2.421
3.217
3.045
1.623
2.207
2.106
2.736
4.248
3.670
2.665
2.489
2.669
2.127
1.815
2.272
1.630
2.073
2.191
2.252
2.491
2.905
2.526
3.176
3.229
3.454
4.032
4.174
2.637
2.818
4.425
4.403
5.051
4.899
2.562
1.092
1.544
2.018
3.551
3.764
3.696
3.556
4.440
5.499
4.772
4.801
5.194
5.922
5.351
4.666
4.255
3.441
2.279
2.700
2.044
2.210
2.445
3.589
3.570
3.661
3.742
3.009
3.711
4.243
3.365
2.258
1.785
2.172
2.321
1.633
2.690
1.991
2.179
3.696
4.999
4.498
4.260
3.541
3.567
3.376
5.538
5.078
5.290
4.757
4.220
3.572
2.644
2.102
2.665
2.530
1.764
2.244
2.998
3.375
1.543
1.751
2.734
3.163
2.644
1.831
1.096
1.771
2.764
1.571
1.550
1.815
2.737
2.444
1.889
2.379
2.688
2.580
4.117
2.474
1.557
2.295
3.539
2.954
2.584
2.223
1.529
2.401
2.678
3.971
3.509
2.646
2.373
2.204
3.166
3.479
2.955
2.479
2.854
2.996
2.855
2.814
1.398
1.785
1.585
1.097
2.587
3.153
3.067
2.498
2.332
2.220
1.923
1.928
2.109
2.591
3.042
2.911
1.659
1.664
1.581
2.122
1.750
1.770
1.689
1.745
1.774
1.445
2.011
0.933
2.476
2.599
2.658
2.330
2.040
1.809
2.200
3.590
4.104
4.628
3.261
1.133
1.776
1.846
2.946
2.899
2.136
0.617
1.073
1.965
3.109
2.312
1.886
2.353
2.128
2.327
1.651
1.660
1.485
2.711
2.585
1.735
1.285
1.054
1.587
3.319
3.639
2.549
1.186
1.531
2.021
2.048
0.983
1.034
1.222
1.301
1.288
1.259
1.533
1.516
1.247
1.873
1.789
1.269
1.501
1.572
1.786
2.531
2.362
2.587
1.948
1.106
1.320
0.865
1.778
1.480
1.076
1.038
1.390
1.123
1.934
2.837
2.094
1.111
1.249
2.177
1.934
1.571
1.316
0.924
0.784
1.477
1.513
0.877
1.785
1.786
1.811
1.178
1.485
1.222
1.454
2.089
2.808
1.912
2.342
3.009
2.441
1.560
1.967
2.279
2.957
2.316
2.337
2.606
3.625
2.457
1.465
2.794
2.111
2.603
2.502
2.260
2.026
3.308
4.841
2.769
1.677
2.243
3.308
2.888
2.436
2.453
3.915
2.325
1.892
1.614
3.213
2.533
2.503
1.876
2.331
1.695
0.915
1.391
1.802
1.993
1.898
2.225
2.314
1.662
2.997
4.599
2.467
1.871
2.893
1.658
2.536
3.798
3.939
1.649
1.527
2.538
1.778
1.840
2.888
2.283
2.261
3.599
2.885
2.164
2.462
2.496
1.608
2.465
2.444
2.170
1.749
1.843
2.444
2.450
2.002
2.043
2.367
3.687
2.677
2.333
1.981
2.111
2.602
4.489
2.523
2.376
2.704
4.191
2.604
2.192
3.400
2.707
2.852
2.817
4.305
3.598
2.669
2.054
2.976
4.554
2.082
1.848
3.632
4.510
3.830
2.858
2.473
1.799
2.474
2.108
3.059
2.446
2.957
2.653
3.612
2.981
2.226
2.069
1.418
2.544
2.200
2.013
2.064
2.211
2.973
2.267
2.574
4.157
4.983
4.171
3.315
3.434
1.918
1.601
1.848
4.146
5.199
4.151
3.692
4.371
4.422
2.983
3.254
3.290
2.711
3.043
3.177
3.963
2.997
3.438
4.420
2.633
1.829
2.187
2.046
2.186
5.422
5.234
4.363
2.546
2.528
2.183
2.914
2.390
3.178
4.103
4.564
4.063
3.846
3.917
5.156
5.183
5.190
4.395
4.626
4.383
4.589
3.910
5.325
6.536
6.929
6.856
6.784
6.409
4.932
4.604
4.535
5.975
6.446
5.911
5.118
5.652
5.474
4.495
3.672
4.346
4.758
4.380
3.785
3.148
3.051
2.446
1.991
2.601
2.162
1.998
2.898
2.945
4.735
4.672
4.637
2.816
3.730
3.396
2.677
2.142
1.940
2.620
1.935
1.686
