20000101
0.000
0.000
0.000
0.000
0.000
0.000
0.000
0.000
0.000
0.000
0.000
0.000
0.000
0.000
0.000
0.000
0.000
0.000
0.000
0.000
0.000
0.000
0.000
0.000
0.000
0.000
0.000
0.000
0.000
0.000
0.000
0.000
0.000
0.017
0.000
0.000
0.000
0.000
0.000
0.000
0.000
0.000
0.000
0.000
0.000
0.000
0.000
0.000
0.000
0.000
0.000
0.000
0.000
0.000
0.000
0.000
0.000
0.000
0.000
0.000
0.000
0.000
0.000
0.000
0.000
0.000
0.000
0.000
0.000
0.000
0.000
0.000
0.000
0.000
0.000
0.000
0.000
0.000
0.000
0.000
0.000
0.000
0.000
0.000
0.000
0.000
0.000
0.000
0.000
0.000
0.000
0.000
0.000
0.000
0.000
0.000
0.000
0.000
0.000
0.000
0.000
0.000
0.000
0.000
0.000
0.000
0.000
0.000
0.000
0.000
0.000
0.000
0.007
0.000
0.000
0.000
0.000
0.000
0.000
0.000
0.000
0.000
0.000
0.000
0.000
0.000
0.000
0.000
0.000
0.000
0.000
0.000
0.000
0.000
0.000
0.000
0.000
2.214
0.793
6.540
1.439
0.415
0.038
0.000
0.000
0.000
0.000
0.000
0.000
1.267
0.275
1.854
0.203
0.062
0.017
0.003
0.000
0.000
0.000
0.302
0.158
0.000
0.000
0.000
0.669
1.016
0.450
0.055
0.000
0.000
0.144
0.014
2.307
0.000
0.000
0.463
0.003
0.000
0.000
1.619
1.669
0.326
6.897
29.394
6.772
2.709
0.000
4.185
9.861
10.471
11.385
6.073
7.761
103.421
4.532
16.027
6.200
0.552
6.233
8.063
3.049
8.018
9.359
0.348
0.079
0.292
0.000
0.000
0.000
0.438
2.894
0.554
0.114
0.180
0.000
0.007
0.000
0.000
0.000
0.000
0.000
0.000
0.000
4.733
19.364
2.597
5.121
34.058
3.555
0.710
1.617
6.954
2.074
1.807
6.583
14.694
2.250
6.224
10.272
4.325
0.306
4.425
0.561
0.930
1.255
2.541
0.847
1.142
12.118
14.039
1.265
1.595
0.007
0.000
0.000
0.024
0.000
0.000
0.000
0.000
0.000
0.000
0.000
0.000
0.000
0.000
0.000
0.000
0.000
0.000
0.000
0.000
0.000
0.000
0.000
0.000
0.000
0.000
0.000
0.000
0.000
0.000
0.000
0.000
0.039
0.003
0.000
0.000
0.000
0.000
0.000
0.000
0.000
0.000
0.000
0.000
0.000
0.000
0.000
0.000
0.000
0.000
0.000
0.000
0.000
0.000
0.000
0.000
0.000
0.000
0.000
0.000
0.000
0.000
0.000
0.000
0.000
0.000
0.000
0.000
0.000
0.000
0.000
0.000
0.000
0.000
0.000
0.000
0.000
0.000
0.000
0.000
0.000
0.000
0.000
0.000
0.000
0.000
0.000
0.000
0.000
0.000
0.000
0.000
0.000
0.000
0.000
0.000
0.000
0.000
0.000
0.000
0.000
0.000
0.000
0.000
0.000
0.000
0.000
0.000
0.000
0.000
0.000
0.000
0.000
8.094
0.000
0.000
0.000
0.000
0.000
0.000
0.000
0.000
0.000
0.000
0.000
0.000
0.000
0.000
0.000
0.000
0.000
0.000
0.000
0.000
0.000
0.000
0.000
0.000
0.000
0.000
0.000
0.000
0.000
0.000
0.000
0.000
0.000
0.000
0.000
0.000
0.000
0.000
0.000
0.000
0.000
0.000
0.000
0.000
0.000
0.000
0.000
0.000
0.000
0.000
0.000
0.000
0.000
0.000
0.000
0.000
0.000
0.000
0.000
0.000
0.000
0.000
0.000
0.000
0.000
0.000
0.000
0.000
0.000
0.000
0.000
0.000
0.000
0.000
0.000
0.000
0.000
0.000
0.000
0.000
0.000
0.000
0.000
0.000
0.000
0.000
0.000
0.000
0.000
0.000
0.000
0.000
0.000
0.000
0.000
0.000
0.000
0.000
0.000
0.000
0.000
0.000
0.000
0.000
0.000
0.000
0.000
0.000
0.000
0.000
0.000
0.000
0.000
0.000
0.000
0.000
0.000
0.000
0.000
0.000
0.000
0.000
0.000
0.000
0.000
0.000
0.000
0.000
0.000
0.000
0.000
0.000
0.000
0.000
0.000
0.000
0.000
0.532
0.750
0.007
1.176
0.108
0.000
0.000
0.347
0.118
0.007
0.000
0.000
0.000
8.544
5.194
0.249
0.003
9.404
0.666
1.457
3.703
5.383
2.063
0.213
0.000
0.316
3.459
0.758
8.765
37.511
2.963
0.501
139.875
86.440
0.034
0.000
0.000
0.085
1.003
0.191
0.321
0.359
1.952
1.184
2.087
16.958
10.938
7.775
1.476
0.264
0.601
10.935
2.613
9.761
0.700
0.656
1.978
2.262
2.297
3.368
3.646
5.088
4.305
12.296
43.303
2.571
20.084
3.035
3.394
2.017
1.974
0.721
0.930
0.748
4.032
0.000
1.356
0.260
0.661
15.113
0.591
10.404
2.506
5.375
5.876
6.842
5.160
1.946
2.479
1.635
13.748
3.779
1.101
0.000
0.000
1.432
0.263
0.807
1.893
7.886
0.129
0.200
0.007
0.194
0.072
0.000
3.155
0.985
0.072
0.000
0.994
0.018
0.045
0.000
0.000
0.000
0.548
0.134
0.014
0.053
0.752
0.783
1.669
0.144
0.000
0.000
0.000
0.000
0.000
0.000
0.000
0.079
0.000
0.000
0.000
0.000
0.000
1.152
7.912
11.149
9.441
0.443
0.000
0.000
2.010
1.123
1.657
1.178
0.003
0.481
0.000
0.000
0.000
0.000
0.000
0.000
0.000
0.000
0.000
0.000
0.000
0.000
0.000
0.000
0.000
0.000
0.000
0.000
0.000
0.000
0.000
0.000
0.000
0.000
0.000
0.000
0.000
0.000
0.000
0.000
0.000
0.000
0.000
0.000
0.000
0.000
0.000
0.000
0.000
0.000
0.000
0.000
0.000
0.000
0.000
0.000
0.000
0.000
0.000
0.000
0.000
0.000
0.000
0.000
0.000
0.000
0.000
0.000
0.000
0.000
0.000
0.000
0.000
0.000
0.000
0.000
0.000
0.000
0.000
0.000
0.000
0.000
0.000
0.000
0.000
0.000
0.000
0.000
0.000
0.000
0.000
0.000
0.000
0.113
0.000
0.000
0.000
0.000
0.000
0.000
0.000
0.000
0.000
0.000
0.000
0.000
0.000
0.000
0.000
0.000
0.000
0.000
0.000
0.000
0.000
0.000
0.000
0.000
0.000
0.000
0.000
0.000
0.000
0.000
0.000
0.000
0.000
0.000
1.043
0.410
0.000
0.000
0.000
0.000
0.000
0.000
0.034
0.000
0.000
0.000
0.000
0.000
0.000
0.000
0.000
0.000
0.000
0.000
0.000
0.000
0.000
0.000
0.000
0.000
0.000
0.000
0.000
0.000
0.000
0.000
0.815
0.306
0.000
0.000
0.000
0.000
0.000
0.000
0.000
0.000
0.000
0.000
0.000
0.000
0.000
0.000
0.000
0.000
0.000
0.000
0.000
0.000
0.000
0.003
0.316
0.000
0.000
0.000
0.000
0.000
0.000
0.000
0.000
0.000
0.000
0.000
0.000
0.000
0.000
0.000
0.000
0.000
0.000
0.000
0.000
0.000
0.000
0.000
0.000
0.000
0.000
0.000
0.000
0.000
0.000
0.000
0.000
0.000
0.000
0.000
0.000
0.000
0.000
0.000
0.000
0.000
0.000
0.000
0.000
0.000
0.000
0.000
0.000
0.000
0.000
0.000
0.397
0.029
0.000
0.000
0.000
0.000
0.209
0.041
0.000
0.000
0.000
0.000
0.000
0.000
0.661
1.198
7.244
0.893
0.601
0.045
0.003
5.802
0.364
3.389
21.224
1.040
0.000
0.299
10.358
40.598
15.189
7.313
0.910
0.027
0.000
0.000
0.184
0.163
0.117
0.116
0.153
0.010
0.091
0.000
0.000
1.049
0.024
0.295
0.518
0.548
65.171
26.238
47.912
0.908
1.496
0.461
1.073
1.432
2.628
1.969
0.082
0.476
0.000
0.017
0.771
3.921
1.140
6.393
2.489
4.824
7.194
11.062
10.386
5.371
1.205
1.545
4.257
2.700
0.711
42.884
33.005
16.850
7.872
0.443
0.213
0.240
15.044
31.412
43.018
2.276
0.096
0.941
2.541
36.260
12.955
10.540
6.733
11.305
10.274
6.000
0.446
0.024
0.000
0.000
0.000
0.014
0.000
0.000
0.000
0.000
0.000
0.000
0.201
0.003
0.000
0.000
0.000
0.257
0.029
2.410
3.048
0.977
0.021
0.000
0.000
0.000
0.000
0.000
0.000
0.000
0.000
0.000
0.000
0.000
0.000
0.000
0.000
0.000
0.000
0.000
0.000
0.000
0.062
0.000
0.000
0.000
0.000
0.000
0.000
0.000
0.000
0.000
0.000
0.000
0.000
0.000
0.000
0.000
0.000
0.000
0.000
5.030
0.834
0.000
0.000
0.000
0.367
0.930
0.003
0.000
0.000
0.000
0.000
0.000
0.000
0.000
0.000
0.000
0.000
0.000
0.000
0.000
0.000
0.000
0.000
0.000
0.000
0.000
0.000
0.000
0.000
0.000
0.000
0.000
0.000
0.000
0.000
0.000
0.000
0.000
0.000
0.000
0.000
0.000
0.000
0.000
0.000
0.000
0.000
0.000
0.000
0.000
0.000
0.000
0.000
0.000
0.302
0.000
0.000
0.000
0.000
0.000
0.000
0.000
0.000
0.000
0.134
0.000
0.000
0.000
0.000
0.000
0.000
0.000
0.000
0.000
0.000
0.000
0.000
0.000
0.000
0.000
0.000
0.000
0.000
0.000
0.000
0.000
0.161
0.024
1.133
0.203
0.021
0.000
0.000
0.000
0.000
0.000
0.000
0.000
0.000
0.000
0.000
0.000
0.000
0.635
0.216
0.000
0.000
0.000
0.000
0.000
0.000
0.000
0.000
0.000
0.000
0.000
0.000
0.000
0.000
0.000
0.000
0.000
0.000
0.000
0.000
0.000
0.000
0.000
0.000
0.000
0.000
0.000
0.000
0.000
0.000
0.000
0.000
0.000
0.000
0.000
0.000
0.000
0.000
0.000
0.000
0.000
0.000
0.000
0.000
0.000
0.000
0.048
0.003
0.000
0.000
0.000
0.000
0.000
0.000
0.000
0.000
0.000
0.000
0.000
0.000
0.000
0.000
0.000
0.000
0.000
0.000
0.000
0.000
0.000
0.000
0.000
0.000
0.000
0.000
0.000
0.000
0.000
0.000
0.000
0.000
0.000
0.000
0.000
0.000
0.000
0.000
0.000
0.000
0.000
0.000
0.000
0.000
0.000
0.000
0.000
0.000
0.000
0.000
0.000
0.000
0.000
0.000
0.000
0.000
0.000
0.000
0.000
0.000
0.000
0.000
0.000
0.000
0.000
0.000
0.453
1.500
9.901
4.470
1.787
6.623
5.002
6.695
4.140
0.161
0.680
18.567
0.731
1.578
2.954
2.571
0.323
0.266
2.731
18.017
19.991
18.517
14.078
5.907
1.375
1.780
0.137
1.711
2.314
0.765
4.601
6.260
6.299
1.221
1.799
1.459
1.562
1.298
3.226
2.589
1.792
4.192
2.357
12.341
4.320
1.081
0.445
0.027
0.486
3.543
5.936
8.806
3.440
3.536
3.059
7.416
18.718
3.141
0.766
2.403
0.889
1.095
0.098
10.423
0.014
0.065
0.965
0.093
2.781
2.238
15.010
41.358
4.431
3.399
1.885
4.825
5.152
12.322
2.932
1.375
2.058
3.756
0.922
1.126
0.172
0.075
0.007
0.110
2.175
0.391
0.000
0.106
0.154
2.611
0.489
1.616
2.764
1.111
0.795
4.626
3.890
1.837
0.082
1.330
0.084
0.398
2.453
7.843
1.056
0.014
0.000
0.000
0.000
0.000
0.000
0.082
0.000
0.000
0.000
0.000
0.000
0.000
0.000
0.000
0.000
0.000
0.000
0.000
0.000
0.000
0.000
0.000
0.000
0.000
0.000
0.000
0.000
0.000
0.000
0.000
0.000
0.000
0.000
0.000
0.000
0.000
0.000
0.000
0.000
0.000
0.000
0.000
0.000
0.000
0.000
0.000
0.000
0.000
0.000
0.000
0.000
0.000
0.000
0.000
0.000
0.000
0.000
0.000
0.000
0.000
0.000
0.000
0.000
0.000
0.000
0.000
0.000
0.000
0.000
0.000
0.000
0.000
0.000
0.000
0.000
0.000
0.000
0.000
0.000
0.000
0.000
0.000
0.000
0.000
0.000
0.000
0.000
0.000
0.000
0.000
0.000
0.000
0.000
0.000
0.000
0.000
0.024
0.010
0.000
0.000
0.000
0.000
0.000
0.000
0.000
0.000
0.000
0.000
0.000
0.000
0.000
0.400
0.000
0.000
0.000
0.000
0.003
0.000
0.000
0.000
0.000
0.000
0.000
0.000
0.000
0.000
0.000
0.000
0.000
0.000
0.000
0.000
0.000
0.000
0.000
0.000
0.000
0.000
0.000
0.000
0.000
0.000
0.000
0.000
0.000
0.000
0.000
0.000
0.000
0.000
0.000
0.000
0.000
0.000
0.000
0.000
0.000
0.000
0.000
0.000
0.000
0.000
0.000
0.000
0.000
0.000
0.000
0.000
0.000
0.000
0.000
0.000
0.000
0.000
0.000
0.000
0.000
0.000
0.000
0.000
0.000
0.000
0.000
0.000
0.000
0.000
0.000
0.000
0.000
0.000
0.000
0.000
0.000
0.000
0.000
0.000
0.000
0.000
0.000
0.000
0.000
0.000
0.000
0.000
0.000
0.000
0.000
0.000
0.000
0.000
0.000
0.000
0.000
0.000
0.000
0.000
0.000
0.000
0.000
0.000
0.000
0.367
1.432
2.321
0.790
1.332
0.100
0.000
0.233
0.000
0.000
0.000
0.000
0.000
0.000
0.000
0.000
0.000
0.000
0.000
0.000
0.000
0.000
0.000
0.000
0.000
0.000
0.000
0.024
0.086
3.723
11.694
3.232
0.364
2.132
2.688
2.262
26.340
14.042
1.233
8.511
0.237
0.343
0.014
0.292
0.213
0.038
4.024
1.555
0.728
0.051
0.419
1.119
1.893
7.095
38.477
6.878
2.719
2.736
8.846
4.175
1.919
2.802
0.151
0.755
0.000
0.000
0.000
4.001
6.487
3.668
0.051
2.324
1.084
0.237
1.463
0.076
5.220
0.688
0.245
0.162
1.457
12.110
3.662
10.252
1.963
3.306
7.097
0.627
6.404
5.711
4.558
3.056
11.131
11.364
6.639
30.248
10.585
7.076
77.357
6.147
2.036
0.604
1.133
3.411
3.449
11.659
10.499
0.549
0.027
0.065
0.010
0.168
0.668
1.360
1.876
1.215
1.047
1.123
2.153
0.125
0.000
0.000
0.021
0.027
0.537
0.141
0.034
3.104
0.486
0.177
1.900
1.736
3.876
1.713
5.429
1.415
1.033
0.306
10.139
76.513
0.000
0.000
0.175
0.000
0.022
10.586
5.548
3.762
7.866
7.606
0.625
0.027
0.027
0.167
3.846
0.000
0.000
0.000
0.000
0.000
0.000
0.000
0.000
0.000
0.000
0.000
0.000
0.000
0.000
0.000
0.000
0.000
0.000
0.000
0.000
0.000
0.000
0.000
0.000
0.000
0.000
0.000
0.000
0.000
0.000
1.738
0.601
0.000
0.000
0.000
0.000
0.000
0.000
0.000
0.000
0.000
0.000
0.000
0.000
0.000
0.000
0.000
0.000
0.000
0.000
0.000
0.000
0.000
0.000
0.000
0.000
0.000
0.000
0.000
0.000
0.000
0.000
0.000
0.000
0.000
0.000
0.000
0.000
0.000
0.000
0.000
0.000
0.000
0.000
0.000
0.000
0.000
0.000
0.000
0.000
0.000
0.000
0.000
0.000
0.000
0.000
0.000
0.000
0.000
0.000
0.000
0.000
0.000
0.000
0.000
0.000
0.000
0.000
0.000
0.000
0.000
0.000
0.000
0.000
0.000
0.000
0.000
0.000
0.051
0.597
0.683
0.831
0.000
0.000
0.000
0.000
0.000
0.000
0.000
0.000
0.000
0.000
0.000
0.000
0.000
0.000
0.000
0.000
0.000
0.000
0.000
0.000
0.000
0.000
0.000
0.000
0.000
0.000
0.000
0.000
0.000
0.000
0.000
0.000
0.000
0.000
0.000
0.096
0.000
0.000
0.000
0.000
0.000
0.000
0.000
0.000
0.000
0.000
0.000
0.000
0.000
0.000
0.000
0.000
0.000
0.000
0.000
0.000
0.000
0.000
0.000
0.000
0.000
0.000
0.000
0.000
0.000
0.000
0.000
0.000
0.000
0.000
0.000
0.000
0.000
0.000
0.000
0.000
0.000
0.000
0.000
0.000
0.000
0.000
0.000
0.000
0.000
0.000
0.000
0.000
0.017
0.000
0.000
0.000
0.000
0.000
0.000
0.000
0.000
0.000
0.000
0.000
0.000
0.000
0.000
0.000
0.000
0.000
0.000
0.000
0.000
0.000
0.000
0.000
0.000
0.000
0.000
0.000
0.000
0.000
0.000
0.000
0.000
0.000
0.000
0.000
0.000
0.000
0.000
0.000
0.000
0.000
0.000
0.000
0.000
0.000
0.000
0.000
0.000
0.000
0.000
0.027
0.000
0.000
0.141
0.304
4.896
4.829
0.196
45.279
1.982
9.788
11.248
3.658
14.138
10.626
5.506
2.981
25.670
25.591
22.283
0.165
0.419
11.706
1.567
5.134
133.065
8.113
1.321
1.378
2.386
0.153
0.014
0.041
0.211
0.896
4.482
3.127
9.604
119.603
18.249
1.408
4.947
8.930
3.679
2.784
3.914
10.030
7.490
2.299
2.547
0.570
3.335
13.769
0.541
0.391
2.057
1.346
2.836
6.168
2.108
2.355
5.552
0.390
0.086
0.331
0.027
0.326
0.827
0.288
1.871
0.000
2.482
0.000
0.000
0.000
0.000
0.000
0.000
6.662
6.716
2.858
11.718
8.338
8.609
4.223
11.443
3.564
8.641
4.640
1.321
6.657
8.113
7.601
8.926
4.705
14.167
4.357
0.033
0.400
1.720
0.137
0.199
0.017
0.137
1.066
0.206
0.000
0.000
0.000
0.000
0.000
0.000
0.000
0.000
0.000
0.000
0.000
0.000
0.000
0.000
0.000
0.000
0.000
0.000
0.000
0.000
0.000
0.000
0.000
0.000
0.000
0.000
0.000
0.000
0.000
0.000
0.000
0.000
0.000
0.000
0.000
0.000
0.000
0.000
0.000
0.000
0.000
0.000
0.000
0.000
0.000
0.000
0.000
0.000
0.000
0.000
0.000
0.000
0.000
0.000
0.000
0.000
0.000
0.000
0.069
0.007
0.000
0.000
0.000
0.000
0.000
0.000
0.000
0.000
0.000
0.000
0.000
0.000
0.000
0.000
0.000
0.000
0.000
0.000
0.000
0.000
0.000
0.000
0.000
0.000
0.000
0.000
0.000
0.000
0.000
0.000
0.000
0.000
0.000
0.000
0.000
0.000
0.000
0.000
0.000
0.000
0.000
0.000
0.000
0.000
0.000
0.000
0.000
0.000
0.000
0.000
0.000
0.000
0.000
0.000
0.000
0.000
0.000
0.000
0.000
0.000
0.000
0.000
0.000
0.000
0.000
0.000
0.000
0.000
0.000
0.000
0.000
0.000
0.000
0.000
0.000
0.000
0.000
0.000
0.000
0.000
0.000
0.000
0.000
0.000
0.000
0.000
0.000
0.000
0.000
0.000
0.000
0.000
0.000
0.000
0.000
0.000
3.619
12.792
2.194
0.000
0.000
0.134
0.017
0.000
0.000
0.000
0.000
0.000
0.000
0.000
0.000
0.000
0.000
0.000
0.000
0.000
0.000
0.000
0.000
0.000
0.000
0.000
0.000
0.000
0.000
0.000
0.000
0.000
0.000
0.000
0.000
0.000
0.000
0.000
0.000
0.000
0.000
0.000
0.000
0.000
0.000
0.000
0.000
0.000
0.000
0.000
0.000
0.000
0.000
0.000
0.000
0.000
0.000
0.000
0.000
0.000
0.000
0.000
0.000
0.000
0.000
0.000
0.000
0.000
0.000
0.000
0.000
0.000
0.000
0.383
1.148
0.790
0.000
0.000
0.000
0.000
0.000
0.000
0.000
0.000
0.500
2.403
1.449
0.076
0.000
0.000
0.000
0.000
0.000
0.000
0.000
0.000
3.076
0.000
0.000
0.000
0.000
0.000
1.967
0.556
0.003
0.065
0.024
0.000
4.044
6.866
2.537
7.416
2.101
0.936
1.100
0.098
0.000
6.058
7.701
4.806
3.316
0.763
1.766
4.345
5.159
6.499
0.045
0.079
3.602
1.780
2.734
39.660
92.077
5.045
4.568
3.027
1.056
0.695
3.100
3.066
3.350
5.841
4.274
10.767
14.919
13.706
7.747
1.860
8.785
12.038
13.022
55.589
27.280
13.311
28.730
34.763
7.412
6.921
2.805
6.341
12.701
0.644
14.629
8.771
2.761
4.473
5.846
0.362
0.058
0.700
2.182
0.482
0.338
0.678
0.103
7.820
22.999
5.146
7.843
2.815
10.017
9.541
3.045
0.000
0.000
1.365
4.694
2.388
0.103
0.910
1.058
2.429
3.317
8.550
3.004
2.410
3.835
2.501
2.777
3.131
1.856
2.472
0.985
0.742
0.048
0.007
5.263
3.165
0.179
0.000
0.000
0.000
0.000
0.000
0.000
0.000
0.000
0.000
0.000
0.000
0.000
0.000
0.000
0.000
0.000
0.000
0.000
0.000
0.000
0.000
0.000
0.000
0.000
0.000
0.000
0.000
0.000
0.000
0.000
0.000
0.000
0.000
0.000
0.000
1.097
0.000
0.000
0.000
0.000
0.000
0.000
0.000
0.000
0.000
0.000
0.000
0.000
0.000
0.000
0.000
0.000
0.000
0.000
0.000
0.000
0.000
0.000
0.058
0.000
0.000
0.000
0.000
0.000
0.000
0.000
0.000
0.000
0.000
0.000
0.000
0.000
0.000
0.000
0.000
0.000
0.000
0.000
0.000
0.000
0.000
0.000
0.000
0.000
0.000
0.000
0.000
0.000
0.000
0.000
0.000
0.000
0.000
0.000
0.000
0.000
0.000
0.000
0.000
0.000
0.000
0.000
0.000
0.000
0.000
0.000
0.000
0.000
0.000
0.000
0.000
0.000
0.000
0.000
0.000
0.000
0.000
0.000
0.000
0.000
0.000
0.000
0.000
0.000
0.000
0.000
0.000
0.000
0.000
2.844
0.000
0.000
0.000
0.017
0.000
0.000
0.000
0.000
0.000
0.000
0.000
0.000
0.000
0.000
0.000
0.000
0.000
0.000
0.000
0.000
0.000
0.000
0.000
0.000
0.000
0.000
0.000
0.000
0.000
0.000
0.000
0.000
0.000
0.000
0.000
0.000
0.000
0.000
0.000
0.000
0.000
0.000
0.000
0.000
0.000
0.000
0.000
0.000
0.000
0.000
0.000
0.000
0.000
0.000
0.000
0.000
0.000
0.000
0.000
0.000
0.000
0.000
0.000
0.000
0.000
0.000
0.000
0.000
0.000
0.000
0.000
0.000
0.000
0.000
0.000
0.000
0.000
0.000
0.000
0.000
0.000
0.000
0.000
0.000
0.000
0.000
0.000
0.000
0.000
0.000
0.000
0.000
0.000
0.000
0.000
0.000
0.000
0.000
0.000
0.000
0.000
0.000
0.000
0.000
0.000
0.000
0.024
0.000
0.000
0.000
0.000
0.000
0.271
0.563
1.548
0.000
0.000
0.000
0.000
0.000
0.000
0.000
0.034
1.092
8.339
6.588
0.000
0.000
0.000
7.299
2.300
0.161
0.488
3.234
8.453
0.498
0.158
0.034
0.838
16.958
181.166
95.875
19.519
3.468
1.088
55.922
181.730
121.433
15.535
6.315
29.867
0.331
2.055
4.643
3.576
1.097
0.512
0.000
0.275
0.484
0.266
0.506
0.399
0.072
16.955
9.965
1.550
16.140
6.660
4.512
0.927
0.760
6.956
13.997
5.689
6.266
3.354
128.674
12.191
2.460
1.003
1.788
2.247
5.730
4.642
1.411
0.462
4.122
1.701
0.338
0.374
13.240
2.681
0.247
0.124
0.086
2.324
16.431
41.865
2.913
2.817
0.136
2.745
4.865
2.829
0.486
4.932
13.893
20.635
0.383
0.058
0.010
0.299
0.000
2.994
0.065
0.000
0.000
0.316
13.632
16.552
11.991
8.606
22.397
0.336
2.080
1.564
2.884
3.459
1.293
0.000
0.000
0.000
0.000
0.000
0.000
0.000
0.000
0.000
0.000
0.000
0.000
0.000
0.000
0.000
0.000
0.000
0.000
0.000
0.000
0.000
0.000
0.000
0.000
0.000
0.000
0.000
0.000
0.000
0.000
0.000
0.000
0.000
0.000
0.000
0.000
0.000
0.000
0.000
0.000
0.000
0.000
0.000
0.000
0.000
0.000
0.000
0.000
0.000
0.000
0.000
0.000
0.000
0.000
0.000
0.000
0.000
0.000
0.000
0.000
0.000
0.000
0.000
0.000
0.038
0.000
0.000
0.000
0.000
0.000
0.000
0.000
0.000
0.000
0.000
0.000
0.000
0.148
0.000
0.000
0.000
0.000
0.000
0.000
0.000
0.000
0.000
0.000
0.000
0.000
0.000
0.000
0.000
0.000
0.000
0.000
0.000
0.000
0.000
0.000
0.000
0.000
0.000
0.000
0.000
0.000
0.000
0.000
0.000
0.000
0.000
0.000
0.000
0.000
0.000
0.000
0.000
0.000
0.000
0.000
0.000
0.000
0.000
0.000
0.000
0.000
0.000
0.010
0.000
0.000
0.000
0.000
0.000
0.000
0.000
0.000
0.000
0.000
0.000
0.000
0.000
0.000
0.000
0.000
0.000
0.000
0.000
0.000
0.000
0.000
0.000
0.000
0.000
0.000
0.000
0.000
0.000
0.000
0.000
0.000
0.000
0.000
0.000
0.000
0.000
0.000
0.000
0.000
0.000
0.000
0.000
0.000
0.000
0.000
0.000
0.000
0.000
0.000
0.000
0.000
0.000
0.000
0.000
0.000
0.000
0.000
0.000
0.000
0.000
0.627
0.000
0.000
0.000
0.000
0.000
0.000
0.000
0.000
0.000
0.000
0.000
0.000
0.000
0.000
0.000
0.000
0.000
0.000
0.000
0.000
0.000
0.000
0.000
0.000
0.000
0.000
0.000
0.000
0.000
0.000
0.000
0.000
0.000
0.000
0.000
0.000
0.000
0.000
0.000
0.000
0.000
0.000
0.000
0.000
0.000
0.000
0.000
0.000
0.000
0.000
0.000
0.000
0.000
0.000
0.000
0.000
0.000
0.172
0.900
0.000
0.453
4.491
0.000
3.564
51.392
3.612
0.944
5.957
0.477
1.286
0.841
0.093
9.246
1.085
0.000
13.729
2.705
3.962
0.017
0.985
26.872
35.328
46.002
2.262
0.563
15.292
22.319
2.402
0.994
0.584
0.072
0.782
6.990
6.415
7.948
27.995
75.855
2.129
0.643
0.388
0.062
0.713
0.034
0.211
2.393
4.990
0.623
0.076
0.064
0.369
2.764
11.103
29.639
14.686
4.681
3.535
0.807
2.841
7.720
5.066
1.481
1.524
3.814
2.974
4.390
7.074
3.303
10.815
4.099
1.583
1.454
0.853
0.815
0.221
2.026
0.615
0.271
0.098
0.055
0.245
0.893
2.180
4.365
0.724
0.105
0.000
0.000
0.000
0.000
0.000
1.154
3.004
9.074
7.598
5.964
3.498
4.388
6.808
12.631
2.860
18.457
3.052
7.931
3.093
6.602
14.042
13.321
0.577
0.621
0.168
0.082
0.151
0.017
0.000
0.000
0.000
0.000
0.000
0.000
0.663
0.204
0.067
0.412
0.345
0.000
0.034
0.003
1.435
0.000
0.000
0.000
0.000
0.000
0.000
0.000
0.000
0.000
0.000
0.000
0.000
0.000
0.000
0.000
0.000
0.000
0.000
0.000
0.000
0.000
0.000
0.000
0.000
0.000
0.000
0.000
0.000
0.000
0.000
0.000
0.000
0.000
0.000
0.000
0.000
0.000
0.024
2.793
7.308
0.108
0.000
0.000
0.000
0.000
0.000
0.000
0.000
0.000
0.000
6.015
0.003
0.000
0.000
0.000
0.000
0.000
0.000
0.000
0.000
0.000
0.000
0.000
0.000
0.000
0.000
0.000
0.000
0.000
0.000
0.762
0.003
0.000
0.000
0.000
0.000
0.000
0.000
0.000
0.000
0.000
0.000
0.000
0.000
0.000
0.000
0.000
0.000
0.000
0.941
0.091
0.894
0.000
0.000
0.000
0.000
0.000
0.000
0.000
0.000
0.000
0.000
0.000
0.000
0.000
0.000
0.000
0.000
0.000
0.000
0.000
0.000
0.000
0.000
0.000
0.000
0.000
0.000
0.000
0.000
0.000
0.000
0.000
0.000
0.000
0.000
0.000
0.000
0.000
0.000
0.000
0.000
0.000
0.000
0.000
0.000
0.000
0.000
0.000
0.000
0.000
0.000
0.000
0.000
0.000
0.000
0.000
0.000
0.000
0.000
0.000
0.000
0.000
0.000
0.000
0.000
0.000
0.000
0.000
0.000
0.000
0.000
0.000
0.000
0.000
0.000
0.000
0.000
0.000
0.000
0.000
0.000
0.000
0.000
0.000
0.000
0.000
0.000
0.000
0.000
0.000
0.000
0.000
0.000
0.000
0.000
0.000
0.000
0.000
0.000
0.000
0.000
0.000
0.000
0.000
0.000
0.000
0.000
0.000
0.000
0.000
0.000
0.000
0.000
0.000
0.000
0.000
0.000
0.000
0.000
0.000
0.000
0.000
0.000
0.000
0.000
0.000
0.000
0.000
1.483
0.000
0.608
0.000
0.007
0.000
0.000
0.034
0.000
0.000
0.000
0.000
0.000
0.000
0.000
0.000
0.000
0.000
0.000
0.000
0.000
0.000
0.000
0.000
0.000
0.000
0.000
0.000
0.000
0.000
0.000
0.000
0.000
0.000
0.000
0.000
0.000
5.615
0.072
0.278
22.986
87.904
0.000
0.000
0.003
2.029
10.284
3.133
1.645
0.370
0.000
0.601
19.954
0.841
0.597
0.573
3.909
25.914
16.386
3.256
3.157
2.098
0.821
0.371
7.545
34.816
53.872
3.535
2.714
3.325
1.392
2.108
3.766
1.854
1.776
1.715
2.147
0.324
0.697
0.034
0.869
4.395
2.262
0.702
1.693
1.315
20.213
15.503
4.333
0.000
1.248
0.105
0.000
1.457
3.483
3.770
1.979
0.055
1.502
0.141
0.948
5.767
14.281
3.783
0.632
0.891
0.299
3.468
15.539
30.209
5.370
1.360
0.505
0.336
1.744
1.778
0.117
0.000
0.000
0.000
0.000
0.000
0.000
0.000
0.000
0.000
0.000
0.000
0.000
0.000
0.000
0.000
0.000
0.000
0.007
1.078
0.000
0.000
6.108
9.503
13.644
0.051
0.199
0.000
0.007
0.000
0.000
0.000
0.000
0.000
0.000
0.000
0.000
0.000
0.000
0.000
0.000
0.000
0.000
0.000
0.000
0.000
0.000
0.000
0.000
0.000
0.000
0.000
0.000
0.000
0.000
0.000
0.000
0.000
0.000
0.000
0.594
40.201
20.450
1.923
0.446
7.040
7.553
0.048
0.000
0.000
0.000
0.000
0.000
0.000
0.000
0.000
0.000
0.000
0.000
0.000
0.000
0.000
0.000
0.000
0.000
0.000
0.000
0.000
0.000
0.000
0.000
0.000
0.000
0.000
0.000
0.000
0.251
0.254
0.000
0.000
0.093
0.000
0.000
0.000
0.000
0.000
0.000
0.000
0.000
0.000
0.000
0.000
0.000
0.000
0.000
0.000
0.000
0.000
0.000
0.000
0.000
0.000
0.106
2.105
0.000
0.000
0.000
0.000
0.000
0.000
0.000
0.000
0.000
0.000
0.000
0.000
0.000
0.000
0.000
0.000
0.000
0.000
0.000
0.000
0.000
0.000
0.010
0.000
0.000
0.000
0.000
0.000
0.000
0.232
0.000
0.000
0.000
0.000
0.000
0.000
0.000
0.000
0.000
0.000
0.167
0.022
0.000
0.000
0.000
0.000
0.000
0.000
0.000
0.000
0.000
0.000
0.000
0.000
0.000
0.000
0.000
0.000
0.000
0.000
0.000
0.000
0.000
0.000
0.000
0.000
0.000
0.000
0.000
0.000
0.000
0.000
0.000
0.000
0.000
0.000
0.000
0.000
0.000
0.000
0.000
0.000
0.000
0.000
0.000
0.000
0.000
0.000
0.000
0.000
0.000
0.000
0.000
0.000
0.000
0.000
0.000
0.000
0.000
0.000
0.000
0.000
0.000
0.000
0.000
0.000
0.000
0.000
0.000
0.000
0.000
0.010
0.000
0.000
0.000
0.000
0.000
0.000
0.000
0.000
0.000
0.000
0.000
0.000
0.000
0.000
0.000
0.000
0.000
0.000
0.000
0.000
0.000
0.000
0.000
0.000
0.000
0.000
0.000
0.000
0.000
0.688
0.000
0.000
0.000
0.000
0.000
0.000
0.057
0.000
0.000
0.000
0.000
23.725
15.573
6.163
0.000
0.000
0.000
0.172
0.076
1.346
0.263
4.439
0.561
0.120
2.810
0.807
0.000
0.014
2.803
0.715
8.384
4.300
0.738
8.894
10.125
0.869
4.036
1.092
0.124
4.695
4.259
3.241
57.870
7.648
0.160
0.151
0.391
2.779
1.552
1.390
13.082
36.672
0.100
2.681
0.278
1.049
5.855
5.158
5.424
3.347
3.406
3.653
4.631
14.044
17.080
3.073
0.364
2.105
3.244
2.142
1.775
3.924
0.326
1.105
2.711
5.078
2.702
1.744
0.786
2.074
0.285
0.618
2.448
3.608
16.974
4.120
13.975
22.833
6.506
4.305
0.683
3.406
1.967
4.147
9.246
3.684
8.154
30.240
2.513
1.366
1.229
2.901
3.687
4.649
1.109
2.087
0.376
0.343
0.041
0.055
0.000
0.285
0.158
1.044
0.000
0.000
0.000
0.000
0.000
0.000
0.000
0.000
0.000
0.000
0.000
0.000
0.000
0.000
0.000
0.000
0.000
0.000
0.000
0.000
0.000
5.950
0.239
1.574
9.723
0.845
2.664
0.853
0.000
0.000
0.000
0.000
0.000
0.000
0.000
0.000
0.000
0.000
0.000
0.000
0.000
0.000
0.000
0.017
0.017
2.160
1.284
0.628
4.055
2.208
1.150
0.992
0.000
1.670
0.395
0.000
0.000
25.330
6.417
2.280
0.824
0.000
6.763
0.251
0.000
0.000
0.000
0.000
0.000
0.000
0.000
0.000
0.000
0.000
0.000
0.000
0.000
0.000
0.000
0.000
0.000
0.000
0.000
0.000
0.000
0.000
0.000
0.000
0.000
0.000
0.000
0.000
0.000
0.000
0.000
0.000
0.000
0.000
0.000
0.000
0.000
0.000
0.000
0.000
0.000
0.000
0.000
0.000
0.000
0.000
0.000
0.000
0.000
0.000
0.000
0.000
0.000
0.000
0.000
0.000
0.000
0.000
0.000
0.000
0.003
0.000
0.000
0.000
0.000
0.000
0.002
0.000
0.000
0.000
0.000
0.000
0.000
0.000
0.002
0.002
0.000
0.000
0.000
0.000
0.000
0.000
0.000
0.000
0.000
0.000
0.000
0.000
0.000
0.000
0.000
0.000
0.014
0.002
0.000
0.000
0.000
0.000
0.000
0.000
0.000
0.000
0.002
0.000
0.002
0.002
0.000
0.000
0.000
0.000
0.000
0.000
0.000
0.000
0.000
0.002
0.002
0.000
0.002
0.000
0.000
0.000
0.002
0.000
0.000
0.000
0.000
0.000
0.000
0.000
0.000
0.000
0.000
0.000
0.000
0.002
0.000
0.000
0.000
0.000
0.000
0.000
0.000
0.000
0.000
0.002
0.000
0.000
0.000
0.000
0.000
0.000
0.000
0.000
0.000
0.000
0.000
0.000
0.000
0.000
0.000
0.000
0.000
0.000
0.000
0.000
0.000
0.000
0.000
0.000
0.000
0.000
0.000
0.038
0.055
0.000
0.000
0.000
0.000
0.000
0.000
0.000
0.000
0.000
0.000
0.000
2.139
0.000
0.137
0.429
0.000
2.139
0.467
0.240
0.122
2.482
5.088
1.322
1.281
0.000
0.003
1.219
7.227
0.869
1.674
3.885
22.711
10.004
27.716
1.210
8.616
47.674
58.485
0.010
0.917
2.053
4.127
6.516
2.139
8.003
20.308
18.763
49.933
19.528
11.388
5.914
14.849
33.968
7.623
4.523
25.023
11.192
2.613
1.851
4.861
1.353
34.761
26.870
5.854
3.550
11.972
12.095
19.781
1.722
13.877
2.671
1.648
10.547
15.880
12.583
5.071
1.136
16.843
31.529
15.309
5.740
5.294
11.803
21.713
12.167
6.315
0.450
2.561
9.860
9.359
16.574
2.077
8.363
69.856
90.980
9.297
9.680
35.745
21.094
21.193
27.251
88.426
8.902
13.740
23.948
1.171
4.594
3.214
7.642
1.500
14.452
11.371
4.336
2.280
2.098
7.430
2.747
0.458
0.096
0.323
3.619
0.180
1.878
1.634
0.463
0.378
1.356
0.529
0.062
0.000
0.158
0.033
1.023
0.002
0.000
0.000
0.000
0.000
0.000
0.000
0.000
0.000
0.000
0.000
0.000
0.000
0.000
0.014
0.000
0.000
0.000
0.000
0.000
0.000
0.000
0.000
0.000
0.000
0.000
0.002
0.000
0.000
0.000
0.002
0.000
0.000
0.000
0.000
0.000
0.000
0.000
0.000
0.000
0.000
0.000
0.000
0.000
0.000
0.000
0.000
0.000
0.000
0.000
0.000
0.000
0.000
0.000
0.002
0.000
0.000
0.000
0.000
0.000
0.000
0.000
0.000
0.000
0.000
0.000
0.000
0.000
0.002
0.000
0.000
0.000
0.000
0.000
0.000
0.000
0.000
0.000
0.000
0.000
0.000
0.000
0.000
0.000
0.000
0.000
0.000
0.000
0.000
0.000
0.117
0.000
0.000
0.000
0.000
0.000
0.000
0.000
0.003
0.000
0.000
0.000
0.000
0.000
0.000
0.002
0.000
0.000
0.002
0.000
0.000
0.000
0.000
0.000
0.000
0.000
0.000
0.003
0.000
0.000
0.000
0.000
0.000
0.000
0.000
0.000
0.000
0.000
0.000
0.000
0.000
0.000
0.000
0.000
0.000
0.000
0.002
0.000
0.000
0.000
0.000
0.000
0.000
0.000
0.000
0.000
0.000
0.000
0.000
0.002
0.000
0.000
0.000
0.000
0.000
0.000
0.000
0.000
0.000
0.000
0.000
0.000
0.000
0.000
0.000
0.000
0.002
0.000
0.000
0.000
0.000
0.000
0.000
0.000
0.000
0.000
0.000
0.000
0.000
0.000
0.000
0.000
0.000
0.000
0.000
0.000
0.000
0.000
0.000
0.000
0.000
0.000
0.000
0.000
0.000
0.000
0.000
0.000
0.000
0.551
7.225
0.007
0.000
0.000
0.000
0.000
0.000
0.000
0.000
0.000
0.000
0.000
0.000
0.000
0.000
0.000
0.000
0.000
0.477
0.148
0.002
0.012
0.000
0.000
0.000
0.000
0.000
0.000
0.000
0.000
0.000
0.000
0.000
0.000
0.000
0.000
0.000
0.000
0.000
0.000
0.000
0.000
0.000
0.000
0.000
0.000
0.323
0.055
0.632
0.000
0.309
0.024
0.079
1.099
84.238
43.609
0.000
0.034
0.000
0.000
0.000
0.007
0.000
0.000
0.000
0.003
0.373
0.000
0.347
0.848
0.146
0.000
2.117
1.617
7.841
78.188
15.510
22.261
2.338
9.304
3.138
129.220
24.887
8.422
4.230
8.171
1.480
0.034
2.201
84.342
7.512
1.669
0.271
2.788
7.371
39.918
7.079
5.378
8.724
8.446
19.913
10.173
11.745
14.886
8.538
17.801
2.472
2.771
0.760
1.341
67.803
2.472
8.847
47.712
27.876
106.403
8.425
44.522
6.518
3.687
4.470
3.128
0.759
51.646
1.420
0.278
1.080
2.180
8.343
9.091
3.907
3.371
3.088
9.328
15.034
6.334
17.173
18.515
44.230
109.582
17.376
6.739
12.552
2.276
33.745
2.405
4.257
9.469
5.325
0.117
0.192
1.500
0.199
1.617
5.807
9.654
5.914
11.402
2.475
0.374
0.000
0.000
0.000
0.000
0.002
0.000
0.000
0.309
2.503
0.000
0.000
0.000
0.000
0.000
0.000
0.000
0.000
0.000
0.000
0.000
0.000
0.000
0.000
0.000
0.000
0.000
0.000
0.002
0.000
0.000
0.000
0.000
0.000
0.002
0.000
0.000
0.000
0.000
0.000
0.000
0.000
0.000
0.000
0.000
0.002
0.000
0.000
0.000
0.000
0.000
0.002
0.000
0.000
0.000
0.000
0.000
0.002
0.000
0.000
0.000
0.000
0.000
0.000
0.000
0.000
0.000
0.000
0.003
0.000
0.000
0.000
0.000
0.000
0.000
0.000
0.000
0.000
0.002
0.000
0.000
0.000
0.000
0.000
0.000
0.000
0.000
0.000
0.000
0.000
0.000
0.002
0.000
0.000
0.000
0.000
0.000
0.000
0.000
0.000
0.000
0.000
0.000
0.000
0.000
0.000
0.000
0.000
0.000
0.000
0.000
0.000
0.000
0.000
0.000
0.000
0.000
0.000
0.002
0.000
0.000
0.002
0.000
0.000
0.000
0.000
0.000
0.000
0.000
0.000
0.000
0.031
0.010
0.000
0.000
0.000
0.000
0.000
0.000
0.007
0.000
0.069
0.003
0.405
0.000
0.000
0.000
0.000
0.000
0.000
0.000
0.003
0.000
0.000
0.000
0.000
0.000
0.000
0.000
0.000
0.000
0.000
0.000
0.000
0.000
0.000
0.000
0.002
0.002
0.000
0.000
0.096
0.010
0.000
0.000
0.000
0.000
0.000
0.002
0.000
0.000
0.000
0.000
0.439
0.000
0.000
0.000
0.000
0.000
0.000
0.000
0.000
0.000
0.000
0.000
0.000
0.000
0.000
0.000
0.000
0.000
0.000
0.000
0.000
0.000
0.076
0.014
0.003
0.000
0.000
0.000
0.000
0.000
0.000
0.000
0.000
0.000
0.003
0.000
0.000
0.000
0.000
0.000
0.000
0.000
0.000
0.000
0.000
0.000
0.000
0.000
0.000
0.000
0.000
0.000
0.000
0.000
0.000
0.000
0.000
0.002
0.000
0.000
0.000
0.106
0.000
0.000
0.000
0.000
2.493
0.280
0.000
0.429
19.990
5.459
0.005
113.154
1.766
7.674
6.830
0.771
4.518
2.541
6.403
8.872
0.663
9.398
0.113
0.000
5.088
3.310
4.986
0.175
14.323
2.594
0.100
0.160
0.005
4.934
203.582
110.840
42.215
4.662
13.990
6.698
4.137
3.251
10.228
35.760
84.269
19.257
11.434
5.648
4.498
15.079
6.827
8.023
13.716
7.792
8.677
13.366
20.172
14.816
27.802
8.901
5.888
12.863
2.355
27.064
42.392
35.431
4.007
1.332
3.474
6.915
4.793
3.742
17.973
11.470
7.690
8.504
15.055
11.917
0.769
4.916
2.517
3.177
2.616
7.232
12.112
8.173
37.206
14.260
4.643
0.572
0.185
1.140
0.124
3.392
0.512
0.869
3.430
3.035
1.324
1.354
0.306
3.299
6.010
0.177
0.002
1.222
0.072
0.003
0.031
0.010
2.764
0.065
0.000
0.003
0.000
5.854
42.236
57.294
6.197
16.167
0.367
0.937
2.359
5.982
7.210
11.244
9.821
7.069
4.072
0.227
0.666
3.725
8.161
6.772
4.566
4.566
0.862
2.307
4.673
0.003
0.000
0.000
0.000
0.000
0.000
0.000
0.000
0.000
0.000
0.172
0.024
0.000
0.002
0.000
0.000
0.000
0.000
0.000
0.000
0.000
0.000
0.000
0.000
0.000
0.000
0.000
0.001
0.000
0.000
0.000
0.000
0.000
0.000
0.000
0.000
0.000
0.000
0.000
0.000
0.000
0.000
0.000
0.000
0.000
0.000
0.000
0.000
0.002
0.000
0.000
0.000
0.000
0.000
0.002
0.000
0.000
0.000
0.000
0.000
0.003
0.002
0.000
0.000
0.002
0.000
0.000
0.000
0.000
0.000
0.000
0.000
0.000
0.002
0.000
0.000
0.086
0.003
0.000
0.021
0.000
0.000
0.000
0.000
0.000
0.000
0.000
0.000
0.000
0.000
0.000
0.000
0.000
0.000
0.000
0.000
0.000
0.000
0.000
0.010
0.000
0.002
0.000
0.000
0.000
0.000
0.000
0.000
0.000
0.000
0.000
0.000
0.000
0.000
0.000
0.000
0.000
0.000
0.000
0.000
0.000
0.000
0.000
0.086
0.000
0.000
0.000
0.000
0.000
0.000
0.000
0.000
0.261
0.625
0.017
0.003
0.000
0.002
0.000
0.000
0.132
0.038
0.000
0.000
0.134
0.010
0.003
0.117
0.000
0.000
0.000
0.000
0.000
0.000
0.000
0.000
0.000
0.000
0.002
0.000
0.000
0.000
0.000
0.000
0.000
0.000
0.000
0.000
0.000
0.000
0.000
0.003
0.002
0.000
0.000
0.000
0.000
0.000
0.000
0.000
0.000
0.000
0.000
0.000
0.000
0.000
0.027
0.000
0.000
0.000
0.000
0.000
0.000
0.000
0.000
0.000
0.000
0.000
0.003
0.000
0.000
0.000
0.000
0.000
0.000
0.002
0.000
0.000
0.000
0.000
0.000
0.000
0.000
0.000
0.000
0.000
0.000
0.000
0.000
0.000
0.000
0.000
0.000
0.000
0.000
0.117
0.000
0.000
0.000
0.002
0.000
0.003
0.000
0.000
0.002
0.000
0.134
0.000
0.000
0.062
1.181
0.000
0.100
0.062
0.000
0.000
0.000
0.172
0.014
0.000
0.000
0.000
0.000
0.000
0.357
0.000
0.000
0.002
0.000
0.000
0.000
0.014
0.000
0.002
0.000
0.014
0.103
1.150
0.316
0.021
0.010
0.065
14.409
25.406
31.944
0.776
64.418
34.109
22.258
0.312
3.196
81.515
24.400
12.030
29.244
1.025
5.727
4.055
5.016
1.246
