20000101
0.000
0.000
0.000
0.000
0.000
0.000
0.000
0.000
0.000
0.000
0.000
0.000
0.000
0.000
0.000
0.000
0.000
0.000
0.000
0.000
0.000
0.000
0.000
0.000
0.000
0.000
0.000
0.000
0.000
0.000
0.000
0.000
0.000
0.000
0.000
0.000
0.000
0.000
0.000
0.000
0.000
0.000
0.000
0.000
0.000
0.000
0.000
0.000
0.000
0.000
0.000
0.000
0.000
0.000
0.000
0.000
0.000
0.000
0.000
0.000
0.000
0.000
0.000
0.000
0.000
0.000
0.000
0.000
0.000
0.000
0.000
0.000
0.000
0.000
0.000
0.000
0.000
0.000
0.000
0.000
0.000
0.000
0.000
0.000
0.000
0.000
0.000
0.000
0.000
0.000
0.000
0.000
0.000
0.000
0.000
0.000
0.000
0.000
0.000
0.000
0.000
0.000
0.000
0.000
0.000
0.000
0.000
0.000
0.000
0.000
0.000
0.000
0.000
0.000
0.000
0.000
0.000
0.000
0.000
0.000
0.000
0.000
0.000
0.000
0.000
0.000
0.000
0.000
0.000
0.031
0.000
0.010
0.000
0.000
0.000
0.000
0.000
1.851
0.182
4.978
0.661
0.556
0.048
0.000
0.000
0.000
0.000
0.000
0.000
2.359
0.398
2.026
0.608
0.003
0.000
0.000
0.000
0.000
0.000
0.354
0.474
0.038
0.000
0.000
0.000
0.319
0.024
0.000
0.000
0.000
0.161
0.027
1.861
0.000
0.000
0.000
0.000
0.000
0.003
2.987
1.629
0.719
9.766
35.973
11.366
2.250
0.163
4.302
7.807
7.998
3.316
10.998
23.615
154.269
19.784
16.567
8.217
0.470
7.509
1.960
17.867
12.899
16.401
0.321
0.148
0.048
0.000
0.077
0.024
0.661
3.600
0.344
8.465
0.314
0.000
0.000
0.000
0.000
0.000
0.021
0.000
0.014
0.000
7.240
22.358
2.243
5.814
34.979
3.768
0.583
2.184
5.186
9.535
3.304
13.684
7.121
1.397
9.404
6.624
4.898
0.076
2.747
0.924
0.670
1.035
2.084
0.614
2.865
14.202
20.793
6.787
2.468
0.024
0.000
0.000
0.007
0.000
0.000
0.000
0.000
0.000
0.000
0.000
0.000
0.000
0.000
0.000
0.000
0.007
0.000
0.000
0.000
0.000
0.000
0.000
0.000
0.000
0.000
0.000
0.000
0.000
0.000
0.000
0.000
0.007
0.003
0.000
0.000
0.000
0.000
0.000
0.000
0.000
0.000
0.000
0.000
0.000
0.000
0.000
0.000
0.000
0.000
0.000
0.000
0.000
0.000
0.000
0.000
0.000
0.000
0.000
0.000
0.000
0.000
0.000
0.000
0.000
0.000
0.000
0.000
0.000
0.000
0.000
0.000
0.000
0.000
0.000
0.000
0.000
0.000
0.000
0.000
0.000
0.000
0.000
0.000
0.000
0.000
0.000
0.000
0.000
0.000
0.000
0.000
0.000
0.000
0.000
0.000
0.000
0.000
0.000
0.000
0.000
0.000
0.000
0.000
0.000
0.000
0.000
0.000
0.000
0.000
0.000
0.000
0.000
5.503
0.000
0.000
0.000
0.000
0.000
0.000
0.000
0.000
0.000
0.000
0.000
0.010
0.000
0.000
0.000
0.000
0.000
0.000
0.000
0.000
0.000
0.000
0.000
0.000
0.000
0.000
0.000
0.000
0.000
0.000
0.000
0.000
0.000
0.000
0.000
0.000
0.000
0.000
0.000
0.000
0.000
0.000
0.000
0.000
0.000
0.000
0.000
0.000
0.000
0.000
0.000
0.000
0.000
0.000
0.000
0.000
0.000
0.000
0.000
0.000
0.000
0.000
0.000
0.000
0.000
0.000
0.000
0.000
0.000
0.000
0.000
0.000
0.000
0.000
0.000
0.000
0.000
0.000
0.000
0.000
0.000
0.000
0.000
0.000
0.000
0.000
0.000
0.000
0.000
0.000
0.000
0.000
0.000
0.000
0.000
0.000
0.000
0.000
0.000
0.000
0.000
0.000
0.000
0.000
0.000
0.000
0.000
0.000
0.000
0.000
0.000
0.000
0.000
0.000
0.000
0.000
0.000
0.000
0.000
0.000
0.000
0.000
0.000
0.000
0.000
0.000
0.000
0.000
0.000
0.000
0.000
0.000
0.000
0.000
0.000
0.000
0.000
0.096
0.070
0.000
0.275
0.057
0.000
0.000
0.256
0.031
0.024
0.000
0.000
0.000
15.722
0.021
0.282
0.000
0.235
1.517
1.543
0.424
4.528
1.093
0.381
0.043
0.795
0.201
2.917
12.713
23.591
5.543
4.286
12.497
22.877
0.175
0.000
0.000
0.000
0.669
0.499
0.404
0.048
1.618
1.107
2.087
22.991
9.134
4.396
2.580
0.189
1.109
12.521
11.955
26.154
0.659
0.860
3.298
1.583
0.954
2.118
7.970
8.995
9.647
14.013
14.492
7.076
11.450
2.578
4.304
3.303
1.284
0.292
1.866
0.168
2.537
0.003
1.857
0.051
0.391
21.200
6.836
14.560
6.092
7.950
3.727
5.447
8.605
2.439
5.712
6.315
11.465
1.130
1.064
0.076
0.217
4.427
0.800
0.719
6.316
6.210
2.855
0.252
0.000
0.211
0.000
0.000
1.746
1.353
0.038
0.000
2.550
0.066
3.881
0.000
0.000
0.034
0.256
0.033
0.000
0.000
0.263
0.000
0.017
0.003
0.146
0.000
0.000
0.000
0.000
0.000
0.000
0.000
0.000
0.000
0.000
0.000
0.000
0.374
9.994
10.313
5.527
0.299
0.000
0.000
1.526
1.171
0.477
1.995
0.017
0.007
0.017
0.000
0.000
0.000
0.000
0.000
0.000
0.000
0.000
0.000
0.000
0.000
0.000
0.000
0.000
0.000
0.000
0.000
0.000
0.000
0.000
0.000
0.000
0.000
0.000
0.000
0.000
0.000
0.000
0.000
0.000
0.000
0.000
0.000
0.000
0.000
0.000
0.000
0.000
0.000
0.000
0.000
0.000
0.000
0.000
0.000
0.000
0.000
0.000
0.000
0.000
0.000
0.000
0.000
0.000
0.000
0.000
0.000
0.000
0.000
0.000
0.000
0.000
0.000
0.000
0.000
0.000
0.000
0.000
0.000
0.000
0.000
0.000
0.000
0.000
0.000
0.000
0.000
0.000
0.000
0.000
0.000
0.000
0.220
0.000
0.000
0.000
0.000
0.000
0.000
0.000
0.000
0.000
0.000
0.000
0.000
0.000
0.000
0.000
0.000
0.000
0.000
0.000
0.000
0.000
0.000
0.000
0.000
0.000
0.000
0.000
0.000
0.000
0.000
0.000
0.000
0.000
0.000
11.277
4.589
0.000
0.000
0.000
0.000
0.000
0.000
0.335
0.000
0.000
0.000
0.000
0.000
0.000
0.000
0.000
0.000
0.000
0.000
0.000
0.000
0.000
0.000
0.000
0.000
0.000
0.000
0.000
0.000
0.000
0.000
0.031
2.125
0.000
0.000
0.000
0.000
0.000
0.000
0.000
0.000
0.000
0.000
0.000
0.000
0.000
0.000
0.000
0.000
0.000
0.000
0.000
0.000
0.000
0.000
0.000
0.000
0.000
0.000
0.000
0.000
0.000
0.000
0.000
0.000
0.000
0.000
0.000
0.000
0.000
0.000
0.000
0.000
0.000
0.000
0.000
0.000
0.000
0.000
0.000
0.000
0.000
0.000
0.000
0.000
0.000
0.000
0.000
0.000
0.000
0.000
0.000
0.000
0.000
0.000
0.000
0.000
0.000
0.000
0.000
0.000
0.000
0.000
0.000
0.000
0.000
0.000
0.000
0.000
0.000
0.000
0.000
0.000
0.371
0.141
0.003
0.000
0.000
0.000
0.000
0.000
0.000
0.800
8.631
0.525
0.481
0.017
0.000
2.733
1.720
4.841
13.417
0.000
0.230
8.415
16.668
55.663
15.350
10.712
1.669
0.062
0.130
0.000
0.307
0.179
0.051
0.045
0.257
0.072
0.051
0.000
0.014
0.108
0.058
0.237
0.124
3.991
123.560
12.868
62.737
2.613
1.261
0.161
1.308
1.032
2.184
2.635
0.348
0.441
0.000
0.000
0.146
3.098
0.807
3.759
2.407
6.568
1.983
9.651
15.401
4.843
3.438
1.435
3.224
2.057
0.808
19.320
33.057
25.512
28.015
0.759
1.645
1.617
10.181
65.824
32.077
2.537
0.141
0.223
12.082
49.785
15.496
21.497
21.386
30.479
16.921
3.592
3.569
1.626
0.000
0.000
0.000
0.000
0.000
0.000
0.000
0.000
0.000
0.000
0.984
0.069
0.000
0.000
0.000
0.000
0.000
2.803
0.499
0.026
0.000
0.000
0.000
0.000
0.000
0.000
0.000
0.000
0.000
0.000
0.000
0.000
0.000
0.000
0.000
0.000
0.000
0.000
0.154
0.007
0.148
0.000
0.000
0.000
0.000
0.000
0.000
0.000
0.000
0.000
0.000
0.000
0.000
0.000
0.000
0.000
0.000
0.000
0.000
2.225
1.123
0.000
0.000
0.000
0.055
6.367
0.017
0.000
0.000
0.000
0.000
0.000
0.000
0.000
0.000
0.000
0.000
0.000
0.000
0.000
0.000
0.000
0.000
0.000
0.000
0.000
0.000
0.000
0.000
0.000
0.000
0.000
0.000
0.000
0.000
0.000
0.000
0.000
0.000
0.000
0.000
0.000
0.000
0.000
0.000
0.000
0.000
0.000
0.000
0.000
0.000
0.000
0.000
0.000
0.412
0.000
0.000
0.000
0.000
0.000
0.000
0.000
0.000
0.010
0.014
0.000
0.000
0.000
0.000
0.000
0.000
0.000
0.000
0.000
0.000
0.000
0.000
0.000
0.000
0.000
0.000
0.000
0.000
0.000
0.000
0.000
0.865
0.553
0.000
0.000
0.010
0.000
0.000
0.000
0.000
0.000
0.000
0.000
0.000
0.000
0.000
0.000
0.000
0.000
0.268
0.000
0.000
0.000
0.000
0.000
0.000
0.000
0.000
0.000
0.000
0.000
0.000
0.000
0.000
0.000
0.000
0.000
0.000
0.000
0.000
0.000
0.000
0.000
0.000
0.000
0.000
0.000
0.000
0.000
0.000
0.000
0.000
0.000
0.000
0.000
0.000
0.000
0.000
0.000
0.000
0.000
0.000
0.000
0.000
0.000
0.000
0.072
0.000
0.000
0.000
0.000
0.000
0.000
0.000
0.000
0.000
0.000
0.000
0.000
0.000
0.000
0.000
0.000
0.000
0.000
0.000
0.000
0.000
0.000
0.000
0.000
0.000
0.000
0.000
0.000
0.000
0.000
0.000
0.000
0.000
0.000
0.000
0.000
0.000
0.000
0.000
0.000
0.000
0.000
0.000
0.000
0.000
0.000
0.000
0.000
0.000
0.000
0.000
0.000
0.000
0.000
0.000
0.000
0.000
0.000
0.000
0.000
0.000
0.038
0.000
0.000
0.000
0.000
0.000
0.076
1.262
2.340
0.546
2.331
3.248
6.321
14.945
13.935
1.971
27.270
22.738
2.369
0.752
3.241
6.269
0.508
0.786
1.011
8.552
46.535
19.209
36.080
14.152
1.665
1.114
0.312
1.395
2.132
6.585
6.771
9.028
16.832
1.689
3.749
0.944
5.977
0.635
1.339
1.796
1.799
6.829
2.589
8.871
12.960
1.923
0.433
0.031
0.345
3.201
5.915
10.966
8.274
4.638
5.521
22.522
70.021
9.301
1.112
8.185
1.291
1.816
1.287
4.710
0.724
0.347
0.821
0.731
3.581
1.559
22.129
29.915
5.067
2.513
1.517
7.697
3.619
15.686
1.904
1.497
2.620
3.874
0.767
3.023
0.264
0.017
0.000
0.014
1.588
0.855
0.025
0.354
1.229
2.886
2.070
2.288
2.917
3.642
1.276
0.912
7.529
2.740
1.615
1.964
0.639
1.814
3.409
6.573
1.823
0.000
0.000
0.000
0.000
0.000
0.024
0.045
0.024
0.007
0.000
0.000
0.000
0.000
0.000
0.000
0.000
0.000
0.000
0.000
0.000
0.000
0.000
0.000
0.000
0.000
0.000
0.000
0.000
0.000
0.000
0.000
0.000
0.000
0.000
0.000
0.000
0.000
0.000
0.000
0.000
0.000
0.000
0.000
0.000
0.000
0.000
0.000
0.000
0.000
0.000
0.000
0.000
0.000
0.000
0.000
0.000
0.000
0.000
0.000
0.000
0.000
0.000
0.000
0.000
0.000
0.000
0.000
0.000
0.000
0.000
0.000
0.000
0.000
0.000
0.000
0.000
0.000
0.000
0.000
0.000
0.000
0.000
0.000
0.000
0.000
0.000
0.000
0.021
0.000
0.000
0.000
0.000
0.000
0.000
0.000
0.000
0.295
0.022
0.000
0.000
0.000
0.000
0.000
0.000
0.000
0.000
0.000
0.000
0.000
0.000
0.000
0.000
0.127
0.000
0.000
0.000
0.000
0.003
0.000
0.000
0.057
0.003
0.000
0.000
0.000
0.000
0.000
0.000
0.000
0.000
0.000
0.000
0.000
0.000
0.000
0.000
0.000
0.000
0.000
0.000
0.000
0.000
0.000
0.000
0.000
0.000
0.000
0.000
0.000
0.000
0.000
0.000
0.000
0.000
0.000
0.000
0.000
0.000
0.000
0.000
0.000
0.000
0.000
0.000
0.000
0.000
0.000
0.000
0.000
0.000
0.000
0.000
0.000
0.000
0.000
0.000
0.000
0.000
0.000
0.000
0.000
0.000
0.000
0.000
0.000
0.000
0.000
0.000
0.000
0.000
0.000
0.000
0.000
0.000
0.000
0.000
0.000
0.000
0.000
0.000
0.000
0.000
0.000
0.000
0.000
0.000
0.000
0.000
0.000
0.000
0.000
0.000
0.000
0.000
0.000
0.000
0.000
0.000
0.000
0.000
0.000
0.041
1.188
0.999
4.597
1.047
3.471
0.278
0.000
0.000
0.000
0.000
0.000
0.000
0.000
0.000
0.000
0.000
0.000
0.000
0.000
0.000
0.000
0.000
0.000
0.000
0.000
0.000
0.000
0.000
0.000
1.866
9.184
3.308
0.615
0.494
1.909
1.219
21.468
19.205
18.471
9.174
0.306
0.287
0.000
0.151
0.347
0.062
0.270
0.584
2.280
0.271
0.446
2.269
1.120
0.497
6.361
12.112
4.295
3.088
9.235
4.925
1.928
2.304
0.069
0.105
0.003
0.000
0.000
0.963
9.247
4.281
0.192
0.575
0.966
0.137
0.379
0.026
1.473
1.830
0.515
0.254
4.469
10.641
8.535
7.233
2.190
1.583
8.458
1.431
14.528
6.382
3.924
6.881
10.401
14.876
2.888
12.410
16.030
7.390
61.815
4.732
0.812
1.282
0.287
4.052
7.352
24.494
12.102
0.829
0.196
0.106
0.268
0.067
0.237
0.570
0.903
0.556
0.118
1.526
1.770
0.408
0.046
0.000
0.027
0.051
0.575
0.144
0.426
2.431
0.429
0.532
5.707
5.270
8.324
4.337
4.588
2.342
4.242
1.047
12.698
105.920
0.192
0.000
0.779
0.000
0.505
5.302
3.650
5.131
20.419
7.859
2.468
0.000
0.000
5.615
3.111
0.007
0.017
0.014
0.000
0.000
0.000
0.000
0.000
0.000
0.000
0.000
0.000
0.000
0.000
0.000
0.000
0.000
0.000
0.000
0.000
0.000
0.000
0.000
0.000
0.000
0.000
0.000
0.000
0.000
0.000
1.091
2.050
0.000
0.000
0.000
0.000
0.000
0.000
0.000
0.000
0.000
0.000
0.000
0.000
0.000
0.000
0.000
0.000
0.000
0.000
0.000
0.000
0.000
0.000
0.000
0.000
0.000
0.000
0.000
0.000
0.000
0.000
0.000
0.000
0.000
0.000
0.000
0.000
0.000
0.000
0.000
0.000
0.000
0.000
0.000
0.000
0.000
0.000
0.000
0.000
0.000
0.000
0.055
0.000
0.000
0.000
0.000
0.000
0.000
0.000
0.000
0.000
0.000
0.000
0.000
0.000
0.000
0.000
0.000
0.000
0.000
0.000
0.000
0.000
0.000
0.000
0.000
0.000
0.309
1.366
1.373
0.966
0.000
0.000
0.000
0.000
0.000
0.000
0.000
0.000
0.000
0.000
0.000
0.000
0.000
0.000
0.000
0.000
0.000
0.000
0.000
0.000
0.000
0.000
0.000
0.000
0.000
0.000
0.000
0.103
0.223
0.003
0.000
0.000
0.000
0.000
0.000
0.354
3.111
0.000
0.000
0.000
0.000
0.000
0.000
0.000
0.000
0.000
0.000
0.000
0.000
0.000
0.000
0.000
0.000
0.000
0.000
0.000
0.000
0.000
0.000
0.000
0.000
0.000
0.000
0.000
0.000
0.000
0.000
0.000
0.000
0.000
0.000
0.000
0.000
0.000
0.000
0.000
0.000
0.000
0.000
0.000
0.000
0.000
0.000
0.000
0.000
0.000
0.000
0.000
0.000
0.000
0.000
0.000
0.000
0.000
0.000
0.000
0.000
0.000
0.000
0.000
0.000
0.000
0.000
0.000
0.000
0.000
0.000
0.000
0.000
0.000
0.000
0.000
0.000
0.000
0.000
0.000
0.000
0.000
0.000
0.000
0.000
0.003
0.453
0.000
0.000
0.000
0.000
0.000
0.000
0.000
0.000
0.000
0.000
0.000
0.000
0.000
0.000
0.000
0.000
0.156
0.192
0.014
6.000
7.008
2.199
3.768
0.414
35.385
5.417
11.185
26.190
12.085
4.003
11.315
6.822
13.233
52.690
37.836
28.022
5.095
1.147
9.244
3.181
11.106
76.880
8.724
0.328
4.494
6.482
0.393
0.989
0.480
0.201
4.817
8.144
4.569
10.140
61.839
11.312
0.839
10.340
9.932
8.854
6.951
5.061
11.599
8.748
1.576
2.539
1.749
2.144
6.145
0.153
1.672
4.800
1.078
1.356
5.991
2.475
2.980
4.692
1.251
0.158
0.786
0.065
0.113
0.069
0.000
0.783
0.007
0.024
0.003
0.000
0.000
0.000
0.000
3.757
5.817
2.659
3.111
15.233
5.919
8.789
9.330
21.588
11.321
13.591
6.140
2.602
8.314
7.560
13.137
5.066
4.377
17.485
4.470
1.028
0.424
0.003
0.175
0.024
0.101
0.650
0.046
0.000
0.000
0.000
0.000
0.000
0.000
0.000
0.000
0.000
0.000
0.000
0.000
0.000
0.003
0.000
0.000
0.000
0.000
0.000
0.000
0.000
0.000
0.000
0.000
0.000
0.000
0.000
0.000
0.000
0.000
0.000
0.000
0.000
0.000
0.000
0.000
0.000
0.000
0.000
0.000
0.000
0.000
0.000
0.000
0.000
0.000
0.000
0.000
0.000
0.000
0.000
0.000
0.000
0.000
0.000
0.000
0.000
0.000
0.000
0.906
0.127
0.000
0.000
0.000
0.000
0.000
0.000
0.000
0.000
0.000
0.000
0.000
0.000
0.000
0.000
0.000
0.000
0.000
0.000
0.000
0.000
0.000
0.000
0.000
0.000
0.000
0.000
0.000
0.000
0.000
0.000
0.000
0.000
0.000
0.000
0.000
0.000
0.000
0.000
0.000
0.000
0.000
0.000
0.000
0.000
0.000
0.000
0.000
0.000
0.000
0.000
0.000
0.000
0.000
0.000
0.000
0.000
0.000
0.000
0.000
0.000
0.000
0.000
0.000
0.000
0.000
0.000
0.000
0.000
0.000
0.000
0.000
0.000
0.000
0.000
0.000
0.000
0.000
0.000
0.000
0.000
0.000
0.000
0.000
0.000
0.000
0.000
0.000
0.000
0.000
0.000
0.000
0.007
0.000
0.000
0.000
0.000
1.744
23.227
0.093
0.000
0.000
0.632
0.093
0.069
0.007
0.000
0.000
0.000
0.000
0.000
0.000
0.000
0.000
0.000
0.000
0.000
0.000
0.000
0.000
0.000
0.000
0.000
0.000
0.000
0.000
0.000
0.000
0.000
0.000
0.000
0.000
0.000
0.000
0.000
0.079
0.014
0.000
0.000
0.000
0.000
0.000
0.000
0.000
0.000
0.000
0.000
0.000
0.000
0.000
0.000
0.000
0.000
0.000
0.000
0.000
0.000
0.000
0.000
0.000
0.000
0.000
0.000
0.000
0.000
0.000
0.000
0.000
0.000
0.000
0.062
0.106
0.256
0.000
0.000
0.000
0.000
0.000
0.000
0.000
0.014
0.173
0.484
7.986
0.086
0.000
0.000
0.000
0.041
0.003
0.000
0.000
0.000
0.000
0.000
0.000
0.000
0.000
0.000
4.532
0.405
0.000
0.000
0.103
0.000
2.894
6.781
3.292
8.624
0.292
0.494
0.007
0.000
0.261
13.067
8.995
8.725
2.331
0.209
1.372
3.841
4.523
10.280
0.313
0.000
3.701
0.050
0.036
32.996
121.908
12.242
5.342
8.338
1.997
2.711
1.863
1.765
4.199
6.042
7.358
11.723
21.231
4.325
10.180
3.235
8.953
7.462
13.373
34.825
30.515
10.991
28.483
7.086
4.185
6.259
5.754
12.080
16.069
1.322
16.531
7.550
3.019
3.447
3.001
0.062
0.494
0.651
0.695
0.944
0.306
0.385
0.306
14.725
35.204
5.388
2.467
6.468
12.629
10.295
3.842
0.045
0.000
0.922
2.923
2.530
1.080
0.508
1.201
1.440
1.432
8.109
3.811
4.094
8.524
0.498
1.689
3.313
1.430
2.609
1.025
0.206
0.048
0.007
6.561
2.060
0.007
0.000
0.000
0.000
0.000
0.000
0.000
0.000
0.000
0.000
0.000
0.000
0.000
0.000
0.000
0.000
0.000
0.000
0.000
0.000
0.000
0.000
0.000
0.000
0.000
0.000
0.000
0.000
0.000
0.000
0.000
0.000
0.000
0.000
0.000
0.000
0.510
0.000
0.000
0.000
0.000
0.000
0.000
0.000
0.000
0.000
0.000
0.000
0.000
0.000
0.000
0.000
0.000
0.000
0.000
0.000
0.000
0.007
0.031
0.120
0.000
0.000
0.000
0.000
0.000
0.000
0.000
0.000
0.000
0.000
0.000
0.000
0.000
0.000
0.000
0.000
0.000
0.000
0.000
0.000
0.000
0.000
0.000
0.000
0.000
0.000
0.000
0.000
0.000
0.000
0.000
0.000
0.000
0.000
0.000
0.000
0.000
0.000
0.000
0.000
0.000
0.000
0.000
0.000
0.000
0.000
0.000
0.000
0.000
0.000
0.000
0.000
0.000
0.000
0.000
0.000
0.000
0.000
0.000
0.000
0.000
0.000
0.000
0.000
0.000
0.000
0.000
0.000
0.000
0.000
0.000
0.000
0.000
0.000
0.000
0.000
0.000
0.000
0.000
0.000
0.000
0.000
0.000
0.000
0.000
0.000
0.000
0.000
0.000
0.000
0.000
0.000
0.000
0.000
0.000
0.000
0.000
0.000
0.000
0.000
0.000
0.000
0.000
0.000
0.000
0.000
0.000
0.000
0.000
0.000
0.000
0.000
0.000
0.000
0.000
0.000
0.000
0.000
0.000
0.000
0.000
0.000
0.000
0.000
0.000
0.000
0.000
0.000
0.000
0.000
0.000
0.000
0.000
0.000
0.000
0.000
0.000
0.000
0.000
0.000
0.000
0.000
0.000
0.000
0.000
0.000
0.000
0.000
0.000
0.000
0.000
0.000
0.000
0.000
0.000
0.000
0.007
0.003
0.000
0.000
0.000
0.000
0.000
0.000
0.000
0.000
0.000
0.000
0.000
0.000
0.000
0.000
0.000
0.000
0.000
0.000
0.000
0.443
0.000
0.000
0.000
0.000
0.165
0.000
2.324
0.038
0.034
0.003
0.027
0.000
0.000
0.000
0.000
0.179
0.913
15.779
8.549
0.048
0.000
1.555
11.021
7.241
0.436
2.129
3.135
21.828
0.045
0.185
0.237
1.651
37.664
72.226
45.722
6.189
4.093
0.810
132.646
191.947
73.071
9.268
5.067
10.264
0.208
2.575
20.081
9.196
0.592
0.168
0.000
0.158
0.010
0.014
2.939
0.331
1.330
17.046
3.514
0.668
19.556
7.527
5.676
2.700
0.220
9.862
15.820
5.194
19.432
16.476
138.479
53.388
2.444
0.912
2.358
4.003
4.268
4.563
1.718
0.491
6.770
0.622
0.366
0.458
29.685
2.226
0.115
0.045
0.211
6.719
12.451
22.961
5.025
1.941
0.076
3.260
5.196
5.335
0.359
2.765
14.008
22.323
3.394
0.800
0.021
0.000
0.000
1.754
0.400
0.033
0.000
0.254
8.561
12.478
13.111
11.265
17.961
0.256
4.119
1.418
2.499
3.507
2.137
0.000
0.000
0.000
0.000
0.000
0.000
0.000
0.000
0.000
0.000
0.000
0.000
0.000
0.000
0.000
0.000
0.000
0.000
0.000
0.000
0.000
0.000
0.000
0.000
0.000
0.000
0.000
0.000
0.000
0.000
0.000
0.000
0.000
0.000
0.000
0.000
0.000
0.000
0.000
0.000
0.000
0.000
0.000
0.000
0.000
0.000
0.000
0.000
0.000
0.000
0.000
0.000
0.000
0.000
0.000
0.000
0.000
0.000
0.000
0.000
0.000
0.000
0.000
0.000
0.027
0.000
0.000
0.000
0.000
0.000
0.000
0.000
0.000
0.000
0.000
0.127
0.000
0.345
0.000
0.000
0.000
0.000
0.000
0.000
0.000
0.000
0.000
0.000
0.000
0.000
0.000
0.000
0.000
0.000
0.000
0.000
0.000
0.000
0.000
0.000
0.000
0.000
0.000
0.000
0.000
0.000
0.000
0.000
0.000
0.000
0.000
0.000
0.000
0.000
0.000
0.000
0.000
0.000
0.000
0.000
0.000
0.000
0.000
0.000
0.000
0.000
0.000
0.000
0.000
0.000
0.000
0.000
0.000
0.000
0.000
0.000
0.000
0.000
0.000
0.000
0.000
0.000
0.000
0.000
0.000
0.000
0.000
0.000
0.000
0.000
0.000
0.000
0.000
0.000
0.000
0.000
0.000
0.000
0.000
0.000
0.000
0.000
0.000
0.000
0.000
0.000
0.000
0.000
0.000
0.000
0.000
0.000
0.000
0.000
0.000
0.000
0.000
0.000
0.038
0.000
0.000
0.000
0.000
0.000
0.000
0.000
0.000
0.000
0.024
0.328
0.000
0.000
0.000
0.000
0.000
0.000
0.000
0.000
0.000
0.000
0.000
0.000
0.000
0.000
0.000
0.000
0.000
0.000
0.000
0.000
0.000
0.000
0.000
0.000
0.000
0.000
0.000
0.000
0.000
0.000
0.000
0.000
0.000
0.000
0.000
0.000
0.000
0.000
0.000
0.000
0.000
0.000
0.000
0.000
0.000
0.000
0.000
0.000
0.000
0.000
0.000
0.000
0.000
0.000
0.000
0.000
0.000
0.735
0.000
0.000
1.737
4.669
0.000
2.510
51.890
5.122
1.215
2.894
0.683
8.681
0.910
0.354
3.941
1.881
0.415
20.809
5.208
8.367
0.024
1.387
148.195
54.657
31.229
4.484
1.780
16.871
31.316
1.842
2.913
0.872
0.240
0.891
5.040
7.822
3.368
38.926
33.719
1.222
0.524
0.051
0.798
0.216
0.000
0.347
0.144
3.049
0.333
0.000
0.000
0.256
4.675
7.726
25.202
18.715
7.090
13.678
1.227
3.101
7.589
7.388
2.530
3.433
6.109
3.968
6.416
2.606
1.524
20.851
5.902
0.652
1.440
0.597
0.446
0.165
0.922
0.594
0.209
0.010
0.048
0.096
0.721
1.627
7.819
0.657
0.041
0.000
0.000
0.000
0.000
0.000
0.000
10.083
9.874
9.483
9.431
13.925
6.890
8.435
15.772
3.584
1.401
4.594
9.071
2.058
2.388
13.256
16.064
1.226
0.776
0.323
0.378
0.082
0.000
0.055
0.000
0.000
0.000
0.000
0.007
0.055
0.318
0.076
0.010
0.419
0.000
0.000
1.107
0.784
0.000
0.000
0.000
0.000
0.000
0.000
0.000
0.000
0.000
0.000
0.000
0.000
0.000
0.000
0.000
0.000
0.000
0.000
0.000
0.000
0.000
0.000
0.000
0.000
0.000
0.000
0.000
0.000
0.000
0.000
0.000
0.000
0.000
0.000
0.000
0.000
0.000
0.000
4.268
5.826
0.177
0.000
0.000
0.000
0.000
0.000
0.000
0.000
0.000
0.000
3.962
0.000
0.000
0.000
0.000
0.000
0.000
0.000
0.000
0.000
0.000
0.000
0.000
0.000
0.000
0.000
0.000
0.000
0.000
0.000
0.000
0.000
0.003
0.000
0.000
0.000
0.000
0.000
0.000
0.000
0.000
0.000
0.000
0.000
0.000
0.000
0.000
0.000
0.027
0.623
0.000
0.441
0.000
0.000
0.000
0.000
0.000
0.000
0.000
0.000
0.000
0.000
0.000
0.000
0.000
0.000
0.000
0.000
0.000
0.000
0.000
0.000
0.000
0.000
0.000
0.000
0.000
0.000
0.000
0.000
0.000
0.000
0.000
0.000
0.000
0.000
0.000
0.000
0.000
0.000
0.000
0.000
0.000
0.000
0.000
0.000
0.000
0.000
0.000
0.000
0.000
0.000
0.000
0.000
0.000
0.000
0.000
0.000
0.000
0.000
0.000
0.000
0.000
0.000
0.000
0.000
0.000
0.000
0.000
0.000
0.000
0.000
0.000
0.000
0.000
0.000
0.000
0.000
0.000
0.000
0.000
0.000
0.000
0.000
0.000
0.000
0.000
0.003
0.000
0.007
0.000
0.000
0.000
0.000
0.000
0.000
0.000
0.000
0.000
0.000
0.000
0.000
0.000
0.000
0.000
0.000
0.000
0.000
0.000
0.000
0.000
0.000
0.000
0.000
0.000
0.000
0.000
0.000
0.000
0.000
0.000
0.000
0.000
0.000
0.000
0.017
0.000
0.000
0.000
0.982
0.000
0.096
0.000
0.000
0.000
0.000
0.048
0.000
0.000
0.000
0.000
0.000
0.000
0.000
0.000
0.000
0.000
0.000
0.000
0.000
0.000
0.000
0.000
0.000
0.000
0.000
0.000
0.000
0.000
0.000
0.000
0.000
0.000
0.278
0.053
0.010
4.772
0.421
0.112
11.370
114.090
0.003
0.000
0.000
4.626
20.587
15.870
1.214
0.017
0.451
5.397
64.462
1.760
0.244
2.836
7.649
19.678
0.718
9.397
8.119
2.083
1.384
2.141
32.635
84.339
38.964
2.726
0.908
3.950
1.409
1.487
2.674
1.513
1.564
0.933
1.336
0.603
1.613
0.268
1.269
2.781
3.028
0.393
4.350
4.369
17.649
33.575
6.666
0.069
0.851
0.081
0.003
6.818
7.845
7.462
2.424
0.247
0.570
0.046
1.669
10.956
10.449
6.133
1.361
0.414
1.251
5.964
58.691
43.300
7.478
1.473
0.422
0.240
3.423
0.793
0.141
0.000
0.000
0.000
0.000
0.000
0.000
0.000
0.000
0.000
0.000
0.000
0.000
0.000
0.000
0.000
0.000
0.000
0.213
2.784
0.069
0.017
7.601
15.062
9.603
0.144
0.086
0.000
0.000
0.000
0.000
0.000
0.000
0.000
0.000
0.000
0.000
0.000
0.000
0.000
0.000
0.000
0.000
0.000
0.000
0.000
0.000
0.000
0.000
0.000
0.000
0.000
0.000
0.000
0.000
0.000
0.000
0.000
0.000
0.000
1.164
36.188
38.325
1.535
3.584
3.147
19.846
0.346
0.003
0.000
0.000
0.000
0.000
0.000
0.000
0.000
0.000
0.000
0.000
0.000
0.000
0.000
0.000
0.000
0.000
0.000
0.000
0.000
0.000
0.000
0.000
0.000
0.000
0.000
0.000
0.000
0.076
0.752
0.000
0.000
0.261
0.000
0.000
0.000
0.000
0.000
0.000
0.000
0.000
0.021
0.000
0.000
0.000
0.000
0.000
0.000
0.000
0.000
0.000
0.000
0.000
0.000
0.000
2.496
0.000
0.000
0.000
0.000
0.000
0.000
0.000
0.000
0.000
0.000
0.000
0.000
0.000
0.000
0.000
0.000
0.000
0.000
0.000
0.000
0.000
0.000
0.000
0.000
0.000
0.000
0.000
0.000
0.000
1.966
0.010
0.000
0.000
0.000
0.000
0.000
0.000
0.000
0.000
0.000
0.007
0.003
0.000
0.000
0.000
0.000
0.000
0.000
0.000
0.000
0.000
0.000
0.000
0.000
0.000
0.000
0.000
0.000
0.000
0.000
0.000
0.000
0.000
0.000
0.000
0.000
0.000
0.000
0.000
0.000
0.000
0.000
0.000
0.000
0.000
0.000
0.000
0.000
0.000
0.000
0.000
0.000
0.000
0.000
0.000
0.000
0.000
0.000
0.000
0.000
0.000
0.000
0.000
0.000
0.000
0.000
0.000
0.000
0.000
0.000
0.000
0.000
0.000
0.000
0.000
0.000
0.000
0.000
0.000
0.000
0.072
0.192
0.000
0.000
0.000
0.000
0.000
0.000
0.000
0.000
0.000
0.000
0.000
0.000
0.000
0.000
0.000
0.000
0.000
0.000
0.000
0.000
0.000
0.000
0.000
0.000
0.000
0.000
0.000
0.000
0.007
0.213
0.000
0.000
0.000
0.000
0.000
0.000
0.034
0.000
0.000
0.000
0.000
17.746
52.970
1.176
0.000
0.000
0.003
0.223
0.021
0.445
0.697
1.063
0.360
0.383
5.874
23.502
0.994
1.775
1.313
0.403
17.758
3.600
2.432
20.448
18.079
6.357
1.466
0.836
0.112
5.315
7.136
9.943
50.499
4.671
0.723
2.941
0.345
9.663
9.230
1.760
19.020
49.717
0.165
1.353
0.163
3.521
14.994
6.599
4.746
5.543
3.701
4.460
2.716
25.291
41.525
3.402
0.429
2.269
1.535
2.393
7.481
11.038
1.590
1.600
3.928
4.573
1.744
3.718
0.443
2.036
0.330
1.267
1.875
5.394
17.990
7.011
16.038
25.318
15.731
6.609
0.566
2.534
2.534
8.243
25.691
3.316
21.162
39.877
2.280
1.051
0.354
2.513
2.908
1.723
3.801
2.335
0.208
1.380
0.082
0.000
0.000
0.196
0.312
0.941
0.014
0.000
0.000
0.000
0.000
0.000
0.000
0.000
0.000
0.000
0.000
0.000
0.000
0.000
0.000
0.000
0.051
0.000
0.000
0.000
0.000
3.073
0.496
6.101
18.610
2.106
1.576
0.184
0.000
0.000
0.000
0.000
0.000
0.000
0.000
0.000
0.000
0.000
0.000
0.000
0.000
0.000
0.000
0.055
0.321
0.041
1.954
1.600
2.880
3.114
0.330
0.498
0.000
2.105
0.455
0.014
0.000
8.281
1.789
0.900
3.917
0.100
7.536
0.422
0.000
0.000
0.000
0.000
0.000
0.000
0.000
0.000
0.000
0.000
0.000
0.000
0.000
0.000
0.000
0.000
0.000
0.000
0.000
0.000
0.000
0.000
0.000
0.000
0.000
0.000
0.000
0.000
0.000
0.000
0.000
0.000
0.000
0.000
0.000
0.000
0.000
0.000
0.000
0.000
0.000
0.000
0.000
0.000
0.000
0.000
0.000
0.000
0.000
0.000
0.000
0.000
0.000
0.000
0.000
0.000
0.000
0.000
0.000
0.000
0.003
0.000
0.000
0.000
0.000
0.000
0.002
0.000
0.000
0.000
0.000
0.000
0.000
0.000
0.002
0.002
0.000
0.000
0.000
0.000
0.000
0.000
0.000
0.000
0.000
0.000
0.000
0.000
0.000
0.000
0.000
0.000
0.000
0.002
0.000
0.015
0.000
0.000
0.000
0.000
0.000
0.000
0.002
0.000
0.002
0.002
0.000
0.000
0.000
0.000
0.000
0.000
0.000
0.000
0.000
0.002
0.002
0.000
0.002
0.000
0.000
0.000
0.002
0.000
0.000
0.000
0.000
0.000
0.000
0.000
0.000
0.000
0.000
0.000
0.000
0.002
0.000
0.000
0.000
0.000
0.000
0.000
0.000
0.000
0.000
0.002
0.000
0.000
0.000
0.000
0.000
0.000
0.000
0.000
0.000
0.000
0.000
0.000
0.000
0.000
0.000
0.000
0.000
0.000
0.000
0.000
0.000
0.000
0.000
0.072
0.000
0.000
0.000
0.000
0.120
0.000
0.000
0.000
0.072
0.000
0.000
0.000
0.000
0.000
0.000
0.079
2.777
0.659
0.017
2.118
0.000
0.659
2.393
0.144
1.172
1.181
1.356
1.507
6.010
0.316
1.955
1.318
0.031
0.357
13.220
6.305
37.985
32.762
32.195
3.033
37.002
73.238
29.423
1.408
5.507
13.733
10.646
11.234
4.789
14.717
24.513
47.742
37.776
47.900
22.917
8.604
21.413
45.428
19.257
8.612
46.053
7.515
9.603
8.690
12.936
13.496
57.335
27.157
21.842
7.749
14.251
24.318
40.541
11.139
29.859
11.597
8.906
12.895
8.126
24.239
16.081
4.875
33.230
42.910
16.617
16.843
10.622
12.737
44.033
26.319
17.836
2.623
3.613
12.796
21.542
19.902
3.849
18.742
128.791
71.720
15.484
8.274
41.930
35.785
28.247
25.461
52.625
24.479
31.524
41.194
13.489
17.815
4.717
7.347
8.497
14.186
26.853
14.073
3.268
0.546
6.252
6.781
1.449
1.947
2.716
4.580
0.719
4.559
5.885
4.261
2.053
0.632
0.024
0.206
0.014
0.021
0.065
0.711
0.043
0.000
0.000
0.000
0.000
0.000
0.000
0.000
0.000
0.000
0.000
0.000
0.000
0.002
1.342
0.000
0.000
0.000
0.000
0.000
0.000
0.000
0.000
0.000
0.000
0.000
0.002
0.000
0.000
0.000
0.002
0.000
0.000
0.000
0.000
0.000
0.000
0.000
0.000
0.000
0.000
0.000
0.000
0.000
0.000
0.000
0.000
0.000
0.000
0.000
0.000
0.000
0.000
0.000
0.002
0.000
0.000
0.000
0.000
0.000
0.000
0.000
0.000
0.000
0.000
0.000
0.000
0.000
0.002
0.000
0.000
0.000
0.000
0.000
0.000
0.000
0.000
0.000
0.000
0.000
0.000
0.000
0.000
0.000
0.000
0.000
0.000
0.000
0.000
0.000
0.000
0.000
0.000
0.000
0.000
0.000
0.000
0.000
0.003
0.000
0.000
0.000
0.000
0.000
0.000
0.002
0.000
0.000
0.002
0.000
0.000
0.000
0.000
0.000
0.000
0.000
0.000
0.003
0.000
0.000
0.000
0.000
0.000
0.000
0.000
0.000
0.000
0.000
0.000
0.000
0.000
0.000
0.000
0.000
0.000
0.000
0.002
0.000
0.000
0.000
0.000
0.000
0.000
0.000
0.000
0.000
0.000
0.000
0.000
0.002
0.000
0.000
0.000
0.000
0.000
0.000
0.000
0.000
0.000
0.000
0.000
0.000
0.000
0.000
0.000
0.000
0.002
0.000
0.000
0.000
0.000
0.000
0.000
0.000
0.000
0.000
0.000
0.000
0.000
0.000
0.000
0.000
0.000
0.000
0.000
0.000
0.000
0.000
0.000
0.000
0.000
0.000
0.000
0.000
0.000
0.000
0.000
0.000
0.000
0.639
3.435
0.161
0.000
0.000
0.000
0.000
0.000
0.000
0.000
0.000
0.000
0.000
0.000
0.000
0.000
0.038
0.185
0.024
2.711
0.240
0.367
0.038
0.000
0.000
0.000
0.000
0.000
0.000
0.000
0.000
0.048
0.000
0.000
0.000
0.000
0.000
0.000
0.000
0.000
0.000
0.000
0.000
0.000
0.000
0.000
0.000
0.000
0.000
0.402
0.010
3.193
1.504
0.409
1.488
23.415
18.759
0.000
10.567
0.003
0.000
0.958
1.902
0.007
0.000
0.000
0.113
1.746
0.000
0.000
0.110
3.905
0.045
18.866
3.152
12.298
52.714
36.329
51.864
11.712
21.338
10.571
58.688
20.287
20.211
14.629
17.489
1.665
12.164
12.073
79.732
21.791
2.455
0.889
12.401
11.769
56.068
15.429
21.957
23.888
43.362
51.866
17.327
26.240
11.234
14.749
24.026
11.779
7.975
11.204
6.903
36.312
5.723
8.320
75.795
62.296
98.903
14.207
44.148
8.451
5.510
3.746
10.361
26.000
68.785
7.835
2.798
4.873
3.093
10.610
11.076
10.228
5.306
11.778
23.298
27.730
27.704
26.954
26.951
39.781
61.072
19.135
13.599
12.253
8.593
76.485
5.768
6.444
16.205
10.015
0.498
0.426
1.933
0.333
2.427
9.117
6.741
10.986
8.006
7.642
2.390
0.096
0.000
0.000
0.000
0.000
0.316
0.021
0.010
9.913
0.076
0.000
0.000
0.000
0.000
0.000
0.000
0.000
0.000
0.000
0.000
0.000
0.000
0.000
0.000
0.000
0.000
0.000
0.002
0.000
0.000
0.000
0.000
0.000
0.002
0.000
0.000
0.000
0.000
0.000
0.000
0.000
0.000
0.000
0.000
0.002
0.000
0.000
0.000
0.000
0.000
0.002
0.000
0.000
0.000
0.000
0.000
0.002
0.000
0.000
0.000
0.000
0.000
0.000
0.000
0.000
0.000
0.000
0.003
0.000
0.000
0.000
0.000
0.000
0.000
0.000
0.000
0.000
0.002
0.000
0.000
0.000
0.000
0.000
0.000
0.000
0.000
0.000
0.000
0.000
0.000
0.002
0.000
0.000
0.000
0.000
0.000
0.000
0.000
0.000
0.000
0.000
0.000
0.000
0.000
0.000
0.000
0.000
0.000
0.000
0.000
0.000
0.000
0.000
0.000
0.000
0.000
0.000
0.002
0.086
0.003
0.002
0.000
0.000
0.000
0.000
0.000
0.000
0.000
0.000
0.000
0.010
0.017
0.000
0.000
0.000
0.000
0.000
0.000
0.271
0.000
0.003
0.082
0.007
0.000
0.000
0.000
0.000
0.000
0.000
0.000
0.003
0.000
0.000
0.000
0.000
0.000
0.000
0.000
0.000
0.000
0.000
0.000
0.000
0.000
0.000
0.000
0.002
0.002
0.000
0.003
0.639
0.024
0.000
0.000
0.000
0.000
0.000
0.002
0.000
0.000
0.000
0.000
0.522
0.000
0.000
0.000
0.000
0.000
0.000
0.000
0.000
0.000
0.000
0.000
0.000
0.000
0.000
0.000
0.003
0.000
0.000
0.000
0.000
0.000
0.175
0.271
0.048
0.000
0.000
0.000
0.000
0.000
0.000
0.000
0.000
0.000
0.003
0.000
0.000
0.000
0.000
0.000
0.000
0.000
0.000
0.000
0.000
0.000
0.000
0.000
0.000
0.000
0.000
0.000
0.000
0.000
0.000
0.000
0.000
0.002
0.000
0.000
0.000
0.385
0.000
0.003
0.000
0.000
0.103
2.682
1.090
1.298
28.451
6.652
0.208
72.815
4.554
14.850
11.336
0.227
5.200
4.010
17.212
21.352
1.303
5.570
1.471
1.910
8.909
12.868
1.524
5.744
18.296
20.230
2.506
5.375
0.747
18.498
39.503
46.100
42.018
3.684
33.374
10.452
13.273
12.061
13.551
43.540
200.482
22.905
16.117
13.548
11.869
38.826
6.642
17.269
22.917
11.953
19.458
25.839
51.340
44.630
61.534
19.765
22.261
35.192
9.524
41.638
76.959
34.176
9.136
2.180
7.265
16.802
26.264
9.177
31.843
29.321
14.753
19.113
21.056
35.421
6.743
5.922
9.689
5.812
4.381
17.360
15.973
15.250
61.163
23.094
5.558
0.419
0.185
6.321
2.788
4.020
5.150
0.318
4.152
6.187
4.649
1.487
2.314
1.593
3.342
0.021
0.002
1.892
0.144
0.742
0.000
0.000
5.133
0.086
1.936
0.003
0.000
30.748
54.798
120.146
7.629
1.765
0.278
0.007
0.354
7.412
9.483
10.743
17.008
9.218
4.116
0.489
4.834
10.547
12.483
12.346
9.349
11.443
1.517
3.698
8.295
0.069
0.003
0.000
0.000
0.000
0.000
0.000
0.000
0.000
0.000
1.696
0.117
0.000
0.002
0.000
0.000
0.000
0.000
0.000
0.000
0.000
0.000
0.000
0.000
0.000
0.010
0.000
0.001
0.000
0.000
0.000
0.000
0.000
0.000
0.000
0.000
0.000
0.000
0.000
0.000
0.000
0.000
0.000
0.000
0.000
0.000
0.000
0.000
0.002
0.000
0.000
0.000
0.000
0.000
0.002
0.000
0.000
0.000
0.000
0.000
0.003
0.002
0.000
0.000
0.002
0.000
0.000
0.000
0.000
0.000
0.000
0.000
0.000
0.002
0.000
0.000
0.021
0.003
0.000
0.000
0.000
0.000
0.130
0.000
0.000
0.000
0.000
0.000
0.000
0.000
0.000
0.000
0.000
0.000
0.000
0.000
0.000
0.000
0.024
0.000
0.000
0.002
0.000
0.000
0.000
0.000
0.000
0.000
0.000
0.000
0.000
0.000
0.000
0.000
0.000
0.000
0.000
0.000
0.000
0.000
0.000
0.000
0.000
0.038
0.000
0.000
0.000
0.000
0.000
0.000
0.000
0.000
0.704
2.268
0.010
0.003
0.000
0.002
0.000
0.000
0.184
0.093
0.000
0.000
0.446
0.034
0.051
0.038
0.000
0.000
0.000
0.000
0.000
0.000
0.000
0.000
0.000
0.000
0.002
0.000
0.000
0.000
0.000
0.000
0.000
0.000
0.000
0.000
0.000
0.000
0.000
0.003
0.002
0.000
0.000
0.000
0.000
0.000
0.000
0.000
0.000
0.000
0.000
0.000
0.000
0.000
0.124
0.000
0.000
0.000
0.000
0.000
0.000
0.000
0.000
0.000
0.000
0.000
0.003
0.000
0.000
0.000
0.103
0.014
0.000
0.002
0.000
0.000
0.000
0.000
0.000
0.000
0.000
0.000
0.000
0.000
0.000
0.000
0.000
0.000
0.000
0.000
0.000
0.000
0.000
0.371
0.000
0.000
0.000
0.002
0.000
0.003
0.000
0.000
0.050
0.000
0.601
0.000
0.031
1.298
0.227
0.000
0.917
1.040
0.000
1.658
0.230
0.518
0.144
0.000
0.017
0.007
0.069
0.031
0.103
0.110
0.000
0.002
0.000
0.000
0.000
0.120
0.019
0.046
0.247
3.004
0.069
0.278
1.923
0.742
0.034
1.196
33.460
25.018
48.941
24.654
92.124
26.700
44.642
0.089
9.922
115.202
20.431
16.898
12.408
6.054
16.649
10.695
8.329
1.785
