20000101
0.000
0.000
0.000
0.000
0.000
0.000
0.000
0.000
0.000
0.000
0.000
0.000
0.000
0.000
0.000
0.000
0.000
0.000
0.000
0.000
0.000
0.000
0.000
0.000
0.000
0.000
0.000
0.000
0.000
0.000
0.000
0.000
0.000
0.089
0.000
0.000
0.000
0.000
0.000
0.000
0.000
0.000
0.000
0.000
0.000
0.000
0.000
0.000
0.000
0.000
0.000
0.000
0.000
0.000
0.000
0.000
0.000
0.000
0.000
0.000
0.000
0.000
0.000
0.000
0.000
0.000
0.000
0.000
0.000
0.000
0.000
0.000
0.000
0.000
0.000
0.000
0.000
0.000
0.000
0.000
0.000
0.000
0.000
0.000
0.000
0.000
0.000
0.000
0.000
0.000
0.000
0.000
0.000
0.000
0.000
0.000
0.000
0.000
0.000
0.000
0.000
0.000
0.000
0.000
0.000
0.000
0.000
0.000
0.000
0.000
0.000
0.000
0.021
0.000
0.000
0.000
0.000
0.000
0.000
0.000
0.000
0.000
0.000
0.000
0.000
0.000
0.000
0.000
0.014
0.000
0.003
0.034
0.000
0.000
0.000
0.137
0.010
3.258
1.802
6.351
2.781
0.275
0.082
0.000
0.000
0.000
0.000
0.000
0.041
2.527
0.618
2.283
0.299
0.360
0.062
0.007
0.000
0.000
0.088
0.134
0.031
0.038
0.000
0.000
1.119
2.362
0.821
0.103
0.000
0.000
0.124
0.120
2.925
0.014
0.093
1.174
0.031
0.000
0.000
0.125
1.830
0.409
8.811
24.386
4.544
6.290
0.428
3.813
13.130
11.803
19.668
4.951
10.456
77.833
2.945
16.563
6.221
0.783
4.599
12.582
1.279
5.818
8.714
0.391
0.084
0.130
0.000
0.000
0.080
0.285
2.487
1.231
0.120
0.191
0.000
0.072
0.000
0.000
0.007
0.000
0.000
0.055
0.000
3.035
15.747
2.779
5.311
32.623
3.103
0.911
1.568
4.678
2.323
1.969
5.588
17.261
5.103
7.144
8.583
5.277
3.438
5.380
0.908
1.057
1.466
2.517
0.742
0.694
12.674
9.078
1.118
1.923
0.000
0.000
0.000
0.014
0.000
0.000
0.000
0.000
0.000
0.000
0.000
0.000
0.000
0.000
0.000
0.158
0.010
0.000
0.000
0.000
0.000
0.000
0.000
0.000
0.000
0.000
0.000
0.000
0.000
0.000
0.000
0.000
0.071
0.003
0.000
0.000
0.000
0.000
0.000
0.000
0.000
0.000
0.000
0.000
0.000
0.000
0.000
0.000
0.000
0.000
0.000
0.000
0.000
0.000
0.000
0.000
0.000
0.000
0.000
0.000
0.000
0.000
0.000
0.000
0.000
0.000
0.000
0.000
0.000
0.000
0.000
0.000
0.000
0.000
0.000
0.000
0.000
0.000
0.000
0.000
0.000
0.000
0.000
0.000
0.000
0.000
0.000
0.000
0.000
0.000
0.000
0.000
0.000
0.000
0.000
0.000
0.000
0.000
0.000
0.000
0.000
0.000
0.000
0.000
0.000
0.000
0.000
0.000
0.000
0.000
0.000
0.000
0.000
8.133
0.000
0.000
0.000
0.000
0.000
0.000
0.000
0.000
0.000
0.000
0.000
0.000
0.000
0.000
0.000
0.000
0.000
0.000
0.000
0.000
0.000
0.000
0.000
0.000
0.000
0.000
0.000
0.000
0.000
0.000
0.000
0.000
0.000
0.000
0.000
0.000
0.000
0.000
0.000
0.000
0.000
0.000
0.000
0.000
0.000
0.000
0.000
0.000
0.000
0.000
0.000
0.000
0.000
0.000
0.000
0.000
0.000
0.000
0.000
0.000
0.000
0.000
0.000
0.000
0.000
0.000
0.000
0.000
0.000
0.000
0.000
0.000
0.000
0.000
0.000
0.000
0.000
0.000
0.000
0.000
0.000
0.000
0.000
0.000
0.000
0.000
0.000
0.000
0.000
0.000
0.000
0.000
0.000
0.000
0.000
0.000
0.000
0.000
0.000
0.000
0.000
0.000
0.000
0.000
0.000
0.000
0.000
0.000
0.000
0.000
0.000
0.000
0.000
0.000
0.000
0.000
0.000
0.000
0.000
0.000
0.000
0.000
0.000
0.000
0.000
0.000
0.000
0.000
0.000
0.000
0.000
0.000
0.000
0.000
0.000
0.000
0.000
0.212
1.851
0.045
1.488
0.148
0.000
0.000
0.632
0.103
0.003
0.000
0.000
0.003
3.315
10.113
0.014
0.110
10.180
1.032
2.693
12.143
7.620
4.757
0.489
0.034
0.058
4.194
1.314
8.823
48.010
3.823
3.442
210.883
82.142
0.034
0.000
0.000
0.173
1.436
0.353
0.241
0.455
1.614
1.631
4.321
12.003
12.696
10.732
2.110
0.302
3.255
9.318
5.452
6.947
0.848
0.838
2.493
3.550
3.440
4.398
3.967
3.239
4.144
11.810
49.528
2.839
27.267
3.893
4.312
2.257
1.878
0.652
0.807
1.195
5.098
0.024
1.701
0.363
5.432
13.160
0.772
10.991
4.978
7.916
10.583
9.409
7.577
2.217
2.570
1.085
16.967
5.921
2.783
0.036
0.000
0.726
0.307
0.526
0.946
7.785
0.194
0.191
0.133
0.189
0.323
0.000
2.918
2.585
0.127
0.153
0.769
0.010
1.094
0.000
0.000
0.000
1.172
0.105
0.000
0.027
0.560
0.924
4.719
0.397
0.027
0.000
0.000
0.000
0.000
0.000
0.003
0.118
0.000
0.000
0.000
0.000
0.000
0.908
9.359
15.934
7.213
0.367
0.000
0.000
4.259
5.129
5.061
2.350
0.050
1.800
0.134
0.000
0.000
0.000
0.000
0.000
0.000
0.000
0.000
0.000
0.000
0.000
0.000
0.000
0.000
0.000
0.000
0.000
0.000
0.000
0.000
0.000
0.000
0.000
0.000
0.000
0.000
0.000
0.000
0.000
0.000
0.000
0.000
0.000
0.000
0.000
0.000
0.000
0.000
0.000
0.000
0.000
0.000
0.000
0.000
0.000
0.000
0.000
0.000
0.000
0.000
0.000
0.000
0.000
0.000
0.000
0.000
0.000
0.000
0.000
0.000
0.000
0.000
0.000
0.000
0.000
0.000
0.000
0.000
0.000
0.000
0.000
0.000
0.000
0.000
0.000
0.000
0.000
0.000
0.000
0.000
0.000
0.000
0.185
0.000
0.000
0.000
0.000
0.000
0.000
0.000
0.000
0.000
0.000
0.000
0.000
0.000
0.000
0.000
0.000
0.000
0.000
0.000
0.000
0.000
0.000
0.000
0.000
0.000
0.000
0.000
0.000
0.000
0.000
0.000
0.000
0.000
0.000
0.822
0.184
0.000
0.000
0.000
0.000
0.000
0.000
0.000
0.000
0.000
0.000
0.000
0.000
0.000
0.000
0.000
0.000
0.000
0.000
0.000
0.000
0.000
0.000
0.000
0.000
0.000
0.000
0.000
0.000
0.000
0.000
1.681
0.053
0.000
0.000
0.000
0.000
0.000
0.000
0.000
0.000
0.000
0.000
0.000
0.000
0.000
0.000
0.000
0.000
0.000
0.000
0.000
0.000
0.000
0.038
2.022
0.017
0.000
0.000
0.000
0.000
0.000
0.000
0.000
0.000
0.000
0.000
0.000
0.000
0.000
0.000
0.000
0.000
0.000
0.000
0.000
0.000
0.000
0.000
0.000
0.000
0.000
0.000
0.000
0.000
0.000
0.000
0.000
0.000
0.000
0.000
0.000
0.000
0.000
0.000
0.000
0.000
0.000
0.000
0.000
0.000
0.000
0.000
0.000
0.000
0.000
0.000
0.858
0.065
0.000
0.000
0.000
0.065
0.350
0.048
0.000
0.000
0.000
0.000
0.000
0.017
1.854
1.126
4.570
0.869
1.164
0.591
0.076
6.688
1.212
4.254
18.836
0.577
0.000
0.494
8.703
23.284
13.867
9.486
1.099
0.051
0.000
0.024
0.127
0.065
0.081
0.955
0.137
0.000
0.048
0.402
0.058
1.990
0.081
0.443
2.244
0.364
41.106
33.242
34.761
0.858
1.802
0.655
0.992
1.760
2.853
1.713
0.031
0.494
0.000
0.096
0.870
4.207
1.239
2.798
2.578
4.570
9.253
10.444
8.269
6.872
1.574
1.813
4.395
3.101
0.942
52.630
36.751
12.140
4.707
0.398
0.227
0.081
18.076
24.728
42.157
2.180
0.086
1.888
1.885
24.984
14.365
12.161
4.410
8.805
9.028
7.693
0.403
0.010
0.000
0.000
0.000
0.014
0.000
0.000
0.000
0.000
0.000
0.000
2.311
0.000
0.000
0.000
0.000
0.342
0.141
1.138
2.536
3.337
0.237
0.000
0.000
0.000
0.000
0.000
0.000
0.000
0.000
0.000
0.000
0.000
0.000
0.000
0.000
0.000
0.000
0.000
0.000
0.000
0.000
0.000
0.000
0.000
0.000
0.000
0.000
0.000
0.000
0.000
0.000
0.000
0.000
0.000
0.000
0.000
0.000
0.000
0.000
5.064
0.597
0.000
0.000
0.000
0.924
0.196
0.000
0.000
0.000
0.000
0.000
0.000
0.000
0.000
0.000
0.000
0.000
0.000
0.000
0.000
0.000
0.000
0.000
0.000
0.000
0.000
0.000
0.000
0.000
0.000
0.000
0.000
0.000
0.000
0.000
0.000
0.000
0.000
0.000
0.000
0.000
0.000
0.000
0.000
0.000
0.000
0.000
0.000
0.000
0.000
0.000
0.000
0.000
0.000
0.360
0.000
0.000
0.000
0.000
0.000
0.000
0.000
0.000
0.000
0.031
0.000
0.000
0.000
0.000
0.000
0.000
0.000
0.000
0.000
0.000
0.000
0.000
0.000
0.000
0.000
0.000
0.000
0.000
0.000
0.000
0.000
0.038
0.000
0.488
0.082
0.021
0.000
0.000
0.000
0.000
0.000
0.000
0.000
0.000
0.000
0.000
0.000
0.000
1.545
0.656
0.000
0.000
0.000
0.000
0.000
0.000
0.000
0.000
0.000
0.000
0.000
0.000
0.000
0.000
0.000
0.000
0.000
0.000
0.000
0.000
0.000
0.000
0.000
0.000
0.000
0.000
0.000
0.000
0.000
0.000
0.000
0.000
0.000
0.000
0.000
0.000
0.000
0.000
0.000
0.000
0.000
0.000
0.000
0.000
0.000
0.000
0.093
0.003
0.000
0.000
0.000
0.000
0.000
0.000
0.000
0.000
0.000
0.000
0.000
0.000
0.000
0.000
0.000
0.000
0.000
0.000
0.000
0.000
0.000
0.000
0.000
0.000
0.000
0.000
0.000
0.000
0.000
0.000
0.000
0.000
0.000
0.000
0.000
0.000
0.000
0.000
0.000
0.000
0.000
0.000
0.000
0.000
0.000
0.000
0.000
0.000
0.000
0.000
0.000
0.000
0.000
0.000
0.000
0.000
0.000
0.000
0.000
0.000
0.000
0.000
0.000
0.000
0.000
0.000
0.268
2.753
12.469
6.599
3.086
9.012
5.013
4.810
5.476
1.281
0.189
16.133
1.710
1.914
3.577
2.187
0.302
1.284
7.891
13.790
16.815
18.757
9.334
4.316
1.390
3.459
0.431
2.568
2.997
0.359
6.494
5.091
4.631
1.735
2.958
3.164
1.224
1.706
4.380
3.876
2.113
4.441
3.150
22.706
4.046
0.745
0.577
0.064
1.037
4.201
6.283
8.799
4.158
3.639
3.619
5.462
13.026
1.730
1.006
1.926
0.669
1.754
0.167
14.018
0.000
0.086
2.898
0.120
3.818
3.413
15.233
60.250
6.053
4.051
2.081
6.954
7.290
14.737
5.538
1.602
2.419
3.577
2.019
0.771
0.378
0.218
0.022
0.197
3.986
0.541
0.003
0.076
0.110
2.123
0.312
1.722
2.786
1.203
1.491
7.957
2.534
1.794
0.141
2.158
0.300
0.000
2.795
9.721
2.338
0.158
0.000
0.000
0.000
0.000
0.000
0.113
0.007
0.000
0.000
0.000
0.000
0.000
0.000
0.000
0.000
0.000
0.000
0.000
0.000
0.000
0.000
0.000
0.000
0.000
0.000
0.000
0.000
0.000
0.000
0.000
0.000
0.000
0.000
0.000
0.000
0.000
0.000
0.000
0.000
0.000
0.000
0.000
0.000
0.000
0.000
0.000
0.000
0.000
0.000
0.000
0.000
0.000
0.000
0.000
0.000
0.000
0.000
0.000
0.000
0.000
0.000
0.000
0.000
0.000
0.000
0.000
0.000
0.000
0.000
0.000
0.000
0.000
0.000
0.000
0.000
0.000
0.000
0.000
0.000
0.000
0.000
0.000
0.000
0.000
0.000
0.000
0.000
0.000
0.000
0.000
0.000
0.000
0.000
0.000
0.000
0.000
0.034
0.014
0.000
0.000
0.000
0.000
0.000
0.000
0.000
0.000
0.000
0.000
0.000
0.000
0.000
0.136
0.000
0.000
0.000
0.000
0.000
0.000
0.000
0.000
0.000
0.000
0.000
0.000
0.000
0.000
0.000
0.000
0.000
0.000
0.000
0.000
0.000
0.000
0.000
0.000
0.000
0.000
0.000
0.000
0.000
0.000
0.000
0.000
0.000
0.000
0.000
0.000
0.000
0.000
0.000
0.000
0.000
0.000
0.000
0.000
0.000
0.000
0.000
0.000
0.000
0.000
0.000
0.000
0.000
0.000
0.000
0.000
0.000
0.000
0.000
0.000
0.000
0.000
0.000
0.000
0.000
0.000
0.000
0.000
0.000
0.000
0.000
0.000
0.000
0.000
0.000
0.000
0.000
0.000
0.000
0.000
0.000
0.000
0.000
0.000
0.000
0.000
0.000
0.000
0.000
0.000
0.000
0.000
0.000
0.000
0.000
0.000
0.000
0.000
0.000
0.000
0.000
0.000
0.000
0.000
0.000
0.000
0.000
0.285
0.000
0.165
1.584
1.023
0.103
2.245
0.168
0.000
0.199
0.000
0.000
0.000
0.000
0.000
0.000
0.000
0.000
0.000
0.000
0.000
0.000
0.000
0.000
0.000
0.000
0.000
0.000
0.000
0.254
0.034
2.596
12.373
5.292
0.484
2.031
3.608
3.571
19.449
17.791
2.523
9.311
0.388
0.518
0.024
0.402
0.127
0.187
2.197
1.469
3.056
0.010
1.459
0.429
4.971
11.743
46.353
10.331
1.475
3.753
7.047
3.928
2.026
3.457
0.232
2.022
0.058
0.000
0.000
7.718
8.937
4.666
0.608
4.011
2.093
0.367
1.789
0.065
3.684
0.520
0.216
0.150
0.903
10.913
3.879
12.808
3.337
5.685
5.249
0.773
5.950
6.376
5.050
3.136
10.998
12.485
12.377
34.644
7.861
8.175
79.998
7.236
4.456
2.681
2.365
5.291
2.843
11.329
10.363
0.472
0.003
0.139
0.010
0.031
0.506
1.068
1.935
1.749
1.895
1.150
1.401
0.079
0.000
0.000
0.027
0.010
0.865
0.127
0.058
3.694
0.252
1.394
3.053
0.843
2.348
1.168
8.760
1.784
1.298
0.898
15.129
50.649
0.000
0.000
0.366
0.132
2.887
8.834
9.285
3.917
15.213
11.673
0.455
0.048
0.106
0.000
2.099
0.014
0.000
0.000
0.000
0.000
0.000
0.000
0.000
0.000
0.000
0.000
0.000
0.000
0.000
0.000
0.000
0.000
0.000
0.000
0.000
0.000
0.000
0.000
0.000
0.000
0.000
0.000
0.000
0.000
0.000
2.111
1.157
0.000
0.000
0.000
0.000
0.000
0.000
0.000
0.000
0.000
0.000
0.000
0.000
0.000
0.000
0.000
0.000
0.000
0.000
0.000
0.000
0.000
0.000
0.000
0.000
0.000
0.000
0.000
0.000
0.000
0.000
0.000
0.000
0.000
0.000
0.000
0.000
0.000
0.000
0.000
0.000
0.000
0.000
0.000
0.000
0.000
0.000
0.000
0.000
0.000
0.000
0.000
0.000
0.000
0.000
0.000
0.000
0.000
0.000
0.000
0.000
0.000
0.000
0.000
0.000
0.000
0.000
0.000
0.000
0.000
0.000
0.000
0.000
0.000
0.000
0.000
0.000
0.017
0.357
0.615
1.414
0.000
0.000
0.000
0.000
0.000
0.000
0.000
0.000
0.000
0.000
0.000
0.000
0.000
0.000
0.000
0.000
0.000
0.000
0.000
0.000
0.000
0.000
0.000
0.000
0.000
0.000
0.000
0.000
0.041
0.003
0.000
0.000
0.000
0.000
0.000
1.097
0.000
0.000
0.000
0.000
0.000
0.000
0.000
0.000
0.000
0.000
0.000
0.000
0.000
0.000
0.000
0.000
0.000
0.000
0.000
0.000
0.000
0.000
0.000
0.000
0.000
0.000
0.000
0.000
0.000
0.000
0.000
0.000
0.000
0.000
0.000
0.000
0.000
0.000
0.000
0.000
0.000
0.000
0.000
0.000
0.000
0.000
0.000
0.000
0.000
0.000
0.000
0.000
0.148
0.000
0.000
0.000
0.000
0.000
0.000
0.000
0.000
0.000
0.000
0.000
0.000
0.000
0.000
0.000
0.000
0.000
0.000
0.000
0.000
0.000
0.000
0.000
0.000
0.000
0.000
0.000
0.000
0.000
0.000
0.000
0.000
0.000
0.000
0.000
0.000
0.000
0.000
0.000
0.000
0.000
0.000
0.039
0.003
0.124
0.000
0.017
0.003
0.031
0.007
0.446
0.000
0.000
0.021
0.132
7.174
6.145
0.297
34.681
1.872
12.463
8.171
3.172
19.473
11.224
4.268
0.832
15.673
18.418
18.225
0.031
0.326
12.026
2.487
5.565
118.621
6.676
2.054
0.839
2.405
0.596
0.007
0.021
0.093
0.412
5.780
2.109
13.549
144.491
25.237
2.814
7.841
9.215
9.587
2.721
4.535
6.800
8.427
1.945
2.218
0.712
6.454
17.286
1.663
0.772
1.919
1.531
3.765
5.071
2.554
3.625
7.388
0.470
0.415
0.486
0.051
0.824
1.301
0.700
3.289
0.014
1.075
0.130
0.000
0.000
0.000
0.000
0.236
6.997
9.628
3.965
12.645
8.656
6.036
3.457
10.236
4.686
11.139
4.550
5.194
7.406
9.857
9.234
10.533
5.366
16.149
4.789
0.022
0.707
2.650
0.112
0.223
0.007
0.292
0.764
0.501
0.000
0.000
0.000
0.000
0.000
0.000
0.000
0.000
0.000
0.000
0.000
0.000
0.000
0.000
0.000
0.000
0.000
0.000
0.000
0.000
0.000
0.000
0.000
0.000
0.000
0.000
0.000
0.000
0.000
0.000
0.000
0.000
0.000
0.000
0.000
0.000
0.000
0.000
0.000
0.000
0.000
0.000
0.000
0.000
0.000
0.000
0.000
0.000
0.000
0.000
0.000
0.000
0.000
0.000
0.000
0.000
0.000
0.000
0.000
0.000
0.000
0.000
0.000
0.000
0.000
0.000
0.000
0.000
0.000
0.000
0.000
0.000
0.000
0.000
0.000
0.000
0.000
0.000
0.000
0.000
0.000
0.000
0.000
0.000
0.000
0.000
0.000
0.000
0.000
0.000
0.000
0.000
0.000
0.000
0.000
0.000
0.000
0.000
0.000
0.000
0.000
0.000
0.000
0.000
0.000
0.000
0.000
0.000
0.000
0.000
0.000
0.000
0.000
0.000
0.000
0.000
0.000
0.000
0.000
0.000
0.000
0.000
0.000
0.000
0.000
0.000
0.000
0.000
0.000
0.000
0.000
0.000
0.000
0.000
0.000
0.000
0.000
0.000
0.000
0.000
0.000
0.000
0.000
0.000
0.000
0.000
0.000
0.000
0.000
0.000
0.000
0.000
0.000
0.000
0.000
0.000
5.589
6.242
1.174
0.000
0.000
0.021
0.003
0.000
0.000
0.000
0.000
0.000
0.000
0.000
0.000
0.000
0.000
0.000
0.000
0.000
0.000
0.000
0.000
0.000
0.000
0.000
0.000
0.000
0.000
0.000
0.000
0.000
0.000
0.000
0.000
0.000
0.000
0.000
0.000
0.000
0.000
0.000
0.000
0.000
0.000
0.000
0.000
0.000
0.000
0.000
0.000
0.000
0.000
0.000
0.000
0.000
0.000
0.000
0.000
0.000
0.000
0.000
0.000
0.000
0.000
0.000
0.000
0.000
0.000
0.000
0.000
0.000
0.000
2.918
1.483
3.440
0.000
0.000
0.000
0.000
0.000
0.000
0.000
0.000
1.711
4.058
1.167
0.165
0.000
0.000
0.000
0.000
0.000
0.000
0.000
0.000
8.569
0.000
0.000
0.000
0.000
0.189
2.592
0.563
0.233
0.218
0.000
0.000
2.245
12.820
3.183
5.572
3.656
1.208
1.741
0.062
0.000
3.457
9.489
6.142
3.068
1.936
2.470
5.067
7.544
4.619
0.924
0.117
2.005
2.039
5.386
42.721
88.331
3.958
4.801
4.062
1.863
1.001
4.667
5.212
3.412
5.688
6.873
12.062
14.255
21.913
6.575
2.596
11.541
15.877
18.420
64.289
25.294
13.178
28.258
67.994
10.118
4.995
4.166
6.424
14.293
0.984
15.410
11.833
3.155
6.213
6.768
1.969
0.326
0.790
3.061
0.409
0.683
0.778
0.232
5.417
16.447
6.339
11.393
3.704
12.349
12.166
3.423
0.000
0.000
1.463
5.284
2.846
0.657
2.554
1.651
3.725
6.539
9.290
3.993
1.179
3.201
5.187
6.489
2.323
4.139
2.082
2.034
2.008
0.536
0.043
4.836
4.280
4.329
0.000
0.000
0.000
0.000
0.000
0.000
0.000
0.000
0.000
0.000
0.000
0.000
0.000
0.000
0.000
0.000
0.091
0.014
0.000
0.000
0.000
0.000
0.000
0.000
0.000
0.000
0.172
0.014
0.000
0.000
0.000
0.000
0.000
0.000
1.603
0.532
0.000
0.000
0.000
0.000
0.000
0.000
0.000
0.000
0.000
0.000
0.000
0.000
0.000
0.000
0.000
0.000
0.000
0.000
0.000
0.000
0.000
0.000
0.010
0.000
0.000
0.000
0.000
0.000
0.000
0.000
0.000
0.000
0.000
0.000
0.000
0.000
0.000
0.000
0.000
0.000
0.000
0.000
0.000
0.000
0.000
0.000
0.000
0.000
0.000
0.000
0.000
0.000
0.000
0.000
0.000
0.000
0.000
0.000
0.000
0.000
0.000
0.000
0.000
0.000
0.000
0.000
0.000
0.000
0.000
0.000
0.000
0.000
0.000
0.000
0.000
0.000
0.000
0.000
0.000
0.000
0.000
0.000
0.010
0.000
0.000
0.000
0.000
0.000
0.000
0.000
0.000
0.000
0.000
4.331
0.000
0.000
0.000
0.498
0.000
0.000
0.000
0.000
0.000
0.000
0.000
0.000
0.000
0.000
0.000
0.000
0.000
0.000
0.000
0.000
0.000
0.000
0.000
0.000
0.000
0.000
0.000
0.000
0.000
0.000
0.000
0.000
0.000
0.000
0.000
0.000
0.000
0.000
0.000
0.000
0.000
0.000
0.000
0.000
0.000
0.000
0.000
0.000
0.000
0.000
0.000
0.000
0.000
0.000
0.000
0.000
0.000
0.000
0.000
0.000
0.000
0.000
0.000
0.000
0.000
0.000
0.000
0.000
0.000
0.000
0.000
0.000
0.000
0.000
0.000
0.000
0.000
0.000
0.000
0.000
0.000
0.000
0.000
0.000
0.000
0.000
0.000
0.000
0.000
0.000
0.000
0.000
0.000
0.000
0.000
0.000
0.000
0.000
0.000
0.000
0.000
0.000
0.000
0.000
0.000
0.000
0.082
0.027
0.000
0.000
0.000
0.000
0.611
0.072
2.350
0.000
0.000
0.000
0.000
0.000
0.000
0.000
0.000
3.409
5.328
1.754
0.000
0.000
0.000
2.623
1.183
0.089
0.196
2.826
4.391
1.353
0.230
0.182
0.951
11.543
226.734
143.315
47.867
2.729
1.595
35.343
166.075
169.792
31.187
8.066
34.850
0.714
2.312
2.190
1.483
0.348
3.128
0.249
0.687
0.474
0.216
0.966
0.577
3.662
17.427
13.216
4.358
9.872
6.424
5.073
1.658
1.679
6.394
14.641
6.990
4.041
3.239
109.565
8.056
4.837
1.713
2.562
3.195
6.770
5.090
2.185
1.198
2.965
2.188
0.397
0.215
9.385
3.713
0.268
0.168
0.127
2.882
23.044
41.479
2.194
4.261
0.415
2.575
5.771
3.962
1.100
9.625
12.466
15.571
0.146
0.021
0.010
0.869
0.000
3.545
0.288
0.000
0.228
1.011
17.163
21.047
8.847
7.140
26.884
1.566
1.513
2.867
4.020
4.290
0.271
0.007
0.000
0.000
0.000
0.000
0.000
0.000
0.000
0.000
0.000
0.000
0.000
0.000
0.000
0.000
0.000
0.000
0.000
0.000
0.000
0.000
0.000
0.000
0.000
0.000
0.000
0.000
0.000
0.000
0.000
0.000
0.000
0.000
0.000
0.000
0.000
0.000
0.000
0.000
0.000
0.000
0.000
0.000
0.000
0.000
0.000
0.000
0.000
0.000
0.000
0.000
0.000
0.000
0.000
0.000
0.000
0.000
0.000
0.000
0.000
0.000
0.000
0.000
0.000
0.007
0.000
0.000
0.000
0.000
0.000
0.000
0.000
0.000
0.000
0.000
0.000
0.000
0.031
0.000
0.000
0.000
0.000
0.000
0.000
0.000
0.000
0.000
0.000
0.000
0.000
0.000
0.000
0.000
0.000
0.000
0.000
0.000
0.000
0.000
0.000
0.000
0.000
0.000
0.000
0.000
0.000
0.000
0.000
0.000
0.000
0.000
0.000
0.000
0.000
0.000
0.000
0.000
0.000
0.000
0.000
0.000
0.000
0.000
0.000
0.000
0.000
0.000
0.024
0.000
0.000
0.000
0.000
0.000
0.000
0.000
0.000
0.000
0.000
0.000
0.000
0.000
0.000
0.000
0.000
0.000
0.000
0.000
0.000
0.000
0.000
0.000
0.000
0.000
0.000
0.000
0.000
0.000
0.000
0.000
0.000
0.000
0.000
0.000
0.000
0.000
0.000
0.000
0.000
0.000
0.000
0.000
0.000
0.000
0.000
0.000
0.000
0.000
0.000
0.000
0.000
0.000
0.000
0.000
0.000
0.000
0.000
0.000
0.000
0.000
1.042
0.000
0.000
0.000
0.000
0.000
0.000
0.000
0.000
0.000
0.000
0.000
0.000
0.000
0.000
0.000
0.000
0.000
0.000
0.000
0.000
0.000
0.000
0.000
0.000
0.000
0.000
0.000
0.000
0.000
0.000
0.000
0.010
0.000
0.000
0.000
0.000
0.000
0.000
0.000
0.000
0.000
0.000
0.000
0.000
0.000
0.000
0.000
0.000
0.000
0.000
0.000
0.000
0.000
0.000
0.000
0.000
0.000
0.045
0.783
0.000
1.665
3.104
0.148
2.939
45.810
3.632
1.102
9.174
0.295
0.544
1.590
0.069
10.135
0.783
0.000
11.498
2.379
2.592
0.000
1.246
5.486
35.451
61.705
1.322
0.724
13.826
23.430
3.550
0.968
0.316
0.079
0.521
6.658
5.405
13.614
20.110
88.045
3.522
1.007
1.561
0.167
1.015
0.080
0.554
4.662
5.603
1.148
0.431
0.120
1.358
3.388
13.953
36.610
15.152
4.123
2.350
0.410
2.605
7.746
5.795
2.463
2.105
4.578
3.382
5.027
10.267
7.664
9.550
6.152
3.001
1.530
1.270
0.891
0.295
2.439
0.788
0.264
0.107
0.031
0.314
0.903
2.300
4.005
0.735
0.156
0.000
0.000
0.000
0.000
0.000
3.217
6.224
11.264
9.249
7.752
1.160
0.841
10.873
13.736
5.390
20.342
4.058
6.321
5.112
9.402
18.663
17.046
0.824
1.023
0.165
0.302
0.182
0.010
0.000
0.000
0.000
0.000
0.000
0.000
2.729
0.256
0.022
1.366
0.249
0.484
0.082
0.029
5.189
0.000
0.000
0.000
0.000
0.000
0.000
0.000
0.000
0.000
0.000
0.000
0.000
0.000
0.000
0.000
0.000
0.000
0.000
0.000
0.000
0.000
0.000
0.000
0.000
0.000
0.000
0.000
0.000
0.000
0.000
0.000
0.000
0.000
0.000
0.000
0.000
0.000
0.007
1.538
12.432
0.115
0.000
0.000
0.000
0.000
0.000
0.000
0.000
0.000
0.000
4.534
0.069
0.000
0.000
0.000
0.000
0.000
0.000
0.000
0.000
0.000
0.000
0.000
0.000
0.000
0.000
0.000
0.000
0.000
0.000
1.535
0.000
0.000
0.000
0.000
0.000
0.000
0.000
0.000
0.000
0.000
0.000
0.000
0.000
0.000
0.000
0.000
0.000
0.000
0.601
0.041
0.352
0.000
0.000
0.000
0.000
0.000
0.000
0.000
0.000
0.000
0.000
0.000
0.000
0.000
0.000
0.000
0.000
0.000
0.000
0.000
0.000
0.000
0.000
0.000
0.000
0.000
0.000
0.000
0.000
0.000
0.000
0.000
0.000
0.000
0.000
0.000
0.000
0.000
0.000
0.000
0.000
0.000
0.000
0.000
0.000
0.000
0.000
0.000
0.000
0.000
0.000
0.000
0.000
0.000
0.000
0.000
0.000
0.000
0.000
0.000
0.000
0.000
0.000
0.000
0.000
0.000
0.000
0.000
0.000
0.000
0.000
0.000
0.000
0.000
0.000
0.000
0.000
0.000
0.000
0.000
0.000
0.000
0.000
0.000
0.000
0.000
0.000
0.000
0.000
0.000
0.000
0.000
0.000
0.000
0.000
0.000
0.000
0.000
0.000
0.000
0.000
0.000
0.000
0.000
0.000
0.000
0.000
0.000
0.000
0.000
0.000
0.000
0.000
0.000
0.000
0.000
0.000
0.000
0.000
0.000
0.000
0.000
0.000
0.000
0.000
0.000
0.000
0.000
1.112
0.000
1.064
0.000
0.017
0.000
0.000
0.024
0.000
0.000
0.000
0.000
0.000
0.000
0.014
0.000
0.000
0.000
0.000
0.000
0.000
0.000
0.000
0.000
0.000
0.000
0.000
0.000
0.000
0.000
0.000
0.000
0.000
0.000
0.000
2.221
0.000
5.198
0.066
0.202
20.120
71.512
0.427
0.306
0.045
2.269
9.965
2.084
1.440
0.304
0.000
1.284
15.134
2.733
1.325
0.601
4.688
42.761
36.543
3.054
2.892
2.173
1.354
0.947
5.684
25.538
66.042
4.017
3.866
4.067
1.881
2.458
4.510
2.050
1.615
2.118
2.690
0.180
0.383
0.017
0.736
4.039
3.136
1.196
0.512
0.939
20.766
6.532
1.978
0.000
1.590
0.154
0.000
0.218
4.654
4.163
1.890
1.499
3.021
0.227
2.141
2.870
29.691
4.012
0.606
1.657
0.948
2.630
6.623
17.661
6.170
1.813
0.584
0.419
0.218
1.967
0.048
0.000
0.000
0.000
0.000
0.000
0.000
0.000
0.000
0.000
0.000
0.000
0.000
0.038
0.003
0.000
0.000
0.000
0.000
1.057
0.000
0.000
4.257
12.123
10.938
0.172
0.172
0.000
0.120
0.000
0.000
0.000
0.000
0.000
0.000
0.000
0.000
0.000
0.000
0.000
0.000
0.000
0.000
0.000
0.000
0.000
0.000
0.000
0.000
0.000
0.000
0.000
0.000
0.000
0.000
0.000
0.000
0.000
0.000
0.000
0.712
40.158
16.909
2.311
0.776
7.970
2.731
0.010
0.000
0.000
0.000
0.000
0.000
0.000
0.000
0.000
0.000
0.000
0.000
0.000
0.000
0.000
0.000
0.000
0.000
0.000
0.000
0.000
0.000
0.000
0.000
0.000
0.000
0.000
0.000
0.000
0.484
0.144
0.000
0.000
0.213
0.000
0.000
0.000
0.000
0.000
0.000
0.000
0.000
0.000
0.000
0.000
0.000
0.000
0.000
0.000
0.000
0.000
0.000
0.000
0.000
0.000
0.065
0.635
0.000
0.000
0.000
0.000
0.000
0.000
0.000
0.000
0.000
0.000
0.000
0.000
0.000
0.000
0.000
0.000
0.000
0.000
0.000
0.000
0.000
0.000
0.115
0.000
0.000
0.000
0.000
0.000
0.000
0.000
0.000
0.000
0.000
0.000
0.000
0.000
0.000
0.000
0.000
0.000
0.342
0.026
0.000
0.000
0.000
0.000
0.000
0.000
0.000
0.000
0.000
0.000
0.000
0.000
0.000
0.000
0.000
0.007
0.072
0.000
0.000
0.000
0.000
0.000
0.000
0.000
0.000
0.000
0.000
0.000
0.000
0.000
0.000
0.000
0.000
0.000
0.000
0.000
0.000
0.000
0.000
0.000
0.000
0.000
0.000
0.000
0.000
0.000
0.000
0.000
0.000
0.000
0.000
0.000
0.000
0.000
0.000
0.000
0.000
0.000
0.000
0.000
0.000
0.000
0.000
0.000
0.000
0.000
0.014
0.000
0.000
0.000
0.000
0.000
0.000
0.000
0.000
0.000
0.000
0.000
0.000
0.000
0.000
0.000
0.000
0.000
0.000
0.000
0.000
0.000
0.000
0.000
0.000
0.000
0.000
0.000
0.000
0.000
0.000
0.000
0.024
0.554
0.000
0.000
0.000
0.000
0.000
0.000
0.017
0.000
0.000
0.000
0.000
39.971
10.022
28.441
0.000
0.000
0.000
0.117
0.100
3.855
0.142
5.766
0.706
0.000
0.778
4.295
0.105
0.007
2.760
2.233
3.526
4.346
0.654
6.386
9.499
4.346
6.440
1.964
0.627
6.391
4.777
2.077
54.151
12.741
1.238
0.275
0.570
1.332
0.918
1.342
11.376
29.569
0.271
2.554
0.383
1.622
5.744
8.163
6.952
3.279
4.144
4.007
5.013
13.094
13.366
2.798
0.388
3.505
4.659
4.099
1.830
1.806
0.233
1.208
2.640
5.641
3.804
2.135
1.325
2.287
0.518
0.858
4.237
4.140
16.356
4.693
16.711
23.022
6.660
3.176
0.910
3.814
2.235
4.195
8.635
5.291
6.626
30.312
3.825
1.620
1.854
3.608
6.025
7.663
1.723
1.840
0.694
0.227
0.048
0.288
0.003
0.687
2.087
1.184
0.000
0.000
0.000
0.000
0.000
0.000
0.000
0.000
0.000
0.000
0.000
0.000
0.000
0.000
0.000
0.000
0.127
0.000
0.000
0.000
0.000
6.048
0.472
5.905
10.717
0.985
1.904
0.462
0.000
0.000
0.000
0.000
0.000
0.000
0.000
0.000
0.000
0.000
0.000
0.000
0.000
0.000
0.000
0.017
0.010
3.457
3.090
2.242
4.951
1.703
3.543
5.569
0.000
0.833
0.354
0.000
0.000
35.558
11.239
8.974
0.282
0.000
7.052
0.257
0.000
0.000
0.000
0.000
0.000
0.000
0.000
0.000
0.000
0.000
0.000
0.000
0.000
0.000
0.000
0.000
0.000
0.000
0.000
0.000
0.000
0.000
0.000
0.000
0.000
0.000
0.000
0.000
0.000
0.000
0.000
0.000
0.000
0.000
0.000
0.000
0.000
0.000
0.000
0.000
0.000
0.000
0.000
0.000
0.000
0.000
0.000
0.000
0.000
0.000
0.000
0.000
0.000
0.000
0.000
0.000
0.000
0.000
0.000
0.000
0.003
0.000
0.000
0.000
0.000
0.000
0.002
0.000
0.000
0.000
0.000
0.000
0.000
0.000
0.002
0.002
0.000
0.000
0.000
0.000
0.000
0.000
0.000
0.000
0.000
0.000
0.000
0.000
0.000
0.000
0.000
0.000
0.038
0.002
0.000
0.000
0.000
0.000
0.000
0.000
0.000
0.000
0.002
0.000
0.002
0.002
0.000
0.000
0.000
0.000
0.000
0.000
0.000
0.000
0.000
0.002
0.002
0.000
0.002
0.000
0.000
0.000
0.002
0.000
0.000
0.000
0.000
0.000
0.000
0.000
0.000
0.000
0.000
0.000
0.000
0.002
0.000
0.000
0.000
0.000
0.000
0.000
0.000
0.000
0.000
0.002
0.000
0.000
0.000
0.000
0.000
0.000
0.000
0.000
0.000
0.000
0.000
0.000
0.000
0.000
0.000
0.000
0.000
0.000
0.000
0.000
0.000
0.000
0.000
0.000
0.000
0.000
0.000
0.093
0.072
0.000
0.000
0.000
0.000
0.000
0.000
0.000
0.000
0.000
0.000
0.000
4.309
0.003
0.687
0.117
0.000
2.630
0.790
0.003
0.393
8.641
11.395
2.036
3.842
0.024
0.007
5.364
28.928
1.638
1.627
3.753
15.166
15.947
27.447
1.620
5.701
71.092
123.624
1.281
1.418
3.138
3.900
6.959
2.486
5.965
25.955
17.307
66.495
14.265
10.749
5.026
13.937
22.731
9.261
4.551
16.148
49.143
1.545
3.632
7.206
2.681
31.342
30.751
6.750
4.995
10.011
18.035
20.148
2.300
9.328
1.449
1.490
4.848
25.002
9.665
5.219
2.733
13.465
39.295
19.906
6.297
6.472
15.202
13.736
7.763
4.314
1.531
3.044
10.028
12.494
18.066
2.867
11.731
100.381
73.821
7.735
15.565
38.730
16.967
17.729
29.957
160.139
7.714
11.817
14.456
1.820
2.362
2.275
5.912
1.356
10.154
4.549
1.772
0.817
1.054
10.729
1.593
0.395
0.429
0.429
5.565
0.553
4.340
2.115
1.336
3.018
4.621
1.226
0.275
0.556
0.034
0.007
1.638
0.029
0.000
0.000
0.000
0.000
0.000
0.000
0.000
0.000
0.000
0.000
0.000
0.000
0.000
0.000
0.007
0.000
0.000
0.000
0.000
0.000
0.000
0.000
0.000
0.000
0.000
0.002
0.000
0.000
0.000
0.002
0.000
0.000
0.000
0.000
0.000
0.000
0.000
0.000
0.000
0.000
0.000
0.000
0.000
0.000
0.000
0.000
0.000
0.000
0.000
0.000
0.000
0.000
0.000
0.002
0.000
0.000
0.000
0.000
0.000
0.000
0.000
0.000
0.000
0.000
0.000
0.000
0.000
0.002
0.000
0.000
0.000
0.000
0.000
0.000
0.000
0.000
0.000
0.000
0.000
0.000
0.000
0.000
0.000
0.000
0.000
0.000
0.000
0.000
0.000
0.312
0.000
0.000
0.000
0.000
0.000
0.000
0.000
0.003
0.000
0.000
0.000
0.000
0.000
0.000
0.002
0.000
0.000
0.002
0.000
0.000
0.000
0.000
0.000
0.000
0.000
0.000
0.003
0.000
0.000
0.000
0.000
0.000
0.000
0.000
0.000
0.000
0.000
0.000
0.000
0.000
0.000
0.000
0.000
0.000
0.000
0.002
0.000
0.000
0.000
0.000
0.000
0.000
0.000
0.000
0.000
0.000
0.000
0.000
0.002
0.000
0.000
0.000
0.000
0.000
0.000
0.000
0.000
0.000
0.000
0.000
0.000
0.000
0.000
0.000
0.000
0.002
0.000
0.000
0.000
0.000
0.000
0.000
0.000
0.000
0.000
0.000
0.000
0.000
0.000
0.000
0.000
0.000
0.000
0.000
0.000
0.000
0.000
0.000
0.000
0.000
0.000
0.000
0.000
0.000
0.000
0.000
0.000
0.000
0.357
10.935
0.000
0.000
0.000
0.000
0.000
0.000
0.000
0.000
0.000
0.000
0.000
0.000
0.000
0.000
0.000
0.000
0.000
0.108
0.100
0.002
0.000
0.000
0.000
0.000
0.000
0.000
0.000
0.000
0.000
0.000
0.000
0.000
0.000
0.000
0.000
0.000
0.000
0.000
0.000
0.000
0.000
0.000
0.000
0.027
0.010
0.282
0.003
2.197
0.000
0.000
0.000
0.010
0.783
107.264
37.168
0.045
0.505
0.103
0.000
0.000
0.000
0.000
0.000
0.000
0.000
2.369
0.000
0.584
2.108
0.045
0.000
2.374
1.535
8.892
103.673
15.183
20.175
3.852
6.830
3.831
132.753
17.029
7.433
4.899
5.239
0.812
0.110
1.674
55.050
8.449
1.851
1.040
2.510
8.176
36.313
11.357
3.069
4.223
19.590
10.331
8.992
11.611
14.643
6.664
15.635
3.018
4.903
1.341
4.250
71.633
5.095
13.817
38.425
41.733
87.094
11.196
21.653
4.602
2.740
5.301
5.411
1.875
55.742
1.071
0.364
0.742
3.584
6.398
4.824
4.123
4.758
6.230
7.611
10.519
5.117
22.834
19.082
37.069
107.697
19.760
3.567
8.439
2.269
33.666
2.211
2.915
4.824
5.067
0.136
0.855
1.315
0.759
0.937
5.656
13.874
6.509
13.501
4.336
0.261
0.000
0.000
0.000
0.000
0.000
0.079
0.000
0.477
2.113
0.038
0.000
0.000
0.000
0.000
0.000
0.000
0.000
0.000
0.000
0.000
0.000
0.000
0.000
0.000
0.000
0.000
0.000
0.002
0.000
0.000
0.000
0.000
0.000
0.002
0.000
0.000
0.000
0.000
0.000
0.000
0.000
0.000
0.000
0.000
0.002
0.000
0.000
0.000
0.000
0.000
0.002
0.000
0.000
0.000
0.000
0.000
0.002
0.000
0.000
0.000
0.000
0.000
0.000
0.000
0.000
0.000
0.000
0.003
0.000
0.000
0.000
0.000
0.000
0.000
0.000
0.000
0.000
0.002
0.000
0.000
0.000
0.000
0.000
0.000
0.000
0.000
0.000
0.000
0.000
0.000
0.002
0.000
0.000
0.000
0.000
0.000
0.000
0.000
0.000
0.000
0.000
0.000
0.000
0.000
0.000
0.000
0.000
0.000
0.000
0.000
0.000
0.000
0.000
0.000
0.000
0.000
0.000
0.002
0.000
0.000
0.002
0.000
0.000
0.000
0.000
0.000
0.000
0.000
0.000
0.000
0.027
0.000
0.000
0.000
0.000
0.000
0.000
0.000
0.014
0.000
0.257
0.062
0.807
0.000
0.000
0.000
0.000
0.000
0.000
0.000
0.003
0.000
0.000
0.000
0.000
0.000
0.000
0.000
0.000
0.000
0.000
0.000
0.000
0.000
0.000
0.000
0.002
0.002
0.000
0.000
0.017
0.000
0.000
0.000
0.000
0.000
0.000
0.002
0.000
0.000
0.000
0.000
0.257
0.000
0.000
0.000
0.000
0.000
0.000
0.000
0.000
0.000
0.000
0.000
0.000
0.000
0.000
0.000
0.000
0.000
0.000
0.000
0.000
0.130
0.017
0.010
0.134
0.000
0.000
0.000
0.000
0.000
0.000
0.000
0.000
0.000
0.003
0.000
0.000
0.000
0.000
0.000
0.000
0.000
0.000
0.000
0.000
0.000
0.000
0.000
0.000
0.000
0.000
0.000
0.000
0.000
0.000
0.000
0.000
0.002
0.000
0.000
0.000
0.069
0.000
0.000
0.000
0.000
3.337
0.708
0.026
1.324
10.415
14.203
0.014
77.220
1.469
1.301
6.321
1.076
5.670
4.087
5.788
6.154
1.765
8.387
0.278
0.000
8.523
1.229
7.403
0.441
26.297
3.591
0.094
0.271
0.183
2.911
122.901
159.664
59.572
8.542
6.873
5.025
4.183
2.417
5.919
30.422
34.670
12.591
10.712
4.319
4.008
13.317
6.597
10.528
13.469
8.478
8.181
16.383
9.634
7.306
17.451
4.734
5.421
8.944
2.084
21.104
28.808
28.087
3.018
2.441
2.019
4.408
0.645
4.491
12.950
8.461
5.273
5.610
4.800
7.337
0.690
5.782
4.292
3.438
2.534
8.085
7.934
6.951
35.355
16.325
10.945
0.630
1.140
0.069
0.003
4.971
2.973
2.087
1.555
3.910
4.221
2.247
0.443
5.533
7.649
0.209
0.328
1.840
1.552
1.191
1.754
3.203
5.303
2.328
2.118
0.003
0.000
1.360
40.842
24.853
4.425
27.998
0.790
1.528
3.634
3.888
7.938
11.601
12.626
7.217
6.163
0.704
0.254
6.757
10.399
6.499
5.047
3.210
2.692
2.293
4.803
0.069
0.000
0.000
0.000
0.000
0.000
0.000
0.000
0.000
0.000
0.034
0.003
0.000
0.002
0.000
0.000
0.000
0.000
0.000
0.000
0.000
0.000
0.000
0.000
0.000
0.000
0.000
0.001
0.000
0.000
0.000
0.000
0.000
0.000
0.000
0.000
0.000
0.000
0.000
0.000
0.000
0.000
0.000
0.000
0.000
0.000
0.000
0.000
0.002
0.000
0.000
0.000
0.000
0.000
0.002
0.000
0.000
0.000
0.000
0.000
0.003
0.002
0.000
0.000
0.002
0.000
0.000
0.000
0.000
0.000
0.000
0.000
0.000
0.002
0.000
0.000
0.093
0.003
0.000
0.082
0.000
0.000
0.000
0.000
0.000
0.000
0.000
0.000
0.000
0.000
0.000
0.000
0.000
0.000
0.000
0.000
0.000
0.000
0.010
0.082
0.000
0.002
0.000
0.000
0.000
0.000
0.000
0.000
0.000
0.000
0.000
0.000
0.000
0.000
0.000
0.000
0.000
0.000
0.000
0.000
0.000
0.003
0.000
0.110
0.000
0.000
0.000
0.000
0.000
0.062
0.000
0.000
0.058
0.755
0.058
0.000
0.000
0.002
0.000
0.000
0.187
0.062
0.000
0.000
0.137
0.007
0.141
0.015
0.000
0.000
0.000
0.000
0.000
0.000
0.000
0.000
0.000
0.000
0.002
0.000
0.000
0.000
0.000
0.000
0.000
0.000
0.000
0.000
0.000
0.000
0.000
0.003
0.002
0.000
0.000
0.000
0.000
0.000
0.000
0.000
0.000
0.000
0.000
0.000
0.000
0.000
0.158
0.041
0.007
0.000
0.000
0.000
0.000
0.000
0.000
0.000
0.000
0.000
0.003
0.000
0.000
0.000
0.000
0.000
0.000
0.002
0.000
0.000
0.000
0.000
0.000
0.000
0.000
0.000
0.021
0.000
0.000
0.000
0.000
0.000
0.000
0.000
0.000
0.000
0.000
0.089
0.000
0.000
0.000
0.002
0.000
0.003
0.000
0.000
0.014
0.000
0.093
0.000
0.000
0.007
0.810
0.000
0.106
0.055
0.000
0.134
0.000
0.000
0.000
0.000
0.000
0.000
0.000
0.000
1.929
0.000
0.000
0.026
0.000
0.000
0.072
0.730
0.000
0.002
0.000
0.024
0.062
1.233
7.244
0.412
0.175
0.216
7.316
14.584
22.436
0.594
38.020
37.501
20.284
0.422
2.561
83.343
29.821
5.902
35.936
2.147
4.422
4.879
4.604
1.620
