20000101
0.000
0.000
0.000
0.000
0.000
0.000
0.000
0.000
0.000
0.000
0.000
0.000
0.000
0.000
0.000
0.000
0.000
0.000
0.000
0.000
0.000
0.000
0.000
0.000
0.000
0.000
0.000
0.000
0.000
0.000
0.000
0.000
0.000
0.000
0.000
0.000
0.000
0.000
0.000
0.000
0.000
0.000
0.000
0.000
0.000
0.000
0.000
0.000
0.000
0.000
0.000
0.000
0.000
0.000
0.000
0.000
0.000
0.000
0.000
0.000
0.000
0.000
0.000
0.000
0.000
0.000
0.000
0.000
0.000
0.000
0.000
0.000
0.000
0.000
0.000
0.000
0.000
0.000
0.000
0.000
0.000
0.000
0.000
0.000
0.000
0.000
0.000
0.000
0.000
0.000
0.000
0.000
0.000
0.000
0.000
0.000
0.000
0.000
0.000
0.000
0.000
0.000
0.000
0.000
0.000
0.000
0.000
0.000
0.000
0.000
0.000
0.000
0.091
0.000
0.000
0.000
0.000
0.000
0.000
0.000
0.000
0.000
0.000
0.000
0.000
0.000
0.000
0.000
0.000
0.007
0.230
0.179
0.079
0.539
0.041
0.027
0.003
4.508
5.232
9.328
4.213
0.498
0.031
0.000
0.000
0.000
0.000
0.000
0.000
1.665
1.253
2.815
0.360
2.029
0.034
0.007
0.000
0.000
0.069
0.694
0.700
0.076
0.000
0.000
1.542
1.778
0.597
0.062
0.000
0.000
0.062
0.031
4.786
0.000
0.038
1.181
0.021
0.000
0.000
2.939
1.684
0.292
8.381
39.171
11.498
10.224
0.292
6.846
18.213
29.121
7.393
9.562
17.468
90.997
14.301
33.075
11.203
1.626
14.895
17.043
9.026
14.305
17.079
1.349
0.640
0.045
0.000
0.000
0.024
3.705
3.133
2.276
0.951
0.307
0.000
0.070
0.000
0.000
0.048
0.000
0.000
0.069
0.063
11.100
29.747
6.266
11.191
68.920
8.459
7.042
3.175
10.048
5.596
4.837
16.061
20.468
7.160
7.942
10.101
12.924
1.502
13.165
7.078
1.271
1.375
5.203
1.145
2.396
33.242
10.004
2.609
2.379
0.031
0.003
0.000
0.045
0.000
0.000
0.000
0.000
0.000
0.000
0.000
0.000
0.000
0.000
0.000
0.091
0.017
0.918
0.000
0.000
0.000
0.000
0.000
0.000
0.000
0.000
0.000
0.000
0.000
0.000
0.000
0.000
0.144
0.014
0.000
0.000
0.000
0.000
0.000
0.000
0.000
0.000
0.000
0.000
0.000
0.000
0.000
0.000
0.000
0.000
0.000
0.000
0.000
0.000
0.000
0.000
0.000
0.000
0.000
0.000
0.000
0.000
0.000
0.000
0.000
0.000
0.000
0.000
0.000
0.000
0.000
0.000
0.000
0.000
0.000
0.000
0.000
0.000
0.000
0.000
0.000
0.000
0.000
0.000
0.000
0.000
0.000
0.000
0.000
0.000
0.000
0.000
0.000
0.000
0.000
0.000
0.000
0.000
0.000
0.000
0.000
0.000
0.000
0.000
0.000
0.000
0.000
0.000
0.000
0.000
0.000
0.000
0.000
9.560
0.000
0.000
0.000
0.000
0.000
0.000
0.000
0.000
0.000
0.000
0.000
0.000
0.000
0.000
0.000
0.000
0.000
0.000
0.000
0.000
0.000
0.000
0.000
0.000
0.000
0.000
0.000
0.000
0.000
0.000
0.000
0.000
0.000
0.000
0.000
0.000
0.000
0.000
0.000
0.000
0.000
0.000
0.000
0.000
0.000
0.000
0.000
0.000
0.000
0.000
0.000
0.000
0.000
0.000
0.000
0.000
0.000
0.000
0.000
0.000
0.000
0.000
0.000
0.000
0.000
0.000
0.000
0.000
0.003
0.000
0.000
0.000
0.000
0.000
0.000
0.000
0.000
0.000
0.000
0.000
0.000
0.000
0.000
0.000
0.000
0.000
0.000
0.000
0.000
0.000
0.000
0.000
0.000
0.000
0.000
0.000
0.000
0.000
0.000
0.000
0.000
0.000
0.000
0.000
0.000
0.000
0.000
0.000
0.000
0.000
0.000
0.000
0.000
0.000
0.000
0.000
0.000
0.000
0.000
0.000
0.000
0.000
0.000
0.000
0.000
0.000
0.000
0.000
0.000
0.000
0.000
0.000
0.000
0.000
0.000
0.000
0.000
1.148
4.796
0.082
1.464
0.165
0.000
0.000
0.160
0.191
0.034
0.000
0.000
0.000
35.057
7.551
0.697
0.024
11.428
2.419
2.525
4.990
3.682
2.529
0.355
0.003
0.031
1.322
4.166
14.703
63.055
6.406
8.954
124.854
69.269
0.065
0.000
0.000
0.619
1.542
1.363
0.689
0.855
3.359
0.675
4.096
17.961
27.742
13.680
10.078
0.381
1.837
18.505
6.235
20.453
3.806
3.737
11.283
9.180
5.194
12.518
13.666
10.336
6.894
23.796
97.658
14.967
60.373
7.376
11.965
5.485
7.505
2.880
2.611
1.775
7.567
0.797
3.068
1.312
2.958
26.321
3.742
22.546
9.556
9.156
3.535
13.551
16.873
7.250
6.772
11.673
24.506
9.218
5.724
0.100
0.630
3.801
1.481
7.036
7.024
7.375
2.882
0.792
0.112
0.247
0.024
0.003
5.665
1.468
0.302
0.288
3.861
0.285
1.397
0.667
0.082
0.147
0.419
1.378
0.257
0.167
0.215
0.448
3.478
0.276
0.388
5.399
0.000
0.000
0.000
0.000
0.027
0.122
0.000
0.000
0.000
0.000
0.064
1.684
9.725
21.667
11.810
0.348
0.000
0.453
5.508
1.559
5.988
4.412
0.363
0.761
0.024
0.000
0.000
0.000
0.000
0.000
0.000
0.000
0.000
0.000
0.000
0.000
0.000
0.000
0.000
0.000
0.000
0.000
0.000
0.000
0.000
0.000
0.000
0.000
0.000
0.000
0.000
0.000
0.000
0.000
0.000
0.000
0.000
0.000
0.000
0.000
0.000
0.000
0.000
0.000
0.000
0.000
0.000
0.000
0.000
0.000
0.000
0.000
0.000
0.000
0.000
0.000
0.000
0.000
0.000
0.000
0.000
0.000
0.000
0.000
0.000
0.000
0.000
0.000
0.000
0.000
0.000
0.000
0.000
0.000
0.000
0.000
0.000
0.000
0.000
0.000
0.000
0.000
0.000
0.000
0.000
0.000
0.000
0.089
0.000
0.000
0.000
0.000
0.000
0.000
0.000
0.000
0.000
0.000
0.000
0.000
0.000
0.000
0.000
0.000
0.000
0.000
0.000
0.000
0.000
0.000
0.000
0.000
0.000
0.000
0.000
0.000
0.000
0.000
0.000
0.000
0.000
0.000
1.921
0.197
0.000
0.000
0.000
0.000
0.000
0.000
0.027
0.000
0.000
0.000
0.000
0.000
0.000
0.000
0.000
0.000
0.000
0.000
0.000
0.000
0.000
0.000
0.000
0.000
0.000
0.000
0.000
0.000
0.000
0.000
2.444
0.146
0.000
0.000
0.000
0.000
0.000
0.000
0.000
0.000
0.000
0.000
0.000
0.000
0.000
0.000
0.000
0.000
0.000
0.000
0.000
0.000
0.000
0.024
0.845
0.000
0.000
0.000
0.000
0.000
0.000
0.000
0.000
0.000
0.000
0.000
0.000
0.000
0.000
0.000
0.000
0.000
0.000
0.000
0.000
0.000
0.000
0.000
0.000
0.000
0.000
0.000
0.000
0.000
0.000
0.000
0.000
0.000
0.000
0.000
0.000
0.000
0.000
0.000
0.000
0.000
0.000
0.000
0.000
0.000
0.000
0.000
0.000
0.000
0.000
0.000
1.214
0.184
0.000
0.000
0.000
0.079
0.597
0.089
0.000
0.000
0.000
0.000
0.000
0.000
0.819
3.715
4.611
2.276
0.944
0.259
0.024
12.772
4.463
7.004
36.119
6.825
0.000
2.578
20.510
28.770
28.602
10.966
2.094
0.106
0.072
0.000
0.201
0.433
0.021
1.881
0.227
0.038
0.318
0.065
0.197
2.450
0.225
0.603
4.831
0.985
47.878
16.928
122.688
2.518
2.253
0.830
1.962
1.892
2.872
2.005
0.055
0.554
0.003
0.000
0.913
4.316
0.481
4.010
1.734
6.736
12.730
14.931
22.186
11.579
6.964
2.321
3.670
5.800
1.105
95.892
51.351
20.249
6.147
0.632
0.185
0.309
5.552
36.763
30.401
3.148
0.144
1.178
2.688
27.011
18.277
13.366
5.612
11.762
17.906
4.390
0.537
0.062
0.000
0.000
0.000
0.048
0.000
0.000
0.000
0.000
0.000
0.053
2.046
0.889
0.069
0.003
0.000
0.067
0.223
3.971
4.021
0.367
0.000
0.000
0.000
0.000
0.000
0.000
0.000
0.000
0.000
0.000
0.000
0.000
0.000
0.000
0.000
0.000
0.000
0.000
0.000
0.000
0.045
0.000
0.000
0.000
0.000
0.000
0.000
0.000
0.000
0.000
0.000
0.000
0.000
0.000
0.000
0.000
0.000
0.000
0.000
2.657
0.560
0.000
0.000
0.000
0.000
0.542
0.000
0.000
0.000
0.000
0.000
0.000
0.000
0.000
0.000
0.000
0.000
0.000
0.000
0.000
0.000
0.000
0.000
0.000
0.000
0.000
0.000
0.000
0.000
0.000
0.072
0.000
0.000
0.000
0.000
0.000
0.000
0.000
0.000
0.000
0.000
0.000
0.000
0.000
0.000
0.000
0.000
0.000
0.000
0.000
0.000
0.000
0.000
0.000
0.680
0.000
0.000
0.000
0.000
0.000
0.000
0.000
0.000
0.000
0.098
0.000
0.000
0.000
0.000
0.000
0.000
0.000
0.000
0.000
0.000
0.000
0.000
0.000
0.000
0.000
0.000
0.000
0.000
0.000
0.000
0.038
0.518
0.821
1.521
0.247
0.055
0.000
0.000
0.000
0.000
0.000
0.000
0.000
0.000
0.000
0.000
0.000
0.000
1.682
1.081
0.000
0.000
0.000
0.000
0.000
0.000
0.000
0.000
0.000
0.000
0.000
0.000
0.000
0.000
0.000
0.000
0.000
0.000
0.000
0.000
0.000
0.000
0.000
0.000
0.000
0.000
0.000
0.000
0.000
0.000
0.000
0.000
0.000
0.000
0.000
0.000
0.000
0.000
0.000
0.000
0.000
0.000
0.000
0.000
0.000
0.000
1.027
0.082
0.000
0.000
0.000
0.000
0.000
0.000
0.000
0.000
0.000
0.000
0.000
0.000
0.000
0.000
0.000
0.000
0.000
0.000
0.000
0.000
0.000
0.000
0.000
0.000
0.000
0.000
0.000
0.000
0.000
0.000
0.000
0.000
0.000
0.000
0.000
0.000
0.000
0.000
0.000
0.000
0.000
0.000
0.000
0.000
0.000
0.000
0.000
0.000
0.000
0.000
0.000
0.000
0.000
0.000
0.000
0.000
0.000
0.000
0.000
0.000
0.000
0.000
0.000
0.000
0.014
0.003
0.134
7.721
4.189
2.304
9.076
8.693
10.276
24.743
12.521
6.949
2.760
22.340
6.980
2.386
10.101
18.467
0.889
5.637
9.692
18.345
28.395
15.175
13.375
20.423
2.829
9.822
2.012
8.168
2.736
3.543
10.349
11.992
15.907
3.454
6.192
5.175
13.755
1.761
8.209
13.338
4.506
11.328
4.429
8.490
8.477
4.801
5.004
0.323
5.183
4.934
13.960
30.195
10.863
6.365
6.276
28.084
31.490
10.966
2.493
8.278
2.094
2.218
1.967
6.400
0.422
0.141
7.526
0.470
6.722
4.947
29.871
39.113
9.362
5.922
5.593
7.993
9.280
37.060
7.826
2.556
5.239
7.224
2.989
3.413
0.393
1.154
0.065
0.441
3.843
2.652
0.025
0.182
0.786
4.690
0.496
3.944
9.852
3.771
5.142
3.219
5.794
2.621
0.211
1.179
0.206
0.000
2.484
6.539
2.240
0.086
0.000
0.000
0.000
0.000
0.000
0.014
0.000
0.000
0.000
0.000
0.000
0.000
0.000
0.000
0.000
0.000
0.000
0.000
0.000
0.000
0.000
0.000
0.000
0.000
0.000
0.000
0.000
0.000
0.000
0.000
0.000
0.000
0.000
0.000
0.000
0.000
0.000
0.000
0.000
0.000
0.000
0.000
0.000
0.000
0.000
0.000
0.000
0.000
0.000
0.000
0.000
0.000
0.000
0.000
0.000
0.000
0.000
0.000
0.000
0.000
0.000
0.000
0.000
0.000
0.000
0.000
0.000
0.000
0.000
0.000
0.000
0.000
0.000
0.000
0.000
0.000
0.000
0.000
0.000
0.000
0.000
0.000
0.000
0.000
0.000
0.000
0.031
0.000
0.000
0.000
0.000
0.000
0.000
0.000
0.000
0.000
0.510
0.086
0.000
0.000
0.000
0.000
0.000
0.000
0.000
0.000
0.000
0.000
0.000
0.000
0.000
0.457
0.000
0.000
0.000
0.000
0.405
0.000
0.000
0.000
0.000
0.000
0.000
0.000
0.000
0.000
0.000
0.000
0.000
0.000
0.000
0.000
0.000
0.000
0.000
0.000
0.000
0.000
0.000
0.000
0.000
0.000
0.000
0.000
0.000
0.000
0.000
0.000
0.000
0.000
0.000
0.000
0.000
0.000
0.000
0.000
0.000
0.000
0.000
0.000
0.000
0.000
0.000
0.000
0.000
0.000
0.000
0.000
0.000
0.000
0.000
0.000
0.000
0.000
0.000
0.000
0.000
0.000
0.000
0.000
0.000
0.000
0.000
0.000
0.000
0.000
0.000
0.000
0.000
0.000
0.000
0.000
0.000
0.000
0.000
0.000
0.000
0.000
0.000
0.000
0.000
0.000
0.000
0.000
0.000
0.000
0.000
0.000
0.000
0.000
0.000
0.000
0.000
0.000
0.000
0.000
0.000
0.000
0.000
0.426
0.000
2.108
0.199
4.140
7.145
5.394
0.433
0.000
0.268
0.000
0.000
0.000
0.000
0.000
0.000
0.000
0.000
0.000
0.000
0.000
0.000
0.000
0.000
0.000
0.000
0.000
0.000
0.000
0.003
0.233
1.040
10.090
5.838
0.436
1.195
1.487
7.330
32.863
34.003
9.536
21.125
0.573
0.518
0.007
0.213
0.292
0.192
4.650
1.693
5.500
0.299
2.046
10.715
9.948
9.768
29.029
6.207
4.856
5.925
13.903
5.955
4.976
6.647
0.154
0.781
0.003
0.000
0.000
2.273
11.886
2.468
1.008
7.545
2.414
0.219
3.207
0.158
7.467
0.934
0.427
0.299
3.498
9.889
5.200
15.425
4.893
4.798
11.683
1.536
19.047
12.383
12.375
9.315
9.212
12.976
12.658
46.131
30.670
19.478
113.727
5.751
2.206
1.838
8.133
5.618
7.526
14.462
15.453
0.743
0.036
0.179
0.233
0.781
0.635
3.589
2.999
3.988
1.945
3.916
3.155
0.098
0.000
0.000
0.000
0.120
0.635
0.417
0.656
5.399
2.220
1.196
8.832
3.000
6.262
4.263
11.234
4.126
2.374
1.617
15.578
76.072
4.867
0.000
5.255
2.163
4.135
14.832
6.904
7.873
19.557
14.519
0.282
0.127
0.024
4.587
6.083
0.014
0.000
0.000
0.000
0.000
0.000
0.000
0.000
0.000
0.000
0.000
0.000
0.000
0.000
0.000
0.000
0.000
0.000
0.000
0.000
0.000
0.000
0.000
0.000
0.000
0.000
0.000
0.000
0.000
0.342
7.978
1.196
0.000
0.000
0.000
0.000
0.000
0.000
0.000
0.000
0.000
0.000
0.000
0.000
0.000
0.000
0.000
0.000
0.000
0.000
0.000
0.000
0.000
0.000
0.000
0.000
0.000
0.000
0.000
0.000
0.000
0.000
0.000
0.000
0.000
0.000
0.000
0.000
0.000
0.000
0.000
0.000
0.000
0.000
0.000
0.000
0.000
0.000
0.000
0.000
0.000
0.000
0.000
0.000
0.000
0.000
0.000
0.000
0.000
0.000
0.000
0.000
0.000
0.000
0.000
0.000
0.000
0.000
0.000
0.000
0.000
0.000
0.000
0.000
0.000
0.000
0.000
0.000
0.113
0.573
0.584
2.719
0.089
0.000
0.000
0.000
0.000
0.000
0.000
0.000
0.000
0.000
0.000
0.000
0.000
0.000
0.000
0.000
0.000
0.000
0.000
0.000
0.000
0.000
0.000
0.000
0.000
0.000
0.000
0.000
0.000
0.000
0.000
0.000
0.000
0.000
0.000
0.115
0.000
0.000
0.000
0.000
0.000
0.000
0.000
0.000
0.000
0.000
0.000
0.000
0.000
0.000
0.000
0.000
0.000
0.000
0.000
0.000
0.000
0.000
0.000
0.000
0.000
0.000
0.000
0.000
0.000
0.000
0.000
0.000
0.000
0.000
0.000
0.000
0.000
0.000
0.000
0.000
0.000
0.000
0.000
0.000
0.000
0.000
0.000
0.000
0.000
0.000
0.000
0.000
0.192
0.000
0.000
0.000
0.000
0.000
0.000
0.000
0.000
0.000
0.000
0.000
0.000
0.000
0.000
0.000
0.000
0.000
0.000
0.000
0.000
0.000
0.000
0.000
0.000
0.000
0.000
0.000
0.010
0.003
0.000
0.000
0.000
0.000
0.000
0.000
0.000
0.000
0.000
0.000
0.000
0.000
0.000
0.000
0.045
0.045
0.000
0.000
0.000
0.129
0.036
0.082
0.469
0.153
0.560
6.270
12.761
7.493
5.015
45.634
4.268
20.507
33.475
7.946
20.895
12.432
14.859
16.280
58.296
40.538
23.034
0.208
0.608
26.547
8.169
12.801
131.051
15.036
1.158
2.065
6.602
0.760
0.815
1.433
0.051
2.228
2.729
3.446
28.915
98.717
20.398
3.795
11.639
12.154
3.847
3.921
10.732
14.871
12.480
3.801
3.674
2.271
8.787
14.184
5.924
1.483
2.338
4.003
0.419
6.475
4.477
3.969
9.886
2.391
4.978
1.883
0.106
0.292
0.429
0.158
2.753
0.563
3.344
0.000
0.000
0.000
0.000
0.000
1.011
10.299
8.947
5.088
26.388
11.554
7.482
10.439
19.377
17.108
19.608
9.374
10.314
25.541
10.588
14.993
6.581
10.720
15.095
9.385
0.072
1.548
0.208
0.642
0.518
0.294
1.196
0.563
0.082
0.000
0.000
0.000
0.000
0.000
0.000
0.000
0.000
0.000
0.000
0.000
0.000
0.000
0.000
0.000
0.000
0.000
0.000
0.000
0.000
0.000
0.000
0.000
0.000
0.000
0.000
0.000
0.000
0.000
0.000
0.000
0.000
0.000
0.000
0.000
0.000
0.000
0.000
0.000
0.000
0.000
0.000
0.000
0.000
0.000
0.000
0.000
0.000
0.000
0.000
0.000
0.000
0.000
0.000
0.000
0.000
0.000
0.000
0.000
0.000
0.000
0.000
0.000
0.000
0.000
0.000
0.000
0.000
0.000
0.000
0.000
0.000
0.000
0.000
0.000
0.000
0.000
0.000
0.000
0.000
0.000
0.000
0.000
0.000
0.000
0.000
0.000
0.000
0.000
0.000
0.000
0.000
0.000
0.000
0.000
0.000
0.000
0.000
0.000
0.000
0.000
0.000
0.000
0.000
0.000
0.000
0.000
0.000
0.000
0.000
0.000
0.000
0.000
0.000
0.000
0.000
0.000
0.000
0.000
0.000
0.000
0.000
0.000
0.000
0.000
0.000
0.000
0.000
0.000
0.000
0.000
0.000
0.000
0.000
0.000
0.000
0.000
0.000
0.000
0.000
0.000
0.000
0.000
0.000
0.000
0.000
0.000
0.000
0.000
0.000
0.000
0.000
0.000
0.000
0.000
0.000
6.252
15.631
3.162
0.000
0.000
0.086
0.127
0.058
0.000
0.000
0.000
0.000
0.000
0.000
0.000
0.000
0.000
0.000
0.000
0.000
0.000
0.000
0.000
0.000
0.000
0.000
0.000
0.000
0.000
0.000
0.000
0.000
0.000
0.000
0.000
0.000
0.000
0.000
0.000
0.000
0.000
0.000
0.000
0.000
0.000
0.000
0.000
0.000
0.000
0.000
0.000
0.000
0.000
0.000
0.000
0.000
0.000
0.000
0.000
0.000
0.000
0.000
0.000
0.000
0.000
0.000
0.000
0.000
0.000
0.000
0.000
0.000
0.000
1.509
2.074
0.767
0.000
0.000
0.000
0.000
0.000
0.000
0.000
0.000
0.324
5.315
8.511
0.295
0.003
0.000
0.000
0.000
0.000
0.000
0.000
0.000
6.413
0.000
0.000
0.000
0.000
0.000
3.471
1.068
0.220
0.000
0.034
0.237
2.008
21.544
8.435
17.039
3.543
3.993
2.958
0.098
0.000
3.155
13.396
10.247
4.486
1.944
4.488
9.376
8.336
15.080
0.433
0.100
6.480
6.671
0.871
70.163
91.657
10.198
9.237
5.503
3.964
6.674
6.945
4.755
7.257
7.714
6.917
13.250
20.838
16.965
11.328
4.081
10.081
11.491
20.567
34.236
21.729
29.899
71.264
55.251
11.846
11.464
6.921
8.645
24.433
1.480
41.606
24.347
6.657
8.531
8.956
3.054
1.902
0.714
3.059
2.412
7.088
2.403
0.450
22.296
28.772
6.916
11.314
6.048
12.515
20.596
4.383
0.000
0.000
4.657
9.985
4.582
2.210
2.592
3.763
6.147
6.039
12.181
11.553
7.208
8.381
1.690
8.061
8.296
3.686
2.310
1.849
1.897
0.846
0.115
2.685
3.895
4.734
0.000
0.000
0.000
0.000
0.000
0.000
0.000
0.000
0.000
0.000
0.000
0.010
0.000
0.000
0.000
0.149
0.033
0.017
0.000
0.000
0.000
0.000
0.000
0.000
0.000
0.000
0.000
0.000
0.000
0.000
0.000
0.000
0.000
0.000
0.000
0.137
0.000
0.000
0.000
0.000
0.000
0.000
0.000
0.000
0.000
0.000
0.000
0.000
0.000
0.045
0.000
0.000
0.000
0.000
0.000
0.000
0.000
0.000
0.031
0.000
0.000
0.000
0.000
0.000
0.000
0.000
0.000
0.000
0.000
0.000
0.000
0.000
0.000
0.000
0.000
0.000
0.000
0.000
0.000
0.000
0.000
0.000
0.000
0.000
0.000
0.000
0.000
0.000
0.000
0.000
0.000
0.000
0.000
0.000
0.000
0.000
0.000
0.000
0.000
0.000
0.000
0.000
0.000
0.000
0.000
0.000
0.000
0.000
0.000
0.000
0.000
0.000
0.000
0.000
0.000
0.000
0.000
0.000
0.014
0.000
0.000
0.000
0.000
0.000
0.000
0.000
0.000
0.000
0.000
5.579
0.007
0.000
0.007
0.070
0.000
0.000
0.000
0.000
0.000
0.000
0.000
0.000
0.000
0.000
0.000
0.000
0.000
0.000
0.000
0.000
0.000
0.000
0.000
0.000
0.000
0.000
0.000
0.000
0.000
0.000
0.000
0.000
0.000
0.000
0.000
0.000
0.000
0.000
0.000
0.000
0.000
0.000
0.000
0.000
0.000
0.000
0.000
0.000
0.000
0.000
0.000
0.000
0.000
0.000
0.000
0.000
0.000
0.000
0.000
0.000
0.000
0.000
0.000
0.000
0.000
0.000
0.000
0.000
0.000
0.000
0.000
0.000
0.000
0.000
0.000
0.000
0.000
0.000
0.000
0.000
0.000
0.000
0.000
0.000
0.000
0.003
0.000
0.000
0.000
0.000
0.000
0.000
0.000
0.000
0.000
0.000
0.000
0.000
0.000
0.007
0.000
0.000
0.000
0.000
0.000
0.000
0.062
0.021
0.000
0.000
0.000
0.144
0.827
3.780
5.172
0.000
0.000
0.000
0.000
0.000
0.000
0.000
0.027
1.116
22.834
9.009
0.553
0.000
1.160
8.453
13.383
1.428
0.419
3.356
20.575
0.621
2.074
0.426
4.765
26.103
140.019
101.613
33.941
9.112
3.052
55.864
243.244
76.310
21.564
9.095
24.231
1.326
5.895
10.868
8.381
4.743
5.236
0.671
1.435
1.143
0.160
1.797
1.549
2.594
21.808
8.509
3.294
16.018
12.138
10.404
3.541
3.502
21.274
22.405
10.001
15.099
10.418
171.756
23.461
6.561
0.978
4.157
8.684
19.939
7.805
3.320
1.943
5.128
3.469
1.665
0.280
15.010
4.599
0.311
0.148
0.385
3.794
26.587
29.155
2.983
8.207
1.490
4.022
12.217
6.746
2.432
17.096
21.219
19.375
4.477
1.126
1.205
1.293
0.000
5.543
0.352
0.821
0.395
1.005
18.002
17.608
16.605
11.868
29.170
6.290
4.401
1.742
4.595
6.580
1.528
0.000
0.000
0.000
0.000
0.000
0.000
0.000
0.000
0.000
0.000
0.000
0.000
0.000
0.000
0.000
0.000
0.000
0.000
0.000
0.000
0.000
0.000
0.000
0.000
0.000
0.000
0.000
0.000
0.000
0.000
0.000
0.000
0.000
0.000
0.000
0.000
0.000
0.000
0.000
0.000
0.000
0.000
0.000
0.000
0.000
0.000
0.000
0.000
0.000
0.000
0.000
0.000
0.000
0.000
0.000
0.000
0.000
0.000
0.000
0.000
0.000
0.000
0.000
0.000
0.076
0.000
0.000
0.000
0.000
0.000
0.000
0.000
0.000
0.000
0.000
0.000
0.000
0.132
0.000
0.000
0.000
0.000
0.000
0.000
0.000
0.000
0.000
0.000
0.000
0.000
0.000
0.000
0.000
0.000
0.000
0.000
0.000
0.000
0.000
0.000
0.000
0.000
0.000
0.000
0.000
0.000
0.000
0.000
0.000
0.000
0.000
0.000
0.000
0.000
0.000
0.000
0.000
0.000
0.000
0.000
0.000
0.000
0.000
0.000
0.000
0.000
0.000
0.017
0.000
0.000
0.000
0.000
0.000
0.000
0.000
0.000
0.000
0.000
0.000
0.000
0.000
0.000
0.000
0.000
0.000
0.000
0.000
0.000
0.000
0.000
0.000
0.000
0.000
0.000
0.000
0.000
0.000
0.000
0.000
0.000
0.000
0.000
0.000
0.000
0.000
0.000
0.000
0.000
0.000
0.000
0.000
0.000
0.000
0.000
0.000
0.000
0.000
0.173
0.000
0.000
0.000
0.000
0.000
0.000
0.041
0.000
0.000
0.000
0.053
1.260
0.000
0.000
0.000
0.000
0.000
0.000
0.000
0.000
0.000
0.000
0.000
0.000
0.000
0.000
0.000
0.000
0.000
0.000
0.000
0.000
0.000
0.000
0.000
0.000
0.000
0.000
0.000
0.000
0.000
0.000
0.000
0.000
0.000
0.000
0.000
0.000
0.000
0.000
0.000
0.000
0.000
0.000
0.000
0.000
0.000
0.000
0.000
0.000
0.027
0.000
0.000
0.000
0.000
0.000
0.000
0.000
0.000
1.596
0.330
0.000
3.883
11.992
1.806
2.877
80.602
7.405
2.855
19.992
2.592
7.565
3.797
0.161
16.126
0.615
0.103
31.043
4.357
8.995
0.086
2.008
25.657
17.932
33.127
3.814
1.596
26.360
26.082
1.401
1.596
0.815
1.639
1.024
15.020
12.269
19.302
48.237
91.802
11.410
2.718
0.378
0.513
2.444
0.065
0.924
1.305
5.952
1.105
1.174
0.249
2.644
8.338
12.971
44.723
51.266
13.870
13.403
5.265
8.882
19.463
15.242
6.210
4.910
10.985
6.347
17.907
7.670
2.707
14.121
9.477
2.705
3.071
2.077
0.833
0.194
1.863
0.975
0.247
0.228
0.144
0.815
2.851
5.471
10.978
0.996
0.182
0.000
0.000
0.000
0.000
0.000
2.314
5.212
12.957
11.397
12.033
12.930
2.341
10.118
20.723
6.393
19.109
3.437
10.331
2.359
9.091
18.368
19.147
2.276
2.276
0.402
1.559
1.003
0.244
0.000
0.000
0.000
0.000
0.000
0.000
3.299
0.723
0.618
2.211
0.633
0.712
2.980
2.431
5.876
0.000
0.000
0.000
0.000
0.000
0.000
0.000
0.000
0.000
0.000
0.000
0.000
0.000
0.000
0.000
0.000
0.000
0.000
0.000
0.000
0.000
0.000
0.000
0.000
0.000
0.000
0.000
0.000
0.000
0.000
0.000
0.000
0.000
0.000
0.000
0.000
0.000
0.000
2.093
13.343
0.259
0.000
0.000
0.000
0.000
0.000
0.000
0.000
0.000
0.000
3.895
0.242
0.000
0.000
0.000
0.000
0.000
0.000
0.000
0.000
0.000
0.000
0.000
0.000
0.000
0.000
0.000
0.000
0.000
0.000
2.235
0.003
0.000
0.000
0.000
0.000
0.000
0.000
0.000
0.000
0.000
0.000
0.000
0.000
0.000
0.000
0.000
0.000
0.000
1.523
0.275
1.703
0.003
0.000
0.000
0.000
0.000
0.000
0.000
0.000
0.000
0.000
0.000
0.000
0.000
0.000
0.000
0.000
0.000
0.000
0.000
0.000
0.000
0.000
0.000
0.000
0.000
0.000
0.000
0.000
0.000
0.000
0.000
0.000
0.000
0.000
0.000
0.000
0.000
0.000
0.000
0.000
0.000
0.000
0.000
0.000
0.000
0.000
0.000
0.000
0.000
0.000
0.000
0.000
0.000
0.000
0.000
0.000
0.000
0.000
0.000
0.000
0.000
0.000
0.000
0.000
0.000
0.000
0.000
0.000
0.000
0.000
0.000
0.000
0.000
0.000
0.000
0.000
0.000
0.000
0.000
0.000
0.000
0.000
0.000
0.000
0.000
0.000
0.003
0.000
0.000
0.000
0.000
0.000
0.000
0.000
0.000
0.000
0.000
0.000
0.000
0.000
0.000
0.000
0.000
0.000
0.000
0.000
0.000
0.000
0.000
0.000
0.000
0.000
0.000
0.000
0.000
0.000
0.000
0.000
0.000
0.000
0.000
0.000
0.000
0.000
0.000
0.000
0.000
0.817
0.000
0.512
0.000
0.000
0.000
0.000
0.003
0.000
0.000
0.000
0.000
0.000
0.000
0.000
0.000
0.000
0.000
0.000
0.000
0.000
0.000
0.000
0.000
0.000
0.000
0.000
0.000
0.000
0.000
0.000
0.000
0.000
0.000
0.000
0.154
0.184
4.793
0.149
2.002
30.864
95.236
0.106
1.161
0.141
6.132
20.668
6.357
1.241
0.374
0.000
1.701
30.939
4.491
0.881
4.859
19.361
35.743
27.974
7.941
17.954
4.616
6.162
2.879
15.446
29.009
35.195
3.979
5.668
5.746
3.526
4.367
3.121
1.948
1.113
1.600
1.128
2.918
4.315
2.329
4.959
5.553
2.079
0.805
6.076
2.716
29.112
33.751
10.976
1.109
1.526
0.142
0.034
3.972
7.030
7.155
2.386
2.716
4.341
0.292
2.053
7.670
24.798
9.038
1.578
3.121
2.050
2.510
15.834
21.214
6.853
3.286
0.906
0.470
6.842
3.934
0.096
0.000
0.000
0.000
0.000
0.223
0.000
0.000
0.000
0.000
0.000
0.000
0.000
0.000
0.000
0.000
0.000
0.000
0.000
2.547
0.000
0.000
11.316
23.394
22.361
0.010
0.309
0.000
0.034
0.000
0.000
0.000
0.000
0.000
0.000
0.000
0.000
0.000
0.000
0.000
0.000
0.000
0.000
0.000
0.000
0.000
0.000
0.000
0.000
0.000
0.000
0.000
0.000
0.000
0.000
0.000
0.000
0.000
0.000
0.000
0.558
28.537
25.947
3.873
1.773
10.849
2.226
0.000
0.000
0.000
0.000
0.000
0.000
0.000
0.000
0.000
0.000
0.000
0.000
0.000
0.000
0.000
0.000
0.000
0.000
0.000
0.000
0.000
0.000
0.000
0.000
0.000
0.000
0.000
0.000
0.000
0.185
0.278
0.000
0.000
0.000
0.000
0.000
0.000
0.000
0.000
0.000
0.000
0.000
0.000
0.000
0.000
0.000
0.000
0.000
0.000
0.000
0.000
0.000
0.000
0.000
0.000
0.003
3.375
0.000
0.000
0.000
0.000
0.000
0.000
0.000
0.000
0.000
0.000
0.000
0.000
0.000
0.000
0.000
0.000
0.000
0.000
0.000
0.000
0.000
0.000
0.055
0.000
0.000
0.000
0.000
0.000
0.000
0.100
0.000
0.000
0.000
0.000
0.000
0.000
0.000
0.000
0.000
0.000
0.551
0.043
0.000
0.000
0.000
0.000
0.000
0.000
0.000
0.000
0.000
0.000
0.000
0.000
0.000
0.000
0.000
0.017
0.045
0.000
0.000
0.000
0.000
0.000
0.000
0.000
0.000
0.000
0.000
0.000
0.000
0.000
0.000
0.000
0.000
0.000
0.000
0.000
0.000
0.000
0.000
0.000
0.000
0.000
0.000
0.000
0.000
0.000
0.000
0.000
0.000
0.000
0.000
0.000
0.000
0.000
0.000
0.000
0.000
0.000
0.000
0.000
0.000
0.000
0.000
0.000
0.000
0.000
0.045
0.000
0.179
0.000
0.000
0.000
0.000
0.000
0.000
0.000
0.000
0.000
0.000
0.000
0.000
0.000
0.000
0.000
0.000
0.000
0.000
0.000
0.000
0.000
0.000
0.000
0.000
0.000
0.000
0.000
0.000
0.000
0.081
2.359
1.402
0.220
0.000
0.000
0.000
0.000
0.034
0.000
0.000
0.000
0.007
28.089
20.936
11.429
0.000
0.000
0.000
0.103
0.058
1.318
1.389
3.979
0.388
3.452
2.676
5.704
0.000
0.003
2.999
4.847
16.687
17.669
4.746
17.585
17.313
7.938
9.453
4.762
1.614
6.791
8.185
15.237
47.588
21.978
2.122
2.208
3.244
5.167
11.165
2.482
34.761
51.224
0.284
3.794
0.460
3.214
10.884
6.702
8.123
5.342
3.632
8.607
13.173
14.996
27.050
5.153
1.033
7.677
4.673
6.739
5.095
6.039
0.872
1.981
4.563
8.954
3.852
2.135
1.899
4.144
0.333
1.013
4.522
12.809
21.712
13.417
24.237
33.117
17.870
9.029
1.900
5.255
2.331
15.137
13.287
6.568
13.661
42.898
5.342
2.163
1.140
6.070
7.684
9.507
2.637
2.482
0.762
0.742
0.069
0.295
0.000
0.388
1.456
1.600
0.010
0.000
0.000
0.000
0.000
0.000
0.000
0.000
0.000
0.000
0.000
0.000
0.000
0.000
0.000
0.330
2.892
0.003
0.000
0.000
0.000
8.550
0.335
11.937
15.278
0.604
2.146
1.473
0.000
0.000
0.000
0.000
0.000
0.000
0.184
0.115
0.000
0.000
0.000
0.000
0.000
0.000
0.000
0.007
0.795
0.728
0.972
4.587
11.491
7.121
8.672
15.353
0.381
1.203
1.159
0.014
0.000
24.809
10.801
3.660
0.879
0.089
12.195
0.436
0.000
0.000
0.000
0.000
0.014
0.000
0.000
0.000
0.000
0.000
0.000
0.000
0.000
0.000
0.000
0.000
0.000
0.000
0.000
0.000
0.000
0.000
0.000
0.000
0.000
0.000
0.000
0.000
0.000
0.000
0.000
0.000
0.000
0.000
0.000
0.000
0.000
0.000
0.000
0.000
0.000
0.000
0.000
0.000
0.000
0.000
0.000
0.000
0.000
0.000
0.000
0.000
0.000
0.000
0.000
0.000
0.000
0.000
0.000
0.000
0.003
0.000
0.000
0.000
0.000
0.000
0.002
0.000
0.000
0.000
0.000
0.000
0.000
0.000
0.002
0.002
0.000
0.000
0.000
0.000
0.000
0.000
0.000
0.000
0.000
0.000
0.000
0.000
0.000
0.000
0.000
0.000
0.024
0.002
0.000
0.000
0.000
0.000
0.000
0.000
0.000
0.000
0.002
0.000
0.002
0.002
0.000
0.000
0.000
0.000
0.000
0.000
0.000
0.000
0.000
0.002
0.002
0.000
0.002
0.000
0.000
0.000
0.002
0.000
0.000
0.000
0.000
0.000
0.000
0.000
0.000
0.000
0.000
0.000
0.003
0.002
0.000
0.000
0.000
0.000
0.000
0.000
0.000
0.000
0.000
0.002
0.000
0.000
0.000
0.000
0.000
0.000
0.000
0.000
0.000
0.000
0.000
0.000
0.000
0.000
0.000
0.000
0.000
0.000
0.000
0.000
0.000
0.000
0.000
0.439
0.007
0.000
0.000
0.144
0.203
0.000
0.000
0.000
0.000
0.000
0.000
0.000
0.000
0.000
0.000
0.000
8.109
1.020
0.838
0.395
0.021
0.237
0.529
1.737
0.924
28.509
3.361
0.779
11.446
0.079
2.230
7.520
23.909
0.251
5.411
12.749
55.970
28.786
24.096
8.604
29.838
67.490
105.527
8.578
5.243
5.768
6.067
9.994
9.053
18.996
36.126
35.548
62.639
40.945
25.385
10.447
30.046
35.288
17.396
7.905
26.259
24.345
12.621
5.318
12.236
17.832
57.713
29.478
11.518
7.756
18.986
33.632
28.678
6.281
38.765
6.990
4.776
13.002
30.089
16.582
12.116
7.330
17.187
59.455
67.631
12.926
9.479
12.006
26.698
14.962
13.160
5.122
4.990
18.869
19.367
27.284
6.358
23.353
47.918
72.091
8.992
14.114
57.034
43.386
40.265
38.471
84.818
24.812
29.344
23.466
2.620
3.502
6.916
8.501
2.836
8.080
9.750
11.361
8.772
6.513
14.032
6.238
4.027
4.882
4.389
7.938
2.762
7.999
6.492
4.261
4.209
6.025
1.459
0.690
1.974
0.350
0.060
1.027
0.039
0.000
0.000
0.010
0.003
0.007
0.000
0.031
0.003
0.000
0.000
0.000
0.000
0.002
0.409
0.882
0.000
0.000
0.000
0.000
0.000
0.000
0.000
0.000
0.000
0.000
0.002
0.000
0.000
0.000
0.002
0.000
0.000
0.000
0.000
0.000
0.000
0.000
0.000
0.000
0.000
0.000
0.000
0.000
0.000
0.000
0.000
0.000
0.000
0.000
0.000
0.000
0.000
0.000
0.002
0.000
0.000
0.000
0.000
0.000
0.000
0.000
0.000
0.000
0.000
0.000
0.000
0.000
0.002
0.000
0.000
0.000
0.000
0.000
0.000
0.000
0.000
0.000
0.000
0.000
0.000
0.000
0.000
0.000
0.000
0.000
0.000
0.000
0.000
0.000
0.549
0.000
0.000
0.000
0.000
0.000
0.000
0.000
0.003
0.000
0.000
0.000
0.000
0.000
0.000
0.002
0.000
0.000
0.002
0.000
0.000
0.000
0.000
0.000
0.000
0.000
0.000
0.003
0.000
0.000
0.000
0.000
0.000
0.000
0.000
0.000
0.000
0.000
0.000
0.000
0.000
0.000
0.000
0.000
0.000
0.000
0.002
0.000
0.000
0.000
0.000
0.000
0.000
0.000
0.000
0.000
0.000
0.000
0.000
0.002
0.000
0.000
0.000
0.000
0.000
0.000
0.000
0.000
0.000
0.000
0.000
0.000
0.000
0.000
0.000
0.000
0.002
0.000
0.000
0.000
0.000
0.000
0.000
0.000
0.000
0.000
0.000
0.000
0.000
0.000
0.000
0.000
0.000
0.000
0.000
0.000
0.000
0.000
0.000
0.000
0.000
0.000
0.000
0.000
0.000
0.000
0.000
0.000
0.000
0.400
10.052
0.038
0.000
0.000
0.000
0.000
0.000
0.000
0.000
0.000
0.000
0.000
0.000
0.000
0.000
0.000
0.000
0.034
2.808
1.037
0.026
0.319
0.021
0.000
0.000
0.000
0.000
0.000
0.000
0.000
0.000
0.000
0.000
0.000
0.000
0.000
0.000
0.000
0.000
0.000
0.000
0.000
0.000
0.000
0.000
0.021
0.306
0.172
4.896
0.010
2.444
1.311
0.292
3.775
95.885
28.091
0.000
0.065
0.000
0.000
1.003
0.024
0.058
0.000
0.000
0.903
1.272
0.003
1.390
3.464
0.192
0.003
3.009
3.691
12.765
99.873
20.385
34.425
7.445
19.200
7.405
318.387
33.361
18.182
14.396
10.042
5.263
8.925
5.878
88.344
6.499
3.866
1.202
8.425
7.311
25.550
17.369
23.555
15.666
9.448
41.415
18.550
14.289
10.197
27.514
36.574
8.665
9.541
3.438
14.384
175.435
14.574
12.487
53.115
30.906
89.185
17.317
48.045
7.187
5.861
6.049
8.140
11.937
59.237
3.454
1.799
3.533
4.367
8.195
10.334
9.574
8.669
15.630
20.074
28.025
16.761
25.492
38.462
52.758
66.018
22.795
4.597
10.286
3.371
46.579
10.758
3.296
11.237
7.841
0.378
2.839
2.633
0.913
7.622
17.223
15.067
2.735
11.215
9.390
1.226
0.000
0.000
0.000
0.000
0.000
0.007
0.000
3.516
4.628
0.144
0.000
0.161
0.000
0.000
0.000
0.000
0.000
0.000
0.000
0.000
0.000
0.000
0.000
0.000
0.000
0.000
0.000
0.002
0.000
0.000
0.000
0.000
0.000
0.002
0.000
0.000
0.000
0.000
0.000
0.000
0.000
0.000
0.000
0.000
0.002
0.000
0.000
0.000
0.000
0.000
0.002
0.000
0.000
0.000
0.000
0.000
0.002
0.000
0.000
0.000
0.000
0.000
0.000
0.000
0.000
0.000
0.000
0.003
0.000
0.000
0.000
0.000
0.000
0.000
0.000
0.000
0.000
0.002
0.000
0.000
0.000
0.000
0.000
0.000
0.000
0.000
0.000
0.000
0.000
0.000
0.002
0.000
0.000
0.000
0.000
0.000
0.000
0.000
0.000
0.000
0.000
0.000
0.000
0.000
0.000
0.000
0.000
0.000
0.000
0.000
0.000
0.000
0.000
0.000
0.000
0.000
0.000
0.002
0.003
0.000
0.002
0.000
0.000
0.000
0.000
0.000
0.000
0.000
0.000
0.000
0.233
0.209
0.000
0.000
0.000
0.000
0.000
0.000
0.141
0.000
0.134
0.017
1.610
0.000
0.000
0.000
0.000
0.000
0.000
0.000
0.003
0.000
0.000
0.000
0.000
0.000
0.000
0.000
0.000
0.000
0.000
0.000
0.000
0.000
0.000
0.000
0.002
0.002
0.000
0.000
0.302
0.031
0.000
0.000
0.000
0.000
0.000
0.002
0.000
0.000
0.000
0.000
0.972
0.000
0.000
0.000
0.000
0.000
0.000
0.000
0.000
0.000
0.000
0.000
0.000
0.000
0.000
0.000
0.000
0.000
0.000
0.000
0.000
0.179
0.247
0.148
0.539
0.000
0.000
0.000
0.000
0.000
0.000
0.000
0.000
0.000
0.003
0.000
0.000
0.000
0.000
0.000
0.000
0.000
0.000
0.000
0.000
0.000
0.000
0.000
0.000
0.000
0.000
0.000
0.000
0.000
0.000
0.000
0.000
0.002
0.000
0.000
0.000
0.439
0.000
0.000
0.000
0.000
4.395
3.953
0.954
5.814
4.393
8.844
2.220
45.106
1.627
9.998
10.001
2.444
10.284
8.259
8.396
21.977
16.474
12.957
2.079
2.129
7.178
3.323
7.705
0.474
14.341
4.079
5.500
1.025
0.087
17.194
187.907
169.900
41.067
7.333
14.550
11.678
13.245
13.194
13.132
58.052
104.442
29.050
17.830
16.572
7.486
32.180
10.178
34.377
58.770
11.934
13.336
19.896
46.711
52.352
25.780
5.378
16.916
14.730
4.930
25.686
60.816
44.577
6.595
3.399
4.707
15.195
4.940
5.819
24.160
17.954
21.849
11.893
18.601
30.834
2.657
8.679
10.873
6.480
7.828
11.376
23.463
16.009
56.363
39.185
5.102
0.860
0.237
5.589
4.885
7.498
7.742
2.359
5.364
7.838
8.605
7.732
3.083
7.618
10.423
0.645
0.331
4.398
1.521
4.168
5.170
4.492
8.104
1.095
0.000
0.003
0.000
10.451
41.995
75.256
6.660
22.615
0.951
2.345
10.346
10.149
14.499
16.205
12.459
4.978
5.452
3.765
3.984
11.409
17.190
19.657
13.620
9.836
2.556
1.658
6.746
0.007
0.000
0.000
0.000
0.000
0.000
0.000
0.000
0.000
0.000
1.047
0.086
0.000
0.002
0.000
0.000
0.000
0.000
0.000
0.000
0.000
0.000
0.000
0.000
0.000
0.103
0.000
0.001
0.000
0.000
0.000
0.000
0.000
0.000
0.000
0.000
0.000
0.000
0.000
0.000
0.000
0.000
0.000
0.000
0.000
0.000
0.000
0.000
0.002
0.000
0.000
0.000
0.000
0.000
0.002
0.000
0.000
0.000
0.000
0.000
0.003
0.002
0.000
0.000
0.002
0.000
0.000
0.000
0.000
0.000
0.000
0.000
0.000
0.002
0.000
0.000
0.179
0.031
0.000
0.216
0.003
0.065
0.000
0.000
0.000
0.000
0.000
0.000
0.000
0.000
0.000
0.000
0.000
0.000
0.000
0.000
0.000
0.000
0.038
0.154
0.003
0.014
0.000
0.000
0.000
0.000
0.000
0.000
0.000
0.000
0.000
0.000
0.000
0.000
0.000
0.000
0.000
0.000
0.000
0.000
0.000
0.010
0.000
0.280
0.000
0.000
0.000
0.000
0.000
0.065
0.000
0.000
0.199
0.621
0.089
0.003
0.000
0.002
0.000
0.000
0.280
0.130
0.000
0.000
0.000
0.000
0.185
0.064
0.000
0.000
0.000
0.000
0.000
0.000
0.000
0.000
0.000
0.000
0.002
0.000
0.000
0.000
0.000
0.000
0.000
0.000
0.000
0.000
0.000
0.000
0.000
0.003
0.002
0.000
0.000
0.000
0.000
0.000
0.000
0.000
0.000
0.000
0.000
0.000
0.000
0.000
0.395
0.048
0.007
0.000
0.000
0.000
0.000
0.000
0.000
0.000
0.000
0.000
0.003
0.000
0.000
0.000
0.076
0.014
0.000
0.002
0.000
0.000
0.000
0.000
0.000
0.007
0.000
0.000
0.000
0.000
0.000
0.000
0.000
0.000
0.000
0.000
0.000
0.000
0.000
0.309
0.000
0.000
0.000
0.002
0.000
0.003
0.000
0.000
0.237
0.000
1.384
0.000
0.000
0.457
2.554
0.000
0.601
0.793
0.007
0.707
0.082
1.033
0.124
0.000
0.003
0.100
0.089
0.113
0.759
0.000
0.000
0.002
0.000
0.000
0.017
1.354
0.360
0.002
0.000
0.117
0.065
2.359
15.350
4.875
4.566
0.386
13.321
11.326
36.615
4.312
45.875
54.839
32.640
3.622
3.831
109.036
20.637
25.928
19.535
12.801
17.470
8.465
8.477
2.225
