20000101
0.255
0.241
0.244
0.233
0.258
0.256
0.266
0.279
0.279
0.352
0.271
0.330
0.331
0.301
0.227
0.344
0.297
0.331
0.325
0.192
0.235
0.476
0.460
0.407
0.301
0.296
0.269
0.266
0.189
0.163
0.161
0.380
0.440
0.496
0.468
0.528
0.245
0.270
0.253
0.193
0.204
0.338
0.242
0.307
0.282
0.290
0.297
0.135
0.104
0.123
0.202
0.269
0.323
0.349
0.401
0.354
0.288
0.104
0.105
0.114
0.134
0.168
0.212
0.174
0.178
0.154
0.232
0.139
0.098
0.082
0.171
0.247
0.337
0.292
0.104
0.193
0.275
0.215
0.075
0.049
0.071
0.133
0.140
0.101
0.090
0.093
0.079
0.060
0.075
0.077
0.086
0.111
0.087
0.077
0.090
0.146
0.126
0.103
0.107
0.102
0.097
0.115
0.089
0.151
0.197
0.240
0.219
0.126
0.116
0.114
0.107
0.112
0.190
0.242
0.235
0.250
0.277
0.282
0.208
0.207
0.187
0.129
0.136
0.142
0.159
0.147
0.147
0.182
0.251
0.302
0.296
0.310
0.387
0.371
0.367
0.363
0.423
0.408
0.495
0.597
0.629
0.535
0.457
0.439
0.377
0.378
0.371
0.340
0.330
0.383
0.409
0.486
0.488
0.374
0.310
0.426
0.376
0.287
0.382
0.530
0.529
0.388
0.363
0.396
0.503
0.506
0.466
0.420
0.401
0.375
0.412
0.424
0.434
0.438
0.442
0.497
0.476
0.470
0.451
0.501
0.468
0.477
0.554
0.707
0.697
0.631
0.563
0.542
0.638
0.699
0.772
0.790
0.821
0.941
0.880
0.894
0.853
0.790
0.828
0.884
0.899
0.909
0.875
0.777
0.695
0.640
0.596
0.586
0.544
0.583
0.773
0.727
0.658
0.666
0.596
0.602
0.584
0.508
0.514
0.448
0.479
0.495
0.580
0.641
0.855
0.853
0.868
0.889
0.824
0.791
0.836
0.874
0.914
0.835
0.887
0.805
0.771
0.806
0.806
0.838
0.819
0.833
0.824
0.824
0.821
0.836
0.830
0.856
0.921
0.947
0.853
0.787
0.732
0.698
0.671
0.653
0.612
0.565
0.519
0.502
0.538
0.520
0.531
0.475
0.415
0.455
0.500
0.530
0.510
0.519
0.407
0.464
0.436
0.389
0.396
0.305
0.320
0.331
0.315
0.342
0.326
0.378
0.342
0.385
0.333
0.343
0.459
0.392
0.271
0.155
0.178
0.222
0.266
0.269
0.219
0.190
0.266
0.339
0.302
0.274
0.200
0.171
0.172
0.283
0.323
0.200
0.194
0.236
0.283
0.305
0.263
0.222
0.258
0.251
0.248
0.274
0.299
0.329
0.305
0.240
0.232
0.215
0.231
0.204
0.199
0.193
0.226
0.258
0.289
0.238
0.244
0.273
0.323
0.228
0.211
0.163
0.160
0.156
0.147
0.184
0.207
0.173
0.178
0.238
0.321
0.208
0.209
0.245
0.301
0.235
0.225
0.217
0.236
0.277
0.252
0.273
0.169
0.148
0.171
0.177
0.162
0.175
0.189
0.191
0.206
0.573
0.519
0.329
0.312
0.350
0.365
0.334
0.381
0.292
0.251
0.287
0.400
0.450
0.382
0.261
0.338
0.433
0.354
0.426
0.434
0.354
0.265
0.322
0.251
0.126
0.135
0.125
0.119
0.143
0.168
0.206
0.238
0.212
0.193
0.176
0.188
0.092
0.120
0.133
0.111
0.097
0.113
0.150
0.159
0.143
0.203
0.187
0.170
0.165
0.148
0.188
0.178
0.156
0.080
0.105
0.185
0.217
0.301
0.252
0.152
0.148
0.109
0.164
0.177
0.176
0.090
0.101
0.103
0.172
0.227
0.298
0.300
0.259
0.248
0.178
0.166
0.198
0.133
0.161
0.212
0.256
0.248
0.207
0.222
0.247
0.206
0.199
0.263
0.209
0.186
0.111
0.114
0.092
0.086
0.112
0.132
0.087
0.060
0.069
0.087
0.127
0.167
0.210
0.195
0.158
0.145
0.236
0.254
0.303
0.253
0.205
0.117
0.085
0.090
0.107
0.113
0.108
0.128
0.134
0.160
0.184
0.167
0.140
0.150
0.194
0.185
0.212
0.184
0.194
0.238
0.263
0.258
0.268
0.259
0.270
0.312
0.335
0.329
0.359
0.400
0.397
0.398
0.359
0.244
0.231
0.347
0.399
0.325
0.325
0.371
0.443
0.557
0.544
0.525
0.510
0.510
0.561
0.519
0.500
0.531
0.509
0.511
0.467
0.503
0.547
0.660
0.737
0.851
0.789
0.735
0.782
0.844
0.677
0.600
0.559
0.526
0.513
0.524
0.608
0.522
0.546
0.533
0.643
0.860
0.861
0.794
0.714
0.671
0.615
0.666
0.671
0.840
0.817
0.813
0.762
0.757
0.772
0.795
0.844
0.879
0.859
0.818
0.901
0.813
0.886
0.819
0.811
0.768
0.727
0.738
0.733
0.709
0.680
0.642
0.776
0.619
0.592
0.818
0.777
0.851
0.805
0.792
0.790
0.793
0.860
0.828
0.805
0.834
0.882
0.884
0.859
0.720
0.740
0.769
0.777
0.744
0.775
0.790
0.726
0.689
0.688
0.685
0.670
0.621
0.727
0.711
0.657
0.614
0.636
0.594
0.688
0.612
0.560
0.575
0.597
0.610
0.612
0.540
0.510
0.573
0.568
0.569
0.508
0.549
0.407
0.355
0.372
0.329
0.455
0.466
0.382
0.243
0.191
0.277
0.515
0.627
0.682
0.795
0.754
0.668
0.546
0.605
0.633
0.629
0.698
0.790
0.573
0.556
0.623
0.358
0.306
0.258
0.232
0.251
0.264
0.299
0.261
0.286
0.288
0.245
0.227
0.238
0.301
0.314
0.327
0.294
0.260
0.258
0.308
0.245
0.231
0.299
0.335
0.276
0.246
0.251
0.232
0.230
0.200
0.228
0.296
0.383
0.323
0.186
0.218
0.207
0.205
0.206
0.202
0.200
0.212
0.216
0.205
0.195
0.216
0.228
0.240
0.255
0.295
0.330
0.248
0.244
0.259
0.314
0.275
0.335
0.341
0.308
0.313
0.331
0.342
0.323
0.267
0.238
0.305
0.316
0.233
0.262
0.256
0.243
0.270
0.354
0.303
0.337
0.377
0.314
0.183
0.210
0.202
0.214
0.236
0.374
0.388
0.279
0.271
0.267
0.259
0.214
0.181
0.237
0.377
0.476
0.397
0.323
0.420
0.516
0.451
0.413
0.432
0.300
0.299
0.438
0.327
0.191
0.203
0.185
0.211
0.250
0.280
0.206
0.228
0.257
0.195
0.202
0.131
0.144
0.465
0.575
0.429
0.363
0.344
0.308
0.280
0.342
0.423
0.363
0.287
0.207
0.205
0.224
0.287
0.179
0.182
0.168
0.167
0.194
0.177
0.226
0.152
0.139
0.128
0.151
0.262
0.293
0.244
0.184
0.165
0.181
0.342
0.357
0.200
0.150
0.133
0.101
0.088
0.128
0.185
0.158
0.213
0.235
0.250
0.187
0.101
0.075
0.066
0.072
0.129
0.228
0.101
0.156
0.192
0.169
0.280
0.298
0.203
0.155
0.118
0.133
0.129
0.135
0.206
0.211
0.212
0.179
0.183
0.164
0.159
0.145
0.188
0.167
0.155
0.116
0.033
0.059
0.113
0.136
0.100
0.074
0.074
0.061
0.105
0.140
0.211
0.206
0.302
0.299
0.320
0.330
0.347
0.321
0.293
0.254
0.281
0.296
0.294
0.353
0.357
0.352
0.323
0.248
0.266
0.315
0.350
0.354
0.373
0.362
0.293
0.235
0.288
0.305
0.346
0.339
0.387
0.411
0.371
0.346
0.339
0.309
0.347
0.451
0.506
0.433
0.428
0.469
0.492
0.519
0.546
0.638
0.682
0.602
0.548
0.653
0.788
0.824
0.849
0.835
0.809
0.713
0.609
0.590
0.590
0.519
0.501
0.570
0.597
0.509
0.537
0.515
0.499
0.521
0.524
0.626
0.651
0.614
0.838
0.786
0.893
0.741
0.766
0.767
0.754
0.763
0.777
0.768
0.623
0.671
0.541
0.499
0.522
0.580
0.728
0.737
0.847
0.855
0.863
0.858
0.856
0.879
0.853
0.838
0.864
0.846
0.819
0.895
0.913
0.909
0.909
0.852
0.866
0.818
0.847
0.926
0.918
0.850
0.806
0.773
0.856
0.922
0.917
0.916
0.909
0.925
0.923
0.926
0.849
0.840
0.795
0.820
0.749
0.745
0.700
0.705
0.641
0.652
0.648
0.672
0.736
0.684
0.612
0.559
0.586
0.592
0.604
0.723
0.697
0.624
0.537
0.492
0.447
0.398
0.378
0.316
0.319
0.318
0.348
0.350
0.340
0.334
0.360
0.326
0.300
0.439
0.341
0.351
0.530
0.627
0.595
0.375
0.360
0.355
0.353
0.254
0.261
0.254
0.241
0.263
0.258
0.286
0.310
0.306
0.313
0.340
0.346
0.316
0.328
0.369
0.464
0.350
0.278
0.277
0.504
0.684
0.540
0.362
0.427
0.296
0.266
0.295
0.297
0.300
0.357
0.328
0.313
0.308
0.303
0.328
0.309
0.259
0.250
0.202
0.248
0.259
0.359
0.407
0.327
0.370
0.361
0.332
0.326
0.306
0.318
0.244
0.260
0.268
0.267
0.289
0.309
0.292
0.311
0.392
0.335
0.303
0.316
0.278
0.359
0.333
0.339
0.349
0.358
0.453
0.468
0.442
0.540
0.521
0.486
0.396
0.339
0.491
0.387
0.409
0.587
0.599
0.434
0.461
0.217
0.178
0.160
0.209
0.207
0.230
0.254
0.346
0.352
0.223
0.186
0.232
0.242
0.300
0.364
0.307
0.288
0.303
0.606
0.738
0.581
0.623
0.575
0.442
0.328
0.146
0.209
0.259
0.325
0.306
0.228
0.175
0.205
0.204
0.194
0.401
0.525
0.449
0.232
0.251
0.237
0.262
0.218
0.241
0.287
0.245
0.227
0.231
0.219
0.064
0.064
0.082
0.082
0.083
0.087
0.103
0.129
0.100
0.095
0.089
0.103
0.121
0.157
0.163
0.194
0.145
0.113
0.120
0.133
0.133
0.123
0.111
0.101
0.128
0.152
0.219
0.233
0.126
0.150
0.199
0.268
0.315
0.218
0.258
0.257
0.157
0.173
0.147
0.134
0.156
0.187
0.205
0.196
0.258
0.252
0.235
0.164
0.187
0.138
0.098
0.087
0.147
0.205
0.160
0.116
0.072
0.075
0.098
0.151
0.199
0.233
0.198
0.207
0.197
0.195
0.121
0.079
0.083
0.092
0.103
0.158
0.075
0.155
0.172
0.246
0.323
0.303
0.300
0.284
0.355
0.343
0.268
0.263
0.317
0.271
0.331
0.287
0.223
0.166
0.229
0.259
0.244
0.281
0.376
0.388
0.390
0.350
0.334
0.365
0.409
0.433
0.542
0.447
0.534
0.635
0.596
0.664
0.746
0.730
0.742
0.725
0.791
0.824
0.793
0.742
0.769
0.775
0.750
0.667
0.614
0.710
0.868
0.829
0.856
0.788
0.770
0.771
0.725
0.737
0.757
0.754
0.741
0.748
0.822
0.751
0.728
0.738
0.766
0.757
0.742
0.799
0.827
0.858
0.856
0.907
0.904
0.875
0.848
0.795
0.815
0.828
0.864
0.872
0.865
0.789
0.823
0.838
0.943
0.904
0.851
0.850
0.894
0.829
0.802
0.844
0.847
0.795
0.815
0.782
0.770
0.752
0.802
0.932
0.911
0.909
0.870
0.899
0.889
0.939
0.912
0.902
0.861
0.900
0.867
0.836
0.796
0.800
0.736
0.760
0.842
0.777
0.752
0.750
0.760
0.819
0.872
0.810
0.856
0.847
0.863
0.853
0.888
0.883
0.837
0.844
0.863
0.861
0.903
0.921
0.860
0.788
0.714
0.698
0.621
0.598
0.692
0.760
0.744
0.614
0.628
0.554
0.482
0.495
0.500
0.462
0.472
0.512
0.520
0.436
0.453
0.345
0.342
0.364
0.427
0.342
0.398
0.442
0.445
0.486
0.488
0.559
0.421
0.500
0.487
0.464
0.446
0.406
0.391
0.484
0.448
0.421
0.345
0.320
0.331
0.374
0.367
0.391
0.480
0.500
0.483
0.481
0.440
0.405
0.358
0.408
0.429
0.432
0.467
0.429
0.417
0.480
0.398
0.397
0.389
0.427
0.408
0.410
0.276
0.321
0.326
0.380
0.365
0.393
0.458
0.380
0.304
0.381
0.436
0.453
0.440
0.427
0.354
0.354
0.395
0.415
0.390
0.417
0.375
0.471
0.489
0.366
0.365
0.373
0.422
0.421
0.447
0.432
0.603
0.563
0.477
0.410
0.335
0.310
0.341
0.359
0.340
0.349
0.362
0.330
0.379
0.313
0.341
0.390
0.399
0.376
0.385
0.412
0.588
0.358
0.326
0.506
0.492
0.433
0.414
0.299
0.293
0.268
0.172
0.194
0.207
0.193
0.211
0.235
0.290
0.285
0.342
0.350
0.251
0.235
0.183
0.205
0.287
0.223
0.213
0.184
0.157
0.151
0.166
0.174
0.192
0.181
0.146
0.137
0.139
0.121
0.135
0.156
0.088
0.072
0.074
0.106
0.114
0.114
0.089
0.105
0.100
0.105
0.093
0.090
0.077
0.071
0.075
0.094
0.126
0.164
0.168
0.151
0.174
0.176
0.136
0.130
0.127
0.107
0.130
0.143
0.175
0.161
0.136
0.180
0.166
0.280
0.265
0.258
0.225
0.186
0.172
0.183
0.181
0.227
0.275
0.242
0.279
0.267
0.194
0.221
0.234
0.158
0.113
0.107
0.151
0.203
0.231
0.246
0.228
0.069
0.081
0.106
0.188
0.217
0.273
0.294
0.272
0.319
0.505
0.445
0.458
0.464
0.448
0.386
0.376
0.343
0.282
0.354
0.350
0.371
0.346
0.347
0.327
0.276
0.259
0.208
0.194
0.155
0.202
0.224
0.244
0.251
0.274
0.313
0.370
0.378
0.368
0.464
0.442
0.415
0.446
0.558
0.587
0.662
0.764
0.778
0.771
0.665
0.676
0.600
0.561
0.539
0.525
0.546
0.546
0.544
0.517
0.508
0.562
0.583
0.640
0.640
0.662
0.792
0.770
0.852
0.784
0.687
0.660
0.665
0.585
0.546
0.510
0.515
0.576
0.699
0.702
0.663
0.703
0.664
0.626
0.588
0.590
0.676
0.695
0.772
0.762
0.783
0.853
0.910
0.909
0.887
0.788
0.819
0.856
0.901
0.911
0.888
0.903
0.921
0.922
0.918
0.938
0.934
0.929
0.949
0.925
0.891
0.874
0.852
0.853
0.892
0.943
0.950
0.916
0.844
0.834
0.828
0.808
0.786
0.807
0.823
0.834
0.820
0.798
0.817
0.782
0.681
0.646
0.742
0.756
0.745
0.746
0.733
0.777
0.753
0.735
0.784
0.810
0.841
0.764
0.841
0.804
0.796
0.768
0.807
0.791
0.756
0.655
0.656
0.720
0.659
0.757
0.783
0.815
0.866
0.841
0.748
0.710
0.690
0.778
0.842
0.654
0.546
0.577
0.487
0.468
0.471
0.459
0.431
0.417
0.380
0.389
0.406
0.420
0.397
0.393
0.292
0.325
0.314
0.417
0.360
0.304
0.362
0.397
0.325
0.272
0.327
0.338
0.336
0.301
0.432
0.618
0.650
0.501
0.427
0.389
0.335
0.293
0.333
0.355
0.343
0.327
0.322
0.338
0.376
0.339
0.345
0.371
0.375
0.344
0.346
0.346
0.335
0.318
0.371
0.359
0.352
0.351
0.316
0.304
0.250
0.224
0.256
0.309
0.388
0.357
0.278
0.255
0.278
0.300
0.414
0.531
0.528
0.534
0.375
0.443
0.338
0.374
0.415
0.419
0.322
0.354
0.554
0.461
0.532
0.438
0.473
0.352
0.396
0.312
0.294
0.374
0.420
0.295
0.307
0.285
0.284
0.304
0.341
0.316
0.419
0.282
0.256
0.312
0.290
0.262
0.240
0.338
0.400
0.478
0.633
0.680
0.726
0.580
0.384
0.356
0.392
0.383
0.360
0.471
0.400
0.308
0.285
0.283
0.234
0.268
0.294
0.313
0.392
0.440
0.444
0.323
0.117
0.173
0.240
0.150
0.166
0.146
0.176
0.208
0.272
0.346
0.291
0.247
0.212
0.237
0.231
0.280
0.327
0.579
0.365
0.277
0.235
0.236
0.225
0.166
0.117
0.127
0.107
0.144
0.168
0.180
0.249
0.281
0.209
0.136
0.139
0.205
0.222
0.200
0.099
0.119
0.076
0.066
0.062
0.062
0.070
0.066
0.154
0.177
0.148
0.081
0.043
0.063
0.076
0.147
0.165
0.137
0.137
0.114
0.070
0.063
0.079
0.142
0.180
0.202
0.241
0.199
0.170
0.163
0.203
0.247
0.229
0.211
0.197
0.228
0.274
0.263
0.283
0.278
0.251
0.249
0.202
0.150
0.127
0.153
0.194
0.204
0.204
0.236
0.288
0.204
0.158
0.159
0.223
0.223
0.169
0.176
0.211
0.257
0.261
0.218
0.176
0.182
0.224
0.248
0.260
0.262
0.226
0.278
0.365
0.326
0.288
0.305
0.292
0.348
0.357
0.330
0.389
0.352
0.318
0.350
0.370
0.398
0.442
0.452
0.548
0.657
0.699
0.727
0.878
0.767
0.794
0.842
0.842
0.847
0.820
0.841
0.822
0.825
0.852
0.779
0.756
0.744
0.849
0.738
0.844
0.899
0.776
0.718
0.716
0.725
0.744
0.707
0.678
0.620
0.647
0.843
0.842
0.834
0.945
0.932
0.870
0.841
0.931
0.924
0.921
0.908
0.911
0.926
0.882
0.872
0.834
0.825
0.848
0.804
0.772
0.805
0.783
0.830
0.861
0.817
0.797
0.822
0.785
0.775
0.750
0.767
0.760
0.752
0.753
0.752
0.683
0.678
0.643
0.619
0.506
0.492
0.548
0.688
0.725
0.769
0.794
0.855
0.818
0.870
0.872
0.899
0.888
0.922
0.912
0.886
0.910
0.936
0.910
0.843
0.890
0.927
0.914
0.829
0.844
0.821
0.781
0.774
0.738
0.716
0.666
0.652
0.603
0.503
0.449
0.464
0.473
0.456
0.428
0.394
0.401
0.442
0.415
0.523
0.724
0.629
0.505
0.345
0.444
0.499
0.435
0.441
0.481
0.540
0.541
0.357
0.362
0.348
0.312
0.326
0.353
0.376
0.368
0.336
0.306
0.340
0.357
0.308
0.286
0.322
0.357
0.352
0.403
0.299
0.290
0.329
0.296
0.297
0.277
0.246
0.261
0.247
0.265
0.357
0.395
0.400
0.390
0.398
0.304
0.425
0.517
0.520
0.437
0.428
0.355
0.265
0.261
0.263
0.275
0.298
0.251
0.251
0.271
0.285
0.315
0.299
0.246
0.273
0.311
0.295
0.360
0.352
0.418
0.314
0.320
0.279
0.251
0.319
0.377
0.322
0.380
0.366
0.409
0.442
0.408
0.402
0.362
0.323
0.263
0.256
0.263
0.266
0.262
0.316
0.263
0.274
0.334
0.359
0.322
0.375
0.333
0.351
0.308
0.236
0.268
0.239
0.247
0.235
0.229
0.216
0.205
0.203
0.193
0.197
0.207
0.212
0.202
0.184
0.177
0.177
0.179
0.189
0.172
0.186
0.202
0.172
0.207
0.218
0.213
0.258
0.222
0.232
0.193
0.161
0.141
0.127
0.161
0.195
0.206
0.224
0.247
0.278
0.357
0.475
0.221
0.142
0.149
0.278
0.364
0.737
0.679
0.463
0.360
0.458
0.519
0.410
0.351
0.270
0.256
0.285
0.216
0.165
0.164
0.201
0.205
0.140
0.111
0.120
0.094
0.097
0.102
0.140
0.181
0.158
0.167
0.172
0.206
0.182
0.179
0.208
0.203
0.176
0.166
0.180
0.168
0.114
0.143
0.181
0.182
0.165
0.176
0.134
0.147
0.214
0.263
0.220
0.215
0.191
0.196
0.222
0.225
0.223
0.196
0.138
0.120
0.122
0.142
0.171
0.182
0.180
0.184
0.213
0.218
0.212
0.241
0.278
0.291
0.278
0.227
0.263
0.345
0.399
0.412
0.411
0.396
0.365
0.348
0.329
0.308
0.309
0.297
0.344
0.419
0.584
0.578
0.519
0.464
0.397
0.419
0.424
0.389
0.365
0.421
0.360
0.336
0.353
0.353
0.302
0.352
0.373
0.514
0.405
0.417
0.369
0.344
0.385
0.483
0.603
0.551
0.595
0.590
0.638
0.620
0.593
0.651
0.741
0.828
0.860
0.781
0.742
0.755
0.773
0.785
0.839
0.783
0.643
0.654
0.582
0.648
0.786
0.927
0.911
0.865
0.886
0.831
0.809
0.825
0.770
0.797
0.845
0.887
0.909
0.910
0.876
0.869
0.833
0.910
0.904
0.903
0.937
0.927
0.941
0.950
0.953
0.941
0.906
0.904
0.903
0.935
0.895
0.938
0.937
0.917
0.922
0.929
0.842
0.838
0.870
0.875
0.839
0.881
0.858
0.817
0.908
0.954
0.918
0.913
0.866
0.875
0.927
0.889
0.846
0.790
0.803
0.831
0.834
0.806
0.797
0.841
0.846
0.827
0.838
0.840
0.878
0.876
0.893
0.886
0.859
0.846
0.834
0.839
0.798
0.765
0.698
0.729
0.838
0.783
0.712
0.636
0.657
0.615
0.554
0.495
0.508
0.502
0.426
0.472
0.466
0.463
0.436
0.413
0.403
0.442
0.474
0.474
0.468
0.442
0.379
0.346
0.433
0.440
0.408
0.431
0.469
0.449
0.404
0.607
0.625
0.574
0.455
0.426
0.513
0.578
0.396
0.346
0.391
0.417
0.431
0.394
0.410
0.408
0.359
0.376
0.357
0.359
0.368
0.460
0.525
0.451
0.335
0.334
0.398
0.464
0.475
0.480
0.666
0.473
0.478
0.435
0.424
0.424
0.425
0.464
0.443
0.388
0.334
0.339
0.371
0.351
0.337
0.325
0.305
0.281
0.298
0.307
0.347
0.395
0.405
0.450
0.443
0.429
0.382
0.391
0.383
0.369
0.431
0.398
0.439
0.440
0.436
0.458
0.415
0.344
0.337
0.326
0.348
0.376
0.394
0.413
0.319
0.372
0.283
0.232
0.219
0.235
0.280
0.288
0.280
0.225
0.225
0.206
0.217
0.261
0.233
0.305
0.391
0.372
0.282
0.264
0.275
0.244
0.219
0.231
0.358
0.319
0.279
0.438
0.412
0.477
0.442
0.487
0.434
0.378
0.311
0.298
0.268
0.245
0.236
0.248
0.203
0.214
0.264
0.214
0.226
0.224
0.374
0.345
0.255
0.214
0.182
0.174
0.168
0.138
0.142
0.226
0.240
0.242
0.381
0.317
0.199
0.148
0.123
0.127
0.151
0.206
0.279
0.212
0.150
0.123
0.136
0.111
0.116
0.102
0.098
0.101
0.112
0.133
0.136
0.090
0.082
0.080
0.096
0.143
0.173
0.158
0.137
0.126
0.122
0.136
0.138
0.124
0.123
0.163
0.201
0.192
0.158
0.175
0.182
0.175
0.190
0.195
0.129
0.109
0.097
0.137
0.128
0.111
0.098
0.126
0.161
0.197
0.209
0.223
0.279
0.259
0.257
0.231
0.223
0.272
0.267
0.271
0.315
0.314
0.259
0.299
0.341
0.408
0.348
0.276
0.227
0.222
0.228
0.241
0.407
0.341
0.316
0.239
0.180
0.288
0.474
0.467
0.444
0.433
0.399
0.358
0.340
0.358
0.391
0.376
0.378
0.487
0.634
0.643
0.515
0.493
0.505
0.631
0.601
0.505
0.510
0.685
0.772
0.708
0.717
0.655
0.668
0.761
0.866
0.860
0.884
0.875
0.852
0.929
0.955
0.949
0.921
0.926
0.934
0.810
0.814
0.855
0.844
0.781
0.778
0.730
0.680
0.675
0.681
0.641
0.585
0.658
0.741
0.778
0.820
0.845
0.834
0.838
0.817
0.789
0.828
0.877
0.896
0.911
0.911
0.920
0.955
0.914
0.900
0.899
0.897
0.911
0.907
0.861
0.872
0.881
0.850
0.825
0.812
0.944
0.881
0.875
0.814
0.797
0.793
0.868
0.888
0.926
0.897
0.871
0.863
0.882
0.890
0.855
0.877
0.928
0.940
0.885
0.858
0.831
0.817
0.766
0.802
0.799
0.783
0.755
0.738
0.749
0.826
0.856
0.870
0.907
0.876
0.831
0.800
0.875
0.861
0.864
0.721
0.657
0.611
0.650
0.577
0.505
0.444
0.525
0.430
0.469
0.460
0.427
0.404
0.470
0.425
0.316
0.332
0.369
0.371
0.343
0.325
0.324
0.364
0.359
0.366
0.404
0.371
0.337
0.355
0.348
0.344
0.341
0.454
0.528
0.574
0.556
0.616
0.413
0.463
0.370
0.377
0.418
0.399
0.447
0.344
0.286
0.299
0.250
0.278
0.280
0.324
0.320
0.267
0.243
0.264
0.268
0.264
0.263
0.291
0.303
0.417
0.363
0.366
0.391
0.446
0.462
0.434
0.390
0.391
0.385
0.357
0.352
0.405
0.462
0.440
0.650
0.575
0.568
0.487
0.363
0.364
0.304
0.310
0.328
0.260
0.259
0.318
0.463
0.412
0.363
0.325
0.333
0.335
0.318
0.278
0.279
0.362
0.404
0.368
0.398
0.389
0.386
0.390
0.363
0.386
0.401
0.355
0.317
0.251
0.270
0.266
0.332
0.388
0.341
0.251
0.265
0.292
0.198
0.258
0.227
0.373
0.301
0.286
0.350
0.290
0.221
0.185
0.404
0.355
0.221
0.268
0.402
0.283
0.273
0.199
0.238
0.165
0.149
0.169
0.223
0.237
0.192
0.122
0.134
0.116
0.122
0.195
0.274
0.262
0.207
0.121
0.096
0.093
0.102
0.108
0.106
0.109
0.141
0.171
0.126
0.125
0.129
0.110
0.126
0.168
0.155
0.175
0.221
0.174
0.177
0.169
0.138
0.141
0.145
0.144
0.189
0.393
0.417
0.326
0.257
0.197
0.171
0.126
0.226
0.218
0.221
0.323
0.309
0.309
0.326
0.247
0.306
0.145
0.122
0.132
0.119
0.148
0.177
0.162
0.149
0.157
0.157
0.117
0.116
0.122
0.100
0.119
0.106
0.107
0.103
0.109
0.124
0.132
0.165
0.172
0.141
0.183
0.211
0.250
0.226
0.309
0.339
0.317
0.281
0.308
0.296
0.249
0.262
0.257
0.248
0.279
0.336
0.322
0.341
0.333
0.329
0.326
0.286
0.238
0.215
0.216
0.251
0.269
0.268
0.272
0.309
0.308
0.335
0.291
0.328
0.405
0.536
0.573
0.568
0.797
0.784
0.695
0.690
0.675
0.724
0.724
0.646
0.685
0.606
0.557
0.749
0.685
0.590
0.537
0.539
0.836
0.826
0.860
0.773
0.753
0.829
0.837
0.795
0.798
0.746
0.738
0.657
0.665
0.661
0.757
0.892
0.917
0.797
0.750
0.714
0.684
0.677
0.607
0.588
0.640
0.641
0.590
0.554
0.526
0.545
0.677
0.830
0.895
0.849
0.890
0.843
0.831
0.796
0.837
0.823
0.808
0.829
0.883
0.856
0.893
0.864
0.845
0.859
0.911
0.872
0.868
0.831
0.825
0.769
0.819
0.796
0.748
0.681
0.700
0.713
0.690
0.785
0.874
0.880
0.782
0.696
0.684
0.656
0.595
0.587
0.636
0.705
0.819
0.835
0.895
0.851
0.801
0.829
0.852
0.823
0.819
0.843
0.921
0.867
0.875
0.911
0.908
0.883
0.866
0.813
0.775
0.705
0.695
0.709
0.682
0.692
0.659
0.654
0.667
0.616
0.569
0.610
0.648
0.582
0.598
0.668
0.683
0.592
0.513
0.393
0.339
0.305
0.318
0.349
0.353
0.378
0.337
0.327
0.318
0.335
0.331
0.316
0.284
0.298
0.250
0.327
0.294
0.345
0.317
0.327
0.282
0.283
0.262
0.248
0.234
0.287
0.286
0.308
0.340
0.406
0.444
0.459
0.378
0.357
0.307
0.301
0.608
0.769
0.711
0.460
0.410
0.378
0.324
0.287
0.280
0.285
0.314
0.370
0.487
0.327
0.307
0.245
0.289
0.278
0.310
0.351
0.342
0.320
0.327
0.334
0.356
0.365
0.360
0.333
0.344
0.367
0.279
0.246
0.334
0.421
0.520
0.484
0.344
0.300
0.302
0.260
0.313
0.322
0.316
0.269
0.336
0.360
0.371
0.341
0.325
0.448
0.483
0.621
0.649
0.609
0.561
0.496
0.478
0.453
0.472
0.385
0.381
0.346
0.332
0.395
0.336
0.271
0.265
0.250
0.214
0.322
0.256
0.248
0.267
0.213
0.203
0.278
0.227
0.206
0.166
0.305
0.297
0.216
0.228
0.236
0.200
0.254
0.284
0.235
0.233
0.288
0.245
0.254
0.251
0.232
0.216
0.221
0.258
0.176
0.171
0.256
0.224
0.207
0.192
0.182
0.175
0.108
0.138
0.167
0.136
0.155
0.172
0.164
0.155
0.147
0.109
0.107
0.198
0.195
0.114
0.124
0.143
0.154
0.180
0.216
0.202
0.187
0.182
0.145
0.150
0.176
0.230
0.232
0.153
0.167
0.161
0.126
0.140
0.126
0.113
0.264
0.224
0.203
0.209
0.159
0.122
0.096
0.071
0.090
0.144
0.127
0.099
0.068
0.060
0.078
0.179
0.224
0.136
0.086
0.092
0.096
0.060
0.060
0.070
0.076
0.131
0.133
0.137
0.186
0.191
0.215
0.184
0.134
0.119
0.144
0.231
0.267
0.268
0.273
0.305
0.317
0.286
0.309
0.353
0.373
0.248
0.254
0.267
0.258
0.275
0.280
0.267
0.256
0.292
0.322
0.335
0.337
0.334
0.378
0.383
0.377
0.339
0.309
0.307
0.329
0.319
0.314
0.358
0.329
0.298
0.348
0.360
0.360
0.318
0.320
0.324
0.404
0.406
0.383
0.411
0.429
0.462
0.570
0.786
0.675
0.603
0.563
0.583
0.703
0.776
0.638
0.637
0.575
0.579
0.839
0.765
0.699
0.717
0.757
0.851
0.759
0.816
0.827
0.818
0.782
0.747
0.820
0.892
0.929
0.897
0.890
0.883
0.873
0.878
0.886
0.866
0.865
0.852
0.849
0.770
0.791
0.758
0.793
0.810
0.802
0.809
0.846
0.779
0.854
0.930
0.837
0.768
0.764
0.720
0.693
0.697
0.777
0.785
0.726
0.706
0.678
0.673
0.751
0.899
0.921
0.917
0.888
0.855
0.822
0.906
0.939
0.906
0.918
0.883
0.895
0.836
0.839
0.806
0.808
0.757
0.722
0.717
0.690
0.711
0.669
0.595
0.611
0.581
0.559
0.535
0.484
0.553
0.581
0.581
0.561
0.532
0.570
0.636
0.511
0.607
0.762
0.845
0.901
0.765
0.751
0.698
0.735
0.634
0.605
0.478
0.472
0.460
0.418
0.416
0.381
0.370
0.347
0.353
0.368
0.350
0.273
0.287
0.311
0.336
0.337
0.351
0.303
0.309
0.284
0.256
0.260
0.290
0.326
0.373
0.380
0.432
0.433
0.475
0.760
0.850
0.912
0.876
0.811
0.885
0.947
0.840
0.776
0.752
0.684
0.584
0.598
0.639
0.684
0.638
0.610
0.571
0.512
0.479
0.494
0.556
0.584
0.570
0.574
0.569
0.586
0.572
0.544
0.546
0.545
0.545
0.507
0.534
0.521
0.460
0.543
0.721
0.769
0.682
0.754
0.625
0.621
0.437
0.487
0.516
0.489
0.433
0.509
0.616
0.636
0.539
0.363
0.387
0.455
0.512
0.423
0.351
0.459
0.461
0.453
0.439
0.428
0.573
0.361
0.406
0.506
0.431
0.419
0.378
0.311
0.304
0.293
0.292
0.294
0.294
0.330
0.331
0.348
0.323
0.336
0.346
0.373
0.400
0.354
0.438
0.451
0.385
0.407
0.355
0.335
0.359
0.297
0.573
0.460
0.453
0.329
0.203
0.154
0.165
0.205
0.187
0.203
0.200
0.272
0.315
0.282
0.262
0.232
0.208
0.164
0.162
0.174
0.244
0.253
0.301
0.321
0.349
0.228
0.209
0.190
0.238
0.313
0.153
0.100
0.140
0.166
0.150
0.142
0.147
0.144
0.131
0.109
0.132
0.169
0.200
0.216
0.204
0.148
0.149
0.150
0.252
0.286
0.298
0.217
0.151
0.118
0.089
0.096
0.089
0.103
0.178
0.164
0.150
0.160
0.187
0.111
0.119
0.136
0.189
0.238
0.251
0.242
0.214
0.165
0.124
0.174
0.183
0.185
0.198
0.190
0.169
0.217
0.230
0.250
0.251
0.222
0.214
0.200
0.178
0.185
0.171
0.152
0.178
0.204
0.231
0.224
0.230
0.209
0.157
0.105
0.141
0.203
0.248
0.237
0.234
0.250
0.381
0.413
0.422
0.350
0.296
0.273
0.276
0.384
0.451
0.414
0.431
0.415
0.437
0.418
0.370
0.240
0.209
0.178
0.216
0.338
0.630
0.808
0.655
0.537
0.432
0.508
0.547
0.474
0.499
0.484
0.465
0.502
0.420
0.527
0.719
0.625
0.607
0.637
0.643
0.728
0.756
0.701
0.794
0.806
0.768
0.736
0.788
0.724
0.706
0.706
0.697
0.904
0.817
0.730
0.703
0.661
0.694
0.765
0.793
0.819
0.910
0.785
0.762
0.730
0.706
0.786
0.873
0.872
0.891
0.886
0.897
0.854
0.896
0.918
0.920
0.866
0.846
0.840
0.821
0.822
0.828
0.810
0.818
0.810
0.835
0.864
0.854
0.850
0.832
0.851
0.824
0.791
0.860
0.891
0.863
0.862
0.913
0.911
0.899
0.888
0.871
0.885
0.895
0.908
0.907
0.917
0.945
0.910
0.917
0.917
0.898
0.920
0.895
0.856
0.864
0.829
0.794
0.774
0.766
0.740
0.777
0.749
0.748
0.659
0.581
0.532
0.694
0.576
0.515
0.544
0.564
0.507
0.462
0.421
0.502
0.481
0.480
0.448
0.522
0.577
0.550
0.440
0.412
0.420
0.689
0.722
0.776
0.801
0.703
0.683
0.628
0.463
0.433
0.526
0.460
0.437
0.460
0.478
0.440
0.460
0.457
0.461
0.574
0.469
0.353
0.413
0.567
0.684
0.639
0.617
0.742
0.756
0.779
0.715
0.731
0.649
0.741
0.803
0.730
0.601
0.746
0.711
0.767
0.824
0.762
0.766
0.737
0.652
0.644
0.628
0.632
0.624
0.553
0.468
0.454
0.431
0.531
0.618
0.601
0.499
0.399
0.438
0.392
0.356
0.335
0.314
0.295
0.301
0.320
0.270
0.419
0.301
0.336
0.359
0.379
0.393
0.402
0.391
0.489
0.441
0.286
0.358
0.387
0.396
0.368
0.329
0.308
0.253
0.291
0.375
0.326
0.278
0.368
0.380
0.520
0.266
0.204
0.257
0.318
0.336
0.280
0.316
0.373
0.321
0.353
0.356
0.383
0.362
0.402
0.365
0.394
0.371
0.309
0.231
0.248
0.228
0.218
0.293
0.443
0.366
0.322
0.255
0.277
0.283
0.292
0.349
0.520
0.341
0.505
0.302
0.356
0.358
0.268
0.249
0.314
0.226
0.231
0.252
0.307
0.300
0.313
0.266
0.271
0.265
0.217
0.204
0.169
0.208
0.205
0.214
0.202
0.141
0.137
0.134
0.117
0.092
0.124
0.139
0.173
0.177
0.169
0.196
0.180
0.135
0.136
0.091
0.107
0.119
0.173
0.150
0.167
0.175
0.197
0.132
0.132
0.119
0.159
0.195
0.180
0.137
0.170
0.215
0.202
0.209
0.194
0.181
0.247
0.201
0.158
0.112
0.114
0.170
0.183
0.144
0.086
0.093
0.091
0.111
0.130
0.174
0.161
0.184
0.234
0.299
0.337
0.288
0.264
0.272
0.253
0.227
0.253
0.260
0.283
0.261
0.244
0.242
0.207
0.233
0.257
0.342
0.388
0.436
0.410
0.351
0.301
0.354
0.289
0.281
0.279
0.307
0.333
0.349
0.393
0.426
0.404
0.364
0.356
0.327
0.381
0.398
0.422
0.455
0.503
0.523
0.555
0.631
0.546
0.571
0.575
0.581
0.572
0.654
0.716
0.816
0.817
0.880
0.848
0.825
0.862
0.867
0.773
0.705
0.706
0.709
0.737
0.802
0.812
0.806
0.877
0.907
0.891
0.908
0.898
0.931
0.946
0.914
0.894
0.923
0.902
0.907
0.863
0.874
0.877
0.946
0.942
0.942
0.867
0.843
0.901
0.936
0.906
0.913
0.904
0.880
0.899
0.930
0.900
0.912
0.911
0.933
0.942
0.950
0.907
0.919
0.914
0.931
0.927
0.913
0.878
0.874
0.906
0.921
0.916
0.880
0.895
0.965
0.956
0.952
0.943
0.936
0.935
0.939
0.918
0.945
0.936
0.952
0.943
0.933
0.920
0.883
0.928
0.909
0.929
0.941
0.931
0.901
0.860
0.893
0.903
0.910
0.878
0.883
0.896
0.865
0.884
0.886
0.844
0.851
0.851
0.839
0.807
0.771
0.711
0.698
0.721
0.745
0.703
0.640
0.574
0.544
0.516
0.494
0.491
0.495
0.443
0.425
0.381
0.404
0.416
0.648
0.484
0.399
0.322
0.335
0.335
0.358
0.381
0.370
0.347
0.350
0.363
0.386
0.371
0.370
0.381
0.345
0.330
0.306
0.312
0.337
0.368
0.382
0.376
0.353
0.339
0.326
0.394
0.371
0.320
0.293
0.309
0.314
0.305
0.313
0.348
0.354
0.440
0.465
0.493
0.515
0.484
0.452
0.438
0.305
0.241
0.251
0.358
0.424
0.493
0.426
0.382
0.436
0.451
0.370
0.235
0.224
0.323
0.354
0.316
0.307
0.322
0.335
0.355
0.461
0.355
0.300
0.307
0.314
0.321
0.308
0.336
0.320
0.336
0.376
0.458
0.575
0.612
0.628
0.531
0.357
0.510
0.491
0.309
0.468
0.354
0.318
0.329
0.289
0.234
0.219
0.388
0.481
0.334
0.320
0.422
0.271
0.279
0.364
0.365
0.386
0.417
0.519
0.400
0.468
0.418
0.552
0.265
0.266
0.229
0.257
0.406
0.380
0.361
0.170
0.167
0.171
0.150
0.177
0.252
0.332
0.245
0.209
0.368
0.265
0.258
0.215
0.187
0.219
0.212
0.176
0.161
0.163
0.163
0.145
0.132
0.196
0.280
0.306
0.236
0.211
0.209
0.183
0.192
0.083
0.100
0.119
0.141
0.204
0.131
0.139
0.123
0.140
0.133
0.133
0.135
0.102
0.062
0.066
0.064
0.070
0.073
0.103
0.146
0.143
0.135
0.171
0.167
0.132
0.134
0.150
0.173
0.190
0.186
0.186
0.130
0.153
0.179
0.183
0.225
0.217
0.231
0.176
0.185
0.216
0.262
0.429
0.418
0.253
0.171
0.269
0.217
0.187
0.171
0.167
0.185
0.196
0.197
0.213
0.219
0.252
0.312
0.333
0.327
0.273
0.263
0.257
0.257
0.296
0.305
0.296
0.250
0.206
0.237
0.233
0.222
0.228
0.246
0.285
0.264
0.272
0.249
0.251
0.252
0.266
0.260
0.279
0.321
0.324
0.339
0.380
0.380
0.335
0.414
0.511
0.441
0.572
0.525
0.474
0.460
0.522
0.701
0.623
0.645
0.612
0.547
0.532
0.561
0.523
0.520
0.548
0.558
0.566
0.513
0.533
0.542
0.552
0.574
0.645
0.657
0.765
0.840
0.891
0.886
0.862
0.869
0.846
0.918
0.876
0.830
0.831
0.850
0.815
0.781
0.801
0.937
0.906
0.861
0.821
0.911
0.935
0.953
0.948
0.914
0.942
0.941
0.952
0.938
0.951
0.934
0.912
0.932
0.924
0.927
0.886
0.910
0.934
0.926
0.940
0.967
0.963
0.965
0.954
0.963
0.933
0.925
0.929
0.918
0.934
0.957
0.923
0.884
0.898
0.907
0.913
0.918
0.910
0.890
0.887
0.911
0.929
0.918
0.914
0.912
0.928
0.963
0.930
0.918
0.919
0.906
0.964
0.952
0.927
0.931
0.937
0.888
0.895
0.893
0.861
0.868
0.901
0.904
0.913
0.926
0.906
0.874
0.824
0.698
0.657
0.649
0.629
0.647
0.566
0.725
0.827
0.686
0.625
0.581
0.512
0.482
0.449
0.449
0.463
0.459
0.440
0.394
0.392
0.369
0.386
0.473
0.478
0.527
0.484
0.500
0.333
0.363
0.389
0.348
0.314
0.340
0.376
0.347
0.357
0.345
0.339
0.340
0.341
0.327
0.274
0.298
0.357
0.422
0.339
0.382
0.380
0.307
0.262
0.306
0.280
0.303
0.343
0.373
0.382
0.362
0.331
0.322
0.412
0.399
0.331
0.311
0.321
0.385
0.409
0.430
0.299
0.326
0.299
0.297
0.319
0.337
0.372
0.390
0.364
0.329
0.396
0.416
0.423
0.397
0.404
0.393
0.370
0.302
0.333
0.252
0.253
0.256
0.308
0.333
0.311
0.353
0.346
0.427
0.380
0.318
0.379
0.368
0.311
0.292
0.248
0.204
0.260
0.235
0.270
0.246
0.306
0.383
0.406
0.368
0.317
0.390
0.315
0.335
0.253
0.299
0.364
0.432
0.364
0.304
0.310
0.279
0.226
0.244
0.331
0.338
0.378
0.357
0.436
0.517
0.427
0.357
0.285
0.319
0.338
0.418
0.411
0.437
0.411
0.527
0.378
0.331
0.334
0.291
0.312
0.307
0.307
0.253
0.310
0.278
0.223
0.221
0.189
0.157
0.152
0.111
0.094
0.096
0.121
0.123
0.122
0.139
0.151
0.191
0.168
0.164
0.170
0.190
0.302
0.351
0.245
0.242
0.177
0.135
0.146
0.202
0.252
0.161
0.160
0.211
0.268
0.220
0.229
0.181
0.159
0.173
0.226
0.207
0.143
0.118
0.159
0.154
0.165
0.202
0.160
0.192
0.153
0.140
0.168
0.237
0.252
0.331
0.281
0.333
0.334
0.250
0.213
0.215
0.208
0.193
0.141
0.160
0.154
0.174
0.146
0.105
0.183
0.241
0.243
0.232
0.226
0.208
0.134
0.195
0.220
0.256
0.260
0.212
0.223
0.232
0.266
0.244
0.243
0.224
0.223
0.219
0.224
0.305
0.342
0.343
0.359
0.393
0.382
0.309
0.319
0.365
0.360
0.358
0.442
0.465
0.577
0.580
0.548
0.770
0.732
0.684
0.724
0.773
0.724
0.761
0.791
0.853
0.780
0.747
0.723
0.738
0.855
0.807
0.808
0.760
0.852
0.844
0.795
0.759
0.733
0.757
0.911
0.928
0.922
0.915
0.893
0.888
0.873
0.875
0.872
0.937
0.910
0.925
0.930
0.927
0.918
0.917
0.927
0.929
0.912
0.911
0.920
0.922
0.936
0.950
0.960
0.939
0.937
0.949
0.932
0.952
0.964
0.947
0.932
0.921
0.897
0.930
0.924
0.944
0.952
0.945
0.938
0.930
0.946
0.933
0.912
0.900
0.903
0.896
0.912
0.944
0.955
0.949
0.964
0.964
0.950
0.897
0.869
0.887
0.894
0.880
0.887
0.895
0.896
0.904
0.891
0.894
0.877
0.879
0.853
0.792
0.691
0.725
0.739
0.723
0.713
0.705
0.752
0.658
0.620
0.561
0.574
0.885
0.952
0.967
0.962
0.909
0.861
0.841
0.878
0.888
0.905
0.903
0.905
0.911
0.893
0.887
0.875
0.906
0.896
0.910
0.879
0.881
0.863
0.840
0.841
0.790
0.679
0.611
0.599
0.586
0.536
0.436
0.501
0.534
0.640
0.800
0.741
0.606
0.480
0.501
0.521
0.544
0.573
0.527
0.511
0.523
0.559
0.578
0.543
0.587
0.580
0.505
0.455
0.427
0.486
0.480
0.428
0.357
0.399
0.436
0.333
0.304
0.325
0.358
0.454
0.447
0.464
0.348
0.336
0.342
0.392
0.411
0.420
0.422
0.601
0.584
0.440
0.308
0.351
0.341
0.324
0.346
0.386
0.346
0.354
0.375
0.360
0.307
0.341
0.337
0.383
0.342
0.310
0.382
0.426
0.512
0.562
0.535
0.502
0.506
0.526
0.539
0.653
0.555
0.617
0.503
0.564
0.497
0.334
0.405
0.466
0.508
0.416
0.485
0.446
0.458
0.500
0.451
0.545
0.464
0.382
0.501
0.546
0.476
0.537
0.521
0.525
0.553
0.488
0.387
0.344
0.254
0.259
0.311
0.322
0.361
0.340
0.367
0.334
0.369
0.308
0.379
0.319
0.288
0.300
0.288
0.360
0.536
0.493
0.411
0.331
0.245
0.227
0.288
0.370
0.480
0.502
0.436
0.541
0.432
0.369
0.321
0.259
0.288
0.255
0.352
0.450
0.404
0.432
0.407
0.499
0.481
0.440
0.241
0.218
0.284
0.248
0.195
0.179
0.251
0.115
0.100
0.111
0.216
0.243
0.253
0.204
0.203
0.209
0.217
0.152
0.184
0.193
0.192
0.193
0.211
0.137
0.148
0.154
0.202
0.165
0.159
0.131
0.138
0.141
0.187
0.198
0.184
0.186
0.193
0.255
0.242
0.220
0.178
0.147
0.151
0.133
0.148
0.153
0.157
0.122
0.154
0.171
0.165
0.170
0.189
0.214
0.233
0.212
0.172
0.137
0.138
0.183
0.266
0.298
0.260
0.289
0.288
0.286
0.288
0.211
0.145
0.150
0.135
0.167
0.226
0.202
0.231
0.223
0.163
0.245
0.251
0.259
0.257
0.262
0.207
0.158
0.225
0.256
0.233
0.231
0.233
0.246
0.320
0.363
0.371
0.390
0.447
0.506
0.481
0.516
0.443
0.453
0.462
0.462
0.521
0.540
0.490
0.492
0.445
0.428
0.375
0.413
0.417
0.416
0.493
0.542
0.482
0.452
0.410
0.473
0.489
0.502
0.521
0.556
0.566
0.626
0.819
0.812
0.895
0.845
0.934
0.899
0.910
0.812
0.879
0.956
0.951
0.920
0.914
0.882
0.902
0.853
0.840
0.873
