20000101
0.249
0.254
0.228
0.223
0.240
0.237
0.220
0.202
0.194
0.225
0.224
0.273
0.350
0.275
0.223
0.305
0.314
0.366
0.353
0.181
0.302
0.501
0.482
0.364
0.305
0.287
0.249
0.247
0.170
0.155
0.160
0.484
0.548
0.591
0.529
0.514
0.248
0.259
0.232
0.180
0.197
0.391
0.227
0.231
0.270
0.245
0.195
0.141
0.121
0.155
0.284
0.306
0.255
0.310
0.395
0.299
0.221
0.100
0.120
0.115
0.141
0.199
0.269
0.219
0.245
0.193
0.323
0.153
0.105
0.083
0.228
0.328
0.413
0.409
0.252
0.267
0.331
0.274
0.113
0.056
0.077
0.174
0.153
0.101
0.086
0.088
0.081
0.055
0.067
0.082
0.108
0.131
0.090
0.078
0.118
0.222
0.180
0.155
0.120
0.123
0.149
0.168
0.138
0.236
0.283
0.306
0.297
0.195
0.166
0.156
0.141
0.131
0.230
0.285
0.299
0.304
0.337
0.355
0.256
0.248
0.220
0.158
0.167
0.228
0.251
0.253
0.220
0.252
0.320
0.364
0.346
0.361
0.497
0.450
0.435
0.437
0.482
0.475
0.585
0.687
0.714
0.585
0.507
0.497
0.433
0.443
0.426
0.399
0.392
0.442
0.462
0.536
0.532
0.442
0.383
0.546
0.509
0.359
0.359
0.548
0.538
0.481
0.438
0.455
0.553
0.548
0.501
0.460
0.447
0.434
0.434
0.540
0.527
0.484
0.539
0.533
0.529
0.515
0.506
0.544
0.505
0.550
0.625
0.797
0.762
0.712
0.625
0.608
0.689
0.836
0.905
0.852
0.855
0.943
0.888
0.935
0.879
0.841
0.882
0.935
0.901
0.908
0.897
0.794
0.738
0.690
0.641
0.611
0.586
0.603
0.775
0.770
0.651
0.604
0.608
0.658
0.607
0.552
0.554
0.490
0.528
0.545
0.594
0.653
0.860
0.865
0.894
0.936
0.864
0.852
0.874
0.887
0.910
0.817
0.887
0.871
0.779
0.796
0.820
0.867
0.878
0.879
0.875
0.855
0.885
0.909
0.853
0.840
0.921
0.903
0.819
0.777
0.719
0.693
0.674
0.673
0.623
0.585
0.530
0.545
0.571
0.541
0.530
0.505
0.423
0.398
0.435
0.482
0.531
0.484
0.355
0.398
0.398
0.352
0.425
0.361
0.256
0.279
0.302
0.382
0.401
0.459
0.452
0.461
0.388
0.491
0.508
0.457
0.360
0.171
0.160
0.194
0.236
0.250
0.203
0.204
0.345
0.392
0.359
0.310
0.226
0.184
0.155
0.219
0.241
0.192
0.186
0.211
0.249
0.288
0.230
0.213
0.246
0.255
0.245
0.256
0.288
0.284
0.262
0.263
0.229
0.205
0.202
0.202
0.192
0.187
0.233
0.247
0.292
0.237
0.249
0.288
0.325
0.220
0.216
0.154
0.152
0.162
0.160
0.206
0.175
0.152
0.169
0.203
0.204
0.219
0.229
0.226
0.233
0.203
0.206
0.213
0.227
0.222
0.228
0.263
0.211
0.158
0.162
0.176
0.166
0.171
0.184
0.193
0.202
0.629
0.488
0.336
0.276
0.315
0.333
0.344
0.363
0.255
0.255
0.276
0.406
0.311
0.277
0.243
0.320
0.307
0.359
0.366
0.377
0.278
0.261
0.343
0.262
0.127
0.139
0.142
0.137
0.154
0.203
0.207
0.264
0.227
0.222
0.181
0.168
0.084
0.106
0.121
0.128
0.107
0.126
0.171
0.215
0.139
0.255
0.208
0.173
0.170
0.157
0.180
0.190
0.178
0.098
0.160
0.213
0.281
0.377
0.329
0.190
0.148
0.108
0.161
0.209
0.181
0.100
0.145
0.099
0.138
0.215
0.347
0.347
0.260
0.352
0.213
0.202
0.293
0.189
0.155
0.256
0.305
0.308
0.292
0.301
0.317
0.256
0.285
0.314
0.256
0.254
0.139
0.112
0.097
0.093
0.151
0.171
0.131
0.057
0.077
0.108
0.166
0.186
0.225
0.202
0.165
0.181
0.308
0.294
0.361
0.335
0.283
0.144
0.099
0.143
0.164
0.141
0.165
0.167
0.160
0.211
0.256
0.230
0.192
0.207
0.271
0.246
0.286
0.242
0.259
0.298
0.310
0.319
0.322
0.300
0.325
0.375
0.391
0.390
0.401
0.434
0.449
0.439
0.404
0.286
0.305
0.412
0.433
0.373
0.394
0.441
0.546
0.567
0.621
0.611
0.685
0.598
0.672
0.574
0.598
0.578
0.558
0.607
0.536
0.620
0.646
0.744
0.797
0.915
0.854
0.855
0.925
0.855
0.725
0.668
0.624
0.576
0.558
0.559
0.614
0.553
0.569
0.546
0.632
0.811
0.896
0.871
0.813
0.774
0.736
0.761
0.740
0.859
0.862
0.862
0.836
0.841
0.857
0.872
0.893
0.900
0.884
0.862
0.935
0.853
0.921
0.866
0.842
0.799
0.774
0.768
0.774
0.770
0.758
0.721
0.798
0.661
0.748
0.872
0.833
0.887
0.870
0.864
0.860
0.869
0.881
0.860
0.825
0.827
0.926
0.918
0.908
0.768
0.765
0.787
0.753
0.765
0.765
0.800
0.723
0.689
0.748
0.741
0.749
0.679
0.725
0.703
0.680
0.634
0.647
0.627
0.675
0.662
0.587
0.595
0.661
0.673
0.628
0.567
0.624
0.633
0.695
0.622
0.632
0.621
0.472
0.348
0.374
0.424
0.560
0.574
0.516
0.361
0.221
0.264
0.458
0.534
0.651
0.792
0.735
0.637
0.526
0.567
0.610
0.708
0.811
0.843
0.625
0.688
0.636
0.498
0.324
0.270
0.241
0.248
0.276
0.284
0.238
0.254
0.258
0.247
0.253
0.259
0.248
0.293
0.307
0.285
0.277
0.290
0.304
0.247
0.229
0.267
0.297
0.243
0.210
0.221
0.200
0.211
0.189
0.205
0.249
0.270
0.323
0.198
0.198
0.205
0.181
0.197
0.194
0.192
0.197
0.209
0.188
0.185
0.194
0.214
0.232
0.258
0.248
0.238
0.226
0.259
0.263
0.274
0.311
0.388
0.339
0.279
0.306
0.310
0.282
0.293
0.278
0.238
0.279
0.305
0.233
0.231
0.243
0.244
0.260
0.297
0.264
0.308
0.365
0.335
0.196
0.199
0.207
0.194
0.240
0.321
0.368
0.280
0.257
0.278
0.282
0.243
0.194
0.250
0.363
0.512
0.411
0.407
0.383
0.405
0.446
0.378
0.333
0.233
0.348
0.488
0.390
0.184
0.179
0.170
0.207
0.258
0.220
0.199
0.237
0.356
0.204
0.217
0.134
0.135
0.460
0.557
0.403
0.321
0.327
0.310
0.264
0.297
0.358
0.323
0.230
0.209
0.199
0.239
0.295
0.190
0.171
0.171
0.167
0.207
0.192
0.237
0.151
0.139
0.134
0.193
0.337
0.369
0.260
0.187
0.185
0.240
0.417
0.373
0.222
0.207
0.145
0.113
0.090
0.168
0.225
0.221
0.288
0.306
0.328
0.287
0.197
0.056
0.069
0.080
0.176
0.292
0.234
0.276
0.274
0.226
0.433
0.358
0.242
0.184
0.148
0.186
0.172
0.180
0.265
0.273
0.263
0.181
0.194
0.203
0.197
0.173
0.237
0.214
0.207
0.180
0.065
0.082
0.173
0.212
0.130
0.097
0.081
0.065
0.196
0.256
0.295
0.299
0.407
0.365
0.382
0.377
0.406
0.369
0.348
0.330
0.348
0.359
0.367
0.428
0.422
0.413
0.397
0.306
0.338
0.379
0.413
0.403
0.426
0.378
0.330
0.300
0.343
0.352
0.373
0.376
0.412
0.428
0.400
0.376
0.395
0.378
0.433
0.477
0.527
0.506
0.493
0.521
0.539
0.583
0.603
0.699
0.787
0.673
0.616
0.646
0.802
0.847
0.892
0.878
0.871
0.803
0.684
0.668
0.643
0.576
0.563
0.642
0.643
0.567
0.597
0.554
0.546
0.604
0.583
0.683
0.731
0.678
0.832
0.840
0.914
0.779
0.805
0.804
0.791
0.817
0.827
0.781
0.643
0.685
0.587
0.552
0.548
0.587
0.673
0.670
0.851
0.880
0.904
0.880
0.879
0.898
0.876
0.878
0.907
0.907
0.863
0.928
0.923
0.900
0.910
0.849
0.841
0.777
0.818
0.928
0.931
0.870
0.823
0.814
0.812
0.931
0.928
0.941
0.929
0.919
0.929
0.904
0.802
0.789
0.756
0.805
0.722
0.756
0.702
0.692
0.652
0.645
0.639
0.677
0.749
0.678
0.605
0.584
0.600
0.633
0.661
0.710
0.716
0.679
0.591
0.463
0.490
0.375
0.323
0.284
0.298
0.277
0.307
0.330
0.311
0.281
0.304
0.289
0.279
0.363
0.289
0.304
0.405
0.508
0.484
0.396
0.396
0.377
0.341
0.257
0.208
0.231
0.201
0.238
0.243
0.244
0.272
0.304
0.299
0.320
0.297
0.290
0.307
0.383
0.414
0.315
0.276
0.252
0.470
0.551
0.535
0.337
0.419
0.280
0.218
0.263
0.261
0.287
0.297
0.289
0.296
0.292
0.268
0.223
0.197
0.228
0.231
0.200
0.237
0.238
0.313
0.271
0.238
0.293
0.434
0.336
0.304
0.295
0.314
0.219
0.200
0.260
0.253
0.283
0.284
0.289
0.312
0.361
0.359
0.344
0.297
0.316
0.382
0.360
0.338
0.340
0.350
0.380
0.482
0.422
0.473
0.460
0.472
0.408
0.381
0.428
0.378
0.361
0.542
0.549
0.513
0.495
0.228
0.208
0.158
0.189
0.180
0.211
0.256
0.312
0.297
0.189
0.183
0.286
0.261
0.300
0.345
0.325
0.282
0.325
0.624
0.637
0.579
0.559
0.532
0.412
0.250
0.156
0.260
0.262
0.295
0.264
0.193
0.165
0.196
0.207
0.234
0.500
0.585
0.522
0.270
0.245
0.245
0.269
0.266
0.296
0.341
0.271
0.252
0.266
0.257
0.065
0.062
0.085
0.083
0.088
0.103
0.126
0.138
0.112
0.093
0.094
0.114
0.194
0.217
0.213
0.243
0.168
0.130
0.148
0.152
0.158
0.121
0.121
0.106
0.129
0.179
0.267
0.276
0.158
0.188
0.258
0.344
0.398
0.312
0.234
0.252
0.224
0.216
0.168
0.161
0.176
0.248
0.275
0.261
0.316
0.309
0.277
0.217
0.247
0.159
0.159
0.141
0.204
0.279
0.230
0.170
0.115
0.094
0.143
0.215
0.266
0.301
0.266
0.278
0.279
0.254
0.210
0.105
0.092
0.107
0.147
0.212
0.180
0.234
0.243
0.325
0.390
0.370
0.357
0.343
0.432
0.378
0.309
0.328
0.371
0.322
0.387
0.332
0.253
0.230
0.284
0.325
0.308
0.359
0.445
0.446
0.447
0.399
0.396
0.444
0.470
0.514
0.549
0.491
0.603
0.747
0.688
0.831
0.847
0.797
0.763
0.770
0.766
0.827
0.820
0.786
0.823
0.819
0.782
0.718
0.705
0.787
0.866
0.877
0.895
0.821
0.840
0.871
0.838
0.851
0.861
0.839
0.821
0.836
0.865
0.819
0.806
0.835
0.835
0.849
0.823
0.850
0.893
0.909
0.899
0.940
0.916
0.893
0.885
0.851
0.860
0.872
0.903
0.904
0.886
0.827
0.840
0.853
0.917
0.900
0.856
0.863
0.880
0.852
0.798
0.890
0.834
0.810
0.855
0.816
0.798
0.773
0.845
0.950
0.916
0.933
0.893
0.899
0.907
0.942
0.913
0.922
0.874
0.908
0.901
0.838
0.835
0.818
0.747
0.856
0.841
0.787
0.766
0.741
0.743
0.792
0.834
0.807
0.847
0.817
0.847
0.874
0.860
0.879
0.796
0.817
0.810
0.780
0.853
0.922
0.804
0.746
0.644
0.622
0.543
0.520
0.615
0.688
0.656
0.560
0.585
0.503
0.415
0.402
0.419
0.399
0.336
0.395
0.421
0.378
0.355
0.295
0.274
0.289
0.322
0.302
0.297
0.345
0.356
0.416
0.376
0.393
0.311
0.281
0.464
0.407
0.384
0.333
0.303
0.355
0.364
0.339
0.298
0.300
0.307
0.322
0.306
0.349
0.411
0.402
0.438
0.393
0.410
0.396
0.353
0.348
0.367
0.382
0.410
0.375
0.352
0.390
0.398
0.357
0.226
0.326
0.387
0.322
0.254
0.279
0.291
0.312
0.322
0.338
0.401
0.395
0.328
0.352
0.374
0.411
0.394
0.387
0.350
0.325
0.368
0.332
0.354
0.392
0.200
0.392
0.443
0.330
0.352
0.284
0.287
0.331
0.430
0.372
0.517
0.511
0.454
0.391
0.328
0.272
0.290
0.302
0.332
0.335
0.322
0.302
0.357
0.274
0.288
0.407
0.507
0.448
0.342
0.357
0.575
0.374
0.330
0.502
0.489
0.480
0.335
0.298
0.288
0.277
0.161
0.164
0.189
0.175
0.183
0.227
0.270
0.284
0.342
0.328
0.184
0.224
0.190
0.227
0.321
0.303
0.216
0.187
0.174
0.143
0.164
0.152
0.206
0.197
0.157
0.134
0.134
0.123
0.141
0.128
0.080
0.073
0.066
0.098
0.110
0.093
0.088
0.107
0.108
0.120
0.110
0.089
0.087
0.085
0.077
0.125
0.186
0.219
0.216
0.205
0.227
0.213
0.133
0.153
0.148
0.117
0.179
0.171
0.245
0.203
0.165
0.232
0.225
0.342
0.340
0.335
0.289
0.246
0.229
0.254
0.232
0.306
0.334
0.287
0.354
0.324
0.244
0.285
0.278
0.266
0.187
0.177
0.211
0.251
0.307
0.316
0.293
0.092
0.083
0.095
0.126
0.225
0.247
0.306
0.287
0.369
0.530
0.472
0.509
0.521
0.493
0.432
0.461
0.434
0.355
0.432
0.416
0.435
0.410
0.416
0.385
0.349
0.322
0.286
0.288
0.233
0.272
0.293
0.309
0.308
0.350
0.377
0.402
0.401
0.434
0.494
0.464
0.443
0.524
0.648
0.622
0.633
0.844
0.832
0.841
0.749
0.738
0.667
0.633
0.582
0.580
0.622
0.610
0.625
0.623
0.596
0.688
0.712
0.729
0.711
0.724
0.758
0.791
0.865
0.786
0.743
0.723
0.779
0.651
0.613
0.580
0.577
0.602
0.682
0.777
0.754
0.801
0.761
0.704
0.689
0.652
0.651
0.697
0.751
0.790
0.811
0.873
0.907
0.940
0.931
0.896
0.898
0.922
0.920
0.934
0.929
0.925
0.935
0.945
0.954
0.961
0.953
0.950
0.957
0.944
0.918
0.930
0.895
0.900
0.903
0.946
0.955
0.908
0.833
0.823
0.806
0.793
0.786
0.795
0.817
0.848
0.824
0.777
0.793
0.805
0.661
0.664
0.750
0.731
0.741
0.728
0.730
0.766
0.747
0.748
0.762
0.829
0.850
0.786
0.821
0.771
0.757
0.706
0.802
0.754
0.694
0.626
0.654
0.751
0.701
0.801
0.812
0.848
0.881
0.875
0.778
0.737
0.829
0.778
0.740
0.581
0.491
0.494
0.477
0.446
0.438
0.417
0.396
0.383
0.357
0.321
0.345
0.356
0.348
0.358
0.264
0.270
0.279
0.379
0.345
0.289
0.321
0.374
0.320
0.234
0.276
0.324
0.315
0.305
0.409
0.572
0.637
0.446
0.405
0.307
0.305
0.257
0.314
0.373
0.347
0.330
0.300
0.294
0.357
0.332
0.306
0.334
0.351
0.327
0.322
0.305
0.308
0.316
0.322
0.314
0.306
0.338
0.317
0.295
0.260
0.207
0.229
0.269
0.331
0.334
0.285
0.250
0.254
0.266
0.399
0.546
0.589
0.522
0.309
0.415
0.320
0.358
0.397
0.393
0.329
0.394
0.401
0.331
0.333
0.402
0.438
0.306
0.385
0.305
0.294
0.389
0.398
0.305
0.278
0.273
0.274
0.306
0.334
0.310
0.404
0.282
0.257
0.331
0.304
0.284
0.227
0.282
0.380
0.426
0.556
0.640
0.594
0.549
0.350
0.306
0.308
0.380
0.352
0.518
0.457
0.306
0.273
0.286
0.258
0.276
0.276
0.343
0.438
0.481
0.431
0.350
0.123
0.162
0.219
0.143
0.155
0.133
0.170
0.187
0.248
0.358
0.320
0.250
0.236
0.250
0.245
0.311
0.338
0.353
0.377
0.293
0.231
0.214
0.201
0.146
0.142
0.139
0.116
0.165
0.181
0.198
0.305
0.333
0.310
0.130
0.188
0.250
0.277
0.283
0.175
0.105
0.083
0.070
0.063
0.059
0.072
0.079
0.240
0.244
0.219
0.148
0.044
0.063
0.075
0.213
0.212
0.161
0.185
0.134
0.129
0.083
0.103
0.192
0.229
0.222
0.244
0.249
0.220
0.208
0.286
0.284
0.284
0.262
0.230
0.315
0.298
0.310
0.327
0.335
0.309
0.309
0.257
0.216
0.180
0.222
0.270
0.269
0.260
0.302
0.352
0.276
0.215
0.204
0.314
0.278
0.205
0.216
0.286
0.337
0.334
0.230
0.233
0.231
0.329
0.289
0.334
0.329
0.309
0.362
0.430
0.407
0.339
0.359
0.368
0.421
0.389
0.404
0.426
0.383
0.359
0.403
0.432
0.454
0.498
0.498
0.629
0.777
0.859
0.812
0.923
0.836
0.891
0.900
0.918
0.942
0.914
0.912
0.854
0.881
0.847
0.863
0.813
0.779
0.882
0.806
0.863
0.890
0.839
0.812
0.782
0.771
0.847
0.764
0.753
0.696
0.707
0.793
0.844
0.869
0.960
0.954
0.927
0.886
0.938
0.936
0.933
0.915
0.912
0.941
0.902
0.903
0.859
0.867
0.884
0.859
0.839
0.851
0.814
0.846
0.869
0.837
0.836
0.862
0.828
0.818
0.778
0.803
0.811
0.824
0.797
0.811
0.724
0.746
0.709
0.635
0.551
0.546
0.543
0.620
0.716
0.818
0.791
0.826
0.848
0.870
0.868
0.924
0.900
0.928
0.923
0.898
0.918
0.941
0.918
0.849
0.879
0.933
0.939
0.844
0.840
0.861
0.805
0.804
0.812
0.814
0.772
0.806
0.710
0.602
0.527
0.523
0.523
0.421
0.453
0.420
0.383
0.389
0.358
0.486
0.594
0.558
0.385
0.304
0.309
0.405
0.376
0.384
0.410
0.538
0.475
0.307
0.325
0.295
0.298
0.327
0.325
0.331
0.344
0.341
0.261
0.309
0.336
0.302
0.256
0.283
0.297
0.319
0.319
0.288
0.271
0.281
0.282
0.281
0.287
0.245
0.250
0.233
0.245
0.300
0.327
0.338
0.372
0.395
0.343
0.388
0.406
0.504
0.420
0.400
0.350
0.285
0.261
0.261
0.249
0.280
0.249
0.246
0.266
0.280
0.289
0.285
0.242
0.245
0.284
0.307
0.327
0.319
0.396
0.277
0.295
0.258
0.240
0.276
0.281
0.342
0.368
0.356
0.413
0.423
0.407
0.387
0.373
0.321
0.271
0.254
0.251
0.269
0.292
0.278
0.272
0.263
0.323
0.362
0.371
0.395
0.336
0.360
0.354
0.237
0.276
0.242
0.233
0.227
0.216
0.210
0.195
0.188
0.182
0.185
0.200
0.208
0.196
0.196
0.196
0.192
0.203
0.187
0.173
0.182
0.192
0.184
0.222
0.248
0.258
0.308
0.245
0.228
0.182
0.157
0.146
0.151
0.181
0.197
0.211
0.236
0.261
0.267
0.333
0.309
0.155
0.178
0.151
0.210
0.512
0.667
0.607
0.480
0.359
0.448
0.463
0.430
0.339
0.292
0.270
0.270
0.254
0.169
0.197
0.245
0.213
0.147
0.137
0.156
0.092
0.098
0.107
0.170
0.226
0.207
0.241
0.224
0.264
0.242
0.254
0.276
0.258
0.252
0.227
0.246
0.190
0.152
0.169
0.234
0.237
0.247
0.192
0.166
0.192
0.258
0.333
0.272
0.254
0.271
0.255
0.293
0.312
0.299
0.257
0.171
0.189
0.194
0.205
0.234
0.243
0.234
0.240
0.273
0.265
0.280
0.312
0.360
0.332
0.310
0.249
0.325
0.408
0.448
0.434
0.455
0.414
0.404
0.398
0.384
0.383
0.374
0.348
0.443
0.510
0.684
0.677
0.639
0.548
0.486
0.505
0.482
0.443
0.413
0.433
0.417
0.412
0.420
0.408
0.376
0.420
0.491
0.517
0.414
0.519
0.408
0.400
0.442
0.471
0.587
0.573
0.619
0.653
0.739
0.672
0.655
0.668
0.719
0.861
0.892
0.873
0.875
0.861
0.834
0.838
0.856
0.797
0.702
0.691
0.631
0.703
0.793
0.937
0.859
0.879
0.927
0.889
0.870
0.872
0.842
0.860
0.899
0.934
0.936
0.933
0.950
0.924
0.883
0.939
0.937
0.921
0.958
0.932
0.949
0.957
0.960
0.950
0.907
0.918
0.891
0.938
0.913
0.939
0.950
0.932
0.936
0.936
0.857
0.848
0.907
0.920
0.848
0.885
0.885
0.815
0.910
0.948
0.912
0.925
0.887
0.859
0.933
0.859
0.815
0.755
0.781
0.824
0.837
0.793
0.776
0.807
0.846
0.831
0.858
0.866
0.825
0.864
0.892
0.903
0.865
0.858
0.834
0.849
0.805
0.820
0.724
0.746
0.812
0.777
0.669
0.650
0.672
0.626
0.530
0.522
0.532
0.568
0.397
0.550
0.367
0.438
0.369
0.377
0.373
0.411
0.426
0.418
0.454
0.393
0.391
0.299
0.360
0.373
0.354
0.370
0.391
0.391
0.344
0.423
0.469
0.493
0.410
0.413
0.500
0.495
0.378
0.293
0.345
0.374
0.387
0.354
0.358
0.378
0.326
0.318
0.304
0.304
0.329
0.372
0.465
0.386
0.319
0.325
0.350
0.357
0.257
0.322
0.596
0.489
0.418
0.376
0.420
0.451
0.427
0.424
0.448
0.426
0.284
0.328
0.355
0.375
0.348
0.318
0.285
0.267
0.263
0.281
0.301
0.354
0.385
0.385
0.421
0.432
0.389
0.374
0.367
0.392
0.406
0.433
0.472
0.439
0.410
0.384
0.417
0.358
0.309
0.300
0.358
0.360
0.378
0.379
0.311
0.299
0.258
0.228
0.215
0.220
0.266
0.282
0.282
0.231
0.228
0.203
0.259
0.267
0.249
0.266
0.473
0.370
0.272
0.273
0.270
0.241
0.224
0.324
0.355
0.304
0.257
0.474
0.497
0.472
0.511
0.515
0.503
0.440
0.321
0.325
0.259
0.234
0.253
0.259
0.251
0.275
0.259
0.251
0.260
0.275
0.448
0.401
0.266
0.190
0.183
0.175
0.170
0.149
0.175
0.241
0.251
0.278
0.399
0.350
0.182
0.155
0.130
0.144
0.184
0.228
0.294
0.245
0.183
0.134
0.141
0.118
0.119
0.104
0.108
0.108
0.119
0.155
0.145
0.091
0.081
0.091
0.110
0.185
0.247
0.227
0.185
0.172
0.165
0.191
0.227
0.197
0.171
0.214
0.263
0.301
0.243
0.221
0.248
0.225
0.255
0.236
0.155
0.148
0.134
0.150
0.140
0.131
0.120
0.155
0.225
0.281
0.286
0.300
0.336
0.332
0.310
0.311
0.290
0.341
0.321
0.332
0.370
0.382
0.313
0.379
0.397
0.516
0.403
0.319
0.282
0.269
0.295
0.308
0.406
0.384
0.313
0.283
0.221
0.367
0.550
0.508
0.497
0.499
0.457
0.409
0.407
0.413
0.437
0.434
0.419
0.519
0.624
0.594
0.515
0.546
0.551
0.676
0.591
0.504
0.480
0.700
0.788
0.787
0.809
0.739
0.743
0.839
0.919
0.949
0.933
0.906
0.905
0.934
0.953
0.965
0.942
0.945
0.962
0.880
0.871
0.897
0.887
0.853
0.828
0.788
0.757
0.755
0.752
0.694
0.643
0.664
0.792
0.812
0.832
0.842
0.845
0.875
0.843
0.849
0.873
0.917
0.916
0.917
0.920
0.941
0.949
0.930
0.895
0.901
0.906
0.927
0.922
0.881
0.893
0.902
0.866
0.847
0.824
0.937
0.893
0.883
0.830
0.799
0.796
0.901
0.920
0.933
0.920
0.894
0.871
0.898
0.901
0.873
0.896
0.944
0.936
0.864
0.831
0.820
0.838
0.774
0.815
0.793
0.764
0.768
0.729
0.814
0.852
0.898
0.874
0.927
0.943
0.862
0.848
0.891
0.879
0.861
0.742
0.745
0.644
0.692
0.608
0.524
0.475
0.476
0.464
0.524
0.483
0.488
0.390
0.464
0.418
0.289
0.287
0.310
0.327
0.276
0.280
0.302
0.348
0.347
0.324
0.326
0.328
0.301
0.317
0.306
0.312
0.303
0.379
0.483
0.522
0.563
0.633
0.426
0.350
0.346
0.339
0.356
0.345
0.410
0.347
0.323
0.281
0.235
0.239
0.254
0.276
0.289
0.237
0.220
0.240
0.237
0.242
0.237
0.270
0.282
0.347
0.366
0.338
0.341
0.413
0.390
0.402
0.363
0.355
0.369
0.364
0.332
0.417
0.456
0.431
0.509
0.535
0.483
0.456
0.347
0.347
0.325
0.308
0.321
0.251
0.253
0.297
0.439
0.336
0.263
0.248
0.307
0.314
0.303
0.256
0.283
0.343
0.429
0.379
0.358
0.328
0.351
0.374
0.379
0.376
0.378
0.367
0.338
0.249
0.259
0.268
0.395
0.366
0.308
0.248
0.263
0.250
0.219
0.207
0.228
0.345
0.305
0.280
0.351
0.296
0.221
0.200
0.512
0.324
0.253
0.315
0.393
0.299
0.268
0.196
0.228
0.166
0.162
0.183
0.261
0.224
0.133
0.122
0.127
0.112
0.130
0.242
0.291
0.297
0.195
0.135
0.099
0.096
0.105
0.108
0.119
0.145
0.169
0.208
0.146
0.146
0.132
0.113
0.127
0.185
0.191
0.197
0.226
0.208
0.189
0.161
0.151
0.158
0.206
0.158
0.088
0.229
0.341
0.298
0.228
0.186
0.201
0.191
0.252
0.217
0.320
0.364
0.370
0.428
0.378
0.236
0.286
0.201
0.210
0.165
0.148
0.162
0.225
0.209
0.187
0.234
0.197
0.171
0.165
0.204
0.118
0.141
0.126
0.111
0.119
0.155
0.191
0.208
0.215
0.243
0.216
0.221
0.284
0.325
0.314
0.396
0.397
0.371
0.356
0.375
0.333
0.304
0.321
0.310
0.317
0.354
0.410
0.397
0.417
0.405
0.408
0.391
0.346
0.287
0.290
0.287
0.313
0.326
0.330
0.326
0.344
0.369
0.377
0.350
0.404
0.464
0.570
0.599
0.575
0.801
0.755
0.687
0.757
0.727
0.777
0.799
0.729
0.811
0.695
0.622
0.764
0.712
0.590
0.571
0.573
0.654
0.829
0.878
0.704
0.773
0.865
0.894
0.856
0.847
0.806
0.809
0.721
0.751
0.740
0.848
0.917
0.947
0.851
0.855
0.818
0.799
0.789
0.717
0.685
0.799
0.739
0.674
0.624
0.582
0.612
0.734
0.871
0.935
0.900
0.863
0.853
0.827
0.820
0.869
0.869
0.849
0.890
0.902
0.876
0.919
0.921
0.934
0.907
0.944
0.919
0.902
0.903
0.885
0.867
0.876
0.866
0.805
0.759
0.764
0.781
0.740
0.862
0.898
0.906
0.825
0.745
0.740
0.685
0.610
0.593
0.710
0.803
0.877
0.885
0.906
0.779
0.738
0.822
0.873
0.822
0.906
0.877
0.931
0.903
0.911
0.946
0.941
0.893
0.869
0.854
0.803
0.747
0.768
0.757
0.737
0.721
0.688
0.685
0.663
0.679
0.689
0.668
0.714
0.636
0.678
0.703
0.683
0.629
0.505
0.429
0.344
0.322
0.322
0.352
0.325
0.346
0.321
0.309
0.288
0.300
0.300
0.288
0.257
0.271
0.293
0.367
0.390
0.374
0.327
0.312
0.306
0.308
0.250
0.237
0.208
0.281
0.268
0.277
0.298
0.356
0.367
0.363
0.353
0.317
0.325
0.298
0.523
0.739
0.638
0.480
0.395
0.387
0.360
0.296
0.276
0.270
0.296
0.368
0.540
0.454
0.321
0.278
0.258
0.270
0.301
0.333
0.309
0.295
0.292
0.318
0.375
0.381
0.377
0.326
0.323
0.371
0.280
0.239
0.357
0.439
0.493
0.452
0.317
0.287
0.237
0.276
0.363
0.352
0.304
0.285
0.289
0.337
0.360
0.313
0.393
0.441
0.461
0.606
0.610
0.567
0.558
0.456
0.426
0.434
0.444
0.352
0.353
0.364
0.354
0.389
0.338
0.255
0.266
0.239
0.240
0.358
0.257
0.234
0.249
0.179
0.178
0.254
0.234
0.201
0.202
0.350
0.339
0.246
0.215
0.191
0.218
0.275
0.270
0.238
0.301
0.319
0.247
0.231
0.213
0.221
0.218
0.228
0.252
0.188
0.196
0.287
0.243
0.223
0.192
0.192
0.194
0.121
0.169
0.186
0.158
0.209
0.207
0.199
0.145
0.132
0.113
0.120
0.201
0.185
0.197
0.146
0.171
0.174
0.237
0.280
0.307
0.205
0.180
0.203
0.164
0.264
0.305
0.268
0.167
0.171
0.162
0.133
0.166
0.138
0.123
0.308
0.243
0.227
0.267
0.162
0.127
0.092
0.083
0.120
0.165
0.171
0.114
0.096
0.065
0.112
0.243
0.292
0.244
0.120
0.100
0.107
0.073
0.089
0.093
0.122
0.223
0.228
0.196
0.245
0.257
0.277
0.245
0.177
0.163
0.201
0.297
0.325
0.347
0.351
0.382
0.374
0.351
0.389
0.375
0.401
0.287
0.312
0.333
0.306
0.355
0.350
0.340
0.333
0.361
0.393
0.393
0.400
0.399
0.432
0.440
0.422
0.399
0.366
0.362
0.393
0.386
0.385
0.411
0.395
0.368
0.416
0.426
0.415
0.402
0.415
0.396
0.485
0.478
0.432
0.505
0.490
0.518
0.575
0.812
0.699
0.642
0.621
0.653
0.718
0.804
0.685
0.665
0.590
0.589
0.816
0.831
0.812
0.793
0.844
0.932
0.923
0.897
0.890
0.869
0.859
0.855
0.885
0.926
0.951
0.930
0.936
0.922
0.916
0.918
0.925
0.901
0.900
0.893
0.906
0.841
0.809
0.811
0.851
0.830
0.802
0.866
0.849
0.799
0.923
0.914
0.856
0.804
0.787
0.754
0.715
0.695
0.736
0.769
0.725
0.716
0.699
0.696
0.759
0.838
0.903
0.919
0.902
0.861
0.853
0.917
0.927
0.921
0.882
0.886
0.886
0.837
0.775
0.833
0.790
0.753
0.723
0.720
0.700
0.713
0.652
0.582
0.607
0.553
0.554
0.525
0.484
0.625
0.627
0.614
0.576
0.523
0.482
0.517
0.452
0.503
0.677
0.812
0.908
0.786
0.740
0.716
0.773
0.680
0.534
0.477
0.468
0.449
0.378
0.429
0.398
0.363
0.340
0.376
0.336
0.298
0.243
0.223
0.270
0.306
0.285
0.302
0.273
0.275
0.249
0.226
0.229
0.238
0.279
0.322
0.352
0.387
0.383
0.437
0.676
0.842
0.903
0.840
0.816
0.892
0.933
0.798
0.761
0.737
0.694
0.591
0.604
0.646
0.643
0.554
0.481
0.524
0.505
0.427
0.439
0.521
0.541
0.523
0.523
0.527
0.510
0.441
0.414
0.417
0.443
0.390
0.447
0.468
0.463
0.439
0.451
0.722
0.615
0.645
0.673
0.625
0.571
0.435
0.453
0.432
0.429
0.407
0.487
0.568
0.548
0.494
0.328
0.357
0.412
0.483
0.379
0.298
0.409
0.381
0.381
0.347
0.451
0.579
0.327
0.358
0.464
0.401
0.405
0.352
0.284
0.255
0.265
0.266
0.252
0.271
0.278
0.286
0.300
0.279
0.323
0.320
0.331
0.353
0.273
0.395
0.412
0.356
0.340
0.346
0.293
0.376
0.276
0.468
0.429
0.303
0.221
0.181
0.122
0.149
0.192
0.174
0.208
0.199
0.315
0.314
0.321
0.313
0.218
0.187
0.158
0.161
0.183
0.251
0.303
0.337
0.368
0.412
0.240
0.200
0.178
0.258
0.260
0.101
0.119
0.187
0.222
0.165
0.141
0.139
0.158
0.120
0.118
0.151
0.233
0.279
0.286
0.264
0.183
0.173
0.191
0.337
0.365
0.361
0.304
0.222
0.149
0.093
0.091
0.097
0.125
0.206
0.217
0.205
0.220
0.265
0.216
0.189
0.182
0.260
0.311
0.330
0.306
0.284
0.219
0.151
0.225
0.267
0.258
0.244
0.247
0.211
0.283
0.269
0.284
0.295
0.267
0.262
0.269
0.199
0.230
0.214
0.219
0.252
0.263
0.307
0.301
0.302
0.260
0.222
0.160
0.230
0.279
0.312
0.303
0.302
0.327
0.446
0.473
0.478
0.404
0.356
0.326
0.372
0.463
0.509
0.479
0.494
0.478
0.524
0.495
0.445
0.309
0.242
0.283
0.305
0.404
0.759
0.787
0.694
0.578
0.472
0.538
0.569
0.528
0.551
0.535
0.524
0.535
0.487
0.572
0.651
0.579
0.614
0.639
0.619
0.708
0.784
0.762
0.773
0.828
0.815
0.811
0.852
0.823
0.803
0.763
0.742
0.926
0.864
0.782
0.758
0.709
0.729
0.800
0.844
0.876
0.925
0.855
0.840
0.818
0.791
0.819
0.880
0.914
0.913
0.916
0.936
0.915
0.905
0.947
0.936
0.895
0.863
0.888
0.873
0.848
0.844
0.832
0.819
0.834
0.860
0.900
0.868
0.871
0.858
0.896
0.875
0.858
0.882
0.906
0.870
0.900
0.917
0.913
0.895
0.888
0.886
0.904
0.903
0.926
0.942
0.922
0.950
0.928
0.919
0.915
0.914
0.926
0.921
0.885
0.897
0.853
0.783
0.777
0.783
0.747
0.799
0.784
0.780
0.680
0.622
0.548
0.644
0.576
0.492
0.484
0.513
0.438
0.392
0.433
0.440
0.419
0.430
0.494
0.535
0.670
0.592
0.502
0.532
0.415
0.581
0.648
0.721
0.755
0.685
0.671
0.633
0.493
0.457
0.498
0.517
0.450
0.382
0.446
0.412
0.388
0.389
0.428
0.484
0.464
0.318
0.345
0.500
0.654
0.610
0.610
0.720
0.737
0.750
0.677
0.734
0.661
0.645
0.761
0.680
0.630
0.870
0.810
0.843
0.857
0.730
0.779
0.769
0.658
0.631
0.599
0.637
0.571
0.572
0.480
0.452
0.423
0.497
0.569
0.546
0.485
0.421
0.386
0.375
0.336
0.317
0.294
0.280
0.284
0.307
0.267
0.314
0.295
0.348
0.325
0.351
0.356
0.368
0.360
0.494
0.366
0.251
0.311
0.355
0.362
0.359
0.271
0.274
0.216
0.250
0.332
0.291
0.273
0.276
0.420
0.527
0.255
0.180
0.256
0.378
0.307
0.258
0.284
0.299
0.316
0.345
0.291
0.344
0.366
0.361
0.346
0.366
0.330
0.296
0.220
0.206
0.226
0.258
0.366
0.432
0.335
0.286
0.230
0.276
0.271
0.310
0.396
0.522
0.304
0.448
0.298
0.291
0.350
0.248
0.223
0.220
0.221
0.233
0.236
0.276
0.306
0.256
0.261
0.290
0.270
0.197
0.188
0.178
0.224
0.175
0.174
0.182
0.144
0.136
0.146
0.105
0.110
0.137
0.151
0.224
0.221
0.233
0.250
0.205
0.189
0.140
0.109
0.129
0.149
0.186
0.171
0.223
0.232
0.260
0.130
0.142
0.143
0.167
0.230
0.233
0.176
0.196
0.273
0.206
0.246
0.235
0.261
0.307
0.244
0.231
0.114
0.152
0.160
0.206
0.145
0.147
0.106
0.120
0.137
0.198
0.235
0.187
0.233
0.304
0.357
0.391
0.331
0.333
0.347
0.327
0.289
0.313
0.334
0.363
0.343
0.310
0.319
0.258
0.293
0.348
0.436
0.464
0.501
0.467
0.415
0.370
0.397
0.323
0.337
0.357
0.381
0.391
0.415
0.438
0.415
0.409
0.361
0.340
0.380
0.460
0.444
0.449
0.481
0.536
0.601
0.677
0.659
0.611
0.643
0.646
0.774
0.754
0.717
0.718
0.808
0.875
0.906
0.829
0.815
0.876
0.919
0.854
0.791
0.783
0.765
0.791
0.796
0.876
0.832
0.889
0.935
0.923
0.900
0.912
0.927
0.932
0.943
0.919
0.922
0.950
0.926
0.892
0.897
0.882
0.946
0.949
0.947
0.874
0.871
0.923
0.928
0.924
0.925
0.903
0.885
0.894
0.944
0.907
0.926
0.915
0.934
0.956
0.945
0.924
0.940
0.931
0.932
0.939
0.909
0.893
0.885
0.918
0.925
0.922
0.888
0.903
0.957
0.960
0.950
0.938
0.945
0.940
0.926
0.907
0.957
0.935
0.948
0.933
0.915
0.907
0.885
0.937
0.898
0.933
0.915
0.907
0.843
0.848
0.900
0.872
0.884
0.852
0.845
0.897
0.856
0.863
0.857
0.822
0.849
0.877
0.839
0.781
0.765
0.720
0.679
0.717
0.743
0.711
0.666
0.597
0.571
0.552
0.491
0.461
0.468
0.418
0.425
0.363
0.362
0.460
0.607
0.518
0.339
0.342
0.359
0.309
0.319
0.348
0.333
0.328
0.313
0.318
0.332
0.336
0.357
0.372
0.320
0.295
0.264
0.259
0.329
0.396
0.376
0.351
0.327
0.298
0.340
0.363
0.344
0.268
0.270
0.302
0.301
0.300
0.296
0.294
0.305
0.382
0.423
0.443
0.456
0.460
0.447
0.425
0.301
0.210
0.201
0.298
0.383
0.441
0.402
0.354
0.389
0.379
0.349
0.215
0.213
0.285
0.325
0.317
0.296
0.290
0.334
0.328
0.343
0.330
0.304
0.304
0.299
0.305
0.279
0.280
0.296
0.323
0.340
0.394
0.518
0.551
0.555
0.457
0.359
0.536
0.507
0.296
0.434
0.319
0.284
0.300
0.288
0.219
0.246
0.380
0.457
0.334
0.283
0.360
0.285
0.280
0.308
0.348
0.385
0.393
0.480
0.340
0.419
0.388
0.440
0.256
0.262
0.266
0.305
0.435
0.373
0.258
0.157
0.137
0.168
0.148
0.168
0.281
0.345
0.233
0.220
0.346
0.259
0.242
0.209
0.200
0.252
0.250
0.176
0.134
0.136
0.167
0.151
0.133
0.279
0.364
0.406
0.297
0.220
0.261
0.274
0.238
0.125
0.099
0.115
0.201
0.230
0.139
0.137
0.132
0.165
0.153
0.150
0.157
0.117
0.071
0.072
0.067
0.070
0.087
0.132
0.167
0.146
0.145
0.238
0.230
0.150
0.151
0.205
0.249
0.250
0.271
0.278
0.170
0.214
0.240
0.244
0.289
0.290
0.257
0.196
0.223
0.277
0.301
0.513
0.467
0.280
0.229
0.337
0.273
0.245
0.188
0.192
0.234
0.267
0.277
0.289
0.294
0.331
0.382
0.401
0.403
0.331
0.296
0.296
0.291
0.319
0.358
0.345
0.314
0.269
0.301
0.269
0.300
0.289
0.316
0.341
0.333
0.337
0.300
0.322
0.336
0.315
0.320
0.342
0.386
0.384
0.419
0.451
0.447
0.399
0.548
0.492
0.524
0.554
0.537
0.517
0.490
0.593
0.799
0.739
0.682
0.720
0.624
0.596
0.594
0.564
0.579
0.577
0.643
0.655
0.613
0.620
0.609
0.650
0.640
0.655
0.639
0.678
0.852
0.926
0.906
0.879
0.874
0.846
0.947
0.944
0.882
0.885
0.914
0.872
0.807
0.853
0.935
0.917
0.885
0.860
0.883
0.919
0.947
0.933
0.899
0.914
0.933
0.937
0.927
0.942
0.929
0.933
0.932
0.904
0.903
0.865
0.900
0.944
0.946
0.945
0.960
0.952
0.960
0.958
0.954
0.941
0.913
0.935
0.924
0.918
0.961
0.896
0.859
0.879
0.911
0.919
0.917
0.899
0.896
0.863
0.910
0.928
0.916
0.911
0.916
0.944
0.965
0.917
0.909
0.926
0.896
0.961
0.945
0.922
0.911
0.937
0.866
0.865
0.868
0.850
0.858
0.890
0.924
0.913
0.919
0.889
0.839
0.732
0.637
0.627
0.621
0.583
0.613
0.574
0.796
0.797
0.681
0.668
0.620
0.515
0.483
0.435
0.447
0.487
0.500
0.493
0.425
0.390
0.384
0.369
0.416
0.404
0.455
0.426
0.438
0.288
0.308
0.342
0.392
0.263
0.285
0.334
0.318
0.321
0.299
0.291
0.287
0.282
0.277
0.247
0.265
0.329
0.385
0.362
0.320
0.336
0.291
0.230
0.255
0.242
0.261
0.306
0.323
0.353
0.342
0.294
0.288
0.350
0.345
0.304
0.299
0.328
0.350
0.363
0.400
0.307
0.290
0.273
0.287
0.321
0.341
0.407
0.436
0.372
0.304
0.502
0.411
0.385
0.377
0.379
0.380
0.335
0.292
0.335
0.273
0.246
0.235
0.255
0.291
0.307
0.310
0.317
0.361
0.357
0.273
0.355
0.332
0.310
0.277
0.235
0.200
0.248
0.251
0.246
0.247
0.308
0.422
0.401
0.352
0.300
0.424
0.285
0.315
0.235
0.283
0.331
0.414
0.325
0.286
0.305
0.306
0.252
0.278
0.364
0.360
0.333
0.348
0.465
0.546
0.428
0.331
0.265
0.299
0.335
0.380
0.429
0.356
0.350
0.453
0.352
0.348
0.310
0.253
0.279
0.282
0.271
0.273
0.284
0.260
0.213
0.276
0.189
0.153
0.134
0.100
0.091
0.090
0.115
0.118
0.119
0.136
0.167
0.209
0.169
0.207
0.210
0.187
0.280
0.287
0.229
0.187
0.208
0.147
0.196
0.238
0.312
0.165
0.152
0.259
0.297
0.265
0.255
0.197
0.157
0.234
0.293
0.289
0.156
0.146
0.234
0.218
0.227
0.259
0.194
0.241
0.164
0.186
0.249
0.320
0.324
0.430
0.356
0.412
0.398
0.303
0.255
0.264
0.256
0.213
0.161
0.204
0.212
0.214
0.183
0.177
0.236
0.297
0.314
0.302
0.316
0.283
0.203
0.250
0.299
0.288
0.338
0.297
0.317
0.316
0.342
0.322
0.318
0.305
0.301
0.294
0.316
0.361
0.405
0.407
0.419
0.443
0.417
0.362
0.360
0.374
0.389
0.440
0.543
0.529
0.565
0.645
0.617
0.838
0.824
0.734
0.732
0.771
0.764
0.802
0.791
0.853
0.843
0.818
0.775
0.748
0.815
0.755
0.832
0.804
0.878
0.859
0.793
0.793
0.752
0.753
0.922
0.963
0.958
0.944
0.907
0.897
0.897
0.923
0.896
0.943
0.922
0.901
0.920
0.924
0.919
0.926
0.932
0.922
0.927
0.907
0.938
0.942
0.926
0.932
0.949
0.934
0.936
0.941
0.920
0.925
0.958
0.952
0.906
0.915
0.866
0.901
0.876
0.926
0.942
0.944
0.925
0.928
0.939
0.931
0.904
0.887
0.898
0.885
0.873
0.910
0.946
0.947
0.959
0.962
0.955
0.888
0.879
0.855
0.858
0.874
0.869
0.858
0.876
0.880
0.881
0.894
0.844
0.873
0.886
0.806
0.711
0.721
0.718
0.725
0.747
0.769
0.827
0.770
0.638
0.535
0.574
0.788
0.950
0.957
0.941
0.928
0.863
0.851
0.874
0.888
0.905
0.897
0.918
0.918
0.914
0.903
0.870
0.896
0.910
0.914
0.870
0.897
0.888
0.820
0.822
0.777
0.710
0.618
0.579
0.570
0.508
0.453
0.448
0.463
0.538
0.706
0.599
0.480
0.468
0.478
0.519
0.480
0.500
0.490
0.476
0.469
0.482
0.507
0.463
0.521
0.543
0.476
0.408
0.415
0.460
0.500
0.396
0.292
0.344
0.384
0.305
0.261
0.283
0.310
0.377
0.416
0.428
0.342
0.280
0.278
0.320
0.351
0.364
0.466
0.490
0.558
0.418
0.268
0.296
0.287
0.292
0.294
0.344
0.319
0.329
0.357
0.374
0.285
0.314
0.313
0.402
0.316
0.266
0.292
0.398
0.460
0.501
0.484
0.472
0.341
0.488
0.529
0.632
0.499
0.632
0.463
0.572
0.396
0.263
0.358
0.444
0.503
0.398
0.461
0.423
0.421
0.450
0.355
0.445
0.439
0.350
0.428
0.482
0.501
0.574
0.546
0.487
0.512
0.470
0.351
0.302
0.226
0.233
0.265
0.290
0.320
0.333
0.364
0.342
0.336
0.316
0.394
0.310
0.267
0.313
0.276
0.464
0.563
0.606
0.436
0.303
0.233
0.218
0.274
0.442
0.466
0.414
0.389
0.521
0.425
0.412
0.357
0.297
0.204
0.230
0.332
0.441
0.378
0.368
0.397
0.460
0.397
0.390
0.279
0.222
0.238
0.233
0.202
0.184
0.271
0.127
0.103
0.148
0.294
0.273
0.318
0.240
0.216
0.223
0.232
0.174
0.227
0.219
0.235
0.233
0.249
0.186
0.167
0.169
0.220
0.196
0.196
0.180
0.175
0.216
0.275
0.285
0.256
0.262
0.293
0.315
0.321
0.255
0.182
0.147
0.146
0.152
0.172
0.202
0.188
0.153
0.245
0.228
0.230
0.232
0.226
0.289
0.283
0.231
0.188
0.129
0.170
0.266
0.341
0.337
0.326
0.346
0.354
0.338
0.348
0.257
0.174
0.176
0.159
0.250
0.289
0.265
0.274
0.308
0.287
0.302
0.324
0.318
0.331
0.334
0.288
0.257
0.325
0.324
0.287
0.292
0.312
0.302
0.397
0.450
0.426
0.457
0.518
0.551
0.554
0.567
0.520
0.510
0.524
0.540
0.616
0.603
0.550
0.554
0.508
0.478
0.423
0.469
0.468
0.472
0.553
0.597
0.531
0.505
0.479
0.519
0.540
0.570
0.618
0.626
0.654
0.643
0.769
0.781
0.870
0.833
0.925
0.926
0.891
0.833
0.851
0.951
0.958
0.913
0.928
0.881
0.887
0.852
0.859
0.891
