20000101
0.247
0.250
0.230
0.227
0.244
0.239
0.236
0.205
0.195
0.245
0.219
0.275
0.370
0.274
0.230
0.299
0.307
0.351
0.359
0.186
0.332
0.547
0.507
0.392
0.311
0.310
0.264
0.252
0.175
0.151
0.162
0.513
0.591
0.598
0.565
0.506
0.281
0.274
0.229
0.182
0.206
0.393
0.224
0.238
0.239
0.237
0.194
0.146
0.125
0.152
0.271
0.241
0.255
0.307
0.360
0.232
0.173
0.104
0.121
0.124
0.158
0.219
0.280
0.234
0.256
0.208
0.336
0.148
0.102
0.084
0.246
0.342
0.403
0.389
0.229
0.279
0.354
0.288
0.089
0.057
0.085
0.166
0.154
0.105
0.089
0.093
0.080
0.056
0.073
0.085
0.112
0.132
0.092
0.082
0.111
0.211
0.167
0.149
0.111
0.124
0.136
0.158
0.127
0.222
0.281
0.315
0.299
0.193
0.168
0.149
0.143
0.137
0.235
0.301
0.296
0.300
0.321
0.346
0.246
0.245
0.221
0.154
0.173
0.224
0.234
0.238
0.205
0.243
0.323
0.375
0.340
0.361
0.491
0.466
0.440
0.436
0.492
0.487
0.578
0.666
0.748
0.615
0.528
0.511
0.441
0.441
0.432
0.401
0.397
0.453
0.480
0.550
0.531
0.427
0.382
0.515
0.494
0.318
0.355
0.507
0.514
0.472
0.426
0.445
0.543
0.541
0.491
0.448
0.436
0.425
0.418
0.518
0.532
0.482
0.573
0.527
0.524
0.512
0.505
0.544
0.498
0.551
0.639
0.823
0.783
0.750
0.649
0.623
0.713
0.870
0.910
0.879
0.870
0.944
0.895
0.948
0.910
0.879
0.913
0.947
0.918
0.932
0.927
0.833
0.776
0.712
0.659
0.631
0.596
0.635
0.805
0.814
0.670
0.608
0.611
0.667
0.611
0.567
0.570
0.486
0.523
0.542
0.598
0.670
0.876
0.899
0.926
0.951
0.905
0.888
0.909
0.915
0.936
0.866
0.916
0.898
0.819
0.808
0.839
0.901
0.899
0.914
0.907
0.868
0.885
0.928
0.879
0.857
0.950
0.911
0.829
0.790
0.734
0.713
0.696
0.691
0.644
0.607
0.544
0.556
0.589
0.566
0.567
0.517
0.426
0.401
0.435
0.504
0.566
0.524
0.378
0.400
0.402
0.344
0.446
0.366
0.260
0.290
0.290
0.382
0.400
0.452
0.442
0.458
0.371
0.461
0.524
0.451
0.347
0.167
0.157
0.179
0.231
0.246
0.207
0.204
0.358
0.415
0.376
0.325
0.217
0.179
0.146
0.207
0.229
0.184
0.175
0.206
0.238
0.283
0.235
0.224
0.259
0.257
0.263
0.273
0.287
0.280
0.268
0.268
0.229
0.206
0.201
0.215
0.189
0.192
0.234
0.251
0.298
0.242
0.240
0.289
0.329
0.216
0.196
0.150
0.142
0.152
0.154
0.205
0.181
0.148
0.170
0.208
0.218
0.227
0.233
0.236
0.243
0.211
0.216
0.223
0.245
0.241
0.253
0.271
0.201
0.161
0.173
0.183
0.160
0.170
0.187
0.192
0.199
0.637
0.478
0.364
0.290
0.322
0.340
0.341
0.380
0.253
0.254
0.272
0.398
0.279
0.233
0.246
0.300
0.354
0.373
0.378
0.367
0.264
0.281
0.360
0.257
0.121
0.138
0.136
0.130
0.152
0.210
0.206
0.267
0.237
0.223
0.175
0.191
0.095
0.114
0.125
0.149
0.109
0.141
0.181
0.205
0.139
0.256
0.206
0.197
0.169
0.164
0.196
0.201
0.179
0.086
0.165
0.221
0.295
0.391
0.351
0.193
0.147
0.100
0.165
0.202
0.177
0.095
0.128
0.095
0.136
0.177
0.352
0.346
0.271
0.364
0.217
0.203
0.293
0.179
0.168
0.254
0.324
0.317
0.292
0.283
0.321
0.249
0.282
0.318
0.270
0.259
0.141
0.118
0.099
0.092
0.150
0.170
0.116
0.064
0.075
0.104
0.165
0.193
0.220
0.210
0.170
0.178
0.293
0.284
0.335
0.328
0.252
0.145
0.098
0.130
0.157
0.141
0.150
0.159
0.160
0.207
0.266
0.226
0.188
0.202
0.276
0.250
0.286
0.245
0.258
0.303
0.310
0.317
0.329
0.303
0.326
0.373
0.393
0.388
0.404
0.452
0.450
0.445
0.399
0.271
0.297
0.429
0.453
0.390
0.410
0.455
0.563
0.609
0.615
0.677
0.741
0.628
0.703
0.602
0.632
0.587
0.580
0.626
0.557
0.603
0.640
0.737
0.790
0.930
0.868
0.846
0.908
0.848
0.704
0.653
0.620
0.571
0.547
0.551
0.600
0.549
0.577
0.558
0.695
0.872
0.933
0.898
0.850
0.805
0.751
0.803
0.788
0.898
0.898
0.891
0.881
0.888
0.893
0.899
0.912
0.905
0.893
0.904
0.956
0.900
0.952
0.904
0.889
0.845
0.827
0.821
0.826
0.808
0.819
0.779
0.871
0.727
0.768
0.883
0.844
0.911
0.894
0.882
0.885
0.894
0.917
0.906
0.874
0.875
0.957
0.951
0.913
0.786
0.785
0.814
0.804
0.815
0.846
0.875
0.764
0.732
0.793
0.763
0.776
0.701
0.758
0.720
0.697
0.645
0.674
0.652
0.718
0.701
0.621
0.623
0.688
0.708
0.676
0.576
0.602
0.628
0.684
0.633
0.611
0.670
0.478
0.365
0.384
0.430
0.550
0.570
0.507
0.358
0.222
0.262
0.480
0.592
0.682
0.826
0.739
0.638
0.508
0.534
0.622
0.722
0.830
0.892
0.639
0.690
0.645
0.533
0.341
0.277
0.252
0.246
0.280
0.303
0.232
0.240
0.247
0.239
0.269
0.263
0.257
0.285
0.296
0.282
0.292
0.311
0.301
0.255
0.238
0.271
0.305
0.227
0.203
0.205
0.199
0.201
0.183
0.197
0.237
0.255
0.262
0.174
0.196
0.203
0.182
0.202
0.200
0.194
0.195
0.198
0.182
0.174
0.192
0.215
0.233
0.265
0.261
0.251
0.219
0.252
0.276
0.290
0.350
0.414
0.365
0.284
0.307
0.317
0.294
0.303
0.284
0.253
0.289
0.293
0.222
0.239
0.248
0.250
0.261
0.283
0.268
0.293
0.356
0.287
0.178
0.192
0.208
0.200
0.236
0.331
0.355
0.263
0.254
0.275
0.288
0.231
0.195
0.285
0.406
0.511
0.357
0.383
0.392
0.463
0.432
0.390
0.368
0.280
0.373
0.522
0.362
0.186
0.170
0.177
0.204
0.244
0.234
0.188
0.217
0.341
0.189
0.218
0.127
0.136
0.458
0.624
0.428
0.315
0.328
0.308
0.269
0.310
0.371
0.321
0.244
0.212
0.223
0.253
0.304
0.190
0.175
0.169
0.178
0.221
0.202
0.239
0.144
0.139
0.138
0.196
0.352
0.397
0.277
0.188
0.198
0.265
0.456
0.405
0.233
0.212
0.144
0.108
0.093
0.182
0.220
0.216
0.278
0.314
0.337
0.280
0.154
0.063
0.070
0.078
0.172
0.293
0.201
0.278
0.274
0.210
0.436
0.344
0.234
0.177
0.145
0.178
0.170
0.176
0.271
0.259
0.251
0.176
0.184
0.197
0.205
0.175
0.244
0.220
0.200
0.172
0.053
0.081
0.171
0.215
0.121
0.090
0.080
0.063
0.155
0.239
0.291
0.293
0.405
0.346
0.372
0.372
0.399
0.366
0.343
0.319
0.338
0.355
0.366
0.436
0.431
0.411
0.396
0.310
0.324
0.368
0.403
0.404
0.429
0.383
0.325
0.293
0.342
0.347
0.375
0.378
0.412
0.429
0.398
0.370
0.387
0.363
0.412
0.476
0.519
0.513
0.485
0.524
0.544
0.592
0.606
0.718
0.796
0.675
0.608
0.618
0.794
0.847
0.901
0.898
0.890
0.794
0.684
0.661
0.639
0.577
0.566
0.646
0.650
0.563
0.597
0.553
0.539
0.607
0.586
0.704
0.769
0.714
0.837
0.848
0.937
0.790
0.823
0.820
0.825
0.835
0.832
0.799
0.649
0.687
0.591
0.565
0.554
0.595
0.631
0.646
0.845
0.921
0.932
0.882
0.907
0.928
0.899
0.903
0.915
0.929
0.890
0.949
0.929
0.905
0.915
0.870
0.834
0.809
0.865
0.943
0.934
0.883
0.834
0.831
0.811
0.940
0.941
0.947
0.944
0.932
0.947
0.922
0.799
0.799
0.761
0.801
0.741
0.758
0.704
0.695
0.669
0.665
0.651
0.691
0.788
0.702
0.638
0.581
0.599
0.622
0.669
0.726
0.739
0.670
0.563
0.450
0.436
0.388
0.312
0.291
0.308
0.290
0.318
0.343
0.310
0.282
0.301
0.301
0.283
0.337
0.287
0.303
0.382
0.505
0.481
0.399
0.411
0.380
0.330
0.244
0.213
0.213
0.178
0.225
0.242
0.242
0.272
0.312
0.299
0.307
0.290
0.301
0.310
0.350
0.391
0.323
0.273
0.234
0.417
0.538
0.532
0.349
0.390
0.267
0.217
0.258
0.257
0.288
0.297
0.299
0.296
0.283
0.270
0.225
0.200
0.237
0.224
0.212
0.245
0.229
0.310
0.283
0.229
0.279
0.424
0.331
0.294
0.296
0.331
0.227
0.207
0.247
0.240
0.279
0.286
0.317
0.338
0.392
0.374
0.334
0.306
0.332
0.377
0.383
0.335
0.345
0.361
0.407
0.508
0.436
0.470
0.445
0.470
0.399
0.373
0.431
0.352
0.346
0.575
0.520
0.464
0.471
0.203
0.202
0.164
0.185
0.178
0.213
0.246
0.335
0.294
0.211
0.197
0.284
0.263
0.291
0.351
0.348
0.303
0.375
0.693
0.678
0.591
0.559
0.528
0.408
0.257
0.171
0.260
0.269
0.298
0.254
0.172
0.155
0.191
0.201
0.244
0.530
0.609
0.556
0.249
0.251
0.258
0.281
0.268
0.302
0.346
0.280
0.268
0.278
0.249
0.061
0.066
0.084
0.084
0.087
0.098
0.134
0.126
0.108
0.096
0.099
0.116
0.188
0.220
0.212
0.241
0.171
0.134
0.149
0.153
0.164
0.122
0.125
0.113
0.143
0.184
0.269
0.269
0.159
0.185
0.266
0.352
0.397
0.292
0.225
0.264
0.223
0.209
0.166
0.165
0.178
0.251
0.278
0.264
0.317
0.317
0.277
0.216
0.268
0.153
0.135
0.125
0.201
0.257
0.230
0.173
0.109
0.089
0.118
0.208
0.265
0.296
0.273
0.290
0.285
0.265
0.186
0.102
0.095
0.105
0.143
0.198
0.140
0.220
0.233
0.323
0.385
0.357
0.349
0.338
0.425
0.379
0.308
0.333
0.371
0.317
0.377
0.341
0.247
0.224
0.284
0.328
0.310
0.356
0.445
0.448
0.455
0.396
0.394
0.439
0.463
0.500
0.553
0.485
0.592
0.744
0.711
0.852
0.867
0.803
0.767
0.773
0.766
0.832
0.842
0.802
0.857
0.856
0.798
0.728
0.741
0.807
0.884
0.898
0.907
0.857
0.867
0.901
0.842
0.893
0.885
0.857
0.843
0.872
0.883
0.838
0.830
0.852
0.869
0.876
0.857
0.884
0.921
0.931
0.912
0.945
0.929
0.913
0.915
0.856
0.899
0.921
0.930
0.931
0.919
0.851
0.861
0.883
0.934
0.919
0.886
0.903
0.922
0.883
0.834
0.876
0.865
0.832
0.900
0.844
0.838
0.803
0.865
0.960
0.948
0.950
0.923
0.934
0.929
0.955
0.944
0.942
0.908
0.935
0.932
0.872
0.863
0.828
0.773
0.874
0.895
0.838
0.793
0.768
0.773
0.838
0.853
0.846
0.908
0.857
0.871
0.884
0.887
0.897
0.822
0.833
0.824
0.785
0.834
0.889
0.817
0.749
0.655
0.637
0.543
0.528
0.616
0.706
0.671
0.570
0.607
0.542
0.449
0.418
0.426
0.413
0.347
0.403
0.415
0.370
0.364
0.297
0.283
0.292
0.293
0.290
0.300
0.337
0.354
0.392
0.366
0.396
0.327
0.314
0.464
0.399
0.389
0.344
0.333
0.380
0.381
0.345
0.312
0.301
0.294
0.315
0.317
0.353
0.431
0.439
0.480
0.391
0.423
0.411
0.368
0.365
0.374
0.395
0.425
0.353
0.354
0.396
0.388
0.349
0.213
0.328
0.408
0.331
0.257
0.295
0.301
0.337
0.330
0.341
0.407
0.422
0.344
0.361
0.361
0.417
0.420
0.400
0.356
0.338
0.376
0.342
0.384
0.419
0.202
0.425
0.442
0.326
0.369
0.299
0.301
0.344
0.440
0.397
0.547
0.540
0.451
0.393
0.325
0.283
0.296
0.309
0.348
0.361
0.332
0.312
0.379
0.302
0.306
0.403
0.516
0.470
0.330
0.333
0.553
0.355
0.324
0.507
0.499
0.529
0.338
0.290
0.274
0.267
0.162
0.173
0.193
0.179
0.182
0.253
0.265
0.291
0.338
0.326
0.204
0.239
0.195
0.240
0.326
0.316
0.222
0.198
0.183
0.161
0.170
0.165
0.219
0.204
0.160
0.141
0.143
0.127
0.154
0.123
0.079
0.080
0.067
0.101
0.111
0.107
0.097
0.117
0.110
0.126
0.115
0.090
0.090
0.087
0.081
0.131
0.195
0.225
0.226
0.192
0.223
0.229
0.130
0.147
0.142
0.117
0.166
0.168
0.242
0.203
0.162
0.232
0.240
0.349
0.346
0.348
0.299
0.249
0.241
0.259
0.234
0.309
0.325
0.282
0.360
0.337
0.256
0.291
0.284
0.249
0.161
0.157
0.204
0.250
0.310
0.329
0.321
0.086
0.083
0.087
0.104
0.224
0.249
0.316
0.303
0.377
0.546
0.479
0.538
0.544
0.504
0.428
0.448
0.422
0.352
0.436
0.421
0.439
0.421
0.425
0.393
0.354
0.321
0.278
0.266
0.223
0.263
0.282
0.303
0.302
0.342
0.372
0.389
0.403
0.441
0.484
0.468
0.435
0.498
0.627
0.617
0.660
0.868
0.854
0.848
0.748
0.741
0.655
0.623
0.580
0.591
0.640
0.635
0.655
0.667
0.640
0.731
0.734
0.752
0.720
0.725
0.740
0.808
0.883
0.807
0.781
0.761
0.797
0.651
0.613
0.579
0.580
0.595
0.688
0.789
0.765
0.834
0.767
0.704
0.685
0.645
0.643
0.684
0.769
0.798
0.824
0.886
0.918
0.956
0.942
0.887
0.913
0.933
0.943
0.955
0.945
0.944
0.947
0.957
0.962
0.969
0.963
0.958
0.968
0.954
0.942
0.940
0.925
0.927
0.926
0.959
0.961
0.923
0.845
0.836
0.830
0.818
0.806
0.821
0.856
0.875
0.848
0.805
0.811
0.817
0.665
0.671
0.752
0.752
0.762
0.752
0.752
0.805
0.786
0.791
0.812
0.875
0.881
0.801
0.802
0.780
0.771
0.716
0.815
0.771
0.702
0.644
0.670
0.779
0.741
0.842
0.843
0.880
0.909
0.897
0.775
0.752
0.845
0.790
0.758
0.598
0.507
0.502
0.476
0.460
0.454
0.428
0.398
0.390
0.374
0.333
0.357
0.361
0.366
0.366
0.262
0.288
0.289
0.349
0.344
0.301
0.328
0.388
0.306
0.226
0.277
0.312
0.296
0.285
0.375
0.612
0.645
0.445
0.370
0.303
0.309
0.262
0.319
0.383
0.358
0.353
0.314
0.301
0.362
0.347
0.324
0.353
0.357
0.325
0.321
0.319
0.326
0.312
0.324
0.321
0.316
0.344
0.325
0.291
0.255
0.200
0.223
0.268
0.338
0.342
0.283
0.248
0.250
0.265
0.414
0.582
0.601
0.530
0.329
0.406
0.312
0.358
0.413
0.403
0.344
0.412
0.402
0.325
0.296
0.402
0.442
0.323
0.388
0.287
0.293
0.422
0.407
0.294
0.278
0.289
0.295
0.334
0.341
0.355
0.401
0.265
0.251
0.349
0.321
0.290
0.219
0.306
0.411
0.445
0.536
0.642
0.605
0.557
0.356
0.297
0.317
0.422
0.382
0.541
0.485
0.323
0.288
0.305
0.274
0.308
0.312
0.365
0.449
0.482
0.419
0.367
0.133
0.177
0.206
0.141
0.148
0.139
0.175
0.202
0.248
0.358
0.330
0.254
0.240
0.249
0.240
0.318
0.348
0.362
0.379
0.296
0.251
0.219
0.205
0.155
0.147
0.147
0.121
0.176
0.189
0.205
0.305
0.348
0.318
0.133
0.183
0.256
0.283
0.279
0.143
0.110
0.085
0.069
0.065
0.063
0.073
0.081
0.227
0.260
0.219
0.122
0.044
0.060
0.069
0.186
0.210
0.151
0.183
0.125
0.122
0.082
0.106
0.183
0.239
0.235
0.249
0.257
0.223
0.217
0.281
0.307
0.286
0.256
0.218
0.282
0.292
0.311
0.330
0.343
0.315
0.309
0.276
0.227
0.180
0.216
0.267
0.273
0.259
0.307
0.351
0.268
0.202
0.195
0.312
0.287
0.201
0.213
0.289
0.315
0.331
0.218
0.211
0.207
0.303
0.275
0.339
0.332
0.306
0.366
0.435
0.398
0.333
0.355
0.369
0.415
0.391
0.391
0.419
0.376
0.355
0.409
0.418
0.470
0.510
0.514
0.620
0.756
0.851
0.812
0.929
0.841
0.899
0.916
0.930
0.954
0.931
0.930
0.884
0.906
0.857
0.887
0.838
0.799
0.915
0.823
0.883
0.928
0.873
0.848
0.814
0.789
0.843
0.758
0.746
0.681
0.699
0.782
0.850
0.886
0.968
0.962
0.936
0.893
0.951
0.944
0.950
0.928
0.932
0.957
0.909
0.915
0.896
0.898
0.899
0.892
0.867
0.896
0.845
0.882
0.903
0.866
0.863
0.891
0.852
0.846
0.809
0.830
0.819
0.839
0.818
0.833
0.745
0.784
0.734
0.675
0.562
0.565
0.561
0.627
0.748
0.846
0.811
0.853
0.849
0.887
0.890
0.930
0.929
0.954
0.944
0.909
0.944
0.953
0.938
0.847
0.884
0.943
0.957
0.861
0.856
0.880
0.831
0.827
0.815
0.820
0.775
0.811
0.728
0.609
0.520
0.531
0.528
0.427
0.470
0.440
0.409
0.396
0.369
0.446
0.573
0.538
0.358
0.289
0.315
0.394
0.385
0.397
0.409
0.510
0.435
0.289
0.308
0.284
0.280
0.306
0.323
0.321
0.373
0.358
0.264
0.310
0.326
0.290
0.241
0.281
0.306
0.317
0.325
0.296
0.262
0.272
0.277
0.293
0.283
0.233
0.239
0.233
0.244
0.306
0.335
0.341
0.377
0.411
0.365
0.392
0.388
0.491
0.419
0.375
0.329
0.265
0.252
0.246
0.236
0.277
0.230
0.239
0.266
0.280
0.295
0.292
0.230
0.237
0.290
0.314
0.357
0.339
0.401
0.270
0.298
0.263
0.249
0.283
0.279
0.331
0.382
0.363
0.420
0.440
0.402
0.385
0.367
0.322
0.267
0.263
0.250
0.277
0.322
0.293
0.274
0.259
0.322
0.380
0.385
0.426
0.353
0.352
0.323
0.242
0.291
0.240
0.231
0.218
0.223
0.213
0.193
0.189
0.189
0.195
0.205
0.204
0.205
0.202
0.203
0.211
0.256
0.201
0.174
0.180
0.189
0.193
0.234
0.264
0.275
0.339
0.268
0.248
0.189
0.160
0.153
0.160
0.199
0.186
0.220
0.242
0.263
0.261
0.326
0.276
0.168
0.174
0.158
0.194
0.520
0.687
0.618
0.470
0.350
0.457
0.480
0.453
0.339
0.285
0.274
0.268
0.247
0.170
0.198
0.247
0.220
0.153
0.138
0.145
0.098
0.095
0.110
0.165
0.228
0.210
0.240
0.224
0.262
0.237
0.256
0.288
0.265
0.261
0.239
0.263
0.201
0.143
0.167
0.228
0.246
0.240
0.196
0.171
0.189
0.255
0.343
0.276
0.250
0.263
0.260
0.292
0.309
0.304
0.260
0.165
0.169
0.172
0.192
0.236
0.252
0.240
0.235
0.273
0.265
0.285
0.313
0.366
0.337
0.325
0.239
0.317
0.403
0.465
0.433
0.470
0.424
0.393
0.393
0.377
0.380
0.378
0.350
0.463
0.514
0.708
0.696
0.687
0.574
0.495
0.512
0.480
0.435
0.407
0.428
0.411
0.433
0.425
0.405
0.372
0.410
0.471
0.493
0.394
0.512
0.407
0.383
0.444
0.489
0.616
0.609
0.676
0.700
0.767
0.699
0.670
0.669
0.678
0.853
0.902
0.888
0.893
0.878
0.861
0.857
0.878
0.833
0.708
0.712
0.675
0.738
0.824
0.946
0.889
0.918
0.934
0.903
0.900
0.901
0.864
0.897
0.921
0.946
0.945
0.950
0.960
0.946
0.902
0.952
0.940
0.931
0.949
0.953
0.963
0.967
0.971
0.957
0.920
0.931
0.925
0.947
0.932
0.961
0.962
0.950
0.953
0.954
0.874
0.872
0.917
0.933
0.874
0.936
0.916
0.836
0.941
0.958
0.932
0.937
0.908
0.864
0.948
0.869
0.825
0.781
0.812
0.865
0.865
0.823
0.804
0.837
0.874
0.842
0.878
0.887
0.857
0.881
0.921
0.920
0.903
0.878
0.862
0.872
0.845
0.840
0.746
0.716
0.854
0.800
0.692
0.671
0.697
0.658
0.578
0.556
0.567
0.595
0.419
0.584
0.408
0.475
0.403
0.396
0.388
0.416
0.456
0.442
0.467
0.415
0.398
0.307
0.365
0.375
0.353
0.359
0.378
0.353
0.331
0.401
0.469
0.436
0.373
0.383
0.475
0.455
0.376
0.292
0.334
0.378
0.395
0.363
0.351
0.383
0.330
0.311
0.316
0.335
0.350
0.361
0.482
0.423
0.339
0.343
0.340
0.337
0.246
0.369
0.576
0.522
0.434
0.397
0.453
0.485
0.442
0.443
0.471
0.449
0.276
0.326
0.345
0.367
0.340
0.312
0.276
0.267
0.270
0.288
0.309
0.357
0.389
0.387
0.423
0.445
0.405
0.375
0.357
0.385
0.430
0.465
0.507
0.465
0.421
0.406
0.441
0.361
0.323
0.317
0.384
0.378
0.389
0.372
0.285
0.342
0.280
0.223
0.212
0.221
0.283
0.291
0.279
0.219
0.219
0.200
0.264
0.294
0.272
0.264
0.538
0.384
0.292
0.278
0.281
0.250
0.235
0.322
0.384
0.331
0.269
0.506
0.518
0.470
0.498
0.496
0.504
0.449
0.316
0.331
0.274
0.245
0.260
0.273
0.268
0.281
0.264
0.249
0.277
0.288
0.457
0.379
0.260
0.202
0.188
0.178
0.171
0.155
0.185
0.264
0.260
0.269
0.414
0.359
0.195
0.155
0.140
0.155
0.195
0.242
0.312
0.249
0.169
0.142
0.148
0.118
0.122
0.106
0.114
0.112
0.124
0.159
0.148
0.089
0.086
0.092
0.120
0.175
0.249
0.215
0.189
0.165
0.156
0.187
0.216
0.184
0.161
0.193
0.238
0.292
0.214
0.217
0.250
0.234
0.257
0.232
0.148
0.140
0.134
0.157
0.147
0.131
0.119
0.152
0.213
0.286
0.295
0.297
0.335
0.330
0.315
0.314
0.287
0.342
0.324
0.333
0.372
0.377
0.310
0.368
0.399
0.515
0.405
0.313
0.284
0.271
0.299
0.303
0.379
0.389
0.304
0.271
0.208
0.351
0.561
0.531
0.493
0.508
0.458
0.402
0.396
0.404
0.430
0.435
0.414
0.544
0.665
0.649
0.553
0.570
0.568
0.655
0.607
0.528
0.481
0.705
0.817
0.785
0.833
0.753
0.772
0.858
0.925
0.964
0.946
0.916
0.920
0.948
0.962
0.963
0.943
0.955
0.964
0.897
0.900
0.912
0.911
0.874
0.863
0.815
0.793
0.790
0.787
0.744
0.681
0.703
0.823
0.831
0.857
0.870
0.865
0.899
0.864
0.876
0.907
0.935
0.939
0.941
0.939
0.953
0.961
0.943
0.909
0.912
0.931
0.950
0.942
0.904
0.914
0.930
0.899
0.867
0.843
0.948
0.917
0.904
0.845
0.818
0.817
0.921
0.927
0.948
0.940
0.918
0.889
0.920
0.919
0.903
0.919
0.955
0.948
0.880
0.851
0.844
0.868
0.788
0.859
0.816
0.788
0.796
0.767
0.824
0.871
0.916
0.896
0.933
0.944
0.875
0.836
0.900
0.897
0.864
0.762
0.769
0.661
0.707
0.635
0.527
0.484
0.506
0.467
0.557
0.514
0.508
0.389
0.517
0.432
0.287
0.280
0.310
0.331
0.285
0.272
0.291
0.361
0.368
0.343
0.333
0.326
0.297
0.308
0.288
0.305
0.314
0.367
0.418
0.384
0.469
0.603
0.420
0.348
0.355
0.354
0.364
0.355
0.407
0.361
0.334
0.284
0.226
0.232
0.244
0.264
0.265
0.219
0.213
0.226
0.235
0.236
0.222
0.265
0.286
0.338
0.376
0.342
0.330
0.403
0.418
0.396
0.364
0.358
0.362
0.338
0.309
0.403
0.466
0.446
0.490
0.469
0.422
0.409
0.327
0.342
0.335
0.310
0.324
0.246
0.252
0.319
0.459
0.375
0.289
0.284
0.342
0.327
0.304
0.291
0.298
0.307
0.387
0.385
0.385
0.337
0.364
0.388
0.415
0.388
0.389
0.350
0.304
0.245
0.264
0.270
0.412
0.366
0.316
0.244
0.271
0.304
0.212
0.213
0.241
0.371
0.309
0.290
0.336
0.302
0.219
0.200
0.520
0.349
0.268
0.339
0.392
0.323
0.264
0.201
0.205
0.138
0.152
0.173
0.250
0.227
0.156
0.133
0.130
0.119
0.126
0.248
0.313
0.320
0.212
0.132
0.099
0.094
0.106
0.113
0.129
0.146
0.176
0.223
0.157
0.151
0.130
0.112
0.124
0.189
0.177
0.190
0.241
0.204
0.197
0.174
0.148
0.161
0.209
0.152
0.097
0.213
0.358
0.307
0.228
0.168
0.183
0.182
0.260
0.230
0.324
0.367
0.383
0.435
0.404
0.240
0.267
0.195
0.213
0.170
0.155
0.170
0.222
0.207
0.188
0.222
0.200
0.156
0.167
0.186
0.122
0.152
0.129
0.114
0.121
0.135
0.177
0.198
0.223
0.254
0.194
0.225
0.281
0.327
0.316
0.391
0.397
0.362
0.360
0.370
0.331
0.304
0.323
0.318
0.311
0.356
0.411
0.393
0.417
0.409
0.414
0.392
0.342
0.288
0.290
0.292
0.305
0.317
0.331
0.327
0.343
0.369
0.382
0.354
0.408
0.462
0.632
0.643
0.592
0.837
0.832
0.732
0.837
0.765
0.816
0.851
0.764
0.867
0.719
0.656
0.838
0.734
0.613
0.603
0.573
0.644
0.805
0.864
0.711
0.771
0.891
0.911
0.875
0.885
0.820
0.824
0.729
0.808
0.788
0.895
0.945
0.960
0.902
0.898
0.868
0.836
0.820
0.748
0.748
0.813
0.765
0.714
0.654
0.606
0.632
0.766
0.886
0.944
0.919
0.887
0.888
0.874
0.869
0.911
0.906
0.890
0.925
0.931
0.897
0.950
0.941
0.945
0.924
0.955
0.936
0.940
0.923
0.906
0.874
0.896
0.874
0.824
0.776
0.793
0.807
0.773
0.920
0.939
0.934
0.856
0.776
0.773
0.725
0.647
0.608
0.716
0.813
0.891
0.910
0.924
0.840
0.757
0.844
0.893
0.847
0.903
0.884
0.943
0.909
0.928
0.952
0.944
0.913
0.891
0.874
0.827
0.775
0.796
0.781
0.759
0.744
0.716
0.726
0.708
0.713
0.708
0.699
0.749
0.656
0.708
0.742
0.714
0.654
0.475
0.390
0.332
0.337
0.319
0.353
0.324
0.339
0.301
0.293
0.284
0.304
0.304
0.275
0.246
0.277
0.310
0.376
0.416
0.392
0.336
0.306
0.312
0.309
0.254
0.224
0.214
0.281
0.263
0.273
0.290
0.350
0.371
0.356
0.354
0.332
0.336
0.311
0.535
0.763
0.648
0.456
0.412
0.382
0.372
0.300
0.280
0.276
0.301
0.365
0.493
0.431
0.349
0.242
0.259
0.277
0.308
0.344
0.320
0.293
0.298
0.327
0.387
0.388
0.397
0.328
0.325
0.371
0.280
0.245
0.371
0.442
0.476
0.439
0.319
0.280
0.228
0.286
0.382
0.358
0.316
0.289
0.289
0.342
0.373
0.313
0.447
0.452
0.472
0.661
0.642
0.616
0.600
0.494
0.445
0.482
0.454
0.366
0.369
0.394
0.377
0.410
0.356
0.259
0.264
0.243
0.247
0.381
0.260
0.243
0.253
0.175
0.197
0.270
0.231
0.208
0.225
0.382
0.361
0.248
0.218
0.219
0.227
0.281
0.293
0.245
0.325
0.328
0.261
0.238
0.222
0.221
0.216
0.220
0.233
0.194
0.209
0.317
0.247
0.238
0.208
0.199
0.202
0.128
0.184
0.205
0.164
0.213
0.216
0.203
0.148
0.137
0.113
0.117
0.178
0.189
0.170
0.152
0.180
0.183
0.232
0.287
0.301
0.203
0.183
0.195
0.169
0.272
0.317
0.266
0.183
0.187
0.174
0.138
0.172
0.139
0.130
0.331
0.251
0.236
0.264
0.169
0.129
0.097
0.083
0.124
0.166
0.169
0.108
0.088
0.067
0.104
0.248
0.287
0.231
0.116
0.099
0.108
0.073
0.086
0.084
0.105
0.205
0.222
0.196
0.252
0.269
0.280
0.247
0.179
0.148
0.199
0.304
0.327
0.345
0.354
0.381
0.383
0.352
0.399
0.364
0.403
0.301
0.302
0.327
0.310
0.345
0.355
0.347
0.338
0.356
0.391
0.393
0.399
0.398
0.425
0.434
0.412
0.395
0.361
0.361
0.395
0.386
0.388
0.419
0.394
0.377
0.417
0.438
0.419
0.405
0.404
0.379
0.510
0.477
0.441
0.523
0.506
0.530
0.607
0.837
0.699
0.647
0.645
0.685
0.734
0.811
0.686
0.651
0.574
0.575
0.819
0.852
0.829
0.813
0.871
0.943
0.925
0.913
0.911
0.888
0.890
0.877
0.920
0.940
0.957
0.943
0.946
0.945
0.931
0.931
0.929
0.889
0.901
0.891
0.906
0.862
0.831
0.837
0.905
0.847
0.809
0.881
0.892
0.839
0.947
0.956
0.913
0.845
0.833
0.790
0.765
0.740
0.780
0.808
0.745
0.744
0.720
0.716
0.804
0.856
0.938
0.953
0.915
0.882
0.882
0.921
0.942
0.936
0.902
0.908
0.916
0.852
0.816
0.848
0.801
0.776
0.752
0.750
0.723
0.744
0.701
0.618
0.626
0.582
0.590
0.566
0.512
0.641
0.649
0.642
0.596
0.533
0.475
0.526
0.465
0.515
0.704
0.832
0.916
0.778
0.743
0.722
0.773
0.682
0.545
0.489
0.494
0.471
0.403
0.443
0.417
0.386
0.333
0.387
0.365
0.296
0.256
0.209
0.263
0.303
0.288
0.299
0.280
0.273
0.242
0.230
0.253
0.241
0.285
0.316
0.352
0.376
0.385
0.410
0.629
0.794
0.908
0.843
0.813
0.894
0.931
0.803
0.756
0.743
0.691
0.592
0.587
0.639
0.663
0.565
0.444
0.529
0.523
0.433
0.429
0.497
0.544
0.522
0.535
0.536
0.504
0.446
0.430
0.441
0.450
0.385
0.453
0.464
0.482
0.445
0.425
0.699
0.615
0.651
0.686
0.642
0.595
0.466
0.483
0.478
0.449
0.424
0.500
0.630
0.618
0.496
0.330
0.371
0.422
0.465
0.373
0.299
0.415
0.388
0.388
0.356
0.450
0.579
0.338
0.382
0.454
0.395
0.401
0.352
0.289
0.256
0.266
0.262
0.257
0.280
0.278
0.291
0.306
0.296
0.346
0.342
0.344
0.351
0.291
0.413
0.425
0.349
0.349
0.351
0.295
0.382
0.246
0.446
0.445
0.343
0.245
0.202
0.139
0.161
0.199
0.179
0.208
0.195
0.339
0.332
0.327
0.332
0.231
0.195
0.168
0.170
0.196
0.268
0.315
0.354
0.383
0.423
0.252
0.205
0.175
0.243
0.223
0.092
0.112
0.189
0.220
0.170
0.149
0.142
0.157
0.118
0.127
0.154
0.247
0.294
0.296
0.280
0.186
0.175
0.199
0.344
0.372
0.369
0.320
0.234
0.147
0.101
0.096
0.097
0.128
0.200
0.223
0.211
0.220
0.273
0.202
0.179
0.169
0.258
0.315
0.334
0.313
0.286
0.210
0.158
0.228
0.271
0.248
0.248
0.245
0.206
0.270
0.278
0.284
0.292
0.261
0.263
0.267
0.203
0.226
0.201
0.200
0.249
0.266
0.302
0.298
0.302
0.264
0.210
0.142
0.215
0.266
0.314
0.296
0.295
0.300
0.423
0.453
0.465
0.405
0.358
0.330
0.369
0.467
0.532
0.477
0.483
0.472
0.545
0.506
0.448
0.306
0.232
0.249
0.266
0.390
0.744
0.811
0.694
0.577
0.466
0.532
0.557
0.516
0.540
0.529
0.523
0.547
0.495
0.572
0.650
0.596
0.588
0.625
0.624
0.767
0.860
0.814
0.812
0.847
0.832
0.837
0.884
0.840
0.834
0.787
0.761
0.916
0.872
0.788
0.767
0.713
0.738
0.807
0.867
0.904
0.938
0.857
0.855
0.830
0.813
0.844
0.894
0.929
0.933
0.922
0.947
0.939
0.930
0.951
0.951
0.917
0.892
0.912
0.898
0.876
0.867
0.864
0.844
0.855
0.885
0.928
0.886
0.895
0.888
0.904
0.895
0.882
0.911
0.926
0.894
0.918
0.939
0.925
0.923
0.904
0.905
0.935
0.933
0.945
0.962
0.936
0.960
0.928
0.929
0.931
0.931
0.944
0.944
0.900
0.913
0.869
0.799
0.783
0.811
0.775
0.822
0.807
0.790
0.685
0.623
0.554
0.610
0.543
0.499
0.505
0.524
0.439
0.420
0.452
0.458
0.420
0.437
0.503
0.578
0.723
0.626
0.508
0.516
0.405
0.602
0.650
0.738
0.773
0.668
0.650
0.630
0.490
0.439
0.481
0.506
0.455
0.380
0.460
0.395
0.359
0.386
0.403
0.472
0.428
0.318
0.341
0.475
0.635
0.599
0.612
0.748
0.786
0.766
0.715
0.762
0.725
0.675
0.780
0.688
0.642
0.889
0.839
0.870
0.876
0.783
0.815
0.812
0.701
0.667
0.605
0.655
0.578
0.556
0.498
0.472
0.432
0.508
0.575
0.588
0.487
0.412
0.408
0.386
0.334
0.333
0.309
0.285
0.295
0.304
0.264
0.326
0.340
0.378
0.345
0.370
0.358
0.378
0.380
0.541
0.380
0.272
0.327
0.362
0.382
0.367
0.283
0.288
0.224
0.263
0.339
0.297
0.285
0.315
0.503
0.570
0.238
0.175
0.286
0.372
0.309
0.257
0.298
0.330
0.353
0.392
0.323
0.367
0.380
0.421
0.388
0.385
0.346
0.299
0.222
0.225
0.244
0.304
0.408
0.469
0.367
0.292
0.245
0.302
0.299
0.344
0.443
0.541
0.334
0.460
0.302
0.309
0.359
0.267
0.232
0.228
0.240
0.254
0.255
0.298
0.297
0.283
0.279
0.298
0.291
0.215
0.202
0.200
0.237
0.190
0.173
0.185
0.142
0.141
0.150
0.108
0.116
0.146
0.157
0.245
0.240
0.248
0.270
0.212
0.193
0.140
0.105
0.136
0.154
0.203
0.195
0.220
0.235
0.251
0.118
0.130
0.133
0.171
0.211
0.199
0.175
0.200
0.269
0.209
0.240
0.210
0.241
0.316
0.229
0.207
0.100
0.143
0.160
0.190
0.129
0.116
0.109
0.125
0.145
0.202
0.246
0.194
0.229
0.314
0.370
0.406
0.327
0.337
0.348
0.328
0.294
0.328
0.354
0.381
0.362
0.327
0.327
0.255
0.290
0.356
0.462
0.489
0.519
0.484
0.428
0.370
0.393
0.332
0.351
0.361
0.373
0.410
0.429
0.458
0.416
0.411
0.366
0.333
0.390
0.476
0.476
0.463
0.491
0.605
0.688
0.685
0.683
0.645
0.674
0.684
0.885
0.838
0.782
0.783
0.888
0.935
0.943
0.868
0.902
0.937
0.958
0.920
0.872
0.879
0.865
0.877
0.902
0.942
0.889
0.929
0.963
0.961
0.942
0.934
0.955
0.951
0.955
0.946
0.948
0.960
0.952
0.933
0.933
0.933
0.966
0.967
0.957
0.902
0.903
0.944
0.951
0.951
0.955
0.944
0.926
0.938
0.968
0.940
0.949
0.953
0.954
0.971
0.966
0.961
0.966
0.951
0.953
0.965
0.950
0.928
0.929
0.945
0.944
0.939
0.919
0.937
0.968
0.968
0.960
0.958
0.954
0.958
0.948
0.937
0.965
0.959
0.967
0.948
0.937
0.926
0.903
0.961
0.913
0.952
0.945
0.937
0.886
0.875
0.935
0.922
0.918
0.908
0.903
0.937
0.902
0.913
0.910
0.873
0.893
0.911
0.875
0.831
0.818
0.770
0.738
0.763
0.782
0.755
0.718
0.649
0.635
0.612
0.556
0.535
0.488
0.438
0.463
0.369
0.376
0.432
0.615
0.533
0.360
0.347
0.363
0.306
0.319
0.363
0.342
0.328
0.316
0.327
0.339
0.327
0.350
0.355
0.319
0.292
0.282
0.278
0.349
0.420
0.385
0.356
0.322
0.306
0.356
0.375
0.328
0.269
0.268
0.308
0.314
0.307
0.305
0.293
0.306
0.390
0.433
0.441
0.458
0.467
0.432
0.394
0.270
0.205
0.205
0.304
0.399
0.457
0.415
0.370
0.404
0.394
0.354
0.203
0.200
0.280
0.315
0.295
0.283
0.293
0.333
0.324
0.346
0.347
0.335
0.321
0.311
0.331
0.297
0.330
0.299
0.319
0.356
0.412
0.567
0.592
0.588
0.475
0.398
0.602
0.527
0.316
0.444
0.334
0.286
0.300
0.286
0.220
0.256
0.423
0.489
0.363
0.318
0.381
0.265
0.288
0.341
0.370
0.394
0.417
0.475
0.392
0.416
0.400
0.411
0.230
0.256
0.254
0.325
0.479
0.394
0.293
0.170
0.147
0.166
0.150
0.171
0.333
0.347
0.271
0.266
0.364
0.258
0.240
0.214
0.223
0.287
0.269
0.189
0.144
0.161
0.174
0.163
0.141
0.286
0.385
0.414
0.312
0.244
0.259
0.245
0.238
0.084
0.103
0.118
0.185
0.252
0.144
0.143
0.137
0.177
0.161
0.168
0.168
0.113
0.071
0.069
0.068
0.078
0.096
0.143
0.185
0.157
0.149
0.225
0.230
0.156
0.153
0.201
0.233
0.255
0.276
0.272
0.165
0.222
0.242
0.251
0.299
0.310
0.279
0.202
0.217
0.285
0.291
0.516
0.474
0.286
0.215
0.340
0.269
0.238
0.192
0.200
0.236
0.268
0.273
0.295
0.306
0.331
0.389
0.408
0.409
0.326
0.289
0.288
0.279
0.329
0.368
0.358
0.334
0.274
0.309
0.280
0.305
0.289
0.322
0.349
0.330
0.342
0.304
0.325
0.331
0.318
0.324
0.343
0.384
0.397
0.428
0.456
0.458
0.412
0.520
0.501
0.530
0.534
0.537
0.543
0.517
0.598
0.831
0.749
0.688
0.737
0.624
0.588
0.585
0.548
0.564
0.572
0.662
0.648
0.607
0.641
0.632
0.662
0.648
0.663
0.637
0.664
0.875
0.940
0.938
0.920
0.920
0.902
0.970
0.966
0.919
0.932
0.942
0.927
0.878
0.917
0.960
0.940
0.914
0.882
0.920
0.950
0.957
0.941
0.941
0.939
0.950
0.960
0.962
0.962
0.945
0.961
0.963
0.942
0.937
0.912
0.945
0.969
0.967
0.963
0.972
0.967
0.971
0.971
0.953
0.961
0.939
0.957
0.936
0.940
0.974
0.927
0.891
0.925
0.949
0.948
0.941
0.935
0.920
0.910
0.940
0.953
0.945
0.935
0.933
0.954
0.973
0.949
0.926
0.937
0.903
0.973
0.967
0.946
0.942
0.951
0.879
0.889
0.907
0.875
0.883
0.930
0.947
0.933
0.939
0.916
0.857
0.756
0.638
0.637
0.630
0.596
0.600
0.537
0.817
0.812
0.709
0.675
0.660
0.534
0.510
0.457
0.455
0.495
0.519
0.513
0.446
0.404
0.378
0.367
0.418
0.392
0.468
0.416
0.419
0.294
0.307
0.298
0.336
0.266
0.286
0.325
0.309
0.309
0.311
0.292
0.281
0.273
0.275
0.237
0.270
0.319
0.396
0.346
0.327
0.335
0.288
0.218
0.248
0.239
0.263
0.302
0.325
0.357
0.332
0.300
0.277
0.343
0.334
0.316
0.325
0.339
0.363
0.366
0.408
0.288
0.289
0.273
0.281
0.320
0.354
0.409
0.466
0.379
0.322
0.540
0.430
0.405
0.372
0.375
0.372
0.327
0.279
0.311
0.249
0.228
0.231
0.258
0.297
0.312
0.326
0.328
0.376
0.366
0.290
0.367
0.320
0.293
0.272
0.226
0.196
0.238
0.227
0.244
0.255
0.359
0.502
0.444
0.384
0.315
0.451
0.299
0.309
0.235
0.280
0.341
0.374
0.301
0.267
0.287
0.276
0.233
0.261
0.358
0.364
0.335
0.339
0.485
0.558
0.413
0.348
0.257
0.307
0.319
0.362
0.415
0.378
0.363
0.472
0.377
0.364
0.326
0.265
0.289
0.291
0.278
0.291
0.304
0.263
0.215
0.284
0.194
0.151
0.141
0.103
0.097
0.093
0.119
0.118
0.117
0.140
0.179
0.237
0.175
0.213
0.217
0.192
0.292
0.314
0.233
0.208
0.209
0.148
0.208
0.249
0.307
0.161
0.159
0.269
0.304
0.278
0.267
0.203
0.162
0.221
0.300
0.282
0.154
0.141
0.227
0.207
0.234
0.250
0.198
0.233
0.164
0.180
0.245
0.319
0.334
0.425
0.345
0.418
0.407
0.310
0.261
0.277
0.249
0.223
0.172
0.200
0.203
0.213
0.168
0.140
0.247
0.306
0.326
0.308
0.320
0.275
0.186
0.251
0.301
0.285
0.346
0.291
0.305
0.312
0.336
0.317
0.318
0.291
0.295
0.303
0.319
0.362
0.405
0.406
0.423
0.446
0.419
0.372
0.365
0.371
0.399
0.437
0.539
0.522
0.560
0.601
0.632
0.819
0.849
0.754
0.778
0.759
0.759
0.808
0.809
0.870
0.900
0.857
0.799
0.775
0.824
0.762
0.873
0.832
0.911
0.889
0.832
0.846
0.781
0.806
0.946
0.969
0.968
0.961
0.935
0.929
0.935
0.948
0.930
0.965
0.937
0.921
0.946
0.949
0.942
0.952
0.956
0.953
0.956
0.943
0.962
0.960
0.948
0.967
0.967
0.934
0.962
0.960
0.938
0.952
0.973
0.961
0.933
0.942
0.892
0.942
0.917
0.952
0.960
0.963
0.959
0.957
0.962
0.957
0.944
0.925
0.936
0.927
0.922
0.954
0.965
0.968
0.974
0.978
0.972
0.908
0.879
0.864
0.878
0.903
0.910
0.902
0.928
0.926
0.928
0.929
0.884
0.915
0.920
0.834
0.747
0.758
0.762
0.770
0.809
0.802
0.864
0.799
0.682
0.565
0.583
0.854
0.970
0.974
0.951
0.953
0.876
0.860
0.911
0.940
0.949
0.936
0.941
0.944
0.925
0.944
0.891
0.935
0.944
0.947
0.924
0.929
0.912
0.847
0.857
0.803
0.746
0.648
0.622
0.615
0.527
0.496
0.482
0.498
0.578
0.746
0.597
0.512
0.481
0.506
0.554
0.492
0.515
0.499
0.489
0.497
0.495
0.527
0.508
0.571
0.566
0.461
0.415
0.412
0.454
0.481
0.364
0.282
0.333
0.368
0.287
0.256
0.284
0.311
0.353
0.378
0.398
0.303
0.281
0.278
0.320
0.320
0.336
0.421
0.465
0.549
0.383
0.266
0.296
0.292
0.286
0.296
0.336
0.312
0.332
0.383
0.398
0.279
0.292
0.323
0.455
0.301
0.272
0.290
0.404
0.475
0.526
0.508
0.508
0.396
0.514
0.549
0.667
0.549
0.660
0.510
0.625
0.389
0.304
0.362
0.449
0.534
0.426
0.505
0.405
0.442
0.483
0.365
0.480
0.454
0.361
0.424
0.493
0.557
0.644
0.581
0.533
0.533
0.477
0.358
0.315
0.224
0.238
0.277
0.297
0.332
0.347
0.396
0.401
0.353
0.352
0.432
0.338
0.295
0.342
0.275
0.447
0.556
0.641
0.440
0.320
0.240
0.229
0.291
0.478
0.502
0.441
0.423
0.556
0.444
0.428
0.383
0.291
0.199
0.234
0.327
0.436
0.372
0.348
0.370
0.459
0.388
0.393
0.295
0.224
0.244
0.242
0.203
0.195
0.296
0.130
0.102
0.146
0.303
0.291
0.325
0.233
0.233
0.247
0.241
0.190
0.249
0.243
0.238
0.246
0.256
0.199
0.178
0.176
0.236
0.174
0.188
0.175
0.176
0.209
0.267
0.284
0.242
0.259
0.276
0.318
0.333
0.259
0.189
0.154
0.153
0.157
0.178
0.209
0.191
0.147
0.230
0.219
0.220
0.217
0.246
0.303
0.301
0.248
0.187
0.131
0.163
0.268
0.337
0.348
0.336
0.359
0.362
0.340
0.348
0.240
0.177
0.176
0.152
0.236
0.296
0.267
0.274
0.313
0.280
0.290
0.316
0.314
0.343
0.343
0.287
0.236
0.311
0.336
0.290
0.288
0.316
0.297
0.402
0.467
0.445
0.475
0.543
0.577
0.580
0.591
0.540
0.537
0.540
0.552
0.625
0.604
0.551
0.556
0.522
0.477
0.429
0.473
0.476
0.466
0.546
0.605
0.539
0.505
0.476
0.526
0.547
0.587
0.651
0.663
0.696
0.695
0.799
0.813
0.884
0.865
0.923
0.952
0.929
0.878
0.878
0.968
0.967
0.933
0.948
0.918
0.924
0.891
0.901
0.926
