20000101
0.260
0.250
0.251
0.243
0.269
0.269
0.292
0.267
0.262
0.293
0.260
0.310
0.355
0.296
0.241
0.342
0.308
0.334
0.349
0.194
0.287
0.536
0.502
0.448
0.314
0.310
0.281
0.276
0.196
0.160
0.168
0.446
0.515
0.543
0.531
0.526
0.285
0.286
0.255
0.195
0.212
0.375
0.242
0.287
0.256
0.277
0.259
0.145
0.114
0.128
0.203
0.230
0.303
0.346
0.389
0.274
0.227
0.107
0.116
0.144
0.153
0.195
0.246
0.198
0.210
0.182
0.272
0.140
0.100
0.080
0.209
0.296
0.370
0.301
0.101
0.226
0.307
0.233
0.071
0.051
0.076
0.146
0.149
0.107
0.093
0.097
0.079
0.059
0.077
0.089
0.097
0.127
0.090
0.079
0.097
0.156
0.129
0.118
0.105
0.108
0.101
0.121
0.095
0.166
0.224
0.274
0.245
0.142
0.134
0.117
0.120
0.123
0.210
0.281
0.260
0.274
0.293
0.308
0.220
0.224
0.206
0.138
0.156
0.168
0.177
0.170
0.165
0.201
0.281
0.348
0.324
0.339
0.436
0.429
0.414
0.407
0.464
0.454
0.553
0.634
0.720
0.589
0.504
0.480
0.412
0.411
0.403
0.376
0.345
0.420
0.454
0.529
0.525
0.403
0.350
0.494
0.450
0.316
0.412
0.530
0.549
0.421
0.396
0.422
0.536
0.534
0.488
0.436
0.420
0.400
0.416
0.461
0.506
0.468
0.507
0.523
0.509
0.498
0.484
0.534
0.490
0.514
0.603
0.777
0.770
0.711
0.628
0.601
0.711
0.814
0.857
0.856
0.866
0.948
0.893
0.936
0.891
0.852
0.889
0.934
0.929
0.937
0.917
0.825
0.755
0.694
0.643
0.630
0.575
0.663
0.830
0.817
0.692
0.665
0.635
0.659
0.627
0.557
0.563
0.486
0.521
0.532
0.624
0.726
0.903
0.914
0.930
0.942
0.895
0.875
0.904
0.921
0.941
0.898
0.930
0.881
0.823
0.828
0.851
0.896
0.888
0.904
0.904
0.883
0.875
0.904
0.903
0.900
0.956
0.962
0.873
0.824
0.777
0.747
0.721
0.707
0.652
0.602
0.546
0.535
0.575
0.562
0.576
0.512
0.439
0.450
0.479
0.545
0.549
0.526
0.391
0.457
0.441
0.381
0.412
0.313
0.317
0.335
0.317
0.338
0.349
0.396
0.344
0.403
0.342
0.372
0.493
0.406
0.279
0.143
0.169
0.199
0.248
0.244
0.197
0.188
0.287
0.366
0.320
0.290
0.207
0.168
0.156
0.252
0.267
0.191
0.180
0.224
0.262
0.297
0.255
0.222
0.269
0.259
0.253
0.275
0.305
0.323
0.300
0.251
0.229
0.209
0.212
0.209
0.192
0.192
0.231
0.252
0.299
0.244
0.236
0.281
0.325
0.223
0.193
0.158
0.148
0.149
0.143
0.217
0.201
0.147
0.174
0.238
0.275
0.216
0.213
0.246
0.326
0.249
0.233
0.230
0.258
0.279
0.274
0.271
0.168
0.145
0.179
0.182
0.156
0.168
0.194
0.194
0.219
0.638
0.532
0.367
0.318
0.359
0.367
0.340
0.406
0.271
0.260
0.283
0.402
0.388
0.288
0.260
0.314
0.461
0.363
0.424
0.452
0.327
0.275
0.351
0.250
0.124
0.140
0.128
0.119
0.144
0.184
0.244
0.262
0.219
0.210
0.179
0.190
0.103
0.118
0.130
0.118
0.102
0.125
0.161
0.167
0.143
0.221
0.196
0.190
0.171
0.154
0.205
0.186
0.165
0.084
0.126
0.197
0.254
0.336
0.280
0.164
0.150
0.102
0.169
0.181
0.176
0.092
0.102
0.101
0.157
0.193
0.323
0.311
0.254
0.268
0.192
0.176
0.227
0.134
0.163
0.231
0.292
0.277
0.230
0.222
0.272
0.218
0.222
0.290
0.244
0.215
0.121
0.120
0.096
0.088
0.118
0.143
0.084
0.065
0.071
0.090
0.140
0.176
0.213
0.198
0.149
0.154
0.263
0.266
0.314
0.286
0.224
0.126
0.091
0.101
0.121
0.122
0.114
0.135
0.146
0.173
0.218
0.186
0.156
0.166
0.225
0.210
0.238
0.207
0.220
0.270
0.287
0.283
0.297
0.278
0.292
0.339
0.369
0.357
0.393
0.447
0.431
0.432
0.392
0.252
0.246
0.389
0.438
0.359
0.371
0.419
0.501
0.617
0.588
0.586
0.597
0.583
0.654
0.581
0.570
0.561
0.545
0.562
0.515
0.555
0.588
0.736
0.780
0.913
0.845
0.789
0.821
0.878
0.696
0.633
0.599
0.559
0.546
0.565
0.624
0.549
0.586
0.576
0.737
0.904
0.931
0.866
0.810
0.764
0.697
0.767
0.761
0.890
0.884
0.875
0.844
0.849
0.854
0.886
0.913
0.904
0.886
0.885
0.954
0.884
0.945
0.888
0.882
0.835
0.803
0.819
0.816
0.791
0.785
0.747
0.864
0.696
0.674
0.871
0.826
0.901
0.874
0.851
0.853
0.852
0.908
0.896
0.872
0.889
0.929
0.944
0.921
0.785
0.807
0.833
0.846
0.828
0.865
0.866
0.791
0.758
0.784
0.757
0.749
0.688
0.776
0.758
0.718
0.662
0.709
0.663
0.783
0.689
0.630
0.640
0.680
0.699
0.690
0.586
0.591
0.624
0.670
0.619
0.573
0.628
0.444
0.397
0.385
0.388
0.512
0.520
0.425
0.265
0.205
0.276
0.540
0.661
0.725
0.833
0.767
0.678
0.533
0.596
0.670
0.671
0.759
0.867
0.595
0.603
0.692
0.429
0.309
0.260
0.237
0.250
0.283
0.306
0.240
0.243
0.254
0.227
0.252
0.230
0.296
0.311
0.324
0.288
0.269
0.288
0.300
0.258
0.243
0.288
0.329
0.241
0.222
0.219
0.214
0.211
0.184
0.208
0.278
0.326
0.269
0.168
0.206
0.207
0.201
0.214
0.210
0.201
0.204
0.209
0.196
0.184
0.211
0.228
0.231
0.262
0.305
0.280
0.229
0.256
0.275
0.343
0.318
0.378
0.370
0.309
0.309
0.337
0.335
0.324
0.279
0.254
0.311
0.305
0.227
0.260
0.261
0.254
0.273
0.320
0.306
0.324
0.356
0.281
0.173
0.205
0.210
0.220
0.246
0.377
0.386
0.273
0.271
0.269
0.277
0.221
0.184
0.263
0.418
0.515
0.364
0.345
0.430
0.553
0.452
0.431
0.432
0.308
0.344
0.504
0.333
0.195
0.191
0.189
0.210
0.243
0.267
0.198
0.223
0.296
0.200
0.215
0.130
0.143
0.478
0.629
0.433
0.351
0.348
0.312
0.282
0.370
0.452
0.353
0.287
0.223
0.222
0.242
0.305
0.187
0.184
0.170
0.173
0.209
0.191
0.242
0.149
0.142
0.139
0.161
0.303
0.342
0.264
0.191
0.187
0.223
0.398
0.390
0.213
0.168
0.138
0.101
0.089
0.147
0.190
0.171
0.233
0.271
0.283
0.200
0.099
0.075
0.067
0.070
0.144
0.252
0.102
0.192
0.209
0.174
0.345
0.324
0.217
0.161
0.127
0.141
0.143
0.147
0.233
0.223
0.225
0.176
0.179
0.178
0.185
0.159
0.216
0.193
0.172
0.127
0.035
0.069
0.131
0.155
0.104
0.075
0.073
0.062
0.106
0.162
0.237
0.240
0.342
0.313
0.343
0.349
0.372
0.343
0.317
0.275
0.300
0.321
0.327
0.398
0.395
0.379
0.353
0.275
0.287
0.339
0.376
0.387
0.408
0.389
0.309
0.258
0.316
0.332
0.364
0.362
0.407
0.432
0.389
0.359
0.362
0.331
0.356
0.471
0.529
0.471
0.452
0.492
0.527
0.576
0.595
0.706
0.768
0.660
0.580
0.627
0.798
0.853
0.898
0.891
0.869
0.763
0.654
0.634
0.629
0.558
0.542
0.625
0.653
0.545
0.583
0.542
0.527
0.569
0.560
0.688
0.726
0.667
0.841
0.842
0.938
0.778
0.824
0.824
0.822
0.825
0.828
0.817
0.651
0.701
0.578
0.537
0.557
0.602
0.696
0.731
0.875
0.900
0.915
0.877
0.890
0.930
0.903
0.891
0.913
0.910
0.873
0.945
0.934
0.930
0.932
0.882
0.872
0.838
0.877
0.939
0.935
0.896
0.835
0.824
0.860
0.950
0.938
0.933
0.927
0.941
0.953
0.947
0.847
0.839
0.810
0.818
0.772
0.772
0.716
0.716
0.667
0.679
0.670
0.712
0.787
0.736
0.663
0.599
0.607
0.606
0.650
0.763
0.746
0.651
0.548
0.484
0.427
0.396
0.352
0.315
0.316
0.306
0.331
0.354
0.338
0.336
0.351
0.327
0.309
0.389
0.329
0.350
0.472
0.584
0.570
0.376
0.364
0.349
0.322
0.229
0.247
0.231
0.205
0.241
0.251
0.251
0.282
0.305
0.311
0.331
0.327
0.317
0.321
0.371
0.454
0.333
0.282
0.256
0.421
0.637
0.540
0.371
0.437
0.285
0.244
0.294
0.272
0.306
0.322
0.322
0.310
0.299
0.291
0.287
0.271
0.246
0.231
0.208
0.242
0.243
0.346
0.394
0.267
0.343
0.411
0.336
0.311
0.309
0.335
0.235
0.244
0.250
0.252
0.288
0.303
0.306
0.330
0.409
0.350
0.309
0.322
0.315
0.362
0.368
0.346
0.361
0.359
0.473
0.513
0.460
0.556
0.518
0.502
0.404
0.349
0.507
0.374
0.395
0.627
0.562
0.457
0.483
0.201
0.181
0.167
0.204
0.203
0.228
0.254
0.360
0.329
0.228
0.197
0.257
0.255
0.315
0.352
0.352
0.315
0.359
0.697
0.790
0.627
0.643
0.592
0.438
0.304
0.162
0.234
0.280
0.331
0.290
0.195
0.159
0.203
0.207
0.227
0.471
0.598
0.510
0.226
0.259
0.248
0.268
0.235
0.265
0.309
0.263
0.252
0.255
0.229
0.061
0.069
0.083
0.084
0.085
0.087
0.116
0.124
0.110
0.097
0.095
0.111
0.136
0.175
0.165
0.206
0.155
0.122
0.126
0.141
0.140
0.128
0.116
0.110
0.142
0.169
0.245
0.241
0.138
0.157
0.228
0.307
0.350
0.230
0.252
0.276
0.176
0.185
0.146
0.147
0.169
0.213
0.239
0.228
0.280
0.282
0.258
0.184
0.223
0.143
0.100
0.093
0.166
0.223
0.183
0.129
0.080
0.082
0.099
0.164
0.224
0.267
0.228
0.241
0.233
0.222
0.142
0.086
0.091
0.098
0.116
0.167
0.079
0.168
0.189
0.275
0.351
0.327
0.323
0.307
0.392
0.367
0.292
0.300
0.345
0.294
0.356
0.318
0.230
0.186
0.254
0.289
0.274
0.315
0.415
0.425
0.430
0.377
0.364
0.401
0.432
0.466
0.567
0.469
0.580
0.688
0.660
0.768
0.830
0.784
0.775
0.762
0.768
0.856
0.846
0.801
0.851
0.848
0.810
0.721
0.692
0.776
0.892
0.866
0.893
0.845
0.830
0.854
0.797
0.838
0.833
0.809
0.789
0.823
0.868
0.803
0.789
0.803
0.848
0.839
0.817
0.869
0.898
0.915
0.905
0.940
0.932
0.919
0.918
0.858
0.893
0.903
0.926
0.925
0.913
0.836
0.873
0.895
0.955
0.937
0.904
0.897
0.934
0.890
0.866
0.882
0.891
0.848
0.888
0.843
0.845
0.814
0.857
0.950
0.944
0.944
0.920
0.938
0.925
0.961
0.947
0.945
0.909
0.947
0.923
0.882
0.855
0.847
0.793
0.828
0.903
0.844
0.811
0.796
0.805
0.877
0.890
0.852
0.912
0.886
0.892
0.884
0.906
0.907
0.859
0.864
0.861
0.848
0.904
0.907
0.851
0.790
0.723
0.712
0.605
0.582
0.681
0.764
0.737
0.603
0.641
0.567
0.487
0.479
0.496
0.476
0.445
0.491
0.485
0.418
0.437
0.330
0.337
0.352
0.344
0.322
0.372
0.411
0.423
0.458
0.433
0.487
0.370
0.469
0.492
0.438
0.446
0.377
0.357
0.438
0.423
0.418
0.344
0.316
0.312
0.336
0.350
0.390
0.469
0.482
0.493
0.475
0.428
0.427
0.376
0.390
0.416
0.429
0.464
0.418
0.407
0.472
0.404
0.390
0.320
0.409
0.440
0.392
0.280
0.329
0.323
0.373
0.361
0.382
0.434
0.405
0.319
0.400
0.425
0.468
0.469
0.438
0.371
0.368
0.419
0.395
0.410
0.453
0.310
0.491
0.500
0.374
0.385
0.374
0.435
0.431
0.472
0.444
0.635
0.604
0.477
0.419
0.346
0.324
0.350
0.407
0.370
0.442
0.412
0.339
0.399
0.329
0.352
0.449
0.462
0.434
0.378
0.389
0.603
0.362
0.345
0.518
0.483
0.506
0.408
0.308
0.290
0.269
0.176
0.202
0.214
0.206
0.208
0.264
0.298
0.308
0.357
0.372
0.249
0.249
0.193
0.228
0.309
0.252
0.224
0.190
0.170
0.167
0.178
0.186
0.206
0.191
0.155
0.141
0.151
0.122
0.155
0.143
0.084
0.075
0.073
0.105
0.120
0.123
0.098
0.120
0.106
0.115
0.101
0.090
0.084
0.078
0.078
0.105
0.145
0.189
0.190
0.161
0.193
0.200
0.128
0.136
0.124
0.112
0.136
0.155
0.197
0.173
0.147
0.197
0.196
0.317
0.301
0.290
0.250
0.208
0.202
0.214
0.202
0.262
0.298
0.261
0.318
0.301
0.222
0.252
0.261
0.172
0.114
0.122
0.162
0.220
0.261
0.281
0.275
0.072
0.082
0.094
0.144
0.225
0.276
0.312
0.303
0.367
0.568
0.484
0.519
0.520
0.487
0.408
0.399
0.373
0.310
0.396
0.389
0.410
0.387
0.389
0.361
0.315
0.287
0.234
0.203
0.176
0.224
0.245
0.265
0.270
0.297
0.340
0.381
0.395
0.397
0.470
0.465
0.430
0.449
0.575
0.602
0.703
0.840
0.832
0.813
0.716
0.727
0.629
0.602
0.571
0.572
0.609
0.606
0.600
0.583
0.573
0.646
0.653
0.703
0.701
0.708
0.792
0.811
0.898
0.811
0.752
0.733
0.735
0.629
0.588
0.548
0.559
0.608
0.725
0.770
0.728
0.801
0.724
0.673
0.648
0.625
0.697
0.698
0.789
0.791
0.824
0.885
0.931
0.946
0.934
0.829
0.865
0.894
0.938
0.952
0.936
0.943
0.946
0.954
0.955
0.967
0.963
0.960
0.967
0.950
0.936
0.920
0.917
0.903
0.928
0.960
0.962
0.933
0.869
0.861
0.864
0.851
0.830
0.850
0.869
0.885
0.869
0.842
0.849
0.826
0.700
0.671
0.762
0.795
0.789
0.781
0.781
0.837
0.807
0.801
0.831
0.854
0.878
0.794
0.840
0.803
0.803
0.766
0.836
0.809
0.777
0.666
0.694
0.773
0.721
0.826
0.842
0.858
0.899
0.882
0.767
0.746
0.771
0.805
0.833
0.628
0.568
0.564
0.509
0.485
0.479
0.472
0.435
0.429
0.401
0.380
0.384
0.398
0.392
0.398
0.279
0.319
0.326
0.396
0.361
0.320
0.349
0.406
0.310
0.262
0.315
0.323
0.320
0.304
0.402
0.654
0.683
0.493
0.405
0.362
0.325
0.283
0.364
0.378
0.351
0.351
0.327
0.324
0.391
0.354
0.342
0.371
0.386
0.342
0.343
0.347
0.338
0.328
0.372
0.357
0.361
0.363
0.330
0.306
0.251
0.216
0.250
0.304
0.391
0.369
0.284
0.260
0.270
0.297
0.415
0.560
0.560
0.554
0.377
0.438
0.340
0.390
0.444
0.442
0.344
0.377
0.522
0.387
0.403
0.442
0.482
0.351
0.417
0.307
0.306
0.419
0.433
0.291
0.303
0.363
0.316
0.337
0.360
0.383
0.424
0.279
0.258
0.349
0.327
0.281
0.244
0.351
0.418
0.509
0.592
0.695
0.723
0.581
0.385
0.341
0.373
0.436
0.388
0.524
0.458
0.321
0.307
0.306
0.267
0.304
0.332
0.350
0.433
0.489
0.455
0.363
0.134
0.194
0.230
0.153
0.158
0.138
0.186
0.210
0.265
0.382
0.318
0.268
0.227
0.250
0.241
0.309
0.357
0.540
0.367
0.290
0.257
0.237
0.218
0.172
0.128
0.136
0.111
0.158
0.178
0.194
0.273
0.316
0.238
0.142
0.154
0.227
0.252
0.220
0.098
0.121
0.082
0.069
0.063
0.065
0.074
0.071
0.169
0.212
0.174
0.079
0.045
0.063
0.070
0.156
0.177
0.144
0.150
0.117
0.080
0.069
0.089
0.154
0.207
0.217
0.245
0.223
0.192
0.188
0.233
0.277
0.253
0.234
0.203
0.241
0.280
0.288
0.315
0.316
0.280
0.271
0.234
0.179
0.147
0.173
0.217
0.232
0.228
0.270
0.313
0.220
0.171
0.172
0.257
0.254
0.181
0.190
0.241
0.284
0.294
0.218
0.182
0.183
0.243
0.258
0.298
0.293
0.251
0.313
0.406
0.356
0.303
0.324
0.324
0.374
0.382
0.356
0.412
0.362
0.336
0.380
0.378
0.442
0.487
0.494
0.596
0.701
0.768
0.789
0.922
0.806
0.836
0.876
0.877
0.902
0.873
0.895
0.867
0.895
0.882
0.829
0.780
0.773
0.907
0.781
0.872
0.919
0.832
0.792
0.777
0.774
0.789
0.727
0.701
0.643
0.671
0.823
0.858
0.867
0.966
0.958
0.910
0.873
0.946
0.946
0.950
0.935
0.937
0.956
0.904
0.911
0.888
0.893
0.894
0.862
0.839
0.869
0.838
0.882
0.902
0.877
0.855
0.879
0.846
0.852
0.823
0.837
0.818
0.816
0.799
0.815
0.742
0.772
0.715
0.696
0.553
0.533
0.582
0.707
0.744
0.831
0.824
0.884
0.856
0.892
0.903
0.916
0.930
0.952
0.944
0.916
0.943
0.954
0.931
0.856
0.906
0.946
0.951
0.866
0.871
0.862
0.818
0.819
0.788
0.774
0.714
0.710
0.632
0.532
0.455
0.472
0.505
0.452
0.434
0.399
0.410
0.425
0.404
0.494
0.672
0.580
0.433
0.310
0.394
0.464
0.427
0.440
0.462
0.530
0.483
0.338
0.343
0.315
0.284
0.326
0.361
0.353
0.381
0.351
0.302
0.335
0.351
0.302
0.267
0.308
0.330
0.344
0.358
0.302
0.289
0.315
0.283
0.303
0.278
0.238
0.256
0.246
0.245
0.332
0.366
0.349
0.384
0.400
0.329
0.426
0.465
0.524
0.445
0.410
0.341
0.266
0.269
0.263
0.267
0.301
0.238
0.249
0.272
0.288
0.319
0.307
0.237
0.266
0.302
0.311
0.390
0.371
0.434
0.286
0.323
0.282
0.264
0.402
0.356
0.329
0.415
0.372
0.408
0.463
0.416
0.412
0.375
0.333
0.273
0.273
0.288
0.289
0.309
0.326
0.270
0.280
0.342
0.379
0.354
0.419
0.362
0.366
0.310
0.251
0.287
0.247
0.250
0.231
0.235
0.226
0.206
0.209
0.204
0.201
0.220
0.219
0.219
0.196
0.206
0.218
0.273
0.215
0.183
0.194
0.209
0.182
0.222
0.240
0.239
0.297
0.250
0.250
0.203
0.160
0.146
0.145
0.182
0.178
0.221
0.240
0.262
0.269
0.355
0.399
0.181
0.150
0.149
0.234
0.450
0.751
0.686
0.468
0.360
0.466
0.513
0.449
0.359
0.256
0.266
0.281
0.218
0.171
0.178
0.236
0.214
0.147
0.122
0.123
0.098
0.095
0.106
0.146
0.197
0.178
0.184
0.187
0.218
0.198
0.203
0.238
0.229
0.197
0.191
0.212
0.182
0.117
0.147
0.200
0.205
0.187
0.183
0.147
0.161
0.232
0.296
0.245
0.230
0.215
0.222
0.249
0.254
0.253
0.216
0.142
0.123
0.127
0.154
0.191
0.208
0.203
0.206
0.239
0.239
0.245
0.272
0.317
0.317
0.307
0.235
0.283
0.374
0.429
0.430
0.448
0.416
0.374
0.370
0.349
0.334
0.339
0.320
0.401
0.469
0.638
0.631
0.598
0.521
0.441
0.466
0.453
0.410
0.385
0.437
0.385
0.387
0.393
0.382
0.335
0.383
0.409
0.521
0.402
0.458
0.386
0.362
0.415
0.506
0.659
0.616
0.678
0.670
0.725
0.684
0.656
0.693
0.711
0.838
0.896
0.856
0.830
0.827
0.838
0.841
0.895
0.838
0.694
0.709
0.669
0.724
0.833
0.949
0.924
0.906
0.913
0.869
0.865
0.874
0.828
0.862
0.900
0.924
0.933
0.944
0.941
0.924
0.884
0.944
0.919
0.924
0.943
0.955
0.964
0.969
0.971
0.961
0.928
0.928
0.930
0.953
0.928
0.964
0.960
0.950
0.955
0.956
0.880
0.880
0.916
0.928
0.886
0.942
0.913
0.856
0.940
0.966
0.940
0.941
0.898
0.891
0.946
0.903
0.862
0.823
0.847
0.869
0.879
0.833
0.824
0.880
0.881
0.856
0.871
0.874
0.899
0.896
0.931
0.919
0.902
0.883
0.869
0.873
0.831
0.775
0.722
0.716
0.861
0.813
0.693
0.636
0.681
0.640
0.566
0.514
0.521
0.559
0.412
0.503
0.421
0.490
0.439
0.410
0.397
0.435
0.465
0.465
0.458
0.454
0.406
0.347
0.418
0.420
0.401
0.406
0.414
0.385
0.372
0.528
0.573
0.470
0.413
0.413
0.504
0.547
0.388
0.333
0.371
0.415
0.429
0.393
0.384
0.407
0.344
0.363
0.356
0.363
0.371
0.430
0.523
0.408
0.328
0.362
0.385
0.432
0.348
0.462
0.664
0.497
0.493
0.434
0.430
0.464
0.462
0.476
0.463
0.420
0.312
0.340
0.364
0.361
0.351
0.329
0.299
0.279
0.304
0.309
0.339
0.390
0.412
0.443
0.451
0.458
0.404
0.397
0.374
0.381
0.443
0.452
0.487
0.472
0.459
0.489
0.445
0.370
0.355
0.335
0.431
0.410
0.426
0.415
0.304
0.393
0.308
0.237
0.222
0.245
0.327
0.306
0.289
0.227
0.225
0.208
0.239
0.291
0.264
0.289
0.463
0.393
0.302
0.273
0.292
0.247
0.232
0.253
0.391
0.348
0.289
0.548
0.475
0.488
0.489
0.505
0.457
0.410
0.318
0.312
0.284
0.260
0.261
0.253
0.227
0.254
0.274
0.231
0.248
0.252
0.419
0.364
0.257
0.220
0.191
0.180
0.175
0.143
0.160
0.254
0.253
0.265
0.420
0.348
0.213
0.155
0.136
0.145
0.169
0.228
0.306
0.226
0.150
0.138
0.147
0.115
0.120
0.106
0.105
0.109
0.116
0.145
0.142
0.091
0.084
0.085
0.106
0.149
0.199
0.174
0.156
0.137
0.131
0.150
0.153
0.139
0.133
0.162
0.228
0.218
0.162
0.187
0.204
0.203
0.215
0.208
0.131
0.116
0.109
0.143
0.140
0.113
0.111
0.137
0.176
0.227
0.245
0.252
0.311
0.291
0.284
0.264
0.248
0.303
0.297
0.302
0.348
0.343
0.283
0.326
0.373
0.459
0.378
0.291
0.254
0.242
0.260
0.266
0.395
0.374
0.301
0.248
0.191
0.311
0.526
0.542
0.482
0.471
0.437
0.384
0.366
0.383
0.417
0.412
0.400
0.510
0.682
0.699
0.568
0.550
0.553
0.653
0.639
0.539
0.513
0.728
0.818
0.756
0.788
0.727
0.746
0.820
0.896
0.937
0.927
0.914
0.904
0.949
0.968
0.955
0.940
0.953
0.959
0.865
0.877
0.895
0.888
0.834
0.838
0.791
0.758
0.767
0.752
0.717
0.649
0.698
0.799
0.821
0.868
0.881
0.872
0.881
0.861
0.850
0.890
0.922
0.933
0.941
0.940
0.947
0.966
0.945
0.931
0.927
0.929
0.950
0.949
0.907
0.908
0.918
0.901
0.867
0.859
0.959
0.916
0.919
0.858
0.841
0.833
0.915
0.919
0.948
0.934
0.922
0.897
0.919
0.922
0.908
0.924
0.956
0.957
0.907
0.887
0.869
0.865
0.802
0.862
0.833
0.821
0.804
0.778
0.793
0.863
0.890
0.886
0.924
0.917
0.858
0.834
0.906
0.902
0.896
0.753
0.706
0.635
0.677
0.589
0.519
0.472
0.528
0.440
0.492
0.486
0.428
0.393
0.497
0.441
0.301
0.311
0.340
0.352
0.319
0.293
0.298
0.344
0.372
0.340
0.378
0.352
0.314
0.335
0.314
0.331
0.343
0.420
0.448
0.419
0.480
0.571
0.424
0.422
0.335
0.363
0.399
0.368
0.447
0.350
0.298
0.271
0.236
0.253
0.262
0.310
0.297
0.241
0.231
0.246
0.250
0.252
0.242
0.279
0.298
0.383
0.378
0.363
0.369
0.472
0.522
0.430
0.393
0.390
0.376
0.337
0.335
0.428
0.466
0.446
0.584
0.526
0.491
0.456
0.348
0.355
0.327
0.321
0.340
0.260
0.291
0.345
0.491
0.441
0.369
0.350
0.350
0.350
0.332
0.285
0.319
0.349
0.403
0.384
0.412
0.398
0.390
0.417
0.398
0.403
0.423
0.360
0.307
0.259
0.284
0.275
0.380
0.397
0.353
0.257
0.290
0.311
0.203
0.254
0.245
0.398
0.321
0.305
0.342
0.302
0.226
0.193
0.476
0.386
0.254
0.314
0.421
0.314
0.285
0.211
0.231
0.150
0.153
0.174
0.230
0.233
0.189
0.132
0.136
0.123
0.126
0.216
0.292
0.295
0.213
0.125
0.100
0.098
0.104
0.113
0.112
0.118
0.153
0.190
0.135
0.138
0.128
0.111
0.126
0.177
0.170
0.194
0.252
0.201
0.192
0.161
0.136
0.146
0.162
0.150
0.126
0.348
0.437
0.339
0.251
0.177
0.170
0.133
0.234
0.240
0.260
0.346
0.343
0.360
0.367
0.255
0.281
0.162
0.147
0.151
0.135
0.159
0.192
0.178
0.162
0.172
0.173
0.123
0.132
0.132
0.109
0.138
0.115
0.111
0.108
0.111
0.132
0.147
0.185
0.203
0.153
0.208
0.239
0.283
0.261
0.344
0.370
0.331
0.321
0.333
0.318
0.274
0.292
0.289
0.272
0.315
0.373
0.355
0.376
0.367
0.370
0.359
0.313
0.264
0.243
0.246
0.274
0.285
0.296
0.298
0.326
0.338
0.371
0.329
0.368
0.441
0.599
0.632
0.591
0.825
0.839
0.745
0.791
0.738
0.800
0.825
0.736
0.830
0.695
0.636
0.844
0.743
0.631
0.605
0.570
0.799
0.804
0.854
0.781
0.793
0.892
0.864
0.853
0.854
0.813
0.801
0.712
0.776
0.757
0.855
0.939
0.958
0.881
0.844
0.812
0.773
0.762
0.693
0.694
0.727
0.724
0.670
0.618
0.582
0.611
0.750
0.890
0.942
0.897
0.918
0.887
0.882
0.859
0.898
0.883
0.873
0.891
0.919
0.887
0.944
0.920
0.908
0.905
0.945
0.920
0.928
0.898
0.874
0.828
0.883
0.858
0.799
0.743
0.771
0.792
0.764
0.911
0.929
0.921
0.840
0.764
0.755
0.720
0.645
0.613
0.706
0.796
0.882
0.896
0.934
0.879
0.841
0.859
0.896
0.864
0.875
0.882
0.946
0.904
0.919
0.938
0.932
0.910
0.899
0.866
0.822
0.768
0.766
0.758
0.734
0.737
0.704
0.711
0.705
0.668
0.637
0.633
0.725
0.636
0.659
0.735
0.712
0.615
0.482
0.380
0.348
0.305
0.324
0.362
0.356
0.375
0.322
0.314
0.315
0.335
0.333
0.304
0.262
0.281
0.256
0.328
0.324
0.374
0.330
0.307
0.284
0.290
0.250
0.224
0.220
0.288
0.282
0.296
0.320
0.394
0.435
0.437
0.387
0.344
0.329
0.316
0.572
0.792
0.701
0.462
0.437
0.389
0.354
0.306
0.294
0.295
0.324
0.381
0.498
0.354
0.330
0.230
0.291
0.285
0.320
0.362
0.347
0.326
0.332
0.356
0.385
0.397
0.408
0.352
0.346
0.384
0.289
0.252
0.383
0.446
0.501
0.472
0.340
0.305
0.281
0.277
0.349
0.326
0.346
0.287
0.333
0.379
0.411
0.328
0.398
0.473
0.501
0.729
0.699
0.691
0.628
0.527
0.473
0.504
0.488
0.420
0.398
0.373
0.383
0.443
0.360
0.280
0.271
0.256
0.228
0.365
0.261
0.263
0.275
0.191
0.220
0.291
0.231
0.210
0.184
0.354
0.335
0.238
0.240
0.241
0.220
0.271
0.317
0.253
0.274
0.318
0.268
0.267
0.249
0.230
0.220
0.227
0.251
0.179
0.190
0.290
0.234
0.224
0.203
0.201
0.186
0.115
0.159
0.188
0.147
0.179
0.195
0.180
0.154
0.146
0.115
0.111
0.199
0.202
0.109
0.135
0.157
0.168
0.199
0.242
0.237
0.197
0.179
0.160
0.161
0.207
0.273
0.250
0.175
0.183
0.172
0.135
0.161
0.129
0.121
0.317
0.253
0.221
0.232
0.174
0.127
0.101
0.075
0.102
0.154
0.143
0.101
0.072
0.062
0.085
0.201
0.251
0.150
0.097
0.093
0.096
0.060
0.067
0.073
0.081
0.144
0.152
0.157
0.217
0.224
0.244
0.207
0.149
0.124
0.164
0.264
0.298
0.299
0.297
0.326
0.342
0.310
0.345
0.347
0.384
0.267
0.270
0.290
0.284
0.292
0.312
0.304
0.292
0.318
0.356
0.368
0.367
0.370
0.405
0.411
0.399
0.369
0.333
0.336
0.366
0.350
0.352
0.392
0.360
0.340
0.383
0.408
0.390
0.359
0.353
0.348
0.473
0.433
0.421
0.473
0.481
0.519
0.658
0.850
0.722
0.656
0.635
0.663
0.742
0.793
0.671
0.651
0.575
0.562
0.847
0.823
0.761
0.787
0.835
0.915
0.825
0.887
0.893
0.873
0.856
0.825
0.883
0.917
0.948
0.934
0.937
0.935
0.920
0.926
0.927
0.901
0.892
0.886
0.890
0.838
0.842
0.826
0.889
0.852
0.825
0.867
0.925
0.837
0.928
0.963
0.923
0.842
0.833
0.796
0.783
0.767
0.815
0.827
0.767
0.756
0.721
0.720
0.808
0.917
0.944
0.952
0.917
0.893
0.877
0.927
0.955
0.930
0.928
0.911
0.934
0.864
0.865
0.839
0.820
0.788
0.760
0.760
0.730
0.755
0.712
0.623
0.644
0.591
0.585
0.565
0.506
0.590
0.622
0.624
0.596
0.545
0.546
0.629
0.497
0.595
0.758
0.860
0.933
0.784
0.762
0.724
0.761
0.651
0.579
0.488
0.496
0.476
0.393
0.428
0.404
0.378
0.338
0.360
0.355
0.315
0.261
0.258
0.288
0.331
0.324
0.343
0.304
0.292
0.265
0.252
0.264
0.277
0.323
0.353
0.378
0.411
0.424
0.434
0.709
0.826
0.925
0.872
0.810
0.920
0.946
0.826
0.764
0.754
0.688
0.592
0.596
0.640
0.691
0.612
0.517
0.565
0.530
0.469
0.470
0.533
0.586
0.561
0.582
0.605
0.613
0.593
0.544
0.553
0.573
0.512
0.504
0.507
0.508
0.480
0.500
0.757
0.716
0.689
0.761
0.647
0.654
0.465
0.505
0.520
0.517
0.518
0.537
0.682
0.664
0.541
0.380
0.413
0.467
0.482
0.422
0.355
0.474
0.474
0.467
0.453
0.464
0.613
0.373
0.440
0.508
0.436
0.431
0.393
0.328
0.308
0.305
0.302
0.301
0.316
0.437
0.345
0.360
0.333
0.377
0.382
0.394
0.442
0.351
0.459
0.464
0.387
0.409
0.382
0.336
0.391
0.295
0.560
0.512
0.469
0.330
0.224
0.161
0.174
0.223
0.196
0.209
0.198
0.320
0.333
0.306
0.292
0.241
0.232
0.171
0.167
0.191
0.265
0.286
0.340
0.360
0.384
0.248
0.220
0.192
0.245
0.279
0.109
0.105
0.154
0.179
0.157
0.149
0.154
0.152
0.127
0.117
0.139
0.198
0.234
0.245
0.237
0.158
0.156
0.170
0.292
0.330
0.330
0.259
0.181
0.126
0.099
0.103
0.096
0.114
0.187
0.187
0.174
0.179
0.213
0.129
0.136
0.142
0.210
0.269
0.288
0.279
0.246
0.181
0.141
0.197
0.214
0.203
0.218
0.210
0.179
0.240
0.247
0.267
0.271
0.237
0.235
0.227
0.196
0.203
0.182
0.165
0.204
0.227
0.257
0.250
0.258
0.235
0.171
0.115
0.156
0.220
0.281
0.254
0.257
0.263
0.398
0.434
0.449
0.386
0.329
0.302
0.315
0.427
0.523
0.452
0.463
0.451
0.495
0.463
0.414
0.278
0.222
0.188
0.218
0.355
0.681
0.834
0.672
0.563
0.443
0.515
0.554
0.503
0.526
0.519
0.514
0.565
0.481
0.567
0.715
0.646
0.610
0.649
0.659
0.772
0.844
0.770
0.823
0.839
0.821
0.802
0.866
0.789
0.787
0.741
0.750
0.908
0.849
0.773
0.750
0.699
0.750
0.814
0.850
0.877
0.935
0.826
0.822
0.787
0.774
0.847
0.900
0.921
0.926
0.919
0.939
0.921
0.934
0.937
0.951
0.924
0.898
0.904
0.889
0.877
0.876
0.869
0.869
0.860
0.885
0.921
0.896
0.907
0.895
0.905
0.885
0.865
0.917
0.926
0.906
0.905
0.939
0.938
0.934
0.922
0.915
0.930
0.932
0.942
0.953
0.938
0.958
0.930
0.936
0.941
0.928
0.944
0.936
0.893
0.893
0.864
0.815
0.797
0.816
0.780
0.815
0.791
0.789
0.666
0.603
0.540
0.673
0.565
0.524
0.543
0.564
0.481
0.462
0.450
0.506
0.463
0.470
0.466
0.555
0.649
0.597
0.470
0.433
0.404
0.679
0.717
0.784
0.802
0.672
0.667
0.640
0.448
0.427
0.513
0.473
0.455
0.420
0.475
0.446
0.413
0.443
0.448
0.535
0.443
0.359
0.392
0.533
0.688
0.651
0.647
0.790
0.818
0.804
0.765
0.789
0.717
0.732
0.821
0.728
0.632
0.846
0.803
0.825
0.879
0.806
0.836
0.802
0.711
0.683
0.653
0.670
0.639
0.559
0.513
0.489
0.459
0.550
0.626
0.640
0.514
0.405
0.450
0.402
0.359
0.358
0.332
0.313
0.320
0.326
0.278
0.406
0.331
0.373
0.376
0.401
0.411
0.407
0.402
0.545
0.432
0.316
0.382
0.408
0.428
0.389
0.352
0.338
0.272
0.312
0.389
0.339
0.323
0.409
0.478
0.581
0.267
0.215
0.287
0.328
0.345
0.289
0.332
0.418
0.375
0.406
0.383
0.414
0.385
0.434
0.403
0.424
0.397
0.327
0.245
0.265
0.258
0.245
0.376
0.501
0.390
0.332
0.271
0.312
0.310
0.334
0.410
0.526
0.344
0.520
0.316
0.349
0.375
0.291
0.265
0.266
0.249
0.262
0.279
0.324
0.321
0.315
0.289
0.294
0.287
0.222
0.216
0.192
0.227
0.219
0.208
0.209
0.151
0.149
0.134
0.119
0.117
0.141
0.148
0.210
0.205
0.203
0.225
0.193
0.146
0.138
0.093
0.118
0.137
0.191
0.173
0.183
0.190
0.210
0.131
0.127
0.119
0.171
0.186
0.171
0.150
0.183
0.240
0.209
0.220
0.201
0.193
0.278
0.213
0.155
0.103
0.117
0.161
0.182
0.133
0.086
0.095
0.103
0.122
0.158
0.206
0.175
0.204
0.270
0.340
0.381
0.308
0.305
0.300
0.283
0.256
0.290
0.306
0.328
0.310
0.286
0.277
0.231
0.258
0.297
0.403
0.446
0.489
0.459
0.395
0.339
0.376
0.315
0.318
0.313
0.331
0.378
0.392
0.444
0.443
0.438
0.394
0.355
0.342
0.438
0.466
0.451
0.491
0.607
0.657
0.655
0.724
0.654
0.674
0.684
0.736
0.713
0.754
0.798
0.914
0.934
0.928
0.899
0.910
0.940
0.948
0.900
0.841
0.843
0.835
0.863
0.919
0.928
0.888
0.925
0.959
0.959
0.954
0.938
0.963
0.968
0.951
0.946
0.956
0.952
0.957
0.939
0.944
0.947
0.972
0.965
0.965
0.904
0.897
0.941
0.962
0.952
0.956
0.948
0.933
0.950
0.969
0.945
0.959
0.957
0.960
0.972
0.970
0.958
0.966
0.955
0.960
0.966
0.953
0.930
0.930
0.948
0.948
0.932
0.922
0.939
0.972
0.969
0.967
0.966
0.950
0.959
0.956
0.943
0.960
0.960
0.973
0.964
0.955
0.944
0.921
0.964
0.934
0.958
0.963
0.951
0.930
0.898
0.934
0.948
0.950
0.932
0.926
0.940
0.915
0.933
0.927
0.896
0.895
0.910
0.886
0.855
0.837
0.774
0.758
0.778
0.798
0.747
0.701
0.614
0.592
0.588
0.553
0.545
0.504
0.455
0.441
0.380
0.405
0.412
0.660
0.509
0.398
0.333
0.360
0.321
0.363
0.389
0.373
0.343
0.349
0.377
0.386
0.372
0.358
0.379
0.342
0.320
0.287
0.304
0.342
0.383
0.377
0.370
0.344
0.317
0.341
0.402
0.340
0.294
0.282
0.323
0.321
0.316
0.312
0.328
0.346
0.441
0.467
0.482
0.501
0.488
0.446
0.416
0.279
0.224
0.243
0.350
0.416
0.494
0.436
0.400
0.405
0.418
0.371
0.225
0.221
0.315
0.344
0.304
0.296
0.308
0.340
0.351
0.432
0.357
0.313
0.312
0.330
0.385
0.315
0.353
0.320
0.337
0.391
0.461
0.667
0.672
0.649
0.524
0.399
0.585
0.503
0.324
0.483
0.367
0.319
0.332
0.302
0.242
0.258
0.434
0.515
0.356
0.373
0.427
0.270
0.304
0.388
0.380
0.425
0.447
0.504
0.449
0.478
0.440
0.495
0.247
0.272
0.234
0.304
0.458
0.401
0.385
0.181
0.171
0.176
0.157
0.176
0.306
0.332
0.280
0.258
0.389
0.271
0.259
0.221
0.210
0.253
0.233
0.184
0.162
0.179
0.173
0.162
0.136
0.234
0.319
0.340
0.268
0.228
0.232
0.195
0.208
0.074
0.107
0.127
0.154
0.229
0.143
0.145
0.129
0.154
0.145
0.146
0.151
0.102
0.064
0.067
0.066
0.074
0.077
0.115
0.161
0.155
0.141
0.185
0.188
0.143
0.141
0.167
0.178
0.214
0.214
0.203
0.136
0.178
0.205
0.204
0.256
0.257
0.253
0.186
0.199
0.250
0.284
0.501
0.475
0.287
0.190
0.306
0.240
0.208
0.190
0.186
0.207
0.218
0.222
0.241
0.255
0.281
0.351
0.373
0.369
0.309
0.292
0.284
0.276
0.325
0.348
0.339
0.294
0.237
0.271
0.260
0.253
0.251
0.282
0.321
0.289
0.308
0.278
0.275
0.278
0.294
0.290
0.310
0.352
0.361
0.380
0.423
0.429
0.378
0.503
0.536
0.513
0.585
0.572
0.552
0.546
0.637
0.813
0.708
0.693
0.687
0.605
0.580
0.591
0.546
0.556
0.576
0.640
0.637
0.589
0.609
0.621
0.635
0.607
0.682
0.704
0.764
0.901
0.935
0.934
0.918
0.917
0.901
0.968
0.964
0.915
0.926
0.946
0.930
0.887
0.917
0.969
0.941
0.921
0.890
0.951
0.962
0.965
0.966
0.959
0.965
0.949
0.968
0.964
0.968
0.963
0.961
0.970
0.950
0.951
0.933
0.958
0.974
0.969
0.966
0.978
0.975
0.976
0.975
0.976
0.968
0.960
0.968
0.945
0.959
0.974
0.949
0.919
0.947
0.956
0.951
0.945
0.946
0.923
0.920
0.943
0.948
0.944
0.945
0.932
0.946
0.972
0.958
0.939
0.941
0.922
0.975
0.974
0.956
0.958
0.963
0.916
0.917
0.925
0.887
0.911
0.940
0.944
0.943
0.944
0.931
0.890
0.854
0.688
0.677
0.662
0.658
0.671
0.562
0.771
0.840
0.723
0.646
0.637
0.550
0.530
0.475
0.456
0.485
0.491
0.474
0.430
0.397
0.370
0.371
0.451
0.443
0.519
0.455
0.474
0.341
0.350
0.322
0.329
0.301
0.331
0.378
0.342
0.339
0.341
0.330
0.321
0.320
0.320
0.260
0.290
0.339
0.394
0.338
0.352
0.360
0.296
0.246
0.285
0.262
0.287
0.330
0.352
0.366
0.337
0.312
0.305
0.386
0.365
0.326
0.325
0.316
0.382
0.399
0.428
0.293
0.320
0.296
0.301
0.319
0.336
0.386
0.427
0.369
0.317
0.478
0.432
0.446
0.401
0.396
0.390
0.360
0.294
0.314
0.248
0.250
0.254
0.304
0.331
0.342
0.383
0.362
0.420
0.380
0.330
0.390
0.348
0.310
0.298
0.247
0.213
0.260
0.236
0.272
0.260
0.365
0.461
0.475
0.381
0.330
0.422
0.332
0.340
0.264
0.308
0.387
0.400
0.334
0.291
0.314
0.275
0.231
0.249
0.351
0.365
0.365
0.340
0.473
0.589
0.450
0.382
0.289
0.334
0.339
0.420
0.479
0.455
0.405
0.567
0.410
0.361
0.353
0.299
0.319
0.313
0.331
0.282
0.328
0.286
0.228
0.251
0.197
0.161
0.160
0.115
0.101
0.099
0.126
0.130
0.127
0.145
0.166
0.212
0.170
0.179
0.187
0.196
0.319
0.368
0.246
0.242
0.188
0.137
0.170
0.223
0.276
0.160
0.166
0.238
0.300
0.244
0.249
0.195
0.158
0.189
0.260
0.226
0.148
0.126
0.175
0.166
0.189
0.222
0.175
0.201
0.155
0.149
0.190
0.268
0.288
0.377
0.304
0.380
0.384
0.277
0.235
0.242
0.214
0.204
0.152
0.175
0.168
0.192
0.153
0.106
0.208
0.274
0.277
0.265
0.259
0.224
0.148
0.221
0.247
0.277
0.302
0.242
0.248
0.263
0.298
0.271
0.272
0.246
0.247
0.249
0.262
0.335
0.376
0.381
0.399
0.435
0.410
0.340
0.346
0.387
0.401
0.416
0.499
0.511
0.571
0.562
0.590
0.802
0.806
0.748
0.837
0.791
0.792
0.844
0.839
0.913
0.886
0.832
0.800
0.828
0.880
0.817
0.877
0.830
0.893
0.896
0.852
0.847
0.785
0.822
0.955
0.970
0.960
0.957
0.939
0.941
0.939
0.949
0.941
0.972
0.936
0.951
0.958
0.961
0.953
0.952
0.962
0.964
0.960
0.953
0.961
0.959
0.950
0.976
0.971
0.954
0.966
0.966
0.950
0.968
0.972
0.964
0.959
0.959
0.928
0.965
0.941
0.968
0.970
0.971
0.969
0.963
0.972
0.964
0.952
0.941
0.944
0.941
0.948
0.960
0.969
0.968
0.976
0.979
0.973
0.930
0.905
0.907
0.929
0.921
0.926
0.928
0.938
0.943
0.939
0.940
0.920
0.934
0.921
0.848
0.768
0.794
0.798
0.793
0.808
0.802
0.856
0.760
0.686
0.592
0.635
0.924
0.976
0.979
0.974
0.953
0.888
0.890
0.928
0.944
0.955
0.946
0.941
0.952
0.924
0.946
0.925
0.941
0.937
0.947
0.928
0.911
0.898
0.877
0.881
0.820
0.721
0.637
0.630
0.600
0.538
0.453
0.503
0.533
0.642
0.805
0.694
0.575
0.499
0.502
0.563
0.540
0.590
0.552
0.531
0.525
0.548
0.587
0.551
0.609
0.597
0.490
0.451
0.434
0.477
0.478
0.402
0.343
0.382
0.411
0.309
0.287
0.309
0.356
0.406
0.426
0.448
0.321
0.318
0.330
0.380
0.363
0.391
0.412
0.577
0.599
0.421
0.292
0.335
0.339
0.316
0.339
0.369
0.330
0.358
0.378
0.374
0.281
0.326
0.356
0.425
0.327
0.311
0.349
0.446
0.523
0.574
0.552
0.531
0.509
0.554
0.588
0.728
0.614
0.663
0.543
0.619
0.472
0.352
0.412
0.480
0.530
0.449
0.551
0.443
0.474
0.519
0.448
0.573
0.492
0.391
0.500
0.553
0.520
0.604
0.572
0.568
0.584
0.512
0.395
0.355
0.259
0.276
0.323
0.330
0.374
0.369
0.398
0.391
0.370
0.346
0.425
0.349
0.301
0.328
0.308
0.399
0.572
0.593
0.476
0.353
0.261
0.245
0.319
0.469
0.510
0.524
0.476
0.608
0.466
0.400
0.367
0.282
0.261
0.264
0.368
0.464
0.389
0.411
0.374
0.499
0.476
0.469
0.277
0.224
0.271
0.240
0.211
0.191
0.281
0.118
0.099
0.122
0.254
0.273
0.290
0.211
0.222
0.230
0.233
0.165
0.213
0.220
0.211
0.223
0.231
0.156
0.161
0.163
0.222
0.163
0.161
0.133
0.140
0.155
0.206
0.220
0.196
0.207
0.211
0.281
0.274
0.235
0.185
0.145
0.148
0.142
0.162
0.176
0.169
0.131
0.171
0.184
0.179
0.181
0.211
0.252
0.271
0.225
0.186
0.132
0.153
0.225
0.298
0.331
0.295
0.324
0.324
0.320
0.326
0.226
0.163
0.164
0.139
0.184
0.258
0.227
0.240
0.260
0.185
0.262
0.271
0.281
0.299
0.298
0.234
0.178
0.249
0.290
0.258
0.255
0.264
0.263
0.356
0.418
0.417
0.442
0.514
0.572
0.554
0.583
0.514
0.519
0.534
0.530
0.587
0.586
0.528
0.538
0.493
0.462
0.412
0.452
0.460
0.448
0.532
0.609
0.533
0.492
0.450
0.516
0.536
0.570
0.623
0.696
0.700
0.756
0.870
0.848
0.898
0.889
0.939
0.947
0.937
0.870
0.910
0.970
0.966
0.955
0.943
0.931
0.942
0.900
0.894
0.937
