20000101
0.251
0.246
0.236
0.232
0.255
0.248
0.251
0.227
0.215
0.249
0.237
0.287
0.360
0.280
0.234
0.318
0.306
0.342
0.354
0.187
0.306
0.544
0.504
0.419
0.311
0.309
0.270
0.263
0.184
0.155
0.165
0.478
0.554
0.576
0.545
0.515
0.283
0.278
0.241
0.187
0.208
0.384
0.230
0.259
0.246
0.258
0.225
0.145
0.118
0.132
0.230
0.226
0.275
0.326
0.378
0.256
0.198
0.105
0.118
0.131
0.156
0.207
0.263
0.214
0.232
0.193
0.304
0.143
0.101
0.081
0.227
0.320
0.388
0.342
0.156
0.253
0.328
0.256
0.080
0.054
0.079
0.155
0.149
0.105
0.090
0.094
0.078
0.057
0.074
0.083
0.103
0.130
0.090
0.080
0.103
0.181
0.147
0.136
0.106
0.115
0.118
0.136
0.108
0.191
0.250
0.294
0.271
0.165
0.148
0.130
0.130
0.129
0.221
0.291
0.277
0.287
0.307
0.328
0.233
0.234
0.214
0.145
0.164
0.195
0.204
0.201
0.183
0.219
0.302
0.364
0.333
0.346
0.465
0.448
0.426
0.418
0.477
0.469
0.566
0.651
0.735
0.606
0.518
0.498
0.427
0.427
0.419
0.390
0.370
0.435
0.466
0.539
0.530
0.416
0.368
0.524
0.491
0.324
0.383
0.514
0.532
0.443
0.413
0.434
0.543
0.538
0.491
0.443
0.429
0.413
0.414
0.491
0.524
0.477
0.544
0.527
0.517
0.505
0.496
0.540
0.495
0.532
0.618
0.798
0.782
0.730
0.642
0.614
0.714
0.853
0.893
0.872
0.863
0.947
0.893
0.944
0.901
0.870
0.904
0.943
0.926
0.938
0.924
0.829
0.766
0.706
0.652
0.629
0.583
0.647
0.816
0.815
0.666
0.626
0.621
0.664
0.618
0.559
0.564
0.481
0.520
0.531
0.607
0.704
0.902
0.911
0.931
0.950
0.902
0.886
0.907
0.920
0.939
0.886
0.927
0.890
0.816
0.816
0.843
0.900
0.890
0.909
0.909
0.880
0.881
0.921
0.898
0.880
0.954
0.947
0.842
0.803
0.749
0.727
0.706
0.697
0.639
0.598
0.537
0.538
0.576
0.557
0.564
0.510
0.424
0.420
0.450
0.514
0.547
0.526
0.378
0.422
0.420
0.349
0.423
0.329
0.284
0.307
0.297
0.347
0.368
0.421
0.381
0.427
0.349
0.410
0.505
0.431
0.304
0.149
0.160
0.185
0.237
0.237
0.200
0.191
0.317
0.386
0.339
0.308
0.210
0.172
0.149
0.229
0.242
0.185
0.174
0.212
0.247
0.292
0.241
0.220
0.260
0.256
0.250
0.269
0.297
0.297
0.279
0.258
0.227
0.205
0.204
0.211
0.190
0.190
0.231
0.247
0.297
0.241
0.238
0.283
0.324
0.217
0.192
0.152
0.143
0.148
0.146
0.202
0.196
0.146
0.171
0.221
0.232
0.220
0.220
0.239
0.269
0.225
0.225
0.226
0.239
0.249
0.260
0.270
0.183
0.150
0.175
0.183
0.156
0.167
0.190
0.191
0.211
0.639
0.508
0.363
0.302
0.338
0.353
0.340
0.396
0.263
0.257
0.276
0.402
0.330
0.258
0.254
0.309
0.413
0.371
0.403
0.414
0.296
0.278
0.355
0.251
0.122
0.139
0.133
0.124
0.147
0.195
0.229
0.265
0.231
0.218
0.180
0.195
0.097
0.112
0.126
0.127
0.105
0.132
0.170
0.186
0.141
0.237
0.200
0.192
0.169
0.159
0.199
0.191
0.168
0.081
0.144
0.208
0.274
0.363
0.308
0.169
0.147
0.100
0.169
0.189
0.173
0.093
0.118
0.097
0.147
0.185
0.329
0.322
0.254
0.306
0.206
0.188
0.262
0.150
0.167
0.243
0.308
0.298
0.259
0.248
0.299
0.232
0.252
0.303
0.257
0.237
0.127
0.119
0.097
0.090
0.130
0.154
0.098
0.064
0.072
0.097
0.150
0.182
0.215
0.201
0.155
0.163
0.281
0.273
0.325
0.311
0.237
0.136
0.092
0.113
0.139
0.131
0.130
0.146
0.152
0.188
0.241
0.205
0.171
0.182
0.249
0.229
0.261
0.224
0.238
0.287
0.300
0.300
0.314
0.292
0.308
0.356
0.383
0.373
0.399
0.451
0.442
0.439
0.396
0.260
0.273
0.409
0.445
0.374
0.391
0.437
0.531
0.609
0.601
0.627
0.660
0.606
0.681
0.590
0.600
0.571
0.557
0.591
0.531
0.580
0.613
0.733
0.782
0.924
0.856
0.815
0.876
0.873
0.707
0.648
0.612
0.567
0.549
0.562
0.611
0.550
0.581
0.567
0.720
0.892
0.935
0.884
0.831
0.786
0.725
0.784
0.769
0.895
0.894
0.886
0.865
0.875
0.878
0.898
0.917
0.906
0.892
0.894
0.957
0.894
0.949
0.902
0.890
0.841
0.816
0.822
0.822
0.802
0.804
0.765
0.875
0.714
0.723
0.880
0.835
0.902
0.884
0.866
0.865
0.872
0.912
0.901
0.873
0.882
0.947
0.949
0.918
0.783
0.795
0.824
0.829
0.820
0.856
0.868
0.775
0.740
0.790
0.757
0.761
0.690
0.762
0.730
0.704
0.648
0.685
0.650
0.753
0.686
0.622
0.625
0.678
0.701
0.681
0.576
0.594
0.618
0.684
0.626
0.597
0.649
0.457
0.372
0.375
0.400
0.536
0.554
0.472
0.306
0.212
0.259
0.511
0.626
0.702
0.833
0.753
0.662
0.524
0.564
0.646
0.691
0.800
0.882
0.610
0.649
0.684
0.487
0.314
0.267
0.243
0.244
0.279
0.304
0.233
0.238
0.249
0.228
0.267
0.245
0.277
0.297
0.311
0.281
0.277
0.298
0.298
0.258
0.238
0.278
0.315
0.231
0.210
0.209
0.204
0.203
0.180
0.199
0.256
0.286
0.265
0.167
0.199
0.204
0.188
0.205
0.204
0.196
0.197
0.202
0.187
0.176
0.199
0.219
0.229
0.263
0.275
0.252
0.223
0.255
0.275
0.303
0.335
0.396
0.368
0.293
0.307
0.327
0.313
0.313
0.280
0.248
0.297
0.297
0.221
0.247
0.253
0.250
0.266
0.298
0.287
0.307
0.356
0.281
0.175
0.196
0.207
0.208
0.240
0.346
0.370
0.266
0.263
0.271
0.283
0.224
0.186
0.272
0.411
0.516
0.359
0.362
0.408
0.508
0.438
0.409
0.396
0.295
0.357
0.518
0.345
0.189
0.178
0.182
0.206
0.243
0.252
0.193
0.219
0.317
0.195
0.216
0.126
0.138
0.466
0.629
0.429
0.334
0.341
0.313
0.276
0.345
0.415
0.336
0.267
0.215
0.228
0.246
0.304
0.187
0.180
0.171
0.175
0.213
0.196
0.239
0.147
0.141
0.138
0.178
0.330
0.369
0.270
0.189
0.193
0.243
0.422
0.398
0.222
0.189
0.140
0.105
0.090
0.163
0.205
0.191
0.256
0.293
0.310
0.239
0.122
0.069
0.068
0.072
0.157
0.273
0.145
0.236
0.239
0.190
0.391
0.330
0.221
0.168
0.133
0.156
0.156
0.160
0.251
0.239
0.237
0.174
0.181
0.187
0.199
0.167
0.231
0.205
0.185
0.147
0.042
0.074
0.150
0.183
0.112
0.081
0.076
0.061
0.129
0.199
0.263
0.266
0.376
0.330
0.359
0.361
0.387
0.356
0.330
0.298
0.319
0.338
0.347
0.417
0.412
0.395
0.374
0.292
0.306
0.355
0.390
0.397
0.420
0.386
0.318
0.276
0.329
0.340
0.369
0.370
0.403
0.427
0.392
0.362
0.376
0.347
0.384
0.473
0.526
0.494
0.468
0.508
0.536
0.586
0.601
0.712
0.788
0.673
0.599
0.618
0.800
0.854
0.902
0.897
0.880
0.784
0.674
0.650
0.635
0.567
0.553
0.636
0.651
0.552
0.590
0.547
0.533
0.586
0.568
0.696
0.747
0.686
0.840
0.845
0.941
0.784
0.826
0.826
0.824
0.834
0.833
0.811
0.649
0.696
0.586
0.550
0.557
0.587
0.653
0.685
0.856
0.909
0.926
0.879
0.895
0.932
0.903
0.898
0.917
0.923
0.884
0.949
0.933
0.921
0.929
0.879
0.853
0.824
0.868
0.941
0.934
0.890
0.833
0.825
0.832
0.947
0.942
0.939
0.934
0.936
0.950
0.939
0.819
0.821
0.778
0.804
0.753
0.761
0.704
0.699
0.658
0.665
0.652
0.695
0.773
0.714
0.646
0.585
0.598
0.609
0.655
0.745
0.744
0.651
0.543
0.459
0.417
0.387
0.320
0.297
0.305
0.291
0.318
0.336
0.318
0.307
0.323
0.303
0.291
0.363
0.305
0.323
0.424
0.536
0.526
0.384
0.379
0.357
0.318
0.227
0.225
0.218
0.187
0.228
0.241
0.244
0.275
0.308
0.304
0.318
0.306
0.306
0.311
0.362
0.429
0.323
0.275
0.245
0.410
0.575
0.540
0.354
0.418
0.274
0.227
0.272
0.261
0.291
0.305
0.308
0.302
0.287
0.278
0.250
0.227
0.238
0.225
0.209
0.242
0.232
0.328
0.349
0.247
0.313
0.426
0.343
0.302
0.302
0.335
0.230
0.222
0.247
0.244
0.283
0.295
0.312
0.332
0.398
0.358
0.321
0.312
0.323
0.365
0.371
0.340
0.353
0.353
0.440
0.505
0.445
0.508
0.483
0.486
0.402
0.362
0.471
0.364
0.369
0.601
0.538
0.462
0.482
0.202
0.188
0.162
0.192
0.189
0.220
0.249
0.350
0.312
0.222
0.194
0.269
0.257
0.308
0.347
0.348
0.310
0.366
0.694
0.741
0.612
0.601
0.563
0.426
0.279
0.166
0.242
0.272
0.314
0.271
0.182
0.157
0.197
0.203
0.236
0.501
0.605
0.535
0.232
0.255
0.248
0.271
0.250
0.284
0.327
0.272
0.260
0.266
0.239
0.061
0.067
0.083
0.085
0.086
0.091
0.124
0.125
0.108
0.096
0.098
0.112
0.160
0.195
0.185
0.221
0.164
0.126
0.133
0.147
0.151
0.123
0.118
0.111
0.145
0.176
0.256
0.255
0.146
0.169
0.246
0.328
0.374
0.260
0.236
0.271
0.197
0.194
0.153
0.155
0.172
0.231
0.259
0.246
0.297
0.300
0.268
0.200
0.243
0.145
0.115
0.107
0.183
0.239
0.204
0.147
0.093
0.084
0.106
0.184
0.244
0.283
0.249
0.265
0.257
0.243
0.166
0.095
0.093
0.101
0.128
0.181
0.106
0.194
0.209
0.297
0.369
0.342
0.337
0.323
0.410
0.372
0.301
0.317
0.358
0.307
0.368
0.333
0.238
0.204
0.270
0.309
0.292
0.336
0.431
0.438
0.444
0.387
0.379
0.420
0.448
0.484
0.569
0.478
0.587
0.722
0.687
0.816
0.847
0.797
0.773
0.770
0.766
0.849
0.852
0.808
0.860
0.856
0.809
0.730
0.722
0.800
0.891
0.884
0.906
0.858
0.854
0.883
0.825
0.871
0.865
0.837
0.819
0.851
0.874
0.821
0.809
0.828
0.858
0.859
0.840
0.881
0.913
0.926
0.911
0.944
0.931
0.917
0.920
0.858
0.898
0.912
0.930
0.928
0.916
0.840
0.865
0.893
0.942
0.929
0.895
0.900
0.929
0.886
0.846
0.881
0.878
0.839
0.895
0.833
0.839
0.801
0.862
0.956
0.944
0.946
0.921
0.933
0.926
0.958
0.945
0.945
0.909
0.943
0.929
0.877
0.856
0.835
0.779
0.854
0.903
0.836
0.798
0.777
0.782
0.860
0.873
0.849
0.908
0.873
0.886
0.885
0.899
0.901
0.834
0.843
0.840
0.814
0.870
0.899
0.835
0.773
0.691
0.682
0.580
0.557
0.651
0.737
0.704
0.589
0.625
0.552
0.474
0.448
0.457
0.449
0.396
0.445
0.448
0.396
0.396
0.307
0.307
0.318
0.307
0.299
0.332
0.369
0.383
0.421
0.396
0.434
0.332
0.386
0.480
0.417
0.414
0.346
0.333
0.393
0.392
0.377
0.325
0.303
0.299
0.316
0.326
0.370
0.447
0.452
0.481
0.439
0.422
0.417
0.375
0.374
0.390
0.406
0.436
0.383
0.377
0.433
0.395
0.367
0.254
0.371
0.424
0.350
0.265
0.303
0.307
0.349
0.340
0.356
0.414
0.407
0.326
0.380
0.391
0.440
0.441
0.416
0.361
0.347
0.395
0.363
0.393
0.438
0.241
0.451
0.467
0.345
0.373
0.327
0.337
0.378
0.454
0.417
0.593
0.568
0.460
0.401
0.332
0.299
0.320
0.346
0.352
0.388
0.358
0.319
0.386
0.309
0.324
0.429
0.495
0.453
0.352
0.361
0.583
0.355
0.333
0.511
0.485
0.517
0.371
0.297
0.281
0.265
0.167
0.184
0.201
0.191
0.194
0.256
0.281
0.297
0.345
0.352
0.221
0.245
0.191
0.232
0.312
0.279
0.216
0.191
0.176
0.163
0.173
0.172
0.211
0.196
0.156
0.139
0.146
0.123
0.157
0.133
0.082
0.075
0.069
0.102
0.115
0.117
0.096
0.121
0.108
0.121
0.104
0.089
0.086
0.082
0.078
0.116
0.167
0.205
0.206
0.174
0.208
0.210
0.127
0.141
0.131
0.114
0.150
0.159
0.218
0.187
0.153
0.214
0.217
0.333
0.323
0.316
0.272
0.226
0.220
0.236
0.217
0.286
0.312
0.271
0.339
0.318
0.238
0.271
0.272
0.209
0.133
0.137
0.184
0.233
0.284
0.303
0.297
0.075
0.081
0.089
0.122
0.221
0.263
0.312
0.302
0.367
0.561
0.481
0.530
0.534
0.499
0.418
0.424
0.398
0.330
0.418
0.405
0.425
0.403
0.406
0.377
0.335
0.305
0.255
0.233
0.199
0.243
0.264
0.284
0.287
0.319
0.358
0.385
0.392
0.418
0.471
0.459
0.426
0.473
0.602
0.614
0.676
0.857
0.842
0.833
0.739
0.740
0.647
0.616
0.576
0.581
0.627
0.620
0.621
0.616
0.599
0.681
0.690
0.721
0.710
0.717
0.765
0.816
0.896
0.808
0.771
0.750
0.769
0.640
0.600
0.563
0.569
0.604
0.706
0.775
0.749
0.820
0.749
0.691
0.668
0.638
0.670
0.684
0.776
0.792
0.823
0.888
0.928
0.954
0.942
0.862
0.889
0.916
0.942
0.954
0.942
0.944
0.947
0.956
0.959
0.969
0.965
0.960
0.968
0.953
0.941
0.934
0.922
0.917
0.928
0.960
0.962
0.929
0.856
0.846
0.843
0.833
0.818
0.836
0.865
0.882
0.857
0.825
0.833
0.820
0.671
0.665
0.755
0.768
0.770
0.763
0.762
0.821
0.789
0.794
0.825
0.856
0.884
0.800
0.818
0.792
0.788
0.741
0.831
0.782
0.746
0.653
0.684
0.777
0.728
0.841
0.841
0.865
0.905
0.893
0.773
0.751
0.815
0.791
0.791
0.603
0.531
0.535
0.499
0.470
0.463
0.447
0.412
0.407
0.385
0.350
0.361
0.372
0.371
0.380
0.260
0.294
0.304
0.367
0.349
0.313
0.332
0.391
0.303
0.240
0.290
0.313
0.304
0.286
0.388
0.634
0.669
0.466
0.385
0.328
0.319
0.266
0.339
0.385
0.352
0.346
0.314
0.307
0.373
0.346
0.328
0.360
0.370
0.330
0.325
0.326
0.326
0.316
0.343
0.334
0.335
0.352
0.324
0.296
0.250
0.204
0.233
0.282
0.362
0.352
0.280
0.250
0.257
0.277
0.412
0.566
0.572
0.539
0.347
0.420
0.324
0.370
0.428
0.420
0.340
0.383
0.451
0.337
0.327
0.419
0.462
0.332
0.402
0.296
0.297
0.418
0.417
0.288
0.287
0.320
0.303
0.330
0.348
0.368
0.409
0.270
0.252
0.347
0.323
0.285
0.232
0.324
0.410
0.474
0.555
0.666
0.659
0.567
0.369
0.319
0.337
0.428
0.380
0.534
0.472
0.317
0.299
0.306
0.268
0.303
0.326
0.357
0.441
0.489
0.438
0.369
0.132
0.184
0.216
0.147
0.153
0.137
0.180
0.206
0.255
0.378
0.331
0.260
0.233
0.250
0.241
0.315
0.353
0.435
0.367
0.291
0.251
0.225
0.213
0.167
0.135
0.141
0.114
0.167
0.183
0.199
0.288
0.335
0.276
0.135
0.167
0.240
0.268
0.247
0.116
0.115
0.083
0.068
0.062
0.063
0.072
0.075
0.195
0.234
0.195
0.095
0.044
0.060
0.069
0.172
0.190
0.146
0.164
0.120
0.097
0.074
0.097
0.166
0.222
0.223
0.243
0.238
0.207
0.201
0.256
0.288
0.270
0.245
0.210
0.263
0.287
0.301
0.325
0.331
0.298
0.289
0.256
0.203
0.162
0.193
0.242
0.252
0.243
0.289
0.332
0.243
0.185
0.183
0.285
0.272
0.190
0.201
0.265
0.304
0.315
0.213
0.194
0.198
0.275
0.267
0.319
0.313
0.274
0.339
0.423
0.378
0.317
0.341
0.347
0.394
0.387
0.374
0.416
0.367
0.347
0.390
0.393
0.455
0.499
0.502
0.604
0.726
0.813
0.804
0.931
0.825
0.872
0.899
0.909
0.938
0.910
0.919
0.878
0.906
0.872
0.862
0.812
0.789
0.916
0.805
0.879
0.924
0.856
0.825
0.797
0.780
0.824
0.740
0.720
0.656
0.676
0.795
0.849
0.877
0.968
0.961
0.926
0.883
0.949
0.944
0.949
0.931
0.936
0.956
0.907
0.914
0.887
0.897
0.897
0.878
0.854
0.882
0.839
0.881
0.904
0.866
0.856
0.883
0.846
0.850
0.813
0.833
0.815
0.824
0.803
0.821
0.740
0.774
0.720
0.683
0.553
0.541
0.558
0.651
0.742
0.845
0.815
0.866
0.849
0.889
0.896
0.922
0.929
0.954
0.945
0.910
0.944
0.953
0.934
0.846
0.895
0.944
0.954
0.860
0.861
0.868
0.822
0.823
0.798
0.795
0.742
0.765
0.677
0.563
0.477
0.502
0.514
0.434
0.452
0.418
0.401
0.402
0.378
0.463
0.612
0.554
0.386
0.288
0.344
0.423
0.400
0.415
0.431
0.514
0.449
0.306
0.319
0.293
0.277
0.309
0.338
0.333
0.378
0.352
0.278
0.318
0.335
0.292
0.248
0.290
0.311
0.328
0.335
0.296
0.273
0.286
0.274
0.292
0.277
0.230
0.245
0.233
0.240
0.314
0.338
0.336
0.379
0.404
0.346
0.413
0.418
0.506
0.430
0.391
0.335
0.264
0.259
0.253
0.250
0.285
0.230
0.239
0.263
0.277
0.302
0.296
0.229
0.249
0.291
0.312
0.369
0.350
0.413
0.273
0.307
0.269
0.253
0.318
0.304
0.322
0.394
0.362
0.408
0.447
0.407
0.397
0.368
0.325
0.268
0.267
0.264
0.284
0.311
0.305
0.267
0.266
0.330
0.378
0.368
0.421
0.354
0.357
0.313
0.243
0.285
0.242
0.238
0.221
0.226
0.219
0.199
0.198
0.196
0.196
0.212
0.210
0.210
0.196
0.208
0.212
0.258
0.208
0.178
0.186
0.199
0.187
0.227
0.250
0.253
0.316
0.256
0.250
0.197
0.158
0.148
0.153
0.190
0.179
0.220
0.242
0.261
0.261
0.342
0.337
0.163
0.160
0.154
0.193
0.486
0.717
0.665
0.480
0.358
0.457
0.489
0.459
0.352
0.272
0.272
0.271
0.229
0.171
0.185
0.243
0.215
0.150
0.127
0.129
0.097
0.095
0.107
0.154
0.211
0.193
0.209
0.201
0.237
0.214
0.227
0.261
0.247
0.224
0.212
0.233
0.187
0.127
0.156
0.212
0.224
0.211
0.188
0.159
0.174
0.245
0.319
0.258
0.241
0.238
0.240
0.269
0.281
0.278
0.237
0.152
0.143
0.148
0.173
0.212
0.228
0.221
0.221
0.256
0.256
0.266
0.292
0.341
0.327
0.316
0.236
0.298
0.390
0.447
0.431
0.459
0.420
0.384
0.383
0.363
0.357
0.358
0.335
0.432
0.496
0.669
0.659
0.651
0.549
0.469
0.491
0.469
0.422
0.397
0.434
0.399
0.409
0.409
0.395
0.354
0.398
0.440
0.509
0.396
0.478
0.391
0.372
0.423
0.493
0.641
0.611
0.674
0.686
0.751
0.697
0.668
0.684
0.692
0.848
0.903
0.880
0.869
0.860
0.855
0.852
0.888
0.834
0.705
0.710
0.677
0.739
0.832
0.950
0.911
0.912
0.927
0.886
0.888
0.892
0.850
0.881
0.913
0.937
0.939
0.948
0.954
0.937
0.891
0.949
0.928
0.928
0.944
0.954
0.964
0.968
0.971
0.958
0.924
0.928
0.929
0.950
0.928
0.962
0.961
0.949
0.955
0.955
0.875
0.870
0.915
0.933
0.880
0.941
0.917
0.845
0.940
0.963
0.937
0.939
0.901
0.879
0.949
0.885
0.840
0.799
0.830
0.867
0.872
0.823
0.808
0.863
0.878
0.849
0.875
0.880
0.880
0.893
0.922
0.919
0.902
0.878
0.862
0.875
0.837
0.801
0.730
0.712
0.856
0.807
0.687
0.644
0.685
0.643
0.565
0.526
0.536
0.579
0.407
0.536
0.395
0.474
0.417
0.398
0.389
0.419
0.443
0.444
0.445
0.432
0.403
0.322
0.387
0.392
0.372
0.378
0.393
0.362
0.347
0.451
0.514
0.450
0.392
0.399
0.475
0.489
0.381
0.309
0.349
0.391
0.408
0.374
0.362
0.391
0.330
0.333
0.330
0.345
0.353
0.388
0.496
0.403
0.326
0.351
0.360
0.383
0.277
0.405
0.626
0.503
0.459
0.414
0.435
0.468
0.448
0.460
0.464
0.435
0.289
0.330
0.352
0.361
0.341
0.318
0.283
0.269
0.283
0.295
0.320
0.370
0.395
0.411
0.437
0.449
0.399
0.384
0.360
0.379
0.430
0.456
0.495
0.462
0.436
0.442
0.443
0.363
0.335
0.319
0.396
0.389
0.405
0.394
0.292
0.370
0.292
0.228
0.215
0.230
0.302
0.297
0.283
0.222
0.220
0.202
0.252
0.287
0.269
0.274
0.497
0.387
0.296
0.271
0.291
0.243
0.233
0.278
0.386
0.337
0.275
0.541
0.497
0.478
0.497
0.501
0.479
0.431
0.314
0.312
0.277
0.251
0.266
0.262
0.248
0.273
0.265
0.234
0.260
0.269
0.439
0.369
0.258
0.210
0.187
0.178
0.171
0.148
0.171
0.258
0.253
0.266
0.420
0.355
0.203
0.155
0.137
0.152
0.180
0.235
0.308
0.236
0.155
0.139
0.147
0.116
0.120
0.105
0.109
0.109
0.118
0.151
0.144
0.090
0.084
0.089
0.112
0.161
0.226
0.193
0.170
0.151
0.142
0.166
0.179
0.157
0.145
0.177
0.240
0.256
0.185
0.203
0.225
0.218
0.236
0.220
0.138
0.127
0.120
0.148
0.143
0.121
0.113
0.144
0.194
0.256
0.267
0.273
0.322
0.308
0.297
0.288
0.266
0.323
0.310
0.318
0.361
0.361
0.297
0.348
0.386
0.488
0.392
0.302
0.270
0.256
0.279
0.284
0.387
0.380
0.300
0.259
0.200
0.330
0.545
0.535
0.489
0.486
0.449
0.395
0.382
0.395
0.424
0.426
0.409
0.529
0.676
0.673
0.555
0.560
0.559
0.650
0.621
0.530
0.491
0.716
0.819
0.773
0.808
0.740
0.759
0.841
0.912
0.955
0.938
0.919
0.915
0.950
0.967
0.961
0.942
0.956
0.964
0.882
0.890
0.907
0.901
0.853
0.852
0.808
0.778
0.783
0.771
0.733
0.663
0.695
0.802
0.824
0.859
0.877
0.867
0.891
0.862
0.864
0.899
0.928
0.936
0.941
0.940
0.950
0.963
0.943
0.920
0.920
0.929
0.949
0.946
0.905
0.912
0.924
0.898
0.862
0.850
0.955
0.916
0.913
0.852
0.827
0.818
0.920
0.923
0.949
0.938
0.917
0.889
0.919
0.918
0.905
0.923
0.956
0.954
0.892
0.865
0.854
0.865
0.792
0.861
0.820
0.800
0.800
0.770
0.804
0.869
0.906
0.891
0.927
0.931
0.858
0.832
0.901
0.900
0.883
0.753
0.737
0.640
0.687
0.609
0.514
0.468
0.503
0.436
0.515
0.487
0.455
0.381
0.504
0.426
0.278
0.287
0.318
0.328
0.293
0.276
0.289
0.355
0.371
0.330
0.346
0.334
0.300
0.317
0.296
0.312
0.325
0.389
0.429
0.397
0.476
0.588
0.425
0.380
0.323
0.351
0.368
0.350
0.429
0.350
0.315
0.268
0.226
0.237
0.248
0.285
0.277
0.226
0.218
0.232
0.237
0.240
0.228
0.269
0.289
0.349
0.373
0.346
0.345
0.436
0.466
0.412
0.375
0.371
0.366
0.334
0.318
0.417
0.461
0.447
0.531
0.495
0.453
0.428
0.334
0.344
0.329
0.313
0.331
0.251
0.268
0.328
0.474
0.410
0.327
0.311
0.339
0.335
0.313
0.282
0.302
0.328
0.396
0.381
0.393
0.364
0.372
0.404
0.400
0.391
0.404
0.354
0.305
0.251
0.273
0.270
0.398
0.378
0.331
0.251
0.279
0.309
0.204
0.232
0.242
0.383
0.315
0.298
0.339
0.303
0.221
0.195
0.504
0.363
0.260
0.324
0.406
0.317
0.273
0.205
0.219
0.143
0.153
0.173
0.240
0.233
0.173
0.131
0.131
0.120
0.126
0.230
0.300
0.305
0.213
0.127
0.099
0.096
0.104
0.114
0.118
0.129
0.163
0.206
0.143
0.144
0.128
0.110
0.123
0.180
0.172
0.191
0.248
0.201
0.198
0.170
0.141
0.152
0.181
0.154
0.101
0.281
0.403
0.318
0.231
0.168
0.170
0.155
0.246
0.236
0.291
0.356
0.365
0.402
0.387
0.244
0.278
0.176
0.182
0.162
0.145
0.163
0.206
0.192
0.174
0.195
0.184
0.136
0.147
0.157
0.114
0.143
0.120
0.112
0.113
0.121
0.152
0.170
0.203
0.227
0.170
0.218
0.259
0.306
0.288
0.369
0.382
0.345
0.341
0.352
0.326
0.290
0.308
0.304
0.292
0.336
0.394
0.374
0.397
0.387
0.392
0.376
0.328
0.275
0.267
0.269
0.289
0.300
0.313
0.312
0.332
0.353
0.376
0.339
0.389
0.452
0.613
0.638
0.586
0.830
0.842
0.744
0.820
0.756
0.811
0.846
0.758
0.861
0.717
0.650
0.844
0.742
0.623
0.607
0.570
0.704
0.797
0.864
0.748
0.786
0.896
0.887
0.866
0.867
0.820
0.816
0.725
0.797
0.776
0.877
0.945
0.961
0.896
0.876
0.844
0.808
0.793
0.725
0.733
0.776
0.748
0.693
0.634
0.594
0.620
0.758
0.888
0.945
0.909
0.903
0.889
0.883
0.870
0.907
0.895
0.885
0.912
0.925
0.889
0.949
0.935
0.934
0.916
0.951
0.929
0.933
0.911
0.893
0.853
0.891
0.869
0.810
0.757
0.779
0.799
0.763
0.921
0.935
0.930
0.848
0.770
0.764
0.720
0.640
0.604
0.711
0.794
0.887
0.905
0.926
0.862
0.795
0.849
0.895
0.853
0.889
0.878
0.945
0.907
0.922
0.946
0.939
0.913
0.896
0.868
0.818
0.768
0.781
0.767
0.745
0.739
0.706
0.719
0.704
0.690
0.663
0.666
0.732
0.640
0.678
0.735
0.709
0.638
0.469
0.383
0.336
0.309
0.321
0.352
0.336
0.355
0.307
0.299
0.295
0.315
0.315
0.285
0.247
0.278
0.278
0.341
0.364
0.376
0.325
0.298
0.291
0.294
0.244
0.217
0.207
0.280
0.269
0.281
0.301
0.372
0.400
0.392
0.370
0.331
0.330
0.311
0.538
0.768
0.671
0.461
0.424
0.385
0.363
0.301
0.285
0.284
0.310
0.369
0.498
0.388
0.339
0.231
0.273
0.278
0.311
0.352
0.333
0.309
0.317
0.339
0.386
0.397
0.406
0.339
0.331
0.374
0.282
0.248
0.377
0.444
0.484
0.452
0.326
0.290
0.246
0.278
0.364
0.334
0.315
0.285
0.308
0.356
0.387
0.316
0.422
0.462
0.485
0.699
0.667
0.655
0.613
0.512
0.451
0.492
0.471
0.393
0.383
0.380
0.383
0.427
0.358
0.269
0.265
0.248
0.235
0.373
0.258
0.252
0.265
0.179
0.206
0.280
0.233
0.206
0.200
0.369
0.346
0.241
0.229
0.229
0.225
0.274
0.305
0.246
0.298
0.323
0.265
0.252
0.234
0.225
0.219
0.224
0.241
0.185
0.198
0.301
0.239
0.231
0.204
0.199
0.192
0.120
0.170
0.195
0.155
0.194
0.205
0.190
0.150
0.141
0.114
0.115
0.190
0.199
0.135
0.143
0.169
0.175
0.214
0.264
0.264
0.202
0.184
0.176
0.164
0.244
0.295
0.258
0.179
0.184
0.173
0.135
0.167
0.133
0.124
0.329
0.254
0.228
0.244
0.171
0.127
0.098
0.078
0.113
0.159
0.155
0.102
0.075
0.063
0.092
0.221
0.270
0.187
0.105
0.094
0.101
0.065
0.076
0.077
0.091
0.170
0.183
0.175
0.235
0.245
0.260
0.227
0.163
0.135
0.180
0.284
0.313
0.323
0.324
0.352
0.360
0.328
0.375
0.356
0.392
0.282
0.289
0.311
0.296
0.319
0.334
0.326
0.314
0.336
0.373
0.381
0.383
0.385
0.417
0.424
0.408
0.383
0.347
0.349
0.382
0.369
0.371
0.406
0.378
0.358
0.400
0.423
0.405
0.383
0.381
0.361
0.495
0.452
0.430
0.497
0.492
0.521
0.634
0.853
0.714
0.655
0.643
0.671
0.735
0.795
0.676
0.651
0.573
0.565
0.834
0.838
0.795
0.804
0.857
0.931
0.878
0.901
0.905
0.881
0.876
0.853
0.902
0.931
0.953
0.939
0.944
0.940
0.927
0.931
0.929
0.899
0.900
0.892
0.902
0.857
0.842
0.836
0.899
0.844
0.806
0.870
0.916
0.838
0.939
0.963
0.923
0.841
0.829
0.790
0.774
0.751
0.800
0.816
0.752
0.745
0.716
0.714
0.803
0.891
0.940
0.953
0.915
0.889
0.878
0.926
0.951
0.934
0.915
0.912
0.929
0.860
0.839
0.839
0.804
0.779
0.750
0.751
0.723
0.747
0.703
0.612
0.633
0.577
0.578
0.555
0.497
0.608
0.628
0.626
0.591
0.530
0.498
0.570
0.470
0.547
0.726
0.844
0.931
0.780
0.755
0.725
0.771
0.669
0.559
0.484
0.499
0.473
0.384
0.431
0.408
0.374
0.331
0.367
0.357
0.301
0.254
0.229
0.269
0.311
0.299
0.317
0.287
0.278
0.250
0.234
0.254
0.255
0.303
0.330
0.368
0.386
0.404
0.421
0.671
0.811
0.915
0.855
0.814
0.914
0.939
0.813
0.764
0.749
0.694
0.599
0.598
0.641
0.682
0.588
0.476
0.549
0.529
0.450
0.448
0.515
0.563
0.539
0.556
0.573
0.567
0.528
0.492
0.497
0.521
0.449
0.474
0.475
0.483
0.463
0.460
0.736
0.667
0.673
0.731
0.653
0.627
0.470
0.498
0.496
0.480
0.460
0.520
0.654
0.638
0.517
0.352
0.391
0.444
0.470
0.393
0.323
0.442
0.425
0.426
0.399
0.453
0.596
0.346
0.408
0.478
0.411
0.411
0.369
0.306
0.280
0.282
0.280
0.274
0.298
0.349
0.316
0.328
0.311
0.357
0.359
0.366
0.392
0.313
0.438
0.444
0.366
0.377
0.369
0.312
0.386
0.268
0.500
0.490
0.403
0.271
0.212
0.148
0.162
0.210
0.185
0.208
0.194
0.331
0.330
0.314
0.307
0.236
0.218
0.168
0.167
0.193
0.266
0.300
0.345
0.370
0.404
0.246
0.211
0.183
0.244
0.253
0.097
0.107
0.168
0.194
0.158
0.147
0.149
0.155
0.121
0.120
0.144
0.219
0.261
0.268
0.257
0.167
0.164
0.183
0.317
0.352
0.348
0.288
0.205
0.134
0.098
0.097
0.096
0.120
0.193
0.203
0.190
0.197
0.240
0.162
0.157
0.154
0.232
0.291
0.311
0.297
0.265
0.194
0.149
0.212
0.242
0.224
0.232
0.227
0.191
0.258
0.261
0.276
0.282
0.249
0.248
0.246
0.199
0.214
0.192
0.182
0.225
0.246
0.280
0.273
0.279
0.249
0.189
0.125
0.182
0.244
0.300
0.275
0.277
0.283
0.413
0.445
0.458
0.397
0.345
0.317
0.343
0.449
0.535
0.466
0.475
0.463
0.520
0.484
0.432
0.290
0.224
0.219
0.240
0.372
0.710
0.829
0.691
0.578
0.457
0.523
0.556
0.510
0.535
0.522
0.509
0.551
0.482
0.565
0.683
0.629
0.600
0.633
0.641
0.768
0.856
0.794
0.819
0.846
0.827
0.824
0.880
0.821
0.816
0.761
0.753
0.916
0.861
0.780
0.757
0.703
0.742
0.811
0.863
0.894
0.937
0.844
0.841
0.812
0.797
0.849
0.901
0.927
0.933
0.923
0.944
0.934
0.935
0.944
0.953
0.925
0.896
0.910
0.893
0.874
0.871
0.863
0.856
0.855
0.885
0.926
0.890
0.904
0.894
0.906
0.888
0.871
0.915
0.926
0.899
0.911
0.939
0.932
0.930
0.914
0.911
0.934
0.932
0.943
0.960
0.938
0.959
0.928
0.932
0.936
0.930
0.944
0.941
0.895
0.902
0.868
0.801
0.786
0.811
0.774
0.815
0.794
0.790
0.669
0.604
0.538
0.638
0.554
0.506
0.517
0.539
0.452
0.437
0.448
0.477
0.434
0.452
0.476
0.559
0.693
0.608
0.480
0.469
0.394
0.638
0.679
0.756
0.786
0.655
0.642
0.630
0.451
0.420
0.492
0.485
0.450
0.389
0.467
0.410
0.379
0.407
0.420
0.498
0.428
0.332
0.360
0.500
0.660
0.618
0.615
0.765
0.805
0.792
0.746
0.776
0.721
0.701
0.805
0.712
0.641
0.873
0.823
0.847
0.873
0.794
0.829
0.807
0.705
0.674
0.631
0.670
0.611
0.558
0.508
0.477
0.444
0.527
0.596
0.609
0.495
0.398
0.420
0.388
0.342
0.341
0.315
0.297
0.304
0.311
0.267
0.350
0.326
0.367
0.354
0.385
0.380
0.386
0.385
0.539
0.401
0.286
0.346
0.378
0.395
0.369
0.311
0.306
0.240
0.279
0.354
0.307
0.288
0.306
0.469
0.562
0.245
0.187
0.273
0.333
0.319
0.263
0.307
0.344
0.351
0.387
0.344
0.381
0.374
0.418
0.384
0.395
0.365
0.308
0.223
0.235
0.244
0.267
0.387
0.474
0.363
0.301
0.252
0.300
0.298
0.330
0.418
0.522
0.324
0.482
0.300
0.318
0.361
0.271
0.239
0.233
0.238
0.248
0.257
0.307
0.304
0.291
0.279
0.291
0.285
0.210
0.202
0.191
0.225
0.202
0.186
0.195
0.143
0.139
0.137
0.110
0.113
0.141
0.150
0.225
0.216
0.221
0.240
0.195
0.166
0.136
0.095
0.124
0.143
0.194
0.180
0.197
0.205
0.224
0.121
0.126
0.124
0.171
0.194
0.182
0.160
0.188
0.253
0.207
0.227
0.202
0.214
0.296
0.218
0.175
0.097
0.122
0.149
0.178
0.124
0.096
0.099
0.112
0.128
0.178
0.224
0.181
0.215
0.290
0.353
0.392
0.316
0.321
0.322
0.303
0.271
0.308
0.328
0.353
0.334
0.305
0.300
0.240
0.273
0.322
0.430
0.465
0.502
0.470
0.409
0.353
0.382
0.321
0.335
0.338
0.353
0.394
0.409
0.452
0.417
0.420
0.374
0.333
0.354
0.456
0.466
0.453
0.485
0.603
0.681
0.678
0.705
0.650
0.670
0.679
0.815
0.771
0.758
0.781
0.908
0.935
0.936
0.887
0.911
0.942
0.956
0.916
0.862
0.864
0.852
0.873
0.913
0.937
0.886
0.925
0.959
0.960
0.947
0.935
0.959
0.959
0.952
0.946
0.949
0.957
0.955
0.936
0.939
0.940
0.969
0.965
0.961
0.901
0.898
0.944
0.956
0.951
0.955
0.944
0.928
0.945
0.970
0.941
0.955
0.955
0.957
0.972
0.967
0.959
0.965
0.952
0.955
0.965
0.949
0.927
0.925
0.947
0.944
0.932
0.917
0.938
0.969
0.970
0.963
0.962
0.951
0.956
0.952
0.940
0.960
0.959
0.970
0.955
0.943
0.929
0.910
0.961
0.915
0.955
0.954
0.945
0.906
0.884
0.933
0.938
0.933
0.916
0.913
0.938
0.900
0.921
0.918
0.879
0.890
0.909
0.876
0.836
0.823
0.765
0.742
0.765
0.784
0.746
0.705
0.618
0.613
0.599
0.558
0.552
0.494
0.440
0.438
0.360
0.378
0.412
0.626
0.525
0.390
0.333
0.350
0.300
0.337
0.366
0.348
0.328
0.321
0.341
0.351
0.350
0.352
0.365
0.324
0.300
0.270
0.277
0.340
0.400
0.367
0.351
0.324
0.300
0.341
0.380
0.330
0.273
0.270
0.311
0.310
0.306
0.300
0.304
0.320
0.410
0.441
0.456
0.472
0.469
0.432
0.400
0.268
0.208
0.218
0.320
0.396
0.470
0.416
0.384
0.399
0.404
0.353
0.209
0.206
0.291
0.322
0.291
0.281
0.291
0.331
0.330
0.369
0.342
0.310
0.305
0.314
0.340
0.292
0.328
0.302
0.321
0.366
0.431
0.623
0.621
0.610
0.492
0.389
0.585
0.502
0.309
0.455
0.345
0.296
0.311
0.291
0.226
0.251
0.423
0.494
0.354
0.339
0.394
0.263
0.297
0.357
0.362
0.400
0.424
0.484
0.421
0.439
0.415
0.444
0.234
0.262
0.238
0.309
0.458
0.387
0.336
0.172
0.156
0.168
0.152
0.169
0.315
0.335
0.272
0.257
0.371
0.260
0.246
0.214
0.213
0.265
0.246
0.182
0.148
0.166
0.169
0.160
0.134
0.255
0.344
0.373
0.283
0.233
0.243
0.211
0.220
0.073
0.102
0.122
0.168
0.237
0.140
0.142
0.132
0.164
0.151
0.154
0.157
0.106
0.065
0.066
0.065
0.076
0.085
0.127
0.171
0.155
0.143
0.200
0.202
0.149
0.146
0.181
0.199
0.232
0.241
0.232
0.146
0.197
0.220
0.224
0.274
0.279
0.264
0.191
0.206
0.266
0.288
0.510
0.473
0.286
0.199
0.321
0.251
0.221
0.188
0.192
0.222
0.240
0.246
0.268
0.278
0.303
0.368
0.387
0.386
0.312
0.287
0.287
0.274
0.323
0.356
0.348
0.314
0.254
0.288
0.269
0.278
0.269
0.302
0.334
0.307
0.325
0.289
0.298
0.303
0.305
0.307
0.325
0.368
0.378
0.401
0.438
0.442
0.393
0.524
0.507
0.517
0.546
0.546
0.539
0.524
0.605
0.837
0.743
0.682
0.694
0.608
0.579
0.582
0.539
0.556
0.567
0.647
0.634
0.591
0.613
0.620
0.640
0.620
0.664
0.649
0.693
0.884
0.942
0.940
0.924
0.923
0.906
0.970
0.968
0.923
0.932
0.949
0.934
0.882
0.920
0.965
0.940
0.920
0.888
0.939
0.957
0.960
0.956
0.951
0.958
0.949
0.965
0.964
0.965
0.956
0.962
0.967
0.946
0.946
0.922
0.951
0.971
0.967
0.963
0.975
0.970
0.973
0.971
0.967
0.965
0.946
0.962
0.940
0.944
0.973
0.937
0.900
0.932
0.953
0.948
0.941
0.940
0.921
0.912
0.940
0.951
0.945
0.939
0.932
0.949
0.972
0.954
0.929
0.936
0.904
0.973
0.970
0.950
0.950
0.956
0.893
0.898
0.911
0.870
0.889
0.934
0.945
0.926
0.938
0.921
0.864
0.803
0.649
0.654
0.640
0.621
0.625
0.538
0.796
0.823
0.719
0.654
0.646
0.541
0.512
0.464
0.453
0.485
0.501
0.490
0.435
0.387
0.374
0.357
0.419
0.413
0.484
0.425
0.432
0.305
0.325
0.304
0.325
0.275
0.304
0.347
0.321
0.319
0.321
0.304
0.294
0.291
0.290
0.242
0.274
0.321
0.388
0.335
0.325
0.338
0.287
0.225
0.260
0.245
0.269
0.312
0.331
0.354
0.324
0.295
0.286
0.359
0.337
0.306
0.312
0.312
0.360
0.370
0.409
0.285
0.301
0.278
0.290
0.313
0.334
0.390
0.438
0.369
0.297
0.508
0.420
0.420
0.379
0.380
0.376
0.338
0.282
0.307
0.244
0.234
0.238
0.275
0.308
0.318
0.338
0.336
0.389
0.363
0.302
0.369
0.319
0.291
0.279
0.232
0.202
0.247
0.226
0.253
0.251
0.334
0.475
0.452
0.369
0.316
0.426
0.310
0.320
0.246
0.291
0.359
0.380
0.312
0.274
0.298
0.271
0.227
0.250
0.350
0.360
0.342
0.338
0.473
0.568
0.429
0.361
0.269
0.317
0.326
0.386
0.450
0.411
0.379
0.516
0.388
0.352
0.336
0.279
0.301
0.299
0.303
0.282
0.310
0.273
0.219
0.264
0.190
0.153
0.149
0.108
0.099
0.095
0.121
0.123
0.120
0.141
0.171
0.223
0.171
0.192
0.197
0.192
0.303
0.342
0.238
0.226
0.190
0.137
0.187
0.234
0.292
0.158
0.161
0.252
0.296
0.257
0.255
0.196
0.158
0.204
0.279
0.247
0.147
0.130
0.199
0.185
0.206
0.235
0.183
0.213
0.158
0.161
0.214
0.292
0.308
0.403
0.318
0.396
0.393
0.286
0.244
0.259
0.225
0.213
0.160
0.186
0.183
0.199
0.157
0.119
0.226
0.288
0.300
0.285
0.288
0.249
0.164
0.234
0.273
0.282
0.324
0.266
0.274
0.286
0.316
0.292
0.294
0.269
0.271
0.274
0.288
0.347
0.389
0.394
0.410
0.440
0.415
0.357
0.354
0.379
0.398
0.422
0.518
0.515
0.559
0.559
0.598
0.817
0.836
0.761
0.822
0.779
0.775
0.829
0.824
0.899
0.901
0.850
0.802
0.798
0.855
0.794
0.885
0.836
0.903
0.894
0.840
0.847
0.782
0.815
0.960
0.973
0.967
0.959
0.938
0.937
0.939
0.948
0.936
0.969
0.935
0.938
0.952
0.955
0.947
0.953
0.959
0.959
0.957
0.948
0.962
0.959
0.949
0.972
0.968
0.943
0.963
0.962
0.945
0.961
0.973
0.962
0.946
0.953
0.907
0.955
0.915
0.959
0.965
0.966
0.964
0.959
0.967
0.961
0.948
0.930
0.939
0.932
0.934
0.955
0.967
0.968
0.975
0.978
0.971
0.913
0.884
0.886
0.902
0.910
0.917
0.907
0.931
0.934
0.933
0.933
0.898
0.924
0.921
0.840
0.747
0.766
0.765
0.764
0.796
0.785
0.858
0.772
0.676
0.563
0.588
0.879
0.973
0.976
0.962
0.954
0.879
0.876
0.922
0.944
0.951
0.941
0.943
0.946
0.920
0.943
0.907
0.939
0.939
0.948
0.928
0.921
0.907
0.858
0.872
0.809
0.724
0.635
0.617
0.596
0.519
0.470
0.485
0.508
0.600
0.768
0.636
0.533
0.484
0.493
0.551
0.505
0.547
0.515
0.498
0.497
0.505
0.538
0.509
0.577
0.579
0.473
0.423
0.407
0.457
0.473
0.376
0.305
0.351
0.382
0.290
0.265
0.287
0.327
0.376
0.399
0.420
0.307
0.291
0.298
0.343
0.334
0.361
0.415
0.525
0.571
0.393
0.271
0.307
0.306
0.296
0.308
0.345
0.314
0.339
0.367
0.366
0.267
0.300
0.327
0.428
0.304
0.282
0.307
0.417
0.488
0.541
0.521
0.527
0.446
0.527
0.559
0.696
0.571
0.653
0.514
0.619
0.422
0.313
0.379
0.453
0.514
0.422
0.523
0.417
0.449
0.493
0.392
0.516
0.462
0.362
0.455
0.512
0.511
0.608
0.560
0.541
0.550
0.488
0.370
0.328
0.235
0.252
0.294
0.305
0.348
0.352
0.385
0.384
0.350
0.342
0.421
0.336
0.286
0.321
0.286
0.417
0.563
0.614
0.443
0.332
0.245
0.233
0.297
0.477
0.487
0.479
0.445
0.580
0.449
0.401
0.371
0.282
0.220
0.245
0.347
0.439
0.372
0.374
0.369
0.476
0.437
0.439
0.285
0.220
0.252
0.233
0.206
0.189
0.285
0.119
0.096
0.131
0.274
0.279
0.305
0.217
0.224
0.235
0.236
0.175
0.227
0.230
0.222
0.232
0.240
0.178
0.167
0.167
0.228
0.165
0.170
0.149
0.154
0.177
0.234
0.248
0.213
0.228
0.240
0.298
0.299
0.244
0.185
0.144
0.147
0.146
0.169
0.190
0.179
0.138
0.198
0.201
0.198
0.198
0.225
0.274
0.285
0.230
0.187
0.126
0.156
0.245
0.315
0.338
0.314
0.340
0.342
0.329
0.335
0.230
0.167
0.169
0.144
0.207
0.277
0.245
0.252
0.285
0.232
0.274
0.293
0.295
0.320
0.319
0.259
0.205
0.279
0.312
0.271
0.266
0.286
0.276
0.378
0.441
0.428
0.458
0.526
0.569
0.563
0.582
0.520
0.522
0.530
0.537
0.602
0.592
0.537
0.547
0.504
0.468
0.418
0.461
0.467
0.457
0.539
0.604
0.532
0.497
0.461
0.519
0.540
0.576
0.627
0.673
0.693
0.719
0.840
0.836
0.896
0.881
0.934
0.953
0.938
0.879
0.900
0.969
0.967
0.947
0.946
0.924
0.937
0.898
0.898
0.931
