20000101
0.266
0.256
0.268
0.254
0.280
0.302
0.344
0.314
0.332
0.362
0.280
0.341
0.352
0.313
0.250
0.365
0.308
0.329
0.343
0.201
0.266
0.518
0.495
0.449
0.319
0.316
0.289
0.288
0.207
0.167
0.170
0.413
0.474
0.503
0.513
0.535
0.285
0.295
0.268
0.204
0.219
0.361
0.258
0.318
0.267
0.292
0.291
0.145
0.115
0.134
0.199
0.256
0.329
0.370
0.390
0.286
0.259
0.110
0.117
0.143
0.151
0.185
0.230
0.185
0.190
0.173
0.244
0.139
0.101
0.082
0.192
0.273
0.349
0.268
0.080
0.195
0.290
0.218
0.062
0.050
0.077
0.138
0.152
0.110
0.097
0.102
0.083
0.064
0.082
0.101
0.093
0.123
0.091
0.082
0.095
0.138
0.115
0.098
0.107
0.104
0.089
0.111
0.087
0.145
0.201
0.255
0.220
0.124
0.123
0.110
0.112
0.118
0.200
0.272
0.244
0.260
0.278
0.285
0.207
0.213
0.197
0.131
0.146
0.144
0.152
0.148
0.150
0.187
0.258
0.329
0.309
0.334
0.407
0.408
0.403
0.405
0.454
0.438
0.535
0.616
0.707
0.570
0.489
0.460
0.395
0.392
0.385
0.358
0.323
0.406
0.443
0.518
0.514
0.394
0.330
0.461
0.411
0.319
0.437
0.557
0.566
0.411
0.381
0.410
0.530
0.531
0.485
0.428
0.408
0.385
0.420
0.437
0.481
0.455
0.476
0.514
0.499
0.489
0.469
0.521
0.480
0.499
0.597
0.756
0.756
0.705
0.620
0.590
0.707
0.769
0.820
0.846
0.887
0.953
0.900
0.932
0.893
0.845
0.879
0.927
0.935
0.939
0.920
0.832
0.755
0.686
0.639
0.634
0.575
0.673
0.840
0.819
0.740
0.716
0.644
0.649
0.627
0.551
0.559
0.486
0.511
0.536
0.632
0.732
0.907
0.913
0.925
0.935
0.882
0.862
0.898
0.919
0.946
0.906
0.931
0.879
0.835
0.841
0.860
0.895
0.896
0.901
0.903
0.883
0.869
0.881
0.889
0.919
0.957
0.968
0.895
0.840
0.802
0.759
0.726
0.707
0.652
0.604
0.551
0.529
0.569
0.559
0.578
0.510
0.448
0.480
0.512
0.569
0.554
0.541
0.409
0.483
0.451
0.408
0.415
0.318
0.346
0.361
0.341
0.343
0.345
0.380
0.332
0.385
0.341
0.346
0.486
0.375
0.273
0.147
0.181
0.219
0.267
0.275
0.199
0.188
0.267
0.353
0.314
0.279
0.207
0.167
0.167
0.273
0.305
0.199
0.191
0.244
0.284
0.305
0.270
0.231
0.279
0.266
0.270
0.288
0.311
0.343
0.320
0.250
0.235
0.220
0.228
0.208
0.193
0.200
0.233
0.263
0.303
0.250
0.238
0.281
0.329
0.232
0.199
0.167
0.157
0.154
0.149
0.271
0.226
0.152
0.183
0.255
0.294
0.214
0.215
0.261
0.342
0.291
0.243
0.235
0.300
0.299
0.291
0.275
0.160
0.149
0.186
0.183
0.163
0.177
0.200
0.201
0.223
0.630
0.534
0.361
0.338
0.380
0.381
0.341
0.407
0.277
0.265
0.293
0.402
0.443
0.326
0.264
0.330
0.503
0.360
0.439
0.472
0.355
0.276
0.344
0.252
0.128
0.143
0.126
0.119
0.145
0.187
0.239
0.260
0.216
0.208
0.181
0.194
0.120
0.137
0.139
0.118
0.101
0.121
0.159
0.157
0.147
0.211
0.193
0.195
0.175
0.159
0.215
0.188
0.165
0.090
0.114
0.189
0.236
0.311
0.269
0.174
0.154
0.106
0.171
0.180
0.187
0.094
0.092
0.107
0.167
0.201
0.322
0.308
0.269
0.253
0.185
0.172
0.197
0.134
0.163
0.221
0.278
0.256
0.211
0.205
0.242
0.207
0.195
0.278
0.230
0.196
0.121
0.122
0.098
0.089
0.115
0.137
0.074
0.067
0.073
0.085
0.132
0.171
0.214
0.201
0.157
0.146
0.242
0.265
0.298
0.263
0.213
0.121
0.095
0.092
0.106
0.114
0.101
0.127
0.141
0.159
0.197
0.170
0.143
0.154
0.203
0.193
0.217
0.192
0.204
0.252
0.272
0.266
0.279
0.259
0.276
0.322
0.352
0.341
0.384
0.439
0.418
0.424
0.386
0.248
0.221
0.370
0.431
0.350
0.349
0.400
0.473
0.621
0.571
0.563
0.552
0.561
0.627
0.575
0.547
0.553
0.541
0.538
0.504
0.528
0.573
0.728
0.779
0.904
0.845
0.783
0.774
0.875
0.690
0.620
0.585
0.551
0.541
0.562
0.634
0.548
0.593
0.586
0.756
0.914
0.927
0.855
0.800
0.748
0.677
0.755
0.763
0.897
0.881
0.871
0.833
0.827
0.835
0.876
0.910
0.907
0.882
0.882
0.951
0.881
0.945
0.878
0.877
0.842
0.801
0.820
0.818
0.782
0.772
0.734
0.847
0.687
0.642
0.869
0.822
0.898
0.872
0.844
0.859
0.845
0.914
0.894
0.877
0.898
0.918
0.940
0.925
0.788
0.811
0.836
0.854
0.833
0.871
0.865
0.808
0.766
0.771
0.751
0.733
0.683
0.790
0.783
0.721
0.669
0.727
0.667
0.776
0.686
0.623
0.643
0.679
0.683
0.681
0.589
0.599
0.646
0.635
0.605
0.544
0.605
0.431
0.423
0.395
0.381
0.471
0.466
0.380
0.235
0.203
0.300
0.566
0.704
0.769
0.847
0.787
0.699
0.552
0.627
0.685
0.663
0.733
0.850
0.598
0.579
0.675
0.378
0.324
0.268
0.245
0.274
0.291
0.340
0.260
0.264
0.272
0.240
0.250
0.232
0.316
0.326
0.337
0.307
0.276
0.284
0.305
0.254
0.254
0.305
0.346
0.258
0.240
0.236
0.230
0.226
0.195
0.226
0.302
0.371
0.279
0.180
0.220
0.215
0.222
0.233
0.220
0.211
0.217
0.217
0.209
0.195
0.227
0.243
0.240
0.264
0.333
0.347
0.244
0.258
0.281
0.364
0.303
0.360
0.363
0.326
0.318
0.348
0.359
0.336
0.283
0.267
0.330
0.318
0.241
0.276
0.274
0.260
0.293
0.349
0.327
0.343
0.363
0.286
0.177
0.216
0.216
0.235
0.257
0.422
0.397
0.284
0.281
0.271
0.272
0.219
0.189
0.249
0.418
0.507
0.371
0.328
0.455
0.589
0.469
0.455
0.476
0.323
0.332
0.476
0.326
0.204
0.208
0.201
0.215
0.249
0.283
0.205
0.228
0.288
0.206
0.213
0.137
0.153
0.497
0.637
0.444
0.372
0.357
0.313
0.292
0.381
0.476
0.373
0.306
0.237
0.223
0.239
0.306
0.190
0.192
0.171
0.177
0.211
0.188
0.246
0.154
0.142
0.142
0.157
0.277
0.319
0.259
0.195
0.181
0.206
0.379
0.387
0.215
0.154
0.138
0.100
0.092
0.136
0.182
0.158
0.212
0.250
0.258
0.168
0.090
0.082
0.067
0.071
0.134
0.231
0.073
0.148
0.185
0.163
0.305
0.319
0.215
0.155
0.123
0.130
0.131
0.137
0.216
0.212
0.214
0.180
0.178
0.171
0.172
0.152
0.200
0.181
0.161
0.112
0.032
0.063
0.115
0.130
0.099
0.073
0.071
0.063
0.089
0.132
0.213
0.216
0.306
0.294
0.325
0.335
0.354
0.329
0.303
0.250
0.283
0.305
0.307
0.376
0.378
0.361
0.330
0.259
0.268
0.320
0.359
0.374
0.393
0.386
0.301
0.241
0.299
0.320
0.359
0.357
0.401
0.428
0.380
0.352
0.342
0.312
0.327
0.469
0.530
0.454
0.440
0.478
0.517
0.563
0.591
0.706
0.746
0.647
0.562
0.639
0.792
0.856
0.895
0.887
0.863
0.744
0.635
0.616
0.622
0.548
0.531
0.611
0.651
0.538
0.571
0.539
0.516
0.554
0.561
0.676
0.699
0.655
0.848
0.842
0.932
0.784
0.825
0.818
0.821
0.817
0.821
0.813
0.654
0.700
0.565
0.522
0.550
0.629
0.739
0.762
0.891
0.900
0.910
0.882
0.897
0.925
0.904
0.887
0.906
0.892
0.859
0.938
0.937
0.939
0.935
0.891
0.896
0.853
0.888
0.940
0.939
0.900
0.843
0.819
0.879
0.946
0.936
0.933
0.923
0.948
0.951
0.946
0.871
0.844
0.822
0.823
0.777
0.767
0.722
0.720
0.669
0.682
0.678
0.719
0.816
0.737
0.666
0.592
0.599
0.591
0.633
0.755
0.722
0.645
0.553
0.503
0.436
0.405
0.383
0.325
0.322
0.317
0.350
0.368
0.349
0.354
0.370
0.347
0.320
0.402
0.348
0.371
0.518
0.623
0.598
0.370
0.357
0.354
0.342
0.237
0.266
0.246
0.225
0.260
0.282
0.256
0.288
0.300
0.315
0.345
0.345
0.331
0.332
0.374
0.466
0.343
0.289
0.266
0.444
0.695
0.549
0.394
0.439
0.294
0.267
0.313
0.290
0.341
0.329
0.339
0.317
0.320
0.307
0.333
0.311
0.268
0.245
0.209
0.247
0.256
0.359
0.414
0.292
0.366
0.387
0.331
0.318
0.318
0.334
0.243
0.270
0.258
0.263
0.296
0.315
0.296
0.327
0.420
0.348
0.301
0.334
0.303
0.363
0.362
0.345
0.368
0.372
0.498
0.522
0.474
0.584
0.556
0.513
0.402
0.340
0.504
0.381
0.426
0.641
0.587
0.454
0.483
0.200
0.182
0.178
0.216
0.219
0.237
0.263
0.364
0.344
0.233
0.207
0.245
0.254
0.309
0.363
0.357
0.318
0.350
0.696
0.823
0.632
0.677
0.613
0.450
0.325
0.163
0.237
0.293
0.347
0.312
0.213
0.165
0.212
0.215
0.210
0.439
0.575
0.480
0.227
0.262
0.254
0.271
0.230
0.253
0.293
0.255
0.245
0.246
0.222
0.063
0.073
0.085
0.086
0.087
0.089
0.111
0.126
0.114
0.101
0.098
0.114
0.119
0.164
0.154
0.194
0.151
0.123
0.127
0.135
0.132
0.134
0.119
0.111
0.139
0.162
0.235
0.227
0.134
0.150
0.213
0.286
0.324
0.204
0.262
0.280
0.161
0.179
0.145
0.143
0.167
0.198
0.220
0.212
0.264
0.265
0.247
0.169
0.206
0.144
0.090
0.082
0.150
0.204
0.166
0.118
0.069
0.081
0.095
0.149
0.206
0.250
0.210
0.220
0.212
0.202
0.115
0.078
0.086
0.096
0.107
0.155
0.062
0.144
0.172
0.254
0.331
0.310
0.306
0.290
0.371
0.365
0.281
0.282
0.331
0.279
0.339
0.298
0.224
0.171
0.236
0.273
0.257
0.294
0.396
0.409
0.412
0.364
0.346
0.379
0.414
0.444
0.552
0.456
0.558
0.642
0.655
0.736
0.825
0.785
0.786
0.776
0.802
0.864
0.845
0.796
0.838
0.845
0.813
0.722
0.684
0.754
0.895
0.862
0.883
0.843
0.823
0.836
0.780
0.816
0.810
0.795
0.782
0.808
0.875
0.800
0.785
0.792
0.840
0.823
0.792
0.857
0.882
0.907
0.900
0.937
0.935
0.918
0.909
0.850
0.884
0.897
0.922
0.923
0.912
0.835
0.882
0.899
0.963
0.943
0.906
0.893
0.935
0.889
0.876
0.880
0.908
0.856
0.880
0.861
0.851
0.828
0.852
0.946
0.947
0.944
0.920
0.945
0.927
0.964
0.951
0.941
0.908
0.950
0.918
0.890
0.855
0.855
0.796
0.806
0.900
0.849
0.813
0.811
0.832
0.888
0.904
0.855
0.918
0.887
0.896
0.885
0.915
0.913
0.878
0.878
0.879
0.873
0.922
0.912
0.871
0.800
0.744
0.729
0.615
0.601
0.705
0.785
0.760
0.619
0.645
0.579
0.503
0.512
0.531
0.498
0.504
0.529
0.511
0.440
0.468
0.353
0.361
0.377
0.390
0.348
0.403
0.448
0.458
0.487
0.464
0.532
0.431
0.549
0.496
0.454
0.463
0.405
0.390
0.483
0.458
0.447
0.357
0.323
0.319
0.358
0.369
0.403
0.480
0.518
0.509
0.492
0.439
0.434
0.374
0.405
0.440
0.455
0.497
0.449
0.434
0.499
0.409
0.407
0.388
0.431
0.439
0.419
0.291
0.353
0.344
0.421
0.383
0.405
0.459
0.407
0.322
0.411
0.453
0.487
0.489
0.453
0.376
0.385
0.441
0.428
0.425
0.465
0.381
0.530
0.526
0.402
0.393
0.415
0.517
0.448
0.479
0.476
0.659
0.631
0.491
0.433
0.356
0.343
0.373
0.438
0.368
0.422
0.416
0.355
0.399
0.347
0.375
0.440
0.428
0.413
0.395
0.410
0.596
0.366
0.350
0.518
0.502
0.484
0.436
0.313
0.295
0.275
0.181
0.215
0.225
0.217
0.221
0.268
0.309
0.319
0.365
0.376
0.282
0.245
0.199
0.227
0.308
0.235
0.231
0.192
0.165
0.174
0.182
0.201
0.200
0.189
0.155
0.143
0.155
0.122
0.151
0.154
0.087
0.078
0.078
0.111
0.125
0.129
0.101
0.115
0.106
0.110
0.104
0.093
0.082
0.076
0.081
0.097
0.130
0.175
0.178
0.154
0.180
0.195
0.132
0.132
0.121
0.110
0.126
0.152
0.180
0.162
0.142
0.182
0.178
0.298
0.280
0.267
0.234
0.193
0.186
0.194
0.189
0.238
0.281
0.251
0.297
0.286
0.207
0.233
0.253
0.143
0.105
0.110
0.141
0.209
0.240
0.265
0.257
0.074
0.085
0.099
0.167
0.232
0.281
0.310
0.300
0.365
0.551
0.482
0.504
0.506
0.473
0.398
0.376
0.348
0.291
0.373
0.371
0.392
0.369
0.370
0.343
0.294
0.267
0.215
0.177
0.155
0.205
0.225
0.245
0.250
0.274
0.319
0.378
0.405
0.380
0.479
0.472
0.438
0.431
0.554
0.582
0.722
0.836
0.841
0.808
0.703
0.716
0.613
0.584
0.563
0.564
0.589
0.589
0.585
0.564
0.555
0.623
0.629
0.693
0.692
0.701
0.816
0.815
0.901
0.827
0.745
0.726
0.708
0.623
0.578
0.533
0.548
0.600
0.740
0.762
0.707
0.778
0.698
0.655
0.628
0.604
0.716
0.728
0.812
0.799
0.825
0.888
0.937
0.943
0.926
0.809
0.858
0.885
0.937
0.954
0.933
0.946
0.948
0.953
0.952
0.964
0.958
0.959
0.967
0.947
0.927
0.904
0.906
0.897
0.928
0.961
0.962
0.933
0.873
0.871
0.879
0.857
0.834
0.856
0.873
0.882
0.875
0.850
0.859
0.828
0.725
0.674
0.763
0.812
0.805
0.789
0.797
0.848
0.827
0.804
0.836
0.853
0.871
0.793
0.866
0.814
0.821
0.794
0.841
0.832
0.801
0.673
0.701
0.761
0.720
0.812
0.846
0.853
0.899
0.875
0.757
0.735
0.726
0.822
0.871
0.656
0.605
0.581
0.511
0.497
0.492
0.494
0.453
0.442
0.410
0.404
0.406
0.421
0.411
0.405
0.301
0.339
0.343
0.415
0.376
0.320
0.363
0.417
0.315
0.279
0.336
0.331
0.336
0.323
0.410
0.669
0.683
0.513
0.418
0.379
0.320
0.298
0.375
0.377
0.348
0.350
0.340
0.339
0.407
0.363
0.355
0.380
0.392
0.354
0.361
0.370
0.348
0.335
0.396
0.391
0.401
0.367
0.333
0.314
0.252
0.228
0.265
0.323
0.416
0.382
0.283
0.270
0.281
0.316
0.414
0.553
0.565
0.560
0.407
0.450
0.352
0.406
0.448
0.459
0.352
0.382
0.580
0.471
0.500
0.464
0.491
0.383
0.425
0.314
0.311
0.414
0.441
0.296
0.319
0.349
0.324
0.343
0.365
0.386
0.436
0.285
0.264
0.348
0.326
0.275
0.250
0.377
0.430
0.520
0.623
0.714
0.778
0.593
0.395
0.358
0.404
0.430
0.398
0.506
0.435
0.329
0.310
0.304
0.269
0.303
0.325
0.339
0.422
0.475
0.462
0.348
0.136
0.203
0.245
0.159
0.164
0.142
0.190
0.216
0.279
0.376
0.307
0.274
0.224
0.247
0.237
0.298
0.361
0.633
0.386
0.293
0.264
0.251
0.226
0.173
0.126
0.131
0.108
0.151
0.174
0.191
0.260
0.295
0.206
0.150
0.146
0.216
0.236
0.199
0.091
0.128
0.081
0.071
0.065
0.067
0.077
0.070
0.150
0.196
0.155
0.072
0.047
0.065
0.072
0.142
0.169
0.142
0.141
0.113
0.071
0.067
0.082
0.145
0.199
0.216
0.250
0.210
0.179
0.177
0.213
0.272
0.239
0.224
0.197
0.221
0.271
0.277
0.303
0.300
0.261
0.253
0.212
0.159
0.134
0.156
0.194
0.211
0.213
0.250
0.295
0.202
0.161
0.163
0.230
0.236
0.176
0.179
0.217
0.259
0.267
0.224
0.177
0.165
0.213
0.248
0.276
0.272
0.231
0.288
0.384
0.332
0.293
0.307
0.301
0.358
0.377
0.338
0.403
0.357
0.322
0.369
0.372
0.434
0.473
0.493
0.599
0.695
0.741
0.779
0.913
0.805
0.820
0.866
0.854
0.856
0.846
0.873
0.878
0.887
0.904
0.810
0.786
0.778
0.901
0.775
0.882
0.921
0.817
0.772
0.776
0.784
0.767
0.734
0.700
0.645
0.680
0.859
0.868
0.868
0.964
0.955
0.908
0.872
0.945
0.948
0.950
0.939
0.938
0.956
0.899
0.909
0.903
0.889
0.898
0.847
0.818
0.863
0.843
0.883
0.902
0.897
0.856
0.877
0.854
0.849
0.826
0.840
0.815
0.810
0.792
0.813
0.733
0.765
0.704
0.700
0.550
0.532
0.619
0.749
0.764
0.828
0.837
0.900
0.869
0.905
0.913
0.918
0.935
0.954
0.945
0.921
0.946
0.956
0.933
0.868
0.922
0.950
0.949
0.871
0.881
0.852
0.811
0.816
0.774
0.753
0.687
0.641
0.608
0.515
0.458
0.474
0.506
0.468
0.429
0.401
0.420
0.451
0.433
0.524
0.727
0.605
0.484
0.341
0.448
0.494
0.450
0.463
0.487
0.547
0.516
0.369
0.368
0.338
0.291
0.334
0.361
0.366
0.370
0.345
0.321
0.350
0.364
0.310
0.285
0.322
0.354
0.363
0.407
0.310
0.300
0.344
0.292
0.313
0.275
0.249
0.266
0.258
0.257
0.346
0.411
0.377
0.392
0.399
0.324
0.425
0.511
0.533
0.455
0.427
0.343
0.264
0.273
0.269
0.281
0.314
0.246
0.258
0.285
0.302
0.334
0.317
0.246
0.281
0.317
0.310
0.408
0.388
0.451
0.305
0.335
0.293
0.272
0.440
0.365
0.341
0.411
0.382
0.413
0.472
0.421
0.423
0.381
0.340
0.275
0.278
0.318
0.291
0.299
0.341
0.270
0.290
0.354
0.376
0.336
0.409
0.365
0.368
0.307
0.257
0.285
0.251
0.261
0.241
0.241
0.231
0.211
0.220
0.212
0.208
0.224
0.225
0.225
0.198
0.194
0.215
0.243
0.216
0.185
0.205
0.218
0.179
0.220
0.232
0.231
0.279
0.252
0.252
0.206
0.163
0.144
0.139
0.173
0.187
0.221
0.240
0.264
0.290
0.372
0.451
0.219
0.148
0.153
0.295
0.413
0.774
0.698
0.459
0.365
0.491
0.555
0.440
0.368
0.250
0.267
0.292
0.214
0.174
0.175
0.221
0.214
0.147
0.119
0.126
0.102
0.098
0.106
0.142
0.188
0.166
0.166
0.179
0.205
0.186
0.185
0.219
0.214
0.177
0.175
0.197
0.180
0.113
0.142
0.192
0.190
0.167
0.179
0.139
0.151
0.218
0.275
0.235
0.215
0.194
0.205
0.230
0.230
0.230
0.200
0.134
0.110
0.111
0.137
0.172
0.189
0.187
0.192
0.223
0.214
0.223
0.253
0.294
0.305
0.301
0.236
0.269
0.355
0.414
0.432
0.437
0.412
0.364
0.357
0.337
0.313
0.318
0.307
0.374
0.438
0.616
0.618
0.556
0.498
0.417
0.441
0.436
0.398
0.372
0.430
0.370
0.365
0.372
0.365
0.315
0.363
0.384
0.521
0.414
0.448
0.393
0.350
0.418
0.535
0.677
0.642
0.696
0.669
0.712
0.690
0.656
0.699
0.742
0.841
0.900
0.842
0.799
0.800
0.832
0.840
0.911
0.859
0.693
0.710
0.663
0.717
0.846
0.952
0.937
0.909
0.906
0.872
0.857
0.865
0.819
0.858
0.895
0.919
0.933
0.946
0.925
0.917
0.889
0.944
0.920
0.926
0.947
0.957
0.963
0.969
0.971
0.963
0.936
0.927
0.931
0.955
0.928
0.965
0.959
0.950
0.953
0.957
0.877
0.882
0.910
0.913
0.881
0.937
0.893
0.851
0.942
0.967
0.944
0.942
0.898
0.898
0.945
0.913
0.868
0.827
0.852
0.873
0.878
0.843
0.836
0.884
0.878
0.859
0.873
0.872
0.912
0.895
0.935
0.920
0.902
0.885
0.875
0.863
0.840
0.765
0.717
0.744
0.873
0.822
0.715
0.644
0.675
0.635
0.570
0.507
0.509
0.528
0.418
0.472
0.474
0.517
0.468
0.431
0.405
0.443
0.487
0.494
0.483
0.467
0.407
0.368
0.443
0.445
0.423
0.428
0.437
0.417
0.398
0.612
0.632
0.497
0.433
0.418
0.519
0.565
0.389
0.354
0.387
0.434
0.447
0.407
0.402
0.417
0.360
0.386
0.384
0.378
0.391
0.469
0.552
0.430
0.340
0.365
0.402
0.469
0.441
0.527
0.680
0.497
0.518
0.447
0.435
0.458
0.459
0.491
0.477
0.407
0.332
0.345
0.372
0.359
0.355
0.336
0.312
0.288
0.320
0.322
0.358
0.406
0.427
0.472
0.461
0.460
0.407
0.403
0.382
0.381
0.457
0.439
0.468
0.480
0.477
0.525
0.441
0.372
0.370
0.351
0.449
0.430
0.444
0.424
0.316
0.378
0.318
0.243
0.224
0.255
0.323
0.309
0.290
0.229
0.227
0.212
0.227
0.295
0.248
0.305
0.432
0.396
0.304
0.276
0.291
0.255
0.228
0.243
0.395
0.355
0.302
0.522
0.452
0.498
0.472
0.502
0.439
0.383
0.316
0.319
0.291
0.270
0.253
0.248
0.208
0.230
0.284
0.231
0.245
0.240
0.396
0.358
0.257
0.230
0.196
0.184
0.179
0.143
0.151
0.249
0.254
0.259
0.406
0.340
0.221
0.157
0.138
0.142
0.160
0.222
0.302
0.221
0.151
0.137
0.149
0.116
0.121
0.108
0.105
0.110
0.118
0.140
0.141
0.092
0.085
0.085
0.103
0.138
0.173
0.159
0.145
0.126
0.121
0.137
0.136
0.127
0.127
0.156
0.210
0.188
0.149
0.177
0.187
0.188
0.194
0.196
0.126
0.107
0.101
0.142
0.137
0.110
0.108
0.129
0.159
0.200
0.221
0.233
0.288
0.267
0.266
0.239
0.228
0.280
0.280
0.282
0.333
0.322
0.266
0.304
0.358
0.429
0.362
0.279
0.238
0.229
0.240
0.247
0.398
0.361
0.301
0.238
0.181
0.290
0.498
0.539
0.465
0.459
0.418
0.368
0.348
0.367
0.406
0.396
0.389
0.491
0.695
0.726
0.593
0.551
0.559
0.663
0.655
0.551
0.540
0.740
0.822
0.743
0.774
0.724
0.737
0.823
0.899
0.921
0.923
0.912
0.896
0.949
0.970
0.955
0.945
0.952
0.955
0.864
0.876
0.888
0.883
0.825
0.837
0.783
0.747
0.754
0.742
0.709
0.643
0.703
0.818
0.829
0.878
0.891
0.881
0.878
0.864
0.837
0.884
0.920
0.932
0.943
0.942
0.945
0.969
0.947
0.939
0.932
0.930
0.952
0.950
0.905
0.904
0.916
0.897
0.870
0.863
0.962
0.915
0.914
0.852
0.842
0.841
0.913
0.916
0.948
0.933
0.926
0.904
0.920
0.928
0.909
0.924
0.956
0.960
0.917
0.897
0.873
0.858
0.802
0.857
0.837
0.830
0.800
0.787
0.802
0.866
0.882
0.888
0.929
0.903
0.858
0.831
0.911
0.904
0.896
0.746
0.668
0.619
0.664
0.563
0.523
0.479
0.553
0.461
0.478
0.489
0.424
0.411
0.490
0.445
0.327
0.334
0.362
0.379
0.340
0.306
0.310
0.340
0.368
0.359
0.410
0.364
0.324
0.348
0.330
0.345
0.355
0.445
0.462
0.440
0.470
0.550
0.408
0.452
0.368
0.378
0.427
0.386
0.444
0.359
0.292
0.283
0.247
0.270
0.276
0.330
0.316
0.255
0.241
0.259
0.264
0.262
0.257
0.289
0.311
0.412
0.383
0.376
0.393
0.486
0.514
0.435
0.407
0.404
0.381
0.339
0.350
0.427
0.462
0.448
0.631
0.556
0.521
0.478
0.360
0.368
0.323
0.327
0.344
0.267
0.302
0.353
0.494
0.456
0.403
0.387
0.362
0.362
0.353
0.296
0.335
0.362
0.407
0.394
0.429
0.426
0.407
0.423
0.395
0.412
0.434
0.360
0.303
0.263
0.291
0.280
0.358
0.408
0.365
0.259
0.295
0.307
0.202
0.276
0.240
0.409
0.324
0.307
0.342
0.299
0.231
0.193
0.436
0.396
0.247
0.302
0.424
0.315
0.292
0.215
0.237
0.156
0.150
0.172
0.223
0.227
0.198
0.135
0.140
0.125
0.127
0.205
0.287
0.286
0.214
0.124
0.101
0.100
0.105
0.113
0.111
0.112
0.145
0.176
0.132
0.133
0.129
0.112
0.131
0.177
0.170
0.197
0.255
0.202
0.184
0.159
0.134
0.144
0.150
0.143
0.169
0.403
0.456
0.357
0.277
0.188
0.176
0.121
0.218
0.238
0.235
0.331
0.319
0.312
0.347
0.266
0.280
0.157
0.128
0.136
0.127
0.157
0.180
0.167
0.154
0.154
0.165
0.115
0.120
0.115
0.105
0.136
0.114
0.110
0.103
0.105
0.118
0.128
0.168
0.181
0.141
0.196
0.220
0.259
0.236
0.319
0.360
0.319
0.300
0.314
0.307
0.257
0.274
0.273
0.253
0.294
0.351
0.335
0.354
0.347
0.347
0.341
0.296
0.254
0.219
0.223
0.259
0.271
0.280
0.283
0.322
0.323
0.366
0.325
0.345
0.428
0.584
0.613
0.588
0.839
0.841
0.760
0.776
0.729
0.801
0.810
0.718
0.790
0.671
0.629
0.850
0.751
0.662
0.610
0.577
0.873
0.812
0.852
0.813
0.796
0.891
0.861
0.852
0.858
0.813
0.794
0.705
0.753
0.742
0.842
0.936
0.956
0.873
0.822
0.793
0.752
0.746
0.668
0.655
0.682
0.702
0.653
0.606
0.572
0.603
0.743
0.894
0.941
0.891
0.932
0.892
0.883
0.851
0.894
0.882
0.870
0.885
0.927
0.906
0.943
0.903
0.879
0.905
0.943
0.919
0.927
0.893
0.861
0.808
0.877
0.853
0.795
0.736
0.760
0.780
0.770
0.887
0.926
0.913
0.831
0.754
0.742
0.717
0.649
0.633
0.689
0.785
0.873
0.896
0.949
0.897
0.857
0.869
0.905
0.880
0.873
0.888
0.949
0.902
0.923
0.935
0.932
0.906
0.908
0.866
0.829
0.760
0.743
0.749
0.723
0.732
0.702
0.693
0.709
0.672
0.639
0.624
0.713
0.630
0.646
0.738
0.724
0.612
0.499
0.381
0.369
0.315
0.339
0.376
0.371
0.387
0.335
0.329
0.333
0.354
0.349
0.321
0.282
0.291
0.250
0.323
0.295
0.362
0.341
0.325
0.285
0.289
0.260
0.237
0.245
0.298
0.295
0.312
0.341
0.413
0.470
0.484
0.402
0.368
0.330
0.325
0.608
0.812
0.737
0.463
0.454
0.395
0.349
0.317
0.305
0.308
0.341
0.396
0.487
0.330
0.319
0.239
0.308
0.296
0.330
0.370
0.357
0.336
0.345
0.368
0.386
0.391
0.399
0.362
0.358
0.389
0.296
0.261
0.380
0.440
0.525
0.489
0.358
0.321
0.316
0.275
0.330
0.338
0.387
0.292
0.356
0.399
0.416
0.341
0.372
0.481
0.518
0.740
0.728
0.707
0.642
0.552
0.499
0.513
0.499
0.431
0.407
0.378
0.378
0.452
0.362
0.287
0.279
0.264
0.228
0.352
0.267
0.275
0.285
0.211
0.234
0.304
0.230
0.224
0.179
0.333
0.322
0.238
0.251
0.254
0.215
0.269
0.326
0.261
0.255
0.310
0.272
0.282
0.266
0.235
0.220
0.229
0.259
0.182
0.184
0.280
0.231
0.219
0.205
0.201
0.187
0.114
0.149
0.185
0.141
0.167
0.187
0.173
0.160
0.152
0.116
0.110
0.202
0.204
0.104
0.129
0.146
0.164
0.186
0.223
0.214
0.191
0.180
0.150
0.159
0.172
0.249
0.243
0.171
0.187
0.174
0.136
0.155
0.129
0.120
0.299
0.250
0.219
0.223
0.178
0.129
0.105
0.075
0.093
0.148
0.135
0.103
0.075
0.062
0.081
0.183
0.230
0.120
0.091
0.094
0.095
0.058
0.060
0.072
0.075
0.125
0.131
0.143
0.197
0.205
0.230
0.190
0.139
0.115
0.149
0.243
0.283
0.276
0.275
0.301
0.325
0.295
0.314
0.332
0.376
0.254
0.249
0.268
0.272
0.268
0.289
0.283
0.270
0.300
0.337
0.353
0.351
0.354
0.391
0.396
0.385
0.352
0.317
0.321
0.346
0.329
0.331
0.376
0.339
0.323
0.365
0.389
0.372
0.330
0.322
0.337
0.444
0.416
0.413
0.460
0.480
0.528
0.682
0.850
0.739
0.671
0.638
0.669
0.768
0.814
0.689
0.662
0.586
0.580
0.867
0.820
0.750
0.782
0.827
0.902
0.796
0.886
0.891
0.877
0.847
0.813
0.877
0.914
0.950
0.936
0.933
0.935
0.915
0.920
0.929
0.903
0.884
0.875
0.877
0.823
0.841
0.821
0.880
0.865
0.857
0.869
0.926
0.842
0.920
0.962
0.921
0.845
0.844
0.795
0.779
0.774
0.837
0.838
0.778
0.768
0.736
0.739
0.814
0.934
0.951
0.953
0.919
0.890
0.871
0.930
0.959
0.928
0.933
0.904
0.926
0.851
0.885
0.831
0.830
0.790
0.761
0.758
0.728
0.754
0.713
0.633
0.650
0.607
0.596
0.573
0.513
0.571
0.614
0.616
0.594
0.558
0.599
0.680
0.532
0.646
0.800
0.877
0.932
0.794
0.763
0.724
0.748
0.636
0.601
0.505
0.486
0.471
0.416
0.423
0.393
0.381
0.347
0.357
0.355
0.329
0.272
0.282
0.308
0.352
0.346
0.364
0.318
0.308
0.284
0.277
0.280
0.298
0.340
0.376
0.386
0.443
0.444
0.446
0.739
0.845
0.941
0.898
0.822
0.924
0.958
0.852
0.777
0.774
0.695
0.602
0.609
0.659
0.709
0.652
0.581
0.586
0.538
0.498
0.499
0.555
0.610
0.588
0.603
0.619
0.637
0.623
0.572
0.595
0.596
0.567
0.531
0.554
0.547
0.491
0.535
0.761
0.764
0.711
0.790
0.646
0.664
0.464
0.510
0.533
0.542
0.537
0.548
0.696
0.682
0.560
0.402
0.427
0.478
0.501
0.445
0.380
0.494
0.519
0.491
0.485
0.467
0.623
0.404
0.460
0.529
0.451
0.442
0.409
0.341
0.324
0.318
0.310
0.318
0.321
0.439
0.362
0.381
0.341
0.380
0.390
0.412
0.457
0.396
0.470
0.473
0.395
0.419
0.377
0.352
0.391
0.313
0.614
0.514
0.524
0.399
0.233
0.173
0.190
0.229
0.204
0.211
0.204
0.303
0.334
0.300
0.281
0.242
0.235
0.172
0.168
0.188
0.261
0.272
0.333
0.351
0.362
0.249
0.226
0.200
0.246
0.298
0.124
0.105
0.145
0.169
0.160
0.153
0.159
0.150
0.133
0.115
0.136
0.182
0.213
0.227
0.220
0.153
0.150
0.158
0.267
0.305
0.313
0.233
0.161
0.121
0.101
0.109
0.096
0.109
0.181
0.172
0.161
0.163
0.190
0.108
0.118
0.132
0.191
0.251
0.265
0.261
0.228
0.171
0.134
0.183
0.191
0.183
0.206
0.194
0.171
0.219
0.237
0.258
0.258
0.224
0.221
0.209
0.192
0.193
0.173
0.150
0.185
0.208
0.234
0.229
0.238
0.221
0.157
0.110
0.138
0.193
0.250
0.236
0.236
0.243
0.378
0.419
0.435
0.371
0.312
0.287
0.286
0.402
0.491
0.436
0.447
0.435
0.469
0.444
0.391
0.266
0.221
0.161
0.198
0.339
0.665
0.850
0.672
0.562
0.445
0.516
0.555
0.495
0.517
0.524
0.540
0.585
0.485
0.572
0.753
0.671
0.632
0.685
0.689
0.794
0.838
0.762
0.843
0.843
0.825
0.792
0.850
0.758
0.763
0.756
0.756
0.906
0.850
0.782
0.756
0.707
0.765
0.820
0.841
0.866
0.939
0.816
0.813
0.769
0.759
0.850
0.899
0.916
0.922
0.916
0.934
0.911
0.931
0.934
0.950
0.916
0.896
0.894
0.885
0.881
0.876
0.878
0.875
0.867
0.884
0.910
0.898
0.901
0.889
0.900
0.880
0.854
0.915
0.926
0.914
0.905
0.939
0.945
0.934
0.924
0.910
0.927
0.935
0.941
0.947
0.938
0.959
0.931
0.936
0.942
0.925
0.945
0.931
0.889
0.884
0.848
0.823
0.797
0.812
0.775
0.809
0.778
0.780
0.666
0.604
0.547
0.694
0.566
0.538
0.566
0.581
0.506
0.479
0.442
0.526
0.490
0.486
0.457
0.552
0.621
0.580
0.466
0.409
0.427
0.723
0.750
0.816
0.824
0.710
0.702
0.651
0.470
0.450
0.534
0.463
0.456
0.449
0.490
0.477
0.450
0.479
0.474
0.569
0.461
0.385
0.424
0.565
0.706
0.669
0.671
0.812
0.828
0.814
0.788
0.803
0.724
0.777
0.842
0.748
0.631
0.817
0.785
0.806
0.885
0.824
0.850
0.805
0.724
0.695
0.666
0.669
0.664
0.566
0.516
0.503
0.472
0.569
0.655
0.664
0.530
0.414
0.474
0.409
0.375
0.373
0.346
0.324
0.331
0.336
0.290
0.432
0.335
0.373
0.396
0.413
0.426
0.427
0.414
0.541
0.458
0.333
0.406
0.427
0.453
0.399
0.382
0.373
0.299
0.333
0.416
0.364
0.365
0.498
0.493
0.590
0.278
0.231
0.301
0.337
0.361
0.310
0.358
0.457
0.392
0.427
0.411
0.434
0.394
0.457
0.414
0.440
0.416
0.335
0.263
0.288
0.276
0.241
0.351
0.486
0.412
0.351
0.284
0.323
0.315
0.335
0.403
0.547
0.383
0.545
0.327
0.373
0.385
0.307
0.287
0.301
0.254
0.272
0.293
0.339
0.332
0.338
0.297
0.295
0.287
0.236
0.231
0.195
0.231
0.234
0.228
0.220
0.155
0.159
0.138
0.127
0.139
0.140
0.147
0.196
0.199
0.189
0.215
0.195
0.133
0.140
0.093
0.116
0.132
0.187
0.167
0.177
0.182
0.201
0.142
0.128
0.115
0.173
0.180
0.162
0.147
0.180
0.225
0.212
0.217
0.203
0.179
0.261
0.211
0.144
0.110
0.119
0.177
0.197
0.147
0.081
0.096
0.098
0.125
0.143
0.193
0.168
0.194
0.250
0.326
0.366
0.301
0.284
0.279
0.264
0.243
0.270
0.282
0.301
0.283
0.267
0.254
0.220
0.242
0.274
0.375
0.425
0.472
0.444
0.377
0.323
0.367
0.311
0.300
0.284
0.304
0.359
0.373
0.429
0.470
0.464
0.419
0.380
0.341
0.414
0.469
0.451
0.497
0.599
0.630
0.627
0.750
0.650
0.672
0.682
0.697
0.682
0.767
0.835
0.918
0.931
0.921
0.901
0.905
0.931
0.938
0.873
0.815
0.821
0.819
0.849
0.917
0.915
0.887
0.923
0.957
0.949
0.956
0.936
0.963
0.970
0.947
0.940
0.959
0.945
0.953
0.934
0.939
0.947
0.970
0.965
0.966
0.908
0.891
0.936
0.962
0.948
0.952
0.948
0.929
0.948
0.958
0.940
0.952
0.953
0.959
0.965
0.969
0.950
0.961
0.954
0.958
0.962
0.950
0.925
0.924
0.945
0.949
0.935
0.921
0.938
0.971
0.963
0.966
0.963
0.949
0.960
0.958
0.946
0.959
0.958
0.970
0.964
0.953
0.944
0.916
0.959
0.939
0.950
0.965
0.953
0.938
0.896
0.928
0.947
0.952
0.934
0.926
0.936
0.909
0.933
0.926
0.898
0.895
0.903
0.881
0.859
0.835
0.771
0.750
0.776
0.794
0.732
0.683
0.619
0.584
0.582
0.534
0.540
0.499
0.467
0.444
0.386
0.429
0.413
0.679
0.472
0.399
0.340
0.366
0.337
0.379
0.405
0.383
0.347
0.373
0.396
0.411
0.386
0.368
0.383
0.353
0.331
0.303
0.326
0.346
0.379
0.390
0.383
0.370
0.339
0.352
0.421
0.351
0.313
0.295
0.334
0.335
0.326
0.327
0.347
0.366
0.464
0.486
0.504
0.526
0.503
0.454
0.427
0.290
0.244
0.264
0.378
0.440
0.508
0.446
0.406
0.449
0.436
0.394
0.239
0.232
0.341
0.366
0.322
0.311
0.328
0.346
0.371
0.492
0.391
0.321
0.323
0.344
0.381
0.347
0.379
0.335
0.349
0.430
0.491
0.678
0.710
0.685
0.553
0.407
0.581
0.509
0.340
0.501
0.380
0.336
0.345
0.305
0.252
0.252
0.425
0.531
0.356
0.404
0.450
0.273
0.306
0.410
0.397
0.429
0.460
0.522
0.443
0.504
0.457
0.540
0.257
0.274
0.231
0.293
0.457
0.410
0.416
0.190
0.184
0.179
0.158
0.187
0.295
0.331
0.294
0.264
0.402
0.280
0.267
0.226
0.206
0.241
0.225
0.187
0.177
0.192
0.179
0.168
0.140
0.217
0.300
0.313
0.257
0.225
0.222
0.190
0.199
0.079
0.111
0.131
0.146
0.221
0.148
0.149
0.126
0.146
0.140
0.141
0.147
0.100
0.065
0.071
0.069
0.070
0.074
0.105
0.154
0.152
0.143
0.173
0.177
0.140
0.135
0.158
0.167
0.199
0.193
0.180
0.132
0.164
0.193
0.189
0.240
0.240
0.244
0.184
0.195
0.235
0.274
0.479
0.477
0.284
0.184
0.288
0.234
0.199
0.192
0.183
0.193
0.200
0.202
0.216
0.233
0.260
0.332
0.359
0.350
0.311
0.293
0.269
0.274
0.320
0.335
0.325
0.271
0.220
0.252
0.249
0.227
0.235
0.260
0.304
0.274
0.288
0.264
0.250
0.254
0.279
0.267
0.293
0.331
0.346
0.358
0.406
0.411
0.360
0.459
0.576
0.528
0.625
0.597
0.555
0.553
0.650
0.778
0.689
0.734
0.712
0.613
0.584
0.626
0.581
0.565
0.591
0.632
0.640
0.587
0.608
0.620
0.649
0.602
0.708
0.742
0.801
0.901
0.928
0.930
0.911
0.907
0.901
0.961
0.950
0.893
0.907
0.926
0.904
0.877
0.899
0.966
0.939
0.914
0.876
0.947
0.959
0.964
0.967
0.960
0.961
0.942
0.965
0.960
0.967
0.963
0.956
0.967
0.950
0.945
0.934
0.958
0.971
0.967
0.963
0.976
0.978
0.975
0.975
0.977
0.968
0.965
0.967
0.943
0.963
0.970
0.951
0.917
0.947
0.951
0.947
0.944
0.946
0.922
0.925
0.945
0.947
0.941
0.945
0.929
0.944
0.970
0.957
0.939
0.940
0.932
0.975
0.974
0.956
0.959
0.963
0.917
0.918
0.926
0.889
0.914
0.940
0.940
0.946
0.944
0.934
0.901
0.857
0.702
0.679
0.667
0.678
0.711
0.602
0.730
0.833
0.726
0.625
0.626
0.557
0.544
0.478
0.466
0.489
0.482
0.473
0.439
0.415
0.384
0.388
0.467
0.468
0.538
0.475
0.494
0.363
0.363
0.332
0.323
0.318
0.348
0.396
0.353
0.350
0.348
0.350
0.341
0.336
0.345
0.280
0.306
0.351
0.402
0.338
0.383
0.376
0.298
0.263
0.304
0.278
0.302
0.342
0.371
0.383
0.353
0.332
0.320
0.404
0.392
0.341
0.340
0.332
0.401
0.424
0.443
0.297
0.333
0.311
0.307
0.330
0.345
0.381
0.415
0.373
0.343
0.442
0.442
0.466
0.416
0.406
0.399
0.376
0.302
0.316
0.249
0.260
0.264
0.327
0.351
0.371
0.465
0.378
0.447
0.397
0.355
0.406
0.378
0.323
0.309
0.255
0.217
0.264
0.241
0.283
0.277
0.419
0.445
0.472
0.396
0.342
0.421
0.346
0.347
0.271
0.317
0.413
0.419
0.352
0.302
0.320
0.274
0.235
0.249
0.352
0.371
0.389
0.343
0.471
0.588
0.459
0.393
0.302
0.344
0.344
0.438
0.494
0.496
0.440
0.588
0.449
0.372
0.366
0.318
0.335
0.326
0.343
0.275
0.345
0.298
0.241
0.242
0.205
0.167
0.169
0.122
0.103
0.104
0.131
0.136
0.134
0.151
0.162
0.203
0.168
0.170
0.180
0.204
0.333
0.387
0.252
0.238
0.194
0.145
0.155
0.213
0.259
0.165
0.169
0.226
0.304
0.233
0.243
0.200
0.161
0.177
0.241
0.213
0.152
0.126
0.153
0.151
0.178
0.211
0.170
0.193
0.154
0.143
0.169
0.245
0.267
0.345
0.296
0.361
0.372
0.272
0.226
0.227
0.220
0.206
0.147
0.167
0.158
0.187
0.151
0.102
0.190
0.260
0.255
0.244
0.231
0.201
0.138
0.208
0.224
0.266
0.276
0.219
0.224
0.237
0.276
0.249
0.249
0.223
0.221
0.225
0.239
0.317
0.360
0.362
0.386
0.424
0.399
0.322
0.337
0.380
0.399
0.414
0.481
0.502
0.582
0.576
0.590
0.797
0.770
0.736
0.830
0.796
0.802
0.846
0.842
0.908
0.858
0.822
0.798
0.849
0.905
0.834
0.860
0.829
0.888
0.896
0.856
0.838
0.790
0.823
0.924
0.951
0.942
0.949
0.935
0.933
0.928
0.941
0.934
0.969
0.940
0.955
0.956
0.959
0.951
0.946
0.958
0.963
0.960
0.952
0.955
0.954
0.946
0.975
0.967
0.957
0.964
0.964
0.950
0.968
0.967
0.960
0.965
0.954
0.934
0.965
0.954
0.970
0.970
0.970
0.968
0.962
0.972
0.963
0.944
0.943
0.940
0.942
0.951
0.961
0.968
0.965
0.973
0.974
0.972
0.941
0.912
0.912
0.926
0.917
0.926
0.931
0.936
0.943
0.937
0.937
0.928
0.934
0.912
0.833
0.767
0.809
0.818
0.814
0.812
0.809
0.811
0.733
0.691
0.608
0.670
0.951
0.975
0.978
0.978
0.933
0.883
0.882
0.922
0.933
0.951
0.942
0.936
0.951
0.919
0.940
0.929
0.935
0.932
0.941
0.929
0.900
0.888
0.882
0.888
0.819
0.709
0.635
0.637
0.606
0.546
0.442
0.516
0.551
0.681
0.835
0.741
0.609
0.510
0.508
0.561
0.561
0.619
0.572
0.554
0.540
0.578
0.614
0.592
0.639
0.618
0.498
0.470
0.445
0.498
0.484
0.419
0.369
0.405
0.434
0.326
0.306
0.329
0.374
0.430
0.440
0.458
0.328
0.340
0.353
0.408
0.384
0.410
0.412
0.605
0.611
0.446
0.315
0.360
0.372
0.332
0.366
0.387
0.348
0.372
0.391
0.383
0.300
0.344
0.391
0.425
0.344
0.333
0.387
0.464
0.552
0.598
0.578
0.553
0.556
0.575
0.599
0.730
0.634
0.672
0.564
0.623
0.513
0.388
0.432
0.507
0.558
0.488
0.560
0.455
0.501
0.538
0.499
0.611
0.509
0.418
0.534
0.585
0.536
0.591
0.575
0.588
0.610
0.525
0.411
0.373
0.275
0.289
0.344
0.347
0.390
0.375
0.406
0.389
0.389
0.347
0.425
0.357
0.321
0.341
0.319
0.392
0.571
0.555
0.498
0.368
0.271
0.252
0.320
0.449
0.552
0.550
0.493
0.622
0.492
0.421
0.354
0.280
0.305
0.277
0.380
0.484
0.409
0.442
0.378
0.517
0.499
0.482
0.267
0.228
0.285
0.250
0.207
0.191
0.274
0.119
0.107
0.116
0.236
0.267
0.275
0.210
0.219
0.227
0.231
0.157
0.201
0.211
0.202
0.215
0.223
0.141
0.156
0.160
0.217
0.165
0.158
0.122
0.129
0.140
0.181
0.196
0.188
0.190
0.189
0.264
0.254
0.229
0.186
0.154
0.153
0.140
0.156
0.165
0.161
0.126
0.150
0.171
0.162
0.166
0.202
0.232
0.256
0.222
0.182
0.148
0.153
0.202
0.282
0.324
0.276
0.308
0.302
0.309
0.316
0.219
0.159
0.161
0.135
0.167
0.238
0.212
0.225
0.236
0.158
0.248
0.249
0.267
0.276
0.277
0.212
0.155
0.219
0.272
0.251
0.252
0.244
0.256
0.333
0.391
0.401
0.419
0.495
0.571
0.540
0.580
0.505
0.514
0.527
0.514
0.567
0.576
0.516
0.521
0.481
0.453
0.405
0.438
0.447
0.435
0.517
0.600
0.530
0.481
0.436
0.507
0.528
0.562
0.629
0.699
0.696
0.777
0.883
0.860
0.907
0.900
0.940
0.938
0.940
0.866
0.917
0.971
0.962
0.957
0.938
0.930
0.940
0.895
0.888
0.935
