20000101
17.202
17.388
17.693
17.735
17.667
17.879
17.738
17.855
17.884
17.863
17.528
12.957
17.744
18.037
18.160
17.971
17.643
17.737
18.219
18.710
18.653
18.474
18.384
18.711
18.771
18.913
19.166
19.430
19.977
20.085
19.865
19.315
19.339
18.593
19.446
19.500
20.437
20.536
20.550
20.787
20.813
20.673
21.161
19.351
21.183
20.738
21.317
22.147
22.200
22.154
21.823
22.099
21.919
18.099
13.808
6.657
23.147
23.353
23.364
23.324
23.071
23.131
23.205
24.031
24.216
24.196
24.018
24.739
24.900
25.068
24.063
24.305
24.184
24.378
25.019
24.761
24.650
25.061
25.996
26.026
26.014
25.674
26.065
26.349
26.268
26.462
26.831
27.115
26.827
26.934
26.504
26.340
26.700
26.872
26.735
26.364
26.601
26.513
26.499
27.453
27.473
27.276
27.183
26.869
26.740
26.999
27.129
27.595
27.453
27.914
27.699
27.440
23.435
26.545
27.383
27.464
27.416
27.601
27.869
27.758
27.795
28.199
27.093
27.956
27.988
27.888
26.216
26.314
22.867
17.570
22.601
20.679
14.235
26.511
27.330
24.409
22.575
24.863
12.643
19.638
13.329
26.700
27.341
26.819
27.807
27.752
27.855
26.759
25.287
25.249
22.283
23.333
18.876
24.181
25.087
25.735
20.698
27.486
21.222
18.365
24.887
24.777
27.896
27.267
19.273
23.576
25.409
26.408
27.585
27.597
19.180
7.702
8.587
16.403
21.733
19.219
25.328
25.367
26.772
21.648
20.011
11.784
21.037
20.261
18.817
26.244
25.302
24.325
23.830
14.913
5.634
18.639
13.208
1.272
19.242
5.232
19.349
14.357
12.615
2.651
7.683
2.827
11.276
23.790
26.231
26.708
26.486
22.874
22.812
18.760
1.828
8.925
24.905
15.278
19.649
20.915
18.445
26.565
22.488
21.667
18.006
21.786
17.405
20.047
21.973
13.098
11.322
6.736
20.500
16.830
10.183
4.622
6.206
19.961
17.528
23.471
25.338
25.061
24.347
24.709
21.105
18.019
12.885
6.246
6.975
4.322
5.640
8.487
1.528
3.091
22.076
24.191
24.267
24.467
24.620
22.922
24.398
24.312
22.343
21.786
23.828
23.965
23.910
21.230
21.740
19.383
23.060
19.177
16.506
20.554
23.430
20.549
20.274
23.207
22.799
23.118
23.297
23.277
22.899
22.766
22.449
22.028
21.907
19.073
20.751
14.091
18.501
20.542
21.708
22.733
22.327
22.069
21.827
21.830
21.841
21.638
21.103
20.816
20.798
20.659
20.990
21.084
21.140
20.747
20.760
20.872
20.449
20.326
19.828
19.659
19.848
19.594
19.395
19.359
19.293
19.182
18.917
18.823
18.820
18.733
18.875
19.094
18.981
18.717
18.899
18.786
18.464
18.133
17.953
18.033
18.006
17.783
17.916
18.006
17.953
18.482
18.473
18.464
18.163
17.967
17.814
17.858
17.737
17.663
17.647
17.552
17.537
17.534
17.518
17.435
17.433
17.526
17.537
17.442
17.430
17.382
17.516
17.619
17.520
17.655
17.814
17.758
17.656
17.530
5.962
1.366
17.223
17.742
17.860
17.804
17.692
17.443
17.213
17.952
18.039
17.575
16.180
17.365
17.995
17.912
15.583
17.473
16.521
17.693
17.498
18.162
18.426
18.480
19.301
19.982
19.930
19.741
19.679
19.521
19.542
18.597
10.098
16.258
19.367
19.933
20.478
21.106
21.311
21.231
21.328
21.519
21.328
21.019
20.999
20.920
20.997
21.885
21.829
21.892
21.869
21.932
21.996
22.621
22.847
22.512
22.464
22.305
22.218
22.538
23.244
23.025
23.315
22.844
20.545
23.786
24.327
24.301
24.171
23.785
20.672
22.427
21.767
24.106
24.095
24.314
24.455
24.777
24.947
24.308
16.248
24.402
23.418
24.018
24.858
25.152
25.598
25.527
25.162
26.532
26.757
26.616
26.412
24.487
26.523
25.550
26.648
27.382
27.287
18.121
27.447
26.996
22.987
23.083
26.785
26.923
25.881
10.388
20.304
20.060
26.496
23.687
28.117
28.294
28.256
28.099
27.820
27.903
27.901
27.765
28.132
28.014
27.753
27.850
28.289
28.023
27.884
27.738
27.360
28.398
28.482
27.895
28.332
28.069
18.371
27.802
27.593
27.508
26.881
27.616
21.963
25.184
24.617
22.890
27.933
27.987
26.587
19.611
26.012
24.464
26.339
25.810
20.859
11.031
22.320
22.908
26.125
8.008
24.033
15.099
20.348
21.665
21.955
23.786
21.295
25.655
14.595
16.907
1.514
8.586
18.372
7.483
9.961
26.383
27.551
27.495
27.052
23.024
25.289
12.282
24.051
22.403
20.109
14.218
4.987
3.063
15.982
24.352
22.517
22.401
26.568
24.613
12.023
11.163
13.741
21.158
13.881
7.102
6.217
4.599
4.030
8.441
22.172
2.676
18.207
2.819
13.526
19.562
24.113
24.601
14.386
14.927
12.756
25.408
25.357
6.161
22.568
17.423
17.480
17.649
20.982
22.446
25.622
23.485
23.127
21.000
21.890
23.469
19.180
8.382
6.362
7.017
25.077
17.602
19.930
16.360
21.537
22.452
24.227
24.859
23.595
18.685
20.639
17.124
25.234
20.311
22.484
21.246
20.106
23.616
22.434
11.980
19.746
22.287
21.179
22.921
21.836
18.611
15.592
18.392
14.075
12.476
13.265
15.338
17.868
22.129
17.327
18.519
16.806
21.173
20.932
23.041
23.916
23.652
23.191
13.493
17.477
19.009
21.014
19.159
18.703
22.071
20.483
20.778
17.331
20.120
5.701
20.845
17.293
10.317
21.616
21.855
22.326
22.238
22.012
21.718
21.333
21.453
21.399
21.187
21.057
20.806
20.679
20.548
20.357
20.179
20.225
20.163
19.982
19.760
19.907
19.956
19.459
19.423
19.486
19.719
19.581
19.618
19.591
19.660
19.454
18.451
17.977
17.785
18.376
18.527
18.749
18.680
18.576
18.643
18.565
18.521
18.256
18.396
18.245
18.210
18.191
17.944
17.814
18.080
18.026
17.521
17.433
17.461
17.375
17.117
16.984
16.969
17.177
17.054
16.842
16.955
16.974
17.148
17.205
17.070
17.328
17.757
17.667
17.642
17.252
17.032
16.872
16.641
16.927
16.840
17.160
17.479
17.692
17.712
17.817
16.351
16.333
17.213
17.716
17.770
17.759
17.789
17.971
18.063
18.061
17.850
17.519
17.983
18.508
18.360
18.425
18.418
18.444
18.768
19.049
18.800
18.903
19.268
20.010
19.801
20.205
19.804
19.384
19.748
19.873
11.050
19.557
20.363
20.318
21.473
21.056
3.656
20.835
21.055
20.657
20.661
20.864
20.673
3.256
5.982
12.294
21.691
21.755
21.859
21.954
21.215
22.653
22.691
22.697
22.674
22.571
22.886
23.007
23.418
23.713
23.781
23.708
23.214
23.511
22.189
21.282
22.964
22.753
17.418
24.111
24.828
24.950
25.071
25.575
22.944
22.590
20.454
25.519
25.334
25.543
25.334
25.602
26.298
26.871
26.998
26.633
25.919
25.914
26.495
26.168
26.092
24.189
6.920
20.478
25.749
26.970
27.514
27.114
27.220
27.083
26.755
26.793
15.791
24.063
18.981
20.193
27.371
27.611
27.738
27.898
27.865
28.570
29.376
28.679
28.471
28.432
28.336
28.704
28.668
28.624
28.030
27.036
28.074
28.290
23.100
26.589
27.381
27.008
27.501
27.458
27.676
28.051
24.575
27.579
28.468
28.182
28.035
27.871
27.775
28.123
28.179
28.041
28.329
27.793
24.651
19.338
20.550
28.149
21.414
23.704
19.861
24.275
26.285
26.414
26.640
27.340
24.204
26.338
23.424
23.646
13.898
26.279
27.208
24.497
17.930
23.107
23.485
22.277
20.544
26.725
23.390
12.391
18.549
15.922
4.285
6.175
7.544
20.282
27.048
27.161
23.611
27.042
26.649
24.793
18.018
26.585
22.831
17.279
21.706
26.490
26.011
6.853
7.629
21.872
2.274
10.142
2.630
24.765
7.736
6.448
6.678
5.218
6.454
10.439
24.721
13.175
26.893
25.660
20.792
22.045
10.984
22.745
8.368
9.947
10.282
11.176
19.627
7.578
10.105
6.609
4.306
6.321
12.341
2.022
6.222
9.303
9.423
9.103
7.263
19.879
18.399
13.233
14.851
19.352
25.172
25.029
8.710
3.564
11.404
15.475
14.439
13.151
7.915
7.559
23.559
8.348
21.097
11.994
24.213
21.486
21.752
24.440
24.803
24.492
24.286
23.590
17.330
19.331
19.498
20.483
21.762
22.389
20.811
15.924
17.645
17.460
16.631
20.614
8.067
22.313
22.926
22.933
22.838
22.888
22.584
22.294
22.384
22.390
22.385
22.483
22.086
21.726
22.143
21.980
20.399
21.241
19.679
21.399
20.778
18.444
21.085
21.246
21.408
21.072
21.179
21.001
20.867
20.552
20.398
20.184
19.945
19.904
19.871
19.767
19.565
6.828
18.400
19.294
19.307
19.287
17.827
17.005
18.650
18.767
18.653
19.096
19.089
18.772
18.623
18.271
18.360
18.425
18.273
18.190
17.547
17.890
17.899
17.970
17.640
17.312
18.047
17.965
17.282
17.476
17.309
16.928
15.623
16.437
16.303
17.233
17.225
17.225
17.200
17.084
17.165
17.079
17.084
17.088
16.958
16.731
16.843
17.107
16.925
17.036
17.019
16.881
16.970
17.143
16.629
6.075
17.080
17.581
17.088
16.341
16.818
17.078
16.878
5.605
17.214
9.815
10.387
16.643
13.228
16.476
17.976
18.462
18.844
18.909
18.971
18.498
6.361
17.968
18.185
18.791
18.922
18.520
18.658
10.092
18.602
19.310
19.193
18.781
11.701
17.281
15.056
17.463
19.153
19.642
20.057
20.788
20.570
20.504
20.417
20.363
20.814
21.283
21.194
21.214
19.869
15.142
21.015
21.178
21.625
21.789
21.685
21.964
22.254
22.114
22.149
22.316
22.287
22.533
23.480
24.934
24.448
24.264
24.637
24.652
24.184
24.278
24.551
24.728
24.917
24.739
24.070
24.722
24.570
24.686
24.893
25.465
25.536
25.418
25.103
25.333
25.691
25.782
26.184
25.638
25.880
25.646
25.946
26.306
26.024
26.015
25.278
25.363
25.953
14.296
26.249
25.482
20.081
25.565
21.228
26.669
22.805
27.128
26.832
24.324
26.783
27.305
28.357
27.457
27.730
27.822
28.035
27.806
11.160
27.630
28.352
28.613
28.624
28.123
28.084
28.503
28.386
28.301
28.181
28.230
28.279
28.524
29.046
28.838
28.495
28.287
27.243
29.383
28.436
28.077
27.970
28.017
28.126
28.175
28.105
27.568
27.612
27.988
28.255
26.757
28.063
26.186
22.804
27.703
29.071
26.652
23.352
28.049
28.266
28.012
27.964
26.847
27.709
27.703
23.707
25.934
18.632
4.131
13.105
9.990
4.717
24.459
14.491
15.626
20.478
22.995
19.967
20.053
16.305
14.527
21.526
15.418
21.872
20.768
23.552
22.171
25.415
15.007
19.447
10.800
25.178
18.707
14.120
20.296
17.872
21.498
24.752
25.585
22.161
19.704
25.453
26.443
23.403
15.328
12.429
22.957
23.027
12.435
9.794
8.164
6.419
14.770
12.396
13.965
22.549
14.019
15.501
10.731
16.484
22.893
25.874
25.382
25.494
9.666
12.649
13.570
23.627
6.953
23.875
25.468
10.847
15.378
16.620
16.030
22.236
25.013
24.959
22.775
6.784
12.309
5.588
19.641
17.620
18.311
3.971
10.386
4.720
20.050
11.073
12.889
21.514
20.988
15.010
23.526
5.812
19.646
22.663
24.120
23.017
22.476
18.427
3.226
21.679
14.723
22.217
20.259
20.749
21.539
18.958
22.418
22.112
21.705
21.368
12.722
7.072
21.831
22.732
22.586
21.711
23.565
23.386
22.410
21.635
21.777
22.315
21.850
22.266
22.344
22.093
21.971
21.853
21.937
21.811
21.551
21.505
21.223
21.713
21.588
21.570
21.388
21.188
20.943
20.678
20.600
19.928
19.494
19.385
19.927
19.817
19.390
16.973
19.494
15.509
16.131
19.050
19.120
19.065
19.361
19.255
19.052
18.968
18.929
18.478
18.390
16.450
17.907
18.002
18.090
18.141
18.056
16.997
17.667
17.339
17.358
17.495
17.290
17.349
17.475
17.356
17.454
17.376
17.333
17.386
17.632
17.308
17.190
17.179
17.037
16.888
16.776
17.010
17.102
16.961
17.068
17.031
17.073
16.950
17.043
17.001
17.008
17.014
16.942
7.738
16.930
17.472
17.404
17.392
17.294
17.421
17.388
17.206
16.916
15.654
16.403
16.459
17.284
17.446
17.609
17.671
17.739
17.757
17.821
17.884
17.248
17.847
18.085
18.389
17.966
9.477
17.851
18.135
18.863
18.508
18.349
19.057
17.732
17.496
16.102
19.100
19.580
19.992
19.815
19.525
20.650
20.886
20.926
20.886
20.673
20.660
20.788
20.432
20.421
20.615
21.488
21.546
21.783
21.301
21.621
21.844
22.118
22.354
22.597
22.898
22.847
22.756
22.404
22.628
23.299
23.174
23.123
23.444
22.849
22.916
23.424
24.858
24.983
24.447
24.508
24.649
24.757
24.649
25.043
25.034
25.233
25.302
25.499
25.992
26.000
25.740
25.823
25.409
25.667
25.692
25.670
25.123
25.685
25.723
25.811
26.342
25.381
25.172
23.991
25.562
26.160
26.686
26.805
26.103
26.308
26.380
26.492
26.880
27.409
27.287
27.363
27.359
27.107
26.851
27.115
27.093
27.388
27.200
27.276
27.317
28.134
28.184
27.785
27.480
27.689
27.539
28.638
29.034
28.781
28.183
28.100
24.464
24.857
19.669
22.678
21.880
7.534
20.562
23.158
25.724
17.509
24.661
20.390
19.666
28.255
28.217
28.201
27.995
28.268
28.200
28.231
28.350
28.191
28.194
28.274
27.678
28.128
25.664
27.804
27.835
28.115
25.811
21.215
19.455
21.449
19.746
10.840
12.256
19.886
15.587
14.338
19.251
20.502
17.722
18.405
18.825
12.339
26.355
23.726
25.206
23.597
24.028
20.180
26.349
27.006
24.850
26.604
26.337
20.746
23.084
10.553
6.168
15.432
4.044
18.391
25.777
25.217
13.784
26.053
24.136
27.204
20.714
14.127
23.437
23.380
26.658
25.654
26.678
26.704
25.024
18.434
8.899
18.767
5.801
9.728
11.598
22.078
5.431
3.496
8.095
24.021
22.482
6.093
12.047
8.134
10.267
8.030
7.424
6.425
3.383
1.418
3.975
3.616
3.836
6.904
10.044
6.518
16.931
21.488
14.837
4.284
2.667
11.005
24.627
25.121
25.302
25.540
25.425
24.930
20.802
19.770
19.142
24.563
24.209
20.574
23.528
24.455
23.478
23.690
24.321
22.572
23.385
23.875
22.752
23.622
22.546
19.181
21.197
18.068
22.038
19.886
21.996
22.076
21.937
21.464
22.216
22.569
21.423
19.796
21.182
19.742
21.000
19.245
20.094
18.305
20.023
21.282
13.925
16.464
19.146
21.841
19.712
21.757
21.835
21.890
21.835
21.893
21.526
21.356
21.358
21.179
20.947
20.703
20.682
20.506
20.757
20.397
16.256
20.010
19.639
11.786
18.714
18.866
19.593
19.928
19.366
19.136
18.960
18.975
14.370
10.474
10.509
18.387
16.908
18.188
17.060
16.208
13.660
18.271
18.165
18.209
18.210
18.201
17.939
17.844
17.780
17.690
17.526
17.709
17.892
17.797
17.586
17.508
17.655
17.625
17.206
17.148
16.802
17.278
17.257
17.224
17.606
17.285
17.242
17.277
17.441
17.500
17.569
17.541
16.760
16.782
16.532
16.541
16.852
16.796
17.010
16.780
16.769
16.752
15.277
15.166
15.574
16.602
13.119
16.900
17.031
17.044
17.562
17.889
17.701
17.528
17.868
18.136
18.273
17.977
18.062
17.907
18.225
18.718
18.404
18.506
15.677
18.376
18.829
18.689
18.535
17.653
18.684
15.947
15.264
17.372
15.778
19.737
20.100
19.687
19.710
19.574
19.730
19.732
19.809
19.885
20.355
20.541
20.862
20.607
20.834
20.929
21.112
20.843
21.617
22.321
22.553
20.487
22.602
22.718
22.453
22.498
22.511
22.566
9.657
16.000
18.209
22.548
22.566
23.057
20.654
17.936
7.993
20.862
23.323
24.076
24.429
24.618
24.629
24.770
24.562
24.981
25.196
24.897
24.895
24.861
25.277
25.305
25.925
26.067
25.641
25.453
25.478
26.055
27.273
26.725
27.004
26.930
27.224
27.598
27.507
27.474
26.492
27.124
27.404
28.555
28.572
27.962
27.461
11.563
26.935
27.195
27.193
27.691
28.260
28.226
26.992
25.564
24.074
25.359
26.636
27.437
27.885
27.413
27.617
26.274
23.794
21.742
26.241
18.184
21.794
24.674
26.727
26.963
26.605
27.863
28.610
29.026
29.191
28.655
28.580
28.318
28.294
28.591
26.934
28.225
28.163
28.329
28.590
28.353
28.587
28.435
28.115
17.072
24.839
24.837
28.185
28.378
27.758
28.208
28.190
28.147
26.961
28.069
16.629
22.939
24.534
26.050
25.508
21.347
24.780
23.197
14.788
23.486
24.150
19.687
23.508
21.159
22.470
22.787
22.804
15.290
13.828
16.631
1.714
21.652
20.657
16.605
6.311
2.795
16.496
6.831
15.714
9.892
12.908
20.333
16.411
18.229
7.229
25.578
10.956
13.385
21.328
21.000
22.107
24.568
6.033
26.602
26.287
26.389
22.948
9.655
13.331
21.772
1.198
2.875
7.064
23.465
5.988
9.097
6.147
11.305
14.790
3.821
8.962
10.084
23.782
24.357
25.154
25.835
22.545
18.849
22.507
16.153
10.818
22.665
24.294
21.978
20.651
23.119
25.238
19.043
20.714
12.768
21.184
23.758
25.098
24.973
25.243
23.094
21.951
23.882
19.586
16.942
23.455
21.108
23.677
21.295
21.614
21.310
21.138
19.320
11.280
9.164
14.792
10.909
14.523
6.949
17.503
23.001
14.294
16.236
6.176
22.929
21.081
22.710
23.056
22.773
15.769
18.095
22.725
21.098
22.576
22.660
22.657
22.312
22.446
22.448
14.208
22.236
22.080
22.123
21.840
8.212
19.766
21.213
21.257
20.234
21.100
18.745
21.004
20.331
20.490
9.803
20.083
20.929
20.732
20.067
20.803
20.506
20.320
20.130
16.534
19.266
19.955
19.680
19.524
19.658
20.016
19.824
19.588
19.493
19.374
19.271
19.229
18.995
18.802
18.669
18.658
18.733
18.623
18.626
18.550
18.160
18.051
17.850
17.579
17.750
17.504
17.066
5.238
16.362
16.328
17.294
17.523
17.596
17.622
17.592
17.624
17.425
17.598
17.421
17.260
17.452
17.283
17.295
17.624
17.558
17.247
17.169
17.128
17.084
17.216
17.605
17.581
17.380
17.498
17.565
17.319
17.324
17.356
16.971
16.889
17.234
17.150
16.907
15.871
16.954
17.809
17.960
17.866
17.782
17.748
17.733
17.992
18.087
17.779
17.988
17.787
17.836
18.080
18.060
18.491
19.113
19.188
19.198
19.340
19.412
19.324
19.427
19.645
19.733
19.766
19.704
19.838
20.225
20.553
20.648
20.725
20.683
20.718
20.835
20.959
20.918
20.953
21.134
21.009
21.410
21.504
21.594
21.860
21.518
21.840
21.963
22.256
22.327
22.307
21.039
22.102
17.579
10.349
15.012
22.446
19.053
23.730
23.840
23.775
23.358
9.183
19.337
21.374
23.852
23.470
13.642
8.884
10.189
24.275
16.515
24.284
22.958
24.925
25.410
25.117
25.099
25.164
26.173
26.399
26.494
26.741
26.630
26.403
26.128
26.117
26.513
26.409
26.451
26.103
26.644
26.732
26.534
26.715
26.614
26.930
26.762
26.733
25.499
24.269
26.959
27.814
27.240
27.258
27.440
27.249
27.046
25.342
27.386
27.515
27.662
27.682
27.521
27.339
27.454
27.721
28.162
28.434
28.208
28.092
28.224
27.993
28.129
28.355
28.163
15.435
28.284
28.187
27.763
27.704
24.515
24.662
24.442
26.989
24.830
21.256
23.999
21.563
23.312
25.816
27.419
26.300
25.248
25.539
11.839
9.928
8.838
22.109
17.869
27.382
26.989
25.064
23.608
22.590
22.472
10.484
27.848
28.140
26.015
25.396
27.867
21.984
16.647
7.292
14.335
21.057
24.430
19.390
16.506
12.989
18.958
22.356
24.111
23.573
13.250
24.590
22.365
13.765
5.150
15.254
4.989
10.828
10.016
9.801
16.009
10.873
7.958
11.486
25.647
25.251
24.817
20.447
14.029
2.466
8.851
9.640
4.506
16.958
20.422
18.000
25.252
20.461
15.676
6.511
6.762
6.843
3.672
14.033
22.823
5.907
13.327
22.674
6.256
11.500
7.252
2.897
2.458
6.162
22.722
23.371
21.619
16.483
11.362
3.446
6.236
10.576
8.870
8.602
23.772
22.567
7.704
9.136
22.414
7.919
10.075
23.728
3.854
1.876
21.931
20.747
23.225
24.173
12.898
24.187
24.560
24.385
23.997
23.909
23.955
24.098
23.712
17.133
22.190
23.358
22.932
22.527
22.664
19.663
15.711
19.293
22.732
22.561
21.697
19.913
19.563
19.047
23.021
18.774
21.232
21.932
22.367
22.455
22.018
22.635
22.832
22.574
22.614
22.398
22.490
21.242
16.463
13.061
20.697
21.549
19.903
20.989
19.773
17.309
19.424
20.252
20.634
20.806
20.497
20.432
20.496
20.114
19.005
18.508
19.737
18.270
19.776
18.718
19.362
10.338
16.971
7.513
19.258
19.302
19.102
18.885
18.927
18.839
18.668
18.604
18.668
18.574
18.786
18.470
17.895
5.614
17.742
17.915
17.867
17.799
17.531
17.336
10.315
16.746
4.433
15.496
17.097
16.939
17.046
17.023
16.902
16.866
17.046
17.135
17.181
17.100
17.001
16.908
16.901
16.991
17.037
17.363
17.139
17.198
17.165
17.086
16.738
17.016
16.762
16.603
16.661
17.022
17.056
17.153
17.104
16.955
17.040
17.173
17.222
17.129
17.264
17.408
17.581
17.576
17.517
17.522
17.561
17.600
17.783
17.848
18.162
18.400
18.287
18.264
18.312
18.366
18.453
18.686
18.637
18.727
18.766
18.931
18.723
17.984
14.268
18.867
19.376
19.661
19.415
19.715
20.081
20.024
19.998
20.207
18.759
9.188
19.901
20.275
15.588
9.341
20.453
20.907
21.239
21.361
21.437
21.420
21.566
21.736
21.256
20.517
20.678
22.487
22.622
22.531
19.691
22.704
23.032
23.249
23.368
23.700
23.793
24.113
24.044
23.707
22.898
14.500
10.928
24.377
24.779
24.982
24.974
24.958
24.482
24.390
24.331
24.766
25.214
25.619
25.793
26.170
26.099
26.203
26.376
26.348
26.040
25.849
26.019
26.597
26.950
26.919
26.695
26.502
20.781
26.762
27.125
27.187
27.340
27.129
26.878
22.158
26.704
25.589
25.747
19.424
25.342
27.061
27.556
27.798
27.656
27.399
28.068
27.944
27.348
14.423
23.794
27.803
26.733
26.387
22.342
22.844
25.054
24.232
22.432
25.935
27.562
27.863
28.258
27.963
28.067
28.176
27.991
27.747
26.495
25.802
26.542
22.338
27.414
28.267
28.538
28.385
28.693
28.251
9.868
22.361
19.470
24.738
20.223
19.797
12.965
17.076
7.804
25.746
25.949
26.986
27.584
27.613
27.073
26.898
25.380
9.964
8.188
15.136
22.753
17.924
23.219
13.758
18.807
24.231
20.163
7.210
10.754
16.792
15.127
17.194
16.599
11.521
13.438
4.869
2.330
5.698
6.329
2.097
0.703
1.238
5.135
2.526
0.840
23.924
20.103
15.939
14.052
20.040
21.199
26.855
26.572
19.984
22.808
21.807
24.677
13.085
18.366
21.515
17.926
22.829
24.583
24.524
24.644
25.527
18.775
12.914
15.364
13.155
17.166
14.848
4.868
8.955
17.348
10.309
17.590
11.073
8.350
16.622
11.518
14.591
16.411
19.277
21.881
3.895
21.738
14.000
22.264
23.860
24.783
18.121
19.732
8.118
16.242
19.473
23.342
22.912
21.484
21.587
20.137
7.913
11.337
23.505
23.509
24.128
22.618
24.234
23.961
24.162
24.063
22.177
23.433
22.951
22.192
20.625
19.357
19.558
6.946
18.830
20.744
18.552
21.261
13.688
22.991
18.869
22.847
22.864
23.032
22.566
22.565
21.955
22.659
22.416
22.352
22.135
20.476
7.777
20.671
22.392
22.265
22.063
21.838
22.047
22.052
21.829
21.639
21.520
20.673
20.826
20.704
20.883
20.690
19.764
20.495
20.382
19.612
18.841
18.958
17.057
16.525
18.975
19.539
19.316
19.254
18.805
17.822
18.367
18.750
18.761
18.836
18.948
18.947
19.053
18.879
18.599
18.765
18.901
18.837
18.610
18.656
18.622
18.419
18.332
17.923
16.933
17.462
17.182
3.028
16.194
17.269
17.251
16.157
17.058
17.207
17.298
16.779
16.731
16.042
7.328
14.620
1.764
15.940
16.972
17.097
17.243
17.004
16.886
16.880
17.040
16.641
16.427
16.544
16.520
16.859
17.426
17.409
17.185
17.272
17.575
16.937
16.917
17.030
17.165
17.170
17.288
17.157
17.296
17.434
17.350
17.532
17.668
17.354
17.906
18.089
18.120
18.420
18.408
18.759
18.175
18.679
19.006
19.207
19.251
19.301
19.016
18.940
17.874
19.923
20.050
19.732
14.262
20.554
20.711
20.189
19.929
20.592
20.913
21.377
20.084
21.163
21.104
21.073
21.207
21.187
21.850
22.167
22.207
22.372
22.173
22.019
22.083
22.391
22.965
23.256
23.672
23.843
23.762
23.818
23.688
23.800
23.722
23.730
24.090
23.784
24.024
24.089
21.448
22.542
20.539
22.580
24.041
24.255
24.522
24.584
24.989
24.824
25.012
25.300
25.280
25.027
24.295
25.002
25.083
22.226
24.606
25.467
20.960
17.560
26.111
25.937
26.125
24.347
22.871
25.714
16.605
26.134
26.733
26.904
26.809
26.807
26.658
27.171
27.621
27.408
27.300
27.752
27.863
27.640
27.952
28.001
27.688
27.837
27.770
27.857
27.851
28.246
27.314
27.661
27.577
28.187
28.144
28.336
28.241
25.832
26.522
26.278
25.325
27.595
18.466
28.154
27.992
27.616
28.113
28.350
27.889
28.133
28.000
27.959
28.122
28.098
28.068
28.201
28.491
28.396
27.915
27.028
28.177
27.611
26.261
27.926
22.505
26.323
23.296
19.320
20.973
25.107
22.092
10.766
7.315
18.595
20.376
20.918
18.053
7.837
16.595
4.454
20.959
13.776
3.156
10.867
22.647
19.869
22.415
4.601
5.315
4.728
9.709
5.784
6.789
18.014
12.700
10.823
10.446
13.022
21.968
17.446
22.805
5.084
1.908
1.590
15.239
11.712
17.125
20.730
20.243
25.419
12.068
8.135
17.930
23.046
24.519
18.780
23.767
16.032
3.232
3.017
14.372
11.240
19.939
15.549
22.417
17.862
22.110
15.101
9.675
11.717
13.863
5.575
10.459
5.994
23.713
5.066
9.768
6.929
12.169
8.454
19.577
12.112
10.845
21.992
24.745
24.186
19.561
23.547
5.187
16.719
5.778
21.071
24.726
25.055
25.014
24.004
20.319
14.498
21.278
22.472
21.828
21.676
18.702
21.644
23.210
23.423
22.696
17.570
18.843
11.653
13.664
16.329
14.888
13.206
12.628
15.271
21.245
22.705
21.865
21.431
23.180
23.347
23.224
23.039
22.781
14.360
18.474
18.277
19.230
15.168
19.730
19.146
18.520
15.870
18.874
22.060
21.303
22.125
22.032
21.824
21.481
21.340
21.261
21.406
21.460
21.562
21.348
21.159
21.106
21.083
20.864
20.848
20.359
20.313
20.072
20.177
20.228
20.179
20.107
20.133
20.078
20.104
19.647
19.701
19.722
19.436
19.073
18.675
18.579
18.571
18.628
13.906
10.507
17.020
15.805
15.321
17.086
18.188
18.260
18.435
18.479
18.432
18.375
16.005
17.001
2.717
14.944
16.852
16.949
17.062
16.872
16.977
17.048
16.957
16.292
17.021
16.912
16.866
16.785
16.733
16.778
16.598
15.805
16.754
14.330
3.506
6.414
2.770
17.084
17.224
17.432
17.513
17.578
17.492
17.428
17.541
17.459
17.290
17.283
17.162
17.376
17.102
17.252
4.187
9.994
8.611
16.153
15.224
15.935
17.110
16.053
15.758
17.413
17.659
17.705
17.057
16.760
11.214
18.314
18.719
18.254
18.660
18.778
19.131
19.132
16.070
19.202
19.668
19.820
20.064
20.271
20.321
20.119
20.367
20.591
20.380
20.510
20.633
21.119
20.837
21.057
20.978
21.196
21.377
21.117
21.189
21.418
21.297
21.252
21.325
21.972
22.361
22.240
22.408
22.450
22.507
22.785
23.002
23.556
23.574
23.762
24.068
23.968
23.685
22.472
23.872
24.074
24.302
24.117
19.061
24.504
25.014
24.928
24.649
24.873
24.691
24.057
18.445
24.850
25.140
25.473
25.776
23.747
25.334
25.159
25.821
26.067
26.049
26.213
24.799
25.233
24.398
12.339
23.332
26.346
26.888
27.357
27.428
27.652
27.622
27.520
26.811
20.008
26.325
28.060
28.286
27.874
27.720
27.556
28.335
28.289
27.088
27.978
28.779
28.668
28.511
27.941
27.960
28.208
28.495
28.166
27.994
27.911
28.184
28.173
28.484
28.571
27.874
27.702
27.416
26.555
27.203
27.602
26.101
15.839
14.594
23.070
27.684
16.794
19.792
28.067
24.394
28.318
28.295
28.320
27.963
27.851
26.095
27.823
27.192
27.635
27.616
27.698
28.050
28.244
28.344
27.435
28.215
23.496
25.136
25.750
27.232
26.647
26.717
24.793
18.908
19.677
23.572
18.740
21.003
22.956
24.103
22.490
19.934
14.495
12.937
20.985
23.369
21.751
23.438
25.813
12.531
23.123
20.073
24.158
22.106
4.036
15.647
19.527
21.086
17.594
3.146
12.133
15.344
14.898
13.365
18.147
18.322
16.709
11.490
5.802
4.999
5.459
11.193
9.145
5.689
5.742
7.117
4.907
8.350
7.761
20.064
18.713
18.866
8.084
14.788
22.742
6.519
2.737
18.543
3.751
1.992
8.960
22.664
24.567
25.300
25.335
24.301
24.454
23.181
24.716
24.890
24.404
20.680
15.666
3.517
9.998
10.823
14.350
21.413
23.954
5.212
7.694
18.524
19.883
20.630
12.386
20.681
21.934
21.001
21.671
23.266
24.504
24.559
24.433
24.202
24.335
24.034
21.343
23.690
23.700
23.623
23.601
23.376
23.326
23.381
21.310
22.519
22.426
21.792
22.826
22.094
19.222
16.296
3.310
21.847
20.443
22.290
12.920
22.215
22.102
21.020
21.963
21.860
21.830
21.345
21.497
21.552
21.731
21.400
21.402
21.337
21.481
21.462
21.235
21.013
20.866
20.562
20.219
20.366
20.520
20.484
20.414
20.285
20.033
19.868
19.387
19.141
19.039
16.727
11.342
1.225
4.544
11.418
13.984
0.998
1.622
17.483
18.193
18.072
18.405
18.628
18.704
17.835
17.402
17.258
17.534
17.442
17.535
17.809
17.489
17.600
17.520
17.256
16.812
16.924
16.790
16.809
16.864
16.209
16.335
16.815
16.886
14.264
16.506
15.377
9.311
1.995
16.512
16.548
14.516
16.293
16.606
16.493
16.834
16.900
17.138
16.963
16.691
16.071
17.089
17.134
17.499
16.706
16.389
16.102
17.735
18.115
17.713
17.446
17.525
17.356
16.021
15.776
17.961
18.295
17.880
17.925
17.897
18.238
18.647
18.796
18.804
18.913
18.924
18.868
18.952
18.982
18.985
18.910
19.053
19.292
19.277
19.123
19.154
17.483
16.042
19.237
19.578
19.724
18.943
18.520
19.285
6.955
20.402
20.542
21.323
20.839
20.890
21.802
21.729
22.122
21.905
21.449
15.571
21.924
22.328
22.350
22.678
22.997
23.109
22.991
22.567
22.303
22.858
22.708
22.811
23.530
23.786
23.714
23.338
19.719
23.002
24.884
24.787
24.762
24.537
24.617
24.646
24.904
25.037
25.430
25.289
25.466
25.328
25.270
25.207
25.474
25.719
25.758
26.470
25.857
25.985
25.913
27.077
26.715
27.025
27.200
26.844
22.250
22.736
25.577
26.793
27.113
27.251
26.949
27.193
27.179
27.037
27.168
26.970
27.305
27.460
27.559
27.839
28.035
28.131
27.881
27.562
27.609
27.637
26.993
22.377
27.085
22.743
26.633
27.473
27.500
27.994
27.865
27.919
28.151
28.557
28.078
28.012
28.041
28.296
28.048
28.143
28.181
28.502
28.274
28.110
28.261
28.301
28.318
28.392
27.885
27.954
27.879
28.312
28.551
28.257
28.169
18.776
12.174
27.215
26.169
27.598
27.255
27.751
22.035
24.416
26.137
27.441
23.808
24.286
7.942
13.733
22.431
27.177
27.360
24.310
18.793
26.571
24.397
25.085
25.466
18.426
22.557
19.832
23.663
19.972
23.056
17.054
18.173
13.100
22.395
25.564
19.636
25.105
25.210
25.278
8.945
10.456
23.303
25.556
20.845
2.149
22.510
26.005
21.139
24.070
24.097
23.909
13.166
12.423
5.204
23.991
20.345
24.896
26.105
23.410
9.171
10.046
11.144
12.294
5.031
14.837
16.838
11.231
7.857
14.412
24.547
23.498
25.577
24.698
22.086
20.347
20.434
24.872
23.943
18.147
20.885
15.665
18.635
8.709
13.186
22.319
22.057
21.049
22.889
23.229
20.312
18.377
16.828
13.298
17.794
13.950
17.292
14.171
5.547
20.515
14.030
15.454
11.008
9.772
19.567
18.800
20.691
22.379
19.357
19.573
23.498
23.692
22.594
23.364
22.992
23.052
22.257
23.051
23.156
22.677
22.107
22.827
23.117
22.923
22.625
22.609
22.534
22.553
22.069
22.274
22.501
21.678
19.597
14.834
19.332
21.746
19.577
21.092
17.869
20.244
19.313
18.284
19.281
18.491
19.115
20.241
19.676
19.869
18.560
18.196
20.120
17.008
19.029
20.108
20.054
19.838
19.372
19.369
19.580
19.544
16.219
16.285
17.296
13.946
17.470
17.799
15.928
17.433
16.730
17.779
17.524
15.403
17.557
16.643
3.319
10.994
10.565
6.275
16.614
16.036
15.433
17.082
17.098
15.284
12.945
12.993
15.713
16.753
17.246
17.551
16.882
16.872
17.043
17.208
17.409
17.383
17.328
17.589
17.610
17.575
17.615
17.548
17.563
17.693
17.570
17.669
17.443
17.261
17.157
16.890
15.097
16.309
13.317
17.165
17.880
17.805
17.299
17.384
17.721
18.401
18.280
18.312
18.205
18.313
18.261
18.201
18.294
18.050
17.878
18.562
18.725
18.369
18.181
18.746
18.871
18.811
18.533
18.835
18.730
19.332
18.872
19.070
19.256
19.500
19.546
19.497
19.802
20.201
20.423
20.438
20.485
20.314
19.935
20.509
20.608
20.635
20.720
20.825
20.785
19.805
20.193
21.504
21.345
21.787
21.352
22.049
22.147
22.089
22.089
22.733
22.873
22.929
22.508
21.615
22.441
22.660
22.531
22.958
23.399
23.628
23.937
24.140
24.402
24.727
24.810
24.891
24.887
24.819
25.665
25.408
25.335
25.371
25.819
25.594
25.543
25.200
25.518
25.794
26.009
26.481
26.258
26.769
26.228
26.619
26.418
26.256
26.233
26.496
26.617
26.538
26.057
25.647
26.784
26.718
26.544
19.255
26.430
26.732
24.448
26.779
26.461
26.910
27.549
27.778
25.864
27.557
27.560
28.003
28.233
28.526
28.415
28.209
27.628
26.595
23.721
27.677
28.281
27.901
27.556
27.913
28.114
27.747
27.771
28.380
28.368
28.173
28.303
28.536
28.307
26.460
24.872
27.524
27.703
28.112
27.718
27.200
27.668
27.798
28.095
24.295
27.680
27.675
27.966
27.986
26.398
27.890
24.514
16.579
12.974
20.954
23.805
26.610
25.709
25.597
20.334
25.715
20.606
25.668
26.986
24.532
26.433
27.020
25.485
25.182
26.689
22.403
10.110
11.681
8.079
5.588
9.918
22.053
19.813
6.677
21.923
26.989
26.551
26.827
26.764
9.255
12.230
26.324
21.401
12.011
17.045
21.503
12.270
3.807
6.325
5.671
12.835
6.647
4.440
10.005
23.054
15.217
13.613
1.883
9.335
2.994
25.264
25.703
19.380
11.776
18.181
17.842
17.373
19.384
19.098
3.770
24.215
11.972
13.039
9.387
1.582
6.877
22.032
7.386
14.883
15.460
9.341
22.405
17.256
24.307
23.924
22.552
21.010
23.306
23.949
8.120
1.859
3.633
14.759
21.360
20.475
17.664
23.098
12.052
14.395
4.481
15.458
11.360
10.346
21.813
9.553
20.256
7.328
13.613
20.456
23.257
22.373
23.124
22.509
15.735
23.258
23.048
22.379
22.190
20.854
19.936
23.030
22.918
21.309
22.042
23.005
22.924
22.954
22.907
22.275
22.776
22.810
22.629
22.526
18.862
15.659
21.359
21.985
19.295
19.832
20.578
21.501
20.465
19.799
18.944
18.469
21.800
21.606
21.509
21.640
21.443
21.048
21.011
20.988
20.832
20.823
20.694
20.505
20.263
19.712
20.174
19.838
19.562
19.865
19.778
19.539
19.439
18.981
19.622
19.536
19.091
18.809
18.743
19.220
19.058
19.000
18.935
18.915
18.877
18.634
18.796
18.440
18.071
17.981
17.107
15.273
12.723
16.980
17.253
17.887
17.796
17.395
17.299
17.315
17.445
17.505
17.500
17.485
17.383
18.068
18.043
17.505
17.499
17.372
17.719
17.494
17.513
17.332
17.213
17.183
17.200
17.363
17.633
17.656
17.678
17.828
17.597
17.588
17.414
16.790
13.627
17.410
17.070
17.246
17.329
17.140
17.227
17.932
17.687
18.091
18.129
18.076
18.441
18.418
18.307
18.107
18.185
18.763
18.909
18.889
18.990
18.482
18.749
18.781
9.261
17.126
18.934
19.356
19.324
19.189
19.132
19.930
19.759
19.820
19.682
19.673
19.721
19.830
21.628
21.362
21.193
21.003
20.837
20.618
20.890
21.334
21.801
21.441
21.453
21.636
22.015
22.356
22.559
22.553
22.663
22.633
22.872
23.120
23.380
23.970
23.359
23.078
23.395
23.572
23.875
23.980
24.453
24.497
25.491
25.304
24.708
22.246
25.143
25.088
25.093
25.231
25.287
25.628
25.754
25.877
26.416
26.818
26.640
26.836
26.695
26.764
25.540
25.908
26.099
26.273
26.016
25.816
26.117
26.024
26.294
26.410
26.345
26.311
26.539
26.771
26.878
23.332
26.876
26.666
26.919
26.968
25.839
26.658
24.846
14.248
3.472
26.722
27.336
28.345
27.426
27.697
27.792
27.998
27.898
28.245
28.187
28.150
27.859
27.942
27.786
26.348
24.064
26.647
26.403
23.188
20.754
26.325
25.622
27.847
28.135
28.249
28.475
28.278
28.163
28.256
28.032
28.170
27.901
28.041
28.289
28.454
28.045
28.300
28.263
28.252
27.962
27.811
27.601
27.811
24.663
25.909
27.648
3.890
12.161
14.379
13.746
18.755
23.966
21.377
17.720
18.769
24.388
23.425
20.534
25.224
25.915
26.491
27.097
24.136
21.214
14.234
21.988
26.849
23.570
22.110
23.014
12.681
13.298
18.355
22.387
7.768
6.041
12.816
15.888
19.251
18.382
5.359
5.188
26.733
21.969
7.506
12.466
20.381
18.397
2.401
13.529
16.469
16.582
5.772
3.127
2.161
4.713
16.194
3.744
6.859
4.680
10.170
5.026
3.668
12.167
8.434
17.571
8.886
23.844
14.694
6.236
7.889
7.254
2.517
7.868
3.487
6.684
4.139
7.785
18.596
8.951
18.284
15.778
3.204
18.226
24.740
20.451
14.597
19.589
20.176
22.415
23.336
24.325
20.301
22.576
20.617
22.463
18.683
14.629
3.150
14.649
20.087
22.294
23.259
3.202
5.558
13.339
17.873
11.899
22.270
22.732
20.670
21.875
21.315
21.448
20.982
16.897
19.735
21.933
21.612
21.705
22.128
22.903
22.647
22.467
22.214
21.753
19.930
20.637
22.059
21.215
21.202
21.271
22.194
22.334
22.186
22.091
21.911
19.942
21.477
21.766
21.536
21.502
21.215
21.031
20.838
20.622
20.409
21.009
20.775
20.652
17.804
21.019
20.783
20.235
15.945
19.288
19.953
20.176
20.423
20.150
20.144
19.932
19.646
19.147
17.525
14.719
18.109
18.651
18.980
19.265
19.113
19.212
18.936
18.706
18.675
18.439
18.282
18.286
18.143
17.935
17.785
18.190
18.164
17.963
17.776
17.551
17.369
17.679
17.155
17.083
17.178
16.897
17.052
16.990
17.209
17.600
17.560
17.065
17.046
16.925
17.082
17.022
16.827
17.407
17.241
17.085
17.232
17.223
17.741
17.784
17.611
17.680
17.444
17.037
15.997
16.804
17.810
17.914
17.975
17.986
18.065
18.163
18.209
17.679
17.945
18.132
18.158
18.038
17.869
17.845
17.092
18.030
18.558
19.028
18.830
18.811
18.724
18.487
18.664
18.908
19.103
18.824
19.278
19.404
18.735
17.220
19.165
19.098
19.284
6.748
18.292
19.940
20.234
20.503
20.372
20.163
19.208
12.353
20.478
19.386
16.036
21.179
21.858
21.717
21.765
21.792
21.767
21.830
22.090
22.715
22.940
22.670
22.927
23.579
23.785
24.184
24.537
24.341
24.254
24.118
24.397
24.370
24.264
24.426
24.237
24.447
23.482
24.835
24.345
20.711
24.809
24.740
24.925
24.910
26.001
20.314
25.066
24.948
25.379
21.296
23.620
24.569
26.123
26.129
25.827
26.388
25.563
26.288
26.490
26.801
26.888
26.710
26.834
26.866
26.411
26.724
26.940
26.836
27.572
27.223
27.028
27.342
24.146
25.835
17.569
22.768
25.798
25.126
26.375
26.984
27.281
28.188
27.668
27.950
27.806
27.827
28.334
27.740
27.591
28.025
27.692
27.867
28.237
28.777
27.849
28.546
27.997
28.077
22.711
26.259
28.022
28.019
28.121
28.070
24.971
28.069
28.301
28.782
28.026
28.103
28.038
27.795
26.380
23.417
28.149
24.111
15.638
26.111
17.905
20.853
22.738
22.633
23.417
25.584
23.572
20.860
26.284
22.947
11.917
23.211
16.785
18.837
12.469
14.664
26.719
26.565
24.256
6.107
22.806
5.937
21.766
5.644
18.981
24.546
24.990
20.232
24.433
2.601
0.785
1.119
4.228
20.959
14.275
20.098
10.699
17.144
4.191
19.616
12.741
11.628
9.799
9.483
17.436
10.577
10.352
14.848
15.251
9.680
10.110
14.460
3.289
2.604
11.046
8.469
8.368
11.727
7.472
1.603
11.152
17.056
15.767
23.935
15.204
23.555
7.846
10.197
8.142
12.264
11.151
9.551
14.094
14.392
20.889
21.971
20.687
21.287
4.110
2.421
3.146
1.500
2.332
4.758
21.508
14.706
23.366
19.961
24.115
25.078
22.962
21.699
23.446
22.815
18.969
23.034
23.083
23.266
22.201
24.695
24.132
23.869
23.167
23.848
23.740
23.651
23.206
24.009
23.619
22.689
10.387
4.142
4.571
5.423
5.659
21.980
22.594
20.657
20.813
13.663
20.775
20.009
18.829
20.748
18.574
15.005
19.657
20.249
18.591
20.241
19.411
18.814
20.736
21.006
21.322
21.330
21.594
21.417
20.979
21.306
21.502
21.389
21.386
21.073
19.491
20.186
20.280
20.654
20.517
20.284
20.268
20.163
19.931
19.800
19.736
19.666
19.333
18.396
6.976
11.932
19.127
19.119
18.977
18.135
18.075
18.797
19.221
19.137
18.775
19.102
19.125
18.803
18.549
18.314
17.948
17.517
17.657
17.077
17.647
18.052
17.806
17.500
13.325
15.841
17.201
17.340
18.016
17.836
17.926
17.948
17.858
17.723
17.847
17.845
17.830
17.961
17.924
17.855
17.579
17.238
17.646
17.397
17.264
16.848
16.922
16.821
16.601
16.788
17.147
16.874
12.946
12.538
16.927
9.674
15.987
4.129
17.677
18.158
17.471
17.217
17.462
17.825
17.960
17.926
17.496
17.398
18.032
17.935
18.004
18.951
18.046
17.849
9.817
15.456
17.460
16.611
18.342
18.642
19.209
19.667
19.413
19.745
19.613
19.485
17.625
19.731
19.815
19.961
19.922
20.041
20.414
21.113
20.979
20.883
21.013
16.116
20.843
10.965
21.359
21.866
22.253
21.974
21.660
11.695
18.724
21.762
19.179
13.318
19.188
21.041
22.743
23.437
23.566
23.350
22.327
19.612
22.564
22.726
21.627
22.940
21.433
23.548
22.545
23.578
24.034
24.230
24.517
24.627
24.623
25.990
25.806
25.942
25.076
25.176
25.001
25.381
25.381
25.269
25.484
26.082
25.930
26.122
26.140
26.539
26.354
26.753
26.537
26.341
25.965
26.344
26.774
27.412
27.319
27.134
26.819
26.902
26.922
27.257
26.849
26.906
25.484
26.775
27.291
26.163
27.611
27.905
27.783
27.874
28.148
28.064
27.705
27.784
27.881
27.612
26.986
27.999
27.127
27.657
28.058
27.553
26.831
28.272
28.062
27.758
27.916
27.362
26.647
27.004
25.840
27.763
27.616
27.568
28.330
28.531
28.388
28.400
25.750
27.700
27.334
21.526
28.006
28.249
28.270
27.878
28.150
28.301
25.946
27.421
27.533
27.774
27.622
27.780
27.447
25.608
26.639
27.307
16.720
17.495
23.103
22.226
27.080
23.296
18.286
27.437
27.176
27.067
27.356
26.402
25.978
26.957
27.693
27.522
27.775
27.731
21.480
20.442
24.873
24.066
26.420
22.926
21.359
17.800
25.071
23.023
25.058
14.523
2.768
20.057
14.405
12.975
1.883
11.451
19.437
23.557
6.268
0.728
1.169
9.649
11.733
23.232
21.081
23.899
24.783
13.798
