20000101
16.945
17.148
17.423
17.463
17.394
17.614
17.480
17.571
17.611
17.602
17.262
10.543
17.501
17.739
17.879
17.605
17.077
17.437
17.936
18.415
18.472
18.166
18.098
18.388
18.506
18.623
18.818
19.111
19.639
19.772
19.564
19.042
19.152
19.119
19.259
18.056
20.226
20.295
20.285
20.566
20.575
20.478
20.926
15.144
20.944
20.458
21.006
21.905
21.992
21.924
21.565
21.766
21.624
18.167
12.167
7.292
22.800
23.134
23.156
23.078
22.897
22.973
23.045
23.846
24.064
24.061
23.740
24.571
24.736
24.906
23.887
24.139
23.991
24.288
25.025
24.558
24.514
24.937
25.776
25.880
25.852
25.478
25.861
26.190
26.084
26.261
26.694
26.931
26.714
26.771
26.448
26.314
26.623
26.763
26.685
26.324
26.532
26.444
26.370
27.416
27.505
27.227
27.128
26.801
26.681
26.884
27.019
27.467
27.354
27.819
27.622
27.339
22.649
26.264
27.296
27.377
27.308
27.528
27.777
27.693
27.708
28.192
27.369
27.921
27.948
27.694
26.231
26.174
23.512
17.846
22.066
19.056
16.279
27.044
26.879
24.848
22.543
24.693
13.313
18.780
15.844
26.380
27.302
26.754
27.756
27.726
27.846
26.889
20.290
23.314
22.967
22.614
18.569
25.584
24.552
25.732
18.173
26.836
19.122
16.319
24.163
27.423
27.815
26.290
18.293
22.006
24.683
25.792
27.626
27.631
16.272
14.487
13.372
16.601
24.800
19.255
25.064
23.628
26.370
21.386
18.591
11.964
19.073
20.656
17.733
25.636
23.964
24.293
23.360
20.135
11.101
18.562
10.090
1.554
19.063
6.569
17.206
15.005
13.461
3.492
5.634
2.333
10.627
23.112
25.775
26.683
26.320
22.198
21.805
19.451
1.793
11.981
24.566
10.745
18.781
25.094
20.011
25.863
21.481
21.045
18.415
22.414
14.269
21.396
21.585
12.056
10.980
8.558
20.098
20.502
8.987
3.381
5.688
19.117
19.757
24.005
25.193
24.904
23.600
24.659
21.509
19.745
15.348
6.232
8.119
7.062
5.107
6.483
1.241
1.940
22.425
23.911
23.722
24.217
24.397
23.037
24.226
24.093
22.670
21.673
23.615
23.735
23.710
22.433
22.190
21.735
23.036
21.525
18.141
22.183
23.293
21.261
20.965
23.067
22.562
22.971
22.987
22.968
22.692
22.563
22.304
21.995
21.843
20.746
21.229
14.620
18.690
19.937
21.549
22.484
22.080
21.798
21.573
21.643
21.594
21.416
20.895
20.576
20.590
20.485
20.811
20.910
20.874
20.443
20.532
20.602
20.164
20.035
19.524
19.430
19.581
19.317
19.132
19.103
19.034
18.909
18.647
18.507
18.522
18.496
18.638
18.846
18.730
18.426
18.608
18.514
18.232
17.879
17.663
17.768
17.743
17.521
17.604
17.715
17.685
18.164
18.134
18.142
17.842
17.668
17.506
17.537
17.400
17.330
17.322
17.236
17.222
17.199
17.188
17.110
17.100
17.214
17.220
17.119
17.089
17.041
17.205
17.314
17.200
17.334
17.497
17.455
17.345
17.224
3.809
1.321
16.959
17.495
17.570
17.520
17.415
17.185
16.942
17.638
17.744
17.314
16.137
16.993
17.684
17.628
15.451
16.815
16.310
17.230
17.163
17.852
18.132
18.185
18.992
19.685
19.677
19.512
19.436
19.278
19.267
18.485
11.101
13.660
19.132
19.674
20.157
20.890
21.034
20.985
21.130
21.326
21.130
20.821
20.777
20.749
20.764
21.641
21.565
21.631
21.587
21.659
21.756
22.368
22.625
22.329
22.213
22.093
22.034
22.307
22.985
22.950
23.092
22.655
20.089
23.557
24.085
24.133
23.956
23.519
21.332
22.051
19.554
23.848
23.924
24.189
24.263
24.584
24.739
24.058
16.671
24.207
23.324
24.084
24.721
25.003
25.434
25.454
25.004
26.398
26.588
26.439
26.310
24.588
26.406
25.107
26.544
27.331
27.219
18.942
27.368
26.911
19.410
22.430
26.374
26.812
26.831
11.188
20.725
21.340
26.663
24.665
28.024
28.174
28.176
28.037
27.772
27.839
27.765
27.660
28.054
27.931
27.699
27.900
28.245
27.975
27.873
27.757
27.351
28.363
28.500
27.897
28.350
28.105
15.572
26.649
27.556
27.246
26.477
27.159
19.573
25.350
24.271
22.043
27.414
27.985
27.195
19.832
26.556
24.681
26.804
26.802
17.562
14.286
23.851
25.610
25.978
14.067
22.729
14.419
21.483
21.414
22.738
23.919
19.919
26.182
15.030
17.192
1.597
8.385
23.871
9.125
7.398
26.702
27.518
27.558
26.459
23.754
25.785
12.238
22.586
21.381
19.352
15.529
2.971
4.002
17.147
25.152
23.028
21.999
26.133
23.565
11.929
11.564
13.388
22.242
15.035
6.994
6.296
4.775
3.981
8.853
22.436
2.482
18.708
2.380
14.935
19.504
23.718
23.547
12.853
16.421
14.792
25.459
25.780
5.331
23.140
15.970
19.180
18.518
21.987
23.571
25.495
20.795
23.424
19.987
21.493
23.125
17.545
14.924
5.775
8.227
24.598
16.485
21.294
12.754
21.935
23.122
23.739
24.476
22.357
24.987
22.818
23.686
25.054
16.632
21.429
21.197
19.445
22.799
21.249
11.113
18.038
22.540
19.466
22.564
22.051
17.997
16.579
19.079
14.880
15.597
12.240
16.902
17.164
22.543
19.805
17.815
17.682
21.760
21.791
22.976
23.800
23.541
22.902
10.269
16.371
20.606
20.751
18.073
18.613
21.832
19.995
20.841
16.281
20.204
5.739
20.755
15.473
6.145
21.551
21.705
22.115
22.011
21.787
21.502
21.121
21.223
21.180
20.991
20.863
20.627
20.528
20.324
20.150
19.955
19.975
19.937
19.706
19.485
19.674
19.721
19.134
19.084
19.171
19.389
19.250
19.337
19.327
19.391
19.140
18.223
17.641
17.532
18.134
18.277
18.495
18.424
18.314
18.379
18.307
18.252
17.996
18.149
18.014
17.961
17.869
17.637
17.476
17.672
17.692
17.195
17.121
17.131
17.056
16.827
16.696
16.663
16.768
16.705
16.494
16.572
16.617
16.806
16.855
16.630
16.963
17.424
17.281
17.298
16.973
16.674
16.529
16.343
16.557
16.430
16.840
17.211
17.405
17.425
17.518
16.840
15.100
16.881
17.398
17.449
17.501
17.554
17.739
17.794
17.801
17.620
17.224
17.591
18.193
17.999
18.038
18.105
18.109
18.418
18.723
18.544
18.607
18.965
19.718
19.474
19.853
19.485
19.137
19.450
19.619
9.915
19.290
20.092
19.994
21.204
20.746
3.440
20.609
20.802
20.379
20.402
20.645
20.667
4.260
5.709
11.331
21.437
21.512
21.591
21.719
20.509
22.350
22.399
22.437
22.471
22.422
22.681
22.834
23.235
23.535
23.599
23.612
23.058
23.345
22.284
21.585
22.937
22.845
18.028
23.861
24.678
24.787
24.869
25.410
23.150
22.786
20.107
25.353
25.165
25.404
25.218
25.506
26.153
26.581
26.805
26.501
25.835
25.827
26.649
26.165
26.011
22.878
11.891
21.038
24.319
26.900
27.456
27.051
27.052
27.066
26.655
26.676
12.138
20.919
17.470
20.457
27.045
27.511
27.714
27.757
27.724
28.541
29.347
28.616
28.420
28.403
28.286
28.621
28.622
28.545
28.046
27.954
28.150
28.437
25.121
27.242
27.438
26.557
27.482
27.378
27.648
28.060
23.384
27.583
28.476
28.200
28.027
27.835
27.801
27.856
28.144
28.016
28.382
27.769
23.693
16.180
14.797
28.201
21.708
22.942
17.714
23.875
27.038
27.094
27.126
26.991
24.732
27.036
23.789
23.077
13.058
26.993
27.280
25.903
18.943
23.185
21.744
21.002
20.787
26.713
21.340
12.949
18.514
18.541
5.311
6.219
8.606
25.787
26.945
27.399
24.415
26.082
25.218
23.048
18.827
24.922
22.154
16.247
19.174
25.569
21.649
7.252
8.405
20.826
1.889
13.338
2.509
23.834
7.809
7.492
6.562
5.373
6.698
9.378
23.765
11.994
26.653
25.349
19.509
22.673
9.464
22.098
8.196
11.517
11.904
10.188
19.487
7.109
10.316
6.464
4.473
7.700
11.959
2.245
7.482
9.316
9.615
8.332
6.080
18.718
18.726
14.840
13.989
19.182
24.933
24.725
8.766
4.130
15.382
19.506
20.835
16.067
7.217
5.541
22.609
9.118
14.681
8.647
23.901
22.128
22.087
24.236
24.628
24.369
24.104
23.642
17.372
20.035
21.518
22.258
22.814
23.013
21.426
15.589
18.319
17.432
18.305
19.840
10.530
22.737
22.789
22.695
22.609
22.648
22.358
22.045
22.167
22.144
22.154
22.319
21.883
21.520
21.896
21.767
17.974
20.889
18.739
21.106
20.843
18.678
20.876
21.048
21.114
20.881
20.954
20.817
20.696
20.343
20.191
19.975
19.659
19.594
19.571
19.474
19.264
10.347
17.590
19.038
19.046
19.020
15.683
16.716
18.416
18.487
18.447
18.799
18.774
18.481
18.368
17.981
18.091
18.148
17.988
17.925
17.258
17.581
17.589
17.721
17.422
17.128
17.722
17.625
16.943
17.008
16.864
16.454
16.485
16.180
15.931
16.919
16.879
16.838
16.795
16.736
16.833
16.751
16.779
16.751
16.646
16.396
16.500
16.784
16.537
16.753
16.671
16.597
16.661
16.822
15.556
4.211
16.271
17.285
16.793
16.177
16.618
16.791
16.628
6.476
16.944
10.414
11.375
16.043
14.702
16.132
17.702
18.226
18.559
18.599
18.621
18.250
6.830
17.667
17.844
18.476
18.633
18.284
18.395
14.478
18.237
18.988
18.874
18.526
14.890
14.916
16.099
16.841
19.069
19.444
19.784
20.527
20.377
20.260
20.164
20.077
20.543
21.048
20.942
20.916
20.262
16.565
20.846
20.940
21.408
21.566
21.464
21.762
22.013
21.876
21.889
22.132
22.122
22.357
23.239
24.751
24.284
24.103
24.455
24.497
23.992
24.131
24.354
24.530
24.727
24.560
24.038
24.562
24.427
24.540
24.732
25.312
25.397
25.238
25.006
25.169
25.425
25.558
25.972
25.439
25.703
25.508
25.697
26.240
25.954
25.924
25.742
25.809
25.571
12.862
26.236
26.087
22.446
25.924
20.509
26.555
24.341
27.005
26.836
24.261
26.726
27.152
28.336
27.389
27.619
27.743
27.904
27.709
10.747
27.647
28.290
28.559
28.505
28.152
28.050
28.514
28.349
28.241
28.167
28.224
28.327
28.550
29.078
28.813
28.406
28.227
25.455
29.345
28.476
28.079
27.961
28.042
28.152
28.205
28.122
27.339
26.104
28.061
28.250
26.581
27.512
25.837
23.351
25.818
29.206
26.726
21.746
28.164
28.374
28.131
28.051
26.312
27.769
27.657
25.281
25.372
20.095
4.633
12.533
9.199
7.176
24.371
18.002
14.631
20.576
22.170
21.571
18.792
15.478
15.360
20.429
11.819
22.273
19.489
22.714
21.228
25.300
12.758
21.574
14.244
25.371
19.842
15.863
22.101
19.472
24.301
25.772
25.350
22.133
20.302
25.349
26.362
24.769
15.005
13.780
23.135
23.104
14.916
12.198
7.762
7.715
13.317
12.387
17.527
25.045
12.640
15.207
10.384
17.904
23.012
25.573
25.132
25.264
2.510
13.610
14.315
24.141
5.907
23.980
24.784
14.799
10.983
18.919
14.123
23.677
25.166
24.188
22.732
9.212
11.559
6.148
20.414
14.481
18.985
2.998
8.938
4.802
20.165
11.217
14.251
20.849
23.502
18.092
23.075
14.028
16.402
22.443
23.743
22.491
21.835
18.131
2.994
21.770
14.309
22.192
19.890
20.011
20.567
19.955
22.472
22.226
21.712
20.697
12.387
8.382
22.017
22.496
22.323
21.546
23.282
23.120
22.128
21.519
21.593
22.116
21.137
22.009
22.060
21.845
21.684
21.720
21.663
21.577
21.166
21.230
20.890
21.462
21.392
21.314
21.137
20.918
20.694
20.411
20.366
19.649
19.099
18.704
19.519
19.378
18.856
18.332
19.259
16.853
16.221
18.574
18.807
18.770
19.072
18.983
18.767
18.686
18.632
18.196
18.079
16.056
17.767
17.730
17.807
17.885
17.817
17.306
17.374
17.060
17.103
17.214
16.988
17.053
17.164
17.024
17.029
17.022
17.026
17.041
17.299
16.977
16.843
16.831
16.708
16.555
16.430
16.745
16.832
16.642
16.728
16.690
16.719
16.587
16.699
16.655
16.679
16.672
16.597
9.299
15.917
17.085
17.044
17.031
16.937
17.118
17.092
16.870
16.602
15.503
16.220
16.574
16.989
17.130
17.322
17.386
17.444
17.465
17.575
17.582
17.094
17.549
17.731
18.092
17.662
11.538
16.748
18.111
18.535
18.080
17.772
18.782
17.646
17.560
16.635
18.871
19.251
19.763
19.634
19.259
20.417
20.616
20.679
20.616
20.431
20.443
20.522
19.966
20.179
20.339
21.166
21.283
21.561
21.087
21.393
21.653
21.888
22.074
22.346
22.635
22.557
22.545
22.135
22.385
23.030
22.981
22.942
23.292
22.788
22.688
23.153
24.656
24.764
24.228
24.326
24.429
24.581
24.498
24.893
24.861
25.052
25.116
25.340
25.797
25.744
25.549
25.660
25.239
25.484
25.486
25.483
24.350
25.474
25.579
25.243
26.135
25.333
25.065
24.080
25.727
26.024
26.573
26.745
25.945
26.204
26.296
26.407
26.775
27.286
27.189
27.231
27.283
27.050
26.668
27.064
27.018
27.279
27.147
26.983
27.199
28.096
28.128
27.718
27.370
27.616
27.376
28.514
28.991
28.755
28.055
27.768
23.837
25.601
20.796
23.915
21.202
6.796
22.120
20.843
25.540
19.397
22.885
16.948
25.862
28.263
28.229
28.216
28.010
28.314
28.210
28.220
28.282
28.189
28.168
28.266
26.726
28.061
26.136
27.959
27.918
28.261
25.981
20.250
14.270
21.250
19.410
10.561
13.563
19.815
12.568
14.450
20.403
21.156
18.324
20.501
22.185
11.820
26.665
24.321
24.644
22.681
24.357
19.207
24.321
27.147
21.437
25.921
25.067
13.773
21.785
11.125
5.105
16.370
3.825
15.992
25.498
24.892
20.669
25.250
25.089
27.068
19.720
11.275
22.610
26.205
26.562
26.089
26.628
26.070
23.491
16.573
5.644
17.901
4.929
10.151
14.092
22.048
4.029
4.011
8.801
24.897
23.449
7.268
11.147
7.607
10.449
6.604
6.434
6.624
4.803
1.744
4.566
4.077
3.802
6.799
8.781
8.840
17.632
22.817
14.280
3.762
2.666
8.997
23.377
24.277
24.829
25.368
25.242
24.792
17.821
21.875
20.380
24.319
24.035
21.145
24.098
24.268
23.493
23.073
23.930
22.127
23.238
23.680
23.202
23.513
22.389
21.969
21.365
22.154
19.772
19.790
22.412
22.393
21.861
21.448
21.996
22.368
21.878
20.549
20.766
19.569
20.416
19.020
20.525
17.707
21.010
21.243
18.915
20.085
13.905
21.437
19.644
21.425
21.601
21.652
21.628
21.674
21.296
21.114
21.138
20.940
20.747
20.472
20.479
20.306
20.540
20.245
18.102
19.593
19.746
13.293
18.237
19.008
19.309
19.654
19.103
18.856
18.683
18.736
16.112
13.366
12.141
18.088
17.479
17.892
17.217
16.107
13.384
17.996
17.920
17.948
17.945
17.900
17.668
17.580
17.465
17.389
17.218
17.432
17.616
17.477
17.219
17.190
17.287
17.266
16.842
16.792
16.650
16.923
16.939
16.905
17.258
16.945
16.894
16.964
17.103
17.174
17.250
17.170
16.486
16.464
16.174
16.220
16.479
16.437
16.673
16.434
16.439
16.468
15.073
15.324
13.682
15.969
12.920
16.545
16.764
16.275
17.256
17.618
17.422
17.281
17.582
17.896
18.016
17.719
17.790
17.581
17.911
18.409
18.087
18.215
15.596
18.098
18.548
18.429
18.303
17.212
18.408
17.365
17.231
17.654
12.097
19.504
19.869
19.453
19.439
19.337
19.490
19.448
19.598
19.709
20.109
20.292
20.629
20.347
20.583
20.706
20.838
20.603
21.343
21.941
22.241
15.550
22.321
22.461
22.211
22.216
22.262
22.288
6.914
16.350
19.817
22.357
22.659
22.836
20.550
18.028
10.391
18.412
23.138
23.883
24.205
24.392
24.416
24.566
24.410
24.785
24.972
24.718
24.712
24.658
25.081
25.030
25.768
25.855
25.517
25.232
25.292
25.882
27.025
26.484
26.919
26.829
27.106
27.500
27.392
27.393
26.443
26.966
27.316
28.501
28.435
27.834
27.297
14.674
26.888
27.152
27.134
27.522
28.171
28.127
27.045
25.734
24.035
24.960
25.904
27.320
27.784
27.378
27.640
26.007
23.941
21.353
27.165
21.435
19.399
25.004
26.803
26.449
27.006
27.872
28.576
29.013
29.215
28.642
28.568
28.281
28.258
28.619
22.421
27.846
28.166
28.023
28.677
28.406
28.498
28.389
28.249
19.950
25.805
24.620
28.037
28.451
26.933
28.361
28.273
28.117
26.351
28.223
20.292
23.194
23.099
26.732
26.523
24.712
23.336
25.066
15.061
22.401
24.030
17.375
25.304
20.375
21.876
22.227
24.498
13.805
17.738
14.289
1.453
20.315
22.301
15.852
7.710
3.981
20.582
8.612
15.081
10.380
8.542
22.374
19.290
17.721
7.250
25.727
10.522
13.300
22.958
22.972
22.013
24.238
9.619
25.557
25.595
25.220
23.517
7.147
12.306
21.280
1.150
3.266
10.939
23.608
5.696
10.215
6.299
9.053
14.913
3.980
9.532
11.315
24.230
24.867
22.851
25.723
23.673
23.962
21.356
12.331
9.623
21.704
24.308
21.656
24.130
22.899
24.898
19.824
22.967
18.526
20.541
23.814
24.988
24.852
25.203
22.765
22.730
21.969
18.656
19.365
23.286
21.874
23.298
21.104
22.782
21.725
20.458
21.195
12.873
10.057
14.700
12.082
11.506
7.134
18.749
22.754
15.217
15.325
8.236
22.724
20.366
22.812
22.824
22.547
19.844
21.198
22.483
22.047
22.369
22.501
22.485
22.155
22.282
22.235
16.663
22.039
21.803
21.857
21.613
8.002
18.612
20.902
21.035
20.927
20.717
18.635
20.786
19.715
20.323
10.705
19.837
20.726
20.514
19.872
20.641
20.336
20.008
19.838
16.762
19.336
19.644
19.409
19.239
19.382
19.727
19.537
19.306
19.198
19.092
19.041
18.948
18.707
18.573
18.407
18.419
18.456
18.333
18.355
18.274
17.877
17.768
17.622
17.265
17.520
17.352
16.844
4.684
15.144
15.455
16.919
17.183
17.302
17.337
17.284
17.306
17.109
17.280
17.106
16.962
17.140
16.948
16.971
17.303
17.232
16.939
16.840
16.760
16.709
16.852
17.209
17.270
17.052
17.166
17.264
17.005
16.984
16.991
16.728
16.576
16.923
16.843
16.684
15.569
16.683
17.547
17.695
17.634
17.540
17.515
17.435
17.690
17.796
17.526
17.703
17.478
17.562
17.802
17.751
18.167
18.821
18.870
18.908
19.023
19.117
19.029
19.120
19.338
19.428
19.574
19.469
19.581
19.964
20.274
20.411
20.527
20.506
20.504
20.588
20.732
20.672
20.722
20.916
20.774
21.119
21.302
21.371
21.588
21.305
21.607
21.717
22.014
22.156
22.121
21.559
21.798
20.647
9.600
11.104
21.952
11.684
23.547
23.712
23.628
23.055
13.818
20.696
21.264
23.671
23.542
14.688
11.160
12.644
24.051
16.039
24.098
21.763
24.783
25.243
25.064
24.922
24.972
25.898
26.256
26.286
26.528
26.441
26.235
25.978
25.949
26.460
26.386
26.386
26.061
26.565
26.705
26.439
26.608
26.523
26.801
26.740
26.606
21.565
24.339
26.725
27.712
27.164
27.141
27.372
26.836
26.531
25.598
27.295
27.283
27.554
27.571
27.365
26.830
27.089
27.529
28.091
28.403
28.205
28.083
28.206
28.000
28.129
28.384
28.129
13.868
28.303
28.213
27.846
27.677
24.249
23.657
22.996
27.476
24.279
18.340
24.551
18.178
21.252
24.594
26.919
25.700
24.059
25.102
14.065
10.844
11.537
21.206
23.832
27.040
27.693
26.104
23.229
21.964
22.168
6.943
27.933
27.695
27.254
25.221
27.597
22.232
19.172
6.230
16.201
21.238
22.098
16.844
16.819
15.233
20.933
22.128
24.270
22.235
15.349
24.245
23.094
13.359
4.857
13.996
4.223
15.426
15.708
10.925
14.068
9.673
6.398
7.704
25.939
24.078
25.156
16.186
11.168
2.220
3.581
11.514
6.085
19.195
22.367
16.165
25.605
20.045
17.036
9.193
9.582
8.064
8.362
16.791
23.390
7.734
11.883
22.168
8.504
11.903
6.779
2.832
2.146
6.551
22.869
24.226
21.120
16.991
15.017
2.663
6.908
11.336
10.523
7.388
24.317
23.784
13.144
11.785
22.378
6.252
12.309
23.330
3.221
1.731
21.629
19.443
23.887
23.895
13.349
23.680
23.821
24.142
23.755
23.618
23.704
23.893
23.504
18.526
22.393
23.153
22.688
22.659
21.767
20.207
12.334
17.492
22.440
22.270
21.000
19.803
18.963
18.948
22.777
17.890
20.339
21.445
22.071
22.273
22.006
22.406
22.634
22.324
22.226
22.233
22.174
21.726
19.286
11.224
21.174
21.336
19.511
20.726
20.259
18.530
20.077
20.123
20.481
20.571
20.265
20.220
20.278
19.873
19.438
19.003
19.113
19.062
19.293
18.894
19.076
12.785
18.358
5.351
18.984
19.030
18.774
18.586
18.630
18.576
18.323
18.347
18.414
18.272
18.474
18.184
17.757
4.170
17.414
17.588
17.580
17.487
17.212
16.962
10.666
16.391
3.389
14.995
16.783
16.577
16.742
16.750
16.631
16.483
16.713
16.811
16.812
16.755
16.653
16.587
16.597
16.638
16.688
17.051
16.800
16.858
16.809
16.753
16.414
16.636
16.469
16.337
16.303
16.680
16.721
16.797
16.771
16.696
16.750
16.881
16.958
16.853
16.982
17.142
17.316
17.281
17.235
17.246
17.296
17.297
17.459
17.497
17.879
18.105
17.954
17.982
18.019
18.076
18.156
18.385
18.331
18.483
18.531
18.695
18.483
17.364
17.922
18.514
19.135
19.398
19.150
19.427
19.841
19.831
19.776
19.982
18.806
9.811
19.533
20.003
17.366
11.381
19.917
20.703
21.033
21.104
21.174
21.387
21.385
21.475
21.579
20.103
20.163
22.238
22.397
22.325
19.575
22.506
22.870
23.049
23.155
23.495
23.576
23.910
23.955
23.541
23.028
11.395
8.860
24.193
24.584
24.822
24.804
24.795
24.372
24.204
24.102
24.560
24.984
25.431
25.636
25.997
25.931
26.007
26.185
26.175
25.880
25.758
25.916
26.490
26.853
26.836
26.618
26.414
22.131
26.660
27.022
27.037
27.240
27.081
26.658
22.368
26.500
26.310
25.621
20.196
25.636
26.756
27.398
27.555
27.710
27.317
27.925
27.863
27.450
19.714
22.903
27.727
26.258
25.597
25.277
22.587
23.279
23.397
22.787
26.300
27.609
27.922
28.235
27.946
28.065
28.180
27.994
27.693
26.358
26.132
25.611
26.541
27.705
28.211
28.544
28.361
28.664
28.163
7.984
24.547
13.520
26.014
18.956
19.714
13.373
18.585
9.192
23.859
25.416
26.593
27.623
27.751
27.083
26.674
25.313
9.338
6.874
13.498
21.013
18.147
22.741
17.364
19.401
23.430
19.998
7.685
12.286
17.992
14.854
17.187
16.744
14.790
11.945
7.428
2.649
5.063
6.810
0.981
0.486
1.848
4.931
2.580
1.157
26.075
19.611
20.030
18.232
19.679
19.914
26.837
26.542
20.976
22.907
22.335
23.833
9.669
17.988
20.536
11.343
22.084
22.700
24.964
24.653
25.601
18.139
13.380
14.852
13.713
18.987
18.783
3.039
9.712
12.759
9.449
18.389
11.154
8.282
17.792
10.229
15.662
16.896
16.409
21.784
2.882
22.074
15.332
22.642
24.156
24.809
18.942
19.405
10.003
15.888
20.582
23.704
23.083
21.316
22.077
19.471
8.366
9.504
23.325
23.232
23.650
23.785
24.032
23.767
23.976
23.845
22.819
22.767
22.748
21.883
21.230
18.732
20.021
11.584
22.074
21.588
18.875
21.376
14.040
22.751
19.797
22.803
22.594
22.753
22.385
21.544
21.832
22.400
22.249
22.267
21.966
21.302
8.400
20.400
22.261
21.984
21.757
21.554
21.766
21.805
21.584
21.427
21.294
20.481
20.662
20.507
20.676
20.452
19.653
20.271
20.164
19.273
18.552
18.820
17.672
18.496
18.910
19.048
19.080
18.948
18.352
15.356
17.196
18.482
18.420
18.511
18.677
18.659
18.745
18.542
18.306
18.454
18.596
18.538
18.330
18.369
18.321
18.125
18.066
17.739
16.859
17.203
16.923
2.494
15.407
16.929
16.876
15.933
16.701
16.922
16.985
16.476
16.357
14.862
3.418
13.952
1.514
15.769
16.639
16.799
16.939
16.659
16.559
16.557
16.774
16.348
16.089
16.186
16.155
16.527
17.044
17.059
16.838
16.885
17.295
16.579
16.649
16.746
16.868
16.862
17.041
16.867
17.034
17.132
17.068
17.216
17.422
17.079
17.637
17.807
17.770
18.114
18.122
18.443
17.855
18.368
18.740
18.912
18.972
18.991
18.748
18.650
17.685
19.620
19.850
19.629
17.253
20.318
20.502
19.904
19.405
20.240
20.636
21.152
19.177
20.924
20.897
20.836
20.951
20.947
21.475
21.896
21.950
22.140
21.964
21.794
21.745
22.131
22.689
23.025
23.420
23.579
23.525
23.644
23.521
23.644
23.574
23.534
23.927
23.645
23.859
23.947
21.966
22.648
20.594
22.723
23.889
24.098
24.305
24.319
24.775
24.555
24.814
25.141
24.859
23.629
24.109
24.317
24.740
21.058
24.137
25.580
16.970
19.922
26.043
25.799
25.981
24.921
22.341
25.039
18.236
26.567
26.773
26.868
26.786
26.671
26.561
26.982
27.490
27.264
27.223
27.655
27.828
27.536
27.847
27.916
27.629
27.766
27.706
27.798
27.772
28.211
27.321
27.494
27.448
28.193
28.161
28.356
28.252
26.288
26.168
25.235
26.136
27.684
17.597
28.159
27.971
27.316
28.109
28.395
27.899
28.160
28.015
27.960
28.153
28.108
28.059
28.063
28.457
28.389
27.403
26.301
28.151
28.216
23.842
27.969
21.184
24.727
25.703
20.398
25.058
25.718
23.337
10.791
6.786
17.853
21.329
21.757
17.266
8.535
18.403
7.595
23.669
13.461
3.130
12.430
23.952
24.001
21.323
2.508
5.556
4.640
7.527
6.981
7.583
19.540
12.183
9.814
10.295
11.465
21.022
17.439
23.459
5.946
1.768
1.225
15.317
16.054
18.676
22.414
20.687
26.080
16.139
8.549
19.656
23.725
23.152
18.865
22.410
16.024
3.402
3.942
15.403
6.459
19.672
13.474
22.707
18.736
22.092
17.564
13.374
10.319
14.681
5.062
11.719
8.515
23.068
6.285
10.305
6.098
14.722
8.335
21.429
13.101
10.699
21.245
25.006
23.309
21.390
22.873
5.541
16.649
5.886
21.224
24.543
24.954
24.874
22.857
19.477
14.397
22.602
22.438
21.049
17.506
19.842
22.287
22.885
23.155
22.398
19.914
21.282
12.279
15.544
17.305
17.835
15.036
11.087
12.992
21.436
21.756
19.582
22.275
22.851
23.182
23.034
22.821
22.646
14.197
18.227
18.297
20.649
16.642
20.198
19.019
17.550
17.723
20.195
21.788
21.559
21.907
21.820
21.545
21.338
21.194
20.976
21.170
21.244
21.319
21.130
20.953
20.885
20.887
20.637
20.660
20.210
20.212
19.900
19.964
19.956
19.925
19.862
19.847
19.760
19.803
19.371
19.396
19.416
19.121
18.744
18.400
18.316
18.245
18.370
13.965
10.570
16.105
15.503
13.911
16.127
17.916
17.995
18.202
18.207
18.187
18.119
15.906
16.778
2.890
15.299
16.521
16.689
16.726
16.569
16.654
16.709
16.557
15.465
16.689
16.578
16.555
16.463
16.422
16.435
16.270
15.418
16.508
14.934
5.351
4.802
2.383
16.731
16.912
17.083
17.169
17.268
17.208
17.134
17.227
17.116
17.001
16.990
16.886
17.038
16.871
16.936
4.058
8.667
8.241
15.815
14.897
16.095
16.761
16.770
16.016
17.249
17.418
17.458
17.051
16.495
12.366
17.990
18.439
18.097
18.398
18.509
18.829
18.817
15.579
18.874
19.334
19.552
19.836
20.011
20.044
19.903
20.156
20.358
20.141
20.256
20.352
20.891
20.600
20.835
20.804
20.926
21.127
20.851
20.877
21.150
21.053
21.019
21.021
21.688
22.120
22.002
22.170
22.224
22.285
22.627
22.821
23.387
23.446
23.567
23.937
23.800
23.520
23.041
23.589
23.871
24.194
24.161
17.259
24.317
24.918
24.770
24.477
24.721
24.530
23.603
20.005
24.892
24.872
25.335
25.652
23.661
25.161
25.010
25.658
25.882
25.946
26.106
24.747
25.293
24.869
15.712
23.129
25.604
26.828
27.280
27.339
27.555
27.593
27.488
26.363
23.283
23.620
27.925
28.202
27.831
27.629
27.505
28.289
28.250
25.951
27.871
28.716
28.618
28.391
27.653
27.943
28.160
28.463
28.175
28.050
27.875
28.187
28.008
28.461
28.585
27.882
27.483
26.588
25.435
25.934
27.550
25.883
20.397
13.717
23.645
27.814
16.802
20.964
27.729
23.461
28.356
28.285
28.317
27.939
27.081
25.913
27.735
27.690
27.794
27.827
27.887
28.188
28.336
28.418
28.294
28.307
25.321
24.527
26.152
27.920
25.866
26.125
24.313
19.398
20.416
23.504
19.976
20.562
22.439
26.921
23.798
20.714
16.628
14.061
19.217
22.996
24.019
22.611
25.950
16.153
23.307
20.086
23.464
21.083
3.693
17.634
23.977
20.587
19.785
5.771
19.159
17.684
16.665
10.623
19.374
22.005
17.252
13.658
6.699
5.046
6.392
11.780
9.730
6.049
6.940
7.118
4.753
7.407
7.957
24.408
15.691
19.843
7.560
9.342
18.428
6.792
2.634
18.369
5.572
1.498
9.402
21.165
21.050
24.924
25.139
24.188
24.079
23.234
24.948
24.877
22.968
21.794
12.191
2.924
6.478
10.883
18.661
22.714
23.980
5.985
5.495
20.230
12.336
20.543
11.532
20.557
17.914
23.750
20.624
22.614
24.334
24.361
24.249
24.019
24.101
23.808
21.182
22.620
23.510
23.421
23.452
23.335
23.180
23.210
20.610
21.690
22.065
21.918
22.557
21.459
20.302
17.418
4.003
21.550
19.906
22.033
19.420
22.109
21.786
19.378
21.745
21.606
21.566
20.598
21.217
21.377
21.544
21.154
21.125
21.141
21.257
21.211
21.014
20.816
20.637
20.365
20.007
20.176
20.328
20.198
20.133
20.020
19.745
19.535
19.061
18.882
18.681
16.503
8.135
1.470
3.984
7.651
14.882
1.145
1.170
16.732
17.896
17.756
18.145
18.364
18.446
17.563
17.130
16.963
17.233
17.193
17.265
17.563
17.187
17.221
17.182
16.917
16.455
16.594
16.459
16.431
16.450
16.282
16.063
16.447
16.542
14.568
16.166
15.022
5.883
2.430
14.084
16.185
13.534
15.745
16.266
16.241
16.476
16.509
16.810
16.634
15.595
14.974
16.687
16.776
17.269
16.466
16.157
15.118
17.475
17.857
17.480
17.170
17.248
17.074
16.366
15.535
17.604
17.958
17.557
17.603
17.625
17.971
18.416
18.506
18.495
18.621
18.653
18.582
18.657
18.669
18.691
18.646
18.746
19.011
18.977
18.855
18.178
17.044
16.379
19.069
19.290
19.485
18.995
18.631
18.856
3.979
19.917
20.145
20.954
20.373
20.677
21.609
21.463
21.801
21.611
21.378
15.684
21.609
22.082
22.142
22.405
22.720
22.876
22.800
22.372
22.123
22.682
22.550
22.639
23.319
23.601
23.519
23.152
21.282
23.101
24.701
24.633
24.610
24.347
24.430
24.471
24.708
24.859
25.219
25.120
25.248
25.122
25.104
25.016
25.264
25.516
25.526
26.238
25.711
25.966
25.777
26.994
26.660
26.931
27.093
26.768
22.548
23.709
25.655
26.653
26.991
27.201
26.890
27.143
27.160
26.984
27.056
26.849
27.234
27.380
27.494
27.772
28.010
28.044
27.837
27.548
27.514
27.523
26.535
23.046
26.614
20.052
26.302
27.466
27.493
27.982
27.876
27.981
28.206
28.568
28.136
28.005
28.107
28.329
28.029
28.024
28.162
28.450
28.270
28.110
28.201
28.284
28.323
28.405
27.880
27.962
27.888
28.296
28.545
28.151
28.352
21.293
10.276
27.316
26.510
27.719
27.358
27.781
21.774
25.555
26.311
27.978
22.550
24.277
12.679
11.617
22.551
26.442
27.335
23.843
16.892
25.691
25.257
25.271
25.464
17.313
22.086
19.918
24.506
22.744
22.887
17.601
17.992
17.564
22.005
26.210
16.663
25.029
25.405
25.617
7.549
11.883
23.082
24.890
20.143
2.776
22.539
25.996
22.584
23.804
23.680
24.744
13.413
12.539
4.615
24.915
21.216
25.801
26.008
21.984
6.581
10.625
10.887
12.605
5.330
16.664
13.479
16.507
7.417
14.631
23.408
23.749
25.383
24.560
23.330
21.044
19.589
25.022
24.358
18.692
21.578
15.913
18.491
10.728
17.023
22.491
22.020
20.931
22.700
22.386
20.962
18.312
16.493
11.367
17.219
15.358
17.438
13.648
8.981
20.465
15.464
16.991
9.932
9.442
19.718
18.194
20.085
22.576
21.036
20.243
23.137
23.481
22.547
23.157
22.974
22.911
22.394
22.767
22.963
22.528
21.913
22.667
22.850
22.636
22.308
22.348
22.283
22.300
21.908
21.975
22.204
21.766
19.557
15.941
20.188
21.637
19.201
20.646
19.274
19.580
18.903
18.428
19.463
18.785
19.093
20.035
19.714
19.754
19.482
17.400
19.837
17.481
19.467
19.837
19.775
19.553
18.938
19.037
19.344
19.148
14.152
17.079
17.398
14.650
17.298
17.453
15.252
17.039
17.030
17.555
17.102
15.275
17.227
16.480
3.192
11.140
6.274
7.253
15.843
15.946
15.453
16.788
16.781
14.701
11.122
13.492
15.862
16.387
16.920
17.139
16.398
16.481
16.618
16.829
17.045
16.978
16.978
17.261
17.277
17.257
17.292
17.196
17.225
17.375
17.240
17.297
17.102
16.912
16.821
16.560
15.262
16.335
14.693
16.436
17.582
17.525
17.055
17.166
17.472
18.120
18.026
18.052
17.911
18.047
18.032
17.925
18.027
17.811
17.606
18.296
18.465
18.108
17.923
18.450
18.584
18.514
18.278
18.580
18.471
18.971
18.579
18.757
18.935
19.182
19.244
19.253
19.601
19.994
20.183
20.255
20.285
20.112
19.703
20.233
20.383
20.400
20.509
20.571
20.594
20.205
17.557
21.214
21.067
21.527
19.733
21.784
21.973
21.836
21.717
22.479
22.651
22.695
22.046
21.182
22.129
22.475
22.410
22.761
23.197
23.430
23.761
23.926
24.201
24.466
24.620
24.748
24.689
24.670
25.490
25.248
25.143
25.184
25.713
25.350
25.394
25.029
25.315
25.628
25.821
26.285
26.084
26.565
26.061
26.451
26.354
26.206
26.179
26.263
26.505
26.492
25.967
25.531
26.693
26.707
26.484
20.234
26.261
26.653
24.430
26.719
26.380
26.802
27.373
27.590
25.935
27.092
27.071
27.966
28.179
28.465
28.345
28.146
27.787
25.805
25.860
27.585
28.280
27.944
27.552
27.802
28.162
27.706
27.683
28.333
28.346
28.202
28.345
28.567
28.192
26.305
25.796
27.311
27.691
28.169
27.717
26.355
27.560
27.762
28.082
25.624
27.511
27.627
27.923
27.958
26.993
27.884
26.084
15.531
12.966
21.751
23.622
25.913
26.347
26.420
19.360
24.785
20.320
26.361
26.801
21.343
25.633
26.364
23.423
26.187
26.882
23.068
8.126
10.047
8.906
5.098
5.149
20.965
19.702
5.688
19.082
26.549
26.457
26.772
26.698
7.605
13.980
26.480
21.074
13.072
18.779
18.233
13.564
2.157
4.414
9.010
13.277
8.428
6.723
10.776
22.839
15.050
10.185
1.764
11.286
3.611
25.206
26.082
23.655
9.559
19.125
18.963
16.891
20.489
17.951
3.040
23.781
15.153
12.784
9.635
2.527
4.483
23.522
9.736
16.897
16.214
10.565
21.762
21.404
24.120
23.761
21.374
21.833
23.717
23.594
3.741
1.637
2.789
8.072
21.508
21.218
19.560
22.818
14.638
13.314
5.665
15.691
13.160
15.236
21.941
8.871
18.958
7.591
12.392
21.947
22.454
21.963
23.292
21.835
13.408
22.710
22.301
21.905
21.664
20.261
19.681
22.875
22.803
22.712
21.909
22.807
22.743
22.795
22.632
21.758
22.428
22.589
22.397
22.277
20.328
17.312
22.180
21.863
21.422
19.658
21.055
21.255
19.956
20.667
18.496
19.219
21.526
21.418
21.279
21.416
21.214
20.801
20.784
20.777
20.651
20.603
20.459
20.310
20.105
19.534
19.920
19.611
19.346
19.573
19.536
19.312
19.234
18.571
19.289
19.228
18.821
18.520
18.475
18.955
18.794
18.741
18.648
18.644
18.592
18.353
18.492
18.138
17.787
17.665
17.082
15.286
12.545
16.747
17.069
17.650
17.493
17.073
16.947
17.005
17.117
17.181
17.175
17.192
17.056
17.767
17.743
17.226
17.184
17.001
17.401
17.183
17.220
17.025
16.925
16.900
16.874
17.012
17.308
17.338
17.336
17.486
17.242
17.258
17.081
16.409
15.958
17.079
16.762
16.946
17.066
16.905
16.927
17.630
17.394
17.803
17.871
17.821
18.219
18.186
18.036
17.880
17.856
18.465
18.631
18.568
18.749
18.222
18.416
18.511
7.302
15.033
18.652
18.903
18.960
18.829
18.767
19.727
19.531
19.663
19.499
19.464
19.478
19.543
21.390
21.155
21.008
20.832
20.573
20.403
20.638
21.083
21.556
21.190
21.211
21.399
21.758
22.119
22.351
22.328
22.391
22.346
22.608
22.867
23.120
23.727
23.220
22.974
23.210
23.426
23.737
23.866
24.344
24.393
25.310
25.132
24.500
19.200
25.008
24.915
24.911
25.046
25.108
25.475
25.543
25.711
26.306
26.663
26.511
26.676
26.578
26.536
25.308
25.777
25.882
26.107
25.844
25.733
25.788
25.910
26.222
26.327
26.208
26.259
26.453
26.636
26.783
23.404
26.813
26.553
26.839
26.851
25.608
26.547
25.411
15.429
5.665
26.650
27.183
28.352
27.372
27.599
27.672
27.918
27.877
28.193
28.112
28.181
27.924
28.064
27.717
25.524
21.644
26.178
26.173
23.029
18.484
25.515
22.233
27.810
28.144
28.293
28.490
28.295
28.123
28.241
27.818
28.390
27.933
27.850
28.163
28.330
27.926
28.287
28.174
28.165
27.590
27.728
26.826
27.783
27.292
27.322
27.873
6.159
12.255
24.245
8.058
18.058
25.734
22.785
16.975
20.271
25.201
22.847
22.662
25.454
25.623
23.531
26.523
24.033
14.658
16.864
17.641
26.785
22.392
18.668
21.725
13.770
11.868
17.826
16.345
8.705
8.015
11.355
14.792
17.690
16.882
4.784
7.393
26.648
21.709
11.339
9.639
21.240
19.792
2.088
13.132
16.988
18.356
2.977
2.315
2.069
3.118
13.075
2.204
8.395
3.896
9.572
4.256
3.480
14.199
7.772
13.350
6.247
22.511
12.834
6.297
9.138
7.352
1.428
7.738
3.135
7.330
3.280
8.803
14.941
9.371
18.571
15.326
3.423
17.648
24.379
20.993
16.471
20.027
20.124
21.729
23.363
23.963
20.340
22.748
20.271
21.771
20.419
14.752
2.402
18.483
22.064
22.541
23.346
2.892
4.390
13.026
16.250
12.128
20.880
21.930
17.906
21.558
21.429
20.557
20.678
19.832
19.049
21.357
22.066
17.533
22.502
22.684
22.438
22.244
21.158
20.967
20.242
21.091
21.982
19.878
20.854
21.777
21.805
22.087
21.986
21.907
21.721
19.940
21.465
21.546
20.852
21.338
21.038
20.783
20.606
20.397
20.438
20.788
20.488
20.389
17.197
20.746
20.586
20.015
15.659
19.086
19.625
19.935
20.151
19.851
19.863
19.683
19.361
18.878
18.172
18.196
17.079
18.457
18.732
19.001
18.832
18.914
18.645
18.429
18.397
18.179
18.027
17.990
17.865
17.652
17.457
17.916
17.879
17.668
17.460
17.208
17.061
17.454
16.827
16.732
16.837
16.662
16.662
16.669
16.906
17.259
17.239
16.821
16.751
16.591
16.726
16.724
16.516
17.091
16.923
16.771
16.949
16.935
17.433
17.446
17.276
17.374
17.148
16.705
15.963
16.486
17.422
17.611
17.705
17.709
17.795
17.892
17.961
17.417
17.685
17.870
17.910
17.778
17.627
17.585
16.857
17.694
18.195
18.708
18.515
18.520
18.426
18.102
18.357
18.563
18.812
18.432
18.954
19.052
18.686
17.138
18.956
18.574
19.045
15.563
18.571
19.571
19.908
20.215
20.141
19.905
19.474
14.470
20.231
19.611
17.875
19.831
21.585
21.467
21.512
21.542
21.526
21.547
21.889
22.415
22.709
22.449
22.623
23.282
23.592
23.986
24.377
24.218
24.086
23.952
24.239
24.243
24.120
24.279
24.145
24.268
22.906
24.702
23.450
21.911
24.585
24.518
24.705
24.728
25.842
20.505
24.944
24.833
25.187
21.924
23.823
24.821
25.887
25.983
25.443
26.250
25.497
26.193
26.455
26.670
26.828
26.667
26.724
26.811
26.305
26.636
26.806
26.683
27.464
27.203
26.959
27.239
24.793
25.206
16.817
23.240
25.596
23.564
26.813
26.319
27.166
28.108
27.597
27.856
27.729
27.842
28.372
27.719
27.545
27.945
27.662
27.951
28.206
28.796
27.941
28.502
28.047
27.975
22.393
26.390
27.890
28.006
28.112
28.061
27.671
28.058
28.258
28.811
28.046
28.065
28.137
27.852
26.023
22.619
28.012
22.376
15.016
25.169
20.769
20.801
22.898
20.752
22.272
25.008
21.896
22.473
26.107
17.652
9.181
21.952
14.566
17.875
11.372
19.091
24.108
25.698
14.806
5.385
21.145
7.095
21.455
9.236
18.904
22.709
25.358
19.994
23.428
1.831
1.543
3.306
4.529
22.944
9.304
19.821
15.123
15.662
3.469
20.639
6.511
9.768
9.026
8.650
18.827
9.577
8.227
17.430
12.438
10.994
11.465
16.070
1.871
1.643
11.868
10.136
8.178
12.843
3.278
1.475
13.546
14.118
14.694
20.133
11.354
17.401
5.609
8.431
8.408
8.500
14.731
7.710
15.984
15.384
19.485
21.820
21.015
17.052
2.814
2.400
3.791
1.057
2.880
6.419
18.669
19.086
22.723
19.637
24.402
24.589
19.668
21.825
23.098
23.276
16.464
22.505
22.446
22.802
22.799
24.488
23.943
23.520
23.920
23.683
23.580
23.590
23.395
23.846
23.586
22.745
5.232
4.653
3.637
2.329
5.903
22.021
22.353
19.344
20.780
17.695
19.166
19.334
18.235
20.647
19.168
18.349
19.189
20.624
18.409
20.250
20.306
19.710
20.876
20.673
21.029
21.112
21.354
21.190
20.919
21.085
21.423
21.164
21.176
20.758
19.132
19.075
19.920
20.452
20.351
20.119
20.048
19.886
19.656
19.516
19.457
19.372
19.077
19.033
11.728
13.667
18.770
18.867
18.752
18.254
18.496
18.513
18.935
18.885
18.530
18.881
18.844
18.522
18.279
18.022
17.648
17.316
17.461
16.749
17.514
17.782
17.507
17.131
15.744
15.391
16.909
17.099
17.718
17.490
17.595
17.615
17.517
17.383
17.537
17.489
17.488
17.623
17.607
17.513
17.237
16.943
17.297
17.055
16.907
16.510
16.580
16.472
16.269
16.434
16.695
16.551
13.074
13.965
16.675
13.330
16.320
8.492
17.220
17.861
17.198
16.939
17.150
17.447
17.717
17.656
17.175
17.210
17.630
17.593
17.595
18.692
17.776
17.437
10.422
17.087
18.009
16.831
18.042
18.421
18.945
19.395
19.157
19.447
19.317
19.280
17.286
19.537
19.565
19.720
19.658
19.851
20.186
20.890
20.740
20.667
20.746
17.804
20.582
14.299
21.088
21.632
22.022
21.727
21.496
17.291
19.098
21.449
19.253
17.764
19.918
21.863
22.597
23.279
23.309
23.216
21.865
18.977
22.807
22.843
21.613
22.784
22.305
23.280
23.028
23.467
23.800
23.994
24.295
24.460
24.400
25.781
25.631
25.751
24.918
25.045
24.891
25.158
25.200
25.107
25.304
25.855
25.799
25.933
26.041
26.467
26.268
26.760
26.472
26.246
25.778
26.234
26.690
27.395
27.222
27.100
26.781
26.816
26.823
27.219
26.846
26.769
25.284
27.079
27.203
26.176
27.485
27.833
27.736
27.845
28.072
27.981
27.633
27.629
27.876
27.630
27.065
27.953
27.582
27.540
28.008
25.931
27.450
28.247
28.098
27.569
27.880
27.071
26.692
27.121
25.957
27.160
26.966
26.213
28.224
28.470
28.334
28.145
22.881
27.621
25.687
21.364
27.802
28.168
28.293
27.878
28.238
28.398
25.302
25.913
26.770
26.942
26.598
27.519
27.499
25.980
26.767
26.971
19.310
17.225
23.762
18.314
26.713
22.428
19.447
27.445
27.363
25.844
26.732
26.654
25.928
25.766
27.610
27.516
27.865
27.677
19.949
21.382
24.320
23.673
25.612
20.733
20.682
20.584
23.181
22.005
24.190
14.557
2.624
19.220
11.591
14.373
1.579
12.497
14.608
23.843
4.695
1.082
1.428
8.137
12.576
21.700
19.663
25.004
25.323
14.245
