20000101
17.320
17.492
17.810
17.871
17.802
18.001
17.865
18.002
18.004
17.971
17.681
14.381
17.853
18.194
18.318
18.190
17.861
17.886
18.369
18.868
18.687
18.619
18.523
18.879
18.898
19.076
19.372
19.608
20.173
20.254
20.030
19.111
19.376
18.249
19.532
19.720
20.535
20.663
20.683
20.872
20.948
20.766
21.297
21.083
21.297
20.908
21.498
22.274
22.287
22.223
21.888
22.259
22.077
17.416
17.025
7.915
23.374
23.450
23.459
23.456
23.160
23.201
23.285
24.100
24.270
24.221
24.180
24.832
24.986
25.145
24.149
24.378
23.826
24.383
24.891
24.888
24.696
25.095
26.151
26.099
26.076
25.775
26.180
26.412
26.366
26.568
26.869
27.209
26.865
26.962
26.481
26.336
26.727
26.943
26.740
26.359
26.625
26.538
26.581
27.428
27.395
27.257
27.192
26.877
26.756
27.057
27.175
27.662
27.500
27.939
27.725
27.486
24.247
26.151
27.381
27.482
27.461
27.606
27.886
27.765
27.826
28.187
27.370
27.993
28.014
27.878
26.338
26.013
22.172
17.914
22.482
21.960
12.627
26.167
27.440
23.991
22.351
24.558
12.227
15.437
12.173
27.007
27.332
26.642
27.819
27.750
27.830
26.744
25.383
25.318
21.936
24.126
19.249
23.017
24.716
25.617
21.072
27.604
22.042
21.192
25.514
15.684
27.883
27.213
20.290
24.322
25.562
27.307
27.586
27.512
21.516
4.375
6.197
16.918
14.369
18.482
25.381
26.455
26.270
22.514
21.131
13.616
22.321
15.817
22.122
26.728
25.476
23.836
24.023
10.534
2.802
16.903
12.893
1.047
17.345
3.892
19.872
16.765
11.179
2.279
8.643
3.609
10.630
24.688
26.356
26.450
26.737
23.334
22.907
20.335
1.829
7.250
22.533
20.064
22.417
16.311
18.798
26.793
22.811
22.816
18.674
21.355
17.814
19.452
21.864
14.195
10.559
5.602
19.604
12.251
9.373
5.357
6.153
18.902
14.910
22.613
25.350
25.134
24.879
23.904
20.681
14.202
8.415
6.328
6.492
3.659
6.286
8.682
1.863
6.027
18.508
24.340
24.573
24.608
24.733
23.432
24.464
24.385
22.551
21.851
23.952
24.118
23.966
20.568
21.357
15.640
22.396
16.835
15.543
19.599
23.070
20.250
20.085
23.208
23.054
23.181
23.458
23.462
22.986
22.806
22.436
21.440
21.075
17.480
20.117
14.344
17.464
20.996
21.734
22.850
22.442
22.201
21.948
21.865
21.948
21.735
21.196
20.917
20.868
20.728
21.051
21.152
21.279
20.930
20.874
20.944
20.596
20.475
19.964
19.743
19.970
19.724
19.518
19.470
19.408
19.307
19.041
18.999
18.985
18.832
18.961
19.184
19.082
18.879
19.069
18.919
18.560
18.244
18.112
18.159
18.132
17.903
18.064
18.148
18.083
18.629
18.641
18.618
18.319
18.104
17.959
18.008
17.897
17.828
17.803
17.698
17.688
17.702
17.673
17.595
17.595
17.667
17.687
17.589
17.596
17.559
17.661
17.747
17.664
17.801
17.964
17.888
17.807
17.671
9.889
1.428
17.340
17.850
18.007
17.947
17.830
17.573
17.354
18.127
18.179
17.705
15.965
17.709
18.170
18.073
16.365
17.771
16.827
17.861
16.010
18.374
18.574
18.627
19.449
20.124
20.047
19.848
19.787
19.635
19.660
18.708
11.247
17.992
19.502
20.078
20.687
21.213
21.444
21.335
21.396
21.608
21.433
21.116
21.138
20.972
21.114
22.006
21.974
22.034
22.029
22.085
22.109
22.738
22.934
22.579
22.594
22.394
22.296
22.665
23.346
22.883
23.446
22.954
19.821
23.882
24.459
24.364
24.311
23.977
19.828
22.565
22.209
24.198
24.098
24.338
24.555
24.894
25.020
24.425
19.849
24.454
23.171
24.358
24.931
25.212
25.667
25.522
25.241
26.564
26.827
26.678
26.465
24.429
26.592
26.083
26.706
27.383
27.138
19.144
27.491
27.030
24.047
23.180
26.650
26.688
24.933
12.475
20.797
18.042
25.663
22.199
28.157
28.355
28.235
28.053
27.826
27.912
27.985
27.813
28.145
28.042
27.798
27.793
28.321
28.046
27.882
27.699
27.420
28.410
28.446
27.881
28.292
28.023
24.867
27.828
27.612
27.580
27.226
27.692
23.191
23.813
24.970
22.035
28.066
27.868
25.854
21.055
25.532
23.671
24.378
24.529
25.075
14.485
16.331
11.209
24.832
5.197
24.998
15.656
19.816
22.598
21.022
22.881
22.118
23.533
12.536
16.165
1.499
7.324
12.678
7.605
14.013
26.210
27.510
27.374
27.110
22.885
24.518
12.495
25.069
22.732
21.625
12.843
6.548
2.923
14.999
22.024
19.946
23.081
26.134
25.087
12.161
10.043
12.711
17.341
13.036
6.781
6.327
4.446
4.047
7.727
21.152
3.157
16.739
2.983
14.814
18.815
24.062
24.368
15.251
13.233
12.030
25.048
23.419
6.994
22.151
19.291
13.713
16.445
19.396
21.590
25.397
23.183
20.136
21.046
20.815
22.315
18.325
3.997
7.150
6.425
25.359
18.248
18.315
21.015
20.891
19.860
24.587
23.543
24.185
12.186
15.735
11.286
25.344
22.259
23.510
22.343
21.781
24.524
24.157
18.803
22.401
22.165
23.463
23.096
21.943
19.282
15.450
18.193
13.295
12.262
14.779
15.896
16.152
21.672
16.061
20.113
16.336
20.689
20.094
22.979
23.915
23.657
23.376
18.220
19.454
17.343
21.127
20.560
19.190
22.154
20.875
20.422
18.273
19.611
6.967
20.134
18.499
14.268
20.707
21.834
22.374
22.339
22.110
21.823
21.431
21.551
21.492
21.257
21.150
20.883
20.724
20.660
20.453
20.294
20.325
20.238
20.120
19.906
19.999
20.015
19.625
19.600
19.643
19.896
19.763
19.753
19.702
19.783
19.599
18.540
18.150
17.907
18.480
18.640
18.848
18.784
18.697
18.761
18.688
18.637
18.378
18.495
18.347
18.310
18.362
18.093
17.980
18.310
18.204
17.699
17.576
17.618
17.517
17.232
17.088
17.103
17.407
17.221
17.023
17.156
17.157
17.306
17.360
17.298
17.505
17.910
17.867
17.796
17.360
17.210
17.039
16.279
17.112
16.978
17.293
17.587
17.807
17.858
17.963
15.126
15.880
17.403
17.892
17.930
17.847
17.894
18.079
18.195
18.176
17.931
17.667
18.239
18.673
18.568
18.654
18.571
18.617
18.950
19.204
18.923
19.053
19.454
20.148
19.981
20.405
19.967
19.504
19.943
20.023
13.433
19.699
20.543
20.515
21.547
21.246
4.529
20.919
21.186
20.824
20.794
20.966
20.471
3.558
8.112
13.820
21.824
21.888
22.007
22.059
21.744
22.842
22.865
22.835
22.757
22.636
23.007
23.088
23.526
23.816
23.874
23.724
23.267
23.582
22.050
20.968
22.877
22.347
15.690
24.229
24.870
25.020
25.156
25.649
23.026
22.015
21.513
25.598
25.409
25.603
25.379
25.602
26.353
27.054
27.105
26.697
25.950
25.953
26.356
26.145
26.121
24.488
4.108
18.797
26.392
27.004
27.499
27.150
27.271
27.039
26.783
26.867
19.910
26.333
21.763
20.254
27.449
27.653
27.700
28.001
27.968
28.549
29.325
28.697
28.466
28.440
28.378
28.755
28.699
28.671
28.001
26.059
27.985
28.119
21.560
25.753
27.299
27.427
27.493
27.468
27.666
27.991
24.605
27.561
28.432
28.147
28.015
27.876
27.697
28.064
28.185
28.067
28.259
27.805
25.574
21.874
24.096
27.965
21.675
23.916
21.634
24.540
26.234
26.200
26.548
27.659
24.082
25.050
23.336
22.959
14.559
24.317
27.149
21.808
16.980
22.458
24.823
21.222
18.642
26.696
23.084
9.662
19.499
13.217
3.305
6.224
6.418
14.341
27.107
26.394
22.174
27.416
27.346
22.004
16.911
27.052
22.882
19.542
24.322
23.271
27.013
6.499
9.084
22.138
2.805
7.711
2.873
24.281
7.260
6.046
6.710
5.017
5.945
10.912
25.605
15.064
26.920
25.770
21.557
21.610
12.255
22.762
6.459
6.626
8.749
10.885
16.464
8.575
9.134
6.417
4.123
4.989
9.278
2.096
4.908
7.288
8.913
9.222
7.943
20.309
18.378
10.406
14.201
17.999
25.195
25.053
10.631
2.978
8.363
10.602
8.310
9.314
7.613
10.460
23.941
10.582
23.518
12.979
24.457
19.486
22.000
24.522
24.863
24.511
24.385
23.856
15.074
19.384
18.474
19.438
20.974
21.866
21.017
17.267
18.155
16.539
16.017
20.695
5.825
21.578
22.227
23.056
22.967
23.032
22.698
22.397
22.476
22.476
22.501
22.556
22.186
21.497
22.272
22.087
21.175
21.428
20.988
21.536
20.698
18.506
21.145
21.306
21.582
21.159
21.278
21.078
20.932
20.659
20.497
20.279
20.081
20.051
20.027
19.910
19.710
4.880
18.585
19.379
19.425
19.379
16.197
17.235
17.156
18.879
18.744
19.238
19.249
18.913
18.743
18.443
18.480
18.555
18.417
18.273
17.696
18.070
18.059
18.079
17.707
17.360
18.207
18.130
17.467
17.773
17.600
17.211
14.139
16.554
16.520
17.370
17.394
17.413
17.412
17.252
17.325
17.233
17.220
17.251
17.102
16.904
17.011
17.265
17.182
17.133
17.185
16.994
17.117
17.302
16.882
9.636
17.423
17.736
17.249
15.642
16.781
17.214
17.020
7.071
17.339
10.270
9.861
17.080
11.218
16.714
18.092
18.536
18.977
19.074
19.161
18.647
8.060
18.058
18.392
18.940
19.056
18.633
18.791
7.643
18.746
19.476
19.370
18.850
9.467
18.474
15.584
18.075
19.264
19.734
20.206
20.907
20.600
20.636
20.565
20.537
20.975
21.394
21.324
21.355
19.042
13.806
21.177
21.309
21.712
21.888
21.780
22.049
22.372
22.234
22.277
22.401
22.368
22.615
23.623
25.037
24.527
24.337
24.732
24.733
24.311
24.318
24.639
24.837
25.020
24.834
24.065
24.810
24.620
24.725
24.981
25.527
25.572
25.502
25.113
25.393
25.841
25.902
26.278
25.726
25.952
25.699
26.085
26.275
26.055
26.060
23.512
24.635
26.106
15.704
25.775
24.209
12.726
25.276
21.276
22.779
22.144
27.190
26.777
24.443
26.803
27.374
28.303
27.480
27.785
27.818
28.126
27.855
15.117
27.285
28.320
28.598
28.657
28.099
28.120
28.453
28.428
28.368
28.189
28.233
28.232
28.547
28.988
28.853
28.536
28.326
27.817
29.344
28.394
28.011
27.962
27.991
28.072
28.135
28.078
27.671
27.814
27.951
28.247
27.134
28.242
26.089
22.402
28.278
28.952
26.832
21.941
27.990
28.201
27.936
27.911
27.120
27.669
27.679
20.710
25.580
16.469
4.613
15.299
11.221
3.583
24.375
9.268
12.927
19.862
24.113
18.975
21.095
16.627
14.955
21.728
18.779
19.455
21.499
24.094
22.523
24.971
16.937
16.650
9.271
24.618
15.852
11.376
17.931
14.002
17.653
23.743
25.396
21.899
15.281
25.005
26.045
21.498
15.787
10.534
22.856
22.868
9.125
7.521
8.143
4.690
13.569
12.666
11.081
18.599
14.653
14.583
10.609
13.603
21.484
25.823
25.418
25.371
14.636
10.445
12.919
20.943
9.028
23.560
25.805
7.776
17.063
14.477
16.851
16.006
24.383
25.142
22.550
5.105
12.058
4.648
17.019
19.310
16.377
4.660
10.306
4.769
20.412
10.243
10.558
21.986
17.906
13.748
23.853
2.504
21.276
22.039
24.271
23.398
22.395
19.751
3.696
21.106
13.801
22.110
20.463
21.608
21.629
17.294
22.042
21.709
21.380
21.920
13.817
6.445
21.917
22.832
22.729
22.297
23.713
23.522
22.561
21.441
21.221
22.382
22.156
22.392
22.488
22.242
22.142
21.916
22.074
21.923
21.750
21.637
21.444
21.789
21.668
21.700
21.509
21.330
21.082
20.830
20.764
20.057
19.709
19.715
20.175
20.111
19.604
16.073
19.508
15.325
15.442
19.137
19.273
19.229
19.504
19.391
19.188
19.098
19.075
18.619
18.542
17.113
17.368
18.133
18.218
18.238
18.155
16.237
17.818
17.480
17.465
17.635
17.449
17.502
17.604
17.529
17.720
17.600
17.466
17.554
17.794
17.471
17.368
17.355
17.188
17.055
16.950
17.084
17.181
17.131
17.237
17.199
17.247
17.129
17.206
17.170
17.153
17.176
17.109
7.519
17.574
17.672
17.594
17.580
17.476
17.594
17.531
17.404
17.079
15.221
16.471
16.260
17.423
17.599
17.735
17.824
17.903
17.910
17.930
18.044
17.206
18.007
18.306
18.540
18.162
10.993
18.297
18.005
19.036
18.680
18.688
19.189
18.270
17.091
16.104
19.166
19.805
20.104
19.889
19.679
20.769
21.045
21.056
21.013
20.792
20.774
20.954
20.574
20.556
20.803
21.649
21.692
21.873
21.429
21.724
21.898
22.217
22.504
22.725
23.028
22.998
22.841
22.583
22.758
23.428
23.288
23.220
23.516
22.771
22.926
23.604
24.941
25.113
24.583
24.610
24.778
24.835
24.718
25.090
25.131
25.322
25.393
25.557
26.072
26.150
25.855
25.910
25.486
25.758
25.809
25.768
25.414
25.814
25.803
26.102
26.471
25.162
25.233
23.733
25.440
26.231
26.740
26.814
26.153
26.336
26.402
26.523
26.932
27.455
27.323
27.433
27.370
27.103
26.703
27.089
27.082
27.452
27.185
27.347
27.460
28.065
28.197
27.807
27.552
27.694
27.625
28.760
29.040
28.809
28.269
28.313
24.463
24.270
18.292
18.757
21.185
9.957
18.485
24.694
25.779
14.717
25.824
21.033
14.672
28.242
28.198
28.155
27.974
28.211
28.154
28.216
28.387
28.183
28.200
28.220
28.250
28.167
26.083
27.728
27.793
28.010
24.347
22.951
22.084
19.042
17.825
10.812
11.018
19.187
16.820
14.422
17.732
17.376
15.734
15.766
17.436
13.232
25.993
23.518
25.743
24.454
23.674
23.333
27.033
24.420
26.757
26.046
26.502
24.114
24.217
10.527
7.685
14.175
5.355
20.902
25.518
25.366
9.965
26.574
23.305
27.275
21.846
15.660
21.840
15.904
26.663
24.906
26.724
26.904
24.640
19.575
14.237
16.684
6.890
8.823
9.613
22.050
7.424
2.883
7.068
23.188
19.969
6.022
12.706
7.460
8.685
7.534
8.145
5.708
1.968
1.342
3.815
2.955
2.939
6.422
11.553
5.273
15.506
18.244
14.902
4.576
2.714
11.629
25.344
25.449
25.433
25.583
25.518
25.079
22.337
17.248
19.059
24.419
24.242
17.752
23.063
24.542
23.289
24.198
24.399
22.880
23.150
23.844
21.023
23.473
22.837
15.477
21.147
14.681
22.719
19.991
21.303
21.754
21.766
21.390
22.387
22.673
20.631
19.037
21.648
19.665
21.593
19.477
19.664
19.427
19.437
21.581
9.277
11.528
21.113
22.035
20.118
22.002
21.958
22.008
21.909
21.948
21.633
21.488
21.453
21.298
21.031
20.813
20.764
20.585
20.846
20.298
15.996
20.160
19.370
12.945
19.011
18.499
19.721
20.017
19.374
19.265
19.090
19.034
13.036
8.097
9.938
18.510
16.007
18.332
16.820
16.295
13.731
18.412
18.292
18.332
18.327
18.355
18.085
17.966
17.951
17.841
17.694
17.843
18.023
17.946
17.774
17.625
17.844
17.804
17.396
17.319
16.772
17.455
17.410
17.390
17.773
17.433
17.419
17.421
17.615
17.655
17.714
17.745
16.893
16.905
16.712
16.696
17.040
16.976
17.183
16.961
16.928
16.893
15.272
14.525
16.475
17.135
15.281
17.099
17.164
17.418
17.714
18.014
17.834
17.644
18.024
18.232
18.398
18.113
18.198
18.076
18.397
18.882
18.575
18.651
15.685
18.514
18.954
18.767
18.633
17.933
18.825
13.581
12.454
16.289
16.849
19.831
20.224
19.811
19.866
19.704
19.893
19.838
19.886
19.892
20.505
20.687
21.002
20.761
20.962
21.028
21.275
20.961
21.771
22.570
22.695
22.460
22.758
22.857
22.595
22.648
22.636
22.704
13.817
16.098
16.624
22.652
21.898
23.193
20.184
18.753
7.165
22.783
23.430
24.174
24.565
24.740
24.764
24.884
24.600
25.059
25.329
25.001
24.990
24.961
25.376
25.476
25.988
26.184
25.681
25.572
25.575
26.152
27.396
26.879
27.039
26.991
27.298
27.651
27.573
27.494
26.506
27.235
27.456
28.568
28.660
28.042
27.591
10.652
26.815
27.201
27.200
27.828
28.303
28.271
26.873
25.034
20.824
25.444
27.038
27.481
27.937
27.397
27.416
26.370
23.990
21.638
25.702
14.405
23.227
24.042
26.412
27.219
26.802
27.870
28.687
29.036
29.135
28.641
28.553
28.342
28.310
28.550
27.823
28.207
28.148
28.403
28.466
28.301
28.627
28.480
27.737
16.924
23.575
25.680
28.066
28.377
27.727
28.102
28.166
28.085
27.118
27.939
14.481
22.077
24.690
25.252
24.226
19.107
25.023
20.812
14.001
23.966
24.284
22.079
21.398
21.948
22.546
22.950
19.738
15.682
10.092
17.588
2.566
21.506
17.323
14.992
5.300
2.549
12.866
6.666
16.643
8.610
18.109
13.271
14.480
18.897
7.287
24.165
10.304
11.892
17.780
19.248
22.348
24.368
4.999
26.578
24.528
26.561
19.163
9.243
10.419
20.925
1.222
2.766
5.160
22.685
5.974
7.116
5.256
12.778
12.449
3.001
8.713
8.512
21.364
23.404
23.555
24.963
21.073
13.774
23.075
19.454
16.095
22.637
23.790
21.553
16.464
22.302
25.447
16.492
15.685
8.575
17.028
23.358
25.148
25.003
25.236
24.075
22.333
24.107
19.867
15.863
23.498
20.567
23.987
21.453
18.219
20.812
21.736
16.680
10.884
8.053
13.007
8.928
16.135
7.090
17.088
23.087
13.732
16.923
3.817
23.028
21.731
21.682
23.114
22.886
11.576
15.777
22.787
18.772
22.661
22.676
22.675
22.356
22.497
22.532
14.960
22.169
22.248
22.254
21.905
9.581
20.526
21.378
21.217
19.689
21.304
19.009
21.122
20.732
20.244
8.162
20.196
21.006
20.778
20.150
20.848
20.577
20.479
20.274
16.530
18.803
20.078
19.802
19.661
19.790
20.153
19.971
19.723
19.642
19.515
19.365
19.373
19.131
18.891
18.782
18.784
18.872
18.762
18.754
18.664
18.301
18.193
17.942
17.741
17.828
17.475
17.146
7.036
16.770
16.825
17.490
17.675
17.713
17.732
17.735
17.772
17.571
17.743
17.570
17.402
17.580
17.454
17.446
17.776
17.710
17.387
17.337
17.339
17.310
17.409
17.803
17.723
17.554
17.663
17.694
17.476
17.480
17.541
17.087
17.063
17.403
17.286
17.014
16.086
17.120
17.931
18.072
17.954
17.894
17.861
17.913
18.153
18.235
17.886
18.136
17.954
17.968
18.202
18.234
18.679
19.248
19.342
19.344
19.503
19.557
19.483
19.591
19.806
19.882
19.839
19.819
19.974
20.349
20.712
20.764
20.806
20.723
20.819
20.965
21.085
21.058
21.078
21.233
21.131
21.566
21.581
21.674
21.967
21.585
21.957
22.087
22.381
22.385
22.357
20.453
22.040
14.748
11.341
18.761
22.529
22.731
23.799
23.885
23.850
23.541
5.209
17.912
20.769
23.940
23.037
9.356
8.812
8.874
24.437
17.835
23.731
24.136
24.973
25.483
25.089
25.197
25.261
26.339
26.453
26.607
26.857
26.758
26.483
26.241
26.232
26.537
26.377
26.457
26.087
26.648
26.704
26.569
26.772
26.685
27.019
26.720
26.849
26.586
21.293
27.067
27.856
27.256
27.318
27.442
27.229
26.942
25.212
26.993
27.626
27.698
27.726
27.614
27.450
27.571
27.711
28.198
28.436
28.200
28.105
28.223
27.961
28.116
28.306
28.176
22.289
28.251
28.077
27.377
27.703
25.904
25.343
23.752
26.590
24.924
23.259
23.367
23.505
24.744
26.862
27.524
27.158
26.821
25.883
10.047
8.782
6.691
22.812
15.041
27.195
26.838
23.603
23.468
22.022
22.485
16.697
27.788
28.310
24.501
24.844
27.814
22.453
15.174
8.604
13.772
18.523
26.470
21.967
16.188
10.761
18.243
22.641
23.086
24.461
13.257
24.735
22.218
13.988
5.421
16.370
5.886
8.030
5.683
9.074
16.069
11.371
7.982
10.584
25.915
26.017
25.309
22.402
14.436
2.990
14.217
7.156
3.616
12.472
16.600
17.735
24.370
17.413
13.447
4.260
4.605
5.758
2.403
9.611
18.996
4.098
11.631
23.051
3.884
10.123
7.145
2.896
2.646
4.887
22.492
20.221
21.220
15.543
10.396
4.238
5.061
9.265
7.914
8.386
22.464
18.621
5.661
7.842
22.597
9.647
8.615
24.001
4.153
2.391
21.516
21.422
22.427
24.296
13.389
24.318
24.788
24.520
24.141
24.018
24.086
24.199
23.878
19.658
21.903
23.431
22.206
21.998
22.995
19.190
18.597
20.139
22.728
22.565
21.800
20.382
19.219
15.618
23.063
19.345
20.991
22.098
22.481
22.508
22.082
22.690
22.886
22.674
22.696
22.320
22.607
20.402
13.732
14.999
19.957
21.613
20.057
21.106
19.539
16.918
17.452
20.312
20.254
20.912
20.618
20.530
20.603
20.229
18.013
18.511
19.938
16.138
19.997
18.122
19.458
8.471
14.087
8.452
19.373
19.433
19.285
19.029
19.063
18.946
18.770
18.737
18.777
18.744
18.946
18.627
17.398
7.561
17.925
18.069
17.988
17.954
17.721
17.536
9.331
16.911
5.582
16.120
17.259
17.130
17.149
16.952
16.971
17.044
17.186
17.268
17.380
17.276
17.181
17.052
17.038
17.165
17.218
17.505
17.304
17.370
17.351
17.260
16.891
17.217
16.875
16.732
16.860
17.180
17.223
17.326
17.267
17.072
17.194
17.316
17.352
17.270
17.395
17.540
17.705
17.717
17.641
17.664
17.702
17.782
17.971
18.042
18.290
18.548
18.479
18.404
18.460
18.513
18.607
18.825
18.777
18.841
18.863
19.022
18.826
18.141
8.165
19.045
19.501
19.792
19.582
19.903
20.217
20.085
20.084
20.275
18.036
9.786
19.968
20.449
13.834
9.481
20.647
20.978
21.325
21.482
21.581
21.007
21.640
21.861
20.583
19.042
21.474
22.605
22.737
22.642
19.878
22.802
23.109
23.354
23.502
23.815
23.915
24.241
24.068
23.771
22.941
18.689
13.253
24.475
24.882
25.041
25.057
25.042
24.500
24.494
24.489
24.900
25.353
25.724
25.859
26.248
26.171
26.295
26.472
26.420
26.088
25.760
26.083
26.660
27.002
26.944
26.734
26.545
21.108
26.811
27.177
27.278
27.382
27.108
26.886
22.526
27.089
24.954
26.420
20.411
25.024
27.136
27.647
27.851
27.565
27.438
28.151
27.976
27.463
10.934
24.694
27.844
26.439
26.675
18.419
22.929
25.591
25.249
23.185
26.028
27.518
27.808
28.254
27.935
28.056
28.138
27.947
27.042
26.746
25.997
27.098
17.576
27.657
28.344
28.468
28.419
28.680
28.280
12.501
20.559
23.506
22.765
19.308
19.641
11.733
12.922
7.135
25.009
23.260
27.080
27.520
27.535
27.052
27.203
25.106
9.208
8.697
17.460
23.232
18.636
22.712
10.451
18.498
23.753
20.777
6.626
8.702
14.302
13.230
17.222
15.390
9.323
14.270
3.111
1.976
6.768
6.902
4.878
1.308
1.100
4.480
2.873
0.797
20.500
19.382
11.210
9.376
14.657
22.358
26.759
26.443
22.382
20.856
23.198
25.720
16.823
13.807
21.424
21.074
23.033
24.823
22.790
24.607
24.143
18.880
11.773
13.986
11.845
14.652
9.363
5.661
7.876
18.851
11.075
15.009
9.297
8.916
14.233
11.634
10.182
16.319
20.028
20.622
4.577
21.465
14.970
22.110
23.637
24.333
18.687
19.163
6.601
16.731
18.356
22.609
22.899
21.429
21.504
20.645
6.470
11.854
23.343
23.806
24.385
20.272
24.297
24.062
24.233
24.154
21.871
23.647
22.979
22.088
15.997
20.017
18.443
3.799
12.827
20.017
18.109
20.935
14.945
23.131
16.900
22.677
22.938
23.181
22.161
22.877
21.301
22.752
22.436
22.290
22.148
19.910
9.522
21.517
22.374
22.422
22.224
22.021
22.175
22.136
21.923
21.734
21.613
20.699
20.874
20.783
20.973
20.813
19.816
20.609
20.493
19.836
18.636
18.734
16.586
13.544
18.587
19.856
19.341
19.387
18.995
18.979
18.925
18.734
18.804
18.990
19.082
19.088
19.212
19.080
18.763
18.931
19.065
18.986
18.743
18.801
18.782
18.572
18.449
17.954
16.910
17.605
16.720
5.116
16.981
17.407
17.436
16.239
17.261
17.323
17.429
16.982
16.932
16.613
13.904
14.753
2.335
16.034
17.131
17.213
17.371
17.170
17.032
17.052
17.127
16.757
16.582
16.725
16.725
17.026
17.632
17.603
17.377
17.519
17.678
17.184
17.055
17.162
17.308
17.344
17.405
17.283
17.403
17.604
17.496
17.706
17.783
17.492
18.032
18.223
18.300
18.588
18.546
18.926
18.429
18.846
19.112
19.371
19.401
19.485
19.146
19.089
18.008
20.080
20.142
19.629
12.078
20.688
20.775
20.346
20.143
20.798
21.052
21.509
20.659
21.305
21.221
21.214
21.347
21.355
22.104
22.317
22.341
22.488
22.262
22.133
22.291
22.551
23.123
23.369
23.806
23.979
23.881
23.919
23.780
23.859
23.770
23.820
24.118
23.845
24.127
24.160
20.952
22.087
20.410
22.248
24.107
24.325
24.654
24.704
25.121
25.045
25.122
25.412
25.525
25.363
24.807
25.049
24.622
22.188
24.605
25.227
22.077
17.871
26.046
25.999
26.181
23.770
22.849
25.974
15.487
25.510
26.593
26.860
26.771
26.874
26.709
27.294
27.703
27.521
27.339
27.813
27.860
27.702
27.984
28.011
27.685
27.834
27.788
27.863
27.902
28.222
27.199
27.696
27.682
28.167
28.069
28.234
28.220
25.385
26.129
26.797
25.222
27.389
20.843
28.138
27.986
27.777
28.090
28.280
27.858
28.082
27.973
27.948
28.063
28.079
28.074
28.263
28.482
28.359
27.584
27.668
28.190
27.178
26.611
27.879
23.547
25.720
21.038
18.274
14.854
23.920
19.420
9.231
7.774
18.969
16.744
20.310
16.199
7.762
14.949
3.089
18.501
14.049
3.263
10.225
21.450
15.481
22.690
7.316
4.968
4.614
12.670
4.702
5.883
13.114
13.051
9.388
12.631
13.666
23.085
17.186
20.799
3.986
1.901
1.821
15.132
8.072
15.718
16.556
19.235
23.692
12.711
7.608
18.207
22.501
25.514
20.038
23.891
16.597
3.720
1.915
12.291
15.629
19.491
17.904
21.618
15.309
20.945
15.102
7.062
10.824
12.893
6.125
10.021
5.506
22.930
4.296
8.810
6.683
8.569
8.555
15.753
11.765
9.863
22.454
24.454
25.046
19.290
23.752
7.078
15.359
5.404
20.801
24.786
25.104
25.085
24.752
21.312
15.034
14.206
22.500
21.904
20.949
18.245
20.367
22.864
23.568
22.789
15.495
11.913
10.522
11.233
15.215
9.304
11.838
14.791
18.173
21.040
23.307
23.193
20.894
23.268
23.400
23.315
23.155
22.838
15.127
19.072
19.879
18.702
13.656
19.937
20.063
20.580
15.792
18.513
22.167
20.619
22.206
22.119
21.971
21.063
21.092
21.155
21.514
21.556
21.678
21.453
21.247
21.224
21.142
20.972
20.928
20.401
20.319
20.168
20.265
20.346
20.276
20.225
20.253
20.243
20.225
19.768
19.850
19.867
19.601
19.248
18.826
18.749
18.762
18.768
14.411
8.353
17.332
16.118
16.653
17.889
18.314
18.376
18.538
18.621
18.542
18.509
16.254
17.106
2.882
12.510
17.010
17.039
17.222
17.022
17.132
17.216
17.130
16.860
17.179
17.075
17.014
16.925
16.862
16.872
16.761
16.082
16.729
13.638
2.445
8.636
3.144
17.246
17.363
17.603
17.691
17.724
17.613
17.554
17.678
17.632
17.436
17.436
17.300
17.543
17.215
17.439
4.415
11.803
10.689
15.973
15.424
15.671
17.289
13.830
15.449
17.415
17.610
17.801
16.888
16.859
10.484
18.458
18.822
18.219
18.793
18.916
19.294
19.307
16.467
19.382
19.860
19.973
20.175
20.425
20.453
20.217
20.447
20.685
20.503
20.658
20.798
21.232
20.969
21.160
21.039
21.351
21.510
21.265
21.385
21.579
21.442
21.389
21.504
22.125
22.487
22.345
22.515
22.560
22.613
22.859
23.094
23.634
23.612
23.862
24.111
24.049
23.787
22.073
24.038
24.202
24.338
23.806
21.359
24.599
25.001
24.988
24.752
24.944
24.759
24.291
17.364
24.396
25.246
25.514
25.803
23.798
25.407
25.192
25.906
26.151
26.084
26.244
24.805
25.148
23.928
10.311
22.581
26.606
26.917
27.376
27.458
27.701
27.614
27.503
26.879
15.337
27.547
28.126
28.330
27.878
27.755
27.555
28.351
28.270
27.645
28.067
28.786
28.659
28.570
28.025
27.958
28.223
28.540
28.137
27.946
27.944
28.176
28.211
28.529
28.544
27.858
27.641
27.631
27.127
27.672
27.572
26.649
12.849
17.381
21.626
27.657
16.840
20.634
28.176
24.739
28.276
28.280
28.284
27.940
28.100
26.243
27.710
27.122
27.555
27.568
27.481
27.982
28.184
28.307
25.906
28.117
23.040
26.103
25.384
26.587
27.240
27.242
24.689
20.335
18.718
23.374
17.668
20.920
22.595
21.441
21.369
18.933
13.843
11.738
21.152
23.326
18.395
21.516
25.321
9.004
23.155
20.401
24.857
22.310
4.249
13.396
14.216
20.354
13.982
1.925
5.680
11.930
11.970
12.697
14.508
13.979
14.140
9.928
5.368
4.802
4.797
8.244
6.795
5.291
4.719
7.326
5.326
9.667
6.838
17.561
22.965
18.956
7.747
19.666
23.419
5.521
4.602
17.999
2.355
3.478
10.298
18.229
25.113
25.380
25.455
24.741
24.370
23.345
24.554
24.944
25.236
20.857
17.574
4.908
11.765
10.498
10.969
20.229
23.742
5.336
10.359
17.208
23.334
20.389
13.694
20.768
23.330
13.694
22.264
23.462
24.551
24.612
24.459
24.296
24.443
24.151
22.066
23.910
23.773
23.715
23.640
22.666
23.040
23.420
22.321
22.644
22.633
18.648
22.931
21.267
16.800
16.034
4.170
21.374
21.047
22.397
8.891
22.195
22.236
21.823
22.052
21.942
21.656
21.629
21.593
21.531
21.733
21.524
21.561
21.403
21.594
21.606
21.337
21.094
20.977
20.657
20.300
20.451
20.603
20.617
20.549
20.405
20.188
20.030
19.555
19.332
19.223
16.885
13.364
1.076
4.509
15.158
14.659
1.362
2.119
17.878
18.333
18.240
18.540
18.761
18.817
17.960
17.530
17.412
17.494
17.509
17.679
17.911
17.651
17.790
17.682
17.419
17.009
17.088
16.968
17.044
17.124
16.031
16.445
17.022
17.043
12.862
16.666
15.969
13.005
2.286
16.872
16.013
15.922
16.340
16.717
16.652
17.013
17.105
17.296
17.127
16.923
16.339
17.319
17.318
17.591
16.806
16.391
16.863
17.853
18.232
17.813
17.579
17.652
17.491
15.135
16.181
18.195
18.478
18.046
18.074
18.002
18.352
18.743
18.918
18.973
19.064
19.030
19.003
19.109
19.155
19.125
19.055
19.209
19.422
19.435
19.260
19.580
17.527
15.835
19.109
19.720
19.819
18.780
18.552
19.524
13.777
20.653
20.840
21.527
21.083
20.969
21.861
21.885
22.325
22.071
21.364
14.603
22.132
22.462
22.459
22.824
23.144
23.220
23.095
22.680
22.347
22.926
22.787
22.912
23.626
23.878
23.835
23.221
17.878
22.563
24.980
24.870
24.812
24.639
24.705
24.734
25.021
25.121
25.535
25.388
25.586
25.448
25.357
25.324
25.592
25.822
25.888
26.611
25.911
25.953
25.990
27.097
26.720
27.065
27.240
26.881
21.859
20.847
25.495
26.901
27.173
27.254
26.948
27.183
27.144
27.062
27.217
27.031
27.325
27.494
27.560
27.858
27.986
28.154
27.837
27.535
27.654
27.702
27.441
22.181
27.275
23.096
26.489
27.438
27.507
27.989
27.853
27.836
28.104
28.526
27.997
28.001
27.966
28.245
28.054
28.245
28.185
28.564
28.244
28.088
28.302
28.288
28.286
28.352
27.863
27.912
27.844
28.312
28.526
28.356
27.990
15.697
15.118
27.111
25.830
27.518
26.911
27.728
23.180
23.347
25.971
26.640
24.720
24.434
3.303
16.064
23.132
27.239
27.346
25.093
22.101
27.078
23.107
23.548
25.190
18.401
20.671
19.860
22.972
18.535
22.885
17.911
19.491
10.098
20.631
22.707
21.162
24.766
24.821
24.628
10.198
9.328
22.657
24.804
21.607
1.504
21.409
25.579
19.764
24.150
24.287
21.300
12.381
10.748
5.001
21.711
18.695
22.928
25.904
24.258
13.559
8.946
10.648
10.917
4.134
12.418
19.395
6.257
6.974
13.640
24.574
23.493
25.135
24.220
20.451
19.087
20.879
24.086
22.643
17.143
19.668
15.873
18.977
7.038
9.634
22.217
21.949
21.124
23.101
23.005
18.378
15.599
17.460
14.647
16.702
11.792
15.372
13.207
4.618
19.529
9.805
12.527
11.769
10.402
19.184
17.917
20.186
21.728
16.841
19.884
23.752
23.582
22.426
23.457
21.632
23.134
22.557
22.802
23.246
22.718
22.280
22.893
23.245
23.076
22.776
22.727
22.675
22.718
22.241
22.464
22.679
20.211
20.021
14.845
19.251
21.729
20.447
21.302
15.963
19.808
19.244
18.869
19.048
18.988
19.565
20.360
19.367
19.156
16.920
18.343
20.260
16.576
17.379
20.222
20.188
19.990
19.561
19.569
19.653
19.692
17.065
15.686
16.836
13.485
17.601
17.960
16.629
17.422
16.109
17.850
17.755
15.561
17.703
16.586
3.493
11.648
13.716
5.557
16.901
16.267
15.048
17.209
17.231
15.527
13.732
12.610
15.496
16.952
17.402
17.786
17.179
17.072
17.286
17.421
17.590
17.617
17.511
17.747
17.761
17.716
17.776
17.733
17.735
17.846
17.738
17.857
17.598
17.429
17.315
17.049
15.447
16.532
10.996
17.449
17.916
17.832
17.279
17.313
17.694
18.429
18.292
18.299
18.225
18.331
18.238
18.208
18.285
18.021
17.879
18.571
18.720
18.355
18.169
18.776
18.891
18.824
18.501
18.793
18.724
19.434
18.894
19.086
19.299
19.536
19.574
19.540
19.795
20.186
20.447
20.392
20.452
20.300
19.920
20.573
20.658
20.676
20.708
20.849
20.763
19.216
20.855
21.557
21.382
21.802
21.601
22.070
22.094
22.118
22.183
22.762
22.867
22.939
22.564
22.129
22.432
22.673
22.578
22.997
23.436
23.681
23.966
24.207
24.451
24.823
24.845
24.878
24.923
24.790
25.639
25.395
25.359
25.411
25.766
25.689
25.540
25.206
25.533
25.817
26.037
26.492
26.271
26.775
26.261
26.627
26.405
26.232
26.216
26.769
26.660
26.507
26.090
26.260
26.825
26.627
26.500
19.286
26.484
26.729
24.643
26.773
26.505
26.909
27.597
27.871
25.893
27.753
27.675
27.934
28.203
28.461
28.350
28.150
27.027
25.670
24.015
27.707
28.242
27.857
27.522
28.027
28.090
27.752
27.827
28.417
28.412
28.140
28.244
28.508
28.418
26.661
25.006
27.487
27.703
28.048
27.711
27.490
27.621
27.795
28.085
24.240
27.679
27.709
27.984
28.007
26.327
27.975
22.625
17.983
12.481
19.718
23.060
26.013
25.730
24.984
20.950
25.677
18.296
24.933
27.021
25.127
26.726
23.329
25.051
24.117
24.195
20.388
12.523
13.190
5.105
5.310
16.737
19.077
16.191
7.910
24.496
26.641
26.604
26.719
25.406
10.557
11.261
25.427
18.563
10.560
11.637
19.422
10.289
5.419
6.564
4.701
12.013
4.850
3.024
7.003
22.045
14.514
17.810
1.935
5.536
2.636
25.247
25.070
11.490
11.498
12.280
14.587
14.983
18.672
16.408
5.674
21.765
10.396
11.122
7.715
1.020
7.291
14.938
5.061
12.395
12.284
6.115
18.952
16.550
22.915
23.302
21.907
14.632
22.686
23.948
8.063
3.132
4.988
15.413
20.390
15.893
16.583
23.293
3.734
14.459
5.230
11.371
9.631
8.371
20.503
7.068
19.137
7.799
13.324
14.873
23.666
22.414
22.561
21.932
16.076
22.389
22.820
22.340
21.960
22.046
19.961
22.966
22.905
18.748
22.256
22.987
22.892
22.904
22.908
22.623
22.799
22.759
22.603
22.500
18.770
16.859
19.852
21.607
14.624
19.248
14.853
20.953
20.828
19.602
19.275
17.676
21.824
21.576
21.497
21.620
21.453
21.077
21.011
20.977
20.793
20.812
20.697
20.475
20.182
19.632
20.154
19.790
19.481
19.835
19.692
19.494
19.302
19.128
19.629
19.552
19.066
18.827
18.733
19.160
19.040
18.980
18.934
18.915
18.877
18.635
18.805
18.467
18.078
18.028
16.925
14.930
13.058
16.902
17.185
17.780
17.776
17.344
17.302
17.288
17.454
17.493
17.479
17.433
17.383
18.047
18.034
17.469
17.500
17.373
17.698
17.472
17.472
17.312
17.211
17.153
17.168
17.371
17.610
17.643
17.698
17.834
17.628
17.588
17.418
16.772
11.954
17.460
17.100
17.291
17.321
17.097
17.243
17.973
17.688
18.105
18.130
18.080
18.415
18.396
18.302
18.055
18.240
18.794
18.876
18.946
18.973
18.444
18.759
18.757
15.752
18.052
18.944
19.512
19.410
19.240
19.205
19.919
19.787
19.766
19.647
19.653
19.753
19.906
21.631
21.381
21.200
20.998
20.866
20.614
20.925
21.368
21.815
21.472
21.466
21.658
22.043
22.368
22.549
22.550
22.717
22.702
22.919
23.155
23.418
23.982
23.398
23.039
23.414
23.568
23.872
23.923
24.418
24.463
25.516
25.331
24.779
24.151
25.131
25.112
25.119
25.248
25.299
25.619
25.769
25.883
26.385
26.804
26.617
26.833
26.671
26.811
25.628
25.875
26.188
26.263
26.009
25.826
26.079
26.057
26.266
26.405
26.397
26.279
26.526
26.825
26.891
23.197
26.853
26.691
26.879
26.998
25.975
26.592
24.208
14.730
2.773
26.718
27.396
28.213
27.405
27.698
27.822
27.984
27.829
28.211
28.176
28.128
27.803
27.489
27.804
26.119
24.556
26.049
25.576
22.764
21.454
26.614
27.293
27.900
28.128
28.230
28.468
28.255
28.190
28.257
28.080
27.408
27.652
28.144
28.348
28.519
28.157
28.316
28.315
28.279
28.031
27.861
27.631
27.866
22.274
24.739
27.620
3.588
12.072
8.806
13.477
20.230
21.957
17.691
16.808
20.005
23.881
23.798
9.544
23.584
26.394
26.962
27.157
23.891
23.401
14.801
25.736
26.936
23.973
25.820
17.320
11.108
13.502
18.980
22.685
4.890
5.038
11.847
16.357
17.739
19.516
4.013
4.682
25.948
17.359
5.660
15.559
20.416
12.563
2.536
10.878
13.503
13.366
9.527
3.255
1.943
8.981
16.392
5.862
2.941
5.578
9.993
5.726
4.652
9.669
8.779
17.389
14.346
24.810
13.332
5.823
5.058
6.134
4.599
6.613
3.427
3.659
6.014
7.154
15.437
7.529
15.289
8.748
2.754
18.504
23.650
17.132
10.492
15.689
19.752
21.575
22.752
24.065
17.141
20.369
19.920
22.518
16.536
11.455
2.626
10.264
14.948
20.430
20.127
3.113
6.036
11.790
14.522
10.105
21.976
22.335
22.220
21.632
20.126
21.426
20.696
13.440
19.807
22.110
20.770
23.400
22.081
22.916
22.665
21.470
22.278
22.115
20.102
20.058
22.024
20.353
20.267
20.417
22.220
22.356
22.185
22.035
21.857
18.432
21.548
21.728
21.575
21.419
21.173
21.033
20.885
20.591
20.120
21.009
20.843
20.656
19.798
21.067
20.765
20.247
16.187
19.179
20.002
20.129
20.389
20.177
20.169
19.892
19.654
19.176
16.907
11.257
18.379
18.568
18.939
19.249
19.129
19.239
18.963
18.701
18.672
18.420
18.263
18.320
18.149
17.950
17.846
18.197
18.156
17.984
17.758
17.566
17.328
17.578
17.175
17.040
17.181
16.766
17.099
16.987
17.167
17.579
17.530
17.003
17.076
16.934
17.095
17.004
16.824
17.397
17.232
17.066
17.186
17.178
17.720
17.797
17.623
17.649
17.417
17.045
16.191
16.843
17.927
17.949
17.981
18.003
18.074
18.167
18.196
17.675
17.947
18.143
18.144
18.025
17.839
17.840
17.081
18.089
18.626
19.074
18.884
18.829
18.751
18.510
18.714
18.948
19.122
18.918
19.297
19.460
18.307
17.647
19.168
19.120
19.299
3.252
18.401
20.117
20.292
20.565
20.396
20.230
18.723
11.247
20.440
17.885
14.559
21.285
21.906
21.746
21.744
21.817
21.792
21.876
22.081
22.778
22.955
22.670
23.017
23.647
23.819
24.233
24.543
24.325
24.256
24.128
24.386
24.344
24.278
24.415
24.143
24.479
23.872
24.818
24.430
19.323
24.861
24.805
24.957
24.946
25.947
20.112
25.037
24.944
25.398
20.466
22.969
23.949
26.174
26.134
25.946
26.436
25.663
26.310
26.463
26.826
26.827
26.687
26.849
26.808
26.441
26.721
26.990
26.886
27.578
27.169
27.023
27.371
20.409
24.908
17.792
19.318
25.963
25.243
25.681
26.968
27.302
28.146
27.650
27.934
27.772
27.793
28.308
27.756
27.633
28.086
27.729
27.779
28.265
28.767
27.806
28.548
27.973
28.035
24.866
25.210
28.073
28.013
28.100
28.070
19.911
28.091
28.339
28.713
28.005
28.057
27.822
27.559
26.140
23.799
28.197
24.576
18.773
24.281
15.270
19.710
23.086
24.115
24.187
25.381
23.621
16.915
25.993
24.146
18.089
23.728
18.742
20.573
14.176
13.136
26.175
26.788
26.610
6.830
23.684
5.786
18.694
3.431
16.808
24.076
18.463
19.872
22.502
4.232
0.732
0.821
4.110
18.767
16.723
17.149
4.972
14.927
5.146
15.593
20.223
11.328
8.627
8.121
13.364
7.985
10.130
11.749
17.539
7.588
7.441
13.387
7.688
3.226
8.603
6.259
6.916
10.549
11.175
2.108
6.867
17.869
14.185
24.921
17.398
22.526
7.580
7.368
6.182
11.756
7.378
7.262
9.913
11.542
20.295
21.746
17.708
22.734
3.732
2.348
3.559
1.763
1.490
3.003
19.234
9.659
22.379
19.740
24.182
25.051
23.869
15.967
23.069
22.205
20.751
23.011
23.610
23.284
22.088
24.677
23.707
23.181
21.887
23.807
23.663
22.664
22.736
23.948
22.794
22.498
15.294
3.334
3.485
7.059
7.005
21.074
22.652
20.603
19.110
11.774
21.956
20.473
18.244
20.229
16.572
11.779
19.812
19.241
18.321
19.969
18.783
18.614
20.567
21.067
21.328
21.305
21.615
21.401
20.341
21.301
21.372
21.404
21.399
21.102
19.881
20.240
20.420
20.630
20.434
20.265
20.288
20.131
19.924
19.804
19.722
19.660
19.029
17.849
4.772
11.732
19.145
19.069
18.926
18.218
17.460
18.787
19.225
19.151
18.772
19.072
19.146
18.796
18.556
18.325
17.943
17.427
17.547
17.181
17.444
18.059
17.820
17.500
11.122
16.550
17.165
17.254
17.962
17.854
17.929
17.949
17.868
17.718
17.814
17.871
17.838
17.958
17.910
17.848
17.568
17.198
17.657
17.422
17.310
16.830
16.900
16.821
16.435
16.797
17.158
16.875
12.127
11.665
16.887
10.851
15.530
4.096
17.801
18.180
17.491
17.229
17.507
17.894
17.965
17.915
17.503
17.203
18.172
18.025
18.124
18.940
17.936
17.907
10.044
14.083
15.530
16.730
18.243
18.408
19.179
19.645
19.420
19.776
19.641
19.457
17.950
19.710
19.838
19.958
19.964
20.005
20.445
21.156
21.014
20.840
21.063
15.799
20.896
8.186
21.377
21.874
22.237
21.997
21.610
7.007
17.565
21.838
18.391
10.987
19.013
20.467
22.736
23.450
23.672
23.348
22.066
19.832
22.193
21.517
21.390
22.886
21.689
23.766
21.723
23.395
24.121
24.313
24.565
24.593
24.692
26.059
25.851
25.989
25.076
25.139
25.003
25.442
25.407
25.272
25.506
26.129
25.927
26.133
26.158
26.497
26.351
26.697
26.507
26.350
25.979
26.386
26.790
27.345
27.313
27.073
26.781
26.886
26.922
27.191
26.795
26.911
25.716
26.129
27.261
26.014
27.636
27.891
27.787
27.766
28.081
28.040
27.703
27.897
27.881
27.623
26.757
28.070
26.799
27.643
28.085
27.479
21.863
28.270
28.006
27.801
27.925
27.539
26.673
26.514
25.237
27.956
28.045
27.865
28.377
28.571
28.432
28.465
27.815
27.913
28.038
21.298
28.026
28.326
28.254
27.879
28.136
28.267
26.153
27.466
27.598
27.239
26.328
27.811
27.318
25.734
26.220
27.340
16.145
19.792
21.329
25.626
27.233
24.257
20.494
27.479
21.851
26.239
27.747
25.890
26.608
27.422
27.801
27.513
27.752
27.763
24.684
21.148
25.627
24.275
26.557
25.691
21.134
15.991
25.823
25.275
23.470
16.827
5.337
18.216
14.538
13.295
1.995
7.883
22.551
22.070
8.896
0.602
1.008
11.359
9.728
21.146
19.280
20.006
22.536
10.981
