20000101
16.593
16.745
17.024
17.085
17.030
17.194
17.044
17.213
17.230
17.196
16.971
13.380
17.070
17.473
17.587
17.503
17.139
17.167
17.609
18.074
17.810
17.837
17.757
18.068
18.103
18.274
18.578
18.894
19.325
19.411
19.283
17.155
18.067
18.051
18.679
19.020
19.723
19.821
19.912
20.044
20.111
19.904
20.484
20.340
20.534
20.220
20.792
21.403
21.430
21.335
21.077
21.481
21.276
17.266
19.724
7.308
22.591
22.583
22.549
22.544
22.236
22.268
22.422
23.165
23.293
23.341
23.414
23.933
24.120
24.301
23.197
23.467
23.244
23.671
24.215
23.971
23.800
24.354
25.337
25.194
25.091
24.898
25.306
25.521
25.555
25.669
26.015
26.308
26.033
26.071
25.539
25.413
25.824
26.073
25.916
25.552
25.837
25.736
25.790
26.698
26.594
26.459
26.328
26.067
25.950
26.136
26.338
26.777
26.703
27.172
26.915
26.613
24.478
24.948
26.503
26.609
26.608
26.706
26.929
26.848
26.926
27.358
22.278
27.118
27.165
27.099
24.294
25.174
20.770
15.255
21.636
20.059
11.615
23.768
26.468
23.781
21.537
23.187
11.104
13.538
13.884
26.163
26.572
25.962
26.998
26.939
27.057
26.569
24.314
22.806
18.491
22.860
18.739
22.507
19.366
24.568
16.727
26.922
20.875
19.575
24.165
16.429
27.058
26.934
16.013
23.888
24.759
26.315
26.803
26.902
23.659
6.712
6.021
11.973
6.229
15.702
24.443
25.581
24.854
20.582
20.156
12.993
19.769
12.651
19.520
24.923
24.073
23.020
22.485
7.943
4.589
13.175
13.316
1.994
17.593
3.128
12.565
12.267
9.452
3.564
7.649
2.520
8.189
23.105
25.594
26.010
26.048
22.272
22.521
14.694
1.795
4.614
22.661
20.016
19.184
13.192
20.297
25.992
21.618
21.259
17.284
20.854
16.192
19.231
20.941
12.622
9.102
6.574
14.451
8.602
7.526
4.118
6.051
15.788
15.567
21.882
24.535
24.369
24.171
20.821
18.972
11.744
9.789
7.059
5.968
4.104
5.891
8.642
0.903
5.462
18.967
23.501
23.555
23.752
23.872
21.946
23.653
23.569
23.359
22.415
23.190
23.298
23.118
20.150
22.462
15.425
20.871
12.086
14.593
16.802
22.634
19.673
19.192
22.488
22.314
22.406
22.617
22.589
22.166
22.023
21.722
21.489
18.756
14.862
20.063
15.953
15.724
20.675
21.023
22.028
21.624
21.394
21.170
21.048
21.232
20.988
20.440
20.173
20.041
19.923
20.258
20.346
20.438
20.138
20.096
20.128
19.844
19.693
19.285
19.013
19.175
18.943
18.747
18.683
18.592
18.509
18.266
18.261
18.254
18.066
18.170
18.361
18.235
18.129
18.352
18.177
17.794
17.493
17.376
17.391
17.377
17.131
17.335
17.389
17.380
17.988
17.949
17.909
17.588
17.355
17.210
17.256
17.135
17.094
17.031
16.939
16.950
16.921
16.928
16.850
16.838
16.888
16.926
16.788
16.797
16.788
16.884
17.007
16.951
17.040
17.190
17.155
17.061
16.952
11.196
1.672
16.592
17.033
17.212
17.212
17.063
16.860
16.618
17.375
17.423
16.985
16.305
17.224
17.513
17.402
16.972
17.091
16.387
17.291
17.290
17.713
17.799
17.883
18.692
19.314
19.248
19.075
18.985
18.802
18.857
17.685
15.048
18.212
18.805
19.319
19.934
20.369
20.541
20.479
20.565
20.731
20.539
20.309
20.395
20.050
20.279
21.113
21.033
21.179
21.203
21.163
21.237
22.016
22.070
21.606
21.736
21.470
21.427
21.627
22.382
21.582
22.695
22.130
17.837
23.077
23.609
23.543
23.439
23.098
20.561
20.897
19.970
23.272
22.553
23.163
23.755
24.070
24.198
23.520
20.349
23.522
21.957
23.157
24.079
24.414
24.805
24.690
24.301
25.630
25.932
25.800
25.625
25.036
25.756
24.979
25.972
26.772
25.751
17.921
26.701
26.192
24.194
22.957
25.541
26.140
24.584
20.339
21.783
20.398
22.030
24.873
27.308
27.516
27.486
27.214
26.963
27.215
27.201
27.031
27.350
27.084
26.951
26.986
27.429
27.182
27.089
26.894
26.504
27.637
27.508
27.092
27.476
27.205
18.956
27.047
26.882
26.247
25.859
26.264
23.028
24.066
24.312
21.071
27.224
27.151
23.959
20.549
24.385
23.282
23.746
24.046
23.465
23.200
7.913
7.574
24.191
7.337
22.823
12.773
21.990
21.679
19.353
22.370
22.308
20.068
10.669
17.329
0.922
4.840
21.044
12.741
15.726
26.620
26.863
26.646
25.733
22.321
22.880
17.460
23.585
20.503
19.472
12.382
6.191
1.603
14.761
17.706
19.809
20.713
25.155
23.311
10.886
8.183
11.647
12.748
11.223
6.032
6.031
4.406
8.831
8.030
12.405
2.382
12.753
2.188
7.527
15.883
21.210
20.717
14.101
10.101
10.684
23.801
18.767
4.400
18.431
16.861
19.379
16.901
18.082
20.749
24.185
18.346
20.113
18.515
16.817
20.529
19.055
1.770
3.178
12.232
24.174
18.323
19.799
17.489
16.167
19.587
20.013
24.035
23.427
9.196
16.852
11.419
24.463
22.265
21.980
21.257
20.692
23.720
22.824
13.153
22.092
22.077
21.103
21.048
20.568
17.903
11.622
17.729
13.737
11.013
12.790
13.907
13.172
20.237
15.068
21.171
15.831
20.535
19.347
22.445
23.127
22.856
22.544
16.570
18.024
18.235
20.143
15.729
18.391
21.397
20.809
18.046
17.460
18.995
2.546
20.017
15.864
13.248
17.716
21.020
21.623
21.482
21.271
20.969
20.633
20.738
20.701
20.468
20.365
20.059
19.974
19.850
19.649
19.506
19.509
19.392
19.314
19.206
19.229
19.110
18.842
18.866
18.996
19.134
19.039
18.951
18.969
19.003
18.854
17.896
17.509
17.230
17.806
17.871
18.028
18.004
17.911
17.965
17.904
17.878
17.690
17.798
17.672
17.577
17.625
17.373
17.207
17.485
17.500
17.025
16.866
16.872
16.753
16.450
16.339
16.397
16.655
16.522
16.280
16.457
16.411
16.541
16.588
16.567
16.791
17.133
17.090
17.085
16.643
16.501
16.381
16.225
16.391
16.199
16.670
16.920
17.057
17.089
17.177
16.583
13.144
16.641
17.203
17.273
17.103
17.118
17.308
17.394
17.360
17.092
16.892
17.520
17.998
17.859
17.794
17.794
17.786
18.137
18.379
18.096
18.171
18.819
19.330
19.203
19.600
19.237
18.714
19.139
19.340
13.545
18.905
19.753
19.786
20.732
20.541
4.703
19.928
20.341
20.189
20.037
20.229
19.862
3.037
11.385
18.518
21.006
21.018
21.167
21.233
21.270
22.081
22.020
21.936
21.883
21.754
22.174
22.231
22.714
22.962
23.028
22.875
22.437
22.557
20.737
20.371
20.569
20.117
12.122
23.399
24.073
24.195
24.325
24.773
22.061
21.388
21.956
24.746
24.564
24.816
24.547
24.836
25.614
26.129
26.210
25.844
25.101
25.246
25.697
25.340
25.273
23.596
3.415
19.275
25.609
26.135
26.631
26.420
26.432
26.202
25.901
26.065
21.409
25.881
22.306
19.085
26.589
26.851
26.760
27.084
27.176
27.874
28.436
27.805
27.615
27.599
27.544
27.934
27.901
27.803
27.243
25.571
27.192
27.364
21.387
26.085
26.569
26.743
26.715
26.708
26.863
27.197
25.231
26.863
27.660
27.322
27.175
27.106
26.987
27.088
27.368
27.322
27.521
26.999
24.437
22.045
23.479
26.809
23.637
24.410
21.252
23.509
25.355
24.826
24.203
27.009
24.765
24.068
22.971
22.337
15.023
22.626
26.037
21.556
15.273
20.820
22.274
17.518
19.645
25.731
22.455
10.656
22.115
13.868
3.937
4.915
5.700
20.471
26.201
26.390
23.720
26.287
25.162
20.869
13.365
25.317
20.485
18.020
22.273
23.612
25.360
5.454
6.971
16.062
3.057
7.736
1.822
21.144
6.804
5.067
4.267
4.334
6.245
8.310
25.434
15.426
26.122
23.389
20.860
21.165
17.697
21.607
6.815
3.398
6.302
12.171
11.884
5.285
8.399
5.140
4.507
3.241
8.102
1.321
5.856
6.773
7.731
7.272
9.272
14.562
17.780
11.089
18.626
15.946
23.436
23.788
13.648
2.620
8.514
12.155
7.148
9.229
5.144
7.142
23.528
10.373
22.568
16.500
23.606
21.794
21.546
23.808
24.004
23.652
23.583
22.204
14.021
17.593
15.558
20.968
22.290
22.571
19.052
14.846
14.462
16.033
16.566
20.419
7.726
21.303
21.665
22.309
22.209
22.248
21.935
21.605
21.698
21.584
21.646
21.711
21.180
20.544
21.462
21.236
20.587
20.703
20.529
20.809
20.352
20.024
20.476
20.603
20.776
20.448
20.560
20.287
20.125
19.864
19.663
19.490
19.327
19.407
19.285
19.145
18.963
5.318
17.689
18.601
18.583
18.625
14.504
15.430
15.772
18.024
18.024
18.524
18.477
18.158
17.974
17.846
17.705
17.753
17.626
17.466
16.994
17.350
17.356
17.334
16.937
16.652
17.480
17.432
16.785
17.137
16.977
16.580
13.902
15.823
15.992
16.649
16.698
16.744
16.669
16.517
16.572
16.501
16.441
16.491
16.303
16.126
16.275
16.547
16.451
16.347
16.489
15.702
16.427
16.580
16.445
6.388
16.659
16.924
16.584
15.597
16.328
16.516
16.256
8.300
16.654
13.119
11.293
15.883
10.387
15.705
17.378
17.744
18.119
18.263
18.339
17.900
13.462
17.409
17.647
18.136
18.270
17.873
17.984
9.814
17.948
18.656
18.561
17.804
6.874
16.961
16.616
17.946
18.482
18.960
19.433
20.022
19.787
19.807
19.745
19.782
20.265
20.638
20.509
20.480
15.748
14.449
19.959
20.434
20.938
21.058
20.882
21.235
21.506
21.432
21.448
21.574
21.500
21.750
22.848
24.206
23.620
23.501
23.872
23.873
23.484
23.423
23.800
24.009
24.151
23.911
23.038
24.007
23.723
23.919
24.221
24.748
24.711
24.631
24.277
24.534
24.940
25.018
25.350
24.763
25.028
24.851
25.206
25.409
25.249
25.222
20.912
24.317
25.371
16.597
25.354
24.146
12.647
24.810
16.127
17.360
23.111
26.253
25.787
24.421
25.941
26.440
27.365
26.507
27.029
27.168
27.300
27.045
21.133
26.489
27.530
27.804
27.727
27.307
27.383
27.543
27.648
27.478
27.327
27.368
27.515
27.931
28.135
27.995
27.782
27.476
27.161
28.544
27.561
27.248
27.179
27.156
27.226
27.313
27.296
26.728
26.912
27.235
27.392
25.564
27.460
26.433
18.419
27.521
28.038
25.759
19.741
27.247
27.368
27.174
27.136
26.096
26.921
26.928
23.606
24.256
16.809
5.371
13.315
8.653
4.186
23.814
8.518
14.370
22.892
23.479
21.249
22.040
17.193
18.028
20.971
15.575
17.538
21.712
22.662
20.699
24.123
16.640
9.936
8.387
23.857
12.961
8.444
17.424
9.763
16.058
23.773
24.692
20.261
13.634
24.228
24.608
20.132
12.959
9.123
20.100
19.783
7.341
5.867
7.665
5.786
11.861
10.539
8.588
22.892
10.163
9.467
8.719
11.198
19.278
24.481
24.639
24.524
13.573
8.731
9.398
16.272
5.719
19.477
24.057
15.860
9.181
13.538
12.733
16.751
23.276
23.649
21.595
5.625
4.226
3.702
14.262
14.419
14.302
3.734
7.500
4.025
18.602
7.845
7.913
20.432
15.533
19.340
22.663
4.263
15.896
17.744
23.254
22.344
20.955
18.786
4.762
20.745
12.929
20.001
19.410
20.109
19.674
15.049
18.420
19.638
20.949
21.780
16.985
15.713
19.762
22.039
21.898
17.858
22.937
22.692
21.801
15.974
20.926
21.686
21.406
21.643
21.638
21.516
21.396
21.099
21.215
21.097
21.012
20.879
20.691
20.950
20.837
20.904
20.744
20.531
20.293
20.056
19.952
19.314
19.052
19.001
19.454
19.434
18.805
14.859
18.733
14.667
12.833
17.833
18.500
18.517
18.759
18.632
18.446
18.279
18.295
17.881
17.757
16.525
16.272
17.347
17.375
17.395
17.405
13.303
17.008
16.777
16.706
16.927
16.677
16.812
16.897
16.886
17.122
16.936
16.705
16.892
17.049
16.700
16.623
16.641
16.492
16.314
16.224
16.293
16.411
16.396
16.544
16.446
16.459
16.398
16.497
16.429
16.405
16.434
16.385
5.202
17.035
16.928
16.871
16.901
16.709
16.809
16.753
16.660
16.253
13.639
15.919
14.744
16.676
16.826
16.978
17.033
17.111
17.113
17.149
17.266
16.165
17.253
17.628
17.764
17.393
14.651
17.533
17.550
18.309
17.513
17.724
18.428
18.242
16.228
17.076
18.263
19.016
19.385
19.243
18.922
19.942
20.204
20.204
20.126
19.975
19.906
20.182
19.747
19.721
20.018
20.806
20.796
20.972
20.608
20.876
21.043
21.362
21.635
21.931
22.125
22.123
22.019
21.785
21.952
22.507
22.486
22.359
22.699
21.523
22.167
23.115
24.055
24.198
23.677
23.738
23.900
23.915
23.835
24.201
24.202
24.410
24.538
24.679
25.160
25.295
25.015
24.985
24.536
24.839
24.998
24.937
24.586
25.008
24.867
25.326
25.576
23.812
24.816
22.986
24.748
25.439
25.909
25.856
25.257
25.510
25.538
25.680
26.110
26.497
26.361
26.519
26.471
26.242
25.515
26.269
26.137
26.574
26.257
26.505
26.384
27.302
27.420
26.964
26.695
26.841
26.801
27.813
28.274
27.970
27.695
27.682
22.168
23.072
13.863
14.574
18.788
7.381
13.496
22.773
24.429
11.142
26.189
17.535
21.430
27.396
27.399
27.352
27.157
27.372
27.266
27.379
27.450
27.380
27.359
27.506
27.602
27.382
25.582
27.022
27.066
27.366
24.539
22.994
21.839
16.148
14.647
9.579
9.433
15.914
13.979
11.181
13.509
15.812
14.957
19.435
20.455
14.742
26.458
23.473
25.110
21.375
21.574
19.744
26.021
22.342
25.529
22.297
25.730
21.687
20.467
10.099
10.763
12.238
6.916
15.958
22.656
23.728
11.255
25.468
22.731
25.609
19.375
14.763
18.718
13.580
25.592
23.416
25.932
25.817
22.363
19.123
11.942
14.794
4.573
9.288
9.191
20.990
6.832
2.365
6.446
23.945
18.478
5.327
9.315
3.203
6.720
6.234
6.227
3.615
2.016
1.321
3.308
4.759
1.485
5.298
7.192
6.644
10.427
17.764
14.389
2.849
3.099
8.229
24.550
24.484
24.365
24.610
24.668
24.300
20.203
17.628
18.862
23.552
23.431
13.763
23.808
23.789
23.135
23.095
22.959
21.822
22.127
22.762
20.296
21.810
21.151
11.967
19.690
16.892
22.113
18.547
20.119
21.154
20.685
20.281
21.594
21.900
20.262
17.476
20.546
18.930
20.376
18.676
18.470
15.975
19.008
19.897
6.641
11.512
20.089
21.463
19.842
21.222
21.176
21.204
21.074
21.073
20.811
20.684
20.600
20.479
20.246
19.992
19.951
19.825
20.056
19.371
13.228
19.350
18.134
9.048
18.425
17.771
19.082
19.256
18.680
18.487
18.323
18.373
13.020
9.287
7.161
17.879
16.149
17.745
15.824
15.781
12.891
17.650
17.530
17.531
17.528
17.576
17.328
17.164
17.174
17.040
16.928
17.108
17.274
17.188
17.016
16.881
17.106
16.977
16.627
16.564
15.909
16.647
16.681
16.643
16.972
16.660
16.680
16.645
16.860
16.903
16.955
17.017
16.184
16.144
15.932
16.027
16.311
16.263
16.503
16.238
16.192
16.188
14.358
12.986
15.883
16.606
16.232
16.352
16.457
16.760
16.922
17.289
17.050
16.886
17.254
17.462
17.605
17.355
17.085
17.246
17.664
18.067
17.805
17.913
15.294
17.737
18.147
17.978
17.801
17.946
17.981
11.571
11.019
14.604
16.777
19.012
19.326
19.033
19.072
18.853
19.097
18.924
19.018
18.925
19.641
19.854
20.186
19.836
20.064
20.129
20.428
20.182
20.996
21.843
21.853
21.681
21.975
22.044
21.801
21.785
21.766
21.848
19.513
15.579
14.701
21.819
21.560
22.366
20.428
18.276
6.493
21.570
22.406
23.299
23.656
23.882
23.885
23.978
23.670
24.218
24.551
24.168
24.163
24.134
24.657
24.614
25.156
25.278
24.783
24.748
24.728
25.328
26.594
26.070
26.191
26.133
26.565
26.747
26.646
26.578
25.692
26.425
26.593
27.891
27.892
27.279
26.775
13.327
26.145
26.103
26.443
27.143
27.476
27.400
25.614
22.368
14.282
24.912
26.266
26.611
27.035
26.410
25.726
25.467
22.728
22.328
26.271
13.536
21.318
23.951
23.633
25.672
26.044
27.227
27.832
28.149
28.226
27.830
27.743
27.448
27.451
27.649
26.990
27.402
27.309
27.603
27.468
27.411
27.785
27.748
26.979
15.254
22.941
25.567
27.398
27.738
27.001
27.454
27.312
27.327
25.985
26.924
11.929
23.633
24.707
25.332
20.200
17.681
23.017
19.938
12.612
25.846
23.248
20.460
20.825
20.445
19.934
21.638
23.465
17.207
13.631
18.600
3.974
17.995
18.635
16.807
4.807
1.869
7.522
5.519
14.879
8.082
18.762
9.977
11.492
18.036
5.821
23.537
10.267
5.170
13.127
15.644
20.931
23.564
8.375
25.744
25.375
25.857
19.223
12.534
11.921
20.957
1.162
2.535
5.662
21.913
5.933
5.017
3.368
14.104
10.020
2.375
8.998
7.714
11.503
22.200
24.258
24.542
18.784
7.997
22.176
9.654
16.250
21.394
23.345
21.329
13.361
22.315
24.477
15.328
18.510
9.063
16.076
22.588
24.310
24.125
24.416
21.473
20.435
22.687
18.506
14.775
22.716
19.743
22.955
21.004
20.668
20.423
19.948
19.391
9.493
4.846
10.405
9.942
10.513
7.678
16.842
22.285
15.977
14.691
1.470
22.171
20.540
20.067
22.224
22.003
18.225
21.333
22.067
19.180
21.844
21.884
21.918
21.531
21.707
21.734
15.479
16.697
21.386
21.379
21.086
17.372
20.325
20.748
20.628
18.879
20.563
18.677
20.351
19.679
19.546
11.807
19.384
20.189
19.959
19.493
20.077
19.783
19.701
19.522
15.571
17.567
19.274
19.009
18.897
18.979
19.372
19.159
18.894
18.831
18.743
18.578
18.540
18.326
18.082
18.004
18.046
18.112
18.006
17.950
17.862
17.507
17.402
17.204
17.022
17.080
16.620
16.509
9.927
15.980
16.239
16.795
16.959
17.005
16.965
17.014
17.053
16.836
17.027
16.871
16.677
16.799
16.701
16.678
17.071
16.972
16.662
16.613
16.615
16.627
16.637
17.144
16.967
16.805
16.916
16.925
16.739
16.743
16.797
16.323
16.315
16.672
16.540
16.282
15.604
16.380
17.129
17.273
17.210
17.114
17.078
17.156
17.375
17.461
17.176
17.420
17.242
17.204
17.368
17.504
17.964
18.449
18.535
18.534
18.706
18.752
18.669
18.762
18.962
19.039
18.979
18.920
19.124
19.517
19.823
19.907
19.997
19.846
19.907
20.123
20.223
20.216
20.236
20.367
20.303
20.684
20.729
20.774
21.054
20.601
21.126
21.264
21.577
21.554
21.470
20.022
21.125
9.738
11.593
19.814
21.074
22.503
22.879
23.073
22.965
22.737
4.448
18.139
20.728
23.178
22.979
6.077
8.920
10.892
23.697
21.813
23.560
23.572
24.204
24.623
24.248
24.343
24.432
25.518
25.536
25.827
25.966
25.985
25.612
25.488
25.405
25.610
25.499
25.600
25.287
25.793
25.831
25.661
26.011
25.927
26.129
25.965
26.093
26.013
20.332
26.030
27.050
26.421
26.521
26.586
26.231
26.326
24.958
26.561
26.695
26.801
26.889
26.748
26.602
26.689
26.924
27.425
27.671
27.449
27.312
27.446
27.203
27.332
27.485
27.357
17.402
27.408
27.286
26.604
26.835
22.284
23.710
23.993
25.397
17.095
22.824
21.531
22.385
25.000
25.372
26.637
26.577
26.873
25.885
7.303
8.914
6.989
21.074
7.570
26.522
26.291
22.791
22.813
24.568
23.225
16.638
27.169
27.327
25.069
24.595
26.885
23.787
16.130
13.346
13.160
19.796
22.805
22.862
15.967
8.681
19.817
21.310
20.822
20.619
15.952
22.733
23.151
15.997
6.764
16.523
4.400
6.220
5.040
7.483
10.501
9.188
6.890
5.876
25.520
24.571
20.728
15.761
13.081
2.623
8.857
4.324
4.057
10.368
14.468
17.589
23.309
13.704
10.012
4.266
6.642
3.965
1.592
5.702
18.922
3.384
12.066
20.094
17.559
6.251
5.231
1.952
1.784
8.209
21.784
21.271
13.327
17.211
7.105
2.025
3.486
6.837
5.943
5.738
21.234
19.182
7.520
6.111
15.795
5.639
8.615
22.731
2.596
2.309
20.548
20.359
22.010
23.335
12.616
22.259
23.932
23.739
23.320
23.121
23.262
23.400
23.045
13.790
19.653
22.652
20.202
21.761
22.091
18.933
13.886
19.651
21.459
21.355
20.342
19.173
15.872
15.658
22.299
18.864
9.546
21.220
21.700
21.740
21.592
21.917
22.092
21.831
21.853
21.530
21.675
19.525
12.955
13.622
19.277
20.770
20.458
20.326
18.344
16.537
17.701
18.021
19.249
20.105
19.795
19.729
19.836
19.528
16.935
18.878
19.247
15.860
19.358
16.913
18.689
13.348
16.192
9.702
18.605
18.629
18.542
18.308
18.234
18.130
17.925
17.961
17.944
17.969
18.093
17.797
14.718
10.224
17.175
17.318
17.346
17.224
17.026
16.944
10.253
16.321
10.006
16.433
16.547
16.429
16.399
16.244
15.788
16.269
16.371
16.493
16.705
16.582
16.467
16.313
16.305
16.461
16.523
16.782
16.579
16.623
16.612
16.562
16.162
16.432
16.142
15.938
16.242
16.473
16.522
16.588
16.529
16.290
16.436
16.543
16.588
16.477
16.608
16.771
16.927
16.944
16.847
16.879
16.937
17.035
17.190
17.291
17.455
17.729
17.684
17.604
17.674
17.718
17.811
18.061
18.036
18.091
18.052
18.125
18.078
17.035
3.085
18.311
18.688
18.992
18.751
19.156
19.405
19.265
19.286
19.420
16.817
11.222
17.945
19.754
15.732
9.589
19.787
20.237
20.513
20.708
20.772
20.402
20.862
21.001
19.479
17.293
20.772
21.791
21.903
21.799
19.208
21.937
22.265
22.474
22.678
22.962
23.087
23.374
23.180
22.885
22.529
21.094
15.094
23.612
23.972
24.172
24.187
24.144
23.625
23.590
23.693
24.142
24.580
24.894
24.898
25.355
25.318
25.445
25.581
25.526
25.187
24.834
25.297
25.788
26.110
25.992
25.843
25.721
21.581
26.046
26.313
26.392
26.498
26.358
25.990
23.112
26.436
23.848
25.455
21.886
24.086
26.381
26.726
26.956
26.777
26.640
27.385
27.154
26.093
10.378
21.250
27.014
25.379
25.775
21.356
20.924
24.581
24.124
22.763
25.457
26.699
26.968
27.421
27.112
27.209
27.280
27.129
26.926
25.605
25.199
25.055
18.449
27.203
27.691
27.592
27.649
27.784
27.377
17.955
16.197
22.898
23.631
19.669
18.407
8.348
14.164
6.921
20.226
23.987
26.387
26.800
26.833
26.554
26.555
24.699
8.042
9.375
16.637
22.926
18.887
22.711
14.711
19.689
22.718
20.744
5.194
8.066
16.166
12.706
15.498
15.160
8.208
12.858
2.129
1.798
8.660
7.631
4.283
1.295
2.430
10.334
2.381
1.199
19.487
16.259
12.512
8.497
18.076
21.358
25.888
25.508
20.667
16.686
17.495
24.628
13.008
10.369
20.635
18.733
20.957
23.862
21.626
23.343
22.408
17.731
10.560
8.705
8.467
13.030
11.293
5.724
6.484
13.149
12.067
15.070
7.765
5.218
11.802
9.560
7.821
13.726
17.939
19.336
4.744
18.720
13.948
21.388
22.717
24.087
15.725
17.068
4.774
14.326
16.307
22.106
22.148
20.337
19.122
19.791
5.681
10.252
23.108
22.377
23.267
17.680
23.457
23.163
23.393
23.229
21.483
22.805
21.828
21.396
15.493
19.212
18.632
8.695
9.690
20.106
18.157
20.905
14.120
22.329
12.638
22.163
22.165
22.432
21.220
22.077
19.846
22.014
21.695
21.356
21.530
18.077
6.705
20.913
21.624
21.638
21.411
21.247
21.398
21.298
21.116
20.917
20.748
20.040
20.144
20.081
20.174
19.966
19.228
19.831
19.739
19.188
18.187
18.807
16.784
11.501
18.530
19.128
18.563
18.619
18.169
18.442
18.223
18.166
18.044
18.222
18.359
18.307
18.443
18.313
18.059
18.226
18.264
18.193
17.943
17.997
18.003
17.822
17.681
17.226
16.173
16.917
15.653
5.371
16.821
16.680
16.682
15.544
16.541
16.701
16.766
16.313
16.212
15.897
16.131
15.339
3.750
15.923
16.447
16.486
16.625
16.488
16.380
16.407
16.348
15.979
15.797
15.998
16.045
16.270
16.923
16.868
16.676
16.808
16.877
16.528
16.311
16.373
16.503
16.562
16.568
16.546
16.611
16.890
16.710
16.945
17.102
16.568
17.270
17.432
17.497
17.856
17.744
18.090
17.026
18.060
18.341
18.591
18.615
18.645
18.324
18.305
17.899
19.277
19.343
18.776
14.388
19.856
19.920
19.541
19.396
19.968
20.238
20.782
20.152
20.626
20.543
20.431
20.525
20.585
21.293
21.401
21.514
21.618
21.442
21.320
21.484
21.684
22.225
22.535
22.926
23.067
22.998
23.035
22.936
23.010
22.928
22.950
23.323
22.959
23.354
23.382
19.528
20.614
20.570
22.377
23.162
23.157
23.804
23.849
24.341
24.227
24.318
24.613
24.752
24.529
23.838
24.224
24.424
22.156
23.760
24.931
21.014
15.850
25.148
25.146
25.038
22.894
22.803
25.133
16.199
24.982
25.790
25.984
25.858
25.990
25.881
26.417
26.899
26.726
26.560
27.017
27.099
26.943
27.182
27.084
26.910
26.981
27.019
27.118
27.097
27.401
26.156
26.802
26.437
26.801
27.193
27.355
27.414
24.903
25.796
26.176
24.633
26.657
18.935
27.268
27.127
26.943
27.254
27.366
27.029
27.246
27.199
27.150
27.254
27.305
27.222
27.402
27.683
27.557
27.167
27.289
27.421
27.217
26.775
27.105
21.193
23.860
19.697
18.456
16.342
23.954
20.122
8.476
5.136
18.822
7.685
21.254
12.450
6.014
15.859
2.027
18.359
9.461
1.963
12.974
21.016
9.490
22.869
7.801
6.465
4.655
13.579
5.989
3.414
9.330
10.193
5.921
12.443
11.913
22.426
11.471
20.983
4.118
1.988
1.271
7.382
6.694
9.714
14.918
19.746
21.403
6.683
6.835
15.742
19.431
23.554
20.798
21.592
16.493
3.973
2.334
12.373
13.378
15.713
14.849
16.993
13.480
19.416
10.514
5.624
8.509
13.992
3.870
7.216
6.775
22.121
3.851
8.359
2.686
9.997
6.718
16.392
10.199
9.000
22.422
23.793
23.111
21.492
22.639
3.722
10.892
4.555
19.241
23.985
24.048
24.202
24.213
20.487
14.443
15.467
21.760
21.040
20.533
7.862
20.615
22.350
22.188
21.216
15.447
12.558
9.143
12.019
13.609
12.681
14.881
11.021
17.051
19.951
22.053
21.690
21.171
22.425
22.538
22.461
22.337
21.998
13.351
17.832
18.236
16.104
13.303
17.663
18.624
17.891
13.784
13.700
21.387
20.104
21.421
21.295
21.166
18.935
20.325
20.497
20.730
20.763
20.864
20.612
20.393
20.438
20.347
20.166
20.167
19.632
19.497
19.349
19.457
19.649
19.509
19.463
19.477
19.529
19.441
18.997
19.032
19.101
18.830
18.510
18.097
17.501
17.980
17.985
14.550
4.929
14.286
14.563
16.791
17.431
17.671
17.727
17.789
17.879
17.777
17.746
15.790
16.660
4.508
7.020
16.269
16.389
16.474
16.345
16.361
16.421
16.366
16.148
16.437
16.351
16.289
16.234
16.156
16.053
16.053
15.609
15.749
13.016
2.119
9.614
5.237
16.626
16.662
16.873
17.018
16.998
16.867
16.806
16.934
16.869
16.730
16.698
16.564
16.824
16.396
16.699
3.211
8.987
9.663
13.580
14.515
14.169
16.243
7.825
14.123
16.446
16.129
17.058
15.861
15.996
9.604
17.717
18.033
17.377
18.035
18.112
18.502
18.536
16.326
18.656
19.084
19.096
19.312
19.581
19.592
19.403
19.606
19.884
19.722
19.863
19.968
20.418
20.106
20.293
20.177
20.542
20.675
20.452
20.568
20.751
20.643
20.576
20.668
21.307
21.616
21.467
21.649
21.668
21.790
21.979
22.244
22.722
22.716
22.955
23.215
23.218
23.010
20.891
23.236
23.382
23.410
22.584
19.695
23.826
24.177
24.100
23.917
24.083
23.182
23.368
13.617
24.143
24.412
24.643
24.863
21.361
24.541
23.560
25.064
25.262
25.220
25.388
23.772
24.449
21.755
8.042
23.083
25.790
26.145
26.461
26.652
26.841
26.775
26.652
25.964
12.612
26.847
27.305
27.476
27.065
26.957
26.744
27.618
27.417
26.928
27.334
27.960
27.801
27.683
27.326
27.200
27.412
27.670
27.276
27.132
27.157
27.343
27.334
27.748
27.601
26.993
26.300
26.674
26.093
26.502
26.773
25.186
11.314
22.116
21.321
27.116
17.052
22.045
26.947
24.062
27.522
27.469
27.397
27.093
27.215
24.667
26.841
26.445
26.804
26.833
26.920
27.215
27.503
27.496
26.286
27.249
21.978
24.459
24.887
25.535
25.811
26.401
24.304
20.505
18.643
21.492
11.160
21.963
20.627
20.034
20.301
17.596
13.155
9.481
19.747
22.168
16.872
13.684
24.679
10.759
21.358
19.155
23.610
20.514
2.667
12.120
13.166
19.590
13.554
2.750
7.488
11.203
10.779
10.821
10.965
12.623
9.234
6.125
5.358
4.074
4.305
3.560
6.371
5.448
6.217
10.916
5.030
11.469
6.517
12.782
21.977
19.873
4.396
18.526
21.266
6.572
2.103
17.405
1.644
1.371
5.516
17.722
23.293
24.959
22.542
24.471
24.172
21.411
23.700
23.929
23.791
19.416
12.211
6.400
5.818
6.762
10.122
20.997
22.797
10.045
10.256
14.184
23.158
19.900
8.828
20.039
22.109
12.416
21.064
22.594
23.735
23.756
23.685
23.428
23.557
23.329
22.886
23.036
22.933
22.905
22.812
22.099
22.199
22.558
21.717
21.904
21.937
20.819
22.098
21.586
18.549
16.390
4.078
20.669
20.314
21.595
10.751
21.357
21.354
20.803
21.273
21.177
20.182
20.876
20.851
20.750
20.951
20.766
20.740
20.684
20.877
20.840
20.588
20.276
20.113
19.904
19.494
19.657
19.828
19.826
19.731
19.591
19.356
19.277
18.776
18.435
18.483
16.681
10.181
1.462
2.988
15.625
15.851
1.681
2.585
17.333
17.515
17.437
17.748
17.928
18.199
17.285
16.810
16.761
14.724
16.697
16.890
17.129
16.778
17.134
16.920
16.739
16.354
16.400
16.255
16.347
16.399
16.024
15.665
16.339
16.290
11.160
15.899
15.783
15.388
3.893
16.156
15.994
15.418
13.319
16.016
15.050
16.243
16.377
16.564
16.404
16.109
13.022
16.494
16.572
16.906
16.057
15.696
16.426
17.157
17.462
17.128
16.870
16.944
16.782
13.299
14.884
17.461
17.610
17.364
17.317
17.210
17.637
17.990
18.205
18.192
18.275
18.249
18.221
18.344
18.324
18.367
18.232
18.418
18.626
18.683
18.532
18.778
16.163
14.957
18.399
18.884
19.039
18.003
18.081
19.597
16.615
19.854
19.976
20.616
20.414
20.097
20.951
21.205
21.511
21.323
20.451
11.302
21.319
21.699
21.684
21.992
22.282
22.372
22.303
21.833
21.426
22.059
21.879
22.042
22.618
22.973
23.049
22.659
17.091
23.059
24.130
23.974
23.921
23.758
23.837
23.864
24.169
24.270
24.693
24.541
24.731
24.580
24.475
24.506
24.728
25.032
25.073
25.738
25.047
25.122
25.128
26.314
25.862
26.156
26.285
26.076
19.490
18.779
24.715
26.145
26.305
26.404
26.148
26.416
26.306
26.240
26.470
26.219
26.495
26.592
26.672
26.990
27.070
27.199
27.012
26.682
26.845
26.886
26.670
21.476
26.520
23.799
25.030
26.665
26.720
27.177
27.044
27.039
27.301
27.661
27.168
27.206
27.154
27.488
27.201
27.363
27.429
27.726
27.477
27.372
27.540
27.477
27.469
27.558
27.057
27.086
27.003
27.474
27.715
27.446
27.335
16.769
11.094
25.738
24.936
26.726
23.288
26.689
23.134
21.686
25.510
26.584
24.530
23.053
7.132
14.916
24.036
26.365
26.656
24.320
23.760
25.333
22.409
20.862
24.310
16.628
17.926
18.571
24.244
19.536
23.712
15.369
17.993
6.054
17.036
22.833
21.369
24.644
22.516
20.874
7.327
10.208
19.917
24.356
21.221
3.994
21.892
24.738
17.699
23.499
22.883
22.092
10.723
8.409
4.352
23.327
18.158
22.031
24.872
22.919
14.887
7.937
8.603
12.821
4.470
9.601
14.582
11.036
4.638
11.790
22.751
21.301
23.613
22.992
20.553
17.760
20.022
23.605
22.301
14.924
19.359
15.185
17.846
9.146
11.284
21.953
21.109
21.111
21.638
22.549
12.680
18.049
13.608
13.586
15.519
9.568
13.309
10.036
1.919
18.667
11.845
15.358
10.048
8.826
17.594
15.537
18.534
20.296
16.044
18.612
22.905
23.014
21.874
22.698
20.502
22.370
22.172
20.863
22.477
22.013
21.672
22.186
22.494
22.247
21.998
22.072
21.887
21.973
21.325
21.706
21.893
20.489
18.759
13.235
19.487
21.010
19.348
20.548
16.108
17.754
17.466
17.018
18.675
17.006
17.354
19.343
16.831
17.291
14.173
18.954
19.449
15.468
17.609
19.450
19.391
19.350
18.849
18.960
18.986
18.933
16.827
17.221
14.070
11.307
16.208
17.166
16.699
16.585
15.622
17.054
17.036
15.117
17.125
15.222
1.185
12.229
11.821
6.960
15.196
15.184
12.672
16.417
16.486
14.941
10.359
12.155
14.946
16.255
16.687
17.098
16.522
16.343
16.554
16.755
16.862
16.902
16.762
17.033
17.003
16.992
17.003
16.958
17.027
17.126
17.010
17.072
16.871
16.705
16.585
16.323
14.393
16.052
8.570
16.826
17.179
17.179
16.566
16.565
16.915
17.561
17.393
17.435
17.345
17.528
17.363
17.293
17.369
17.118
17.009
17.791
17.859
17.397
17.379
17.901
17.983
17.923
17.621
17.804
17.814
18.648
18.072
18.181
18.409
18.703
18.705
18.618
18.878
19.305
19.487
19.425
19.508
19.351
19.013
19.651
19.781
19.702
19.769
19.929
19.836
18.170
20.063
20.584
20.471
20.860
20.721
21.130
20.998
21.240
21.289
21.800
21.824
22.024
21.684
21.290
20.952
21.390
21.686
22.083
22.513
22.753
23.027
23.255
23.421
23.946
23.878
23.882
23.919
23.847
24.619
24.298
24.350
24.453
24.678
24.716
24.587
24.251
24.667
24.917
25.088
25.479
25.356
25.776
25.239
25.571
25.560
25.264
25.435
25.531
25.797
25.664
25.243
25.508
25.886
25.658
25.575
19.166
25.478
25.749
24.128
25.887
25.514
25.998
26.730
26.959
23.228
26.778
26.754
27.129
27.214
27.535
27.399
27.206
25.294
22.202
20.025
26.814
27.436
26.942
26.584
27.211
27.075
26.843
26.937
27.526
27.456
27.160
27.264
27.501
27.478
26.229
23.111
26.578
26.788
27.021
26.787
26.466
26.610
26.868
27.208
24.656
26.775
26.808
27.114
27.144
25.276
26.495
19.335
16.162
9.931
14.819
21.178
22.538
23.641
22.104
10.877
22.644
16.124
25.900
25.468
24.349
24.716
21.390
20.602
22.787
24.232
19.494
15.360
13.439
2.465
4.448
17.483
15.582
10.513
4.832
22.305
25.072
25.721
25.969
23.784
5.694
8.617
25.348
19.423
7.723
6.263
15.651
15.625
4.490
6.660
6.825
8.591
4.037
3.149
4.791
16.569
12.098
15.997
1.218
2.100
4.035
24.330
24.242
12.023
8.709
9.732
11.531
10.068
13.673
10.758
3.635
15.596
7.728
7.050
6.526
0.625
4.256
8.883
3.721
10.601
10.803
3.801
13.194
18.150
17.720
20.440
20.791
15.365
21.791
22.453
8.757
3.806
6.033
11.519
20.179
16.012
17.534
22.398
6.046
12.878
3.030
8.256
5.996
6.853
20.079
5.111
19.278
6.407
8.022
15.168
21.607
21.431
21.163
18.887
11.516
16.195
21.241
21.000
21.095
21.421
20.325
22.005
22.116
19.010
21.856
22.092
21.878
22.006
22.018
21.716
21.909
21.881
21.715
21.557
18.235
8.289
19.107
19.262
14.880
19.111
10.405
19.490
18.251
18.833
18.640
16.416
20.980
20.685
20.553
20.730
20.504
20.182
20.108
20.119
19.964
19.886
19.780
19.597
19.399
18.911
19.237
18.923
18.640
18.982
18.802
18.641
18.482
18.367
18.725
18.712
18.188
17.985
17.926
18.256
18.149
18.095
18.039
18.039
17.994
17.812
17.966
17.614
17.247
17.133
16.140
14.018
12.921
16.075
16.490
17.004
16.960
16.512
16.497
16.475
16.686
16.669
16.658
16.539
16.622
17.343
17.371
16.762
16.787
16.652
16.907
16.686
16.666
16.498
16.521
16.332
16.327
16.528
16.762
16.840
16.888
16.953
16.800
16.747
16.605
15.940
10.578
16.644
16.283
16.451
16.435
16.176
16.368
17.116
16.903
17.269
17.285
17.238
17.599
17.544
17.422
17.145
17.459
17.978
18.007
18.070
18.164
17.552
17.864
17.871
17.219
17.397
18.123
18.607
18.586
18.380
18.416
19.116
18.983
18.910
18.734
18.698
18.855
19.040
20.738
20.457
20.261
20.097
19.918
19.624
20.054
20.415
20.833
20.538
20.501
20.750
21.084
21.400
21.561
21.633
21.818
21.800
21.957
22.163
22.431
23.000
22.444
22.096
22.445
22.566
22.877
22.861
23.432
23.639
24.510
24.313
23.845
23.739
24.187
24.097
24.111
24.242
24.342
24.576
24.715
24.872
25.394
25.736
25.739
25.894
25.673
25.869
24.827
24.960
25.206
25.224
25.084
24.876
25.112
25.128
25.283
25.456
25.456
25.337
25.627
25.879
25.849
23.125
25.907
25.813
25.525
25.998
26.051
25.614
23.399
15.983
2.997
25.830
26.481
27.162
26.470
26.754
26.901
27.010
26.801
27.177
27.225
27.338
26.933
26.795
26.937
24.413
22.886
24.813
22.679
19.695
21.251
25.964
26.614
26.929
27.177
27.272
27.574
27.309
27.255
27.307
27.163
27.215
26.979
27.282
27.365
27.573
27.214
27.369
27.394
27.376
27.056
26.994
26.791
27.015
25.119
24.866
26.440
5.061
10.316
7.777
13.094
18.104
17.769
13.150
14.986
18.539
23.058
23.246
10.587
21.438
25.677
25.203
26.094
22.947
22.234
13.842
23.898
26.592
23.696
21.116
13.030
11.362
8.429
17.527
19.845
4.082
5.352
7.215
12.742
14.236
16.133
1.559
3.221
23.353
10.591
5.925
7.805
22.395
10.126
2.395
9.603
12.260
16.813
9.784
2.784
2.488
11.491
8.419
4.785
2.978
3.404
4.707
4.552
4.345
5.831
4.525
11.734
15.953
19.587
9.892
3.754
3.881
3.562
3.379
4.694
2.077
1.963
9.425
4.309
9.712
4.514
15.651
9.448
2.318
12.558
20.034
11.431
7.137
11.152
17.173
16.178
21.236
22.716
17.676
19.182
15.229
21.119
17.290
10.545
2.449
5.502
12.220
20.149
20.537
2.168
4.059
8.857
10.442
12.529
21.764
22.077
20.490
20.824
20.681
20.753
19.661
10.529
18.295
21.749
20.459
18.148
22.287
22.018
21.782
20.535
20.123
21.444
19.260
19.751
21.083
17.189
19.233
16.603
21.359
21.502
21.311
21.198
21.002
16.081
20.320
20.519
20.534
20.410
20.236
20.188
18.804
19.403
19.859
20.141
20.002
19.856
18.259
20.146
19.887
19.413
16.177
18.569
19.282
19.346
19.602
19.358
19.369
19.117
18.820
18.477
15.976
10.254
16.411
17.834
18.105
18.445
18.277
18.418
18.070
17.831
17.831
17.562
17.441
17.508
17.358
17.156
17.093
17.332
17.261
17.135
16.956
16.736
16.533
16.791
16.439
16.299
16.449
16.183
16.360
16.304
16.385
16.792
16.725
16.154
16.335
16.175
16.281
16.183
16.079
16.668
16.425
16.296
16.453
16.461
16.930
16.939
16.828
16.835
16.596
16.255
16.031
16.140
17.241
17.083
17.112
17.164
17.203
17.311
17.445
16.868
17.123
17.282
17.269
17.123
16.897
16.939
16.038
17.239
17.857
18.181
18.087
18.051
17.988
17.684
17.890
16.966
18.268
18.103
18.434
18.660
17.199
16.429
18.337
18.248
18.409
2.364
17.420
19.371
19.439
19.855
19.597
19.355
18.674
9.747
19.757
14.786
12.123
20.408
20.936
20.778
20.799
20.882
20.859
20.941
21.155
21.796
22.049
21.729
22.138
22.778
22.889
23.220
23.624
23.394
23.234
23.156
23.418
23.392
23.333
23.393
23.214
23.756
23.391
23.867
23.526
17.532
23.871
23.911
24.004
23.951
24.924
18.911
24.175
24.043
24.496
17.253
19.858
23.068
25.244
25.171
24.931
25.460
24.744
25.399
25.547
25.897
25.917
25.804
25.864
25.846
25.470
25.787
26.167
26.012
26.616
26.226
26.114
26.406
18.902
23.756
16.199
15.123
23.938
24.123
24.232
26.023
26.328
27.208
26.650
26.957
26.868
26.936
27.427
26.822
26.738
27.184
26.825
26.864
27.375
27.854
26.542
27.625
27.078
27.010
23.556
25.608
27.209
27.063
27.300
27.224
21.309
27.146
27.422
27.753
27.067
27.110
27.050
26.425
23.483
24.337
27.228
23.870
19.197
21.127
13.476
18.627
23.144
22.428
23.967
19.380
20.418
11.210
25.173
18.084
24.932
22.344
20.373
18.364
13.287
8.356
22.984
25.850
24.079
11.522
21.189
2.498
12.509
2.887
11.976
20.047
12.629
21.376
21.272
4.320
2.370
1.143
3.012
15.439
11.545
11.436
4.657
9.921
2.640
16.525
18.747
10.867
8.504
6.908
11.798
5.936
5.175
8.023
10.776
5.213
6.795
14.775
1.502
2.049
13.148
3.332
5.145
11.446
7.795
2.015
9.333
13.189
9.746
24.029
8.641
16.676
5.692
6.885
5.348
7.542
4.649
4.162
9.326
7.280
16.006
15.972
12.096
20.713
2.137
2.479
2.196
1.682
1.348
2.738
19.061
14.652
22.507
19.065
23.226
23.964
22.251
10.609
21.485
20.225
21.520
21.540
21.990
21.941
21.285
23.840
22.850
21.264
20.635
22.840
22.574
22.222
21.960
23.016
22.897
21.883
9.483
2.605
2.688
8.334
3.252
20.786
21.473
19.568
10.320
8.048
19.141
18.608
13.767
19.758
13.474
14.125
18.324
18.496
14.602
19.002
18.365
17.766
20.230
20.176
20.476
20.466
20.704
20.502
20.323
20.496
20.452
20.585
20.494
20.274
18.681
19.419
19.567
19.824
19.608
19.392
19.501
19.245
19.094
18.965
18.851
18.816
17.499
12.852
3.867
10.531
18.306
18.263
18.050
17.235
14.781
17.962
18.462
18.323
18.048
18.258
18.207
17.921
17.722
17.578
17.203
16.653
16.779
16.634
16.427
17.213
17.132
16.818
10.746
16.111
16.402
16.487
17.160
17.065
17.109
17.138
17.048
16.901
16.961
17.014
16.984
17.108
17.107
17.052
16.748
16.410
16.948
16.644
16.576
16.049
16.058
15.986
14.117
15.582
15.331
15.997
11.263
10.077
15.969
10.079
13.547
3.218
17.074
17.199
16.713
16.394
16.716
17.069
17.013
17.141
16.617
15.626
17.420
17.260
17.260
18.067
16.181
17.055
9.686
13.620
10.357
16.410
17.482
17.690
18.349
18.839
18.610
18.923
18.794
18.594
17.511
18.763
18.946
18.975
19.085
19.141
19.543
20.216
20.124
19.940
20.172
15.355
20.008
8.213
20.560
20.939
21.319
21.102
20.622
5.627
18.592
21.039
15.884
10.091
18.171
17.209
21.816
22.464
22.769
22.378
20.351
18.448
21.512
19.956
17.239
20.564
21.936
22.823
19.667
22.534
23.204
23.389
23.638
23.580
23.806
25.126
25.033
25.037
24.077
24.114
24.077
24.564
24.433
24.315
24.568
25.240
24.953
25.154
25.231
25.450
25.384
25.674
25.571
25.406
25.033
25.579
25.984
26.542
26.491
26.134
25.822
25.909
26.024
26.247
25.908
26.008
24.501
25.486
26.345
25.197
26.756
26.982
26.766
26.625
27.176
27.167
26.771
27.055
26.999
26.769
25.848
27.125
25.647
26.651
27.084
26.809
24.187
27.360
27.031
26.860
26.984
26.869
26.041
23.894
23.032
26.458
27.096
26.985
27.621
27.557
27.434
27.495
26.492
25.600
26.875
20.169
27.104
27.459
27.278
26.969
27.279
27.430
25.125
25.092
26.747
26.991
22.782
27.071
26.630
23.601
25.266
26.438
13.123
15.100
20.094
20.359
26.178
20.393
17.218
26.633
20.636
22.525
25.630
24.116
25.199
26.516
26.888
25.925
26.834
26.937
23.462
15.509
23.660
23.339
24.159
20.993
20.093
13.809
23.344
22.206
22.151
13.511
4.507
15.770
11.670
11.124
4.318
4.089
17.450
20.372
8.642
0.431
1.091
9.417
6.855
13.913
11.030
17.104
21.330
7.693
