20000101
29.065,13.328
28.436,12.924
28.904,11.412
27.722,10.902
28.310,11.905
28.226,10.060
27.843,9.446
29.292,8.735
31.003,10.166
31.960,10.676
32.777,12.169
29.952,18.304
29.448,12.846
28.075,11.162
27.317,11.580
27.058,11.332
27.560,14.112
31.227,14.155
32.047,13.786
31.760,12.556
29.241,10.641
29.642,13.448
30.524,14.701
28.937,13.202
30.451,14.006
31.388,12.172
29.727,14.931
28.385,12.509
29.391,10.707
30.889,10.744
33.047,11.515
28.543,13.908
29.070,11.948
28.990,12.588
30.380,13.223
27.187,15.036
27.413,11.323
27.511,11.370
29.806,11.764
28.302,12.476
30.674,12.434
27.187,14.135
27.178,10.950
26.290,11.812
28.329,12.180
30.323,12.772
32.662,13.585
29.796,13.429
31.469,12.268
30.474,13.080
30.251,12.320
31.071,10.813
31.991,15.131
31.457,20.356
29.857,19.654
29.324,18.265
32.847,13.703
34.024,13.244
33.593,14.177
35.715,13.520
37.214,18.148
36.345,21.167
35.983,18.415
34.616,19.156
33.724,17.336
33.969,15.056
32.263,14.531
32.639,14.715
35.637,13.795
35.347,13.556
36.431,18.173
34.633,18.429
31.181,18.221
35.025,16.153
35.701,14.068
34.631,15.334
35.506,17.007
36.087,18.894
37.216,15.556
37.095,17.333
37.083,15.290
36.193,18.377
35.312,16.600
35.274,19.265
39.024,18.844
38.456,18.910
39.086,19.402
37.568,19.479
39.468,19.691
40.362,17.014
42.352,20.429
44.620,23.254
44.912,23.810
43.171,22.865
42.413,21.419
41.583,23.921
42.383,23.772
42.095,22.205
41.992,25.864
41.743,25.136
41.782,23.482
44.328,21.823
46.760,24.631
42.845,23.497
41.593,25.140
41.154,24.053
42.746,24.573
41.861,25.030
42.401,25.421
42.347,26.068
42.674,25.503
42.547,26.868
40.585,27.213
40.199,25.059
40.281,25.472
42.067,25.633
42.757,26.439
42.824,26.060
42.846,27.825
42.349,27.741
42.476,28.208
43.520,27.327
43.938,27.321
44.460,26.739
44.830,27.350
45.999,27.308
43.560,27.996
44.338,28.083
43.005,26.077
40.778,28.360
39.820,26.224
40.387,28.635
36.635,27.691
38.949,24.762
39.156,24.991
40.471,25.162
39.834,26.121
39.828,26.286
36.507,27.219
34.241,26.462
31.852,25.352
38.242,24.218
39.609,25.541
40.497,25.566
41.050,26.098
41.044,26.795
40.574,27.199
42.095,27.199
40.732,27.483
41.544,28.595
39.219,27.049
39.157,27.109
40.936,26.573
41.589,28.697
45.991,28.289
40.489,27.969
41.365,28.103
43.051,28.819
41.040,29.363
39.340,26.319
39.463,25.866
39.540,28.662
40.501,27.183
39.733,27.667
37.290,26.865
37.567,26.778
38.038,27.108
40.575,27.487
40.504,27.551
41.146,26.783
40.101,27.811
33.831,27.496
35.524,26.488
36.342,27.597
37.028,26.153
35.210,26.743
38.290,25.843
38.347,26.411
39.584,26.260
38.866,25.916
39.114,26.597
39.877,27.327
38.783,27.026
31.865,25.997
34.776,25.009
37.744,25.001
37.385,25.795
40.084,25.764
36.013,26.258
32.191,25.502
28.403,25.330
30.706,24.358
28.836,24.651
25.093,24.018
29.880,24.066
25.869,24.268
29.073,23.765
29.305,22.929
28.243,23.457
25.259,23.549
26.124,23.731
24.079,22.864
25.604,22.487
29.711,22.437
31.772,23.376
32.698,22.883
34.041,23.535
34.568,23.533
35.590,24.674
35.171,24.221
27.864,24.536
31.416,23.936
33.302,24.077
31.561,24.736
33.341,23.508
32.833,23.068
34.715,22.853
36.760,23.552
36.331,23.998
38.268,26.905
37.363,26.037
36.094,26.820
36.072,25.556
35.817,24.054
30.091,24.454
28.636,23.878
27.409,23.334
26.771,22.855
29.757,22.928
30.247,23.582
28.467,23.315
27.208,23.224
26.906,23.241
29.888,23.162
29.543,23.265
33.406,25.399
34.207,24.484
33.126,24.932
34.273,24.654
31.463,23.371
31.623,24.036
29.988,24.164
28.166,23.672
26.738,23.551
28.490,23.408
28.234,23.275
25.802,23.451
27.029,22.953
23.753,22.483
24.879,22.253
29.587,21.796
31.399,20.047
32.312,21.786
32.439,21.619
32.933,21.701
34.245,20.811
35.415,20.238
36.225,21.240
35.272,23.062
36.524,22.227
36.179,22.017
34.181,21.784
36.243,20.078
39.106,21.510
39.338,24.085
37.323,24.567
36.854,23.301
39.050,21.978
38.424,21.671
39.382,22.299
38.181,22.428
38.484,21.806
40.158,21.418
39.970,19.613
40.083,21.772
38.238,21.894
37.981,20.564
38.049,19.921
37.889,19.500
38.938,17.873
40.663,19.941
40.173,21.311
41.209,21.073
41.008,22.706
40.798,23.614
40.553,26.687
37.042,24.458
37.557,21.723
37.250,20.699
37.578,17.338
36.338,19.252
37.613,19.267
37.772,17.494
37.888,16.489
38.371,17.130
37.304,19.047
36.710,18.141
35.455,19.324
36.109,19.193
38.205,19.830
37.331,18.987
36.820,15.878
35.404,15.533
36.268,16.540
37.490,13.577
34.383,17.063
34.146,17.154
34.132,17.086
35.225,17.418
35.982,17.490
34.890,14.814
35.156,15.642
34.314,16.669
34.635,16.168
35.915,16.179
34.135,16.481
35.559,14.803
34.765,15.335
34.199,17.476
33.905,17.011
33.284,16.853
32.961,14.900
33.035,12.897
33.780,15.711
33.858,14.623
32.371,14.388
32.688,14.079
32.627,15.253
33.981,15.291
33.727,16.965
33.167,16.143
33.059,15.944
31.782,15.352
29.834,15.873
29.537,14.304
28.870,13.604
27.921,11.883
28.954,11.804
30.100,11.432
31.635,9.600
32.653,10.606
31.042,15.231
31.717,14.168
32.108,11.118
31.785,10.894
31.389,12.038
31.116,13.304
31.255,11.386
30.957,11.040
31.237,12.789
31.011,12.972
31.429,13.637
31.634,11.154
31.611,12.915
31.364,13.292
29.899,13.579
32.080,13.724
31.406,12.582
31.774,12.479
31.626,12.625
30.573,12.879
30.319,12.214
29.935,11.880
30.071,12.886
25.645,17.202
21.363,10.847
24.173,7.492
25.904,9.384
26.823,10.579
26.782,10.420
26.253,10.389
28.219,10.972
28.635,12.396
27.160,11.077
27.295,11.293
28.261,12.478
29.968,13.673
30.681,17.552
30.675,13.945
29.298,13.479
31.061,17.879
31.837,17.545
31.609,19.290
33.988,19.037
31.883,18.155
32.631,17.200
31.549,14.807
29.825,13.455
29.308,12.966
29.309,10.465
28.989,10.165
30.373,11.687
30.786,12.720
31.266,13.236
32.879,13.069
33.302,12.248
30.884,17.030
31.861,20.402
33.812,18.183
31.812,15.076
32.385,13.494
31.035,11.836
32.384,11.464
32.248,12.733
33.344,11.940
34.183,11.503
33.006,14.306
32.710,13.686
34.720,13.799
35.395,17.476
34.330,15.787
30.015,14.354
32.055,13.702
32.969,14.854
33.955,14.772
34.527,16.333
34.671,15.106
34.487,17.756
34.417,14.192
36.184,15.582
36.730,19.149
35.209,18.839
33.856,18.302
33.784,17.050
34.302,15.828
33.644,17.923
33.311,18.061
35.146,18.515
35.358,19.343
34.118,16.753
35.234,16.408
33.960,12.560
35.381,16.499
35.503,18.715
35.015,20.606
35.341,20.320
34.198,20.568
34.576,19.549
36.091,18.877
39.829,18.958
37.289,19.720
37.590,18.988
38.377,18.207
38.921,19.628
37.070,20.959
37.038,21.726
36.502,22.001
37.634,20.958
36.984,21.529
38.079,21.493
38.052,22.350
37.785,21.695
37.737,23.327
35.634,20.476
34.711,18.684
37.280,16.347
37.466,20.456
40.959,22.297
39.899,22.355
39.813,23.263
39.491,19.395
42.487,19.639
43.971,21.786
39.287,21.647
39.469,21.435
39.980,22.297
39.465,26.553
37.660,24.181
38.521,20.789
42.038,22.313
38.679,26.122
34.586,25.101
39.701,23.774
36.310,23.538
37.984,23.357
40.773,25.526
42.483,22.085
44.231,23.109
44.577,23.879
46.026,25.363
43.684,26.902
43.722,26.931
42.898,27.283
42.898,27.776
43.106,26.851
43.832,25.541
44.810,27.215
44.877,28.723
42.827,27.962
43.619,26.851
44.107,27.160
44.772,27.597
43.679,28.498
42.673,27.215
41.328,27.311
41.777,27.863
42.774,27.409
43.206,27.706
41.426,27.677
41.621,27.335
41.273,27.546
41.411,27.807
40.683,27.804
39.616,27.184
37.374,26.998
39.245,26.647
40.274,26.804
41.386,27.413
45.289,28.932
44.469,28.405
44.534,28.607
39.977,28.789
44.288,27.635
43.195,28.798
40.405,27.906
38.959,26.096
37.560,26.216
34.651,26.729
35.898,26.483
36.683,26.031
37.077,27.069
32.343,26.547
37.767,25.659
39.441,26.851
39.561,26.796
39.407,27.550
38.042,27.474
42.568,26.760
39.734,27.849
37.022,26.416
31.658,25.674
32.663,23.915
24.529,22.402
28.155,23.556
31.526,24.133
28.126,23.742
29.161,24.137
33.794,24.274
34.901,24.073
36.498,24.761
38.021,25.516
38.631,26.695
36.561,26.847
34.211,26.388
37.567,26.049
36.972,25.975
36.495,26.120
33.055,25.800
26.181,24.401
26.316,23.625
30.071,23.929
32.314,24.084
33.753,24.075
36.829,24.078
34.429,25.298
37.928,25.181
28.121,24.268
28.008,23.486
29.210,23.820
30.807,23.990
30.280,24.164
27.285,24.142
27.716,24.187
26.440,24.167
26.243,23.948
28.100,24.464
30.575,23.388
25.107,23.915
30.370,22.948
25.183,23.895
29.705,23.569
30.033,23.886
32.295,24.130
32.227,23.488
32.609,25.346
31.498,24.560
30.336,24.180
34.067,23.764
34.633,23.566
27.046,24.711
37.513,23.096
35.039,24.516
33.380,23.447
31.762,23.308
30.505,24.316
32.599,23.983
32.462,24.013
31.320,24.063
32.813,23.953
29.834,24.212
30.866,23.702
31.158,23.871
30.251,24.275
28.519,23.586
25.466,23.623
26.795,23.802
32.103,22.637
30.506,22.235
32.056,23.437
32.108,22.497
32.807,22.784
31.152,23.350
31.252,23.061
33.229,22.719
33.105,22.827
31.041,23.116
31.442,23.189
30.707,22.227
34.971,22.538
33.958,23.576
35.535,23.628
35.955,22.828
35.706,22.998
33.990,23.514
35.434,21.570
32.833,23.320
36.134,21.774
36.410,22.454
35.944,22.117
36.192,21.930
37.698,20.802
36.555,22.249
38.823,22.733
38.971,23.104
40.232,22.755
39.424,21.567
37.690,22.546
40.658,23.610
37.721,25.721
38.731,21.540
37.571,25.183
41.986,22.640
40.750,26.395
39.951,25.074
39.290,23.242
41.394,23.319
40.700,19.169
40.229,18.502
41.656,19.354
38.648,24.127
35.668,22.979
33.551,23.966
31.623,23.343
34.008,23.732
36.077,22.902
36.410,22.680
36.526,23.913
36.140,23.956
36.071,23.982
34.864,23.328
27.405,23.456
37.265,21.043
35.280,22.734
30.146,21.922
36.433,19.216
35.823,17.500
34.795,18.453
35.966,17.089
37.089,15.243
35.662,15.634
37.879,15.353
36.161,19.297
37.020,16.770
38.243,15.277
38.499,15.151
39.342,16.768
38.584,15.842
35.564,18.674
36.175,17.130
36.103,16.369
36.382,17.310
37.251,15.913
35.999,16.844
35.941,16.644
36.342,18.509
37.211,15.836
35.375,19.022
34.387,17.854
32.211,18.258
31.610,16.236
32.624,15.886
32.246,15.753
32.498,16.171
33.026,15.026
34.475,15.539
34.920,16.717
36.543,19.868
37.253,22.496
34.357,20.440
33.738,16.987
32.293,14.435
32.304,13.221
33.095,12.940
30.857,13.707
30.493,14.252
30.067,13.317
30.733,13.437
30.475,13.410
30.440,13.240
29.025,13.073
30.645,13.484
31.462,14.055
31.201,13.536
31.167,11.225
31.319,10.227
32.578,14.324
32.758,14.228
33.908,12.549
32.950,13.862
32.560,13.606
33.246,14.346
32.214,14.129
32.105,15.651
30.837,15.224
30.927,13.628
31.324,15.115
31.715,15.024
30.614,14.824
31.809,14.599
29.395,15.035
28.517,14.058
27.969,11.946
27.764,11.049
28.984,10.998
29.470,11.172
30.504,12.725
31.922,12.561
31.101,15.334
30.384,15.484
28.917,14.583
29.675,14.324
29.098,13.312
27.846,11.821
26.957,11.495
26.835,10.877
27.777,11.943
26.376,16.970
28.009,13.453
27.808,13.770
27.998,12.368
28.648,13.367
29.370,12.588
31.547,12.296
31.728,12.725
32.481,12.301
32.025,12.376
29.970,15.300
28.711,12.633
26.755,11.063
26.813,10.943
26.629,10.599
27.401,11.161
27.968,12.093
29.317,11.279
29.118,10.372
28.490,12.708
27.218,12.359
26.233,11.458
26.063,9.818
26.630,9.629
25.469,9.443
27.981,10.558
29.815,12.301
30.233,12.003
30.845,13.677
30.926,16.827
33.418,18.725
32.046,14.981
29.542,13.300
28.636,11.402
29.231,11.337
22.576,15.084
27.370,16.992
27.481,12.097
30.109,13.534
31.775,15.216
33.277,17.119
33.685,17.435
26.835,18.193
27.782,21.186
31.541,18.105
34.678,16.196
34.795,16.488
35.875,16.267
34.705,18.263
34.310,17.450
33.547,16.612
33.861,17.578
34.742,17.911
35.210,16.966
37.073,17.534
35.880,22.330
34.691,18.816
35.432,17.242
34.857,16.280
35.314,17.230
34.647,15.265
34.812,16.588
34.374,18.870
36.714,19.808
38.742,20.810
38.353,21.044
37.420,23.444
34.065,22.619
35.170,20.545
36.822,18.052
37.817,19.016
39.161,20.802
39.119,20.703
39.085,21.837
39.114,19.818
37.097,21.053
38.789,21.524
37.905,21.923
36.727,20.978
38.160,19.217
38.997,20.791
41.167,19.121
41.475,19.670
40.328,20.692
40.207,21.261
41.199,23.006
40.466,24.533
42.617,22.195
40.947,21.608
40.848,23.172
41.149,25.284
33.144,25.559
36.433,22.384
38.641,21.281
38.580,22.845
40.151,23.499
40.787,22.427
41.716,24.413
42.003,24.893
41.173,25.524
41.270,25.830
39.040,26.929
39.963,27.497
42.367,27.408
41.295,29.582
42.052,29.189
41.457,26.145
41.589,25.702
42.134,26.648
40.676,24.788
43.919,25.163
43.989,21.735
43.805,25.087
43.951,25.606
47.780,25.995
44.667,26.831
46.076,28.534
45.829,26.677
47.648,29.697
47.559,27.210
45.592,28.312
44.284,27.321
43.866,28.460
43.246,28.629
43.336,30.436
42.093,29.924
42.227,28.799
43.191,29.124
43.418,29.742
43.931,29.449
44.259,28.999
42.541,32.231
43.373,29.803
41.537,27.726
40.637,26.455
41.677,26.572
42.411,27.130
43.020,27.270
43.306,28.204
42.868,28.575
41.176,28.209
39.133,26.813
41.358,27.523
41.111,28.501
40.453,28.890
40.898,29.554
42.070,28.659
41.887,27.515
42.444,27.818
41.008,28.522
42.437,28.135
40.976,27.054
41.773,27.457
42.707,28.309
43.183,28.821
45.174,28.692
45.901,29.675
44.872,31.058
41.891,28.904
34.821,30.058
42.100,27.651
40.074,29.256
38.546,28.353
38.643,27.367
37.094,27.119
39.322,26.943
35.695,27.426
34.555,25.831
37.425,25.698
37.650,26.631
32.145,27.297
32.436,25.423
31.644,24.822
27.658,24.931
28.758,24.396
28.529,24.295
32.843,24.475
35.574,24.812
36.157,24.845
35.683,26.478
37.931,26.471
37.551,26.502
35.028,26.161
35.913,25.800
38.127,26.223
38.289,25.509
36.593,26.693
37.519,26.845
36.685,26.493
36.446,26.410
30.338,26.549
30.850,26.023
36.125,25.880
27.839,24.248
28.684,23.547
26.106,24.297
32.284,23.462
28.043,24.756
27.755,24.578
28.979,24.957
28.318,25.292
28.092,24.875
30.923,24.896
35.979,24.968
33.522,24.944
37.633,23.876
38.745,23.951
39.229,25.549
38.564,26.093
32.671,25.316
33.250,23.979
27.225,23.422
27.649,23.717
28.602,23.619
28.817,23.884
30.345,23.920
27.660,23.852
28.382,23.567
27.357,23.971
26.115,24.069
26.876,23.623
28.467,23.940
25.197,22.341
25.937,22.537
27.624,22.716
26.853,23.053
27.849,23.310
26.574,22.933
31.120,22.003
32.056,23.219
28.413,24.227
28.599,22.545
29.400,21.873
30.921,21.435
31.860,21.964
29.627,23.227
25.048,22.956
27.033,22.747
28.485,23.680
29.400,24.467
28.688,24.479
26.199,23.846
26.488,23.795
31.537,23.146
28.696,22.864
29.149,22.080
28.614,21.329
31.250,21.360
30.703,21.272
32.529,22.978
33.174,21.123
34.157,20.163
34.470,19.135
33.252,20.557
32.543,20.379
32.978,22.844
35.205,22.524
36.661,22.267
37.312,22.812
36.347,22.045
36.036,22.872
36.427,22.832
35.284,22.160
36.317,23.464
36.627,21.889
37.632,24.110
38.823,22.896
32.922,21.246
38.524,19.373
39.506,22.219
37.955,22.319
39.632,20.308
39.141,21.029
39.208,19.324
37.711,22.171
37.397,21.537
37.622,20.851
36.607,21.604
37.041,19.677
36.558,19.998
36.062,20.294
36.407,18.956
35.605,19.698
34.064,21.706
35.782,19.750
37.646,21.468
36.645,18.112
36.707,19.716
36.237,21.271
38.217,18.853
37.399,19.375
35.739,17.600
35.354,19.340
34.372,18.483
34.276,14.904
34.072,14.272
34.416,15.366
34.988,15.073
37.043,15.109
36.311,16.001
35.301,16.233
34.392,16.431
34.592,15.884
35.818,16.909
33.406,20.631
33.088,19.641
33.212,19.330
32.426,18.502
33.448,18.286
31.259,17.348
30.288,19.958
31.499,15.672
33.089,16.640
32.795,14.207
34.736,15.534
32.224,16.090
33.190,14.486
32.629,14.694
33.294,13.270
33.372,14.222
32.907,13.660
33.102,15.000
33.134,14.983
34.315,15.641
34.075,14.720
33.745,14.403
33.773,14.381
32.948,14.551
33.015,14.385
31.127,14.522
30.880,15.250
32.509,16.083
31.210,14.829
31.765,14.438
32.506,16.393
33.125,19.555
33.579,18.666
33.483,17.295
31.724,14.988
32.467,13.922
31.801,13.980
33.304,15.775
32.522,15.747
32.619,16.663
32.846,15.837
33.010,14.467
33.288,14.808
31.866,14.838
31.680,15.156
31.759,16.151
30.925,14.469
31.805,14.339
29.474,12.982
29.261,14.031
28.746,11.883
29.679,12.771
28.236,13.689
27.489,12.280
26.187,14.580
25.983,16.249
24.035,8.967
25.339,9.848
27.320,13.597
29.018,14.570
29.372,14.442
30.551,14.795
27.429,17.453
30.595,14.803
28.315,17.433
28.524,17.975
29.839,15.213
30.721,16.708
30.558,17.664
30.027,14.614
29.718,12.335
28.400,11.416
27.761,11.212
28.805,11.669
29.640,12.171
26.811,16.075
31.790,16.274
32.427,16.786
33.367,14.206
32.208,14.854
32.633,13.779
33.408,17.302
32.355,17.991
32.877,16.521
30.750,14.953
31.168,13.603
33.117,17.692
29.030,16.228
27.747,16.968
30.761,17.631
29.949,14.782
32.335,16.986
32.084,15.450
34.302,15.461
32.625,12.578
31.297,12.547
32.255,15.616
33.748,16.693
33.429,17.205
33.536,16.761
32.611,16.115
33.625,16.857
35.214,17.833
33.261,17.391
30.919,19.821
30.220,18.714
30.938,15.161
32.986,16.750
34.033,16.451
34.361,17.390
34.749,17.243
35.863,17.211
35.212,17.791
35.807,19.159
36.870,20.501
36.820,21.901
37.365,20.024
33.896,20.045
30.932,13.355
31.736,12.684
35.479,14.337
35.908,15.856
35.157,16.379
36.813,16.839
36.430,18.688
37.106,18.478
34.943,18.314
35.771,17.395
36.805,18.164
37.565,16.480
36.498,19.061
37.859,19.422
37.188,20.614
36.140,20.156
39.072,19.433
39.476,19.516
38.852,21.006
41.367,22.882
40.982,23.225
41.003,21.806
42.885,22.898
41.637,23.305
42.667,20.279
39.205,22.474
37.420,23.247
41.701,22.571
42.736,23.833
40.843,23.807
39.780,24.190
39.086,23.907
38.559,21.828
43.008,22.720
36.442,27.325
40.878,22.985
43.896,24.153
41.049,26.444
42.143,27.742
40.006,29.492
40.815,25.510
40.170,23.559
40.512,24.052
40.155,23.755
40.755,25.896
41.237,25.517
39.508,25.408
39.301,22.559
41.381,22.975
43.034,24.777
43.827,25.249
42.947,26.531
42.663,25.735
38.422,26.642
41.386,25.646
43.934,25.779
47.318,24.916
45.117,26.914
44.667,26.089
42.722,27.118
40.942,25.631
39.832,25.185
40.115,23.192
40.917,24.199
40.249,25.169
41.832,25.653
43.745,25.047
45.795,24.118
45.131,25.436
44.180,26.833
44.422,29.142
43.947,29.629
44.730,27.467
43.953,28.048
43.488,29.919
41.858,28.042
41.206,27.286
41.911,27.338
42.489,28.065
40.379,28.542
40.126,27.233
41.990,28.032
41.603,28.611
40.106,27.302
40.314,28.112
41.347,28.527
42.557,27.504
42.837,29.733
43.713,29.441
42.426,28.392
43.154,28.605
42.760,31.214
43.930,29.994
42.740,28.418
41.392,28.100
41.105,28.089
41.327,28.613
42.005,28.657
42.056,28.643
40.815,28.099
41.986,27.907
40.677,28.356
32.546,28.330
39.881,28.107
39.132,27.060
31.388,26.180
35.451,26.349
31.796,25.827
30.792,25.128
32.868,25.350
33.760,26.148
33.070,25.698
32.062,25.717
29.769,25.012
30.808,24.404
32.068,24.265
31.053,24.881
31.111,25.187
32.110,24.765
34.497,24.938
35.949,26.027
35.279,25.783
30.999,25.913
31.545,25.156
29.573,23.990
31.207,24.385
31.182,24.521
30.751,24.940
31.766,24.439
31.743,24.876
31.065,24.685
32.785,24.068
33.453,24.699
34.023,24.880
29.541,24.705
33.011,24.016
32.714,24.672
32.639,24.136
30.854,25.123
29.603,25.392
31.548,24.774
30.781,24.602
29.416,24.583
28.003,24.274
26.843,23.900
27.321,23.641
27.966,23.955
28.267,23.582
28.748,23.501
29.536,22.814
29.497,24.163
29.288,23.545
26.888,23.116
28.475,23.280
29.746,23.559
34.317,23.055
32.188,23.887
32.997,24.225
26.417,24.404
28.595,23.475
28.855,23.764
30.230,23.122
26.968,22.925
30.961,23.723
31.967,23.373
27.780,23.882
28.561,23.521
30.113,23.849
29.572,23.723
31.775,22.999
31.946,22.718
33.720,24.101
32.349,24.719
26.893,24.321
26.994,23.065
25.286,22.555
29.052,23.070
28.456,23.534
29.037,22.754
24.975,23.543
26.865,22.673
25.426,22.901
29.595,22.016
27.239,22.749
28.547,23.530
29.787,22.872
30.235,22.650
28.913,22.885
31.240,23.331
27.380,22.244
30.448,22.151
31.664,23.275
31.951,22.363
32.488,21.650
31.574,21.926
29.766,23.143
25.146,22.579
31.466,22.226
29.786,23.162
31.123,22.629
31.513,23.081
31.030,22.896
30.059,23.751
29.895,23.232
30.137,22.878
31.266,22.009
31.243,22.986
30.737,22.716
29.587,23.586
28.436,22.621
29.899,21.056
31.052,21.798
32.148,19.536
33.028,22.379
31.602,19.305
30.685,17.881
31.579,19.287
32.453,21.521
31.739,20.829
33.540,20.624
33.940,20.872
34.033,19.259
34.886,17.040
34.454,16.638
33.430,17.263
32.068,17.514
32.470,15.376
31.812,16.468
32.566,17.311
35.522,17.871
33.672,18.402
33.120,16.907
32.723,16.715
33.004,16.656
32.478,13.480
33.368,15.907
32.651,15.529
32.142,17.008
31.455,17.945
33.164,19.674
34.822,21.101
34.431,21.683
34.909,19.889
34.344,18.957
33.908,22.218
32.298,19.096
32.850,18.085
32.562,20.983
31.531,21.355
32.887,16.743
32.664,15.816
34.187,16.393
33.016,17.285
31.602,16.391
31.054,16.163
30.130,14.546
30.647,13.901
31.902,14.911
31.992,15.416
31.843,18.594
31.581,17.731
32.227,16.378
32.381,18.301
32.937,15.011
32.264,15.752
31.846,16.931
32.018,15.056
31.544,17.718
32.463,16.713
32.409,15.800
32.365,17.282
32.829,17.795
32.969,17.810
31.717,17.073
31.362,15.700
30.628,15.828
30.579,13.534
31.834,12.994
30.341,14.441
31.370,13.418
31.722,14.047
30.986,13.281
31.022,15.315
30.553,15.984
31.070,16.442
30.746,15.295
30.105,15.155
29.294,14.755
27.489,13.836
27.881,13.449
27.731,13.047
28.038,13.609
27.634,12.888
27.781,13.230
28.131,12.378
27.438,10.654
28.143,12.178
27.638,16.591
27.280,15.404
23.972,10.321
24.702,10.195
25.796,10.269
27.727,11.153
28.201,10.402
27.737,8.997
28.673,11.178
28.393,13.881
29.282,18.279
27.426,13.588
27.108,13.396
27.133,12.931
26.863,12.438
27.403,11.362
28.082,12.819
29.198,12.393
30.214,12.334
30.561,11.419
31.427,12.333
31.405,13.530
31.799,14.025
29.417,13.398
29.686,11.634
30.007,13.616
27.650,18.740
27.042,15.455
25.715,11.815
25.646,11.375
26.090,12.153
27.124,12.679
26.519,13.160
25.805,12.202
28.949,14.042
28.308,12.682
27.734,12.248
26.038,11.923
26.274,11.464
28.072,11.715
31.149,14.293
29.006,12.311
27.130,10.304
28.540,12.072
29.373,11.811
31.493,12.089
32.294,15.191
31.422,14.619
32.489,18.099
32.400,17.162
32.590,16.624
33.061,16.670
33.566,15.936
33.364,15.632
34.044,14.093
34.100,15.457
34.967,14.207
34.831,16.243
35.525,16.332
35.789,15.933
37.150,15.436
37.277,17.598
36.376,16.501
36.586,18.115
35.620,18.559
35.228,17.586
35.513,16.460
37.950,18.057
37.424,17.803
37.814,18.060
38.781,19.551
37.811,23.150
37.759,18.416
37.672,18.749
37.017,19.465
39.214,18.518
39.048,16.167
41.593,20.359
39.798,17.614
41.814,18.787
40.757,21.210
41.338,19.955
44.515,20.972
41.845,23.420
41.126,24.339
40.551,21.591
39.989,20.251
41.092,22.079
40.610,23.234
39.756,23.370
38.195,21.184
36.945,19.546
38.181,20.867
42.404,22.216
42.416,22.286
40.813,22.668
39.993,22.672
39.396,23.071
39.500,23.790
39.389,23.187
40.771,24.083
40.663,25.465
39.633,23.927
38.898,23.063
38.671,23.865
39.796,23.751
39.785,22.808
41.513,23.576
41.923,24.366
42.005,24.602
41.924,26.151
41.940,26.519
41.189,24.861
39.516,24.685
38.445,26.057
39.111,23.806
40.988,24.831
41.828,25.227
41.510,25.394
40.735,25.908
44.493,25.270
44.645,24.784
42.835,24.744
43.086,26.664
42.996,27.798
42.707,26.149
41.653,26.699
40.818,25.050
44.249,23.283
46.073,25.456
47.602,26.114
43.459,26.283
42.952,28.706
41.349,30.536
41.580,30.278
43.804,31.465
43.311,31.090
35.148,28.296
39.502,27.780
38.663,28.255
38.926,27.480
38.920,27.896
40.294,27.672
42.767,28.873
40.897,28.731
42.407,27.329
41.208,26.585
40.776,26.776
40.589,26.987
40.081,26.776
40.701,26.591
40.710,25.444
40.935,25.636
42.612,27.197
43.108,27.518
43.852,28.306
45.829,29.976
43.973,29.960
43.902,30.035
43.524,29.266
43.018,29.614
42.088,29.091
43.021,29.729
42.611,29.417
40.729,27.616
42.707,28.709
36.937,28.516
39.383,29.823
38.536,28.693
40.093,28.914
36.975,27.208
37.768,26.322
34.876,26.371
31.149,25.630
32.229,25.457
32.297,24.580
33.866,23.644
32.724,25.193
35.991,25.210
36.330,25.913
37.016,25.747
36.329,25.960
36.073,25.207
36.786,25.535
37.621,25.657
37.433,26.243
37.178,25.719
37.251,25.822
36.152,26.094
34.894,25.405
36.792,25.946
33.632,25.265
29.858,26.574
30.600,25.573
26.271,24.380
32.253,24.199
33.036,24.170
33.382,24.359
31.761,24.096
35.998,25.511
35.647,24.513
37.620,24.646
37.874,25.880
36.803,25.957
36.704,25.419
31.849,25.113
33.597,23.790
32.159,24.493
33.975,24.041
34.290,24.544
38.734,23.618
36.068,24.418
31.096,25.285
34.534,24.909
27.477,24.040
29.458,24.197
31.344,24.301
31.102,24.623
26.276,22.986
25.847,22.354
26.522,23.001
31.857,23.271
33.894,24.744
29.131,25.339
28.105,24.368
26.532,23.609
26.866,23.266
26.281,23.326
25.899,23.092
26.154,23.118
24.493,22.910
23.985,22.696
25.233,23.172
25.501,23.184
24.881,22.741
26.584,22.583
26.463,22.988
26.376,22.919
28.327,23.603
29.503,23.713
28.730,24.345
24.235,22.381
23.521,22.106
27.256,22.886
29.644,22.312
29.830,22.796
30.905,22.467
30.660,21.852
30.747,22.186
29.758,21.891
29.287,21.179
31.651,20.459
30.700,22.247
31.788,21.239
30.882,21.272
32.293,22.771
33.955,23.947
34.382,23.093
33.611,23.561
32.360,23.271
31.529,22.108
33.438,21.703
32.876,21.330
31.948,21.285
31.662,20.692
34.846,20.003
35.096,21.974
31.691,22.235
31.759,23.662
31.887,22.806
32.711,23.129
34.706,23.956
33.720,23.539
35.207,22.472
34.022,22.940
33.497,23.228
34.725,22.766
36.227,22.411
34.702,23.520
32.776,23.052
36.197,23.086
33.887,23.060
34.130,21.911
33.377,23.709
30.348,23.819
30.817,23.213
31.392,22.473
32.562,21.048
32.895,21.307
30.319,22.068
29.180,21.933
32.859,18.645
33.592,19.563
33.730,20.662
32.315,17.390
31.153,16.757
30.404,16.944
31.159,14.596
31.723,16.008
31.111,15.870
31.765,15.705
32.095,16.283
31.944,15.375
32.520,16.749
32.631,17.039
31.995,17.793
32.942,16.186
32.356,15.623
33.005,17.884
31.165,17.505
31.265,17.970
31.464,20.407
31.274,18.353
31.389,17.791
31.165,17.800
30.106,16.649
30.849,16.713
31.411,17.092
32.819,17.693
33.092,18.223
33.806,20.784
33.299,22.999
31.497,20.262
34.610,18.799
34.435,20.361
34.577,19.717
32.268,17.539
31.508,17.391
32.619,15.223
32.462,17.515
31.906,17.069
33.080,16.536
31.996,16.163
31.754,15.658
31.669,15.257
31.322,14.789
30.947,16.463
30.484,15.548
31.314,16.665
30.637,16.212
29.162,14.273
29.512,11.927
29.310,14.449
29.341,14.850
29.137,14.338
29.641,13.101
30.193,14.119
30.052,15.608
30.180,14.944
31.124,14.865
31.230,14.941
30.235,15.551
29.421,13.663
29.830,13.752
30.003,13.880
30.437,14.425
31.081,14.203
30.490,14.007
29.935,14.265
29.374,12.633
28.516,11.829
28.563,12.331
28.838,14.654
27.601,12.948
28.596,13.805
27.802,14.736
26.877,13.394
28.606,13.799
30.304,16.569
29.689,15.951
30.384,18.269
30.782,17.007
27.507,17.236
27.701,15.776
28.077,13.845
29.078,17.033
30.930,15.263
30.444,19.301
28.589,12.752
28.221,12.604
28.710,11.994
27.711,13.237
26.033,11.672
26.720,12.014
28.057,10.876
29.127,10.950
30.312,12.199
30.556,14.002
26.275,12.005
23.879,9.279
24.525,10.062
25.955,10.491
28.807,11.577
29.563,13.528
26.845,12.658
27.835,12.171
29.327,13.047
28.943,13.080
29.638,12.019
26.202,14.888
26.743,13.230
26.085,13.333
23.477,15.834
25.064,11.362
26.292,11.308
27.761,11.793
29.726,11.238
29.752,12.396
31.941,14.094
30.544,14.119
31.399,14.720
33.597,20.212
34.349,17.779
34.298,15.432
34.174,14.820
34.251,17.926
34.628,15.424
33.543,18.795
31.638,18.613
29.700,17.011
27.812,14.985
27.389,12.021
28.692,10.921
28.433,12.643
29.011,11.733
30.782,12.594
33.641,14.560
34.882,15.006
35.990,17.877
36.613,17.962
32.100,17.395
36.040,22.596
37.422,23.668
36.621,21.510
37.279,23.547
35.419,19.050
35.185,19.813
35.058,21.453
31.361,20.607
31.087,19.843
32.127,16.028
31.786,16.128
34.177,17.304
35.313,17.508
36.607,17.335
37.784,17.177
40.300,19.271
40.777,20.901
39.148,21.169
39.586,20.360
38.953,21.354
38.469,22.658
34.816,21.464
35.262,19.123
34.596,18.304
38.178,17.339
38.621,19.242
37.939,21.935
38.242,21.326
37.903,20.787
37.355,20.314
37.916,20.704
40.524,21.348
41.985,20.863
41.703,21.267
43.495,19.325
43.026,21.559
41.066,20.718
40.700,21.070
39.072,21.803
37.052,19.383
36.141,19.210
40.234,17.074
39.126,19.796
40.190,21.970
37.639,22.754
40.419,23.355
41.072,25.135
41.234,24.080
42.351,23.766
43.915,23.295
43.860,22.894
44.874,26.413
41.736,25.737
40.897,27.743
40.326,25.953
39.656,23.280
41.747,23.572
40.479,24.923
40.875,24.548
39.739,24.437
39.899,25.273
39.788,25.443
39.814,26.621
40.655,26.677
38.746,24.550
40.258,26.001
39.880,25.119
41.473,26.823
41.638,26.195
40.578,26.949
40.088,25.869
39.251,24.171
40.053,23.100
41.159,24.169
42.542,24.864
42.690,26.085
43.219,27.004
41.712,28.152
41.503,26.557
43.393,26.917
44.163,27.736
44.416,28.858
43.374,29.608
43.013,27.178
43.614,28.595
43.583,29.833
42.577,28.530
42.623,27.127
40.955,29.143
40.669,27.360
41.580,29.194
44.196,28.391
44.554,28.654
43.364,28.959
42.201,29.898
42.504,27.574
43.436,27.940
43.703,29.311
41.636,27.085
39.130,27.519
42.840,27.897
44.506,28.245
42.722,29.602
42.078,29.201
40.840,29.285
41.413,28.992
41.086,28.438
38.088,29.407
40.329,28.524
42.644,28.976
39.420,29.594
42.649,28.614
40.082,29.811
39.888,28.081
39.550,27.241
35.089,27.240
33.268,26.441
31.129,25.517
31.697,24.990
25.907,23.858
31.374,23.818
30.626,24.817
28.701,24.330
27.737,23.905
26.461,24.629
29.551,24.306
27.253,24.678
30.179,24.094
28.703,24.434
30.286,24.117
30.801,23.620
31.326,24.331
31.528,24.751
27.642,24.603
32.771,24.062
28.679,24.758
28.818,24.132
31.611,24.494
32.105,23.572
33.450,24.264
33.751,25.050
28.482,24.394
33.035,24.244
34.221,24.298
35.527,24.676
33.518,24.151
28.307,24.315
31.061,24.095
31.044,24.263
24.081,22.884
24.743,22.356
27.010,23.167
31.837,23.551
26.748,24.442
26.560,24.331
26.184,23.750
27.810,23.661
27.694,23.556
25.103,23.451
27.471,23.449
28.080,23.641
29.541,23.024
29.438,22.724
28.445,23.103
30.420,22.763
33.747,22.223
30.622,24.072
32.893,23.426
29.046,22.782
28.017,23.495
31.240,23.406
31.373,23.113
30.415,23.419
29.953,23.211
31.134,22.845
31.603,21.581
30.563,22.314
30.191,22.811
30.025,23.754
31.398,23.880
33.410,22.491
34.750,22.314
33.692,22.360
35.624,22.024
37.443,23.112
37.940,23.110
37.342,24.806
38.158,24.129
35.159,24.455
36.397,23.602
32.444,25.274
35.501,24.470
31.952,24.499
33.128,24.448
32.000,23.384
31.240,23.716
28.605,24.168
29.282,23.681
27.446,23.017
27.383,22.887
28.097,22.436
26.383,23.272
26.755,23.032
29.622,22.942
31.663,23.667
29.813,23.855
27.638,23.620
25.433,22.873
29.945,22.118
29.109,21.937
29.151,20.015
30.792,18.547
31.378,20.584
33.491,20.452
31.680,22.059
33.603,21.208
31.953,20.562
35.178,20.101
34.401,19.654
34.063,18.350
33.952,19.925
33.950,18.192
35.031,19.331
33.798,22.136
34.288,21.028
34.004,19.492
33.847,21.468
33.739,21.278
30.302,21.659
31.345,22.221
34.111,19.794
33.967,20.551
33.817,19.474
34.384,17.808
32.595,17.048
31.993,17.498
31.733,20.342
31.494,21.794
29.790,20.479
34.008,18.828
32.579,19.260
33.135,17.633
32.607,14.982
32.839,14.991
32.543,15.600
32.829,14.593
31.731,16.203
32.707,18.093
32.202,18.569
31.588,15.295
31.166,15.953
32.044,16.401
30.885,16.056
30.230,14.225
30.813,14.067
31.015,14.423
31.790,15.237
33.030,12.391
32.131,14.937
32.421,15.102
33.148,13.190
33.972,15.476
32.555,13.766
32.491,15.017
32.657,16.063
32.865,15.762
32.074,16.061
31.831,13.920
30.994,14.186
30.999,12.723
31.254,14.157
30.912,14.092
31.581,14.881
31.186,13.857
30.544,13.170
25.988,15.082
29.422,17.935
31.118,19.731
30.315,18.091
30.127,15.970
31.219,15.175
30.687,13.512
30.221,14.088
28.901,13.425
28.892,13.656
27.814,12.855
27.890,12.815
28.511,12.931
28.480,12.418
28.360,12.592
27.979,12.732
27.496,12.342
27.439,12.372
27.321,12.130
28.577,12.043
28.923,10.118
29.446,13.173
27.447,13.007
26.033,12.817
25.291,11.362
25.835,10.347
27.760,10.366
29.283,9.807
28.790,10.999
28.604,11.397
28.920,11.351
29.317,12.185
29.408,14.135
28.922,12.516
28.336,13.807
28.298,14.328
28.391,14.643
28.040,14.492
28.500,12.694
29.516,12.561
31.015,12.232
30.667,13.844
30.924,11.419
31.239,13.780
30.967,14.473
31.401,14.114
32.564,14.246
33.021,15.015
32.686,14.982
30.892,15.411
30.885,15.261
29.794,14.262
30.065,14.470
26.465,11.132
26.469,11.392
26.100,11.398
27.403,11.026
28.407,11.874
29.911,12.796
30.886,13.146
32.312,15.249
33.315,14.664
33.405,15.441
33.387,16.957
33.825,16.960
32.743,16.762
32.925,14.091
33.230,14.036
32.280,14.132
32.305,12.457
32.510,13.660
33.927,14.322
34.127,15.827
34.561,16.250
35.002,17.673
35.640,17.129
34.895,18.055
34.414,17.482
35.033,16.602
37.535,18.099
37.947,18.331
38.438,20.494
37.783,18.435
38.839,20.593
39.278,19.968
39.728,21.065
38.274,17.860
38.229,21.446
37.732,20.971
34.792,23.144
33.833,21.954
32.136,22.789
34.252,19.728
31.703,20.351
34.694,14.903
36.424,16.558
35.781,17.888
34.965,17.182
27.419,17.775
25.435,17.046
26.875,15.589
30.335,17.228
31.452,16.013
30.931,21.203
28.829,20.821
31.347,20.266
32.842,19.202
32.200,19.056
35.563,21.644
36.454,20.797
38.772,21.718
35.728,19.664
39.638,17.778
38.335,20.833
38.193,20.249
36.373,21.629
37.498,17.818
36.910,18.332
39.974,20.952
38.269,20.170
39.555,19.062
38.844,21.197
38.516,22.533
38.420,21.677
38.959,21.924
39.771,22.570
40.610,24.135
40.690,24.370
40.108,22.461
40.045,22.129
40.599,22.878
40.000,22.478
39.368,21.948
39.749,21.755
40.891,23.069
39.563,24.891
39.123,24.866
37.716,23.619
37.787,21.889
38.517,20.785
40.104,23.632
43.844,24.992
42.282,25.281
40.412,27.223
39.310,24.259
41.240,24.372
42.462,25.409
41.732,24.953
42.106,26.141
41.948,25.830
42.858,26.565
42.732,27.362
43.102,27.987
43.093,28.183
45.699,26.671
48.870,27.103
44.370,28.419
43.880,27.347
44.158,26.914
43.435,28.207
42.503,28.171
42.778,27.321
41.664,27.561
42.641,26.430
42.346,26.900
42.145,27.770
42.012,27.983
44.573,28.502
45.448,28.834
40.826,29.597
39.952,28.017
38.526,27.504
39.813,28.266
40.930,27.332
40.827,28.339
42.684,28.252
41.815,27.931
43.051,28.029
44.110,29.009
43.596,29.453
44.531,30.497
42.970,30.805
38.982,28.730
31.750,26.598
36.209,25.829
35.405,25.482
38.144,25.694
37.343,25.874
38.287,26.128
38.476,26.932
39.629,28.367
39.725,27.872
34.987,28.007
38.989,26.102
38.328,26.965
39.755,25.957
40.703,26.821
41.100,27.093
40.108,26.152
42.039,28.260
34.240,28.557
41.325,29.076
39.746,29.244
40.330,28.304
43.380,28.697
43.478,29.274
37.760,29.586
36.624,27.839
38.688,27.500
35.827,27.387
37.497,26.842
33.627,26.559
38.899,25.158
39.668,25.023
34.729,26.527
32.314,26.249
31.081,25.562
27.385,25.023
29.844,24.501
31.065,25.181
29.364,24.613
30.365,24.593
29.039,24.777
27.584,24.662
29.409,24.334
34.296,24.440
34.239,24.913
35.632,25.273
34.025,24.748
30.339,24.830
24.549,23.284
26.598,23.323
28.611,23.648
26.124,23.868
29.306,23.357
30.433,23.696
29.841,23.943
31.368,23.174
29.914,24.137
28.128,23.281
27.037,23.825
27.632,24.199
25.769,22.948
25.318,22.412
27.321,22.698
29.649,23.053
26.682,23.545
28.747,23.300
29.079,23.670
25.845,23.487
26.313,22.961
26.412,23.266
24.218,23.427
23.848,22.881
25.808,23.077
29.542,23.495
28.989,22.987
28.775,22.902
28.321,23.993
28.612,23.335
24.704,22.977
25.227,22.421
27.356,23.204
26.737,23.184
26.121,22.835
28.956,22.493
29.453,22.492
25.782,21.744
26.480,22.128
29.201,22.512
26.200,23.000
26.184,22.344
30.460,21.939
23.656,22.099
23.396,21.763
28.036,21.582
28.742,22.443
30.165,23.562
31.153,22.554
27.700,23.111
29.025,22.605
30.374,21.023
32.662,20.573
33.495,22.440
32.932,22.814
31.882,22.063
33.008,21.418
33.767,22.201
30.822,23.653
30.511,23.605
32.510,23.436
31.576,22.757
31.565,22.601
30.920,24.243
30.266,24.333
29.256,24.188
31.168,23.725
30.592,22.876
30.859,23.002
31.534,23.451
31.150,23.138
33.181,23.209
32.316,23.068
33.024,23.288
31.493,22.583
32.775,23.591
33.358,22.700
34.633,20.839
34.600,21.674
33.907,22.018
32.826,20.580
33.500,17.338
33.079,18.035
34.507,16.940
34.954,17.846
33.766,20.170
33.208,16.260
34.651,16.921
33.734,24.017
34.925,19.928
35.264,18.440
36.855,20.468
35.452,19.324
33.675,20.497
35.002,19.045
36.142,19.715
35.686,20.351
33.261,20.628
33.621,19.091
33.068,18.496
34.271,19.039
32.426,18.236
32.011,19.218
32.491,20.287
31.711,22.118
32.316,20.800
31.858,19.804
31.708,18.416
32.566,20.116
33.598,20.059
30.998,19.122
34.200,17.376
28.078,18.680
31.669,16.069
32.052,16.530
30.570,16.914
31.089,16.840
31.646,16.435
30.991,16.840
30.466,17.087
30.823,16.912
30.828,16.174
31.111,15.821
30.993,14.095
31.222,12.982
30.845,16.370
27.000,17.882
32.294,14.562
32.210,16.621
30.950,17.353
31.468,16.438
30.245,15.382
31.425,16.317
30.303,18.826
32.737,19.941
24.595,19.027
30.850,19.017
31.943,18.297
31.840,19.234
31.052,16.043
31.408,17.732
30.961,16.647
30.884,15.764
30.347,14.712
30.128,12.874
29.608,13.669
28.475,14.198
29.671,14.550
31.086,15.314
31.551,14.824
31.038,15.791
30.217,16.053
29.680,14.715
29.499,14.486
29.089,14.192
28.808,12.744
29.209,14.658
29.560,15.063
29.531,14.574
29.550,15.688
30.620,15.785
31.120,20.501
28.592,15.685
29.463,15.210
29.737,14.545
29.701,13.891
28.064,13.449
27.420,12.652
28.649,13.069
28.695,13.739
28.778,12.288
28.370,14.064
27.535,13.296
28.378,13.407
29.658,13.484
29.300,12.333
28.904,14.311
29.203,14.088
29.131,14.418
28.551,13.465
30.007,13.262
29.835,11.843
27.930,12.995
28.757,13.388
30.507,12.829
30.908,12.036
29.031,13.038
29.561,13.718
30.010,14.824
30.766,15.505
31.739,15.774
32.729,15.789
32.665,14.392
32.686,14.535
32.401,22.279
31.496,17.501
33.368,20.078
32.803,18.003
32.824,16.992
33.464,17.439
32.008,16.826
32.672,15.112
31.883,16.538
31.002,16.765
32.573,14.735
33.205,16.775
29.814,18.491
31.976,18.320
30.379,16.171
26.047,15.141
27.310,16.618
28.598,14.144
28.783,15.227
29.889,15.779
31.038,15.855
32.835,16.386
33.747,17.225
33.525,17.827
34.519,17.293
35.182,16.194
35.024,17.840
33.265,21.782
33.229,16.783
34.548,14.781
34.409,17.558
32.250,17.804
34.041,18.484
32.702,16.995
35.664,17.287
36.120,18.690
36.030,17.669
35.329,18.224
34.732,16.972
34.262,16.532
34.753,19.219
36.234,17.165
32.896,22.875
31.125,18.963
34.389,19.031
33.360,17.210
36.546,17.927
37.476,17.708
39.887,17.714
40.023,21.801
38.227,23.995
37.925,23.280
37.391,20.914
39.217,22.531
39.054,21.140
37.774,21.114
41.377,19.939
42.393,21.357
43.626,20.461
43.160,19.620
44.154,20.066
41.908,22.920
41.367,26.148
41.206,24.782
41.310,23.373
43.542,21.721
43.690,22.346
42.999,21.870
42.646,24.810
40.744,24.297
40.712,24.671
40.841,22.868
41.349,23.880
41.295,24.728
40.904,23.827
42.022,23.958
44.920,28.745
44.386,27.591
43.140,26.942
43.990,25.658
40.848,26.643
45.189,26.512
40.731,26.903
40.467,25.275
40.679,25.066
40.622,23.970
42.514,25.337
42.984,26.382
43.839,26.797
46.831,28.605
41.768,29.221
46.784,31.345
45.781,30.381
46.024,32.153
44.203,29.862
42.387,29.646
45.875,26.729
45.127,28.942
43.299,29.879
41.710,27.535
43.250,26.023
43.365,27.332
42.816,27.167
42.331,27.196
42.210,26.966
41.694,27.152
40.882,27.138
41.217,26.825
42.402,27.653
42.655,27.493
41.879,27.382
40.453,27.459
37.328,26.248
40.410,26.492
40.738,26.469
41.538,26.270
40.755,27.301
41.437,26.807
41.703,26.893
35.561,27.459
39.742,26.100
38.182,27.957
46.644,27.454
42.885,31.459
41.718,30.417
34.993,29.052
38.203,27.800
38.641,28.965
39.888,27.863
41.955,28.906
43.228,29.585
43.100,30.129
41.508,29.779
41.357,28.491
42.276,28.702
42.429,29.352
36.299,28.627
34.348,27.960
35.392,27.101
39.743,28.212
38.674,27.986
39.632,27.342
35.795,27.237
37.797,26.768
39.076,28.463
36.287,28.496
30.452,26.734
29.628,25.465
31.880,24.315
31.371,25.129
33.777,25.121
34.761,25.837
32.263,26.083
31.096,25.366
28.183,24.211
26.552,24.036
26.490,23.598
27.327,23.953
25.322,24.287
24.529,23.222
24.677,23.388
24.490,22.712
24.306,22.654
24.296,22.872
30.949,23.061
31.425,24.236
29.757,24.608
28.825,24.297
30.687,24.173
31.220,24.392
33.167,23.849
34.593,24.077
32.410,23.496
32.689,23.340
33.878,23.935
37.470,24.237
32.649,26.007
32.314,25.231
31.862,24.053
31.330,25.472
31.093,24.620
31.168,24.154
30.663,23.960
32.478,24.272
31.836,24.185
30.234,24.170
28.883,24.328
28.195,23.722
27.922,23.613
28.727,23.901
28.270,23.201
25.601,22.922
26.390,22.626
28.198,23.814
27.178,23.058
28.652,22.718
26.832,23.512
26.054,23.129
28.720,23.437
28.113,23.651
27.566,23.823
28.581,22.819
30.222,22.714
30.447,23.032
24.572,23.259
29.716,22.673
29.624,21.597
30.675,21.865
31.813,22.867
33.869,23.434
31.965,24.581
32.235,24.539
26.805,23.663
28.340,22.837
29.203,22.777
30.734,23.191
30.919,23.494
29.921,24.051
30.604,23.559
30.337,23.777
27.055,23.986
27.197,23.295
29.646,22.525
29.906,21.662
30.319,21.672
31.299,20.919
31.477,20.537
30.557,21.857
31.640,21.688
31.363,21.335
32.221,21.636
33.985,21.926
34.395,23.704
31.976,24.334
30.807,24.066
30.853,23.915
30.476,24.614
29.218,24.490
31.942,22.375
30.904,21.958
29.846,23.001
29.855,22.497
29.845,22.396
33.052,22.035
31.806,21.032
34.389,21.368
33.041,20.167
35.030,20.586
32.377,19.712
32.518,21.391
33.022,19.811
33.210,20.902
34.722,18.130
34.854,18.189
34.810,17.684
34.490,18.784
30.115,20.301
33.505,18.320
33.411,16.595
34.709,15.942
35.248,15.632
35.414,15.786
33.840,15.435
33.478,15.719
33.964,14.393
34.020,14.091
33.959,15.003
33.186,15.189
33.586,15.239
33.203,18.111
32.888,17.905
33.661,17.424
34.316,18.383
33.786,18.571
32.547,17.650
33.592,18.520
34.331,22.524
34.082,22.540
34.746,22.901
34.229,21.527
35.247,23.466
36.194,18.294
36.532,17.467
36.298,18.790
34.328,18.263
32.621,21.631
33.162,20.212
33.926,19.889
33.703,20.433
33.716,16.737
32.305,18.164
32.236,16.180
31.015,15.415
30.903,14.845
30.387,16.272
30.337,15.165
30.505,12.988
30.799,13.992
31.763,13.021
30.690,13.767
30.602,13.962
30.894,15.373
30.372,13.792
30.473,11.919
30.545,13.316
30.475,15.845
29.623,16.367
23.310,15.624
28.916,16.901
28.686,15.494
28.333,14.754
28.357,15.631
28.900,14.955
27.736,13.712
28.491,13.662
30.266,17.075
29.762,15.306
29.099,18.185
22.068,15.471
27.882,15.417
19.835,15.437
29.292,14.723
27.957,14.529
28.277,13.776
28.228,13.698
30.401,15.052
32.022,15.986
32.159,16.428
31.829,13.877
31.889,14.016
31.769,16.482
31.265,15.723
31.402,15.756
29.824,14.702
29.484,12.619
30.146,13.700
30.644,14.534
30.218,12.433
28.692,10.945
28.936,13.257
29.819,15.303
30.366,15.504
30.535,12.914
30.643,15.004
29.549,14.263
30.892,12.648
30.954,14.436
28.498,14.174
30.388,14.577
29.628,14.636
30.314,15.009
30.407,14.414
31.236,14.296
31.277,14.302
30.613,15.055
27.319,11.554
28.761,12.021
27.185,11.908
27.769,11.818
26.311,8.360
25.200,10.161
26.615,9.179
23.935,8.979
24.745,9.741
26.534,9.749
29.109,11.062
25.023,12.927
25.479,10.281
25.233,10.375
27.345,9.739
25.105,15.256
25.227,8.201
25.074,7.460
25.312,8.371
25.711,8.659
25.594,11.968
25.276,9.912
26.678,8.714
27.694,13.104
28.949,12.494
29.102,12.090
30.901,13.704
32.407,14.969
33.391,15.707
33.324,14.145
34.945,14.048
34.797,15.979
33.481,15.027
33.975,14.569
34.066,14.700
34.170,14.656
33.065,15.546
33.787,13.847
34.623,15.503
34.806,14.536
35.045,15.294
36.927,15.011
36.153,14.630
35.969,17.265
35.934,16.793
35.748,16.248
36.443,16.991
39.148,18.625
38.552,19.081
37.326,19.841
39.931,17.032
37.371,21.028
38.014,20.150
37.502,24.739
37.772,21.973
38.567,23.568
38.683,21.590
39.718,19.865
38.644,19.718
39.249,18.998
38.790,20.937
38.131,19.600
38.785,18.389
39.846,18.446
38.477,24.340
39.398,23.475
38.965,23.144
41.977,21.116
41.677,23.089
42.796,21.872
39.781,22.916
38.683,22.237
35.761,23.278
36.645,20.180
36.905,20.947
35.762,20.282
35.446,18.466
35.537,21.380
39.761,22.408
35.513,22.776
39.511,22.232
40.507,19.507
43.672,19.548
44.922,22.348
41.697,24.899
41.400,24.818
41.041,24.936
42.136,24.289
40.519,23.419
41.496,23.686
41.977,23.932
41.426,23.099
42.131,23.492
41.709,25.718
42.948,25.989
44.567,27.612
47.727,26.074
44.849,26.972
44.302,27.505
43.011,27.818
43.516,26.174
42.449,26.416
42.617,27.662
42.422,27.340
40.684,25.213
41.809,25.768
41.316,25.324
40.863,25.667
38.942,25.489
39.967,25.894
41.073,27.591
40.996,27.170
39.932,26.402
39.474,26.667
41.165,26.225
41.964,26.063
42.102,27.555
41.421,27.572
40.639,27.227
40.741,26.712
40.720,25.967
40.916,25.645
40.769,26.564
39.613,26.288
40.481,26.821
41.440,27.190
42.375,28.238
42.851,26.609
42.637,27.460
42.508,29.141
42.077,28.738
42.870,28.427
41.458,28.362
40.629,28.353
41.638,27.843
40.911,28.995
41.504,29.747
40.440,27.911
39.265,28.696
34.973,28.008
35.671,26.245
37.707,26.627
30.970,25.062
30.487,25.053
33.473,24.661
31.841,25.007
32.596,24.646
33.144,25.463
28.616,24.893
33.126,25.199
30.010,25.264
35.372,24.331
33.156,26.056
27.254,25.057
31.213,24.508
36.624,25.526
36.252,26.202
36.956,26.736
28.962,25.229
28.345,25.037
27.287,24.224
29.955,23.688
29.105,24.403
28.798,24.570
30.380,24.230
30.258,24.297
29.864,24.043
29.354,24.727
29.772,24.319
34.064,25.069
32.120,25.063
33.012,24.498
27.564,24.742
25.094,24.020
24.335,22.896
28.992,22.815
29.666,23.124
31.862,24.459
32.154,24.160
33.764,24.369
34.930,24.003
33.526,24.715
31.860,24.862
32.898,24.109
35.185,24.780
36.090,24.786
35.998,24.470
36.225,25.552
34.571,25.672
26.387,24.422
25.817,23.724
29.392,23.040
28.933,23.625
30.837,23.411
30.399,23.236
31.174,23.189
29.974,23.558
30.479,23.711
30.078,24.215
28.645,24.573
28.117,24.525
29.104,23.412
26.360,23.213
27.320,23.600
27.799,23.281
30.117,23.876
27.001,23.894
27.203,23.121
26.411,24.000
29.405,23.626
28.189,23.575
31.201,23.282
28.567,22.562
28.093,23.142
31.737,22.344
32.286,21.564
31.631,20.727
32.768,21.044
34.743,22.987
28.003,24.244
29.510,23.315
26.358,22.456
31.490,22.751
32.685,22.118
33.313,20.717
33.796,21.642
37.499,22.662
36.205,23.496
38.561,23.892
33.065,25.287
32.202,24.186
32.053,23.695
29.297,22.985
29.869,23.606
32.098,23.398
32.355,23.527
31.816,23.729
32.097,24.239
31.188,24.010
29.810,23.171
27.149,22.829
30.366,22.007
29.072,23.093
27.499,23.463
28.128,23.557
30.472,23.699
30.709,23.310
31.694,21.520
32.343,21.831
33.656,20.358
32.626,22.404
32.938,20.717
32.957,19.335
32.510,19.304
32.878,18.545
33.388,17.836
35.465,20.099
35.400,24.123
38.635,25.153
37.685,22.761
38.693,23.039
38.019,21.688
35.027,22.525
34.156,21.890
36.375,20.902
36.789,21.283
36.869,20.351
36.456,19.600
38.021,18.575
37.198,19.240
36.117,20.087
35.876,20.948
35.610,22.568
35.328,21.989
35.265,19.789
34.512,18.647
35.019,18.618
34.952,19.316
34.604,18.561
34.753,18.723
35.024,17.474
36.680,16.119
35.387,15.605
36.012,18.422
36.339,18.547
36.268,18.277
36.028,19.590
36.431,16.880
36.206,15.979
36.053,15.429
35.052,17.098
35.742,15.966
35.501,16.415
34.324,18.854
33.838,17.482
33.887,16.339
32.769,16.520
32.213,17.584
32.588,15.921
32.921,18.701
33.245,20.214
32.581,18.498
31.858,17.921
29.770,23.154
31.618,20.643
31.000,21.563
31.650,21.737
31.497,20.123
31.232,16.414
31.056,15.725
30.590,14.952
30.386,14.500
31.064,14.209
30.643,15.040
29.505,15.878
31.370,16.383
23.812,19.389
29.760,19.815
32.212,18.681
32.366,18.015
33.224,17.896
33.085,18.855
32.950,18.453
32.590,17.756
31.861,16.967
32.443,16.481
33.016,16.683
32.982,17.859
32.149,17.147
32.390,18.984
32.527,18.163
31.693,17.967
31.374,18.007
31.746,18.609
32.575,18.347
31.207,17.551
28.091,18.351
25.369,16.783
22.847,16.465
31.014,14.565
29.268,13.409
30.023,12.537
30.125,11.070
29.271,10.705
28.167,9.575
28.870,9.874
29.459,9.889
29.808,11.776
29.460,13.384
29.100,13.506
30.238,13.850
29.792,13.998
28.897,14.040
28.088,13.452
22.815,13.620
25.123,16.205
27.333,17.592
29.814,18.554
30.490,18.018
31.625,19.094
31.003,17.570
32.676,18.030
30.479,17.986
31.573,19.481
31.905,17.443
31.534,16.081
31.884,16.168
32.347,17.351
29.464,17.706
33.155,16.595
33.256,16.025
33.102,16.116
34.297,15.272
33.260,14.967
32.267,15.090
32.308,13.894
32.336,15.708
34.707,15.388
34.151,16.464
32.095,14.839
32.318,15.018
32.404,12.563
32.817,13.707
31.589,13.856
31.345,13.919
32.754,14.997
34.026,16.090
33.678,15.757
32.405,15.597
30.410,12.923
31.012,13.130
31.608,14.731
32.260,14.382
32.083,15.306
33.173,16.744
34.348,17.506
35.318,18.865
36.465,18.851
35.284,19.584
36.340,20.878
36.322,20.995
37.098,18.168
35.716,19.030
36.448,19.421
37.481,18.108
37.783,19.026
37.394,20.293
39.636,18.378
39.189,20.199
40.705,21.758
39.021,19.911
38.242,20.872
38.309,19.383
36.033,17.649
36.858,17.377
37.637,22.085
37.402,19.615
40.613,20.109
39.972,19.971
37.703,20.914
35.063,24.227
38.553,20.267
37.702,17.769
38.099,18.041
37.662,20.117
38.631,21.314
37.760,20.518
36.390,19.092
38.565,20.032
37.977,22.286
38.018,22.871
38.874,22.298
40.403,22.110
36.835,17.903
37.967,19.324
39.495,22.872
40.216,23.143
40.119,23.970
40.790,21.591
44.773,24.716
41.998,24.899
41.916,25.352
41.717,24.063
36.011,23.944
38.424,22.274
37.420,25.384
38.154,21.490
41.164,22.207
43.192,22.858
44.194,20.162
44.250,23.544
43.422,22.784
41.537,25.156
40.215,27.877
40.431,28.329
43.763,24.046
47.446,22.557
43.494,25.957
41.101,25.954
40.576,24.409
41.056,23.892
44.131,23.216
42.807,28.451
46.380,26.010
46.572,23.513
45.087,26.256
45.909,28.291
44.856,28.147
44.256,27.822
43.294,28.060
43.565,26.615
41.857,25.801
41.781,26.504
41.510,27.451
41.949,26.582
43.849,27.991
43.125,27.709
42.052,26.674
41.223,26.883
43.223,26.923
43.905,27.794
43.390,29.233
44.277,27.724
43.356,28.178
44.669,27.938
38.749,28.824
39.177,28.778
40.550,28.027
43.920,28.107
42.806,28.503
42.079,28.490
42.425,27.746
41.202,27.478
42.098,26.962
42.176,27.253
43.780,28.034
42.618,28.415
42.193,27.499
41.653,28.167
40.961,28.727
41.346,28.357
40.784,28.439
41.602,28.078
40.291,28.073
40.727,27.947
40.677,27.377
41.059,27.872
40.772,27.527
41.960,27.044
40.707,27.063
41.687,27.786
41.234,27.757
42.130,27.725
40.943,27.461
41.338,27.248
41.315,27.973
40.628,28.699
40.272,27.864
43.339,28.379
39.977,27.494
40.454,27.761
43.502,28.183
40.783,27.797
41.220,27.248
39.344,27.663
38.326,27.594
31.520,24.739
34.735,25.343
36.543,25.866
36.589,25.976
36.804,26.863
34.319,26.188
32.576,25.589
38.035,25.428
39.831,25.952
39.768,26.907
38.833,27.223
28.290,24.998
32.273,24.417
32.889,24.232
33.155,25.248
30.756,25.495
26.618,24.654
30.850,24.205
30.292,24.946
29.419,24.762
28.640,24.475
30.688,23.773
31.503,24.648
30.418,24.813
29.048,24.403
26.789,23.564
25.416,23.019
26.003,23.475
27.138,23.871
26.901,23.912
26.268,23.689
27.298,24.249
27.327,24.569
25.914,23.992
27.564,23.588
27.686,23.873
31.129,24.077
30.108,23.827
31.115,23.622
28.093,24.204
29.215,23.617
30.734,23.650
27.855,24.176
26.521,23.858
32.362,23.937
25.929,23.015
24.565,23.275
28.496,23.256
30.656,23.468
31.895,23.474
32.733,23.121
33.671,23.291
35.045,23.586
32.306,24.072
31.601,23.729
32.944,23.086
33.835,23.344
34.731,23.197
34.767,23.870
30.170,24.466
25.717,23.405
26.253,23.038
27.272,23.129
28.523,23.084
30.026,23.101
31.405,22.794
27.177,24.142
27.146,23.837
29.100,24.062
29.022,24.367
30.318,23.508
29.070,22.947
31.258,23.209
31.013,23.645
30.094,23.122
31.598,22.305
32.733,22.741
33.459,21.412
33.430,22.331
32.908,22.085
32.590,20.711
35.322,20.522
34.484,21.716
35.341,23.329
35.563,22.335
36.222,22.701
37.520,22.808
39.081,23.366
36.855,22.663
36.168,23.468
35.967,23.222
36.218,23.577
36.552,24.707
37.705,23.516
35.118,23.925
37.554,23.973
36.766,24.868
32.871,24.508
31.312,23.910
27.159,24.540
31.964,22.856
32.263,21.813
31.320,20.284
30.434,19.094
31.227,17.615
31.957,17.558
32.488,22.249
33.101,17.663
33.227,17.702
34.526,20.425
33.561,18.915
33.889,20.287
33.844,17.002
33.795,15.122
33.249,16.213
34.176,15.535
35.387,16.384
33.925,15.501
34.829,14.138
33.094,15.215
32.902,15.160
32.725,15.808
33.329,16.513
33.711,18.039
34.537,17.920
35.108,15.459
35.940,14.797
33.964,15.200
33.075,17.024
33.099,16.141
32.603,17.905
32.920,19.192
32.824,18.399
33.422,19.610
33.014,20.860
27.246,21.258
20.832,18.591
23.700,19.532
27.177,20.610
28.790,21.497
22.918,21.512
22.274,20.228
27.710,19.409
27.262,16.858
26.643,16.346
26.159,15.369
25.138,13.052
24.866,11.624
26.010,13.484
26.667,14.461
30.094,14.946
30.876,15.289
29.012,16.025
28.324,15.772
27.689,14.119
26.853,13.626
26.677,13.456
26.746,14.212
27.468,14.065
28.671,15.245
29.410,14.402
29.764,16.669
29.599,17.097
30.246,17.164
30.393,17.559
30.429,17.247
30.296,16.233
29.978,16.839
28.593,16.172
30.081,17.027
31.217,17.841
27.487,19.867
21.340,17.489
24.747,16.983
27.010,15.611
25.091,17.362
26.648,16.019
26.637,15.162
27.058,14.467
27.048,14.243
26.243,12.310
26.580,11.591
27.011,12.894
26.986,14.605
27.667,17.140
26.383,13.949
26.118,13.536
26.299,12.716
27.179,13.188
28.868,15.193
27.018,18.223
26.704,12.075
24.952,10.480
25.728,10.313
27.015,11.482
28.052,12.414
27.778,13.191
29.782,15.613
29.973,18.993
25.988,14.343
25.197,11.324
25.668,10.929
26.328,12.416
27.855,12.713
28.274,12.485
27.526,12.014
26.867,11.615
27.810,12.228
27.677,12.707
28.021,12.188
28.480,12.029
29.824,11.058
29.044,14.144
29.018,13.945
29.094,13.706
30.015,13.218
30.226,14.581
29.373,13.671
29.364,12.510
29.896,17.812
29.536,15.506
29.835,17.831
30.874,19.045
31.597,17.745
31.774,17.109
33.076,17.854
30.954,19.628
30.339,17.164
24.777,17.973
31.177,17.948
31.202,15.933
30.885,13.851
31.042,13.565
32.460,18.042
32.292,13.023
32.522,15.140
33.110,15.693
34.135,16.875
34.113,17.258
33.597,22.449
32.783,18.646
31.208,15.296
32.035,13.703
34.856,15.637
35.751,15.106
36.027,16.774
36.437,17.156
37.052,18.216
35.891,20.555
35.433,18.358
35.957,18.970
34.252,19.065
33.629,18.091
36.866,17.228
36.544,19.625
37.963,21.148
37.831,22.007
38.325,21.611
39.048,19.271
38.084,19.303
38.661,19.488
40.556,20.474
42.018,21.702
40.561,21.090
42.243,20.453
41.071,20.347
41.580,22.429
41.375,23.173
40.879,22.887
39.778,21.652
39.125,21.004
39.513,20.990
39.954,20.528
40.151,21.910
41.751,24.504
38.790,23.667
38.286,22.037
36.981,21.171
39.153,21.417
38.499,20.998
39.513,20.082
40.841,22.196
44.009,22.447
45.920,23.026
44.424,26.622
42.624,25.718
41.027,27.028
41.550,24.484
41.289,24.459
42.114,24.444
45.360,24.801
46.518,25.938
44.623,26.384
44.545,27.326
42.751,26.602
41.839,26.068
40.486,25.559
40.722,25.270
40.951,25.822
41.437,25.500
42.478,25.172
41.393,25.416
42.158,25.833
42.822,26.125
42.960,27.724
42.796,26.767
42.779,26.619
41.517,26.011
41.905,26.376
41.104,28.722
42.852,28.254
43.067,28.116
42.547,28.395
42.568,28.073
42.465,28.200
42.977,28.730
42.503,28.100
42.967,26.736
43.831,27.648
44.552,28.500
43.112,28.190
42.805,27.136
43.752,28.148
43.858,28.906
45.343,29.558
45.497,29.997
49.418,30.257
46.940,30.114
45.943,29.981
45.401,30.177
44.317,30.057
43.688,29.872
42.434,28.769
41.572,28.134
41.291,28.002
41.585,27.832
40.821,28.331
42.032,27.677
42.714,27.940
39.519,27.922
36.482,28.045
40.236,28.030
39.650,28.316
39.650,27.739
38.377,26.063
39.344,26.159
39.604,27.165
41.615,30.881
47.190,30.397
49.220,31.038
46.764,31.907
44.672,29.878
35.566,27.102
30.331,25.298
35.018,25.604
38.944,25.901
41.759,27.689
41.397,28.479
40.150,28.079
40.714,27.886
40.920,28.220
40.206,27.613
42.372,26.852
42.406,27.591
43.428,29.770
38.316,27.730
35.170,26.860
36.900,26.044
36.871,26.472
39.209,25.624
37.104,25.946
35.403,26.527
31.537,25.256
32.588,24.268
32.395,24.550
30.958,24.259
32.655,24.412
33.250,24.565
29.185,25.652
30.591,24.824
31.636,24.611
34.751,24.984
34.598,24.861
26.561,24.385
32.203,24.165
34.100,24.900
34.415,25.029
35.692,25.505
34.788,25.754
31.976,24.920
29.876,24.856
29.474,24.911
25.403,23.462
30.392,23.213
31.028,24.415
31.809,23.543
35.408,23.490
32.670,24.136
27.715,24.176
27.182,24.004
28.311,24.008
28.875,23.520
24.958,22.645
28.859,23.390
28.822,23.694
28.546,22.752
25.690,22.640
28.006,23.210
30.844,23.048
30.871,23.156
31.386,24.201
31.923,24.087
30.346,23.916
31.037,23.921
31.219,23.277
31.875,23.831
31.893,23.658
28.973,23.723
30.396,23.873
29.120,23.179
29.614,22.956
28.533,23.122
28.885,23.282
31.653,23.384
31.552,23.684
31.569,24.633
31.765,25.011
32.136,25.009
30.310,24.182
28.059,23.048
27.978,23.198
27.466,23.046
28.621,22.935
28.146,23.033
28.181,22.433
27.580,23.800
27.224,23.564
29.197,23.563
27.564,23.870
27.519,22.689
26.957,22.001
26.879,21.655
28.425,22.373
28.222,22.596
28.885,23.573
30.213,23.676
29.751,23.124
30.249,23.538
30.517,21.689
31.145,20.536
31.304,20.999
31.850,20.728
31.617,21.244
33.711,21.593
30.366,21.602
32.636,21.974
32.881,21.407
34.264,21.253
35.819,21.110
33.272,21.715
33.156,20.356
33.524,19.747
35.727,20.982
34.722,23.017
36.417,20.597
36.218,20.724
34.315,19.504
35.067,20.199
35.419,17.058
33.987,20.264
33.563,23.091
34.989,22.996
36.244,20.250
34.790,21.195
35.312,22.584
35.379,20.116
33.124,23.043
33.061,22.242
33.290,22.680
33.546,22.831
34.964,22.262
34.316,22.595
34.817,22.233
34.852,20.237
35.446,22.580
33.816,22.310
34.311,19.539
35.228,23.259
32.918,18.383
33.254,22.055
32.630,21.735
31.520,16.307
31.121,17.091
30.857,17.652
31.115,19.223
32.538,19.604
32.094,18.567
31.466,16.927
31.020,19.917
31.092,21.909
34.507,21.285
34.191,22.785
31.344,21.358
32.093,21.400
30.742,21.323
32.417,23.808
31.538,21.537
30.602,20.456
30.774,20.580
30.980,21.793
30.120,19.367
29.686,18.724
24.504,20.140
28.226,17.892
27.322,20.263
27.548,21.315
30.944,19.794
29.977,20.391
30.777,20.408
31.090,19.857
31.522,18.349
29.597,18.499
29.658,18.110
29.496,17.533
28.719,17.309
29.507,17.043
28.153,15.847
27.426,13.540
27.898,15.119
29.437,16.127
28.510,15.422
27.343,13.377
25.204,11.158
25.961,10.677
25.943,12.138
26.166,11.397
26.801,11.166
27.142,11.247
27.262,11.957
26.636,11.808
26.020,11.659
27.764,10.080
28.347,8.933
27.536,11.234
28.063,10.660
28.221,12.675
29.017,13.003
28.574,14.462
28.335,17.262
29.026,16.369
28.228,15.757
25.054,14.373
24.779,11.293
25.137,10.107
25.731,10.222
26.471,12.308
26.712,11.063
25.788,8.993
25.315,8.599
27.702,8.736
27.553,10.837
25.720,10.010
27.470,9.094
28.572,11.451
30.102,10.280
29.474,11.541
28.287,13.195
25.913,11.666
27.382,9.727
28.830,12.266
29.323,13.160
29.210,11.957
28.989,12.150
29.893,13.205
30.331,11.267
31.489,14.705
30.543,13.386
28.578,13.174
29.058,13.194
31.453,15.011
30.671,13.533
29.983,14.223
29.755,14.656
32.235,15.062
32.521,15.010
32.281,15.112
32.315,14.802
33.582,14.381
33.454,13.588
32.915,14.525
32.466,15.192
31.826,16.492
33.514,15.678
33.481,17.587
34.031,16.515
33.606,16.696
33.283,17.282
31.512,16.620
28.629,15.928
30.514,14.740
29.121,15.017
30.989,14.110
32.109,16.163
30.493,14.991
31.653,14.719
33.604,15.758
33.339,15.874
33.464,17.119
34.040,13.242
32.961,14.958
32.925,16.946
35.373,19.408
35.635,17.687
36.332,19.717
35.766,18.516
36.277,18.820
36.992,18.066
37.943,19.640
38.365,19.909
35.139,17.995
36.586,17.207
35.166,17.990
35.734,16.524
37.783,16.785
39.607,16.338
39.467,18.068
38.399,19.199
39.637,16.536
39.798,21.167
38.888,19.709
37.401,18.085
38.124,19.243
37.438,17.652
37.266,17.726
37.836,19.093
39.606,18.084
40.742,19.371
39.449,17.838
39.835,21.372
38.914,18.662
39.256,19.757
37.909,20.200
38.171,19.515
38.135,20.114
37.124,19.851
38.764,19.397
38.820,21.331
38.693,21.495
39.831,21.815
38.975,21.712
40.406,21.588
40.522,21.564
41.013,22.826
41.755,24.319
40.381,24.533
40.944,23.788
42.313,24.307
44.448,24.334
41.648,26.090
40.297,24.919
42.790,24.271
41.427,22.250
42.167,21.099
40.915,22.083
41.133,24.189
42.452,24.409
43.082,22.109
47.344,24.737
47.020,25.329
44.624,24.641
47.526,27.120
47.252,28.925
46.225,28.229
41.541,27.824
40.224,26.029
38.616,26.125
39.489,25.852
40.003,26.019
40.279,24.527
43.116,25.562
42.456,26.488
41.183,26.532
41.418,25.691
41.687,25.658
41.839,25.748
41.909,25.712
42.195,26.994
43.224,27.103
43.903,29.516
44.803,28.778
42.677,28.755
41.647,27.100
41.019,27.586
39.530,27.821
40.214,27.798
42.240,27.686
42.691,27.922
41.699,28.009
42.645,28.429
42.503,28.470
43.130,28.358
42.089,28.778
40.707,28.886
40.674,28.516
41.476,28.359
39.593,28.780
38.601,28.751
42.088,29.698
42.931,30.745
45.371,30.104
44.213,29.146
41.688,28.977
37.730,28.904
41.375,26.974
41.847,27.307
40.347,26.814
38.100,26.143
36.365,26.684
37.815,25.852
36.317,26.613
35.026,26.644
35.631,26.868
35.339,26.844
34.653,26.604
31.720,26.835
29.040,25.654
29.609,25.211
26.351,24.501
28.470,24.469
30.320,24.959
29.967,24.618
28.286,24.242
30.885,23.396
33.324,23.827
32.875,24.322
32.939,24.424
31.689,24.244
28.739,24.075
31.495,24.495
32.658,24.417
29.562,24.519
27.537,23.643
28.183,23.697
28.599,23.870
29.538,24.283
25.912,24.460
26.906,24.267
27.526,23.919
28.778,23.854
29.439,24.854
27.585,24.371
27.984,23.819
29.721,23.936
28.098,23.896
28.256,23.824
24.449,23.411
27.192,23.342
26.439,23.819
30.719,23.635
32.736,24.463
29.607,24.813
27.416,24.324
28.687,23.646
29.257,24.067
28.081,23.442
30.091,23.843
29.201,24.023
25.574,24.059
29.900,22.918
27.651,23.997
27.625,23.837
26.702,23.818
25.561,22.265
25.720,22.171
28.581,23.516
26.317,23.438
27.864,23.197
28.274,23.756
27.025,23.505
28.149,22.818
29.224,22.811
29.332,22.977
28.660,23.208
29.281,23.770
29.166,23.296
32.587,22.672
31.325,24.124
27.085,24.519
25.924,23.327
25.265,23.016
27.160,23.167
29.414,23.524
30.545,23.964
28.600,23.999
31.147,23.802
28.687,23.749
30.751,23.530
26.783,24.076
28.345,23.584
28.234,22.900
27.609,22.982
28.734,23.361
26.481,22.919
28.194,21.864
26.442,22.958
27.364,23.281
28.469,22.426
29.951,22.555
30.498,23.365
30.674,22.941
29.113,22.701
28.527,22.119
29.267,21.977
29.331,21.836
28.570,21.466
28.880,22.271
28.749,20.949
29.055,20.745
29.902,21.585
29.960,20.620
30.168,20.445
30.640,20.655
31.752,20.340
32.748,20.940
34.288,20.119
33.112,21.170
31.792,20.611
31.808,20.598
32.433,18.473
34.050,19.500
33.658,20.707
35.968,21.326
34.605,21.582
35.194,21.244
34.534,20.941
33.618,23.005
36.247,21.089
36.668,20.332
37.013,22.632
35.647,23.786
35.453,22.690
36.847,21.384
35.193,22.774
35.800,19.140
33.395,17.722
34.882,16.003
34.053,17.995
33.476,17.844
33.635,17.920
33.609,16.908
33.517,18.934
33.658,18.207
33.156,18.446
32.648,18.154
32.818,17.871
32.765,17.688
32.565,18.489
32.180,17.932
33.121,17.789
33.351,16.300
34.084,16.919
34.396,15.513
33.691,15.903
35.599,16.708
32.933,18.597
34.507,16.080
35.005,17.065
35.306,16.721
33.585,18.464
32.762,19.298
32.460,17.943
33.198,15.449
32.920,14.854
32.680,15.892
34.105,14.757
32.450,16.473
32.839,17.032
31.375,16.434
30.395,15.533
30.156,16.356
30.470,15.997
30.509,16.922
31.098,17.786
31.051,19.703
32.330,20.167
33.418,18.722
31.919,14.772
30.959,15.283
32.207,15.097
33.188,17.156
33.203,17.605
32.462,16.014
32.369,15.041
31.646,14.315
31.274,14.143
31.342,14.976
27.909,13.585
27.589,12.054
28.343,12.133
29.286,12.785
30.038,13.408
28.797,13.583
29.050,13.268
29.265,13.023
29.358,13.184
29.096,11.380
29.125,12.962
29.630,14.093
29.581,14.159
29.952,12.483
29.513,10.362
29.479,11.815
27.976,10.053
28.829,12.272
27.814,12.184
27.873,12.063
30.600,14.894
28.543,16.972
26.396,12.356
28.131,12.155
29.245,13.368
29.954,13.591
29.136,12.860
27.655,13.346
28.108,11.198
25.713,11.570
24.397,9.846
24.597,9.285
24.783,9.473
24.897,8.644
25.583,8.978
28.824,9.204
29.476,9.781
28.031,13.665
25.636,10.044
24.948,7.851
23.289,9.229
25.165,9.493
28.658,11.731
28.805,11.179
28.869,12.123
27.004,15.028
28.272,17.669
28.181,13.326
28.711,11.757
27.205,13.026
28.368,13.533
30.427,14.227
28.028,13.099
29.392,12.372
30.701,12.969
32.037,12.962
31.403,15.529
31.041,15.134
30.699,15.534
24.914,9.874
26.568,9.083
27.427,9.980
29.926,11.226
32.495,13.430
32.716,14.595
32.176,15.425
31.501,13.185
29.644,12.568
30.001,13.809
33.137,15.009
34.734,16.005
34.898,15.474
36.056,15.958
35.129,15.633
35.588,15.750
34.863,16.391
35.043,15.972
36.543,17.341
36.310,17.319
35.104,16.329
32.987,14.107
32.126,12.209
32.180,13.411
34.532,16.015
36.226,16.487
36.787,18.029
35.313,16.705
32.984,13.910
32.309,14.545
31.111,11.505
31.855,12.841
34.888,15.104
34.464,15.618
33.355,17.409
34.859,16.153
37.299,17.954
38.964,15.825
38.647,18.457
38.195,18.683
39.815,20.300
39.357,20.111
38.858,18.891
40.593,17.930
41.673,18.581
40.779,17.910
39.765,15.716
39.996,19.752
40.630,20.639
40.617,21.835
40.664,22.552
42.867,19.564
41.750,22.123
42.139,23.691
42.432,23.249
42.089,25.961
41.851,24.239
40.625,24.051
40.601,22.995
41.512,22.312
42.053,23.347
42.030,24.418
41.941,24.393
40.529,23.400
39.890,22.233
39.317,22.738
39.566,21.910
40.172,23.916
40.815,22.802
41.275,24.972
40.453,24.102
38.799,26.177
29.452,23.193
38.425,20.810
38.858,24.250
39.313,21.788
37.881,22.965
39.039,23.510
40.606,24.545
40.010,24.513
41.041,25.255
40.351,24.322
40.619,23.704
41.050,24.394
40.004,23.183
41.864,24.189
41.127,25.503
41.010,25.565
40.091,25.026
42.786,25.010
43.858,27.041
44.778,27.067
42.980,27.613
41.660,28.126
39.871,27.632
40.505,26.299
40.303,26.161
41.585,26.228
41.680,26.384
41.584,26.401
42.699,27.377
43.154,26.638
43.281,27.202
42.746,27.572
42.256,27.699
43.027,27.157
42.689,27.472
43.103,28.218
42.202,28.259
42.016,27.941
43.088,27.478
43.216,26.923
43.054,27.771
42.782,27.961
41.619,27.506
40.915,27.567
39.319,27.384
39.724,27.540
41.417,28.000
33.256,27.870
36.006,26.329
36.764,27.417
35.798,27.970
37.740,26.766
39.693,26.168
42.106,27.145
41.326,26.308
33.665,25.215
35.570,26.254
36.375,26.005
34.603,26.606
38.044,26.746
38.468,27.275
37.820,26.840
38.546,26.955
38.132,27.066
35.790,27.162
35.046,26.840
35.385,26.563
36.625,25.977
37.122,25.969
37.294,26.076
37.120,26.363
35.204,26.655
34.322,26.921
37.304,26.091
34.931,25.759
31.347,24.844
27.720,24.409
27.914,23.921
29.258,23.783
29.445,24.018
29.769,24.189
26.113,24.101
28.320,23.587
30.938,23.511
30.778,24.076
27.391,24.526
28.877,24.280
31.576,24.317
30.107,24.481
25.581,24.326
28.459,24.262
29.910,24.426
30.066,25.267
27.060,25.050
25.125,24.112
24.168,23.073
24.685,22.993
28.098,23.550
25.304,24.251
27.401,23.919
24.441,23.196
26.562,23.282
25.840,23.384
24.940,22.473
26.553,22.748
25.870,22.967
27.161,23.350
26.549,23.366
30.292,23.517
28.769,23.997
26.203,23.440
27.213,23.679
25.399,23.359
24.846,23.018
26.051,22.888
23.932,22.895
25.543,22.938
23.981,22.435
25.141,21.894
27.581,21.658
26.907,22.443
28.131,22.618
28.330,23.394
25.660,23.033
28.428,21.938
29.358,22.624
28.343,22.789
27.503,23.141
28.021,22.536
28.996,23.121
29.494,22.350
30.953,23.207
32.085,23.861
30.805,24.564
29.190,24.665
30.258,24.457
31.853,24.191
29.791,24.418
29.472,24.365
24.939,23.631
27.537,22.547
28.652,22.874
29.382,23.300
29.380,22.793
24.888,23.670
24.740,22.388
27.679,21.970
27.232,22.525
26.317,23.036
28.764,21.700
28.574,20.787
30.048,20.775
30.814,21.479
30.970,22.200
31.046,23.059
30.064,23.677
27.776,22.044
27.506,21.940
28.010,20.994
29.118,21.025
29.082,20.011
32.134,20.468
32.570,19.937
32.525,20.618
32.733,21.728
33.776,22.323
34.496,21.894
33.612,22.543
32.832,22.505
34.574,21.588
32.815,23.728
33.806,23.828
33.878,21.253
34.603,19.986
34.941,20.890
33.164,18.147
33.547,16.900
34.353,17.716
35.545,19.765
35.210,20.703
33.940,19.654
33.897,20.770
33.959,18.457
33.095,17.194
32.786,16.818
32.683,18.806
33.391,20.285
35.271,17.954
35.720,19.935
32.726,18.565
31.813,19.272
32.100,19.525
32.416,15.622
31.956,16.720
31.716,17.173
31.015,18.004
32.375,19.985
31.848,18.577
31.826,16.737
31.107,15.188
30.291,15.788
31.062,15.715
31.920,14.779
31.840,15.276
31.584,17.316
32.210,20.202
31.733,19.040
29.776,19.142
31.450,17.101
30.814,17.101
30.536,14.911
30.011,14.573
31.409,14.412
29.884,14.256
29.385,15.505
29.567,14.980
30.403,14.999
31.485,15.126
30.542,15.017
31.192,15.929
31.883,16.561
32.092,16.585
31.956,15.284
31.303,13.649
30.307,15.095
29.120,14.959
30.727,15.618
30.757,17.030
30.371,15.462
30.792,15.734
32.123,16.833
33.332,17.871
33.435,18.225
32.759,20.481
30.764,15.219
29.918,14.296
28.685,13.014
29.079,11.652
29.508,12.986
30.151,15.454
31.225,16.582
30.277,17.148
30.160,15.513
29.167,15.419
28.230,13.688
28.925,14.093
29.788,15.141
29.244,15.025
29.712,14.621
27.705,12.714
27.130,11.315
27.786,11.695
28.723,11.915
29.115,11.728
31.113,15.092
31.660,17.091
32.127,17.964
29.069,15.569
27.628,11.613
28.034,11.475
27.886,11.466
26.060,10.558
25.298,10.041
25.456,9.319
27.669,11.512
28.040,13.279
28.165,12.000
29.912,11.351
31.367,11.280
31.346,13.457
31.604,13.287
32.202,15.127
31.932,16.235
26.098,15.393
25.551,10.368
25.870,10.409
26.561,10.335
27.658,11.876
27.890,14.613
28.309,14.744
27.939,14.028
29.670,12.996
28.776,13.581
29.700,14.127
29.239,14.626
30.408,15.051
30.958,17.772
32.307,17.001
33.277,18.128
32.731,18.545
30.658,17.974
30.385,16.304
29.175,15.640
29.295,15.629
29.190,14.130
30.585,13.338
33.526,16.909
34.546,19.381
32.302,21.646
33.243,18.751
32.782,19.943
31.737,19.047
28.276,18.297
28.862,11.745
28.890,13.170
31.486,14.659
31.862,15.523
33.077,16.386
35.535,17.959
34.159,16.752
32.711,16.703
33.077,16.435
34.872,17.183
33.027,17.203
35.726,16.811
35.532,16.591
34.828,15.495
35.606,15.567
35.559,16.470
36.348,17.525
36.201,18.699
38.595,17.971
39.130,18.849
37.318,19.064
36.977,18.547
36.722,17.968
37.283,18.559
36.225,18.894
35.394,18.681
35.799,19.605
35.737,21.468
36.491,19.758
36.418,19.677
37.262,17.457
37.168,20.481
37.548,19.522
36.870,18.565
37.575,20.017
36.705,20.494
38.551,22.277
37.231,22.611
38.036,24.143
36.498,21.916
34.945,20.552
36.262,19.988
38.362,21.261
39.244,19.606
38.167,20.885
36.420,19.976
37.276,19.294
41.318,21.381
40.801,19.871
40.328,21.935
40.408,22.078
40.851,23.458
39.879,24.189
39.419,22.568
40.481,23.131
41.124,23.880
40.730,24.553
40.595,23.200
39.894,23.663
39.392,23.141
38.041,22.539
38.556,23.533
37.471,23.005
38.264,22.948
41.739,23.977
39.463,24.867
41.235,26.139
41.861,27.624
41.228,27.993
42.133,26.013
43.381,26.923
43.274,26.767
43.520,27.762
43.711,27.258
42.586,26.068
41.145,25.728
41.658,26.600
42.541,26.199
42.138,26.173
43.332,25.933
42.767,27.163
41.919,26.778
41.436,25.500
40.585,26.575
40.537,26.527
42.571,25.924
42.904,29.158
42.976,27.841
43.813,27.576
43.579,27.078
44.614,27.190
44.682,27.980
43.386,29.789
44.486,28.354
43.037,28.666
43.590,27.741
42.001,28.033
41.058,28.307
40.686,28.270
41.443,28.272
40.657,28.705
39.750,27.855
42.745,27.832
42.322,28.211
40.654,29.313
43.515,28.336
42.789,28.742
40.655,27.671
42.284,27.544
41.394,26.992
39.562,26.129
38.224,28.432
32.450,25.974
31.194,25.558
34.018,25.034
32.051,25.608
29.077,25.185
33.300,25.170
32.089,25.574
33.520,25.342
28.985,25.187
30.884,23.903
33.747,24.322
33.900,24.939
32.345,24.781
28.124,24.817
32.518,24.843
29.681,24.666
32.893,24.979
29.391,24.806
30.348,24.403
31.877,24.269
32.308,24.558
32.994,24.731
33.893,25.274
26.499,24.258
25.217,24.238
25.304,23.220
24.551,22.177
29.145,23.326
28.341,24.121
29.357,24.153
27.702,24.174
28.337,23.332
25.589,23.610
30.470,23.275
25.871,22.992
27.112,23.631
25.717,23.693
26.410,22.755
28.397,24.016
27.236,24.123
26.388,23.719
28.471,23.354
28.060,23.401
27.240,23.584
28.358,24.107
28.341,24.291
26.077,24.158
24.948,24.122
27.314,23.635
26.742,23.340
25.862,23.353
26.884,22.560
25.514,23.104
24.715,23.398
27.328,23.540
27.379,22.817
27.727,21.932
28.665,23.226
27.096,23.106
28.123,22.717
25.674,23.345
26.085,23.275
25.657,23.078
26.881,22.965
27.661,22.982
26.263,23.439
27.516,23.367
27.683,22.458
30.637,23.389
29.623,22.614
29.394,23.513
28.090,22.929
24.072,22.829
23.433,22.612
24.555,22.126
23.630,22.068
24.006,22.699
23.324,21.804
27.534,21.713
27.949,23.107
28.902,21.799
28.438,21.908
28.890,22.432
29.189,22.124
30.443,22.162
28.557,22.282
28.133,22.168
28.738,21.290
28.086,21.328
28.898,21.144
32.233,21.312
31.585,22.786
33.000,22.621
33.400,22.406
34.894,22.830
34.308,22.879
35.981,22.967
35.798,23.497
35.131,23.489
32.540,23.876
34.166,23.006
34.228,22.912
35.582,21.345
35.163,23.173
28.251,23.394
24.824,22.899
25.289,23.094
24.140,22.532
26.078,21.762
29.128,21.391
30.162,20.098
29.317,22.216
28.489,21.300
27.666,22.679
29.828,22.292
29.950,23.704
28.279,23.005
28.305,22.854
28.290,22.400
28.690,22.594
29.121,22.510
28.651,23.108
27.900,22.092
30.608,22.513
28.407,21.716
28.680,22.098
30.068,21.239
30.909,21.077
31.148,20.781
32.399,20.155
31.480,18.625
32.530,18.757
32.625,22.052
33.019,19.069
31.783,16.411
30.826,17.619
30.532,17.759
30.205,17.889
30.192,21.410
30.866,20.117
33.186,19.651
31.992,17.769
32.157,15.314
31.593,16.168
30.566,16.348
30.903,15.337
31.786,15.489
31.001,17.455
30.828,18.435
30.300,17.215
30.701,17.050
31.032,16.262
28.982,18.288
29.197,20.436
29.469,18.556
31.075,16.571
30.436,16.278
30.639,16.772
29.092,17.006
27.994,16.617
27.630,13.705
28.052,13.533
29.965,14.487
30.908,14.723
29.765,12.509
29.509,14.020
29.343,14.952
29.250,14.670
30.679,16.541
30.506,18.534
31.426,17.757
30.743,17.108
30.155,17.127
29.754,14.978
30.107,15.170
30.941,15.314
30.619,17.737
31.300,17.265
30.608,17.650
30.350,16.995
28.733,13.571
28.316,12.877
29.472,12.375
29.529,12.314
28.362,13.068
28.889,12.957
27.443,12.170
27.322,12.376
28.944,11.213
30.002,11.848
28.679,12.336
28.716,12.059
28.838,10.392
28.836,10.852
28.502,12.096
28.269,12.068
27.462,12.781
27.239,14.020
28.426,15.280
28.176,14.847
28.145,15.361
28.822,15.250
28.067,14.628
26.975,13.300
28.467,15.129
26.565,14.416
27.783,14.627
27.507,13.919
28.918,16.934
26.742,17.183
27.417,14.251
26.685,10.841
26.479,11.592
29.520,14.302
29.538,13.548
28.145,11.928
24.276,9.487
25.789,11.032
28.115,13.043
29.663,15.746
28.634,15.128
27.708,13.258
28.625,14.731
24.774,10.012
26.362,11.345
29.936,13.979
28.664,20.485
28.025,17.094
28.615,15.742
29.077,17.032
28.546,15.185
28.815,14.635
29.147,14.127
28.582,12.307
29.588,12.869
29.132,12.770
28.587,13.119
29.200,13.389
29.502,14.335
31.086,14.705
31.019,14.969
31.842,13.374
32.729,16.205
32.454,16.155
30.665,14.746
28.165,12.214
27.622,9.584
28.179,13.379
28.570,12.364
29.414,14.398
26.671,12.911
25.873,11.279
27.443,12.014
27.363,12.122
28.463,11.668
31.672,12.347
32.531,12.347
31.390,15.770
30.549,18.777
30.827,16.731
30.563,16.768
32.620,18.745
33.298,18.629
32.592,16.870
30.220,14.632
28.517,13.182
30.951,13.000
29.514,13.967
29.781,16.251
29.625,17.385
32.021,17.075
32.526,17.759
32.459,17.674
32.680,17.413
32.488,18.674
33.726,18.068
34.719,17.146
35.709,21.363
36.198,20.662
37.248,19.944
38.045,18.865
37.420,20.329
36.979,21.063
37.192,17.868
38.015,16.761
36.889,17.790
36.663,19.243
37.445,20.107
38.045,20.314
37.648,20.597
38.245,21.084
39.486,21.813
39.578,22.899
39.626,23.063
39.736,23.046
39.097,22.117
38.209,21.848
37.836,21.057
41.799,21.500
40.398,22.003
41.176,21.487
40.972,23.790
39.613,24.176
39.196,22.722
38.961,21.516
38.844,20.986
39.003,21.641
40.176,21.519
39.954,22.511
40.604,23.207
40.905,24.302
42.276,24.375
41.249,25.074
40.627,24.371
39.138,23.708
42.090,24.606
41.609,24.942
41.338,24.614
42.948,25.241
41.263,24.198
41.885,25.169
42.520,25.851
43.435,27.208
46.673,26.650
44.702,26.602
43.527,27.646
42.904,26.893
41.954,25.947
41.049,25.552
40.180,24.704
41.429,24.935
41.706,26.442
43.088,25.614
45.741,28.554
41.204,27.185
40.225,24.904
39.505,25.935
39.688,26.318
39.385,25.095
39.894,25.971
39.449,25.995
39.215,26.424
41.175,26.514
46.559,28.130
45.860,28.851
43.603,31.043
43.051,29.446
42.846,27.629
42.590,27.911
44.178,27.239
42.946,28.365
45.566,28.466
47.505,29.997
43.334,29.011
44.509,29.313
43.548,28.854
43.231,27.914
44.053,28.138
45.574,28.802
46.712,29.756
45.354,29.838
45.179,30.189
44.646,30.128
45.818,30.130
43.496,29.318
42.888,29.234
42.896,28.566
42.865,28.572
40.939,28.140
39.489,27.610
37.142,27.115
37.097,27.129
38.993,26.521
37.459,27.616
39.659,26.102
39.928,27.059
37.762,27.434
39.074,27.603
36.327,26.984
37.091,26.887
39.541,27.399
38.274,27.346
39.035,26.673
39.569,27.123
40.227,27.698
38.532,26.996
38.390,27.064
38.925,26.858
37.145,26.566
36.873,26.954
38.991,26.516
38.638,27.513
40.031,27.342
38.709,27.450
37.902,27.261
37.906,27.095
38.286,26.653
39.825,26.660
37.597,25.884
38.761,25.481
28.841,25.698
33.277,24.885
28.790,24.985
31.304,24.807
26.397,24.928
28.404,23.934
29.053,23.745
30.093,23.434
27.021,24.050
24.312,22.827
23.195,22.400
25.535,21.800
28.024,22.653
29.799,23.021
29.020,24.071
30.846,23.071
32.290,24.017
28.607,23.996
