20000101
29.426,13.726
28.742,13.186
29.421,11.904
27.944,11.082
28.812,12.003
28.433,10.556
28.088,10.515
29.634,9.362
31.267,10.801
32.189,10.911
32.722,13.366
30.520,19.354
29.065,12.905
27.975,10.947
27.547,11.152
27.189,11.129
28.232,13.941
31.547,14.417
32.274,14.038
31.928,12.650
28.884,11.385
29.534,13.710
31.186,14.594
29.412,11.966
30.676,14.348
31.501,13.028
29.825,14.709
28.703,12.681
29.887,10.946
31.202,10.873
33.172,12.051
28.241,14.027
29.193,12.204
28.855,12.889
30.176,13.909
27.349,15.233
27.919,11.315
27.620,11.546
30.347,11.818
28.679,12.634
30.868,12.551
26.911,14.273
27.415,10.778
26.755,11.921
28.579,12.380
30.606,12.925
32.482,13.105
30.029,13.258
32.071,12.331
30.493,13.392
30.525,12.211
32.807,11.188
32.291,15.497
31.830,20.672
30.140,19.115
27.456,18.931
32.919,13.625
35.141,13.843
33.890,15.036
36.133,13.897
37.018,18.361
36.095,20.912
35.501,18.334
34.405,19.101
33.443,17.101
33.848,14.839
31.995,14.686
32.475,14.651
36.356,13.987
35.376,13.730
36.292,18.005
34.388,18.228
30.914,18.178
36.043,15.675
36.348,14.060
34.625,16.797
35.220,17.058
35.952,18.685
38.300,16.199
37.806,17.573
37.096,15.841
35.930,18.538
35.850,16.042
35.426,19.240
39.809,18.809
38.665,18.855
39.256,19.576
37.939,19.657
40.111,20.368
41.657,17.559
41.870,21.425
43.796,23.787
45.557,23.384
44.405,21.914
42.263,22.034
41.380,23.169
42.154,23.367
42.451,22.166
41.570,25.745
41.761,24.946
41.966,23.709
45.883,22.364
46.881,24.654
42.722,23.487
41.168,24.622
41.005,23.672
42.969,24.065
42.324,23.991
42.210,24.778
42.393,25.383
42.481,25.228
42.308,26.456
40.487,27.260
40.076,24.883
40.068,25.099
41.706,25.361
42.476,26.193
42.519,25.615
42.530,27.335
42.046,27.270
42.177,27.821
43.246,26.821
43.781,26.790
44.243,25.989
44.616,26.604
45.596,26.435
43.579,27.616
45.172,27.772
43.564,25.594
40.765,27.891
40.849,25.884
40.086,28.315
35.866,27.269
38.706,24.473
38.863,24.751
42.641,24.842
39.875,25.858
40.150,25.993
35.615,26.925
33.402,26.253
30.587,24.809
37.920,23.910
39.431,25.395
40.148,25.422
40.389,25.807
40.792,26.653
40.324,27.109
42.103,27.009
41.435,27.090
42.433,28.124
39.130,26.750
39.091,26.990
40.656,26.569
41.417,28.469
46.839,27.883
39.824,27.102
40.980,27.406
42.767,27.878
41.565,29.039
39.055,27.271
39.644,26.153
38.110,28.422
40.177,27.059
39.430,27.510
36.464,26.674
37.850,26.642
38.251,27.014
40.468,27.448
40.203,27.387
40.510,26.637
39.777,27.639
31.716,27.388
34.020,26.095
36.111,27.482
36.423,26.199
34.997,26.709
38.026,25.723
38.272,26.331
39.277,26.182
38.626,25.723
38.883,26.411
39.432,27.119
38.525,26.520
30.944,25.631
34.661,24.879
37.775,24.717
37.594,25.261
40.654,25.318
35.994,26.127
30.826,25.406
26.530,24.953
30.139,24.177
28.600,24.583
24.761,24.035
29.468,24.014
25.430,24.203
28.827,23.767
28.961,22.927
27.464,23.297
24.743,23.496
26.521,23.754
24.339,22.942
25.593,22.539
29.732,22.466
31.282,23.263
32.296,22.820
33.910,23.424
34.525,23.482
35.319,24.778
35.738,24.026
27.770,24.746
30.707,23.958
33.736,24.053
32.953,24.888
33.509,23.547
32.974,22.873
35.058,22.851
36.944,23.349
37.247,23.817
38.575,26.559
37.683,25.350
36.446,26.615
38.589,25.380
35.749,24.025
29.864,24.351
28.804,23.790
27.210,23.432
25.954,22.823
29.421,22.876
29.308,23.520
28.147,23.337
27.460,23.242
27.188,23.243
30.205,23.058
29.334,23.431
31.996,25.219
35.410,24.367
33.431,24.916
34.420,24.593
31.297,23.258
31.178,23.977
29.641,24.013
27.705,23.461
27.022,23.512
27.425,23.226
26.994,23.171
25.873,23.261
27.395,23.019
23.794,22.833
25.710,22.263
29.535,21.723
31.567,20.150
32.541,21.994
32.882,21.766
33.514,21.799
34.710,21.040
36.118,20.373
37.082,21.111
35.958,22.960
37.264,22.090
36.558,21.847
34.480,21.568
37.851,19.896
40.561,21.523
39.934,23.962
37.594,24.875
37.651,23.608
39.150,22.927
40.433,22.124
40.574,22.690
38.892,22.959
39.743,22.513
41.818,21.804
40.943,20.451
40.274,21.780
38.729,22.080
38.684,21.396
38.616,20.767
38.383,19.479
40.084,19.199
41.876,20.482
40.423,21.928
42.230,21.905
42.010,23.038
41.772,23.991
41.045,25.960
37.046,24.491
37.811,21.549
37.645,20.526
38.197,17.623
36.726,19.225
38.019,18.964
38.031,18.236
38.257,18.017
38.709,18.595
37.466,19.686
36.778,18.485
35.767,20.047
36.559,19.304
37.845,19.615
37.716,19.190
37.157,16.532
35.785,15.806
36.580,16.930
38.248,13.840
34.637,17.737
34.310,17.390
34.333,17.463
35.393,17.937
35.991,17.941
34.957,16.141
35.945,16.265
34.710,17.612
35.236,16.657
36.772,17.347
34.469,17.159
36.346,15.387
35.160,15.493
34.439,17.445
34.198,17.407
33.493,17.665
33.244,16.414
33.419,14.227
33.714,16.239
34.332,14.377
32.775,14.825
32.942,14.913
32.826,15.850
34.282,15.558
33.997,17.201
33.425,16.365
33.063,16.484
31.342,15.533
29.963,16.037
29.789,14.452
29.032,13.932
28.125,12.266
29.064,12.161
30.295,11.733
32.201,10.001
33.447,11.339
31.241,15.471
31.789,14.424
32.505,11.954
31.822,11.295
31.262,12.091
31.556,12.886
31.884,12.034
31.107,11.362
31.312,13.553
31.363,13.744
31.869,14.061
32.074,11.753
32.049,12.802
31.739,13.411
30.198,13.747
32.349,13.849
31.574,12.755
32.005,12.885
32.096,12.631
30.694,12.992
30.600,12.255
30.062,12.181
30.170,13.060
25.675,17.199
20.775,11.110
24.220,7.796
26.318,9.464
27.055,10.767
27.003,10.598
26.548,10.670
28.371,11.313
28.832,12.982
27.212,11.102
27.439,11.289
28.404,12.570
29.898,13.905
30.630,16.880
31.091,13.463
29.380,13.678
31.475,17.635
31.991,16.477
32.132,19.926
34.656,19.156
32.459,18.514
33.615,16.974
31.418,14.820
29.536,13.717
29.572,12.796
29.754,10.613
29.248,10.093
30.584,11.642
30.926,12.718
31.438,13.423
32.844,12.728
33.453,13.504
30.552,18.075
32.464,20.662
34.244,17.937
31.870,14.937
32.031,11.679
30.775,12.158
32.753,10.738
32.555,12.739
33.240,11.436
34.251,11.764
32.707,14.531
32.550,14.568
34.928,14.051
35.512,17.610
33.848,15.998
29.794,14.084
32.174,13.757
33.196,14.682
34.155,13.483
35.355,15.169
34.938,13.635
34.849,17.788
34.921,13.776
35.971,16.197
36.314,19.108
34.809,18.628
33.756,18.060
34.265,16.115
35.297,15.203
33.874,18.054
33.393,18.348
35.191,18.509
35.261,18.466
35.034,15.604
35.177,15.957
35.353,13.682
35.416,15.332
35.696,18.674
35.536,20.476
35.456,18.922
34.871,19.047
34.772,19.141
36.131,17.525
40.201,18.242
37.563,19.931
38.206,18.544
38.851,17.820
38.907,20.702
36.790,21.143
36.378,21.489
36.342,22.214
37.639,20.087
36.832,21.304
37.938,21.030
37.839,22.424
37.707,21.617
37.492,23.083
35.314,20.228
34.461,18.531
37.208,16.531
37.382,20.624
41.465,22.330
40.180,22.558
40.133,21.501
39.428,19.020
43.245,19.780
43.403,21.956
39.174,22.442
39.819,21.515
39.812,22.414
40.336,26.435
38.101,24.025
39.224,20.558
42.634,23.205
40.267,26.538
34.636,24.717
39.644,23.439
36.480,24.415
38.077,23.355
40.810,25.581
43.517,21.223
44.917,22.299
43.782,23.840
44.965,25.123
43.434,26.746
43.279,26.246
42.652,26.808
42.630,27.229
42.507,26.247
43.828,25.117
44.867,26.672
44.317,28.256
42.764,27.350
43.618,26.425
44.299,26.723
44.236,27.003
43.372,27.928
42.326,26.736
41.092,27.055
41.617,27.646
41.938,27.136
42.835,27.508
41.617,27.365
41.160,27.093
40.955,27.269
41.010,27.559
40.232,27.642
39.454,26.969
38.093,26.904
38.674,26.640
40.760,26.641
43.175,27.140
45.362,28.210
45.156,28.274
46.034,28.437
39.865,28.576
44.748,27.311
44.335,28.177
40.102,27.558
37.897,25.714
37.336,26.212
34.873,26.674
35.117,26.407
34.196,25.959
36.298,26.630
30.061,26.317
37.758,25.382
40.300,26.483
40.600,26.548
38.741,27.496
37.382,27.220
43.794,26.465
40.824,27.533
36.247,26.074
31.101,25.564
32.204,23.665
24.378,22.330
27.984,23.454
30.186,23.967
27.527,23.487
29.447,24.014
33.569,24.041
34.002,24.038
36.078,24.591
37.748,25.541
38.414,26.689
36.468,26.811
34.264,26.342
37.811,25.805
37.202,25.874
36.821,26.049
34.086,25.767
26.865,24.634
26.021,23.746
29.625,23.909
31.433,23.958
32.805,23.859
36.275,23.896
34.009,24.944
37.267,24.823
28.144,24.430
27.449,23.441
28.980,23.737
30.203,23.884
29.524,24.064
26.965,23.870
27.398,23.998
26.169,24.019
26.058,23.877
27.738,24.427
30.314,23.400
24.900,23.881
30.071,23.020
25.167,23.887
29.404,23.611
29.568,23.849
32.084,24.023
31.857,23.618
32.586,25.266
31.125,24.510
30.166,24.140
33.586,23.609
34.271,23.451
28.093,24.523
37.386,22.998
34.898,23.994
33.501,23.276
31.219,23.353
29.992,24.228
32.167,23.920
31.582,23.777
31.386,23.920
31.464,23.935
29.678,24.036
30.671,23.680
30.865,23.903
30.295,24.441
26.734,23.646
25.554,23.351
26.372,23.755
31.941,22.215
30.267,22.048
31.861,23.318
32.828,22.623
32.812,22.992
31.402,23.489
30.745,22.967
33.052,22.727
32.988,22.817
29.487,23.058
30.918,23.399
30.488,22.521
34.672,22.310
35.266,23.524
35.610,23.575
36.233,23.253
36.017,23.355
34.221,23.340
35.985,21.597
33.089,22.299
36.464,21.678
36.949,21.886
36.387,21.993
36.393,21.817
38.105,20.808
37.348,22.946
39.548,22.999
39.403,22.758
40.555,22.839
40.158,22.073
39.251,22.493
39.990,22.594
39.008,24.711
39.030,21.870
38.178,26.236
42.845,23.058
42.129,25.899
39.758,25.258
39.544,24.065
41.498,23.293
40.460,21.187
40.535,19.116
40.759,19.156
38.107,24.203
36.136,23.000
34.300,23.771
31.119,23.253
34.219,23.681
36.761,22.953
36.539,22.832
36.410,23.956
36.296,24.386
36.820,24.335
34.085,23.417
27.182,23.962
37.204,22.222
34.708,22.947
31.772,22.586
37.515,20.117
35.911,18.978
34.928,18.701
36.085,17.450
37.517,16.241
35.993,16.445
38.391,15.892
36.282,19.282
37.461,16.972
38.680,15.902
38.944,15.766
38.873,16.938
39.241,17.135
36.228,19.103
36.868,17.815
36.352,17.090
36.726,18.480
38.046,16.772
36.169,17.309
37.120,17.298
36.717,19.123
37.627,17.252
36.305,19.512
34.678,17.812
32.536,18.465
32.026,16.423
33.083,15.960
32.435,16.202
32.840,16.507
33.254,15.067
34.920,15.623
35.521,16.823
37.057,20.063
37.800,22.724
34.722,20.676
34.045,17.309
33.030,15.142
32.535,14.721
33.525,13.893
31.175,13.837
30.993,14.557
30.286,13.481
30.923,13.642
30.784,13.810
30.729,13.646
29.185,13.274
30.782,13.590
31.622,14.191
31.512,14.290
31.406,11.252
31.657,10.502
32.840,14.588
33.297,14.816
34.398,13.081
33.229,13.897
32.669,13.793
33.549,14.467
32.636,14.524
32.611,15.491
31.046,15.466
31.276,14.580
31.953,14.140
32.070,15.344
30.765,15.095
32.174,15.269
29.690,15.316
28.907,14.375
28.311,12.450
28.006,11.274
29.421,11.059
29.663,11.521
30.676,13.586
32.582,13.147
31.945,15.832
30.654,15.708
28.956,15.016
30.128,14.653
29.497,13.646
28.168,12.188
27.098,11.620
26.923,11.094
27.792,12.006
27.136,16.778
28.189,13.760
27.945,13.936
28.101,12.536
28.935,13.785
29.661,12.905
31.922,12.242
32.075,12.770
32.383,12.682
31.824,13.237
29.753,15.644
28.383,12.961
26.432,11.264
26.678,10.848
26.533,10.193
28.178,11.008
28.593,12.118
30.041,10.957
29.014,10.338
28.019,13.098
27.019,12.422
26.112,11.800
26.716,10.002
26.907,9.816
25.592,9.686
28.182,10.681
29.977,12.413
30.532,10.781
31.130,13.689
30.816,17.636
32.914,17.668
31.767,14.995
29.381,13.602
28.189,11.081
29.202,11.120
21.279,15.476
27.036,15.876
27.787,12.212
30.680,13.583
32.590,15.386
34.471,17.334
34.613,17.847
27.402,19.996
28.095,21.532
32.427,18.554
35.443,16.859
34.857,16.710
35.784,15.882
34.408,18.716
33.912,17.603
33.172,16.619
34.037,17.545
35.330,18.206
35.438,17.263
37.766,18.290
35.497,22.062
35.204,18.698
36.047,17.347
34.863,16.528
36.038,16.724
34.792,14.267
34.714,16.603
34.192,18.565
36.561,19.821
39.221,20.652
38.205,21.288
37.588,23.716
32.797,22.158
36.615,18.834
37.877,18.493
39.106,18.721
39.292,20.793
39.621,20.441
39.495,22.441
39.724,20.691
37.173,21.393
38.769,21.229
37.542,21.734
36.503,20.687
39.308,19.346
38.424,20.377
41.704,19.328
41.647,19.090
41.342,20.593
40.518,21.405
40.964,23.225
40.259,24.396
43.415,22.445
41.114,21.243
41.158,22.533
41.423,24.997
32.365,24.774
36.563,22.194
38.481,21.057
38.358,22.690
40.139,23.569
40.820,22.005
41.501,23.804
41.579,24.516
40.486,25.138
40.887,25.311
40.340,26.662
40.317,27.320
43.296,27.750
40.496,29.482
41.775,27.538
41.293,25.738
41.288,25.532
41.552,26.260
40.553,24.378
44.474,24.745
44.962,22.272
43.678,25.058
43.841,25.388
48.378,25.505
44.825,27.120
45.929,28.254
45.599,26.786
47.609,29.062
46.373,26.811
44.722,28.568
43.823,26.806
43.616,27.971
42.925,28.323
42.971,30.117
41.800,29.621
41.819,28.439
42.437,28.920
43.090,29.427
43.547,29.159
43.898,28.631
42.247,31.853
42.945,29.363
41.080,27.376
40.221,26.390
41.564,26.498
42.170,26.985
42.822,27.014
43.491,27.744
42.504,28.255
40.859,27.925
38.971,26.639
40.747,27.367
41.141,28.315
40.813,28.675
41.521,29.040
41.188,28.034
41.622,27.299
42.854,27.518
41.547,28.198
42.515,27.861
41.462,27.068
41.490,27.507
42.804,28.399
43.312,28.649
44.549,28.510
45.520,29.391
44.323,30.468
42.115,28.734
34.792,30.005
41.817,27.584
39.768,28.502
37.816,28.054
38.805,27.041
36.840,26.966
39.062,26.838
35.127,27.286
33.209,25.762
36.910,25.406
37.178,26.378
31.911,27.506
31.938,25.355
30.838,24.842
27.302,24.751
28.109,24.238
27.437,24.357
32.365,24.425
35.123,24.550
35.751,24.638
35.441,26.429
37.761,26.215
37.153,26.098
34.467,26.034
35.668,25.732
37.823,26.081
37.541,25.449
36.315,26.577
38.137,26.527
36.271,26.335
36.208,26.138
30.346,26.532
30.754,25.867
35.431,25.544
27.323,24.416
27.800,23.517
25.806,24.233
32.012,23.410
27.865,24.714
27.854,24.527
28.506,24.893
27.994,25.175
27.829,24.748
31.290,24.847
35.766,24.758
33.875,24.920
37.445,23.831
38.759,23.718
40.443,25.362
38.629,25.978
33.298,25.219
33.213,23.784
27.116,23.430
27.189,23.695
27.871,23.543
28.713,23.694
29.963,23.912
27.545,23.784
28.118,23.605
27.154,23.917
26.011,24.012
26.523,23.695
27.870,23.965
24.941,22.173
25.323,22.577
27.529,22.812
26.429,23.035
28.155,23.185
26.997,22.702
31.414,22.179
31.991,23.233
28.189,24.023
28.523,22.315
29.396,21.992
30.764,21.491
31.879,21.962
30.123,23.143
24.828,22.843
26.407,22.792
27.640,23.629
28.545,24.432
28.481,24.352
26.455,23.720
27.569,23.658
31.881,23.177
29.126,22.899
30.401,21.889
29.422,21.618
31.559,21.294
31.027,21.365
33.016,23.027
33.639,21.259
35.152,20.032
35.515,19.551
33.613,20.727
33.200,20.646
34.582,22.790
37.539,22.490
38.745,22.171
38.722,22.856
37.752,21.953
36.667,22.832
36.838,22.780
36.382,22.500
36.163,23.574
38.461,22.053
39.741,24.911
40.106,23.499
33.526,21.739
40.793,20.397
41.611,24.278
39.154,22.600
41.499,20.695
41.010,21.056
40.991,19.689
40.163,22.922
38.339,22.227
38.264,21.431
37.367,21.893
37.697,20.089
37.159,20.234
36.839,21.075
37.120,19.425
36.084,20.009
35.435,22.202
36.452,19.021
37.794,21.711
37.428,19.213
37.410,20.513
36.497,21.848
39.711,19.784
38.185,20.207
36.620,17.841
35.925,19.526
34.946,18.790
35.227,15.900
34.870,15.268
35.045,16.435
36.338,15.327
38.164,15.363
37.658,16.198
37.338,16.487
34.879,17.364
35.377,16.706
36.743,17.565
34.592,21.073
33.726,19.751
33.560,20.083
32.645,18.863
33.686,18.859
31.720,18.209
33.048,19.643
32.003,16.501
34.636,17.246
33.623,15.127
35.474,15.332
32.579,15.994
33.501,14.863
33.008,15.513
34.614,13.520
33.829,14.525
33.483,14.508
33.451,15.614
33.785,15.567
34.814,16.080
34.915,15.255
34.264,15.130
34.370,14.948
32.836,14.892
33.054,14.569
31.320,14.272
31.167,15.584
32.808,16.400
32.376,13.946
31.809,14.068
32.541,15.449
33.195,19.461
33.782,19.615
33.978,17.528
32.060,15.167
32.596,14.192
31.955,14.000
33.889,15.428
32.840,16.173
32.848,16.880
33.094,16.550
33.434,15.181
33.360,14.945
31.919,15.299
32.112,15.575
31.946,16.139
30.944,14.119
31.791,15.190
29.371,13.040
29.716,14.117
28.595,12.057
30.470,12.896
28.515,14.029
28.119,11.936
28.398,14.922
25.651,16.233
24.436,9.166
25.644,10.117
27.974,13.869
29.561,15.328
29.639,14.823
30.770,15.031
28.143,18.233
31.108,14.909
28.612,17.968
28.267,18.561
30.052,15.543
30.524,16.989
31.062,16.753
30.220,15.138
30.505,12.790
28.482,11.709
27.816,11.438
28.875,11.728
29.722,12.255
27.050,15.851
32.825,16.819
32.529,16.961
33.277,14.107
32.089,15.534
33.461,14.051
33.437,17.557
30.560,18.508
32.826,16.922
31.466,14.693
31.092,13.171
32.949,17.681
28.241,16.515
28.864,16.280
31.203,17.318
30.647,14.983
32.984,16.794
32.256,15.831
33.787,15.378
32.425,12.797
31.437,12.790
32.420,15.628
34.269,16.695
33.921,17.175
34.138,16.756
32.808,16.238
33.805,16.865
35.171,17.872
32.814,17.629
30.340,20.482
29.760,18.673
31.242,14.999
33.776,16.979
34.873,16.796
34.445,17.802
34.692,17.995
35.619,17.295
35.872,18.566
36.139,19.424
36.695,20.501
36.533,22.008
36.871,20.071
33.348,20.010
30.906,13.039
32.150,12.815
35.854,14.282
36.330,15.768
35.491,16.484
36.664,15.220
36.407,18.864
37.677,18.026
35.052,17.988
36.359,17.114
37.217,18.182
37.455,17.415
36.177,18.995
38.974,19.258
36.751,20.718
35.928,20.107
40.033,18.995
39.620,19.742
39.283,20.760
41.845,22.952
41.529,23.223
42.070,22.222
43.284,22.615
40.740,23.387
43.173,20.656
38.975,22.588
37.223,22.812
41.054,22.415
42.279,23.913
40.842,23.548
39.536,24.216
38.844,23.797
40.272,21.769
43.442,21.394
37.536,27.246
42.095,22.967
44.662,23.588
42.392,26.030
42.488,26.898
39.930,30.033
39.416,25.172
39.865,23.084
40.252,23.603
39.859,23.489
40.554,25.590
41.032,25.283
39.053,25.080
38.950,22.000
41.197,22.742
42.821,24.566
44.216,25.374
42.531,26.096
42.249,25.198
38.206,25.947
41.410,25.062
44.946,25.125
47.963,24.812
45.182,27.449
44.637,25.900
42.452,26.608
40.714,25.271
39.585,24.862
39.560,22.997
40.292,23.887
40.087,24.594
42.547,25.181
45.378,24.813
47.275,24.563
45.522,25.084
44.478,26.936
44.186,28.337
44.250,29.079
44.679,27.043
43.617,28.091
43.105,29.283
41.622,27.610
41.074,27.127
41.647,27.044
42.175,27.974
40.096,28.256
39.919,26.918
41.775,27.708
41.271,28.398
39.674,27.074
40.111,27.944
41.168,28.174
42.610,27.478
42.857,29.405
43.441,29.109
42.147,27.954
43.025,28.377
42.057,30.911
43.553,29.570
42.459,27.998
41.099,27.956
40.812,27.993
41.046,28.459
41.825,28.497
41.851,28.355
40.452,27.931
41.868,27.699
40.814,28.142
32.979,28.096
39.616,28.159
38.129,26.646
30.000,25.980
34.634,25.978
29.931,25.292
30.282,24.770
32.351,25.190
33.922,25.932
32.436,25.416
32.302,25.547
29.833,24.973
30.761,24.406
31.675,24.298
31.240,24.954
30.855,25.055
31.862,24.736
34.380,24.807
35.516,25.898
35.661,25.627
30.551,25.679
30.883,25.205
29.302,24.068
30.787,24.141
30.288,24.411
29.600,24.713
30.674,24.065
30.689,24.702
30.098,24.476
32.097,23.790
32.353,24.445
33.279,24.522
29.192,24.498
32.042,23.857
32.035,24.320
31.563,24.110
30.241,24.889
28.784,25.113
31.038,24.518
30.438,24.483
28.566,24.525
27.435,24.149
26.720,23.864
26.657,23.607
27.901,23.931
28.233,23.670
28.018,23.593
29.188,22.748
29.339,24.065
29.103,23.542
26.784,23.090
28.259,23.151
29.576,23.495
34.611,23.212
32.356,23.604
33.399,24.119
28.067,24.504
28.394,23.518
29.056,23.830
30.356,23.068
27.335,22.884
31.036,23.625
32.174,23.385
26.461,23.680
29.473,23.484
30.214,23.724
29.578,23.856
31.532,23.103
32.143,22.803
33.878,23.859
32.290,24.913
26.165,24.307
26.833,22.939
25.140,22.461
28.843,23.021
28.775,23.568
29.045,22.716
25.106,23.528
27.011,22.835
25.433,22.879
29.468,22.151
27.389,22.786
28.155,23.504
30.114,22.752
30.231,22.719
28.667,22.856
31.459,23.294
25.670,22.498
30.682,22.165
31.863,23.335
31.998,22.510
32.717,21.857
32.002,22.099
30.013,23.231
25.554,22.676
31.540,22.099
29.583,23.197
31.535,22.623
31.705,23.070
30.858,22.820
30.492,23.450
29.906,23.177
30.158,22.958
31.526,22.065
31.952,23.310
31.470,22.515
30.390,23.720
29.110,22.679
30.674,20.481
31.628,21.587
32.802,19.780
33.132,22.565
32.003,19.430
31.451,17.369
32.136,19.100
33.174,21.551
32.802,21.026
35.055,20.892
34.961,20.862
35.908,19.550
36.363,17.202
35.915,17.484
34.983,17.990
33.380,19.060
33.667,16.124
33.054,16.888
33.663,17.196
37.551,18.047
35.112,18.603
33.999,16.475
33.674,16.922
33.896,16.434
33.617,14.159
34.682,16.014
34.162,15.294
32.970,17.190
32.252,18.011
34.070,19.553
35.749,21.015
35.612,21.855
36.122,20.186
35.893,18.611
34.830,21.687
32.748,21.237
33.811,19.266
33.404,23.549
32.906,22.754
33.654,18.279
33.494,16.924
35.847,16.659
33.958,17.605
32.141,16.852
31.628,16.820
30.814,15.350
31.311,14.482
33.039,15.891
33.552,15.403
32.899,21.566
32.230,18.851
33.081,17.384
32.992,18.836
33.970,15.970
33.250,16.072
32.442,18.568
32.719,15.701
32.578,18.292
33.017,17.555
32.989,15.868
33.568,17.501
33.887,17.707
33.639,18.367
32.465,17.931
32.022,15.780
31.374,16.125
31.230,14.318
32.283,13.494
31.142,14.523
31.962,13.933
32.325,15.106
31.926,13.810
31.323,15.922
31.030,17.107
31.712,17.431
31.193,16.332
30.818,15.304
30.179,15.485
28.143,13.834
28.734,13.772
28.190,13.529
28.507,14.005
28.073,13.306
28.244,13.834
28.613,13.273
27.850,11.494
28.541,12.643
27.779,17.363
27.411,15.463
24.374,10.454
25.134,10.599
26.353,10.562
28.419,11.631
28.778,10.605
28.822,9.893
29.493,11.072
28.682,14.053
29.639,18.241
27.928,14.485
27.690,13.711
27.479,13.332
27.306,12.696
27.907,11.634
28.623,12.919
29.648,12.678
30.687,13.176
31.356,11.704
32.216,12.540
31.856,13.775
32.098,14.291
29.620,13.420
29.957,11.541
30.290,13.218
27.814,18.902
26.856,13.410
25.813,11.127
25.900,11.452
26.597,12.180
27.714,13.246
27.054,13.343
25.565,12.571
29.095,14.613
28.452,13.002
27.673,12.123
26.309,11.583
26.733,11.528
28.412,11.987
31.424,14.422
29.062,12.307
27.610,10.376
28.964,12.098
29.711,11.923
31.811,12.919
32.925,15.002
31.834,14.501
32.750,17.490
32.592,17.283
33.582,16.523
33.383,16.580
33.887,16.086
33.845,15.609
34.127,14.130
34.903,15.538
35.682,14.194
35.445,16.866
36.154,16.748
35.748,15.888
37.966,15.258
38.398,17.106
36.716,17.404
36.700,18.293
36.419,18.591
35.070,17.459
36.716,17.013
38.737,17.471
38.360,17.803
38.156,17.681
38.669,19.692
37.860,23.027
38.006,18.121
37.549,18.493
37.209,19.355
40.018,18.365
39.401,16.841
42.354,20.512
40.770,18.084
42.667,18.492
40.552,21.564
41.848,19.567
45.150,20.769
41.856,22.789
41.294,23.961
40.770,21.053
40.519,20.154
40.991,21.578
40.119,23.324
39.549,23.004
37.857,20.830
36.397,19.138
38.150,20.246
43.121,22.159
43.381,22.023
41.174,22.281
39.754,22.500
39.476,22.639
40.000,23.159
39.211,22.875
40.435,23.802
40.162,25.166
39.432,23.451
38.683,22.796
38.567,23.623
39.683,23.268
39.883,22.384
41.255,23.314
41.714,23.829
41.786,24.176
41.639,25.464
41.636,26.082
40.820,24.404
39.248,24.523
38.101,25.582
38.340,23.568
40.959,24.405
41.534,24.656
41.239,25.180
40.692,25.484
45.032,25.186
43.645,24.470
42.999,25.033
42.873,26.750
42.824,27.255
42.512,25.645
41.578,26.100
40.959,24.312
44.432,23.209
46.528,24.145
47.495,25.860
44.367,24.844
43.773,27.956
41.886,31.242
41.564,30.034
43.097,31.635
43.112,30.502
36.491,28.339
39.005,27.670
38.057,28.015
38.291,27.332
38.151,27.703
40.640,27.453
41.195,28.721
40.118,28.553
42.199,26.934
40.755,26.478
40.465,26.606
40.280,26.859
39.903,26.632
40.235,26.437
40.851,25.182
40.445,25.422
42.345,26.981
42.680,26.975
43.858,27.864
44.671,29.408
44.041,29.252
43.556,29.463
43.202,28.713
42.741,29.215
41.854,28.802
42.660,29.551
42.285,28.938
43.573,27.182
44.133,28.289
36.603,28.138
40.330,29.377
37.929,29.014
40.077,28.389
36.759,27.024
37.717,25.922
36.355,26.162
30.295,25.474
31.750,25.132
31.696,24.176
33.164,23.528
32.642,24.785
35.521,25.196
36.056,25.765
36.780,25.761
35.988,25.686
35.464,25.165
36.460,25.359
36.864,25.456
36.343,26.035
36.141,25.423
35.668,25.646
34.952,25.900
34.829,25.155
36.290,25.622
33.190,24.859
30.510,26.625
30.319,25.542
26.545,24.362
32.126,24.181
32.570,24.020
32.726,24.279
30.669,23.997
35.556,25.195
35.130,24.247
37.738,24.482
37.529,25.579
38.446,25.678
37.574,25.341
30.902,25.099
32.874,23.522
31.374,24.534
33.176,23.885
33.589,24.270
37.509,23.586
35.621,24.086
32.656,25.021
34.129,24.982
28.075,23.990
29.687,24.117
30.838,24.184
30.797,24.621
26.024,22.846
25.274,22.318
26.282,22.863
30.795,23.389
33.119,24.697
27.756,25.183
27.977,24.260
26.362,23.630
26.520,23.213
26.270,23.301
25.813,23.174
26.109,23.120
24.202,22.880
23.734,22.718
24.942,23.183
25.194,23.064
24.727,22.758
26.330,22.635
26.995,23.017
25.588,22.815
28.111,23.470
28.795,23.603
28.757,24.203
24.384,22.211
23.619,22.057
27.325,22.798
29.784,22.318
30.111,22.556
31.063,22.503
30.933,21.986
31.013,21.797
29.836,21.928
29.165,21.212
31.168,20.457
30.604,22.046
31.478,21.024
31.239,20.874
31.937,22.314
34.139,23.753
34.753,23.107
33.693,23.633
32.735,23.454
31.746,21.990
34.632,21.756
33.753,21.478
31.800,21.257
32.031,20.916
36.199,19.864
35.124,22.033
31.498,22.202
31.755,23.779
31.858,22.744
33.248,23.072
35.936,23.796
34.209,24.332
36.170,23.338
34.180,23.155
34.261,23.246
35.762,22.820
37.104,22.820
35.487,24.122
32.913,23.290
37.035,23.453
34.926,23.375
34.134,21.962
33.637,24.008
30.514,23.836
31.084,22.973
31.404,23.049
33.330,21.439
31.177,22.072
30.030,21.738
32.277,21.693
33.634,18.424
34.693,19.071
34.922,20.381
33.658,17.980
32.037,17.356
31.080,17.487
31.770,15.516
32.343,16.572
31.773,16.362
32.316,16.133
32.839,16.710
32.748,16.578
33.276,18.010
33.516,18.214
32.708,18.021
33.819,16.830
33.608,16.726
34.345,20.207
31.840,17.629
31.899,18.271
31.614,21.537
31.735,19.859
31.884,18.715
31.761,18.412
30.565,17.106
31.575,17.108
32.058,17.400
33.844,17.925
33.432,18.836
33.960,21.696
33.001,23.480
31.513,20.555
35.251,19.061
35.713,20.742
35.426,19.738
32.978,17.916
32.176,18.106
33.329,15.856
33.302,16.945
32.889,17.399
33.778,17.296
32.740,16.940
32.133,15.783
32.052,15.038
31.711,15.478
31.534,16.744
31.090,15.933
32.126,17.187
31.022,16.376
29.749,14.797
30.305,12.474
29.681,14.906
29.751,15.182
29.586,14.744
30.230,14.041
30.617,14.807
30.431,16.073
30.510,15.134
31.546,15.093
32.013,15.107
30.919,16.082
29.923,13.902
30.530,14.039
30.691,14.101
30.875,14.644
31.751,14.656
30.980,14.530
30.669,14.463
29.729,13.113
28.668,12.383
29.289,12.210
29.084,15.157
28.486,13.214
29.295,13.762
28.128,15.033
27.383,13.566
28.906,14.078
30.694,16.760
30.164,16.623
30.548,18.698
30.755,17.948
27.924,17.086
27.859,14.014
27.835,14.161
29.316,16.940
31.186,15.294
30.637,18.091
28.919,12.711
28.713,12.764
29.305,12.172
27.744,13.377
26.466,11.674
26.976,12.196
28.564,10.940
29.602,11.457
30.409,12.439
30.480,12.806
25.938,12.314
23.934,9.109
24.730,10.034
26.229,10.700
29.194,11.941
29.446,12.997
26.818,12.543
28.286,12.163
29.554,13.237
29.535,13.624
29.622,12.086
26.126,14.240
26.460,13.136
26.753,13.386
25.117,16.410
25.543,11.758
26.986,11.214
28.290,12.135
29.912,11.371
30.118,12.764
32.090,14.275
30.649,14.226
32.346,14.618
33.867,20.464
34.591,18.164
34.548,16.053
34.093,15.015
35.152,18.156
34.768,15.668
33.346,18.666
31.628,18.598
29.552,16.783
27.550,14.516
26.975,12.226
28.530,10.798
29.029,12.467
29.228,11.851
31.014,12.737
33.791,14.458
35.549,14.617
36.849,18.094
37.779,18.454
33.448,17.676
36.182,22.838
37.155,23.695
36.366,20.114
38.251,22.430
35.273,18.776
35.201,20.512
34.947,20.378
31.314,20.730
32.132,17.710
32.081,15.955
31.814,16.145
34.409,17.101
35.888,17.609
37.724,17.630
38.583,17.403
40.984,19.246
41.536,20.247
39.140,20.710
39.501,20.071
38.788,21.498
38.312,22.455
34.705,21.278
34.780,19.163
34.428,17.907
39.676,17.218
38.730,19.195
37.748,21.830
37.976,21.084
37.659,20.390
36.713,19.836
37.971,20.259
40.643,20.928
42.562,20.258
42.514,21.126
44.401,19.536
43.133,21.190
41.610,18.667
40.475,20.933
38.785,21.286
36.850,19.271
36.148,18.928
40.922,16.748
39.585,19.548
40.707,22.114
37.303,22.440
40.345,22.860
41.074,24.673
41.152,23.883
43.234,24.022
43.839,23.059
45.579,23.006
43.685,26.260
41.636,25.413
39.696,27.530
40.726,25.304
39.675,23.544
42.676,23.191
40.204,24.642
40.928,24.212
39.139,24.203
39.753,24.804
41.106,24.521
40.238,26.346
40.382,26.245
38.129,24.753
38.963,25.413
40.530,25.139
41.264,26.686
41.036,25.883
40.269,26.713
39.920,25.560
38.933,23.878
39.630,22.730
40.696,23.659
42.303,24.425
42.466,25.634
42.960,26.607
41.277,27.650
41.173,26.289
43.735,26.459
43.882,26.918
44.102,28.253
43.138,28.968
42.588,26.741
42.913,28.209
43.460,29.462
42.273,28.057
43.111,26.873
43.045,29.001
40.999,27.155
44.050,28.776
44.272,28.641
44.296,28.788
43.346,28.677
41.798,29.504
42.355,27.212
43.136,27.598
43.508,28.779
41.402,26.662
38.844,27.245
42.479,27.492
44.875,27.845
42.507,29.396
41.511,28.931
40.716,28.895
41.957,28.226
40.573,28.165
38.041,29.261
40.515,28.074
43.212,28.644
39.340,29.235
42.946,28.256
40.494,29.459
39.734,27.542
39.841,26.933
34.394,27.092
32.348,25.937
29.365,25.277
31.447,24.670
25.545,23.820
30.856,23.618
29.659,24.559
28.504,24.211
26.930,23.799
25.763,24.341
28.452,24.181
26.736,24.544
29.990,24.080
28.258,24.420
30.467,24.221
29.791,23.591
30.668,24.178
31.333,24.591
27.396,24.551
32.087,23.970
28.399,24.659
28.805,24.193
30.756,24.494
31.162,23.600
32.544,23.980
33.020,24.655
28.055,24.388
32.591,23.914
33.073,24.243
34.996,24.508
33.606,24.059
29.127,24.651
30.707,24.257
30.532,24.194
23.957,22.837
24.797,22.344
26.377,23.299
31.353,23.484
26.754,24.338
26.336,24.255
26.059,23.764
28.115,23.690
27.406,23.578
24.851,23.433
27.305,23.471
27.675,23.517
29.707,23.098
29.426,22.785
28.150,23.019
29.713,22.830
33.035,22.325
29.543,23.854
33.151,23.276
29.300,22.782
27.617,23.343
31.151,23.214
31.028,23.105
29.991,23.502
29.232,23.252
31.026,22.739
31.506,21.682
30.186,22.430
29.560,22.817
28.951,23.650
31.271,23.841
33.499,22.422
34.705,22.086
33.322,22.170
35.854,21.786
38.557,22.983
38.868,23.087
37.775,24.669
39.755,24.217
37.645,24.626
37.026,23.742
32.077,25.354
35.976,24.626
32.522,24.447
33.472,24.421
33.143,24.000
31.391,23.860
28.367,24.080
28.839,23.343
27.360,23.027
27.140,22.954
28.476,22.585
26.717,23.272
26.530,23.242
29.843,23.241
31.806,23.690
31.198,23.896
27.702,23.614
25.090,22.869
30.186,22.147
29.140,22.015
28.572,20.101
30.958,18.649
31.309,20.719
32.935,20.595
31.139,22.069
33.526,21.439
31.340,21.531
35.380,20.345
34.983,20.092
34.329,19.112
34.438,20.475
34.605,19.685
35.570,20.331
33.663,21.401
34.456,21.159
34.516,19.178
34.476,21.554
34.241,22.827
30.625,21.198
32.359,22.291
34.998,20.081
34.803,21.031
34.332,19.918
35.968,18.087
33.968,18.114
33.489,17.809
32.321,19.496
32.201,22.620
29.925,20.614
35.006,19.019
33.093,19.387
33.779,17.811
33.324,14.966
33.840,15.527
34.121,16.151
34.559,15.139
32.471,16.631
33.340,19.667
32.722,18.840
32.139,15.492
31.663,16.299
33.007,16.672
31.420,16.400
31.139,14.406
31.385,14.171
31.660,14.959
32.520,15.651
34.077,12.990
32.605,15.499
33.162,15.725
34.180,14.106
34.730,15.325
33.898,14.588
32.978,15.777
33.160,16.384
33.555,15.938
32.641,16.106
32.499,14.680
31.466,14.527
31.435,13.697
31.693,15.450
31.371,15.326
32.115,15.104
31.789,15.449
30.855,13.182
26.274,14.983
30.245,17.254
31.196,20.396
30.659,18.238
30.510,16.354
31.755,15.403
31.564,13.734
30.780,14.391
29.538,13.798
29.577,13.958
28.310,13.179
28.333,13.135
29.149,13.132
29.053,12.814
28.737,12.932
28.530,12.976
27.823,12.547
27.994,12.654
27.659,12.493
28.733,12.034
29.484,10.917
30.092,13.161
27.562,13.114
26.400,12.836
25.508,11.565
26.058,10.466
28.297,10.628
30.053,10.410
29.159,11.171
28.728,10.905
29.096,11.240
29.419,13.335
29.408,13.893
29.549,12.479
28.621,14.049
28.632,14.664
28.699,14.937
28.333,14.840
28.918,12.821
30.049,12.694
31.604,12.433
31.034,13.805
31.399,11.807
31.552,13.419
31.390,14.401
31.598,14.282
32.883,15.275
32.923,15.410
32.716,15.157
30.761,15.745
30.713,15.280
30.220,14.059
29.946,14.005
26.340,11.066
26.772,11.275
26.284,11.611
27.507,11.166
28.643,12.022
30.147,12.815
31.095,13.250
32.462,15.234
33.376,15.150
33.524,15.503
33.776,17.068
34.491,17.246
33.145,17.124
33.768,14.341
33.895,14.284
32.878,13.769
33.406,13.041
33.010,13.395
34.671,14.468
34.735,15.978
35.073,16.595
35.405,17.750
36.737,16.926
34.782,18.121
34.232,17.531
34.902,16.402
38.269,18.472
38.478,17.522
39.235,20.496
38.252,18.181
39.751,20.899
40.058,19.812
40.345,20.937
38.237,18.846
37.892,23.618
38.333,21.592
34.210,23.578
34.183,21.821
33.373,22.453
34.665,18.898
33.418,20.027
34.766,14.772
36.977,17.650
36.410,18.213
34.821,18.411
24.856,18.662
27.419,17.113
26.957,15.716
30.924,17.251
31.574,15.806
29.918,20.783
30.221,21.056
31.279,20.640
33.603,19.296
32.315,19.363
35.772,22.353
36.653,21.144
39.469,21.535
35.881,19.591
39.181,18.925
38.322,20.653
38.070,20.223
36.080,21.118
37.486,17.344
38.478,18.189
40.814,20.880
38.599,20.154
39.473,18.500
38.669,21.090
38.322,22.154
38.430,21.328
38.614,21.508
39.766,22.244
40.675,23.571
40.432,23.773
40.165,21.982
39.750,21.956
40.294,22.660
39.984,21.783
39.044,21.526
40.555,21.370
40.732,22.429
42.614,23.617
40.002,23.974
37.551,22.736
37.727,21.407
39.280,20.746
41.438,23.450
44.430,24.660
42.149,25.085
40.164,26.238
39.403,23.894
43.586,23.858
42.595,25.254
41.705,24.389
41.961,25.633
41.748,25.273
42.157,25.813
42.525,26.184
42.889,27.409
43.115,27.909
45.466,26.269
49.370,26.902
44.599,27.796
43.566,26.796
44.037,26.347
43.236,27.473
42.344,27.537
42.510,26.805
42.332,26.987
42.503,26.150
42.237,26.540
41.387,27.325
41.849,27.743
42.849,28.031
44.760,28.593
41.042,29.116
39.647,27.886
38.823,27.396
40.137,28.178
41.025,27.156
41.857,28.128
42.649,28.184
41.757,27.661
42.567,27.427
43.307,28.679
43.123,28.861
44.591,29.733
42.470,30.403
39.863,28.689
30.774,26.109
35.289,25.653
34.956,25.304
37.728,25.448
37.040,25.553
37.576,25.898
38.822,26.634
39.740,28.023
39.588,27.577
38.032,27.907
38.730,26.120
38.074,26.588
39.916,25.967
40.602,26.854
40.847,26.775
40.306,25.704
44.045,27.528
35.473,28.072
40.919,29.555
38.070,29.127
40.297,27.558
42.566,28.249
44.769,28.946
39.787,29.494
36.935,28.163
39.168,27.262
36.001,27.185
36.948,26.768
33.072,26.241
39.057,25.041
40.740,24.795
35.062,26.144
32.890,26.087
30.740,25.690
27.645,24.897
28.764,24.403
28.708,24.935
28.206,24.300
30.026,24.319
28.947,24.611
27.699,24.620
29.742,24.238
33.675,24.436
33.845,24.950
35.464,25.160
33.683,24.516
30.837,24.658
24.527,23.329
28.047,23.295
28.337,23.678
25.458,23.831
28.304,23.343
29.771,23.665
29.576,23.937
30.737,23.028
29.473,23.955
27.368,23.206
26.604,23.737
26.908,24.076
25.411,22.930
23.818,22.384
26.417,22.632
29.106,22.977
25.843,23.481
28.539,23.492
29.059,23.686
25.556,23.495
26.233,22.917
26.498,23.328
24.427,23.394
23.968,23.016
25.811,23.155
29.378,23.541
28.757,23.021
29.005,22.917
28.289,24.046
28.098,23.458
25.369,22.922
25.173,22.516
27.223,23.254
26.098,23.292
26.033,22.841
29.126,22.793
29.235,22.351
25.125,22.076
26.004,21.960
29.447,22.297
26.840,22.968
26.267,22.556
30.700,22.131
23.998,22.124
23.759,21.888
28.044,21.656
28.226,22.420
30.304,23.578
31.451,22.522
27.173,23.453
29.373,22.289
30.540,20.289
33.733,20.621
34.115,22.496
32.725,22.886
31.575,22.136
33.330,20.942
34.808,22.021
31.306,23.655
30.865,23.712
32.324,23.540
31.825,22.557
32.001,22.715
31.681,23.883
30.412,24.589
29.662,23.998
31.090,23.404
30.705,22.840
31.185,22.933
31.784,23.276
31.349,23.350
34.790,23.152
31.935,23.246
33.177,23.446
32.517,22.989
32.652,23.161
34.111,22.903
35.666,21.005
35.092,21.744
34.456,22.520
33.471,20.747
35.340,17.443
33.939,18.580
35.812,17.000
36.695,17.590
35.613,20.494
34.005,16.496
35.603,18.814
36.830,24.404
37.330,21.305
36.358,19.391
38.472,19.921
36.692,19.644
34.690,21.204
37.541,20.008
37.716,20.354
36.709,20.511
33.972,20.341
34.444,19.259
33.918,18.701
34.906,19.532
33.316,18.747
32.619,19.571
32.970,20.293
32.523,21.922
33.141,21.386
32.583,20.376
32.433,18.869
33.207,21.626
35.263,20.754
31.479,21.522
35.689,18.054
29.324,19.359
32.104,16.138
32.623,16.522
31.178,17.070
31.739,17.137
32.431,16.790
31.568,17.561
31.093,17.546
31.327,17.426
31.412,16.410
31.563,16.470
31.618,15.186
31.714,13.331
31.349,16.299
28.428,18.807
33.333,15.003
33.216,16.519
31.161,17.191
32.427,16.690
30.546,15.591
31.844,15.427
30.541,18.573
33.610,19.050
25.863,18.840
31.426,19.137
32.353,18.979
32.289,19.695
31.452,16.295
31.845,18.056
31.432,18.161
31.128,16.506
30.704,14.751
30.421,13.124
30.069,13.702
28.981,14.427
30.083,15.023
31.904,15.771
32.516,15.222
31.612,16.037
30.682,16.378
30.037,14.862
29.962,14.613
29.625,14.339
29.275,13.551
29.639,14.913
29.898,15.352
30.081,15.763
29.812,16.108
30.915,16.560
31.438,19.794
29.045,15.878
29.839,15.526
30.438,15.031
29.990,13.723
28.546,13.494
28.236,12.607
29.470,13.173
29.277,13.548
29.112,12.280
28.808,14.567
28.050,13.575
28.767,13.739
30.037,13.734
29.748,12.602
29.368,14.430
29.440,14.141
29.769,14.293
28.949,13.385
30.213,11.727
29.988,11.952
28.176,13.036
29.111,13.415
31.191,13.018
30.674,12.405
29.406,13.243
29.981,13.731
30.226,14.843
31.073,15.579
31.958,15.964
33.049,16.021
33.057,15.357
33.024,14.504
33.176,22.543
30.260,17.827
34.532,19.136
33.358,18.129
33.015,17.051
33.427,17.312
31.780,16.762
33.832,14.985
31.784,16.368
31.812,16.462
32.831,14.698
33.322,17.169
28.918,18.722
31.789,18.646
30.149,16.048
25.498,15.874
27.949,16.456
28.828,13.791
29.798,15.047
30.197,16.031
31.137,14.987
33.382,16.542
34.138,17.684
33.695,18.565
35.013,16.996
35.231,16.309
34.762,19.137
33.253,22.245
33.286,16.721
34.609,14.910
34.159,17.525
32.222,17.953
34.637,18.371
32.969,16.919
36.879,16.802
36.895,18.710
36.641,17.280
35.819,18.257
34.703,16.190
34.223,16.991
34.718,19.346
36.293,16.715
33.379,22.674
31.308,20.627
34.272,19.100
33.703,17.159
37.001,18.068
37.974,17.217
40.660,17.927
39.984,21.795
37.963,23.659
37.619,23.214
37.141,20.656
38.937,22.070
40.356,20.644
37.798,21.005
42.052,20.093
43.131,21.419
43.294,20.488
42.367,19.169
44.455,21.335
43.406,23.643
41.229,25.748
40.888,24.500
41.593,22.764
42.934,21.528
44.256,22.100
43.923,22.158
42.489,24.845
40.097,25.006
40.378,23.521
41.126,22.729
41.185,23.698
41.289,24.415
41.142,23.341
42.242,22.975
44.198,27.881
44.245,27.167
43.593,27.001
43.162,25.382
41.124,25.399
46.179,25.897
40.410,26.324
40.268,24.796
39.890,24.718
40.757,23.863
42.378,25.124
42.716,26.007
43.659,26.564
47.053,28.255
40.835,30.039
45.382,30.828
45.601,29.959
45.552,30.948
43.951,29.057
41.467,29.193
45.369,26.503
43.871,28.497
43.260,29.211
42.675,27.152
43.010,25.615
43.106,26.889
42.607,26.602
42.005,26.688
41.481,26.723
41.487,26.915
40.484,26.829
40.982,26.610
42.532,27.509
42.432,27.209
41.578,27.097
40.244,27.160
36.848,26.089
40.279,26.238
40.355,26.288
41.011,26.258
40.200,27.253
40.929,26.627
42.126,26.741
35.604,26.996
41.463,26.114
40.670,27.488
47.381,27.736
43.476,31.272
41.464,29.861
35.085,28.466
38.160,27.640
38.717,28.801
39.378,27.589
41.012,28.682
42.706,29.415
42.699,29.775
41.270,29.563
41.101,28.287
41.940,28.430
42.277,29.106
38.872,28.543
33.828,28.284
35.238,27.318
39.450,28.281
38.457,27.669
39.378,27.094
34.887,27.728
37.342,26.675
39.322,28.510
36.480,28.966
29.852,26.794
29.419,25.355
31.005,24.432
30.963,25.117
32.592,24.843
33.723,25.412
30.774,25.723
31.951,25.373
26.920,24.114
25.666,23.856
26.611,23.469
27.357,23.874
25.908,24.117
24.565,23.447
24.605,23.674
24.847,22.728
24.346,22.330
24.137,22.858
30.178,23.018
30.831,24.133
29.429,24.613
28.481,24.301
29.942,23.958
30.446,24.100
32.647,23.694
33.585,23.887
31.857,23.326
31.973,23.206
34.063,23.773
37.398,23.905
33.531,25.552
31.539,25.309
31.834,23.953
32.016,25.164
31.124,24.562
31.326,24.115
30.313,23.770
32.369,24.010
31.245,23.797
29.969,23.897
28.825,24.244
28.020,23.680
27.869,23.666
28.649,23.836
26.999,23.275
26.120,22.854
26.184,22.588
28.558,23.885
27.531,23.120
28.486,22.824
26.618,23.516
25.916,23.161
28.546,23.515
27.827,23.598
27.123,23.761
28.584,22.928
30.782,22.626
30.488,22.948
25.007,23.254
29.566,22.622
29.704,21.573
30.970,22.044
32.069,23.123
34.383,23.431
31.474,24.448
32.061,24.157
26.385,23.402
28.371,22.654
29.390,22.697
31.379,22.929
31.143,23.238
29.991,23.883
30.670,23.488
30.114,23.693
26.799,24.135
27.255,23.221
30.009,22.687
30.388,21.654
30.436,21.440
31.946,20.876
31.809,20.415
30.446,21.892
31.832,21.649
31.699,21.273
32.628,21.587
35.021,21.715
33.739,23.835
31.954,24.203
30.328,24.396
31.767,24.079
30.480,24.924
27.797,24.267
32.137,22.899
30.981,22.230
30.082,23.060
29.844,22.426
30.466,22.521
33.101,22.025
31.308,21.059
35.352,22.070
33.197,20.489
35.904,20.412
32.610,19.772
32.697,20.116
33.655,19.725
33.636,20.203
35.365,18.281
36.245,18.310
36.355,18.439
35.355,19.116
30.818,20.581
35.115,18.611
35.294,18.042
35.502,16.065
36.930,15.960
37.052,15.786
34.842,15.833
34.370,15.868
34.706,14.725
36.020,14.550
35.238,15.599
34.144,15.808
34.279,16.311
33.939,18.302
33.603,18.409
34.023,17.635
34.942,18.623
34.512,18.546
33.328,17.818
34.096,18.688
34.862,22.610
34.801,22.810
35.341,23.197
34.617,22.173
36.799,24.458
37.403,19.171
37.073,18.216
36.984,18.597
35.276,18.960
33.289,20.373
34.062,18.565
34.949,19.663
34.230,19.003
34.859,17.010
32.975,17.746
32.869,16.436
31.599,15.089
31.685,14.958
31.018,16.621
30.797,15.587
31.028,12.965
31.277,13.856
32.345,13.035
31.294,13.714
31.063,13.939
31.288,15.350
30.919,14.274
31.170,12.203
31.246,14.376
30.801,16.204
30.033,16.289
25.047,16.831
29.832,17.861
29.084,15.181
28.746,15.197
28.756,15.889
29.343,15.424
28.162,13.945
28.932,14.132
30.582,16.674
29.922,15.919
29.257,16.613
23.941,15.858
29.089,15.465
20.116,16.244
29.667,14.871
28.504,14.788
28.799,14.115
28.753,13.891
30.858,15.286
32.473,16.320
32.579,16.699
32.548,14.453
32.301,14.889
31.988,16.652
31.452,15.932
31.527,15.895
30.156,14.317
29.672,12.853
30.480,13.471
30.952,14.700
30.132,11.462
29.331,10.502
28.860,13.161
30.112,15.440
30.695,15.704
30.920,13.482
30.991,15.807
29.870,15.052
31.589,13.050
30.966,14.430
28.539,14.187
30.668,14.801
29.985,14.641
30.744,15.382
30.997,14.787
32.086,14.541
31.586,14.616
30.508,14.961
27.746,11.349
29.394,11.733
27.523,11.902
27.740,12.035
26.491,8.512
25.610,10.372
26.728,9.564
24.007,8.977
25.001,9.483
26.661,9.963
29.021,11.289
25.161,13.866
25.805,9.927
25.530,10.408
27.653,10.042
24.387,14.844
24.963,8.226
24.721,7.511
25.216,8.287
25.570,8.715
25.180,10.579
25.397,9.784
27.138,8.746
28.194,12.184
29.123,12.556
29.360,12.249
31.243,13.925
32.780,15.116
33.678,15.891
33.359,13.768
35.724,13.921
35.604,16.289
33.624,14.974
34.619,15.119
34.168,14.614
34.226,15.067
32.886,15.696
34.215,13.377
35.186,15.440
34.699,14.993
35.551,15.277
37.388,15.517
36.684,14.672
36.434,17.535
36.014,16.199
36.188,15.830
36.465,16.696
40.318,18.161
39.716,19.056
37.813,19.587
39.736,17.556
37.385,20.960
38.167,20.623
37.409,23.170
37.737,21.842
38.725,23.717
39.079,19.914
40.253,18.834
39.394,18.173
39.997,19.259
38.508,20.801
38.111,19.235
39.217,18.410
39.916,17.952
39.577,23.017
40.187,24.049
39.297,23.086
41.063,21.274
42.355,21.843
43.785,22.259
39.970,21.918
41.867,22.302
36.757,24.755
36.463,20.174
37.254,20.996
35.622,20.378
36.225,18.236
36.177,19.860
40.599,22.146
35.515,23.151
39.833,22.439
41.626,19.645
44.737,21.272
44.377,23.776
42.601,24.673
41.251,24.566
40.768,24.526
42.032,23.537
40.374,22.966
41.377,23.737
41.650,23.609
41.500,23.109
42.029,23.057
41.463,25.267
42.663,25.592
43.763,26.946
48.391,25.914
44.585,26.726
44.032,26.980
42.673,27.039
43.268,25.549
42.091,26.132
42.346,26.420
42.249,26.752
40.604,24.654
41.485,25.392
40.904,24.752
40.675,25.088
38.798,25.048
39.835,25.562
40.978,26.866
40.637,26.826
39.858,26.111
39.579,26.366
40.722,25.985
41.776,25.633
41.926,27.325
41.202,27.212
40.262,26.838
40.352,26.445
40.444,25.631
40.670,25.477
40.552,26.159
39.437,25.872
40.261,26.624
41.296,26.917
42.152,27.785
42.591,26.261
42.322,27.054
41.983,28.731
41.694,28.426
42.210,28.196
41.102,28.114
41.254,28.132
41.220,27.579
41.268,28.561
41.598,29.307
40.460,27.417
38.980,28.294
33.775,27.692
35.650,26.015
38.234,26.486
29.445,25.032
31.111,25.168
33.156,24.513
31.169,24.972
32.161,24.555
32.486,25.394
28.082,24.900
32.511,25.080
28.214,24.908
35.080,24.210
33.153,25.892
27.292,25.241
31.091,24.496
36.786,25.493
36.600,26.096
36.825,26.621
30.461,26.135
28.278,25.167
27.312,24.188
31.209,23.567
28.669,24.696
28.436,24.459
29.997,24.171
29.674,24.090
29.600,23.823
28.720,24.539
29.508,24.299
33.376,24.871
31.483,24.741
32.147,24.234
26.722,24.284
25.242,23.857
24.287,22.782
28.772,22.689
28.314,23.154
30.829,24.212
31.353,23.994
32.824,24.233
34.247,23.792
32.610,24.589
30.491,24.727
32.652,23.857
34.523,24.528
35.903,24.573
36.215,24.128
35.455,25.050
33.883,25.382
26.114,24.317
25.366,23.586
28.435,23.053
30.636,23.455
30.660,23.360
30.555,23.226
31.030,23.199
29.501,23.613
30.237,23.700
29.479,24.332
27.658,24.327
27.949,24.373
28.760,23.282
26.314,23.213
26.611,23.460
27.214,23.351
29.667,23.640
26.446,24.013
26.985,23.310
26.156,23.918
28.545,23.458
28.189,23.452
30.270,23.046
28.107,22.774
27.693,22.728
31.631,22.440
31.604,21.569
31.353,20.838
32.436,21.191
34.655,22.841
27.822,23.871
29.149,23.187
26.131,22.452
31.240,22.751
32.508,21.819
33.233,20.688
33.770,21.534
37.245,22.454
36.373,23.572
40.168,23.822
33.514,25.258
31.710,24.397
31.620,23.529
29.065,22.636
29.881,23.527
32.107,22.954
32.456,23.643
31.439,23.725
32.175,24.048
31.266,24.000
29.804,23.393
26.936,22.796
29.831,22.118
28.992,23.391
26.718,23.656
27.686,23.710
30.415,23.648
30.580,23.582
31.256,21.856
31.479,21.254
33.361,20.251
32.390,22.639
32.574,20.715
32.658,19.470
32.331,19.722
32.757,19.008
33.599,17.949
36.476,19.950
35.862,23.949
39.272,25.241
38.403,23.118
38.880,24.373
38.746,21.486
35.214,22.216
34.560,22.034
37.724,20.799
38.078,21.453
37.349,20.685
37.180,19.953
39.202,18.775
38.235,20.617
36.728,20.214
36.382,21.151
36.178,22.258
35.891,21.903
35.742,20.135
35.178,18.956
35.523,18.487
35.384,19.312
35.100,19.137
35.526,18.950
35.973,17.714
36.988,16.703
35.688,15.640
36.321,19.045
36.745,18.676
37.514,18.441
37.366,20.018
37.383,17.167
36.433,16.460
37.353,15.931
35.392,17.522
35.700,16.444
36.089,16.054
34.597,18.960
34.344,17.441
34.199,16.331
33.238,16.753
32.729,17.742
33.140,16.845
33.130,19.291
33.645,20.494
33.044,18.113
31.992,17.967
30.488,23.091
32.986,21.092
31.509,22.092
32.447,22.551
31.720,20.465
31.724,16.656
31.611,15.956
30.899,15.125
30.470,14.729
31.127,14.416
30.696,15.090
29.472,16.002
31.411,16.529
23.298,19.663
29.491,19.819
32.677,18.820
32.927,18.640
33.753,18.207
33.306,19.118
33.144,18.693
32.768,18.100
32.102,17.274
32.732,17.907
33.608,17.300
33.767,17.961
32.276,16.928
32.740,19.267
32.754,18.021
31.980,18.544
31.636,18.450
31.964,19.183
32.729,18.831
30.952,17.930
26.337,18.442
27.055,16.310
23.249,16.492
31.447,14.659
29.719,13.835
30.550,12.819
30.363,11.210
29.242,10.892
28.463,9.884
29.462,10.239
30.052,10.227
30.287,11.776
29.716,13.697
29.161,13.588
30.400,14.198
30.638,13.844
28.893,13.930
28.258,13.163
23.022,13.347
25.408,15.804
27.148,17.952
30.167,18.622
30.772,18.236
31.828,19.761
31.346,18.213
32.996,18.628
30.497,18.316
31.694,19.393
32.153,17.568
31.655,16.723
32.002,16.284
32.556,17.646
29.208,18.023
33.710,17.315
33.631,16.064
33.112,16.220
34.143,15.790
33.020,15.479
33.041,14.917
32.740,13.572
32.201,15.692
35.063,15.431
34.550,16.163
32.671,15.134
32.431,15.317
32.813,12.926
32.596,13.476
31.423,13.992
31.578,13.757
32.936,14.817
34.141,16.495
34.012,14.976
31.874,15.996
30.254,12.889
31.493,13.333
31.489,14.784
32.387,14.407
32.803,15.421
33.921,16.680
34.900,17.278
35.389,18.389
36.940,18.890
35.403,19.838
36.959,20.823
36.574,20.095
36.826,18.129
35.054,19.112
36.584,19.374
37.378,18.221
37.611,19.087
37.270,20.446
40.343,18.341
39.138,20.072
40.669,22.082
38.812,19.493
37.988,20.713
38.257,19.439
35.572,17.280
36.590,16.689
38.440,22.015
37.947,18.902
41.175,19.837
40.808,20.249
37.963,20.613
35.876,24.286
39.618,20.984
38.918,18.234
38.509,18.101
37.554,19.562
38.621,21.158
37.577,20.505
36.574,19.235
39.334,20.458
39.085,23.056
38.341,20.518
38.146,22.050
41.329,21.955
36.894,18.589
37.717,19.346
39.303,22.770
40.107,22.799
40.221,23.980
40.911,21.466
45.427,25.193
42.610,24.489
41.644,25.579
41.295,23.661
36.115,24.627
38.516,22.224
37.174,24.027
38.496,21.373
41.550,21.975
44.026,22.794
45.197,19.917
43.567,23.784
43.445,22.735
41.348,25.144
38.397,27.398
40.694,27.294
44.230,23.716
48.145,22.438
43.197,25.772
40.941,25.630
40.673,24.055
40.824,23.242
43.709,23.310
43.975,27.975
47.374,25.271
47.459,22.818
44.849,26.223
45.746,27.789
44.538,27.626
43.332,26.968
43.026,27.058
42.829,26.021
41.773,25.617
41.511,26.059
41.619,26.968
41.679,26.035
43.878,27.364
42.871,27.107
41.789,26.144
40.891,26.559
43.043,26.637
43.832,27.210
43.595,28.395
43.609,27.291
43.004,28.084
44.492,27.383
37.759,28.228
39.911,28.301
40.643,27.875
43.477,27.737
41.972,28.147
42.561,28.500
42.626,27.384
41.189,27.110
41.782,26.685
41.897,26.794
43.501,27.513
42.251,27.973
41.590,27.138
41.503,27.985
40.642,28.595
41.045,28.049
40.425,28.245
41.299,27.878
39.793,27.807
40.501,27.639
40.514,27.159
40.706,27.612
40.652,27.413
41.661,26.754
40.680,26.677
41.285,27.562
40.687,27.485
42.076,27.382
40.714,27.159
41.149,27.014
41.671,27.631
41.098,27.971
40.229,27.337
43.072,27.805
40.601,27.240
39.686,27.473
43.756,27.759
40.372,27.494
41.273,26.740
39.583,27.374
38.130,27.164
31.547,24.701
34.505,25.140
36.072,25.720
36.053,25.810
35.632,26.591
34.000,25.908
32.105,25.627
37.490,25.350
39.810,25.646
39.327,26.705
38.830,27.225
28.080,24.985
30.951,24.511
31.788,24.062
32.647,24.974
29.804,25.307
25.690,24.369
29.078,23.963
29.368,24.638
28.898,24.694
28.474,24.337
29.743,23.879
29.888,24.452
29.542,24.649
28.056,24.253
26.551,23.456
25.122,22.943
25.818,23.488
26.908,23.779
26.862,23.863
26.113,23.603
27.036,24.276
27.551,24.469
25.985,24.032
27.395,23.656
27.246,23.758
29.985,24.003
29.921,23.577
30.777,23.256
27.979,24.166
29.785,23.506
31.444,23.602
27.421,24.240
26.657,23.908
31.830,24.118
25.048,22.905
25.106,23.219
28.506,23.264
30.228,23.606
32.165,23.288
32.711,22.989
33.819,23.265
35.286,23.473
32.416,24.105
31.675,23.838
33.253,23.276
34.136,23.362
34.466,23.158
35.152,23.772
31.590,24.588
26.221,23.608
26.861,23.033
27.417,23.223
27.922,23.057
29.950,23.062
31.239,22.668
26.661,24.149
27.968,23.780
29.205,24.093
29.546,24.351
30.210,23.489
29.329,22.982
31.698,23.367
31.968,23.679
30.155,23.320
31.844,22.510
33.159,22.643
34.296,21.533
34.004,22.491
33.359,22.233
33.022,20.918
36.279,20.422
35.303,21.907
35.997,23.226
36.668,22.860
37.353,22.797
38.871,22.807
40.877,23.756
37.906,22.893
36.629,23.396
36.671,23.095
36.577,23.444
37.498,24.205
38.529,23.366
36.070,24.013
38.439,24.076
37.415,24.883
34.584,24.750
32.240,23.727
27.389,24.550
32.136,23.131
32.277,21.989
31.470,20.632
29.615,19.795
31.364,17.627
32.680,17.877
34.085,20.398
33.490,17.854
34.980,17.802
35.739,21.961
34.307,18.839
35.791,19.373
35.459,17.367
35.108,15.376
34.108,16.246
35.042,15.867
36.465,17.272
34.378,15.857
36.149,14.489
33.928,15.733
33.540,15.476
33.242,16.719
33.902,16.574
34.295,18.061
34.998,18.057
35.754,16.156
37.108,15.860
34.682,15.411
33.548,17.526
33.584,16.291
33.103,17.934
33.895,19.231
33.734,18.682
34.151,19.647
33.581,20.870
28.150,21.928
21.453,18.550
23.208,19.513
27.767,20.095
28.591,21.587
23.143,21.366
22.494,20.503
28.053,19.040
27.274,17.120
26.697,16.616
26.204,15.731
25.265,13.316
24.833,11.702
26.076,13.646
27.007,14.852
30.602,15.606
31.313,15.799
29.049,16.455
28.650,16.242
28.062,14.715
27.369,13.913
27.097,13.524
27.125,14.317
27.895,14.255
29.212,15.591
29.862,15.222
30.311,17.097
30.209,16.851
30.465,16.925
30.850,18.308
30.890,17.452
31.110,16.653
30.646,17.401
29.384,17.012
30.554,17.513
31.770,18.064
28.897,19.590
21.893,17.187
26.415,16.532
27.294,15.762
25.912,17.992
27.339,16.310
27.283,16.123
27.688,14.801
27.712,14.341
26.827,12.898
27.496,12.466
27.412,13.164
27.439,14.677
27.991,16.918
26.693,13.937
26.552,13.643
26.874,13.081
27.835,13.526
29.911,15.832
28.551,17.111
27.620,12.475
25.731,10.677
26.313,10.592
27.995,11.957
29.056,12.592
28.282,13.578
30.159,15.818
30.739,19.072
26.193,14.177
25.736,11.431
26.180,11.168
27.052,12.670
28.303,13.159
29.311,12.839
28.472,12.451
27.332,11.830
28.335,12.333
28.136,12.766
28.558,12.386
29.115,12.737
30.827,10.974
29.537,14.398
29.446,14.092
29.602,14.257
31.146,12.907
31.271,15.114
29.948,14.440
30.044,12.354
30.556,17.948
30.060,15.574
30.208,18.888
31.171,19.764
32.138,18.575
32.207,17.726
33.405,19.057
31.081,20.259
31.431,16.851
26.029,18.986
31.497,16.562
31.255,15.302
31.236,13.812
31.259,13.472
32.541,16.635
33.197,13.279
33.518,15.263
33.606,15.773
34.542,17.051
34.440,17.550
33.761,22.291
32.653,18.258
31.369,15.320
33.078,14.239
36.032,15.082
36.875,14.977
37.357,16.796
36.619,16.709
37.059,18.013
35.813,20.717
34.892,18.455
36.566,19.083
33.730,19.117
33.555,17.763
37.393,17.219
36.808,19.500
38.147,21.150
38.165,22.574
38.401,21.436
38.987,18.453
38.385,19.768
39.183,19.601
41.742,20.316
42.991,21.786
41.123,21.205
43.327,20.041
41.640,19.515
43.283,22.786
41.216,22.968
40.826,22.699
39.310,21.410
38.846,20.762
39.714,20.555
39.771,20.317
39.989,21.330
41.624,24.551
38.556,23.356
38.126,21.924
36.559,20.837
38.778,21.386
38.197,20.527
40.173,19.957
41.480,22.096
45.459,22.360
46.897,23.246
45.060,26.503
41.858,25.440
40.871,26.882
41.290,24.179
40.996,24.000
42.021,24.001
44.854,24.449
46.471,25.098
44.592,25.940
44.283,27.023
42.484,25.922
41.642,25.638
40.396,25.137
40.564,24.835
40.732,25.279
41.329,25.283
42.405,25.265
41.245,25.258
42.266,25.353
42.754,25.764
42.702,27.198
42.599,26.328
42.473,26.188
41.695,25.347
41.821,25.970
42.576,28.358
43.754,28.166
42.864,27.788
42.205,27.993
42.390,27.458
42.317,28.139
42.708,28.366
42.233,27.888
42.602,26.368
43.964,27.124
44.947,27.934
43.028,27.792
42.641,26.658
43.148,27.694
43.614,28.520
45.171,28.825
45.253,29.166
48.246,29.421
46.873,29.803
45.558,29.635
45.134,29.817
43.939,29.633
43.301,29.452
41.958,28.523
41.197,27.976
40.995,27.864
41.306,27.702
40.581,28.175
41.711,27.414
42.433,27.512
38.933,27.740
36.688,27.926
39.904,27.804
39.357,28.165
39.220,27.617
37.920,25.899
38.512,25.851
39.898,26.491
41.623,30.325
46.398,30.721
48.746,30.642
46.518,31.367
43.838,29.603
33.604,26.626
31.692,25.343
35.366,25.308
39.112,25.685
42.066,27.519
40.700,28.257
40.234,28.030
40.499,27.792
40.974,28.033
39.466,27.405
41.510,26.518
42.012,27.145
43.840,29.352
37.982,27.432
35.817,27.022
37.532,26.266
36.884,26.664
38.660,25.708
37.359,25.862
34.323,26.420
31.131,25.378
31.897,24.220
32.647,24.356
30.749,24.201
32.063,24.393
32.242,24.650
29.136,25.414
29.675,24.484
31.386,24.381
33.540,24.712
34.303,24.735
26.511,24.101
31.369,23.964
33.819,24.595
33.766,24.852
35.718,25.211
34.719,25.314
31.579,24.914
29.311,24.938
28.788,24.785
25.454,23.436
29.681,23.292
30.606,24.185
31.108,23.547
34.434,23.278
32.477,23.910
28.225,24.036
26.965,23.962
28.155,24.072
28.180,23.556
24.815,22.557
28.249,23.285
28.544,23.696
27.272,22.584
25.488,22.563
27.676,23.196
30.981,23.266
30.351,23.202
30.973,23.867
31.663,23.981
30.139,23.804
30.615,23.853
31.887,23.205
31.764,23.663
31.655,23.396
28.496,23.747
30.304,23.770
28.880,23.215
29.513,22.910
28.417,23.166
28.143,23.294
31.115,23.148
31.900,23.544
31.665,24.360
31.900,24.984
32.199,24.905
30.462,23.994
28.367,22.742
28.129,23.194
27.966,23.172
28.709,22.921
27.701,23.195
28.102,22.491
27.647,23.766
26.509,23.543
29.143,23.415
27.284,23.870
27.499,22.697
27.144,21.905
26.904,21.725
28.439,22.209
28.121,22.702
28.498,23.575
30.414,23.608
29.889,23.332
30.487,23.754
31.056,21.798
31.493,21.023
31.490,21.175
32.346,20.844
31.775,21.643
33.829,21.834
30.714,21.592
33.089,21.608
33.283,21.616
34.666,21.382
37.153,21.389
34.198,21.812
33.961,20.807
34.048,20.038
36.912,21.185
35.593,22.905
37.476,20.870
37.177,20.933
35.431,19.873
36.192,20.242
35.928,17.478
34.456,20.655
34.264,23.081
36.317,23.248
37.679,20.043
35.906,21.734
35.872,22.135
36.125,20.571
33.426,23.297
34.089,22.820
34.532,22.635
34.359,22.890
35.915,22.813
35.564,23.001
36.110,22.128
36.179,20.112
36.306,22.783
34.256,23.097
35.276,19.740
36.534,23.099
34.006,19.157
34.241,21.541
33.196,22.178
32.180,16.780
31.861,17.555
31.526,17.820
31.930,19.275
33.485,19.673
32.997,19.079
32.034,17.210
31.688,19.885
30.657,22.335
35.691,21.664
34.681,22.562
31.816,21.313
32.554,21.582
31.429,21.442
32.786,24.084
31.666,21.804
30.823,20.792
32.563,20.625
31.677,22.029
30.688,19.783
30.129,19.238
24.068,20.346
27.481,18.021
28.238,20.833
26.534,21.548
31.032,19.059
29.954,20.830
30.537,20.398
31.142,19.925
31.957,18.506
29.849,19.162
29.392,18.793
29.853,17.892
29.010,17.651
29.826,17.200
28.399,16.116
27.604,13.674
28.291,14.924
30.259,16.211
28.475,14.864
27.500,13.266
25.739,10.711
26.695,11.316
26.318,12.255
26.572,11.640
27.190,11.431
27.650,11.625
27.621,12.107
26.839,11.976
26.385,11.831
28.344,10.230
28.960,9.191
27.751,10.785
28.770,10.480
28.627,12.872
29.380,13.327
28.732,15.050
28.629,18.211
29.558,18.210
28.641,17.007
25.442,13.146
25.467,11.270
25.969,10.144
26.588,10.493
27.604,12.828
27.874,11.330
26.692,8.935
26.196,8.338
28.989,8.394
28.370,10.300
26.796,10.075
28.648,8.818
29.668,11.145
31.305,10.624
30.134,12.267
28.966,13.007
26.843,11.707
28.388,9.559
29.315,12.149
29.968,12.826
30.068,11.854
30.075,11.925
30.703,12.828
31.614,11.942
32.664,14.555
30.996,13.165
29.051,13.078
29.724,13.262
31.828,15.104
31.074,13.283
30.901,13.920
30.331,14.666
33.245,15.222
33.288,15.315
33.008,14.925
33.088,14.537
34.775,14.443
33.874,13.247
33.145,14.195
33.995,16.188
33.318,16.459
34.598,15.393
34.132,17.570
34.725,15.608
35.149,16.782
34.029,17.177
31.977,16.627
29.776,15.902
31.527,14.261
29.881,15.236
32.497,14.091
33.094,14.196
30.811,14.868
32.378,14.644
34.080,15.752
34.007,17.264
33.269,16.805
34.880,13.115
34.522,14.652
33.446,17.008
35.853,19.644
35.898,17.472
36.712,19.594
36.002,18.863
36.489,18.763
37.421,18.035
38.592,18.943
38.606,19.872
35.098,17.808
35.831,16.666
35.610,17.732
35.892,16.235
37.976,16.414
41.222,15.949
39.822,17.738
39.049,18.637
41.261,16.933
40.089,20.634
39.082,19.881
37.378,18.331
38.316,18.987
37.344,17.941
37.231,17.341
39.100,18.659
41.622,19.174
41.438,19.254
40.837,17.465
39.949,21.002
38.911,18.736
39.029,19.790
38.017,19.946
38.292,19.429
38.394,19.909
37.847,19.412
39.278,19.038
39.615,20.356
39.279,21.353
40.960,22.069
40.157,21.839
41.230,21.594
42.497,21.488
42.747,22.695
42.845,23.831
40.560,24.845
41.668,23.876
43.928,24.344
46.343,24.252
41.796,25.722
40.306,24.805
42.674,24.054
42.796,21.571
44.716,21.747
42.296,22.430
43.807,23.077
44.177,24.198
43.221,22.531
47.730,25.410
47.367,25.378
47.684,25.339
46.745,27.188
46.430,28.571
47.698,28.753
41.565,27.281
40.079,25.795
38.681,26.227
39.421,26.014
40.011,25.865
40.632,24.607
44.206,25.421
42.070,26.283
41.166,26.157
41.094,25.463
41.462,25.431
41.700,25.451
41.721,25.415
42.744,26.739
43.847,26.880
45.356,28.831
44.420,28.442
42.612,28.323
41.503,26.811
40.877,27.500
39.621,27.725
40.161,27.757
42.679,27.616
42.653,27.711
42.048,27.651
42.744,28.320
42.304,28.294
42.958,28.140
41.925,28.588
40.621,28.973
40.484,28.456
41.931,28.367
39.394,28.027
38.151,28.873
42.414,29.694
42.769,31.001
47.515,29.759
45.344,28.818
42.497,28.692
38.505,28.878
41.734,27.078
41.980,27.075
39.964,26.734
36.984,25.829
36.002,26.678
37.582,25.807
35.985,26.707
35.040,26.464
34.301,26.241
33.880,26.551
34.776,26.491
32.772,26.826
29.577,25.651
29.326,25.321
26.522,24.462
29.918,24.520
30.988,25.119
30.016,24.682
28.252,24.301
30.400,23.567
32.719,23.805
32.183,24.353
32.569,24.422
31.652,24.246
29.571,23.980
30.313,24.401
34.074,24.440
29.609,24.682
27.377,23.773
27.888,23.798
28.936,24.018
29.573,24.330
26.646,24.410
27.256,24.314
27.664,24.104
28.692,23.864
29.644,24.970
25.905,24.435
28.215,23.845
29.553,23.796
28.144,24.100
28.715,23.902
24.558,23.659
26.749,23.567
25.806,23.825
30.916,23.631
32.705,24.412
29.513,24.817
27.868,24.356
28.376,23.744
29.355,24.141
28.436,23.665
30.278,23.874
29.267,24.111
26.050,24.119
30.222,23.035
27.713,24.206
27.708,23.951
26.855,24.074
25.357,22.534
26.239,22.421
28.468,23.780
26.216,23.594
27.676,23.281
28.196,23.973
26.876,23.726
28.583,23.187
29.599,22.944
29.598,23.149
28.593,23.226
29.514,23.785
29.850,23.592
33.653,22.681
31.366,24.122
27.913,24.499
25.373,23.382
26.194,22.954
27.807,23.318
28.908,23.616
30.246,24.148
29.412,24.143
32.856,23.886
27.872,23.712
31.259,23.460
27.089,24.209
28.837,23.801
28.279,23.145
27.707,23.390
29.169,23.574
26.516,22.958
28.631,22.129
26.632,23.114
27.899,23.371
29.025,22.521
31.702,22.046
32.205,23.316
31.515,23.315
29.781,22.723
29.267,22.175
29.762,22.098
30.102,21.967
28.785,21.782
29.319,22.285
29.042,20.990
29.536,20.611
30.345,21.229
30.485,20.872
30.508,20.588
30.878,20.629
33.027,20.392
33.839,20.856
35.960,20.086
34.166,21.404
32.451,20.923
32.433,20.610
33.417,18.948
35.621,19.229
36.006,20.450
38.211,21.756
36.137,22.533
36.864,21.400
36.044,21.558
34.739,23.807
37.104,21.277
38.396,21.168
39.181,22.283
37.257,24.866
37.490,23.453
39.510,21.322
37.233,22.735
38.726,18.947
35.184,17.611
37.464,16.257
35.324,17.718
34.737,17.397
34.635,17.465
34.367,17.492
34.517,18.203
34.693,18.289
34.179,18.010
33.761,17.781
34.343,17.774
34.146,17.385
33.442,18.362
32.871,18.012
34.035,18.015
34.393,17.502
35.052,17.620
36.544,16.339
35.130,16.315
37.326,16.825
33.943,18.959
35.719,16.330
36.951,16.706
36.837,16.521
34.477,18.538
33.454,19.577
33.417,17.976
34.150,15.303
33.881,15.084
33.678,15.418
35.541,14.702
33.442,15.977
33.701,16.915
32.336,16.322
31.131,15.410
30.912,16.047
31.231,16.259
31.208,16.979
31.692,17.985
31.673,19.865
32.961,20.466
34.533,19.233
33.101,14.929
31.926,15.420
33.118,15.187
34.611,17.041
34.590,17.629
33.398,16.410
33.109,15.119
32.521,14.188
32.140,14.576
32.344,15.238
28.667,13.533
28.444,11.804
29.064,11.815
30.131,12.586
31.204,13.238
29.592,13.663
29.781,13.190
30.240,13.076
30.259,13.094
29.860,11.193
29.740,12.735
30.250,13.818
30.282,13.927
31.315,12.272
30.759,10.077
30.493,11.112
28.660,9.686
29.773,12.229
28.566,12.008
28.522,12.079
31.039,14.355
28.493,18.403
27.116,12.018
29.242,12.315
29.815,13.415
30.319,13.214
29.638,12.653
28.172,13.194
28.873,10.589
26.235,11.298
25.006,9.970
25.193,9.250
25.437,9.381
25.448,8.679
26.183,8.993
29.511,9.899
29.713,10.744
28.291,13.847
25.932,9.573
25.508,7.595
23.900,9.033
25.444,9.653
29.186,12.131
30.009,11.308
30.320,11.902
27.393,15.020
29.801,17.538
28.772,13.549
28.816,12.804
27.445,12.940
28.809,13.312
30.612,14.143
28.528,13.242
30.086,12.314
31.463,12.959
32.111,13.962
32.552,15.342
32.695,14.976
30.365,15.482
25.088,9.884
26.972,8.897
27.919,10.064
30.426,11.216
32.799,13.398
32.900,14.438
32.266,15.499
31.695,13.080
30.002,12.546
30.425,13.525
34.917,14.788
35.833,16.020
35.982,15.317
35.982,16.177
35.363,15.324
35.844,15.247
35.045,15.922
35.246,15.485
37.969,16.745
36.783,16.725
35.061,16.263
34.296,13.621
32.179,12.490
32.219,13.239
35.491,15.507
37.215,16.077
36.996,18.125
35.157,16.633
34.167,13.603
32.052,14.594
32.026,10.679
32.702,11.947
34.968,14.846
34.574,15.016
33.539,17.075
35.377,15.509
38.383,17.397
40.003,15.540
38.737,18.324
38.326,18.590
40.058,19.804
39.746,19.670
39.499,17.952
41.642,17.085
42.459,18.257
42.699,16.830
41.300,16.408
40.518,19.059
41.086,20.739
41.180,21.993
40.786,22.509
44.165,19.150
42.443,21.904
43.088,23.220
42.566,23.136
42.134,25.754
41.907,23.692
40.726,23.483
40.566,22.659
42.733,21.796
42.764,22.557
41.919,23.565
41.904,23.834
40.410,23.171
39.966,22.192
39.783,22.936
39.813,21.394
40.309,24.320
40.626,22.712
40.901,24.771
40.383,23.641
38.279,25.691
28.705,22.825
38.536,20.220
38.722,24.181
39.037,21.573
37.815,22.834
39.320,23.233
40.546,24.287
40.061,24.284
41.147,25.255
40.427,23.994
40.579,23.415
41.100,24.044
39.998,22.904
41.997,23.970
41.245,25.397
41.932,25.505
41.034,24.819
44.363,24.832
43.753,26.883
45.719,26.858
45.003,27.533
42.186,27.978
40.724,27.665
40.544,26.209
40.544,26.042
41.814,26.066
41.842,26.300
41.398,26.376
42.858,27.203
44.201,26.257
43.517,26.817
42.996,27.406
42.469,27.584
43.527,26.784
42.817,27.160
42.932,28.021
41.963,27.929
41.919,27.627
43.272,27.339
43.179,26.805
42.767,27.513
42.289,27.718
41.338,27.264
40.784,27.440
38.746,27.314
39.429,27.370
41.425,27.696
31.596,27.893
36.594,26.358
36.526,27.536
37.921,27.843
38.483,26.930
41.377,26.185
42.440,27.151
40.978,26.277
33.565,25.139
34.813,25.965
36.008,25.649
32.572,26.530
37.673,26.733
38.009,27.115
38.378,26.780
38.417,26.989
37.638,27.020
37.010,27.043
34.614,26.836
35.137,26.571
36.154,25.787
36.675,26.065
37.194,25.896
36.843,26.327
34.702,26.630
34.505,26.932
37.992,26.443
37.441,25.773
30.908,24.853
27.023,24.450
28.262,23.993
29.205,23.945
29.863,24.222
30.260,24.312
26.184,24.262
27.580,23.839
30.542,23.505
30.403,24.015
26.652,24.614
29.365,24.075
31.301,24.401
29.595,24.623
25.849,24.683
28.495,24.375
30.058,24.591
29.677,25.560
28.302,25.125
25.550,24.479
24.401,23.181
25.578,23.188
28.815,23.708
25.964,24.507
27.219,24.088
24.732,23.326
26.929,23.427
25.998,23.550
25.073,22.582
26.477,22.891
26.107,23.067
28.040,23.479
27.546,23.663
30.804,23.615
29.386,24.135
26.020,23.717
26.928,23.846
25.371,23.461
25.299,23.243
26.313,23.075
24.295,22.979
25.318,23.006
24.506,22.832
25.025,22.273
27.940,21.836
26.692,22.922
28.557,22.745
28.648,23.502
25.596,23.257
28.877,22.040
29.698,22.776
28.854,23.041
27.693,23.406
28.092,22.940
29.931,22.996
30.828,22.522
31.399,23.242
33.386,24.147
32.346,24.563
29.194,24.685
30.554,24.266
32.099,24.166
30.469,24.533
28.691,24.177
25.543,23.737
27.697,22.738
28.996,23.055
29.399,23.508
30.023,22.409
25.080,23.694
25.295,22.751
27.876,22.069
27.709,22.810
26.557,22.985
29.333,21.793
29.275,21.299
30.794,21.064
32.093,21.688
32.463,22.554
31.591,23.418
29.943,23.783
27.850,22.038
27.253,21.688
28.550,21.042
29.741,21.355
29.883,20.154
33.056,20.493
33.003,20.336
32.987,20.684
33.596,21.652
34.501,22.465
36.299,22.023
34.537,23.748
35.063,23.152
36.465,21.875
33.606,22.710
36.156,24.021
34.898,21.198
36.175,20.406
36.292,20.439
34.851,18.098
36.123,17.806
37.183,17.905
36.998,19.845
37.151,20.947
35.064,19.715
35.561,19.761
36.423,18.947
34.585,18.949
33.858,17.693
33.831,19.294
34.469,20.043
37.890,18.798
37.386,19.918
34.476,18.569
32.561,19.259
32.835,20.743
33.625,15.761
32.682,16.703
32.332,17.169
31.546,17.924
33.297,19.970
32.956,18.446
33.074,16.733
32.205,15.090
31.244,15.708
32.288,15.670
33.185,14.658
33.073,14.710
32.484,17.142
33.052,21.510
31.448,19.378
30.764,20.843
32.439,17.343
31.730,17.575
31.600,14.778
30.875,14.505
31.904,13.935
30.642,13.772
30.121,15.434
30.430,14.818
31.350,14.720
32.223,14.776
31.504,14.353
32.233,15.829
32.981,16.260
33.256,16.329
33.015,14.575
32.114,13.138
31.274,14.208
29.831,14.987
31.496,15.673
31.573,17.303
31.221,15.780
31.653,16.150
32.949,16.661
35.015,17.947
34.027,19.024
33.206,19.883
31.817,15.148
30.328,14.358
30.033,12.903
30.069,11.828
30.727,12.964
31.210,15.499
32.137,16.426
31.140,17.234
31.058,15.600
29.809,15.626
29.105,13.903
29.613,14.259
30.540,15.389
30.084,15.294
31.091,15.168
28.593,13.016
27.972,11.318
28.612,11.804
29.524,11.879
29.785,12.109
31.812,15.061
31.938,16.847
32.256,17.378
29.442,14.942
28.419,11.394
28.847,11.109
28.608,10.954
26.839,10.533
25.884,10.157
26.069,9.501
28.466,11.624
28.682,13.205
28.755,12.068
30.664,11.373
31.945,11.575
31.989,13.162
32.406,13.213
32.983,15.276
32.225,16.436
26.307,15.117
25.878,10.352
26.341,10.518
27.110,10.344
28.182,11.968
28.432,14.145
28.862,14.662
28.482,14.405
30.443,12.980
29.452,13.708
30.307,14.176
29.958,14.632
30.703,15.317
31.835,17.940
33.780,17.142
34.049,17.630
33.441,18.565
28.496,20.517
30.508,16.742
29.201,15.322
29.597,15.481
29.516,14.257
31.038,13.217
34.286,17.194
36.360,18.988
32.663,20.321
34.048,18.915
33.316,19.691
32.055,19.123
28.221,18.475
29.475,11.722
29.511,13.245
32.605,14.866
32.558,15.599
33.823,16.610
35.914,17.160
34.068,16.698
32.707,16.508
33.545,16.384
35.276,17.144
33.115,16.660
36.351,16.528
35.171,16.548
35.258,15.495
36.061,15.475
36.256,16.318
37.239,17.214
36.922,18.465
39.216,17.838
39.872,18.471
38.072,18.810
37.397,18.544
37.321,17.468
37.487,18.567
36.489,18.191
35.787,18.527
36.857,19.008
36.517,21.447
38.122,19.840
37.413,19.700
38.260,17.940
37.536,20.247
39.238,19.334
36.930,18.582
37.954,19.548
36.845,20.215
38.625,21.826
37.927,22.366
38.622,24.210
36.458,21.589
34.934,20.415
36.975,19.906
40.778,20.816
39.986,19.716
38.073,20.995
36.314,19.939
37.624,19.130
41.601,20.678
42.153,19.298
40.946,21.964
40.666,21.512
41.256,22.720
39.862,23.943
39.286,22.177
40.636,22.678
41.303,23.683
40.756,24.044
40.599,22.980
39.814,23.487
39.027,22.907
38.181,22.381
38.640,23.564
37.594,22.730
37.359,22.872
43.757,24.604
40.453,24.740
42.881,26.024
41.785,27.485
41.070,27.852
42.135,25.731
43.434,26.443
43.641,26.447
43.598,27.395
43.608,27.024
42.557,25.992
41.135,25.619
41.668,26.524
42.367,25.917
42.072,26.003
43.707,25.550
42.548,26.593
41.745,26.166
41.313,25.348
40.577,26.321
40.588,26.938
43.248,26.010
44.386,28.379
43.277,27.460
43.556,27.212
43.649,26.795
44.645,26.764
44.348,27.652
41.717,29.668
44.263,27.982
42.887,28.193
43.504,27.358
41.870,27.948
40.986,28.294
40.624,28.171
41.327,28.179
40.737,28.732
40.112,27.800
42.193,27.842
42.783,28.353
42.473,29.143
44.181,28.442
42.497,28.523
41.261,27.534
41.901,27.185
41.597,27.379
40.148,26.303
38.281,28.188
31.721,25.853
30.248,25.376
33.645,24.862
32.571,25.555
31.346,25.051
33.370,25.192
31.710,25.542
34.792,25.428
29.245,25.407
30.280,24.060
32.370,24.298
33.777,24.693
33.367,24.687
28.899,25.044
32.747,24.926
29.105,24.756
32.524,24.871
28.105,24.968
30.311,24.344
32.383,24.463
31.826,24.828
33.652,25.005
34.436,25.430
26.774,24.723
25.274,24.169
24.527,23.072
25.352,22.052
29.387,23.394
28.648,24.095
29.289,24.178
26.897,24.291
28.272,23.381
25.981,23.768
30.268,23.378
27.080,23.105
27.682,23.760
26.015,23.820
26.525,22.882
28.441,24.203
27.257,24.217
26.884,23.744
28.438,23.618
28.204,23.432
27.099,23.736
28.136,24.077
28.140,24.135
26.683,24.338
25.642,24.255
27.189,23.750
26.769,23.644
26.107,23.535
27.310,22.626
27.149,23.227
24.239,23.507
27.275,23.697
28.264,22.995
27.846,22.188
29.171,23.250
27.744,23.278
29.080,22.953
26.303,23.454
26.470,23.632
25.668,23.305
27.240,23.168
27.678,23.223
26.786,23.647
27.698,23.564
27.804,22.775
31.296,23.539
30.181,22.721
29.718,23.506
28.737,23.099
24.998,23.157
23.624,22.689
24.286,22.442
23.574,22.413
23.778,22.749
22.959,21.761
28.303,21.726
28.064,23.170
29.591,22.075
29.062,22.346
29.476,22.673
29.733,22.236
32.361,22.188
29.022,22.534
28.616,22.361
29.117,21.372
28.482,21.648
29.529,21.293
32.692,21.766
32.095,22.583
33.510,22.867
33.824,22.713
36.123,23.490
34.837,23.199
37.272,22.826
37.304,23.887
36.023,24.008
32.665,24.066
35.146,23.171
35.221,23.482
37.694,21.281
36.386,23.124
30.066,23.698
24.347,22.676
25.430,23.356
25.477,22.690
26.390,21.768
29.487,21.895
31.228,20.590
29.749,22.384
29.052,21.618
27.943,22.852
30.485,22.844
30.138,23.704
28.654,23.459
28.131,22.696
28.603,22.420
29.131,22.921
29.862,22.617
28.590,23.329
27.906,22.582
31.975,22.605
28.820,22.441
28.875,22.736
30.837,21.331
31.822,21.280
31.821,21.050
33.948,20.503
32.059,18.881
33.284,18.908
33.156,22.275
33.308,19.434
33.105,16.598
31.554,17.480
31.411,17.759
31.082,17.739
31.584,21.260
32.290,20.428
35.198,19.599
33.621,17.715
34.534,15.404
34.382,16.423
32.792,16.700
32.499,15.708
34.054,15.466
32.566,17.319
32.408,18.362
31.362,17.572
31.860,17.732
32.686,17.559
29.005,20.832
30.281,20.618
30.436,18.083
32.869,16.762
32.536,16.329
32.526,16.755
30.414,16.760
29.107,17.020
28.640,13.901
28.991,13.533
31.042,14.274
32.531,14.330
30.982,12.431
30.542,13.547
30.275,14.592
30.207,14.698
31.767,16.210
31.739,18.573
32.414,17.925
31.725,17.428
31.077,17.676
30.789,15.119
31.043,14.992
32.275,15.511
31.536,17.721
32.641,16.808
31.625,17.934
31.454,17.483
29.986,13.591
29.433,12.783
30.450,12.381
30.656,12.064
29.223,12.718
30.039,12.627
28.378,11.848
28.224,11.843
29.674,10.721
31.200,11.456
29.892,11.557
29.863,11.445
30.218,10.357
29.527,11.011
29.424,11.700
29.390,11.822
28.152,12.340
27.929,14.096
29.114,15.515
28.982,14.861
28.804,15.588
29.775,14.596
28.384,15.212
27.580,13.315
28.824,16.035
27.474,14.117
28.482,14.989
27.677,14.287
29.670,18.068
25.213,18.263
27.821,13.857
27.842,10.433
27.236,11.526
30.229,14.652
29.802,14.229
28.512,10.672
24.825,9.666
26.488,11.142
28.888,13.342
30.327,16.545
29.846,15.321
28.503,13.048
28.945,14.504
25.326,9.715
26.761,11.435
30.460,14.078
29.276,19.337
28.809,16.893
29.035,15.574
30.215,16.907
29.357,15.200
29.584,14.906
29.903,14.430
29.291,12.212
30.366,13.032
29.995,12.797
29.394,13.214
30.013,13.547
30.357,14.578
32.301,14.683
32.509,14.762
33.301,13.378
33.323,16.093
32.857,16.243
30.951,14.799
28.767,12.343
28.214,9.285
29.693,12.920
29.113,12.542
29.580,12.761
27.103,12.500
25.153,11.080
28.558,11.297
27.935,11.896
29.059,11.612
33.289,12.472
33.535,12.640
29.826,16.026
31.117,18.513
31.383,17.012
31.057,16.930
33.315,20.380
34.228,18.484
32.701,16.770
30.525,14.245
28.989,12.803
31.262,12.414
30.035,14.063
30.393,15.882
30.122,17.890
33.049,17.493
32.968,18.573
32.834,18.081
33.998,18.138
33.351,19.323
34.132,18.062
35.888,16.803
36.189,20.775
37.032,19.990
38.076,19.233
39.345,18.514
37.895,20.142
37.067,21.065
38.010,16.975
38.335,16.204
36.930,17.979
36.737,18.942
38.481,19.523
38.219,19.886
38.978,20.536
39.281,20.481
40.334,21.344
39.588,22.865
39.661,22.746
39.707,22.613
39.037,22.021
38.220,21.665
37.910,20.697
42.979,21.096
41.455,21.091
41.387,21.194
41.087,23.425
39.572,23.963
39.157,22.347
38.959,21.114
39.774,20.684
40.068,21.321
42.290,21.144
42.019,22.232
42.212,22.740
40.838,23.704
42.865,23.727
41.112,24.287
40.892,23.851
39.636,23.120
43.131,24.371
43.172,24.776
42.584,24.120
44.442,25.355
41.388,23.620
41.915,24.765
42.761,25.380
44.070,26.665
47.587,26.533
46.247,26.250
43.242,27.335
42.789,26.480
41.856,25.585
41.252,25.089
40.669,24.575
42.205,25.054
43.723,26.757
43.716,25.612
44.600,28.355
40.666,26.875
40.196,24.838
39.352,25.739
39.956,26.326
39.673,24.994
39.931,25.805
39.575,25.928
39.320,26.484
41.146,26.436
47.530,27.585
45.297,28.430
43.406,30.046
42.930,29.081
42.457,27.043
42.590,27.606
44.697,26.866
44.621,28.000
48.042,28.126
48.998,29.606
45.461,28.810
44.349,29.113
43.444,28.502
43.106,27.601
44.239,27.816
45.458,28.307
46.481,29.410
45.596,29.522
45.134,29.617
44.291,29.589
45.206,29.485
43.727,28.750
42.732,28.955
43.515,28.571
43.543,28.416
41.279,27.987
39.659,27.506
37.270,27.106
37.412,27.022
38.557,26.273
37.476,27.598
39.425,25.973
39.635,26.884
37.629,27.381
38.756,27.656
35.267,27.083
36.632,27.039
39.348,27.126
38.188,27.270
39.023,26.570
39.324,27.021
40.028,27.604
38.457,26.883
38.392,27.044
38.936,26.785
37.325,26.610
36.296,27.163
39.155,26.516
38.736,27.433
39.851,27.244
38.925,27.402
37.908,27.134
38.339,26.941
37.266,26.342
39.468,26.572
37.130,25.790
41.047,25.395
29.244,26.012
34.755,25.039
29.460,25.100
31.237,24.933
26.666,25.112
28.004,24.192
28.931,23.836
29.940,23.317
28.332,24.032
24.175,23.032
23.366,22.506
25.914,22.129
28.105,22.857
29.940,23.183
29.348,24.118
31.520,23.233
32.719,24.156
28.819,24.002
