20000101
28.790,12.877
28.301,12.635
28.847,10.845
27.743,10.846
27.959,11.754
27.908,9.718
27.705,8.431
28.982,8.397
30.771,9.725
31.681,10.465
32.544,11.075
29.280,16.655
29.344,12.790
28.111,11.197
27.147,11.726
26.740,11.391
26.640,13.943
31.109,13.854
31.783,13.580
31.455,12.282
29.445,10.256
29.573,13.540
30.165,14.457
28.731,14.470
30.227,13.672
31.204,11.366
29.743,14.388
28.096,12.425
28.707,10.189
30.530,10.320
32.760,11.127
28.895,13.891
28.885,11.765
29.202,12.830
30.434,12.694
26.823,14.983
27.319,11.231
27.496,11.167
29.541,11.683
27.978,12.172
30.395,12.241
27.247,13.887
27.307,10.981
25.599,11.550
28.040,11.801
30.174,12.446
32.742,14.546
29.611,13.566
31.137,12.069
30.351,12.310
30.190,12.862
30.350,12.270
31.821,14.735
31.025,20.547
29.608,19.797
30.328,18.599
32.869,13.748
33.299,12.513
33.345,13.187
35.576,13.130
37.348,17.824
36.515,21.289
35.878,18.637
34.715,18.974
33.910,17.462
34.027,14.813
32.436,14.756
32.706,14.498
35.212,13.063
35.132,13.017
36.478,18.429
34.773,18.839
31.471,18.430
35.211,16.241
35.884,14.771
34.582,13.627
35.381,16.880
36.131,18.937
36.022,15.232
37.060,16.741
36.996,13.969
36.341,18.202
35.224,17.131
35.033,19.064
38.444,18.442
38.052,18.547
39.032,18.910
37.241,19.054
39.060,18.882
39.792,16.942
43.370,19.626
44.634,22.313
44.619,23.786
42.595,23.164
42.497,20.360
41.859,24.272
42.299,23.928
42.093,22.014
42.324,25.482
41.603,25.109
41.855,22.906
43.095,21.247
46.245,24.265
42.900,23.491
41.925,25.468
41.248,24.457
43.195,24.942
42.047,25.870
42.507,25.829
42.436,25.986
42.777,25.607
42.683,27.107
40.058,27.297
40.211,25.107
40.453,25.804
42.296,25.906
43.055,26.706
43.058,26.541
43.100,28.280
42.616,28.163
42.712,28.538
43.527,27.790
44.014,27.790
45.142,27.362
45.598,28.055
47.321,27.927
43.563,28.213
43.811,28.073
42.677,26.544
40.193,28.715
40.176,26.407
40.541,28.850
37.413,28.078
39.017,25.139
39.295,25.284
38.311,25.566
39.882,26.383
39.549,26.518
37.396,27.471
35.237,26.624
32.944,25.897
38.627,24.512
39.800,25.709
40.688,25.755
41.096,26.426
41.073,26.934
40.760,27.289
42.376,27.407
40.002,27.909
40.783,29.171
39.715,27.328
39.165,27.209
41.158,26.565
42.503,28.819
45.819,28.649
40.298,28.614
41.263,28.732
42.771,29.307
39.099,29.203
38.723,25.761
38.956,25.556
40.860,28.748
40.632,27.229
39.674,27.725
37.093,27.029
37.038,26.828
37.757,27.154
40.503,27.462
40.680,27.670
41.312,26.932
39.691,27.930
35.767,27.690
37.223,26.908
36.604,27.730
37.600,26.029
35.263,26.763
38.643,25.901
38.747,26.443
39.777,26.342
38.730,26.277
39.770,26.800
38.957,27.437
39.298,27.442
32.322,26.339
34.938,25.059
37.244,25.217
37.421,26.285
39.689,26.144
36.726,26.426
33.322,25.557
29.914,25.630
30.675,24.511
28.695,24.485
25.167,23.883
29.852,24.082
26.365,24.293
28.675,23.685
29.278,22.860
28.630,23.429
25.557,23.543
25.324,23.688
23.798,22.682
25.231,22.315
29.498,22.242
31.957,23.305
32.944,22.879
34.227,23.494
34.470,23.574
35.643,24.737
34.673,24.358
27.612,24.244
31.683,23.839
31.986,24.258
29.699,24.415
33.126,23.463
32.980,23.307
35.013,22.855
36.629,23.819
36.594,24.188
38.248,27.287
37.472,26.519
35.875,26.971
35.064,25.628
36.249,24.197
30.105,24.448
28.444,23.938
27.435,23.225
27.220,22.812
29.878,22.998
30.790,23.562
28.549,23.361
26.419,23.264
26.299,23.154
29.412,23.151
29.748,23.301
35.021,25.358
33.982,24.279
32.742,24.798
34.220,24.667
31.240,23.543
31.819,24.005
30.003,24.111
27.971,23.677
26.380,23.481
29.085,23.422
29.106,23.374
25.894,23.516
26.231,22.810
23.630,22.196
24.375,22.138
29.456,21.700
31.381,20.004
32.172,21.622
32.062,21.520
32.688,21.586
33.952,20.737
34.801,20.166
35.750,21.253
35.034,22.903
36.052,22.207
36.036,22.470
34.073,21.798
35.350,20.439
38.582,21.465
39.737,24.419
37.167,24.117
36.748,22.938
38.671,21.466
37.682,21.493
39.481,21.442
38.245,21.610
38.695,21.073
39.375,21.754
38.390,19.587
40.306,21.622
37.937,20.525
37.711,19.341
38.012,18.953
37.586,17.979
38.691,17.212
40.262,19.037
39.947,19.746
40.891,19.423
40.667,22.171
40.581,23.190
40.371,26.863
37.213,23.768
37.507,22.588
37.234,20.740
37.218,17.311
36.105,18.778
37.447,18.994
37.674,16.644
37.859,14.827
38.277,15.948
37.296,17.832
36.645,17.782
35.449,18.561
36.088,18.619
38.076,19.328
36.702,18.604
36.557,15.022
35.094,15.033
36.218,15.665
36.759,13.258
34.149,16.082
33.992,16.699
34.005,16.506
35.026,16.478
36.337,16.810
34.782,14.107
34.645,14.699
34.072,15.444
34.219,15.438
35.434,14.644
33.865,15.420
35.326,14.191
34.700,15.055
34.064,16.503
33.678,16.202
33.075,15.589
32.740,13.091
32.850,11.725
33.733,15.553
33.637,14.408
32.172,13.661
32.567,13.196
32.553,14.745
33.928,14.924
33.495,16.482
33.355,15.779
32.999,15.292
31.930,15.174
29.609,15.549
29.240,13.978
28.616,13.110
27.671,11.342
28.747,11.349
30.014,10.971
31.428,9.020
32.239,9.890
30.782,14.598
31.516,13.642
31.895,10.437
31.635,10.619
31.404,11.833
31.099,13.044
31.068,10.477
30.888,10.688
31.140,12.076
30.771,11.939
31.121,12.785
31.445,10.495
31.395,12.697
31.032,13.056
29.567,13.288
31.753,13.265
31.295,12.150
31.575,11.930
31.215,12.475
30.257,12.574
30.076,11.941
29.732,11.378
29.877,12.539
25.698,16.959
21.732,10.724
24.079,7.523
25.462,9.278
26.364,10.315
26.362,10.073
25.939,10.061
27.873,10.735
28.469,12.084
27.056,11.450
26.974,11.197
28.009,12.140
29.896,13.408
30.216,17.753
30.237,14.072
29.306,13.085
30.592,18.227
31.231,17.989
31.103,18.591
32.914,18.687
31.571,17.278
32.245,17.229
31.502,14.583
30.017,13.323
29.054,13.050
28.727,10.160
28.651,10.007
29.964,11.549
30.516,12.473
30.940,13.070
32.734,12.996
33.089,12.195
31.239,14.926
31.097,20.974
33.453,18.487
31.819,14.939
32.602,14.705
31.164,11.636
32.069,11.880
32.141,12.608
33.268,12.342
33.890,11.577
33.123,13.860
32.613,12.727
34.664,13.238
35.135,16.951
34.526,15.940
30.177,14.708
32.077,13.407
32.947,14.215
33.950,15.839
34.283,16.345
34.570,16.462
34.636,17.606
34.324,13.712
36.288,14.904
37.058,19.056
35.545,19.085
33.869,18.491
33.566,17.179
34.203,16.171
33.343,17.765
33.092,17.708
35.351,18.259
35.202,20.040
33.907,17.089
35.562,16.289
33.879,12.523
35.346,17.094
35.478,18.426
34.775,20.239
35.109,20.842
33.705,21.424
34.496,19.791
36.281,19.414
39.662,19.149
37.228,19.487
37.319,19.548
38.113,18.635
38.872,19.260
37.396,21.191
37.204,21.989
36.584,21.719
37.487,21.236
37.008,20.763
38.137,21.786
38.119,22.004
38.160,21.724
37.940,23.401
35.741,20.726
34.765,18.821
37.970,16.417
37.781,20.052
40.707,21.909
39.891,21.870
39.754,23.703
39.530,20.059
41.918,19.333
43.602,21.245
40.554,21.166
39.469,21.492
40.250,21.901
38.477,26.293
37.027,24.073
38.200,21.101
41.165,23.069
38.265,25.784
34.748,25.293
38.849,24.114
36.428,23.659
38.332,23.757
40.907,24.010
41.470,22.284
43.901,23.266
45.550,23.502
46.758,25.469
43.768,26.818
44.242,27.453
43.383,27.429
43.103,28.085
43.360,27.321
44.142,25.814
45.121,27.565
45.116,28.942
42.876,28.434
43.733,27.276
44.236,27.516
44.780,28.079
43.929,28.955
42.945,27.686
41.557,27.569
41.896,28.068
43.053,27.702
43.476,27.897
41.712,28.069
40.980,27.624
41.824,27.796
41.633,28.040
40.726,27.919
39.646,27.379
36.663,27.176
39.214,26.628
39.655,26.937
39.960,27.622
45.870,29.374
44.203,28.743
44.085,28.782
40.408,28.957
45.055,27.922
41.771,29.322
40.680,28.179
39.727,26.452
37.492,26.218
34.783,26.784
36.160,26.619
38.335,26.141
37.632,27.393
34.106,26.619
37.835,25.980
38.896,27.065
38.852,26.835
39.534,27.400
38.958,27.560
42.152,26.943
39.914,28.064
37.030,26.629
32.037,25.726
32.628,24.019
24.567,22.449
27.939,23.566
32.636,24.167
29.113,23.471
28.630,24.442
33.782,24.574
35.467,24.085
36.804,24.909
37.980,25.537
38.619,26.617
36.739,26.790
34.121,26.396
37.714,26.147
36.485,25.956
36.036,26.155
31.959,25.849
26.093,24.085
26.799,23.444
30.446,23.853
32.631,24.110
34.455,24.058
37.940,24.342
34.712,25.588
38.157,25.355
28.182,24.018
28.274,23.408
29.025,23.756
30.948,23.970
30.702,24.126
27.431,24.301
27.827,24.266
26.352,24.146
26.341,23.871
28.125,24.289
30.462,23.338
25.347,23.885
30.290,22.942
24.966,23.842
29.855,23.378
30.113,23.813
32.281,24.085
32.616,23.361
32.191,25.303
31.579,24.498
30.190,24.070
34.491,23.862
34.861,23.674
27.380,24.775
36.785,23.100
35.363,24.811
33.011,23.463
32.000,23.100
30.580,24.265
32.521,24.130
32.921,24.205
30.281,24.019
34.068,24.031
29.643,24.236
30.766,23.570
30.959,23.740
30.112,24.218
28.749,23.511
25.323,23.759
26.986,23.834
32.027,22.938
30.562,22.387
32.077,23.449
31.838,22.483
32.906,22.719
30.875,23.300
31.231,23.204
32.946,22.816
33.301,22.655
32.275,23.138
32.035,23.079
31.225,22.217
34.992,22.818
31.543,23.650
35.223,23.416
35.627,22.566
35.437,22.703
33.717,23.557
35.062,21.812
33.542,23.196
35.946,21.962
36.251,23.530
35.594,22.277
35.854,22.047
37.942,20.716
36.371,21.975
38.353,22.423
39.624,23.288
39.982,22.712
39.697,21.515
37.282,22.303
40.369,24.731
37.594,26.022
38.868,21.193
37.632,22.851
41.736,23.207
40.164,25.880
40.668,25.037
39.269,22.340
41.543,23.250
40.845,18.449
39.932,18.218
41.585,19.516
38.736,24.705
34.863,23.035
33.470,23.986
31.331,23.345
33.519,23.605
35.126,22.674
36.039,22.420
36.231,23.679
35.835,23.319
35.577,23.492
34.730,23.318
28.466,23.378
36.913,20.711
35.942,22.257
28.240,21.157
35.594,18.146
35.382,16.222
34.621,17.963
35.788,16.368
36.835,14.288
35.424,14.571
37.487,14.795
35.930,18.971
36.588,16.606
38.155,14.695
38.257,14.426
39.057,16.778
38.404,15.436
34.918,18.178
35.528,16.643
35.916,16.010
36.148,15.925
36.814,15.110
35.981,16.459
35.566,16.445
36.213,17.501
36.822,15.154
34.873,18.091
34.109,17.548
31.889,17.826
31.270,15.882
32.146,15.741
31.888,15.110
32.117,15.522
32.764,14.634
34.229,15.250
34.836,16.557
36.209,19.263
36.847,22.039
33.980,19.961
33.322,16.411
31.616,14.044
32.058,11.727
32.304,11.918
30.484,13.664
29.939,13.887
29.789,12.989
30.466,13.179
30.325,12.851
30.194,12.648
28.863,12.676
30.393,13.193
31.411,13.709
31.065,12.761
31.038,11.023
31.239,9.897
32.502,13.404
32.423,13.511
33.607,12.051
32.801,13.842
32.437,13.409
33.068,14.280
32.091,13.748
31.826,15.434
30.821,14.827
30.773,12.818
31.089,15.345
31.512,14.626
30.483,14.435
31.502,13.999
29.083,14.592
28.151,13.617
27.569,11.310
27.535,10.711
28.837,10.897
29.345,10.867
30.254,11.828
31.150,11.844
30.394,14.877
30.048,15.007
28.807,14.071
29.364,13.662
28.803,12.790
27.664,11.382
26.737,11.281
26.691,10.602
27.816,11.658
25.231,16.014
27.648,12.991
27.582,13.497
27.824,12.019
28.368,12.781
28.978,12.206
31.186,12.041
31.460,12.270
32.418,11.883
32.079,11.908
30.052,15.091
28.769,12.596
26.973,11.153
27.145,11.000
26.847,11.068
27.364,11.249
27.882,12.028
29.037,11.699
28.876,10.585
28.583,12.364
27.320,13.271
26.303,11.235
25.219,9.537
26.217,9.367
25.182,9.115
27.739,10.248
29.732,12.077
30.202,12.892
30.433,13.464
30.897,16.317
33.677,18.967
32.147,14.757
29.614,13.252
28.955,11.550
29.071,11.258
24.294,14.968
27.534,16.689
27.069,11.923
29.519,13.274
31.461,14.841
32.883,16.752
33.385,16.954
29.263,17.949
28.511,20.567
31.133,17.951
34.103,15.493
34.640,15.933
35.879,17.149
34.783,17.814
34.187,17.341
33.834,16.613
33.865,17.513
34.577,17.512
35.097,16.493
36.781,16.579
35.985,22.181
34.378,18.859
35.090,16.904
34.779,15.965
35.316,17.314
34.557,16.696
34.765,16.822
34.487,19.024
36.769,19.597
38.558,20.576
38.302,20.581
37.266,23.087
35.115,22.755
34.772,20.785
36.239,17.247
37.395,18.678
39.161,20.547
38.609,20.597
39.010,20.271
38.765,18.924
36.970,20.333
38.859,21.609
38.180,21.976
36.909,21.314
37.373,19.038
39.040,21.061
40.973,18.716
41.317,20.049
39.930,20.167
40.112,20.704
41.164,22.617
40.591,24.695
42.684,21.602
41.250,21.737
41.191,23.428
41.077,25.370
34.364,26.624
36.326,22.776
39.223,21.030
38.694,22.815
40.981,23.165
40.877,22.361
41.788,25.030
42.294,25.086
41.921,25.776
41.894,26.157
37.875,27.428
40.131,27.486
42.056,26.721
41.483,29.352
42.269,29.980
41.569,26.508
41.782,26.034
42.052,26.945
40.706,25.124
43.568,25.382
43.800,21.075
43.852,25.013
44.273,25.843
47.673,26.401
44.757,26.106
46.144,28.465
45.992,26.528
47.797,30.152
49.453,27.600
45.985,28.247
44.451,27.888
43.860,28.897
43.425,28.932
43.643,30.752
42.351,30.186
42.764,29.225
43.390,29.306
43.679,30.006
44.250,29.703
44.482,29.409
42.857,32.479
43.723,30.205
41.842,28.091
40.902,26.554
41.727,26.675
42.586,27.271
43.218,27.542
42.920,28.642
43.171,28.839
41.422,28.501
39.319,26.997
41.407,27.687
41.818,28.753
40.166,29.156
40.462,30.013
42.059,29.303
41.962,27.750
42.092,28.246
39.651,28.830
42.193,28.453
39.818,26.879
41.273,27.218
42.401,28.129
43.154,28.937
45.344,28.965
46.684,29.959
44.903,31.658
41.861,29.088
34.849,30.010
42.200,27.695
40.097,29.914
39.073,28.554
38.570,27.640
37.422,27.208
39.170,26.963
35.445,27.366
35.336,25.881
38.180,25.966
37.955,26.901
31.805,26.682
32.280,25.329
31.699,24.656
27.394,24.858
28.908,24.408
28.815,24.124
33.244,24.511
35.808,24.974
36.452,25.040
35.836,26.410
37.894,26.608
37.788,26.708
35.088,26.155
36.003,25.812
38.355,26.274
38.373,25.499
36.296,26.566
36.804,27.150
36.724,26.575
35.704,26.439
30.522,26.426
31.398,26.163
36.392,26.142
28.124,24.139
29.269,23.483
26.266,24.353
31.970,23.438
27.801,24.602
28.447,24.500
29.034,24.933
28.413,25.280
28.280,24.893
30.419,24.884
35.913,25.014
32.725,24.898
37.703,23.911
38.626,24.179
38.265,25.788
37.968,25.945
32.171,25.389
32.838,24.208
27.018,23.402
27.597,23.574
29.098,23.617
28.487,24.034
29.965,23.833
27.785,23.823
28.353,23.399
27.388,23.761
26.119,24.056
27.258,23.530
28.225,23.881
25.291,22.324
25.974,22.417
27.117,22.632
26.626,22.983
26.626,23.361
26.071,22.972
30.819,21.904
31.914,23.013
28.529,24.373
28.347,22.673
29.060,21.735
30.856,21.716
31.702,21.980
28.761,23.186
25.191,22.984
27.760,22.732
28.841,23.662
29.568,24.321
28.348,24.420
26.010,23.925
25.727,23.909
31.073,23.078
28.301,22.561
28.501,22.296
28.143,21.167
31.033,21.269
30.705,21.153
32.216,22.734
32.861,21.089
33.749,20.317
33.896,18.921
32.853,20.325
32.181,20.107
32.271,22.843
34.140,22.368
36.421,22.153
37.062,22.654
35.672,22.010
35.653,22.909
36.199,22.951
34.813,22.002
37.204,22.845
36.689,21.574
36.886,21.668
37.923,21.781
33.151,20.567
38.235,18.299
38.355,21.678
37.334,21.877
38.991,19.728
38.931,20.658
39.061,18.501
37.481,21.077
37.321,20.815
37.477,20.382
36.365,21.289
37.160,19.421
36.355,19.145
35.732,19.456
36.128,18.740
35.545,19.351
32.933,21.184
35.073,20.927
37.398,20.888
36.169,18.899
36.396,18.773
36.426,19.889
37.291,18.185
36.944,18.805
35.612,17.110
35.184,18.838
34.024,17.853
34.108,13.732
33.870,13.153
34.191,14.763
34.558,14.774
36.414,14.882
35.247,15.870
34.614,16.081
34.198,15.802
34.246,15.028
35.487,15.833
33.633,20.356
32.757,19.206
32.956,18.699
32.273,18.189
33.518,17.845
30.622,16.531
28.699,19.665
31.224,15.493
32.199,15.566
32.467,13.662
34.493,15.723
31.894,15.942
32.895,13.963
32.437,13.661
32.774,12.856
33.187,13.796
32.569,12.912
32.939,14.049
32.960,14.341
34.034,15.883
33.694,14.047
33.511,14.657
33.521,13.760
33.010,14.203
32.903,14.231
31.045,14.268
30.757,14.836
32.226,15.599
31.214,15.681
31.749,14.383
32.394,17.858
32.978,19.256
33.370,17.119
33.403,16.391
31.703,14.572
32.303,13.666
31.717,14.100
33.007,15.824
32.289,15.199
32.379,16.288
32.604,14.661
32.856,13.873
33.200,14.635
31.798,14.491
31.637,14.743
31.804,16.020
30.846,14.783
31.756,13.212
29.657,13.728
29.165,13.891
28.748,11.809
29.476,12.548
28.337,13.236
26.492,12.295
24.394,14.061
26.229,16.317
23.668,8.826
25.152,9.446
25.839,13.324
28.688,13.920
29.192,13.993
30.369,14.449
28.544,17.601
30.351,14.790
27.731,16.769
28.227,17.273
29.574,14.812
31.082,16.455
30.149,18.027
29.675,13.993
28.942,11.719
28.200,10.956
27.597,10.849
28.619,11.490
29.452,11.905
26.771,15.071
31.101,16.032
32.402,16.077
33.289,14.509
32.223,14.110
32.160,13.686
33.312,16.899
33.936,16.585
32.465,16.842
30.529,15.107
31.075,13.732
33.176,17.249
29.827,16.073
26.790,17.488
29.853,17.993
29.371,14.713
32.089,17.036
31.879,15.064
34.451,15.556
32.820,12.340
31.325,12.014
32.188,15.196
33.609,16.589
33.159,17.136
32.930,16.619
32.525,15.779
33.555,16.605
35.175,17.003
33.517,17.199
31.575,18.786
30.601,18.880
30.994,15.161
32.676,16.400
33.593,15.994
34.169,16.369
34.661,15.931
36.014,16.967
35.013,16.748
35.764,18.840
36.972,20.323
36.937,21.395
37.413,19.758
34.603,19.862
30.768,13.591
31.199,12.373
35.090,14.047
35.842,15.609
35.091,16.016
36.829,16.839
36.620,18.266
36.862,18.698
35.201,18.365
35.597,17.282
36.701,17.889
37.578,15.667
36.736,19.048
37.993,19.232
37.198,20.101
36.301,19.961
38.564,19.728
39.398,18.481
38.893,20.069
41.539,22.447
41.369,22.803
40.382,21.413
42.676,23.078
42.734,22.736
42.276,20.611
39.180,22.437
37.588,23.650
42.443,22.708
42.544,23.357
40.790,23.620
39.901,24.147
39.520,24.088
38.613,22.031
42.612,24.652
35.208,27.283
40.328,23.339
44.177,24.481
40.953,26.384
42.028,28.578
40.030,28.213
41.233,25.662
40.270,23.910
40.683,24.511
40.357,23.981
40.792,25.996
41.341,25.822
39.789,25.749
39.543,23.191
41.350,23.250
42.952,24.871
43.617,24.958
43.066,26.639
42.924,26.208
39.696,27.199
41.473,26.251
43.186,26.140
47.039,25.033
45.481,26.154
44.695,26.234
42.905,27.407
41.122,25.991
39.809,25.622
39.984,23.544
40.827,24.520
40.356,25.665
41.822,26.110
43.471,25.041
46.287,23.524
46.059,25.557
44.281,26.874
44.966,29.925
43.584,29.905
44.703,27.907
44.121,27.726
44.285,30.353
42.112,28.494
41.290,27.440
42.090,27.592
42.718,28.185
40.603,28.792
40.213,27.538
42.183,28.452
42.266,28.816
40.397,27.562
40.478,28.331
41.463,28.914
42.622,27.615
43.079,29.950
44.805,29.792
42.672,28.750
43.366,28.853
42.926,31.473
44.235,30.359
42.969,28.826
41.582,28.262
41.369,28.189
41.532,28.729
42.128,28.815
42.183,28.972
41.121,28.283
42.081,28.161
40.218,28.670
32.436,28.567
40.153,27.899
40.011,27.496
32.949,26.469
36.336,26.694
32.624,26.390
30.524,25.452
33.069,25.560
33.410,26.010
33.175,25.808
31.181,25.609
29.554,24.842
30.878,24.389
32.315,24.315
30.518,24.834
30.980,25.199
31.957,24.669
34.279,24.918
35.717,25.914
33.857,25.770
30.999,25.724
31.699,24.978
29.720,23.938
31.137,24.543
31.322,24.427
31.106,24.948
31.844,24.510
32.046,24.853
31.363,24.759
33.064,24.185
33.764,24.769
34.265,25.012
29.648,24.787
33.087,24.006
32.970,24.804
33.252,24.103
30.971,25.142
30.205,25.449
31.808,24.928
30.694,24.657
29.851,24.568
28.013,24.259
26.828,23.820
27.773,23.583
27.724,23.907
28.267,23.443
29.230,23.370
29.744,22.826
29.251,24.133
28.997,23.473
26.895,23.059
28.352,23.364
29.735,23.515
33.653,22.993
31.929,23.983
32.839,24.155
25.470,24.297
28.031,23.391
28.702,23.647
29.931,23.136
26.585,22.892
30.821,23.705
31.771,23.259
28.745,23.728
27.426,23.487
30.035,23.751
29.398,23.537
31.724,22.878
31.797,22.651
33.612,24.118
32.555,24.411
27.557,24.259
27.009,23.119
25.594,22.587
28.913,23.113
27.826,23.329
28.672,22.812
24.687,23.495
26.544,22.403
25.402,23.007
29.535,21.964
26.958,22.805
28.678,23.517
29.063,22.914
30.151,22.523
28.854,22.930
31.037,23.308
28.919,22.124
29.465,22.132
31.383,23.159
31.838,22.175
32.213,21.619
31.103,21.705
29.556,23.093
24.759,22.385
30.960,22.388
29.858,22.798
30.488,22.645
31.380,22.948
31.138,22.725
29.688,24.015
29.725,23.263
29.988,22.649
31.553,21.856
30.786,22.714
30.216,23.001
29.183,23.752
28.421,22.415
29.411,21.952
30.714,21.739
31.923,19.321
32.921,21.836
31.702,19.028
30.120,18.045
31.400,19.145
32.099,21.434
31.073,20.678
32.891,20.504
33.206,20.741
32.777,18.719
34.111,17.030
33.887,15.953
32.785,16.521
31.592,16.004
31.866,14.822
31.271,16.122
32.394,17.637
35.141,17.760
33.198,18.199
32.598,17.143
32.303,16.384
32.527,16.894
32.203,12.884
32.550,15.022
32.455,15.204
31.587,16.873
30.965,17.496
32.785,20.133
34.540,21.142
33.743,21.232
34.077,18.932
33.608,19.066
33.861,22.005
32.468,18.471
32.627,16.544
32.344,17.538
30.931,19.828
33.053,15.597
32.398,15.283
33.318,15.764
32.886,16.713
31.244,15.914
30.968,15.439
29.945,13.829
30.559,13.650
31.627,13.759
31.309,15.573
30.950,17.571
31.130,16.239
31.845,15.529
31.996,17.229
32.452,14.155
31.891,14.930
31.598,15.292
31.821,14.609
31.076,16.981
32.115,15.832
32.092,15.624
31.791,16.483
32.342,17.526
32.844,17.189
31.381,15.927
30.895,15.392
30.251,15.271
30.271,12.751
31.699,12.539
29.884,13.943
31.005,12.732
31.374,12.973
30.519,12.553
30.683,14.645
30.426,14.635
30.675,15.212
30.547,14.618
29.802,15.036
28.869,13.169
27.306,13.688
27.637,13.027
27.620,12.580
27.927,13.195
27.528,12.433
27.465,12.693
27.722,11.830
27.098,9.924
27.852,11.916
27.795,15.293
27.266,15.346
23.595,10.153
24.391,9.761
25.402,9.988
27.389,10.678
27.793,9.921
27.366,8.886
28.304,11.107
28.118,13.521
29.112,17.850
27.014,12.973
26.551,13.143
26.846,12.380
26.470,12.040
27.192,11.153
27.646,12.651
28.790,12.063
29.782,11.623
30.065,11.333
30.964,12.565
31.147,13.571
31.602,13.565
29.257,13.315
29.410,11.619
29.866,13.425
27.780,18.877
27.200,17.860
25.832,12.952
25.585,11.139
25.313,12.031
27.133,11.955
26.167,12.871
25.881,11.851
28.802,13.581
28.180,12.299
27.827,12.431
25.844,12.112
25.949,11.288
27.851,11.291
30.895,14.014
28.976,12.626
26.767,10.367
28.218,11.875
29.031,11.563
31.209,11.265
31.942,14.875
31.203,14.464
32.147,18.802
32.223,17.013
32.151,16.683
32.754,16.215
33.500,15.698
33.130,15.611
33.919,13.992
33.724,15.116
34.637,15.238
34.740,15.577
35.125,15.113
35.725,15.984
36.748,15.579
36.880,17.289
36.322,15.603
36.410,17.756
35.511,18.257
35.365,17.547
35.296,15.896
37.555,18.080
37.037,17.643
37.730,17.853
38.788,18.979
37.680,23.031
37.652,18.310
37.292,18.694
36.998,19.180
38.782,18.414
38.688,16.302
41.145,19.848
39.272,17.651
41.667,18.697
41.202,20.626
40.742,19.502
44.171,20.747
42.533,23.173
41.206,24.283
40.635,21.477
40.028,20.156
41.163,22.111
40.575,22.835
39.943,23.534
38.649,21.305
37.534,19.856
38.135,21.185
42.134,22.128
41.491,22.542
40.447,22.656
40.104,22.670
39.350,23.374
39.389,24.204
39.453,23.246
41.019,24.192
40.778,25.393
39.598,24.312
39.343,23.233
38.729,24.123
39.858,24.311
39.883,23.189
41.466,23.814
41.880,24.806
42.130,25.049
42.113,26.835
42.173,26.966
41.482,25.363
39.733,25.002
38.744,26.480
39.152,24.087
41.039,25.270
42.321,25.682
41.637,25.588
40.891,26.306
44.981,25.108
45.204,24.183
43.432,23.441
43.369,26.317
43.059,28.126
42.621,26.504
41.481,27.213
40.869,25.671
44.432,23.129
46.120,25.399
47.073,26.196
43.192,26.812
42.509,29.067
40.986,29.816
42.069,30.366
43.341,31.375
41.379,31.385
34.696,28.344
39.598,27.989
39.175,28.405
39.411,27.668
39.256,28.062
39.474,27.851
42.826,29.098
41.890,28.889
42.601,27.677
41.548,26.692
40.997,26.934
40.791,27.117
40.159,26.908
40.683,26.727
40.828,25.768
41.022,25.938
42.834,27.411
43.469,28.094
44.079,28.754
47.743,30.402
44.262,30.424
44.195,30.627
43.571,29.758
43.392,29.969
42.252,29.411
43.449,29.871
41.712,29.903
37.557,28.030
41.541,29.068
36.629,28.297
39.229,29.151
38.753,28.291
39.477,29.190
37.295,27.316
37.254,26.596
33.610,26.349
31.577,25.572
31.752,25.404
32.225,24.740
34.253,23.706
32.684,25.384
36.060,25.341
36.459,25.837
37.138,25.719
36.491,26.130
36.339,25.297
36.890,25.653
37.285,25.829
38.044,26.365
37.174,25.979
37.601,25.936
36.752,26.083
35.128,25.625
37.132,26.134
34.632,25.604
29.698,26.399
30.387,25.398
26.480,24.305
31.691,24.115
33.044,24.252
33.534,24.339
32.755,24.198
36.116,25.733
35.856,24.718
37.675,24.820
38.081,26.134
37.101,26.248
34.675,25.411
32.396,25.159
34.156,23.978
32.823,24.538
34.778,24.170
34.898,24.690
40.074,23.684
36.580,24.694
30.139,25.567
34.796,24.807
26.660,23.886
29.071,24.119
31.434,24.258
30.754,24.520
25.880,23.048
26.167,22.266
27.169,23.039
32.754,23.209
33.951,24.660
29.919,25.392
27.837,24.389
26.198,23.507
26.836,23.219
25.756,23.254
25.933,22.950
26.098,23.070
24.764,22.883
24.129,22.518
25.475,23.138
25.518,23.254
24.759,22.659
26.523,22.509
26.672,22.979
27.113,22.957
28.657,23.732
29.901,23.513
28.681,24.380
24.228,22.534
23.284,22.104
26.787,22.938
29.601,22.484
29.586,22.710
30.710,22.267
30.431,21.742
30.470,22.340
29.547,21.821
29.177,21.086
33.004,20.531
30.555,22.274
31.702,21.431
31.272,21.592
32.709,23.036
33.916,23.599
34.119,22.703
33.582,23.530
31.964,22.937
31.248,22.154
32.462,21.636
32.505,21.285
31.778,21.584
31.375,20.755
34.051,20.147
34.473,21.976
31.728,22.544
31.423,23.365
31.913,22.601
31.808,23.029
33.498,23.856
33.453,22.893
34.084,22.228
33.930,22.580
33.132,23.246
33.822,22.777
35.746,21.905
34.659,22.852
32.993,22.772
35.824,22.674
34.015,22.762
33.620,21.838
33.491,23.370
29.944,23.557
30.668,23.350
31.562,21.893
32.357,20.650
33.846,20.975
30.448,22.031
27.498,22.055
32.449,19.514
32.955,19.779
33.160,20.352
32.028,16.679
31.017,15.950
30.379,16.128
30.838,13.807
31.329,15.346
30.845,15.495
31.603,15.307
31.774,15.888
31.631,14.213
32.092,15.075
32.578,15.587
31.800,17.232
32.950,15.619
32.162,14.630
31.806,16.111
30.694,16.895
31.127,17.552
31.626,19.228
31.216,17.287
31.344,16.506
30.804,17.099
30.008,16.024
30.786,16.250
31.355,16.715
32.602,17.357
33.184,17.590
33.808,19.903
33.283,22.107
31.835,19.838
34.104,18.530
33.904,19.787
34.001,19.463
32.084,17.119
31.313,16.567
32.369,14.948
32.236,17.492
31.588,16.033
32.926,15.921
31.737,15.194
31.561,15.550
31.476,15.085
31.068,14.105
30.734,16.219
30.289,15.250
31.051,16.156
30.478,15.937
28.996,13.623
29.256,11.369
29.083,13.916
29.181,14.569
28.971,13.738
29.590,12.047
30.150,13.414
29.790,15.181
29.944,14.645
31.007,14.445
30.704,14.441
29.850,14.883
29.040,13.285
29.493,13.258
29.628,13.456
30.305,14.081
30.776,13.479
30.236,13.147
29.624,13.846
29.217,12.137
28.479,11.391
28.416,12.472
28.667,13.161
27.445,12.735
28.426,13.756
27.675,14.348
26.642,13.025
28.411,13.426
30.007,16.169
29.474,15.428
30.082,17.466
30.655,15.515
27.430,17.261
27.820,16.235
28.694,13.527
29.044,16.680
30.832,15.229
30.330,18.613
28.409,12.729
28.022,12.324
28.540,11.978
27.656,12.936
25.790,11.639
26.476,11.643
27.945,10.694
29.002,10.647
30.310,12.065
30.466,13.967
26.277,11.332
23.856,9.433
24.330,10.011
25.672,10.146
28.569,11.316
29.677,13.643
26.886,12.729
27.520,12.029
29.075,12.675
28.670,12.742
29.603,11.871
26.542,15.540
26.353,12.914
25.726,13.281
21.638,15.283
24.547,10.944
25.845,11.163
27.273,11.426
29.406,11.559
29.602,12.094
31.709,13.918
30.503,14.417
31.345,15.142
33.312,19.481
34.309,17.309
34.095,15.260
34.300,14.828
33.852,17.572
34.505,15.756
33.702,18.874
31.587,18.695
29.827,17.156
28.066,15.506
27.705,11.960
29.133,11.019
27.812,12.762
28.965,11.642
30.682,12.373
33.469,14.227
35.004,15.393
35.806,17.543
36.257,16.784
30.616,17.227
36.028,22.683
37.197,23.468
36.776,23.301
37.320,24.154
35.437,19.233
35.396,19.102
34.582,23.085
31.747,20.677
29.357,21.899
31.980,16.594
31.659,16.188
34.075,17.273
34.345,17.242
36.289,16.651
37.528,17.267
39.982,18.969
40.763,21.321
39.097,21.140
39.604,20.276
39.057,20.885
38.584,22.623
34.896,21.579
35.227,19.209
34.729,18.692
37.451,17.238
38.453,19.285
38.085,21.887
38.165,21.554
38.081,21.129
37.496,20.664
37.994,20.941
40.539,21.539
41.659,20.803
41.459,21.054
42.732,18.831
43.491,21.223
40.996,22.072
40.842,21.094
39.250,22.212
37.198,19.529
36.257,19.364
39.936,17.107
39.060,19.757
40.073,21.692
38.295,23.133
40.654,23.751
41.236,25.411
41.302,23.937
41.232,23.024
44.351,23.143
42.291,22.785
45.578,26.100
41.921,25.730
42.426,28.023
39.978,26.287
39.531,23.061
40.547,24.101
40.529,25.283
40.801,24.861
39.563,24.404
39.856,25.339
39.196,26.252
39.523,26.982
40.673,26.923
38.965,24.548
42.258,26.776
39.327,25.143
41.572,27.043
41.585,26.531
40.804,27.220
40.182,26.211
39.480,24.616
40.274,23.490
41.622,24.598
42.597,25.382
42.831,26.501
43.339,27.377
42.109,28.566
41.784,26.905
42.503,27.395
44.266,28.654
44.928,29.274
43.442,30.235
43.188,27.604
43.755,28.904
43.626,30.128
42.650,29.000
42.594,27.541
40.407,29.177
41.036,27.741
40.939,29.845
44.618,28.100
45.318,28.440
43.450,29.233
42.654,30.242
42.489,27.964
43.533,28.350
43.918,29.843
41.738,27.497
39.851,27.822
43.272,28.283
44.378,28.755
43.028,29.760
42.539,29.351
41.112,29.685
41.358,29.810
41.455,28.788
38.201,29.635
40.526,28.992
42.485,29.436
40.230,30.057
42.487,28.958
39.802,30.049
39.972,28.585
39.407,27.463
35.391,27.442
33.393,26.496
32.559,25.634
31.474,25.354
26.231,23.778
31.141,23.939
31.161,24.936
28.503,24.277
28.303,23.799
27.384,24.832
30.370,24.411
27.836,24.666
29.627,24.070
28.996,24.340
28.784,23.939
31.450,23.566
31.349,24.374
31.456,24.758
27.767,24.496
33.032,24.050
28.319,24.702
28.187,23.990
32.017,24.434
32.707,23.596
33.751,24.467
34.253,25.240
29.899,24.408
33.022,24.402
34.372,24.175
35.761,24.641
33.150,24.174
26.437,24.067
31.074,23.925
31.339,24.374
24.385,22.828
24.663,22.307
27.738,22.981
32.187,23.452
26.913,24.504
26.472,24.273
26.102,23.622
27.588,23.608
27.692,23.494
25.039,23.371
27.579,23.352
28.208,23.691
28.869,22.837
29.378,22.622
28.094,23.157
30.887,22.613
34.398,22.225
31.127,24.122
31.315,23.426
28.675,22.706
28.367,23.507
30.737,23.428
31.345,23.122
30.722,23.145
30.317,23.160
31.056,22.880
31.572,21.565
30.867,22.235
30.455,22.641
30.658,23.545
31.630,23.397
33.923,22.456
34.994,22.433
34.451,22.504
35.682,22.044
37.518,23.182
37.720,23.704
36.993,24.785
37.171,24.276
34.688,24.092
35.726,23.458
33.013,25.106
34.544,24.160
31.561,24.388
32.761,24.472
31.129,23.222
31.106,23.472
28.577,24.172
29.239,23.888
27.223,22.922
27.355,22.846
27.629,22.328
26.194,23.216
26.788,22.587
29.407,22.466
31.276,23.567
28.881,23.648
27.347,23.593
25.474,22.703
29.740,22.108
29.056,21.880
29.522,19.980
30.580,18.610
31.316,20.303
33.544,20.091
32.621,22.040
33.815,20.820
32.391,18.970
34.948,19.617
34.057,18.789
34.224,17.856
33.729,18.804
33.737,16.974
35.006,18.171
34.001,21.933
34.253,20.706
33.783,19.762
33.523,20.956
33.552,19.928
30.281,21.529
30.590,21.877
33.836,19.725
33.514,20.113
33.675,19.064
33.689,17.759
31.952,16.565
31.438,17.297
31.440,19.998
31.093,20.720
30.534,20.232
33.680,18.789
32.401,18.781
32.797,17.215
32.144,15.007
33.018,14.111
32.058,14.255
32.128,13.737
31.499,15.111
32.625,16.469
31.880,18.196
31.330,14.987
30.885,15.449
31.673,15.987
30.582,15.535
29.936,13.842
30.438,13.790
30.888,13.349
31.729,14.575
32.602,11.899
31.941,13.747
32.164,14.270
32.758,12.325
33.587,15.425
32.191,12.918
32.478,14.183
32.280,15.585
32.609,15.323
31.836,15.910
31.608,12.912
30.832,13.463
30.710,12.088
30.963,12.819
30.660,13.021
31.421,14.416
30.950,12.693
30.349,12.752
26.674,14.631
28.454,18.187
31.413,18.661
30.093,17.826
30.041,15.513
31.012,14.720
30.413,13.256
30.018,13.776
28.669,12.942
28.571,13.279
27.708,12.333
27.739,12.348
28.286,12.601
28.211,12.037
28.043,12.191
27.678,12.357
27.239,11.903
27.251,11.960
27.087,11.601
28.450,12.122
28.835,9.729
29.362,13.051
27.505,12.910
25.740,12.725
25.152,10.991
25.730,10.072
27.625,9.982
28.981,9.352
28.618,10.805
28.581,11.135
28.835,11.201
29.491,10.941
29.179,13.289
28.705,12.414
28.206,13.496
28.318,13.844
28.215,14.221
27.767,13.965
28.225,12.276
29.485,12.218
30.851,11.872
30.590,13.558
30.941,11.134
31.245,13.564
30.685,14.376
31.282,13.831
32.342,13.123
32.881,15.133
32.632,14.831
30.974,15.130
31.043,15.218
29.482,14.370
30.069,13.913
26.588,10.890
26.253,11.359
25.936,11.082
27.290,10.709
28.149,11.526
29.854,12.538
30.859,12.894
32.210,15.089
33.278,14.092
33.345,15.339
33.339,16.555
33.586,16.503
32.456,16.225
32.811,13.484
33.347,13.440
32.016,14.482
32.015,11.670
32.264,13.166
33.599,13.958
33.928,15.480
34.350,15.746
34.868,17.132
35.620,16.977
35.319,17.674
34.520,17.293
35.064,16.459
37.246,17.575
38.076,19.003
38.315,20.242
37.738,18.519
37.902,19.546
38.581,19.892
39.394,20.815
38.198,17.415
38.137,19.022
37.544,20.539
35.231,21.959
33.478,21.858
30.748,22.151
33.793,19.779
30.742,20.910
34.781,15.147
35.543,14.929
35.445,17.457
34.944,18.401
29.445,17.509
24.403,17.096
26.749,15.417
30.106,17.066
31.258,16.103
32.091,20.820
30.293,20.153
31.241,19.611
32.334,18.953
32.092,18.189
35.241,21.153
36.143,20.058
38.153,21.580
35.500,19.527
39.113,17.134
38.303,20.940
38.185,20.046
36.485,21.909
37.470,17.859
36.576,18.293
39.394,20.788
38.244,19.807
39.575,19.650
39.140,21.121
38.779,22.710
38.574,21.859
39.221,22.170
39.869,22.549
40.766,24.317
40.952,24.734
40.344,22.793
40.160,22.383
40.614,23.136
39.914,22.836
39.736,22.354
39.831,22.036
40.965,23.446
38.883,26.334
38.274,26.026
38.073,24.432
37.809,22.389
38.179,20.764
39.715,23.864
43.864,25.248
43.492,25.257
40.229,28.059
39.528,24.630
40.723,25.194
42.957,25.563
42.001,25.385
42.350,26.580
42.221,26.500
43.036,27.307
42.742,28.274
43.127,28.351
42.908,28.333
45.205,26.833
48.733,27.249
44.593,28.988
43.923,27.826
44.074,27.388
43.588,28.823
42.616,28.749
43.179,27.852
41.207,28.147
42.795,26.812
42.521,27.278
42.284,28.184
42.142,28.188
44.857,29.048
46.049,29.033
40.076,30.015
40.208,28.130
38.115,27.492
39.721,28.246
40.615,27.513
40.317,28.509
42.575,28.358
41.799,28.210
42.716,28.621
44.186,29.349
43.981,29.982
44.615,31.163
42.738,31.183
39.018,28.700
32.133,27.029
36.492,25.831
36.210,25.515
38.276,25.940
37.710,26.139
39.131,26.390
38.801,27.290
39.812,28.512
40.157,28.196
33.809,28.157
39.046,26.190
38.500,27.319
39.701,26.013
40.708,26.923
41.249,27.478
40.144,26.766
42.282,28.954
33.341,28.949
41.469,27.865
40.532,28.467
39.963,28.558
44.540,29.045
40.789,29.397
36.623,29.418
36.369,27.362
38.023,27.518
35.666,27.389
36.978,26.628
33.514,26.628
38.631,25.170
37.340,25.193
34.584,26.807
30.745,25.825
31.426,25.224
26.803,24.883
30.543,24.411
32.045,25.213
29.983,24.744
29.557,24.675
28.633,24.807
26.861,24.552
28.521,24.184
34.435,24.476
34.380,24.663
35.652,25.351
32.644,24.836
29.292,24.810
24.531,23.061
25.355,23.265
28.208,23.526
26.727,23.844
29.602,23.261
30.474,23.504
29.542,23.680
31.723,23.246
29.762,24.129
28.485,23.228
26.924,23.698
27.337,24.119
25.879,22.862
26.934,22.376
27.685,22.708
29.743,22.989
27.128,23.421
28.668,23.268
28.771,23.576
25.666,23.437
26.178,22.951
26.168,23.110
24.058,23.425
23.702,22.729
25.838,22.987
29.653,23.411
28.977,23.005
28.532,22.868
28.251,23.878
28.960,23.235
24.363,23.009
25.124,22.317
27.430,23.064
27.004,23.124
25.778,22.727
28.992,22.252
29.640,22.599
26.773,21.349
27.123,22.344
29.095,22.641
25.713,23.027
26.620,22.328
30.396,21.849
23.583,21.942
23.015,21.597
27.774,21.531
29.229,22.471
30.003,23.093
30.907,22.552
27.854,22.920
28.865,22.747
30.364,21.594
32.231,20.606
33.275,22.378
32.600,22.816
32.825,22.042
32.662,21.932
33.553,22.156
30.648,23.530
30.646,23.337
32.860,23.264
31.607,23.211
31.594,22.783
31.136,24.309
30.205,23.829
29.032,24.167
31.125,23.887
31.662,23.162
30.855,23.262
31.370,23.501
30.991,22.559
31.431,23.027
32.566,22.461
33.012,22.823
30.505,22.250
33.002,23.639
33.240,22.370
34.545,20.788
34.307,21.523
33.758,21.504
32.486,20.507
32.324,16.957
32.673,17.648
34.564,17.092
34.047,18.762
33.125,19.818
33.124,15.996
34.574,16.243
32.012,23.435
34.491,19.060
35.039,17.682
36.282,21.497
35.070,19.254
33.151,19.575
34.096,18.230
35.533,18.729
35.176,20.095
33.100,20.944
33.170,18.536
32.535,18.304
34.437,18.360
32.008,17.728
31.728,18.847
32.259,20.195
31.376,22.305
31.950,20.001
31.341,19.179
31.237,18.390
32.670,19.442
33.140,19.198
31.069,17.780
33.027,16.606
27.396,18.172
31.641,15.867
31.810,16.366
30.336,16.683
31.128,16.571
31.515,16.167
30.800,16.024
30.125,17.259
30.764,16.179
30.570,15.853
30.953,15.236
30.862,13.098
31.410,12.400
30.574,16.349
25.932,17.744
31.745,14.212
31.702,16.027
30.928,17.234
31.196,15.985
30.124,15.013
31.231,16.878
28.860,18.506
32.056,20.146
23.704,18.873
30.575,18.093
31.691,17.633
31.744,18.232
30.878,15.730
31.175,17.174
30.717,15.483
30.669,15.094
30.112,14.456
29.937,12.827
29.430,13.648
28.285,13.909
29.497,14.015
30.770,14.821
31.123,14.369
30.747,15.482
29.893,15.577
29.439,14.342
29.238,14.261
28.976,13.942
28.609,11.804
29.114,14.324
29.433,14.772
29.236,13.343
29.417,15.309
30.426,14.467
30.872,21.030
28.504,15.344
29.615,14.801
29.456,14.158
29.489,13.484
27.984,13.396
27.227,12.809
28.431,12.731
28.463,13.511
28.493,12.482
28.087,13.622
27.367,12.973
28.171,13.042
29.408,13.253
29.279,12.046
28.822,14.145
29.047,13.763
29.035,14.248
28.666,13.426
29.955,13.454
29.780,12.022
27.764,12.794
28.667,13.128
30.310,12.659
30.832,12.172
28.890,12.773
29.339,13.488
29.858,14.593
30.566,15.241
31.782,15.390
32.553,15.399
32.563,13.628
32.612,14.448
31.672,21.006
32.550,16.874
33.171,20.936
32.948,17.616
32.716,16.613
33.448,17.251
32.266,16.901
32.390,14.963
31.985,16.530
30.810,16.650
32.379,14.539
33.105,16.495
30.301,18.548
31.996,18.019
30.713,16.173
26.277,14.753
26.634,15.870
28.424,14.658
28.710,15.399
30.070,15.369
30.941,15.437
32.593,15.876
33.573,16.655
33.382,17.104
34.254,16.518
35.109,16.122
35.163,18.504
33.197,21.337
33.347,16.625
34.511,15.211
34.704,17.461
32.191,17.388
33.478,18.580
32.704,16.988
35.457,17.298
35.981,18.462
35.841,17.620
35.426,17.946
34.689,17.452
34.508,15.766
34.747,18.858
36.162,17.102
33.139,22.502
30.246,19.314
34.496,18.848
33.076,17.200
36.673,17.556
37.295,17.711
39.385,17.652
40.726,21.579
38.452,24.124
37.949,23.152
37.817,21.097
39.185,22.634
38.977,21.297
37.897,20.922
41.127,19.541
42.102,21.032
43.288,20.377
43.477,20.173
42.984,19.954
41.830,21.606
41.487,26.209
41.141,24.752
41.582,23.581
44.233,21.526
43.911,22.206
42.636,21.431
42.704,24.644
40.789,24.364
40.812,26.013
40.841,22.762
41.401,23.813
41.453,24.800
41.136,24.149
42.440,24.462
44.879,29.210
44.210,28.136
43.193,26.602
44.889,25.865
41.210,28.063
43.858,27.125
40.900,27.194
40.600,25.695
41.031,25.394
40.384,24.175
43.639,25.558
42.931,26.531
44.755,26.863
46.907,28.749
42.871,27.215
47.548,32.092
46.251,30.037
47.224,32.653
44.553,30.662
43.510,30.001
46.795,27.112
45.830,29.387
43.366,30.116
40.943,28.095
43.316,26.457
43.559,27.732
43.006,27.735
42.542,27.755
42.362,27.237
41.885,27.376
41.230,27.447
41.431,27.010
42.636,27.771
42.794,27.776
41.914,27.673
40.703,27.814
37.864,26.422
40.397,26.716
40.611,26.628
41.604,26.262
40.905,27.273
41.318,27.012
41.723,27.012
34.633,28.018
39.549,26.198
35.901,27.702
46.287,26.919
42.482,31.466
41.718,30.843
34.813,29.698
38.387,28.034
38.827,28.925
40.522,28.241
42.834,29.068
44.052,29.798
43.398,30.519
41.707,29.943
41.375,28.673
42.988,28.980
42.581,29.564
34.282,29.162
34.620,27.620
35.050,26.734
40.049,28.052
38.578,28.120
39.749,27.514
36.765,27.094
38.530,26.981
38.898,28.219
35.873,28.035
30.993,26.511
29.443,25.423
32.418,24.053
31.843,25.172
34.331,25.314
35.099,26.021
32.993,26.311
29.988,25.284
28.994,24.397
26.494,24.120
26.361,23.603
26.943,23.935
24.859,24.265
24.434,22.954
24.929,23.166
24.060,22.591
24.042,22.816
24.578,22.800
31.257,23.118
31.544,24.194
29.900,24.548
28.864,24.161
31.132,24.181
31.511,24.586
33.333,23.897
34.839,24.181
32.964,23.626
32.809,23.490
33.574,24.015
36.968,24.419
32.592,26.025
32.468,25.265
31.592,24.022
30.365,25.470
30.306,24.575
30.434,24.092
30.907,24.116
32.374,24.438
32.221,24.535
30.412,24.310
28.786,24.331
28.217,23.734
27.754,23.545
28.491,23.901
28.803,23.042
25.148,22.928
26.521,22.634
27.778,23.658
26.701,22.920
28.387,22.595
26.598,23.391
26.126,23.038
28.664,23.279
27.923,23.586
27.943,23.833
28.532,22.571
29.900,22.810
30.377,23.063
24.308,23.246
29.652,22.657
29.670,21.835
30.620,21.878
31.854,22.622
33.947,23.489
32.236,24.780
32.226,24.833
27.010,23.760
28.317,23.220
29.183,22.767
30.486,23.390
30.730,23.591
29.616,24.194
30.522,23.632
30.556,23.716
27.155,23.838
26.962,23.414
29.513,22.383
29.624,21.777
30.360,21.884
31.099,21.107
31.367,20.767
30.794,21.851
31.752,21.727
31.143,21.413
32.100,21.646
32.833,22.114
34.229,23.527
31.945,24.304
31.166,23.783
30.403,23.527
30.404,24.332
29.927,25.019
31.557,21.924
31.261,21.585
29.881,22.969
29.785,23.110
29.632,22.209
32.951,22.127
32.230,20.548
33.424,20.426
32.828,19.335
34.671,20.076
32.123,19.343
32.356,22.149
32.321,19.752
32.923,21.723
34.076,18.040
34.418,17.806
34.173,16.910
34.548,17.837
29.636,20.072
32.933,17.624
33.249,15.280
34.386,15.627
34.707,15.386
34.587,15.757
33.668,14.944
33.138,15.692
34.234,14.205
33.715,13.632
33.804,14.554
32.885,14.640
33.333,14.661
32.859,17.749
32.567,17.452
33.417,17.057
34.028,17.822
33.514,18.390
32.363,17.386
33.164,18.305
34.118,22.313
33.813,22.132
34.509,22.452
34.194,20.642
35.131,21.818
35.071,18.191
36.264,16.891
35.722,18.647
34.058,17.783
32.269,21.459
32.986,20.591
33.725,20.015
33.869,21.983
33.126,16.252
32.026,18.164
31.968,15.717
30.909,15.413
30.679,14.503
30.208,15.852
30.051,14.449
30.288,12.781
30.543,13.637
31.540,12.572
30.374,13.630
30.284,13.634
30.669,15.088
30.273,13.118
30.166,11.359
30.145,12.249
30.612,14.999
29.398,16.113
23.639,15.579
28.567,16.604
28.502,15.671
28.040,14.293
28.125,15.344
28.853,14.512
27.613,13.410
28.481,13.130
30.004,15.774
29.738,15.191
28.681,18.142
21.550,15.227
27.527,15.612
20.202,14.982
29.150,14.537
27.711,14.131
27.980,13.287
28.058,13.324
30.221,14.710
32.038,15.564
31.993,15.947
31.552,13.547
31.667,13.428
31.638,16.146
31.072,15.694
31.326,16.026
29.644,14.834
29.465,12.312
30.296,13.612
30.495,14.270
30.321,13.581
28.409,11.330
29.046,13.163
29.620,15.000
30.210,15.200
30.299,12.547
30.430,14.303
29.463,13.657
30.617,12.353
30.968,14.104
28.625,14.135
30.506,14.206
29.630,14.409
30.119,14.499
30.120,13.787
30.908,13.882
31.078,14.241
30.630,15.060
27.342,11.537
28.605,11.819
27.049,11.798
27.884,11.574
26.319,8.358
24.967,9.937
26.283,8.888
23.911,8.868
24.790,9.751
26.450,9.516
29.203,11.006
24.925,12.507
25.303,10.404
25.102,10.113
27.124,9.480
26.152,16.123
25.486,8.603
25.426,7.622
25.392,8.568
25.256,8.754
26.174,12.848
25.229,9.959
26.295,8.544
27.372,13.316
28.759,12.297
28.897,11.836
30.729,13.327
32.288,14.706
33.366,15.258
33.430,14.748
34.336,13.944
34.285,15.453
33.697,14.771
33.883,14.067
33.943,14.018
34.037,14.373
33.185,15.288
33.569,13.894
33.968,15.157
34.853,13.831
34.604,14.991
36.855,14.167
35.936,14.415
35.802,16.398
35.998,16.900
35.802,16.223
36.633,16.858
38.331,18.620
38.266,18.579
37.348,19.800
39.652,16.306
37.469,20.612
37.831,19.521
37.532,24.920
37.612,21.941
38.761,23.025
38.766,22.371
39.872,20.852
38.649,21.333
39.081,18.675
39.172,20.842
38.406,19.840
38.689,18.260
39.352,19.657
37.243,24.601
38.611,22.647
38.751,22.863
41.765,21.774
40.679,25.093
42.268,21.276
40.048,23.588
37.064,22.956
36.114,23.714
36.664,20.057
36.993,20.945
36.057,20.435
35.578,19.134
35.564,22.517
38.876,22.591
35.377,22.001
39.341,21.642
40.056,20.093
43.252,19.901
44.599,21.413
41.632,24.946
41.318,24.943
41.267,25.251
42.029,24.899
40.644,23.704
41.428,23.458
41.874,23.982
41.713,22.873
42.260,23.729
41.873,25.788
43.075,26.309
46.243,27.979
47.133,26.078
45.827,26.849
44.391,27.493
43.693,28.191
43.665,26.713
43.236,26.595
42.830,28.715
42.555,27.596
40.676,25.783
42.395,26.150
41.658,25.966
40.925,26.247
39.212,25.905
40.035,26.281
40.964,28.154
41.100,27.394
39.782,26.705
39.347,26.919
41.654,26.557
42.030,26.505
42.239,27.797
41.565,27.910
40.977,27.537
41.053,26.988
40.888,26.342
41.022,25.838
40.870,26.946
39.718,26.720
40.638,27.017
41.532,27.434
42.466,28.619
42.984,26.951
42.873,27.896
42.836,29.469
42.741,29.008
42.803,28.620
41.526,28.608
40.285,28.558
41.965,28.044
40.091,29.281
41.286,29.881
40.496,28.365
39.373,29.134
35.599,28.159
35.755,26.473
37.213,26.769
30.145,24.994
29.384,24.822
32.710,24.716
31.802,24.849
32.625,24.544
32.919,25.369
28.889,24.777
33.440,25.213
31.315,25.558
35.388,24.509
33.261,26.148
27.382,24.659
31.382,24.391
35.410,25.546
36.079,25.973
36.634,26.705
29.148,24.767
28.122,24.630
26.974,24.160
28.586,23.714
29.376,24.033
29.269,24.638
30.230,24.208
30.039,24.310
29.436,24.102
30.038,24.672
29.680,24.221
34.458,25.119
32.524,25.191
33.420,24.666
28.047,25.050
24.838,23.902
24.305,22.902
28.668,22.797
30.271,23.184
32.559,24.504
32.442,24.300
34.202,24.675
35.403,24.167
34.403,24.846
32.450,25.068
33.941,24.291
35.652,25.026
36.299,24.932
35.930,24.858
36.491,25.882
35.174,25.726
26.873,24.515
26.598,23.790
30.015,22.990
27.593,23.508
30.767,23.317
30.172,23.286
31.315,23.191
30.249,23.366
30.211,23.620
30.303,24.089
29.051,24.553
27.211,24.425
28.493,23.340
26.270,23.045
28.058,23.726
28.663,23.293
30.393,23.918
27.425,23.654
27.410,22.826
26.319,23.993
29.856,23.634
27.914,23.609
31.578,23.554
29.065,22.573
28.108,23.406
31.359,22.333
32.571,21.515
31.834,20.549
33.090,21.001
34.884,23.009
28.850,24.264
29.573,23.451
26.571,22.452
31.637,22.665
32.740,22.423
33.406,20.918
33.899,21.712
37.706,22.618
36.343,23.242
36.707,23.864
33.349,25.216
32.313,24.086
32.450,23.836
28.471,23.139
29.848,23.494
32.537,23.300
32.017,23.451
31.734,23.711
31.678,24.393
31.198,23.880
30.154,22.851
27.192,22.902
30.564,22.016
29.209,22.604
27.925,23.000
28.345,23.009
30.362,23.724
30.494,23.049
32.034,21.511
32.575,21.977
33.971,20.295
32.681,21.376
33.115,20.805
32.949,19.204
32.641,19.110
33.011,18.398
33.293,18.002
34.842,20.151
34.355,23.920
38.190,24.477
37.277,22.144
38.385,22.969
37.762,21.787
35.312,22.798
33.884,21.489
35.844,20.780
36.619,21.174
36.566,20.392
36.304,19.420
38.344,18.513
36.922,18.050
36.076,19.816
35.597,20.690
35.333,23.056
35.119,22.721
35.365,19.344
34.421,18.077
34.650,18.467
34.823,18.745
34.468,17.872
34.556,18.216
34.648,16.920
36.601,15.211
35.073,14.992
35.881,16.957
36.421,17.542
35.846,17.438
35.477,18.653
36.119,16.347
36.301,15.343
35.619,14.816
35.188,16.227
35.901,15.249
35.331,16.495
34.095,18.421
33.520,17.232
33.604,16.098
32.516,16.030
32.102,17.352
32.408,15.287
32.878,17.923
33.196,19.814
32.411,18.033
32.010,17.669
28.750,23.005
31.362,20.135
31.162,21.001
31.136,20.481
31.611,19.330
30.826,15.941
30.840,15.262
30.236,14.565
30.316,14.135
31.002,13.939
30.526,14.751
29.681,15.433
31.252,16.076
24.486,18.872
29.208,19.790
31.901,18.169
31.905,17.233
32.962,17.433
32.845,18.497
32.673,18.004
32.469,17.156
31.598,16.688
32.387,16.188
32.690,16.343
32.711,17.341
31.995,16.883
32.216,17.175
32.381,18.417
31.498,17.356
31.200,17.485
31.566,17.931
32.386,17.759
31.230,16.992
29.453,18.183
24.348,17.384
22.308,16.715
30.608,14.339
29.115,13.015
29.820,12.133
29.900,10.937
29.263,10.445
28.152,9.610
28.628,9.362
29.234,10.137
29.558,11.668
29.200,13.001
28.967,13.267
30.041,13.584
29.615,14.373
29.004,14.094
28.172,13.497
22.243,14.068
25.080,16.119
27.615,17.356
29.429,18.002
30.223,17.613
31.281,18.113
30.719,16.643
32.254,17.842
30.415,17.785
31.425,19.102
31.704,17.262
31.343,15.487
31.867,15.702
32.207,16.972
29.630,17.370
32.765,15.659
32.765,15.738
32.977,15.767
34.326,15.081
33.344,14.698
32.037,15.208
32.203,14.187
32.287,15.305
34.576,15.210
33.931,16.585
31.925,14.431
32.357,14.677
32.333,11.934
32.933,13.840
31.696,13.768
31.486,14.132
32.967,14.844
33.760,15.438
33.487,16.109
32.956,15.279
30.627,13.040
30.764,12.821
31.567,14.073
32.446,14.276
32.179,15.050
33.201,16.445
34.105,17.375
35.186,18.807
36.317,18.599
35.174,19.109
36.133,20.612
36.061,20.712
37.282,18.133
35.925,18.799
36.459,19.338
37.476,18.014
37.802,18.843
37.227,19.891
39.384,18.279
39.053,19.533
41.306,21.242
39.073,20.064
38.336,20.739
38.259,18.955
36.414,18.032
37.122,17.683
36.939,22.038
37.254,20.247
40.308,20.211
39.558,19.470
37.482,20.748
34.415,23.528
38.827,19.788
37.450,16.526
37.804,17.787
37.578,20.285
38.912,21.181
37.948,20.534
36.374,19.143
37.735,18.624
37.462,21.173
37.825,24.633
38.948,22.517
39.524,22.038
36.941,17.811
38.123,19.551
39.861,22.850
40.262,23.194
39.981,23.685
40.808,21.691
44.390,24.054
41.560,24.918
41.793,24.786
42.059,24.098
36.031,23.858
38.377,22.147
37.490,25.652
38.015,21.408
40.624,22.164
42.315,22.604
43.352,20.376
45.140,22.835
43.774,22.583
41.605,24.833
41.545,28.048
40.648,28.724
43.607,24.063
47.112,22.430
43.770,25.824
41.177,26.511
40.628,24.792
42.077,24.343
44.311,23.290
42.348,28.357
45.451,26.424
45.865,23.773
45.428,26.086
46.879,28.432
45.999,28.477
44.687,28.466
43.497,28.704
43.702,27.189
41.796,26.076
42.365,26.908
41.643,27.851
42.089,26.966
44.153,28.483
43.121,28.193
42.512,27.131
41.482,27.237
43.303,27.255
43.802,28.415
43.373,29.774
44.752,28.095
43.514,28.250
44.720,28.448
39.788,29.322
38.628,29.317
40.085,28.325
44.367,28.449
43.320,29.011
41.401,28.704
42.014,28.134
40.364,27.840
42.278,27.358
42.537,27.740
44.037,28.579
43.013,28.797
42.218,27.886
41.508,28.389
41.058,28.899
41.520,28.657
41.054,28.617
41.824,28.234
40.805,28.295
40.895,28.297
40.827,27.625
41.282,28.112
41.276,27.669
41.995,27.350
40.937,27.471
41.551,27.988
41.287,28.083
42.142,28.263
41.077,27.745
41.320,27.554
40.776,28.409
41.928,29.347
40.676,28.600
43.828,28.945
39.863,27.750
40.656,28.149
43.563,28.591
41.024,28.084
41.507,27.654
38.845,27.807
37.601,27.526
31.496,24.767
34.524,25.462
36.308,25.884
36.749,26.032
36.912,26.941
33.438,26.242
32.322,25.431
38.591,25.322
39.046,26.216
40.051,27.014
38.505,27.053
28.070,24.410
32.969,24.067
33.631,24.370
32.948,25.237
31.088,25.413
27.884,24.458
32.184,24.299
30.276,25.178
29.445,24.662
28.371,24.331
31.080,23.531
32.401,24.626
30.792,24.709
29.659,24.529
27.035,23.540
25.624,22.961
26.307,23.375
27.051,23.882
27.634,23.839
26.344,23.705
27.397,24.159
27.423,24.582
25.997,23.976
27.734,23.524
27.971,23.926
31.903,24.083
30.518,24.068
31.275,23.894
28.239,24.130
28.313,23.760
29.966,23.584
27.997,24.112
26.883,23.697
32.634,23.717
26.544,23.137
24.182,23.330
28.604,23.254
30.816,23.340
31.607,23.462
32.830,23.221
33.639,23.361
35.143,23.856
32.198,24.037
31.458,23.585
32.593,22.934
33.947,23.286
34.973,23.131
34.291,23.807
29.346,24.124
25.439,23.225
25.587,23.036
27.117,22.959
29.049,23.266
30.177,23.121
31.610,22.720
28.001,24.095
26.531,23.894
29.023,23.894
28.257,24.324
30.294,23.543
29.050,22.950
31.070,23.231
29.399,23.731
30.092,22.992
31.380,22.158
32.461,22.666
33.078,21.162
33.251,22.040
32.829,21.687
32.369,20.564
35.218,20.481
34.135,21.540
34.952,22.683
35.079,22.804
35.697,22.348
36.837,22.637
37.651,22.702
36.425,22.542
35.969,23.460
35.650,23.267
36.104,23.663
36.438,25.256
37.144,23.450
34.338,23.841
37.236,23.988
36.399,24.756
31.900,24.182
30.152,23.887
27.464,24.257
31.874,22.704
32.140,21.611
31.197,20.025
30.807,18.518
31.127,18.043
31.789,17.369
31.963,22.813
33.091,19.768
32.590,17.558
34.265,20.281
33.391,19.161
33.432,21.847
33.444,16.621
33.145,15.103
33.108,15.701
33.713,15.185
34.983,15.970
34.237,14.995
34.329,13.587
33.053,14.619
32.913,14.697
32.475,14.820
33.063,16.193
33.427,17.910
34.300,17.549
35.245,14.766
35.592,14.008
33.801,14.470
32.880,16.470
32.818,15.920
32.616,17.629
32.702,19.100
32.445,18.164
33.561,19.683
32.627,20.722
26.515,20.444
20.787,18.552
23.827,19.321
26.191,20.813
28.981,22.073
23.040,21.533
21.901,20.144
26.968,19.317
26.752,16.667
26.398,15.978
25.890,14.871
24.726,12.656
24.714,11.429
25.879,13.193
26.292,14.076
29.656,14.407
30.435,14.928
29.238,15.730
28.019,15.203
27.256,13.514
26.432,13.366
26.493,13.405
26.383,14.132
27.161,13.806
28.585,14.905
28.932,13.847
29.292,15.806
29.291,16.543
30.100,17.143
30.100,17.365
30.044,16.734
30.007,15.741
29.738,16.329
28.184,15.646
29.743,16.246
30.797,17.289
25.848,19.291
22.995,17.348
22.891,16.573
26.959,15.443
24.421,16.708
26.216,15.638
26.242,14.404
26.739,14.225
26.927,14.068
26.044,11.953
26.082,10.923
26.816,12.553
26.458,14.381
27.212,16.660
26.152,13.970
25.935,13.318
25.909,12.223
26.796,12.797
28.462,14.629
26.324,17.541
26.153,11.622
24.432,10.182
25.390,10.024
26.652,11.035
27.640,12.258
27.707,12.721
29.504,15.357
29.393,18.943
25.974,14.574
24.869,11.193
25.375,10.621
25.976,12.006
27.758,12.186
27.791,12.013
27.126,11.494
26.699,11.338
27.796,12.064
27.499,12.674
27.739,11.998
28.333,11.574
29.458,11.051
28.974,13.865
28.772,13.830
28.967,13.140
29.127,13.522
29.832,14.036
29.195,12.724
29.226,12.628
29.656,17.669
29.026,15.211
29.871,16.904
30.732,18.457
31.282,17.172
31.643,16.714
32.867,17.286
30.893,19.759
29.685,17.265
23.639,17.108
31.478,18.555
31.344,15.904
30.864,14.086
30.505,14.007
32.585,19.402
31.755,13.094
32.077,14.857
33.206,15.265
34.155,16.518
34.127,16.800
33.368,21.781
32.988,18.904
31.205,15.163
31.785,12.987
34.452,16.154
35.404,15.393
35.617,16.604
36.289,17.115
37.053,17.992
35.893,20.342
35.400,18.284
36.027,18.698
34.250,18.873
33.700,18.347
36.659,16.900
36.761,19.424
38.203,20.900
37.954,21.470
37.926,21.746
38.925,19.759
38.096,18.659
38.204,19.228
40.089,20.326
41.319,21.122
40.373,20.840
41.857,20.639
41.186,21.322
41.307,21.433
41.464,23.122
40.898,22.865
39.868,21.730
39.322,21.295
39.611,21.388
40.076,21.002
40.354,22.057
41.794,24.142
38.970,23.903
38.409,22.264
37.047,21.634
39.016,21.577
38.839,21.543
39.290,20.087
40.476,22.155
43.365,22.229
45.387,21.891
44.111,26.026
43.165,25.665
41.355,27.012
41.767,24.700
41.556,24.769
42.394,24.790
45.309,24.927
47.356,26.278
44.914,26.511
44.676,27.531
42.980,27.174
41.978,26.499
40.527,26.083
41.038,25.747
41.318,26.252
41.618,25.662
42.474,24.898
41.634,25.478
42.371,26.189
42.842,26.411
42.977,28.048
42.743,27.042
42.732,26.910
41.578,27.095
41.805,26.695
40.643,29.036
42.447,28.104
43.257,28.334
42.839,28.705
42.691,28.624
42.577,28.102
43.198,29.032
42.741,28.222
43.057,27.032
44.049,28.146
44.574,29.059
43.007,28.616
42.908,27.593
44.267,28.544
44.400,29.274
45.720,30.105
45.655,30.554
50.334,30.809
47.289,30.335
46.042,30.211
45.647,30.387
44.721,30.485
44.012,30.274
42.846,29.033
41.865,28.306
41.543,28.124
41.823,27.992
41.091,28.507
42.264,27.977
42.837,28.448
39.802,28.112
35.888,28.375
40.474,28.274
39.870,28.424
39.972,27.797
38.584,26.295
39.562,26.437
39.266,27.767
41.789,31.293
47.076,29.935
49.052,31.166
47.461,32.163
45.613,30.173
35.737,27.454
30.072,25.078
35.021,25.717
39.148,26.025
41.751,27.701
41.403,28.601
40.220,28.073
40.877,27.964
41.010,28.324
40.822,27.777
43.568,27.164
42.736,27.955
43.719,29.918
38.715,28.156
34.500,26.571
37.180,25.858
36.869,26.222
39.345,25.456
36.891,25.929
35.686,26.081
31.510,24.908
32.922,24.242
31.340,24.524
30.749,24.167
32.825,24.314
33.806,24.343
29.167,25.788
31.066,25.105
31.689,24.841
34.396,25.066
34.569,24.711
26.529,24.577
32.738,24.270
34.141,24.968
34.753,25.094
35.636,25.615
34.565,26.012
32.003,24.924
30.151,24.649
29.668,24.897
24.901,23.407
30.800,22.957
31.277,24.420
32.337,23.473
36.842,23.670
32.789,24.278
27.676,24.228
27.266,23.953
28.211,23.938
29.268,23.434
25.011,22.677
29.158,23.383
28.884,23.654
30.444,22.892
25.596,22.611
28.428,23.200
30.443,22.942
31.228,23.147
31.836,24.279
32.199,24.229
30.471,23.982
31.152,23.897
30.654,23.363
31.576,23.999
31.975,23.822
29.503,23.627
30.394,24.003
29.468,23.166
29.872,23.037
28.926,23.126
29.537,23.372
32.064,23.347
31.747,23.753
31.509,24.680
31.647,25.031
31.724,24.953
30.066,24.296
27.751,23.098
28.364,23.120
27.123,22.940
28.572,22.951
28.396,22.982
28.240,22.421
27.476,23.776
27.861,23.529
29.308,23.604
27.574,23.868
27.636,22.599
26.774,22.206
26.844,21.801
28.514,22.522
28.263,22.612
29.256,23.265
30.333,23.620
29.839,22.713
30.253,23.094
30.289,21.605
31.095,20.141
31.322,20.917
31.729,20.801
31.687,20.787
33.856,21.139
31.231,21.661
32.679,21.889
33.000,21.141
34.746,21.038
35.472,20.991
33.222,21.388
33.147,19.848
33.985,19.440
35.526,20.873
34.358,22.790
36.203,20.224
36.446,20.507
34.378,18.963
34.460,19.822
35.845,17.064
33.995,20.119
33.277,22.687
34.389,22.494
35.922,20.231
34.859,20.285
35.230,22.021
34.996,19.870
33.511,22.836
32.422,21.804
32.779,22.520
32.383,22.680
34.573,21.850
33.369,22.677
34.102,22.345
34.446,20.171
35.188,22.246
33.595,21.642
34.017,19.230
34.257,23.710
32.586,18.211
32.743,22.607
32.353,20.866
31.133,15.901
30.916,16.510
30.519,17.422
30.662,19.039
32.297,19.413
31.637,18.118
31.015,16.650
30.006,19.827
31.686,21.466
34.242,21.029
33.660,22.752
30.848,21.282
31.653,21.166
30.554,21.210
32.493,23.155
31.715,21.248
30.479,20.091
29.332,20.273
30.355,21.406
29.799,19.012
29.317,18.228
24.724,19.745
28.800,18.079
27.858,19.549
28.136,21.409
30.702,19.955
29.946,20.073
30.957,20.496
31.008,19.675
31.285,18.131
29.746,18.069
30.064,18.192
29.111,17.574
28.557,16.954
29.285,16.836
27.946,15.384
27.217,13.331
27.730,15.162
29.197,15.980
28.639,15.409
27.367,13.276
25.086,11.103
25.717,10.070
25.848,11.812
25.996,11.028
26.635,10.906
27.252,10.881
27.389,11.861
26.696,11.580
25.885,11.398
27.637,9.751
28.220,8.578
27.564,11.301
27.879,10.537
28.262,12.317
28.804,12.751
28.412,13.933
28.473,15.586
28.901,14.595
28.838,14.046
24.586,14.929
24.006,10.752
24.321,9.570
24.899,9.554
25.357,11.465
25.425,10.375
24.862,8.470
24.393,8.138
26.581,8.425
26.778,10.445
24.632,9.334
26.089,8.666
27.568,10.998
29.121,9.557
28.386,10.187
27.117,12.431
25.054,11.091
26.269,9.002
28.031,11.673
28.291,12.621
28.048,11.340
27.964,11.697
28.963,12.624
29.476,10.915
29.974,13.812
29.748,13.113
27.971,12.567
28.250,12.743
30.830,14.425
29.857,12.992
28.600,13.721
29.059,14.118
30.977,14.490
31.273,14.299
31.344,14.599
31.451,14.478
32.517,13.582
32.680,13.204
32.255,14.220
30.848,14.501
30.578,15.580
31.846,15.201
32.651,17.152
33.254,16.353
32.744,15.993
32.250,16.737
30.943,16.014
27.218,15.342
28.834,14.265
28.357,14.431
29.819,13.567
29.836,17.004
29.825,14.497
30.840,14.228
32.866,15.262
32.634,16.024
32.443,16.771
32.259,13.076
31.977,14.626
32.140,16.602
34.656,18.689
35.114,17.242
35.700,19.160
35.141,18.309
35.732,18.333
36.292,17.541
37.144,19.235
37.766,19.034
34.578,17.659
35.961,17.017
34.005,17.523
35.033,16.095
36.970,16.410
37.617,16.232
38.978,18.582
37.627,18.994
38.698,16.111
39.263,21.105
38.404,19.485
36.985,17.833
37.769,19.202
36.789,17.496
36.885,18.197
36.331,18.800
36.812,17.278
38.744,19.180
38.356,18.219
39.404,20.852
38.737,18.488
38.640,19.351
37.493,19.985
37.680,19.474
37.320,19.763
36.677,19.816
37.815,19.497
38.023,20.880
37.877,21.169
39.161,21.616
38.438,21.268
38.953,21.488
39.567,21.505
40.292,22.316
40.904,24.186
39.894,23.926
39.815,23.255
40.569,23.764
42.438,24.217
41.461,26.090
39.879,24.794
41.173,23.904
40.390,22.430
40.500,20.970
39.130,22.637
39.337,25.825
40.995,24.923
42.323,21.992
44.709,23.377
46.266,24.781
42.753,23.317
44.968,26.370
45.824,28.745
44.673,28.227
41.198,28.127
39.978,25.951
38.345,25.649
39.304,25.518
39.681,25.906
39.427,24.379
41.522,25.466
41.888,26.395
40.853,26.532
40.979,25.646
41.408,25.720
41.937,25.783
41.460,25.798
41.554,26.918
42.547,27.144
42.973,30.069
44.736,28.936
42.368,28.870
41.351,27.156
40.640,27.368
39.065,27.559
39.921,27.497
41.694,27.409
42.339,27.803
41.324,28.068
42.076,28.347
42.365,28.400
42.905,28.432
42.258,28.764
40.457,28.540
40.580,28.231
40.933,28.122
39.054,29.003
37.547,28.322
41.075,29.559
42.385,30.083
43.924,29.932
42.860,29.225
40.702,29.067
37.888,28.410
40.402,26.701
40.472,27.212
39.929,26.560
38.939,26.137
35.908,26.198
37.270,25.496
35.989,26.273
35.052,26.525
35.803,26.268
35.753,26.600
33.981,26.153
29.962,26.156
28.075,24.972
29.121,24.688
25.567,24.000
27.532,23.990
28.718,24.521
29.418,24.223
27.786,23.903
30.342,23.026
32.832,23.553
32.853,23.916
32.732,24.094
31.502,23.934
27.725,23.890
32.308,24.229
31.831,24.208
28.886,24.117
27.096,23.208
28.027,23.359
27.483,23.415
29.169,23.964
25.542,24.359
25.621,24.076
27.479,23.669
28.565,23.676
28.638,24.483
28.899,24.115
27.519,23.675
29.357,23.672
27.552,23.513
27.408,23.447
24.023,22.954
26.505,22.903
26.820,23.546
30.130,23.566
32.255,24.166
29.040,24.455
26.721,24.032
28.417,23.443
28.712,23.725
27.341,23.079
29.677,23.615
29.067,23.689
25.659,23.814
29.345,22.721
27.444,23.646
27.186,23.523
26.190,23.410
25.669,21.811
24.764,21.770
28.230,23.057
26.497,22.998
27.275,22.961
27.754,23.218
26.755,23.089
27.604,22.337
28.791,22.522
28.848,22.649
28.511,23.046
28.658,23.643
28.401,22.804
31.882,22.459
31.455,23.901
25.776,24.396
27.088,23.213
24.370,22.932
26.377,22.946
29.668,23.237
30.097,23.536
28.010,23.628
29.825,23.411
27.863,23.614
30.100,23.294
26.428,23.672
27.683,23.234
27.755,22.568
27.490,22.480
28.287,22.863
25.975,22.513
27.633,21.620
26.802,22.631
26.845,22.949
27.736,22.239
29.250,22.583
29.716,23.236
29.898,22.652
28.437,22.522
27.614,21.956
28.826,21.745
28.759,21.545
27.949,20.919
28.325,21.890
28.266,20.667
28.442,20.925
29.385,21.932
29.063,20.326
29.619,20.303
30.182,20.450
30.751,20.174
31.523,20.681
33.142,19.818
31.880,20.658
31.141,20.150
31.029,20.071
31.998,18.213
32.121,19.145
32.732,20.381
34.329,20.662
33.743,20.941
35.228,20.666
33.830,20.116
33.079,22.532
35.243,20.585
35.333,19.754
36.124,22.998
35.462,22.642
34.474,21.007
34.531,21.105
34.277,22.998
33.575,19.085
32.579,17.253
33.115,15.319
33.573,17.790
33.035,17.592
32.873,17.867
32.881,16.103
32.793,19.035
33.121,17.826
32.360,18.295
31.827,17.961
31.999,17.463
31.876,17.422
31.759,17.977
31.484,17.496
32.229,17.289
32.414,15.789
33.162,16.423
33.161,15.187
32.718,15.603
33.990,16.141
32.343,18.035
33.729,15.654
33.484,16.657
33.993,16.623
33.020,17.860
32.424,18.921
31.575,17.364
32.378,15.061
32.179,14.375
31.875,15.556
33.068,14.315
31.581,16.094
31.986,16.583
30.456,15.809
29.674,15.133
29.479,16.078
29.749,15.408
29.724,16.413
30.452,17.316
30.488,19.113
31.736,19.573
32.209,17.784
30.818,14.030
29.984,14.416
31.313,14.578
32.096,16.877
32.116,17.031
31.728,15.377
31.564,14.781
30.783,14.337
30.503,13.588
30.019,14.244
27.167,12.878
26.639,11.483
27.501,11.561
28.491,12.135
28.919,12.783
27.981,12.712
28.218,12.544
28.304,12.238
28.481,12.422
28.219,11.497
28.352,12.728
28.822,13.765
28.682,13.575
28.829,12.263
28.493,10.422
28.524,11.483
27.285,10.399
27.931,11.842
26.976,11.602
27.158,11.399
30.033,14.722
29.140,17.067
25.538,12.015
26.900,11.648
28.429,12.680
29.278,13.344
28.486,12.335
27.059,12.989
27.163,11.090
25.061,11.314
23.633,9.346
23.822,8.747
23.969,9.023
24.176,8.259
24.831,8.370
28.027,8.870
28.806,9.382
27.467,13.261
25.177,9.921
24.388,7.937
22.515,8.680
24.497,8.919
27.889,10.983
28.100,10.849
28.208,11.832
27.132,14.442
26.610,17.158
27.545,12.707
28.230,10.999
26.818,12.544
27.885,13.359
28.622,13.952
27.304,12.548
28.570,11.964
29.633,12.330
31.592,12.142
30.115,15.010
30.633,14.609
30.713,14.818
24.539,9.681
25.784,8.579
26.702,9.363
29.133,10.714
31.885,13.006
32.328,14.331
31.717,14.833
30.990,12.863
28.859,12.046
29.398,13.635
31.964,14.477
33.353,15.395
34.060,14.886
35.625,15.534
34.715,15.314
34.998,15.229
34.398,15.922
34.562,15.495
35.207,16.831
35.593,16.354
34.735,15.511
31.883,13.876
31.804,12.311
31.871,13.534
33.688,16.271
35.283,16.604
36.305,17.345
35.041,16.525
32.542,13.798
32.063,14.234
29.667,11.312
30.829,12.533
34.761,14.629
34.036,16.063
32.814,17.092
33.978,15.689
36.250,17.561
38.048,16.011
38.190,18.236
37.816,18.373
39.400,20.237
39.012,20.076
38.098,18.735
39.214,17.628
40.462,18.016
39.504,18.283
38.888,15.962
39.639,19.643
40.204,20.168
40.010,21.472
40.136,22.050
40.406,19.666
40.401,22.199
40.986,23.248
42.026,23.568
41.831,25.791
41.561,24.364
40.592,24.051
40.252,23.040
40.148,22.478
41.201,23.612
41.757,24.461
41.607,24.369
40.287,23.333
39.480,22.614
38.869,22.379
39.091,22.066
39.711,23.095
40.188,22.401
40.853,24.812
40.178,24.128
38.935,26.249
29.845,22.986
37.999,21.032
38.454,23.990
39.057,21.868
37.572,22.912
38.612,23.479
40.321,24.410
39.606,24.358
40.385,24.880
40.005,24.453
40.066,23.919
40.609,24.398
39.691,23.326
41.472,24.290
40.682,25.678
40.016,25.415
39.355,25.083
41.474,24.932
42.985,27.012
43.582,27.038
41.416,27.543
39.969,27.943
39.229,27.374
39.994,26.174
39.811,26.016
41.325,26.179
41.310,26.287
41.258,26.247
42.386,27.318
42.269,26.773
42.724,27.317
42.682,27.562
42.031,27.541
41.920,27.239
42.411,27.478
42.900,28.175
42.061,28.311
41.840,27.972
43.102,27.470
43.197,26.962
42.964,27.767
42.782,27.927
41.152,27.559
40.661,27.426
39.309,27.167
39.732,27.381
40.952,28.030
35.293,28.151
34.418,25.894
38.330,26.827
33.842,27.731
37.197,26.300
37.803,25.898
40.309,26.944
41.127,26.663
34.000,25.096
36.187,26.119
35.688,25.421
34.534,26.124
37.745,26.223
38.179,27.031
36.481,26.530
37.667,26.248
37.818,26.536
33.757,26.813
34.862,26.403
35.076,26.196
36.594,25.709
36.384,25.465
37.399,25.756
36.085,25.846
35.579,26.339
34.001,25.874
35.453,25.191
31.824,25.398
31.985,24.500
27.626,24.046
27.242,23.694
28.611,23.371
28.486,23.655
28.641,23.681
25.684,23.768
28.732,23.287
31.080,23.438
30.576,23.931
28.345,24.217
28.920,24.195
31.020,23.928
30.209,24.160
25.200,23.883
28.316,23.940
29.498,24.008
30.176,24.512
25.810,24.839
24.768,23.561
23.660,22.654
24.159,22.595
27.002,23.257
24.470,23.789
27.018,23.659
23.894,22.836
25.626,22.946
25.278,22.956
24.865,22.174
25.985,22.426
25.981,22.717
26.076,23.077
26.213,22.961
29.423,23.201
27.653,23.573
25.939,22.992
27.133,23.322
25.088,23.072
24.266,22.676
25.250,22.569
23.490,22.623
25.084,22.512
23.688,22.189
25.229,21.578
26.683,21.173
26.710,22.045
27.487,22.329
27.303,23.128
25.178,22.656
27.861,21.999
28.952,22.380
27.835,22.453
27.025,22.717
27.517,22.128
28.468,22.872
28.198,22.188
30.813,22.975
31.328,23.289
29.709,24.669
29.007,24.037
29.545,24.365
31.209,24.045
29.495,24.123
29.197,24.228
25.010,23.274
27.162,22.228
28.039,22.452
29.255,22.824
28.687,22.927
24.114,23.338
24.113,21.931
27.038,21.890
26.536,22.219
25.784,22.582
28.063,21.604
28.158,20.881
28.413,20.703
30.154,21.061
29.365,21.556
29.703,22.420
30.063,23.043
27.264,22.362
27.653,21.562
27.661,20.821
28.153,20.922
29.021,19.786
31.560,20.417
32.214,19.240
32.148,20.264
32.323,21.483
33.911,21.911
33.350,21.505
32.233,21.371
30.717,21.831
33.150,21.076
32.172,23.675
32.955,23.024
33.521,20.657
33.228,19.478
34.147,20.609
32.467,18.106
32.539,16.177
32.995,17.538
33.575,20.745
34.085,19.955
33.187,19.685
33.125,21.850
33.060,17.488
32.205,15.969
32.038,16.371
31.903,18.441
32.670,20.199
33.039,17.417
34.359,19.539
32.177,18.212
31.227,18.845
31.755,18.671
31.795,15.296
31.370,16.353
31.193,16.693
30.572,17.648
31.567,19.513
31.081,18.337
30.888,16.044
30.699,14.568
29.535,15.171
30.316,15.086
31.131,14.041
31.041,14.767
30.716,16.906
31.445,19.170
31.142,18.880
29.354,17.870
30.720,16.546
30.263,16.323
29.680,14.431
29.396,13.899
30.730,13.914
29.169,13.950
28.652,15.026
28.759,14.494
29.637,14.501
30.565,14.491
29.877,14.548
30.451,15.316
31.117,16.196
31.201,16.331
31.028,15.085
30.543,13.560
29.655,14.814
28.491,14.448
29.906,15.040
29.893,16.282
29.490,14.943
30.018,15.004
31.242,16.517
32.203,17.224
32.752,17.213
32.130,19.891
30.147,15.197
29.319,14.303
27.691,12.774
28.231,11.150
28.787,12.622
29.325,14.730
30.436,16.043
29.421,16.601
29.320,14.821
28.470,14.749
27.355,12.928
28.095,13.410
28.923,14.512
28.293,14.408
28.667,13.764
26.797,12.034
26.203,10.846
26.966,11.099
27.989,11.170
28.531,11.295
30.248,14.479
31.329,16.736
31.624,17.276
28.577,15.413
26.849,11.094
27.327,10.977
26.786,10.898
25.259,9.961
24.614,9.442
24.726,8.743
26.894,10.909
27.334,12.691
27.505,11.365
29.162,11.008
30.779,10.960
30.654,13.053
30.955,13.490
31.009,14.220
31.447,15.787
25.600,15.148
25.018,9.903
25.271,9.971
25.899,10.079
26.988,11.435
27.153,14.251
27.514,14.537
27.206,13.532
28.414,12.616
28.059,13.081
28.993,13.580
28.460,14.202
29.750,14.477
30.070,17.108
31.329,16.642
32.168,17.364
31.921,17.948
31.644,17.088
30.004,17.019
29.016,15.525
28.648,15.354
28.491,13.828
29.933,13.042
32.741,16.323
33.171,19.014
31.450,22.408
32.454,18.294
31.652,19.001
31.394,19.481
27.901,17.695
27.535,11.400
28.067,12.610
30.583,14.137
30.906,15.074
32.280,15.890
35.060,17.992
33.901,16.856
32.217,16.320
32.350,16.125
34.469,16.656
32.887,17.236
34.294,16.323
34.989,16.052
34.023,14.800
34.785,14.916
34.702,15.901
35.323,17.029
35.283,18.319
36.964,17.358
37.402,18.416
36.672,18.373
36.669,18.217
36.322,17.882
36.842,18.147
35.743,18.902
34.951,18.359
35.182,19.404
35.407,21.031
35.092,19.049
35.524,19.450
36.380,18.074
36.547,20.274
36.998,19.219
36.497,18.612
37.138,20.015
36.578,20.660
38.153,22.072
36.603,22.433
37.366,23.641
36.474,21.931
34.580,20.400
35.810,19.685
37.017,21.240
38.629,18.991
37.909,21.080
36.041,20.098
36.471,19.326
39.448,21.381
39.746,20.005
39.949,21.864
40.139,22.486
40.562,23.384
39.600,23.957
39.216,22.581
40.014,23.187
40.671,23.712
40.308,24.593
40.290,23.224
39.550,23.764
38.958,23.130
38.024,22.494
38.004,23.539
36.661,23.288
37.918,22.851
38.696,22.626
38.436,24.691
39.944,25.983
41.254,27.071
41.012,27.541
41.670,26.042
42.961,26.947
42.834,26.763
43.284,27.789
43.229,27.186
42.231,25.689
40.772,25.635
41.307,26.506
42.352,26.351
41.783,26.238
42.719,26.183
42.965,27.440
41.751,26.930
41.155,25.569
40.278,26.552
40.070,26.136
41.056,25.813
41.273,29.457
42.655,27.997
43.725,27.796
43.288,27.099
44.373,27.403
44.539,28.053
44.286,29.766
44.328,28.561
42.856,28.765
43.274,27.772
41.864,27.887
40.808,28.010
40.454,28.066
40.867,28.108
39.902,28.393
39.901,27.775
42.275,27.617
42.179,27.888
38.856,29.088
41.392,28.023
42.412,28.570
39.570,27.525
41.262,27.546
40.591,26.738
39.494,25.752
37.902,28.326
32.716,25.615
31.949,25.388
33.940,24.944
31.925,25.422
28.801,25.130
32.929,24.932
32.798,25.394
32.495,25.059
28.719,24.687
30.968,23.632
33.984,24.193
34.070,24.793
31.956,24.695
26.474,24.513
31.420,24.526
29.995,24.326
32.776,24.829
29.543,24.199
29.442,24.013
30.722,23.691
31.815,24.044
31.691,24.106
32.710,24.710
26.067,24.397
25.872,24.297
26.997,23.174
24.047,22.098
28.432,22.979
28.165,23.926
29.398,23.992
27.856,23.924
28.345,23.110
25.247,23.311
30.360,22.904
25.238,22.691
25.850,23.299
25.092,23.406
25.893,22.498
28.551,23.634
26.978,23.877
25.870,23.582
28.163,22.959
27.747,23.147
27.284,23.361
28.490,23.945
28.445,24.224
25.544,23.908
24.469,23.750
26.843,23.317
26.326,22.903
25.108,23.012
26.227,22.249
24.167,22.826
25.361,23.097
27.177,23.107
26.324,22.409
27.321,21.666
27.890,22.986
26.576,22.807
26.982,22.409
24.810,23.064
25.454,22.798
25.205,22.703
26.241,22.595
27.348,22.639
25.369,23.055
26.936,22.866
27.401,22.154
28.800,23.016
29.277,22.264
28.845,23.318
27.364,22.602
23.086,22.335
22.846,22.351
24.548,21.766
23.710,21.657
23.924,22.480
22.892,21.654
26.370,21.518
27.510,22.747
28.272,21.543
27.726,21.611
28.394,22.024
28.725,21.733
28.824,21.949
28.352,21.883
27.592,21.941
28.277,21.151
27.598,21.012
28.267,20.764
30.776,20.836
31.017,22.391
32.913,21.684
33.541,21.754
34.089,21.994
34.234,22.242
34.809,22.711
35.349,22.984
34.420,23.380
32.673,23.382
34.383,22.506
33.585,22.648
34.725,21.341
34.251,23.124
25.782,22.952
25.062,22.711
24.589,22.686
23.016,22.139
26.206,21.330
28.792,21.124
29.764,19.887
28.880,22.120
28.095,21.048
27.426,22.334
28.973,22.063
29.823,23.357
27.695,22.489
28.139,22.447
27.944,21.835
28.174,22.180
28.598,22.193
28.627,22.125
27.570,21.671
29.336,22.542
27.880,20.990
28.361,20.600
29.113,20.876
29.424,20.727
30.609,20.431
31.210,19.630
30.955,18.215
31.657,18.708
32.012,20.551
32.302,18.370
31.134,16.532
30.103,17.348
29.791,17.425
29.552,17.743
29.118,21.149
29.554,19.502
31.673,19.282
30.831,17.291
30.683,15.222
30.164,15.824
29.505,15.819
29.920,15.024
30.394,15.343
29.983,17.299
29.819,18.101
29.290,16.793
29.630,16.339
29.971,15.151
28.793,16.002
28.455,19.485
28.569,18.753
29.621,15.852
29.195,15.553
29.340,16.106
28.190,16.495
27.122,15.768
26.890,12.901
27.218,12.927
29.274,13.998
29.596,14.266
28.825,11.784
28.546,13.633
28.496,14.727
28.498,14.258
29.906,16.166
29.633,18.069
30.736,17.057
29.815,16.297
29.360,16.280
28.864,14.455
29.344,14.801
30.013,14.660
30.164,17.118
29.231,18.691
29.666,16.887
29.331,15.971
27.631,12.932
27.396,12.283
28.704,11.815
28.388,11.750
27.637,12.550
27.704,12.609
26.470,11.830
26.490,11.947
28.295,10.873
28.784,11.463
27.737,12.047
27.579,11.674
27.550,10.032
28.013,10.470
27.262,11.614
27.208,11.351
26.749,12.361
26.464,13.448
27.633,14.673
27.426,14.310
27.323,14.758
28.281,14.813
27.386,13.536
26.322,12.962
27.816,14.051
26.713,14.541
27.017,14.184
27.001,13.251
28.123,15.340
28.107,14.571
26.929,14.635
25.791,10.650
25.684,11.244
28.965,13.632
29.143,13.050
27.542,12.184
23.738,8.939
25.099,10.708
27.301,12.437
28.907,15.125
27.898,14.659
27.124,12.944
28.254,14.406
24.334,9.954
25.620,10.921
29.319,13.576
28.291,19.888
26.763,17.424
28.053,15.416
28.059,16.900
27.708,14.589
28.125,13.961
28.157,13.454
27.959,11.923
28.825,12.094
28.264,12.314
27.806,12.669
28.419,12.877
28.730,13.763
30.102,14.021
29.969,14.440
30.744,12.966
31.922,15.697
31.835,15.709
30.300,14.258
27.204,11.778
26.731,9.119
26.841,13.238
27.822,11.882
29.657,14.341
25.847,13.520
25.697,11.412
25.581,12.282
26.685,11.905
27.732,11.082
30.422,11.627
31.743,12.083
31.851,15.272
30.073,17.651
30.108,15.981
29.639,16.441
32.020,17.919
32.542,17.939
32.152,16.931
29.644,16.020
28.065,13.247
30.055,12.955
28.819,13.576
28.803,16.370
29.000,16.957
30.956,15.981
31.780,16.950
31.725,17.213
31.524,16.507
32.107,17.551
33.348,17.580
33.869,16.850
35.046,21.051
35.497,20.517
36.509,19.856
37.188,19.356
36.854,20.134
36.620,20.692
36.685,17.778
37.387,16.893
36.444,17.423
36.266,19.181
37.046,20.234
37.495,20.540
36.876,20.235
37.745,20.813
38.867,21.623
39.221,22.395
39.276,22.949
39.347,22.986
38.744,21.802
37.840,21.632
37.383,21.264
39.658,21.395
39.504,21.975
40.703,21.247
40.513,23.585
39.285,24.221
38.790,22.739
38.567,21.278
38.301,20.877
38.581,21.455
38.948,21.596
39.569,22.535
40.061,23.416
40.670,24.317
41.796,24.648
41.191,25.400
40.162,24.658
38.444,23.745
40.328,24.475
40.070,25.496
40.268,24.634
40.786,24.644
40.835,24.329
41.450,25.281
42.358,25.888
42.835,27.315
45.501,26.441
43.175,26.549
42.947,27.845
43.064,26.928
41.659,26.033
40.360,25.712
39.614,24.796
40.973,24.888
40.751,25.856
42.389,25.811
45.249,28.033
41.903,27.316
39.848,24.849
39.122,25.780
39.522,25.990
38.872,24.961
39.140,25.879
39.162,25.790
38.564,26.125
40.833,26.232
45.538,28.161
46.044,28.904
43.046,31.144
42.815,29.320
42.559,27.965
42.453,27.932
43.601,27.293
42.036,28.525
44.499,28.745
46.552,29.831
42.253,28.849
44.323,29.227
43.336,28.916
43.043,27.974
43.864,28.212
45.406,29.018
46.667,29.797
44.375,29.948
44.369,30.396
44.478,30.300
44.740,30.415
42.455,29.812
42.080,29.265
42.431,28.300
42.000,28.594
40.581,27.968
39.061,27.424
37.139,26.889
36.353,26.944
39.223,26.474
36.998,27.309
39.183,25.920
39.106,26.968
37.822,27.166
38.908,27.244
36.747,26.763
36.991,26.486
39.270,27.207
37.998,27.130
38.734,26.529
38.908,26.900
39.896,27.495
38.274,26.818
38.040,26.833
38.520,26.664
36.983,26.349
36.921,26.507
38.380,26.393
37.974,27.251
39.955,27.178
37.812,27.003
37.554,27.062
37.431,26.945
38.069,26.678
39.689,26.465
37.577,25.714
35.486,25.399
28.499,24.727
31.716,24.463
27.459,24.588
30.865,24.289
26.051,24.551
28.066,23.400
28.382,23.311
29.823,23.147
25.480,23.454
24.076,22.311
22.879,22.058
25.246,21.412
27.523,22.298
29.202,22.773
28.405,23.770
30.508,22.790
31.508,23.662
28.783,23.760
