20000101
29.817,14.189
29.031,13.560
30.148,12.422
28.302,11.607
29.282,12.036
28.525,11.243
28.312,11.243
29.966,10.381
31.775,11.868
32.480,10.993
33.013,14.253
30.942,19.497
28.794,12.620
27.796,10.497
27.358,10.569
27.320,10.760
28.658,13.398
32.025,14.782
32.469,14.546
31.602,12.452
28.419,12.032
29.093,14.117
31.786,14.065
30.146,11.653
31.065,14.533
31.591,13.327
29.789,14.073
28.779,12.845
30.122,11.092
31.479,11.049
33.105,12.846
27.980,14.117
29.263,12.839
28.827,13.700
29.944,14.214
27.415,15.298
28.151,11.085
27.682,11.638
30.804,11.907
29.003,12.449
30.686,12.739
26.622,14.084
27.432,10.323
27.411,11.591
28.818,12.339
31.496,12.899
32.224,13.064
30.009,13.029
32.582,12.180
30.593,12.185
30.994,12.125
33.971,12.427
32.627,15.289
31.619,20.867
30.378,18.789
28.392,19.757
32.568,13.445
35.839,14.109
34.093,15.542
36.498,14.255
36.919,18.326
35.806,20.447
35.184,18.295
34.122,18.703
33.140,16.646
33.692,14.266
31.513,14.938
32.262,13.998
36.983,13.735
35.167,13.253
36.036,17.749
34.035,18.134
30.619,18.174
36.842,14.985
37.137,14.728
34.547,16.752
35.138,16.819
35.799,18.068
38.436,16.680
39.218,17.233
37.288,15.092
35.565,18.512
37.001,15.553
35.408,18.920
40.199,18.402
38.386,18.605
39.166,19.533
38.271,19.684
41.008,20.945
43.444,17.920
41.522,21.829
42.837,23.777
46.069,22.591
44.677,20.578
42.134,21.942
41.206,22.220
41.898,22.490
42.711,22.103
41.201,25.271
41.297,24.431
42.018,23.404
46.953,22.362
46.549,23.947
42.690,23.204
40.737,23.872
40.949,23.180
43.088,23.440
43.013,22.803
41.689,23.913
42.682,24.084
42.211,24.636
41.672,25.726
40.266,27.115
39.949,24.508
39.846,24.603
41.226,24.986
42.146,25.831
42.134,25.138
42.169,26.679
41.732,26.618
41.858,27.245
42.555,26.167
43.734,26.181
44.067,25.092
44.453,25.752
45.542,25.392
43.714,27.110
45.127,27.169
43.370,25.091
40.232,27.344
41.213,25.391
39.467,27.781
35.165,26.751
37.876,24.229
38.361,24.509
42.609,24.564
39.414,25.529
39.561,25.618
34.652,26.515
31.286,25.954
29.553,24.391
37.610,23.757
39.291,25.293
39.960,25.287
40.001,25.533
40.075,26.418
40.000,26.937
41.982,26.765
42.192,26.670
42.701,27.687
39.787,26.369
38.673,26.720
40.000,26.418
41.433,28.127
47.194,27.479
39.503,26.584
40.773,26.975
42.707,27.136
41.094,28.550
37.635,27.979
38.797,26.181
37.380,28.008
39.704,26.809
38.994,27.260
35.837,26.461
37.912,26.398
38.025,26.815
40.126,27.286
39.785,27.148
40.195,26.410
39.169,27.362
31.363,27.294
33.534,25.765
35.831,27.353
35.411,26.063
34.630,26.621
37.702,25.521
38.047,26.155
38.414,26.100
38.130,25.508
39.797,26.216
38.577,26.835
37.295,25.986
29.648,25.184
34.579,24.681
36.728,24.425
37.817,24.771
40.096,24.882
35.607,25.992
29.906,25.297
25.867,24.632
29.479,24.061
27.578,24.316
24.435,23.975
28.718,23.988
24.947,24.056
28.141,23.720
28.714,22.880
27.065,23.105
24.504,23.419
26.559,23.773
24.461,22.996
25.341,22.530
29.627,22.423
30.727,23.046
31.934,22.744
33.621,23.227
34.072,23.367
34.789,24.813
35.608,23.658
27.348,24.776
30.050,23.798
33.064,24.168
33.673,24.798
33.266,23.512
32.906,22.805
34.683,22.779
36.436,23.181
36.971,23.580
38.241,25.872
37.386,24.426
35.674,26.258
37.975,24.970
35.636,24.095
29.693,24.208
29.120,23.650
26.743,23.429
25.347,22.767
28.777,22.747
28.150,23.480
27.330,23.379
27.304,23.004
26.961,23.165
30.406,22.887
29.098,23.328
31.101,24.887
35.546,23.988
33.564,24.844
34.252,24.511
30.345,23.168
30.186,23.815
28.807,23.838
26.881,23.257
27.189,23.413
26.122,23.116
26.131,23.109
26.134,23.063
27.118,23.070
23.945,22.989
27.165,22.306
28.512,21.532
31.069,20.561
32.381,22.123
32.814,21.863
33.239,21.752
34.155,21.104
35.624,20.451
36.832,20.790
35.731,22.599
36.708,21.737
35.973,21.576
33.930,21.081
37.692,19.703
40.586,21.088
40.180,23.344
38.041,24.871
38.387,23.778
40.827,24.013
41.793,22.122
40.705,22.389
40.578,22.940
41.370,22.775
41.840,22.677
39.912,20.392
39.585,21.508
39.182,22.517
38.878,21.611
39.149,21.461
38.766,18.276
40.668,20.035
42.585,20.724
40.305,22.043
42.726,22.016
42.690,22.987
42.364,24.108
39.426,24.814
36.775,24.296
37.628,21.766
37.838,19.889
38.478,17.949
37.146,18.643
38.314,18.248
38.233,18.695
38.797,18.042
38.740,19.687
37.409,19.387
36.702,18.542
35.935,20.207
36.688,18.638
37.275,18.632
37.589,18.936
37.246,16.647
36.092,15.521
37.178,15.917
38.760,13.864
34.826,17.991
34.437,17.638
34.445,17.731
35.432,18.207
36.641,18.185
35.117,16.945
37.022,16.548
35.263,18.135
35.337,17.075
37.819,17.435
34.866,17.079
36.978,16.088
35.681,15.282
34.822,17.216
34.537,17.771
33.698,18.189
33.524,17.422
33.960,15.372
33.448,16.584
34.729,13.578
33.387,14.977
33.201,15.743
33.121,16.516
34.445,15.418
33.837,17.099
33.845,16.473
32.754,16.605
30.932,15.424
30.022,15.982
29.876,14.448
29.178,14.050
28.240,12.559
29.078,12.420
30.581,12.164
32.803,10.102
34.244,11.866
31.450,15.192
31.852,14.607
33.118,12.894
32.096,11.765
31.577,11.749
31.831,12.089
32.530,12.040
31.318,11.495
31.497,14.567
31.824,14.394
32.429,14.424
32.513,11.876
32.469,12.593
32.138,13.357
30.465,13.877
32.503,14.046
31.849,13.078
32.261,13.510
32.674,12.977
30.771,13.272
31.067,12.472
30.226,12.552
30.315,13.306
26.578,17.072
20.378,11.401
24.505,8.115
26.689,9.415
27.104,10.777
27.100,10.588
26.964,11.053
28.742,11.937
29.156,13.443
27.124,11.004
27.425,11.125
28.570,12.628
30.023,14.249
30.304,16.419
31.260,12.879
29.575,13.848
31.826,17.375
31.864,15.498
32.806,20.229
34.260,18.641
33.444,17.997
34.074,16.909
31.275,14.685
29.278,13.866
29.590,12.388
29.622,10.488
29.557,10.005
30.791,11.771
31.047,12.936
31.739,13.792
33.154,12.265
33.494,16.094
31.204,18.971
32.965,20.293
34.591,17.365
32.123,14.666
31.719,10.961
30.558,12.341
33.050,9.718
33.182,12.424
33.303,10.994
34.271,11.799
32.430,14.451
32.349,14.982
34.537,13.834
35.668,17.708
33.281,16.076
29.601,13.750
32.336,13.513
33.510,12.908
34.489,12.751
35.947,13.085
35.516,13.219
35.382,17.483
35.763,12.292
36.082,16.148
36.011,18.765
34.426,18.263
33.514,17.712
34.536,15.427
35.975,13.845
33.901,17.939
33.409,18.532
35.579,18.189
34.833,17.976
36.440,14.167
35.407,14.711
36.734,15.096
35.348,13.768
36.026,17.616
36.409,19.423
35.648,17.695
35.547,18.254
35.028,18.684
37.080,16.271
39.932,17.843
37.727,20.286
38.470,18.191
39.410,17.562
39.048,22.313
36.806,21.273
35.835,21.206
35.752,22.229
38.036,19.099
36.686,20.404
37.659,20.461
37.593,22.049
37.547,21.296
37.170,22.593
34.575,19.763
34.268,18.219
37.200,16.322
37.116,20.542
41.672,22.236
40.611,22.175
40.434,19.121
40.362,18.700
43.760,19.637
42.299,21.523
39.499,23.646
39.622,21.472
39.521,21.988
40.272,25.904
38.360,23.519
40.429,20.306
42.800,25.250
39.691,26.202
34.871,24.035
37.953,22.546
39.557,25.085
38.987,23.066
40.568,25.898
43.112,20.895
45.462,21.147
43.370,23.435
44.524,24.654
43.197,26.273
42.874,25.265
42.320,26.041
42.322,26.421
42.220,25.499
43.757,24.564
44.867,25.928
43.926,27.512
42.672,26.540
43.800,25.940
44.426,26.164
43.434,26.294
43.040,27.184
41.925,26.182
40.836,26.668
41.404,27.320
41.294,26.779
42.495,27.227
41.759,26.983
40.562,26.783
40.379,26.896
40.524,27.253
39.802,27.390
39.106,26.708
38.064,26.805
38.521,26.554
40.823,26.448
43.226,26.753
45.139,27.383
45.865,28.213
46.895,28.179
40.119,28.256
45.145,26.900
45.649,27.480
39.403,27.046
36.373,25.292
36.537,26.067
35.174,26.346
33.980,26.339
30.352,25.843
35.726,25.921
29.866,26.018
37.611,25.144
40.343,25.981
41.161,26.103
37.391,27.148
36.796,26.765
42.482,26.060
39.558,26.884
34.975,25.490
29.624,25.060
31.220,23.227
24.122,22.260
27.265,23.264
28.716,23.627
27.429,23.271
29.755,23.985
33.438,24.098
33.101,24.056
35.708,24.499
37.330,25.664
38.119,26.586
36.391,26.687
34.104,26.207
37.447,25.534
37.046,25.661
36.679,25.899
34.695,25.583
27.432,24.755
25.789,23.820
28.938,23.819
30.265,23.780
31.812,23.598
34.992,23.573
33.126,24.464
36.220,24.323
28.117,24.333
26.979,23.328
28.417,23.628
29.211,23.734
28.645,23.852
26.484,23.588
26.952,23.793
25.993,23.771
25.806,23.760
27.163,24.259
29.611,23.388
24.830,23.830
29.497,23.110
24.851,23.815
29.290,23.561
29.144,23.716
31.537,23.839
31.559,23.759
32.406,25.098
30.315,24.358
29.809,23.978
32.819,23.470
33.674,23.338
29.221,24.273
37.056,22.826
34.265,23.765
30.363,23.040
30.471,23.323
29.341,23.970
30.822,23.790
30.578,23.524
31.009,23.638
29.665,23.875
29.194,23.758
30.143,23.647
30.131,23.859
29.916,24.373
25.290,23.650
25.570,23.078
26.433,23.406
31.530,21.941
30.038,21.936
31.345,22.879
32.916,22.705
32.230,23.105
31.181,23.701
30.011,22.837
32.427,22.740
32.613,22.618
29.026,22.859
30.226,23.367
30.039,22.691
33.926,22.058
34.758,23.276
34.128,23.465
35.592,23.337
35.253,23.470
33.887,23.022
35.557,21.691
35.502,21.285
35.634,21.432
36.611,21.596
36.061,21.808
35.596,21.911
37.368,20.778
36.969,23.144
38.585,22.972
39.026,22.249
39.828,23.026
39.617,22.831
40.007,22.007
38.425,22.145
41.040,23.787
39.678,21.659
38.885,25.952
43.556,23.205
41.724,24.839
39.189,25.455
39.599,24.209
40.888,23.239
40.406,21.931
40.723,19.878
39.765,18.550
38.199,23.543
36.617,22.887
34.976,23.544
31.087,23.087
34.613,23.587
37.308,22.604
36.648,22.856
36.410,23.892
36.449,24.587
36.898,24.468
33.125,23.624
27.301,24.302
35.995,23.119
34.319,22.814
33.012,23.020
37.179,20.201
35.790,19.937
34.992,18.906
36.110,17.782
37.859,16.981
36.459,16.480
38.719,16.041
36.358,19.092
37.658,17.304
39.547,16.544
39.178,15.895
37.973,16.913
39.830,18.854
36.808,19.305
37.491,18.673
36.697,18.336
37.317,19.093
39.054,17.432
36.276,17.514
37.991,17.927
37.660,19.337
37.949,18.748
37.406,19.514
34.799,17.540
32.684,18.484
32.376,16.388
33.368,15.938
32.564,16.456
33.061,16.544
33.508,14.878
35.299,15.525
36.199,16.922
37.465,19.970
38.275,22.429
35.013,20.668
34.026,17.444
33.274,16.167
33.005,16.169
33.839,14.871
31.443,14.279
31.200,14.795
30.338,13.579
31.308,13.814
30.748,14.146
30.681,13.943
29.346,13.592
30.858,13.746
31.854,14.266
31.910,14.329
31.648,11.184
32.125,10.440
33.297,13.742
33.766,15.103
34.816,13.315
33.646,13.871
32.849,13.844
33.576,14.643
33.088,14.782
33.012,14.774
31.309,15.581
31.671,15.474
32.646,13.535
32.654,15.555
30.956,15.453
32.440,15.765
29.891,15.355
29.177,14.582
28.405,12.780
28.176,11.481
30.066,11.272
29.913,12.084
30.905,14.434
33.031,13.676
32.445,16.467
30.744,15.708
28.956,15.444
30.126,14.703
29.737,13.947
28.545,12.558
27.133,11.899
27.025,11.337
27.523,11.931
27.504,16.284
28.259,13.997
28.062,13.962
28.193,12.526
29.167,14.165
29.778,13.451
32.055,11.879
32.626,12.334
32.270,12.922
31.575,14.291
29.433,15.921
28.023,13.239
26.207,11.276
27.502,10.613
26.345,9.870
28.608,10.788
29.300,11.964
30.559,10.640
28.635,10.418
27.765,13.249
26.687,12.545
25.618,11.976
26.737,9.939
26.661,9.886
25.639,9.762
28.375,10.732
30.506,12.488
30.888,10.324
30.995,13.560
30.717,17.985
32.593,17.057
31.425,14.702
29.180,13.720
27.879,10.265
29.034,10.677
21.462,15.884
26.829,14.320
28.182,12.162
31.299,13.483
33.824,15.396
35.613,17.470
36.094,18.128
28.667,21.742
29.839,21.685
33.394,19.041
35.764,16.818
34.943,16.363
35.795,16.630
34.190,18.902
33.667,17.661
33.174,16.344
34.350,17.494
36.481,18.216
35.925,17.220
38.270,18.270
34.961,21.392
35.386,18.441
36.650,17.328
34.920,16.151
37.329,15.950
35.093,14.491
34.410,16.976
33.950,18.129
36.429,19.509
38.635,20.273
37.627,21.364
38.190,23.532
31.373,21.625
37.927,17.313
39.217,18.351
39.947,17.584
39.434,20.621
39.826,20.318
40.385,22.226
39.083,21.136
37.423,21.407
38.945,20.606
37.165,21.326
36.251,20.441
40.223,19.416
37.921,19.625
41.713,18.863
41.130,18.422
42.732,19.282
40.991,20.917
40.744,23.102
40.037,24.158
44.100,21.992
41.436,20.805
41.650,21.619
41.789,24.492
31.078,24.184
36.090,22.337
37.678,20.559
38.088,22.171
39.881,23.159
41.021,21.074
40.705,23.306
40.625,23.887
39.834,24.524
39.898,24.573
40.894,26.086
40.993,26.847
43.878,27.659
39.643,28.942
41.449,26.122
41.075,25.293
40.931,25.368
41.343,25.723
40.307,23.906
44.349,23.958
46.720,22.389
43.465,24.806
43.673,25.159
48.247,24.911
44.869,26.946
45.784,27.553
45.657,26.376
47.748,28.132
45.771,26.296
44.265,28.202
43.430,26.298
42.872,27.368
41.848,28.010
42.586,29.744
41.447,29.233
41.513,28.071
41.989,28.634
42.779,29.042
42.668,28.807
43.472,28.239
41.530,31.387
42.440,28.867
40.453,26.980
39.643,26.283
40.871,26.382
42.014,26.766
42.521,26.698
43.247,27.234
42.119,27.791
40.443,27.563
38.725,26.373
40.380,27.159
40.811,28.091
41.002,28.388
41.693,28.402
40.482,27.512
40.999,27.094
43.503,27.310
42.077,27.876
42.317,27.653
40.878,26.857
41.004,27.336
42.652,28.346
43.068,28.386
43.943,28.364
45.588,29.115
43.329,29.912
41.935,28.197
34.880,29.492
41.938,27.473
39.867,27.780
37.387,27.613
38.754,26.636
36.574,26.750
38.310,26.570
34.437,27.125
31.787,25.637
36.551,25.120
36.149,26.184
31.344,27.281
31.462,25.097
30.422,24.533
26.559,24.553
27.375,24.015
26.700,24.307
32.142,24.371
34.613,24.338
35.300,24.484
35.088,26.202
37.324,25.908
36.596,25.666
33.296,25.764
35.201,25.564
37.177,25.754
36.926,25.218
36.177,26.210
38.031,26.165
35.240,25.925
35.395,25.521
30.113,26.208
30.335,25.549
34.224,25.138
26.989,24.584
27.202,23.447
25.490,24.150
31.465,23.324
27.658,24.606
28.128,24.422
27.936,24.801
27.535,24.979
27.476,24.541
31.452,24.712
35.370,24.386
33.993,24.843
36.658,23.743
38.460,23.490
40.316,25.129
38.148,25.708
33.700,25.037
32.730,23.753
26.694,23.418
26.312,23.542
27.084,23.414
27.993,23.504
28.665,23.853
27.360,23.655
27.433,23.535
26.705,23.737
25.802,23.911
25.870,23.724
27.825,23.938
24.677,22.187
24.950,22.507
26.816,22.904
26.241,23.017
27.938,23.093
27.105,22.319
31.360,22.315
31.593,23.038
27.621,23.821
28.437,22.145
28.999,22.119
30.085,21.661
31.014,21.944
30.248,22.960
24.372,22.672
25.932,22.866
26.786,23.524
26.933,24.106
27.575,24.178
26.287,23.591
28.388,23.561
31.621,23.022
29.413,22.586
31.121,21.755
29.447,21.651
31.299,21.226
30.767,21.410
32.766,22.863
33.348,21.461
34.960,19.878
35.308,20.021
33.400,20.719
32.842,20.836
34.699,22.546
37.157,22.046
39.380,21.725
39.162,22.678
37.592,21.656
36.448,22.620
36.353,22.729
36.661,22.725
35.251,23.554
39.938,22.033
40.470,24.248
40.380,23.458
33.556,21.127
42.035,19.732
42.422,25.352
39.129,22.235
42.271,20.558
42.172,20.236
42.178,19.402
41.446,22.018
39.355,22.738
38.794,22.058
37.543,22.121
38.572,20.580
37.882,19.949
37.302,21.272
37.335,20.171
36.496,20.483
36.411,22.622
36.735,19.105
37.722,20.498
37.430,20.928
37.377,20.821
36.195,21.699
40.107,20.462
38.101,20.795
37.440,17.667
36.337,19.493
35.343,18.903
36.760,16.564
35.824,15.923
35.808,17.718
37.674,15.299
38.832,15.443
38.520,16.267
38.529,16.614
35.556,18.429
36.309,17.296
37.558,17.368
36.496,21.580
35.091,18.712
33.857,21.140
32.916,19.150
33.927,19.556
31.734,19.004
33.971,18.891
31.896,18.051
35.660,17.787
34.650,16.424
35.490,14.946
32.831,15.797
33.688,15.086
33.363,16.136
35.478,13.641
34.311,14.562
33.899,15.557
33.822,15.938
34.746,16.149
34.878,16.590
36.116,15.339
34.598,15.773
34.673,15.204
32.698,15.019
32.907,14.535
31.484,13.442
31.464,15.923
33.099,16.720
33.298,14.212
32.169,13.580
32.629,14.916
33.313,18.940
34.230,20.291
34.450,17.383
32.496,15.130
32.493,14.367
32.225,13.855
34.355,14.850
33.053,16.605
33.049,17.102
33.461,17.017
34.261,16.004
33.405,14.848
31.931,15.575
32.415,15.767
31.851,15.743
31.122,13.711
31.785,15.268
28.899,13.019
30.040,13.910
28.222,12.119
31.123,12.751
28.909,13.937
28.546,11.465
29.172,14.816
25.339,16.032
24.545,9.332
26.242,10.280
28.164,13.811
29.997,15.650
29.887,15.051
31.234,15.289
29.053,19.457
31.358,15.048
28.776,18.675
28.087,18.937
30.257,15.760
31.182,17.270
31.460,15.900
30.255,15.571
30.724,13.303
28.636,12.105
27.894,11.704
28.934,11.956
30.161,12.350
27.452,15.595
33.894,17.510
32.995,16.416
33.096,13.964
32.008,15.727
34.064,14.279
33.467,17.712
30.805,18.722
32.480,17.271
31.841,14.242
31.455,12.724
32.765,17.423
27.603,16.741
30.527,15.703
31.060,16.959
30.994,15.345
33.609,16.824
32.607,16.341
33.449,15.443
32.328,12.938
31.904,12.723
32.859,14.907
34.812,16.533
33.796,17.043
34.636,16.607
32.998,16.256
34.063,16.769
35.183,16.954
32.591,17.721
29.333,20.558
29.215,18.615
31.606,14.907
34.351,17.057
35.490,17.029
34.480,17.072
34.536,18.169
35.018,17.442
36.042,18.773
36.400,19.499
36.532,20.206
36.393,21.711
36.548,19.987
32.963,19.637
30.453,12.644
32.328,12.791
35.424,14.055
37.006,15.270
35.986,16.438
36.839,13.835
36.516,18.597
38.138,17.407
35.093,17.445
37.519,16.425
37.787,18.020
37.666,16.954
35.878,18.643
39.626,18.619
37.176,20.206
35.887,19.691
40.691,18.716
39.772,18.903
40.094,19.496
42.373,22.607
42.623,22.485
41.255,22.372
42.070,22.130
40.162,22.965
42.239,21.611
38.317,22.496
37.012,22.236
40.511,22.011
41.476,23.628
40.876,22.604
39.165,24.077
38.158,23.653
41.579,21.816
43.774,20.671
38.349,26.330
43.236,23.346
45.316,22.588
38.216,25.690
42.588,25.799
40.137,29.734
38.610,24.570
39.650,22.385
39.914,23.067
39.491,23.030
40.536,25.056
40.692,25.033
38.393,24.624
38.603,21.379
41.043,22.449
42.585,24.027
44.221,25.126
41.898,25.332
42.024,24.534
40.854,25.107
41.395,24.636
45.432,23.822
48.420,24.408
45.166,27.396
44.533,25.326
42.095,25.905
40.430,24.793
39.373,24.534
39.206,22.780
39.819,23.574
39.878,23.971
42.617,24.661
46.749,24.445
48.242,24.335
46.281,24.830
44.769,26.892
43.960,27.453
43.713,28.204
44.529,26.571
43.295,27.661
42.697,28.461
41.292,27.150
40.839,26.897
41.325,26.658
41.780,27.782
39.721,27.862
39.569,26.610
41.529,27.456
40.879,28.109
39.145,26.765
39.868,27.724
41.117,27.713
42.636,27.443
42.987,28.914
43.119,28.667
41.854,27.332
42.923,28.095
41.424,30.540
43.106,28.991
42.097,27.566
40.679,27.736
40.413,27.861
40.683,28.223
41.558,28.257
41.560,27.983
39.571,27.690
41.556,27.509
40.744,27.928
33.739,27.978
39.551,28.027
36.742,26.304
29.230,25.799
33.937,25.594
28.030,24.872
29.179,24.382
32.064,25.068
33.824,25.570
32.190,25.104
32.332,25.361
29.831,24.923
30.691,24.402
31.450,24.349
31.081,25.021
30.367,24.911
31.489,24.568
33.941,24.651
34.914,25.646
35.626,25.437
30.184,25.435
29.832,25.126
29.147,24.242
30.301,23.915
29.112,24.249
28.253,24.432
29.420,23.685
29.224,24.470
28.956,24.190
31.398,23.501
31.268,24.088
32.027,24.124
28.354,24.268
31.030,23.609
31.040,23.947
30.449,24.048
29.430,24.605
27.906,24.744
30.478,24.272
29.967,24.350
27.379,24.398
26.753,23.993
26.636,23.736
25.849,23.556
27.584,23.878
27.989,23.672
27.196,23.698
28.512,22.680
28.921,23.831
28.325,23.445
26.497,23.010
27.581,23.048
29.049,23.371
34.013,23.305
32.120,23.165
32.921,23.833
28.621,24.494
27.757,23.530
29.005,23.850
29.905,22.992
27.589,22.705
30.717,23.419
31.819,23.402
26.356,23.413
29.652,23.476
30.082,23.462
29.128,23.628
30.683,23.069
31.673,22.691
33.099,23.499
31.597,24.885
25.499,24.193
26.384,22.851
24.802,22.428
28.175,23.001
28.290,23.476
28.537,22.685
24.975,23.412
26.716,22.797
25.332,22.849
29.039,22.345
27.260,22.834
27.481,23.492
29.832,22.614
29.805,22.719
28.352,22.813
31.191,23.177
24.911,22.790
29.980,22.145
31.432,23.267
31.484,22.470
32.326,22.027
31.707,22.086
30.102,23.187
25.929,22.668
31.174,21.980
29.227,23.001
31.411,22.627
31.505,22.970
30.719,22.691
30.244,23.046
29.457,22.897
29.840,22.831
31.377,21.909
32.126,23.232
31.778,22.312
30.894,23.541
29.309,22.860
31.091,20.061
32.048,21.249
33.179,20.028
33.139,22.635
32.381,19.561
31.820,16.850
32.759,18.682
33.493,21.463
33.515,20.959
36.868,20.736
35.231,20.403
36.339,19.589
37.685,17.120
37.641,18.113
36.856,18.033
34.529,19.967
34.517,17.193
33.929,17.441
34.425,17.266
39.016,18.217
37.291,18.789
34.905,16.395
34.301,17.211
34.600,16.297
35.148,15.007
35.762,14.878
36.295,14.923
33.817,17.506
32.826,17.963
34.959,19.609
36.062,20.918
36.604,21.558
36.374,19.141
37.166,18.105
35.824,20.939
33.296,23.245
34.984,20.298
34.775,24.223
33.798,23.199
34.631,19.378
34.338,17.863
36.904,16.727
35.011,17.393
32.727,17.238
32.151,17.318
31.492,16.108
31.944,15.284
33.971,16.497
34.576,15.432
34.770,22.558
32.601,19.329
34.155,18.720
33.698,18.946
34.970,16.761
34.766,15.881
32.971,20.449
33.321,16.583
33.804,18.878
33.369,17.848
33.551,15.736
34.688,17.052
34.715,17.535
34.432,18.806
32.944,17.673
32.430,15.560
32.116,16.041
31.874,14.904
32.537,13.830
31.793,14.146
32.544,14.045
33.032,16.006
33.070,14.014
31.780,16.448
31.530,17.881
32.308,18.044
31.644,16.965
31.310,15.595
30.412,15.592
28.985,13.576
29.529,13.902
28.600,13.849
28.981,14.366
28.505,13.746
28.711,14.430
28.886,13.988
28.170,12.049
28.803,13.281
28.341,17.005
26.887,15.260
24.644,10.554
25.483,10.971
27.027,11.017
29.274,12.221
28.838,10.548
29.634,10.938
30.130,10.892
29.024,13.994
29.748,17.614
28.378,15.415
28.104,14.014
27.951,13.494
27.687,12.991
28.348,12.151
29.084,13.102
30.023,13.061
31.399,13.817
32.147,11.829
33.060,12.769
32.341,13.911
32.283,13.963
29.717,13.142
30.138,11.121
30.261,12.261
27.919,18.933
26.614,12.811
25.969,10.881
26.129,11.307
27.773,12.082
28.535,13.300
27.495,13.432
25.793,12.997
29.396,14.869
28.839,13.738
27.525,11.830
26.225,11.061
27.120,11.515
28.771,12.213
31.479,14.473
29.014,12.061
28.024,10.431
29.370,12.051
30.018,12.178
32.077,13.666
33.424,14.481
32.508,14.173
33.343,16.978
32.846,17.419
34.998,16.160
33.580,16.113
34.473,16.147
34.513,16.005
33.762,14.577
35.463,15.313
36.219,14.742
36.064,16.636
36.191,16.285
35.684,15.566
38.587,15.214
39.023,15.844
37.115,17.419
36.394,18.220
37.118,18.167
34.994,16.900
37.477,17.048
38.534,16.791
38.781,17.483
38.316,17.279
38.918,19.502
37.854,22.785
38.047,17.427
37.372,18.292
37.361,19.014
40.790,18.065
39.210,18.225
41.903,20.057
42.173,18.590
43.286,18.248
40.329,21.540
41.780,18.432
44.617,20.310
41.819,21.252
41.310,23.207
40.829,20.016
40.912,19.669
40.471,20.701
39.518,23.054
38.959,22.305
37.155,20.164
35.966,18.624
38.107,19.347
43.672,21.706
43.819,21.691
40.744,21.531
39.461,21.731
39.461,22.090
40.367,22.096
38.977,22.267
40.668,23.355
39.958,24.444
39.240,22.810
38.445,22.366
38.405,23.371
39.540,22.767
39.955,21.905
40.532,22.804
41.529,23.091
41.495,23.725
41.258,24.745
41.229,25.527
40.384,23.969
38.908,24.279
37.756,25.039
37.799,23.263
40.349,23.997
41.168,24.082
40.862,24.930
40.582,25.068
45.999,24.835
42.813,23.870
43.053,24.777
42.123,26.450
42.111,26.552
41.785,25.038
41.219,25.479
41.226,23.482
45.385,22.621
47.313,22.168
46.413,25.522
46.385,24.117
44.376,27.235
42.281,31.966
41.142,29.836
42.298,31.575
40.268,29.873
37.962,28.202
38.246,27.647
37.684,27.657
37.584,27.129
37.890,27.451
40.854,27.178
39.679,28.541
39.776,28.286
41.912,26.491
40.190,26.325
40.059,26.374
39.810,26.598
39.542,26.388
39.487,26.171
40.630,24.884
40.020,25.212
42.038,26.679
42.342,26.428
43.807,27.320
43.915,28.584
44.053,28.450
43.286,28.927
42.664,28.135
42.404,28.832
41.568,28.505
42.366,29.319
41.637,28.559
44.397,26.739
42.869,27.783
37.362,27.606
41.781,28.577
38.593,29.113
39.421,27.788
36.857,26.700
37.534,25.444
36.989,25.724
29.203,25.166
30.805,24.798
30.905,23.836
32.574,23.479
32.490,24.561
34.803,25.208
35.733,25.620
36.436,25.679
35.532,25.398
34.587,25.219
35.485,25.079
35.821,25.169
34.929,25.745
35.202,25.119
33.273,25.188
33.138,25.378
33.564,24.766
35.447,25.188
32.804,24.555
31.227,26.293
29.766,25.156
27.390,24.311
31.768,24.104
31.984,23.914
31.784,24.153
30.077,23.837
35.012,24.614
34.214,23.902
37.269,24.275
37.312,25.240
39.130,25.473
37.836,25.121
29.277,25.059
32.044,23.140
30.397,24.463
32.324,23.687
32.822,23.910
35.748,23.537
34.652,23.684
34.262,24.751
32.876,24.625
28.476,23.818
29.325,23.884
29.828,23.980
30.444,24.537
26.221,22.688
24.788,22.220
26.272,22.701
29.865,23.539
32.124,24.613
27.570,25.062
27.742,24.149
25.887,23.624
25.983,23.131
25.873,23.242
25.700,23.157
25.910,23.122
23.746,22.912
23.609,22.794
24.666,23.178
24.760,22.957
24.200,22.736
25.978,22.663
27.004,23.006
25.425,22.805
27.710,23.271
27.816,23.414
28.417,24.061
24.234,22.079
23.648,22.033
27.120,22.710
29.706,22.233
30.029,22.234
30.897,22.208
30.861,22.138
30.964,21.667
29.643,21.918
28.824,21.138
29.788,20.512
30.339,21.788
30.929,20.903
30.927,20.384
31.313,21.660
34.133,23.213
34.624,22.757
33.333,23.731
32.526,23.441
31.380,21.864
34.395,21.705
33.704,21.662
31.161,21.387
31.929,21.206
34.801,20.102
33.791,22.010
31.105,22.105
31.019,23.631
31.326,22.410
33.279,22.988
36.501,23.566
33.834,24.502
36.305,23.932
33.516,23.285
34.107,23.291
36.453,22.709
37.651,22.868
35.995,24.315
32.643,23.220
36.982,23.586
33.291,23.641
33.219,21.441
33.405,23.754
30.222,23.574
30.437,22.768
31.320,23.259
33.637,21.731
28.987,22.513
29.663,21.437
32.465,20.988
33.808,17.911
35.480,18.470
35.299,19.605
34.839,18.281
33.080,17.540
31.764,17.591
32.162,16.071
32.911,16.783
32.259,16.895
32.806,16.578
33.405,17.222
33.692,17.508
33.770,18.630
34.408,18.994
33.649,17.683
34.890,17.424
35.547,17.808
34.092,21.178
32.390,17.267
32.408,18.446
31.845,21.912
32.318,21.025
32.222,19.354
32.150,18.808
30.996,17.406
32.388,17.610
32.702,17.594
34.958,18.011
33.960,19.272
35.259,22.503
34.751,22.599
31.919,20.584
35.388,19.428
36.588,20.830
35.441,19.535
33.554,18.203
32.993,18.624
33.454,16.868
34.568,16.060
34.437,16.586
34.389,17.671
33.487,17.368
32.588,16.080
32.372,14.837
31.959,16.179
32.247,16.992
31.847,16.232
33.057,17.259
31.278,16.595
30.343,14.763
31.290,12.728
29.927,15.264
30.101,15.585
29.969,15.172
30.928,14.808
31.055,15.391
30.710,16.526
30.764,15.448
31.892,15.258
32.483,15.249
31.469,16.504
30.318,14.275
31.082,14.322
31.370,14.296
31.228,14.843
32.116,14.824
31.396,14.927
31.364,14.605
30.204,13.567
28.404,13.116
29.830,12.187
29.124,14.831
29.601,13.387
29.844,13.547
28.435,15.152
27.824,13.525
29.211,14.344
30.993,17.253
30.637,17.207
30.742,18.739
30.377,18.509
27.781,16.436
28.705,12.621
28.156,14.041
29.453,16.233
31.494,15.438
30.719,15.832
28.968,12.576
29.269,12.758
29.866,12.498
27.412,13.223
26.863,11.495
27.199,12.331
29.172,11.294
30.237,12.026
30.651,12.658
30.277,11.232
25.778,11.797
23.938,8.712
24.874,9.978
26.190,10.864
29.600,12.562
29.254,12.341
26.833,12.307
28.678,12.097
30.017,13.395
30.445,14.243
29.418,12.176
26.429,14.130
26.106,12.578
27.352,13.595
26.255,15.784
25.914,12.098
27.904,11.101
28.830,12.508
30.023,11.978
31.267,12.904
32.224,14.602
30.794,14.525
33.379,14.817
34.303,20.200
35.203,18.512
34.459,16.969
34.117,15.461
35.872,18.080
34.729,16.411
33.101,18.234
31.470,18.384
29.186,16.496
27.209,13.973
26.467,11.996
28.274,10.364
30.172,12.096
29.202,11.892
31.618,12.725
34.214,13.780
36.411,14.350
37.630,17.961
39.222,17.687
34.614,18.945
36.692,22.933
37.239,23.941
36.073,19.352
38.888,20.950
35.050,18.429
35.162,20.161
34.054,19.888
31.044,21.550
33.128,16.851
32.019,16.049
31.786,16.034
34.303,16.830
35.786,17.697
39.226,17.436
39.166,18.173
41.451,18.652
42.457,19.487
39.166,19.734
39.424,19.491
38.616,21.061
37.750,21.875
34.519,20.899
34.481,19.332
34.481,17.370
40.541,17.043
38.710,18.906
37.496,21.629
37.935,20.812
37.403,19.882
36.252,19.013
37.778,19.685
40.354,20.156
43.031,19.166
43.680,20.745
44.620,19.433
43.807,20.578
43.290,17.875
40.251,20.687
37.990,20.758
36.737,18.937
35.946,18.284
41.426,16.244
40.236,19.152
41.436,22.050
36.737,22.071
39.708,22.108
40.824,24.549
41.108,23.342
42.109,23.885
44.714,21.951
46.802,22.638
42.835,25.635
41.085,24.650
38.645,27.642
40.904,24.330
39.519,23.706
42.198,22.746
39.929,24.105
40.574,23.827
38.943,23.820
39.473,24.201
42.317,23.719
40.473,25.898
40.177,25.399
38.142,25.321
38.671,25.003
40.673,25.193
41.082,26.635
40.860,25.566
39.863,26.386
39.668,25.301
38.540,23.919
39.337,22.418
40.429,23.036
42.060,24.046
41.813,25.087
42.696,26.162
40.828,27.040
40.800,26.031
43.514,26.011
43.876,26.202
43.819,27.481
42.620,28.206
42.278,26.276
42.645,27.730
43.177,28.982
41.781,27.537
43.476,26.701
44.660,28.618
41.542,26.962
44.957,28.544
44.212,28.522
44.378,28.792
43.020,28.406
41.446,29.028
42.224,26.904
43.179,27.276
43.424,28.149
41.242,26.208
38.746,26.995
42.211,27.112
44.578,27.499
42.277,29.100
40.785,28.461
40.718,28.551
41.832,27.640
40.331,27.876
38.030,29.007
40.998,27.620
44.117,28.350
38.783,28.893
43.620,27.814
40.252,28.971
39.767,26.943
39.882,26.551
33.103,26.942
31.188,25.484
27.865,24.831
30.871,24.410
25.443,23.730
30.421,23.524
28.650,24.279
27.970,23.940
26.258,23.643
25.373,24.087
27.579,24.075
26.571,24.415
29.650,24.092
27.865,24.414
30.616,24.259
28.424,23.544
30.089,24.063
31.016,24.391
27.167,24.425
31.177,23.862
27.780,24.475
28.579,24.169
29.695,24.436
30.213,23.622
31.641,23.638
32.348,24.281
27.920,24.445
31.611,23.646
31.493,24.046
33.890,24.165
32.885,23.930
29.115,24.607
29.346,24.213
29.757,23.748
23.942,22.738
24.789,22.318
25.720,23.389
30.552,23.410
26.801,24.274
25.824,24.091
25.619,23.720
27.946,23.645
26.830,23.538
24.348,23.335
27.042,23.410
26.967,23.401
29.246,23.104
28.945,22.826
27.470,22.937
28.807,22.829
31.431,22.445
28.668,23.588
32.169,23.078
29.273,22.718
27.990,23.149
30.610,23.062
30.352,22.990
29.029,23.357
28.767,23.188
30.263,22.639
31.006,21.845
29.389,22.520
28.629,22.780
27.679,23.433
30.199,23.495
31.945,22.059
33.915,21.621
32.427,21.895
34.622,21.335
38.617,22.639
38.354,22.956
37.146,24.205
40.573,24.170
39.630,24.545
36.061,23.810
32.112,25.198
35.403,24.421
33.563,23.968
32.735,24.321
33.473,24.123
31.076,23.874
27.984,24.170
28.247,23.005
27.071,22.961
26.717,23.000
28.291,22.745
26.881,23.177
26.241,23.213
30.040,23.429
31.563,23.632
31.753,23.877
27.638,23.663
24.389,22.789
29.923,22.192
28.906,22.114
28.002,20.314
30.525,18.868
30.971,20.565
31.337,20.392
30.565,22.229
32.948,21.427
30.731,21.922
34.348,20.338
35.129,19.910
34.851,19.890
34.598,20.485
35.730,20.610
36.342,20.915
33.109,20.663
34.176,21.116
34.738,19.346
34.819,21.413
34.513,22.828
31.070,20.686
33.023,22.393
35.486,20.544
35.824,21.217
34.826,20.156
36.870,18.515
35.248,19.227
34.292,18.287
32.714,18.649
32.761,23.189
30.317,20.643
36.436,18.941
33.528,19.387
34.410,17.797
33.801,14.964
34.905,15.939
35.017,15.622
35.300,14.915
33.172,15.897
33.504,19.880
33.179,19.043
32.566,16.162
31.997,16.633
33.933,16.786
31.901,16.609
32.105,14.627
31.735,14.345
32.267,15.330
33.448,15.896
34.828,13.479
32.947,15.406
34.002,16.235
34.916,14.633
35.393,15.068
35.076,14.811
33.553,16.320
33.543,16.604
34.182,15.912
33.184,16.096
33.309,15.152
31.902,14.526
31.876,14.781
32.123,16.465
31.916,16.096
32.638,15.315
32.545,16.162
30.988,12.951
27.030,14.403
30.772,16.869
31.415,20.668
31.032,18.250
30.890,16.661
32.286,15.575
32.394,14.281
31.391,14.617
30.315,14.065
30.270,14.169
28.814,13.376
28.790,13.389
29.913,13.369
29.681,13.228
29.047,13.299
28.989,13.140
28.182,12.571
28.669,12.685
28.001,12.736
28.827,12.268
29.556,11.577
29.989,13.005
27.302,13.050
26.669,12.709
25.664,11.604
26.246,10.609
28.988,11.040
30.662,11.170
29.600,11.309
28.788,10.565
29.227,11.019
29.640,13.937
29.242,13.094
29.938,12.104
28.881,14.125
29.112,14.776
29.045,15.044
28.614,14.968
29.158,12.853
31.018,12.860
32.565,12.822
31.432,13.883
32.417,11.487
31.767,12.714
31.666,14.122
31.807,14.522
33.267,16.308
32.789,16.088
32.231,15.302
30.545,15.904
30.482,14.884
30.251,13.678
29.592,12.607
26.246,10.454
26.887,10.847
26.431,11.726
27.546,11.219
28.844,12.176
30.420,12.825
31.337,13.455
32.634,15.149
33.474,15.779
33.688,15.935
34.391,16.943
35.362,17.347
33.387,17.266
34.509,14.339
35.065,14.026
34.330,13.521
34.508,13.496
33.449,12.922
34.677,14.164
35.002,15.902
35.792,16.687
36.118,17.090
37.413,16.373
34.165,17.584
33.974,17.279
34.759,15.822
38.726,18.058
39.047,17.089
40.267,20.298
39.320,18.620
39.408,20.368
40.489,19.232
40.831,20.495
38.647,20.163
37.710,24.599
37.680,22.647
33.706,23.676
33.171,21.618
34.969,21.092
35.140,18.402
34.705,19.431
35.580,14.524
36.602,17.779
37.310,18.130
34.690,18.628
24.049,18.652
29.411,16.514
27.883,15.724
32.020,17.234
32.258,15.681
28.320,19.971
30.098,20.808
30.132,20.374
34.834,18.489
32.749,19.847
36.444,22.214
36.884,21.596
39.891,21.031
35.602,19.265
38.420,19.673
38.241,20.262
37.492,19.952
35.799,20.362
36.863,16.603
40.101,17.861
41.429,20.563
39.058,19.693
39.428,18.469
38.037,20.723
37.877,21.497
38.778,20.482
38.373,20.795
39.862,21.494
40.909,22.522
40.321,22.907
40.093,21.445
39.330,21.803
39.558,22.294
39.845,20.801
38.852,21.046
41.375,20.671
40.740,21.440
43.573,22.461
39.887,23.456
37.467,22.381
37.639,20.955
40.206,20.639
44.141,22.837
44.842,24.244
42.141,24.634
39.631,25.553
39.526,23.495
43.115,23.450
42.226,24.946
41.404,23.701
42.092,25.035
41.770,24.643
41.716,25.109
41.864,25.292
42.547,26.712
42.997,27.433
45.964,25.630
48.528,26.564
44.859,27.167
43.236,26.175
43.465,25.697
43.014,26.689
42.128,26.839
42.233,26.280
42.556,26.335
42.253,25.945
41.908,26.170
40.729,26.852
41.432,27.405
41.754,27.560
44.302,28.371
40.423,28.632
39.276,27.669
38.987,27.122
40.145,27.973
40.461,26.881
41.654,27.855
41.913,28.081
41.505,27.339
42.053,26.824
42.902,28.323
42.725,28.253
44.445,28.971
41.603,29.943
40.417,28.452
29.306,25.478
33.928,25.211
34.531,24.860
36.898,25.090
36.622,25.155
36.969,25.664
38.396,26.312
38.842,27.525
38.850,27.347
39.491,27.721
38.333,26.164
37.717,26.119
39.822,25.957
39.854,26.858
40.619,26.413
40.192,25.378
44.776,26.791
37.294,27.607
40.708,29.469
35.908,28.574
40.301,26.670
42.584,27.835
44.086,28.466
41.699,28.857
37.277,28.100
39.512,26.809
35.892,26.817
35.706,26.462
32.374,25.817
38.753,24.754
39.856,24.449
35.172,25.717
33.859,25.895
30.224,25.674
27.725,24.685
28.194,24.243
27.352,24.681
27.356,24.017
29.156,24.017
28.572,24.394
27.472,24.458
29.371,24.114
32.929,24.372
33.290,24.898
35.293,25.051
32.909,24.306
30.739,24.468
24.546,23.341
28.881,23.237
27.608,23.660
24.958,23.796
27.218,23.297
28.725,23.527
28.962,23.803
30.149,22.906
28.526,23.727
26.587,23.089
25.887,23.600
26.314,23.872
25.314,22.886
23.312,22.376
25.467,22.570
28.104,22.877
25.642,23.315
27.628,23.654
28.785,23.650
25.089,23.457
25.907,22.867
26.291,23.303
24.639,23.322
24.052,22.912
25.856,23.257
29.387,23.497
27.940,23.165
29.054,22.912
27.928,24.060
27.825,23.424
25.807,22.760
24.888,22.586
26.801,23.272
25.559,23.410
25.401,22.782
29.050,22.956
28.350,22.160
24.757,22.100
25.677,22.146
29.400,22.053
27.229,22.976
26.353,22.766
30.489,22.229
24.114,22.140
24.214,21.994
27.801,21.705
27.760,22.297
30.204,23.148
31.592,22.388
26.843,23.766
29.626,21.935
30.369,20.111
34.322,20.479
34.204,22.074
32.599,22.788
31.410,22.188
32.926,20.701
35.075,21.803
31.809,23.558
30.887,23.669
32.453,23.630
31.638,22.631
32.227,23.370
32.644,23.671
30.484,24.513
29.494,23.784
30.517,23.156
30.811,22.754
30.623,23.025
31.887,23.026
31.176,23.341
34.631,22.963
31.044,23.109
32.884,23.227
32.843,22.791
31.996,23.053
33.422,22.827
36.218,21.251
35.063,21.588
34.280,22.715
33.460,20.751
36.312,17.064
33.948,18.537
36.531,16.986
37.033,17.609
36.035,20.178
34.554,16.594
37.084,22.253
38.707,24.560
38.667,23.914
37.955,20.706
38.003,20.105
37.401,19.613
35.516,21.548
38.498,20.918
38.509,19.998
38.105,20.048
34.600,20.223
35.145,19.292
34.414,18.722
35.514,19.823
33.980,19.140
33.131,19.804
33.521,20.080
33.218,21.706
33.879,21.417
32.765,20.677
32.964,19.424
33.996,22.595
36.813,21.284
31.813,23.167
36.490,18.475
29.846,19.855
32.524,16.044
33.074,16.335
31.682,17.080
32.438,17.446
33.470,17.134
32.129,18.117
31.566,17.990
31.794,17.793
32.033,16.633
31.930,17.042
32.226,16.093
32.177,13.323
31.781,16.218
29.454,19.694
34.073,15.269
33.917,15.627
31.247,16.366
33.120,16.291
30.911,15.433
32.662,14.643
29.593,18.198
34.085,17.939
26.855,17.961
31.891,18.740
32.644,19.469
32.713,19.503
31.700,16.257
32.173,17.926
32.198,19.291
31.730,16.961
30.870,14.858
30.495,13.425
30.512,13.437
29.512,14.407
30.384,15.359
32.678,16.177
33.340,15.613
32.227,16.285
31.010,16.506
30.434,14.864
30.374,14.705
30.181,14.497
29.844,14.199
30.039,15.200
30.185,15.632
30.324,16.615
29.995,16.690
31.192,16.802
31.366,19.272
29.450,15.890
30.263,15.823
30.987,15.321
30.143,13.147
28.619,13.121
28.894,12.494
30.077,12.790
29.611,12.883
29.501,12.333
29.107,14.219
28.587,13.778
29.116,14.071
30.379,14.062
30.359,13.016
29.839,14.522
29.688,13.512
30.592,13.699
29.397,13.168
30.336,11.337
29.669,12.065
28.319,12.890
29.499,13.429
31.884,13.319
30.423,13.053
29.645,13.168
30.331,13.632
30.574,14.779
31.323,15.532
32.232,16.107
33.453,16.459
33.507,16.341
33.464,14.739
33.676,22.562
27.984,17.527
35.503,18.607
34.325,17.900
33.175,16.892
33.249,16.275
31.691,16.492
34.746,14.434
31.685,15.743
32.713,15.733
33.100,14.413
33.412,17.634
28.711,19.394
31.387,18.835
29.785,15.671
25.373,16.345
28.636,16.713
28.641,14.068
31.285,15.024
30.401,16.050
31.308,13.591
33.993,16.351
34.488,17.844
33.861,19.664
35.669,16.145
35.225,16.430
34.492,21.184
33.083,22.259
33.757,16.187
34.707,15.367
34.063,17.269
31.797,17.771
34.635,18.129
33.380,16.781
37.795,16.222
37.585,18.401
37.112,16.958
36.907,17.839
34.622,15.595
34.149,16.760
34.573,18.954
36.359,16.182
33.733,21.795
32.716,21.594
34.162,19.010
33.886,17.003
38.017,18.040
38.648,16.704
40.697,18.525
40.091,21.497
37.750,23.056
36.834,22.900
36.524,20.320
38.599,21.134
41.024,19.912
37.708,20.633
42.636,20.127
43.776,21.224
42.628,20.427
41.732,19.587
43.306,22.386
45.619,23.625
40.631,25.131
40.278,23.928
41.637,21.645
42.339,20.794
45.518,21.768
44.333,22.388
42.318,24.581
40.174,25.330
40.083,22.564
41.339,22.075
40.999,23.179
41.501,23.777
41.474,22.487
42.824,21.505
43.844,26.731
43.919,26.597
44.908,26.557
43.689,25.326
41.774,24.729
46.613,25.188
40.163,25.891
40.033,24.291
39.355,24.241
40.511,23.740
42.440,24.821
42.667,25.300
43.518,26.088
46.482,27.712
40.616,29.912
44.028,30.340
45.209,29.010
45.143,29.983
43.744,28.200
40.754,28.493
44.875,26.171
42.617,28.122
43.046,28.288
42.321,26.667
42.648,25.135
42.799,26.420
42.346,26.003
41.632,26.135
40.813,26.427
41.203,26.576
40.021,26.423
40.627,26.319
42.501,27.275
41.695,26.901
40.733,26.785
39.822,26.844
36.166,25.929
40.132,25.935
40.172,26.028
40.286,26.126
39.948,27.013
40.359,26.319
42.249,26.459
36.119,26.580
43.153,26.146
43.607,26.799
46.928,27.673
43.992,30.710
40.798,29.215
34.521,27.986
38.292,27.454
38.643,28.423
38.128,27.308
39.994,28.411
42.229,29.200
42.199,29.419
40.932,29.271
40.719,28.053
41.508,28.164
42.166,28.860
39.311,28.782
32.416,28.320
35.447,27.240
38.848,27.930
37.537,27.148
38.310,26.747
33.341,27.550
37.112,26.554
39.361,28.254
36.976,29.437
29.165,26.542
28.824,25.055
29.871,24.302
29.637,25.016
32.037,24.484
32.619,24.885
29.671,25.361
30.627,25.334
26.068,24.217
24.882,24.012
26.777,23.344
27.388,23.816
26.762,23.965
24.557,23.485
24.609,23.724
25.324,22.706
24.240,22.064
24.091,22.816
29.280,23.015
30.171,24.035
28.734,24.533
27.755,24.238
28.746,23.739
29.789,23.820
31.944,23.477
32.531,23.717
31.212,23.159
30.858,23.124
33.788,23.571
36.334,23.477
36.009,24.854
30.033,25.251
31.424,23.753
31.705,24.717
31.030,24.450
31.055,24.031
29.612,23.538
31.658,23.706
30.609,23.403
29.504,23.658
28.327,24.080
27.531,23.590
27.553,23.658
28.330,23.727
26.012,23.100
26.294,22.746
25.746,22.540
28.526,23.902
27.578,23.244
27.714,22.886
26.094,23.434
26.033,23.155
27.981,23.512
27.421,23.492
26.158,23.693
28.336,22.877
30.202,22.394
30.205,22.833
25.357,23.213
29.076,22.523
29.977,21.806
31.222,22.132
31.886,23.086
34.205,23.622
30.892,24.412
30.931,23.819
25.951,23.163
28.233,22.607
29.134,22.539
31.445,22.772
30.772,22.998
29.767,23.657
30.456,23.376
29.733,23.484
26.379,24.151
27.218,23.186
29.990,22.831
30.472,21.693
30.218,21.282
31.825,20.853
31.779,20.148
29.937,21.966
31.494,21.620
31.604,21.179
32.264,21.503
34.690,21.524
32.831,23.753
31.943,23.904
29.642,24.646
31.691,23.976
29.489,24.844
26.929,24.140
31.714,23.401
30.729,22.505
29.930,23.144
29.711,22.610
31.068,22.678
32.564,21.633
30.539,20.743
34.245,21.886
32.398,20.376
35.933,19.256
32.416,19.485
32.260,19.268
33.578,19.151
33.316,19.215
34.640,18.195
36.000,17.949
37.200,18.711
36.380,19.085
31.462,20.389
36.203,18.966
36.674,18.952
35.556,15.567
36.996,15.956
36.865,15.471
35.363,15.589
35.044,16.159
35.896,14.848
37.624,14.706
36.982,16.298
35.394,16.439
34.800,17.502
34.406,18.519
34.101,18.981
34.273,17.781
35.319,18.617
35.214,18.286
33.605,17.945
34.412,18.770
35.212,22.534
35.444,22.870
36.530,23.027
35.381,22.576
38.657,25.392
37.157,20.013
36.790,17.862
36.802,17.995
36.265,19.222
34.662,18.768
35.285,17.528
35.644,19.009
34.517,18.615
35.195,16.862
33.475,17.070
33.286,16.545
31.989,14.667
32.558,14.839
31.559,16.725
31.120,15.677
31.413,12.795
31.680,13.276
32.658,12.722
31.714,13.554
31.364,13.718
31.501,15.113
31.468,14.596
31.664,12.232
31.361,15.136
30.957,16.309
30.457,15.998
26.873,17.993
31.065,18.462
29.467,14.914
29.056,15.588
29.082,16.114
29.755,15.865
28.539,14.205
29.380,14.533
30.717,16.286
29.985,15.931
29.168,15.189
26.388,15.866
28.984,15.805
20.883,16.778
29.781,14.826
28.942,14.851
29.347,14.414
29.235,14.018
31.285,15.499
32.965,16.779
32.882,17.017
33.567,15.272
32.616,15.825
32.078,16.615
31.404,16.151
31.461,16.051
29.939,13.834
29.531,12.605
30.878,12.639
31.228,14.631
29.888,11.243
29.731,9.865
28.715,12.870
30.425,15.273
30.958,15.758
31.250,14.086
31.057,16.606
30.260,15.872
32.205,13.496
30.863,14.027
28.338,13.869
31.019,14.826
30.360,14.421
31.078,15.548
31.642,14.996
32.892,14.957
31.888,15.190
30.074,14.834
28.991,11.054
29.890,10.858
27.944,11.759
27.693,11.878
26.439,8.891
26.043,10.249
26.640,10.111
23.981,8.561
25.374,8.899
27.068,10.183
28.937,11.363
25.288,14.499
26.032,9.134
25.801,10.320
28.024,10.443
23.755,14.484
24.639,8.078
24.403,7.400
25.081,7.941
24.945,8.606
24.444,9.228
25.137,9.549
27.325,8.687
28.648,11.918
29.228,12.494
29.514,12.327
31.719,14.096
33.301,15.235
34.001,15.385
33.773,13.520
36.092,13.300
36.151,16.373
33.763,14.714
35.565,15.674
34.231,14.120
34.183,15.442
32.521,15.491
34.245,12.707
34.973,15.108
34.578,15.365
35.797,15.333
38.292,15.568
37.362,14.751
36.606,16.388
36.210,15.222
37.115,15.161
36.555,15.991
40.486,17.389
40.432,18.501
38.172,18.976
38.626,17.595
37.437,20.599
38.214,20.656
37.684,20.768
37.494,21.687
39.499,23.525
39.388,18.578
41.214,18.209
40.736,17.769
40.516,19.197
38.265,20.642
38.492,18.649
39.705,18.473
40.331,18.438
39.773,21.181
39.430,23.958
39.985,22.068
39.969,21.634
42.916,21.796
42.492,22.122
40.134,20.903
40.880,22.198
37.767,25.758
36.481,20.163
38.073,20.863
35.127,20.849
36.932,18.398
36.531,18.929
41.263,21.406
35.506,23.278
40.541,22.173
43.352,20.432
43.724,23.007
42.935,24.387
43.844,23.882
40.720,24.111
40.350,23.936
41.448,22.838
40.163,22.251
41.821,23.378
41.573,22.961
41.057,22.679
42.176,22.367
40.766,24.468
42.458,25.004
43.414,25.952
48.116,25.609
44.238,26.109
43.729,26.085
42.386,25.967
43.001,24.743
41.714,25.711
42.033,25.240
41.903,25.696
40.428,24.135
41.106,24.926
40.467,24.152
40.353,24.502
38.577,24.605
39.406,25.207
41.132,25.988
39.913,26.386
39.249,25.803
39.681,25.964
40.464,25.759
41.081,25.207
41.708,26.997
40.874,26.756
39.846,26.334
39.901,26.138
39.987,25.291
40.323,25.295
40.185,25.716
39.160,25.434
39.964,26.353
41.083,26.546
41.418,27.240
42.310,25.805
42.015,26.588
41.645,28.209
41.281,27.992
41.776,27.851
40.458,27.735
41.371,27.823
40.845,27.284
40.669,28.073
41.089,28.729
40.630,26.973
38.568,27.940
33.116,27.471
36.213,26.033
39.871,26.441
29.001,25.025
31.749,25.162
33.392,24.482
30.222,24.933
31.541,24.357
31.324,25.244
28.020,24.680
31.962,25.007
27.055,24.712
34.967,24.238
32.964,25.724
27.495,25.265
31.101,24.439
36.193,25.517
36.649,25.876
36.393,26.445
31.794,26.879
27.628,25.076
27.089,24.116
32.564,23.491
28.280,24.723
28.053,24.404
29.221,24.117
28.747,23.843
28.809,23.588
28.401,24.276
29.163,24.273
32.702,24.615
31.151,24.451
31.066,23.988
26.062,23.856
25.218,23.509
24.181,22.593
28.472,22.527
26.947,23.250
29.454,23.986
30.026,23.852
31.651,23.985
33.456,23.570
31.825,24.499
28.726,24.165
31.896,23.557
33.783,24.310
35.141,24.309
35.990,23.839
34.479,24.532
33.061,24.962
26.304,24.201
24.919,23.406
27.621,23.044
31.912,23.221
30.417,23.208
30.520,23.230
30.790,23.282
28.835,23.657
29.493,23.598
28.969,24.146
27.041,24.047
27.327,24.059
28.008,23.028
26.155,23.147
26.124,23.462
26.766,23.481
28.917,23.403
25.993,23.965
26.461,23.443
25.827,23.830
27.307,23.239
27.833,23.300
28.866,22.801
27.742,23.020
27.200,22.492
31.135,22.407
30.818,21.504
30.578,21.021
32.375,21.394
34.021,22.659
28.084,23.383
28.600,23.099
25.842,22.524
30.878,22.703
31.943,21.595
32.616,20.778
33.376,21.315
36.308,21.906
36.041,23.228
40.469,23.448
32.703,25.197
30.534,24.651
30.157,23.533
28.120,22.286
30.280,23.309
32.094,22.115
32.422,23.629
30.959,23.617
32.124,24.093
31.057,23.894
29.011,23.511
26.707,22.774
29.193,22.190
28.984,23.575
25.681,23.699
27.579,23.788
30.104,23.738
30.368,23.926
30.471,22.045
30.120,20.174
32.603,19.876
31.634,22.321
31.920,20.707
32.111,19.462
31.795,20.212
32.222,19.466
32.957,18.301
36.347,19.563
35.230,23.090
38.186,24.712
39.442,22.384
36.222,23.612
37.408,21.018
34.761,21.650
34.089,21.731
36.857,20.439
39.279,21.689
37.583,20.790
38.135,20.346
39.845,18.777
38.895,20.822
37.527,20.222
36.538,21.346
36.780,22.105
36.494,22.149
36.214,20.442
35.751,19.247
35.716,18.057
35.649,18.708
35.421,19.551
36.364,18.835
37.092,17.709
36.926,17.115
35.475,15.394
35.932,18.229
37.074,17.665
38.361,17.986
37.437,19.969
38.045,17.040
36.251,16.517
38.147,16.062
35.483,17.280
35.690,16.302
36.784,15.538
34.826,18.764
34.797,17.287
34.520,16.292
33.615,16.780
33.366,17.836
33.439,17.398
33.452,19.193
34.061,19.814
33.954,17.442
32.149,17.815
30.058,21.851
33.710,21.356
31.290,22.114
32.168,22.662
31.274,19.935
31.548,16.560
31.918,15.967
30.889,15.161
30.496,14.946
30.910,14.783
30.684,15.153
29.513,15.980
31.379,16.563
23.148,19.713
28.698,19.739
32.931,18.677
33.505,19.112
34.251,18.500
33.452,19.347
33.177,18.859
32.862,18.365
32.234,17.524
33.115,19.146
34.010,17.950
34.331,17.728
32.256,16.485
32.923,18.979
33.054,17.786
31.932,19.010
31.952,18.862
32.170,19.416
32.829,19.265
30.782,18.180
24.602,18.679
28.418,15.884
23.812,16.681
31.611,14.563
30.254,14.109
31.247,12.651
30.627,11.162
29.150,10.835
28.646,10.020
29.874,10.266
30.551,10.750
30.586,11.539
29.657,13.843
29.214,13.679
30.555,14.739
31.382,13.346
29.051,13.449
28.387,12.684
23.181,13.069
25.685,15.487
26.823,17.902
30.956,18.219
31.482,18.113
31.977,20.412
31.661,18.600
32.906,18.958
30.403,18.562
31.835,20.966
32.419,17.701
31.989,16.999
32.205,16.272
32.873,17.864
28.978,18.440
34.237,17.950
33.752,16.109
33.250,16.208
33.910,16.423
32.676,15.575
33.459,14.499
33.826,13.295
32.426,15.124
35.371,15.316
34.835,15.738
33.776,15.142
32.685,15.602
33.507,12.643
32.407,13.052
31.304,13.953
31.783,13.286
33.317,14.145
34.297,16.760
34.249,14.513
31.315,17.343
29.951,12.651
31.924,13.370
31.602,13.554
32.559,14.370
33.432,15.106
35.120,15.967
35.981,16.805
35.539,17.582
37.502,18.691
35.506,19.767
37.922,20.495
36.949,18.355
36.553,17.860
34.625,18.688
36.545,18.967
37.414,18.229
37.377,19.069
37.094,20.018
40.564,18.396
39.013,19.295
40.666,21.775
38.583,18.683
37.681,19.940
37.747,18.822
35.166,16.752
36.311,15.904
39.103,21.814
38.738,18.158
41.675,19.353
41.513,20.288
38.560,20.277
36.611,24.259
40.579,21.621
40.162,17.952
38.549,17.822
37.419,18.892
38.214,20.515
37.943,20.233
36.712,19.313
39.983,19.489
40.186,23.186
39.235,19.326
37.762,21.571
41.928,21.571
36.974,19.229
37.416,19.207
38.876,22.399
40.129,21.944
40.352,23.741
40.758,21.601
45.500,25.123
43.087,23.821
41.067,25.297
40.735,22.882
36.096,25.395
38.818,21.841
36.743,22.402
38.524,20.613
41.292,21.235
44.595,22.448
45.901,19.726
43.144,23.657
42.899,22.083
40.619,24.771
36.946,26.392
40.518,25.210
43.994,22.735
48.487,21.725
42.811,24.940
40.669,25.292
40.739,23.754
40.577,22.437
42.748,23.306
44.944,26.226
47.952,24.287
48.146,22.169
44.687,25.889
45.610,27.014
44.385,26.887
42.818,25.866
42.713,25.831
42.397,25.341
41.187,25.317
41.160,25.508
41.734,26.308
41.535,25.357
43.769,26.334
42.196,26.357
41.574,25.512
40.534,26.174
42.796,26.354
43.580,26.646
43.194,27.343
42.752,26.775
42.455,27.934
43.720,26.733
37.445,27.502
40.616,27.842
39.755,27.697
43.217,27.259
41.338,27.771
42.378,28.552
42.526,26.986
41.414,26.724
41.326,26.399
41.549,26.298
42.681,26.937
41.769,27.401
41.088,26.739
41.126,27.809
40.175,28.471
40.609,27.755
40.009,28.021
40.881,27.618
39.473,27.493
40.157,27.377
40.298,26.933
40.231,27.326
40.434,27.249
41.508,26.502
40.119,26.327
40.885,27.288
40.265,27.231
41.460,27.081
40.346,26.803
40.779,26.756
41.706,27.251
41.161,27.263
40.243,26.909
42.746,27.201
40.035,26.894
38.696,27.151
43.748,27.307
40.298,27.158
41.159,26.174
39.155,26.956
37.896,26.956
31.611,24.799
34.144,24.956
35.494,25.576
35.354,25.596
34.081,26.261
33.245,25.536
30.809,25.429
37.193,25.064
39.056,25.366
38.792,26.577
38.680,27.105
27.678,24.865
29.872,24.608
30.836,23.980
32.024,24.804
28.742,25.052
25.003,24.123
27.067,23.801
28.150,24.376
28.320,24.542
28.012,24.185
28.871,23.838
28.572,24.192
28.573,24.419
27.309,24.137
26.225,23.362
25.210,22.893
25.572,23.492
26.260,23.693
26.203,23.781
25.942,23.491
26.849,24.294
27.828,24.367
26.035,24.011
27.205,23.610
26.787,23.668
29.392,23.881
29.965,23.384
30.219,23.122
27.444,24.064
29.908,23.384
31.429,23.452
26.379,24.121
27.165,23.858
31.104,24.170
24.146,22.865
25.891,23.193
28.570,23.274
29.297,23.673
31.782,23.084
32.354,22.931
33.622,23.260
34.960,23.335
32.171,24.090
31.383,23.694
32.845,23.306
33.535,23.286
34.069,22.949
34.742,23.608
31.756,24.316
26.879,23.669
26.997,23.090
27.266,23.180
27.263,23.145
29.071,23.034
30.739,22.421
26.552,24.082
28.470,23.777
29.029,23.960
29.794,24.224
29.761,23.475
29.592,23.042
31.737,23.445
31.849,23.845
29.566,23.600
31.632,22.640
33.173,22.066
34.130,21.494
34.040,22.550
33.158,22.097
33.066,21.100
36.107,19.774
35.453,21.677
36.030,22.819
36.844,23.282
37.461,22.420
39.105,22.197
40.773,23.584
37.733,23.794
36.497,23.280
36.389,22.806
36.333,23.114
37.886,23.631
38.606,22.907
36.831,23.843
39.028,24.324
37.389,24.768
35.080,24.420
32.162,23.197
27.797,24.374
32.109,23.497
32.062,22.180
31.484,20.962
29.300,20.412
31.375,17.971
33.285,17.721
35.228,19.199
33.867,19.114
36.227,17.456
35.721,22.627
34.846,18.569
37.170,18.871
37.244,17.185
35.280,15.607
34.475,15.883
35.276,15.589
36.871,17.826
34.566,15.851
37.063,14.402
34.973,15.945
34.295,15.394
33.570,17.486
34.529,16.572
34.736,18.155
35.326,18.225
36.499,16.596
37.743,16.596
35.348,15.278
33.931,17.931
33.906,16.592
33.529,17.838
35.413,19.257
34.734,18.920
35.569,19.797
34.452,20.778
28.949,22.436
21.963,18.513
22.476,19.344
28.220,19.040
29.212,21.315
23.327,21.223
22.540,20.660
27.957,18.169
27.229,17.333
26.662,16.909
26.325,15.990
25.533,13.601
24.970,11.900
26.420,13.949
27.513,15.324
30.746,16.159
30.991,15.979
29.344,16.750
29.117,16.711
28.480,15.293
27.810,14.301
27.502,13.631
27.473,14.436
28.358,14.481
29.945,15.946
30.373,15.943
30.624,16.763
31.074,16.121
30.641,15.532
31.387,18.239
31.198,17.351
32.116,16.512
31.347,17.866
29.775,17.439
31.023,17.828
32.045,17.722
30.047,18.844
22.522,17.093
27.460,16.074
27.691,16.168
26.894,17.957
28.189,16.560
28.074,16.808
28.452,15.202
28.481,14.488
27.503,13.263
28.256,13.021
27.687,12.761
27.805,14.562
28.269,16.606
26.879,13.584
26.909,13.671
27.071,13.390
28.505,13.827
30.319,16.612
29.822,16.613
28.170,12.741
26.583,10.968
26.956,10.992
28.890,12.525
29.893,12.826
28.698,13.680
29.974,15.933
31.081,19.083
26.236,13.890
26.197,11.463
26.657,11.351
27.744,12.806
28.736,13.586
29.975,13.169
29.388,12.891
27.842,12.106
28.825,12.484
28.599,12.943
29.052,12.706
30.478,13.323
31.699,11.066
30.060,14.601
29.811,14.314
30.114,14.616
31.922,12.780
32.127,14.899
30.753,14.231
30.581,12.346
31.082,15.469
30.761,15.430
30.518,19.740
31.439,20.196
32.663,19.329
32.655,18.299
33.631,21.180
31.047,20.865
32.622,16.093
27.411,18.785
31.618,14.529
31.474,13.988
31.681,13.459
31.218,13.239
33.037,15.416
33.568,13.486
34.370,15.062
34.422,14.855
35.073,16.973
34.922,17.553
33.637,21.761
32.429,17.670
31.674,15.179
34.404,14.153
36.950,14.703
38.253,15.212
38.517,16.386
36.861,15.959
37.108,17.384
35.526,20.686
34.385,18.411
36.763,18.733
33.273,19.020
33.401,17.286
36.814,16.496
37.171,18.883
38.529,20.904
38.179,23.152
38.518,21.564
38.925,17.330
38.576,19.758
39.074,19.176
42.478,19.531
43.643,20.944
42.049,20.922
44.544,20.041
42.815,20.008
44.642,22.624
41.000,22.208
40.229,22.080
38.841,20.898
38.526,20.549
39.294,20.008
39.531,20.264
40.355,20.262
40.947,24.191
38.232,22.846
37.858,21.852
36.461,20.558
38.350,21.366
37.824,20.021
40.443,19.554
41.532,21.473
46.285,21.770
47.610,22.418
45.531,25.212
40.923,24.716
40.660,26.442
40.791,23.612
40.672,23.314
41.999,23.292
44.288,23.722
46.513,23.926
44.592,25.124
43.951,26.439
42.130,25.034
41.339,25.154
40.214,24.758
40.334,24.448
40.488,24.576
41.191,24.906
42.347,25.021
41.022,24.922
42.174,24.735
42.502,25.278
42.479,26.475
42.419,25.738
42.488,25.602
41.742,25.045
41.917,25.552
42.793,27.989
44.254,27.788
42.267,27.370
41.871,27.401
42.158,26.763
42.125,27.837
42.415,27.894
41.946,27.546
42.432,25.934
44.059,26.580
45.091,27.371
42.333,27.437
42.383,26.152
42.869,27.161
43.354,28.096
44.972,27.944
44.585,28.102
47.241,28.409
46.457,29.434
45.164,29.203
44.813,29.361
43.575,29.123
42.850,28.922
41.503,28.235
40.717,27.754
40.610,27.668
40.954,27.532
40.327,27.961
41.481,27.106
42.253,27.090
37.825,27.524
36.972,27.887
39.521,27.544
38.931,27.899
38.648,27.417
37.248,25.803
37.750,25.485
39.855,25.791
41.539,29.623
45.431,30.639
47.589,30.142
45.983,30.701
43.588,29.361
32.288,26.056
32.303,25.065
36.460,25.072
39.030,25.549
42.579,27.325
39.951,28.019
39.810,27.887
40.258,27.624
40.580,27.819
38.761,27.159
41.332,26.192
41.612,26.635
43.940,28.724
38.381,27.224
35.811,26.947
38.096,26.386
35.902,26.698
37.843,25.706
37.025,25.591
33.843,26.160
30.444,25.376
31.123,24.103
32.743,24.032
30.468,23.985
31.344,24.243
31.359,24.612
28.825,25.094
28.748,24.185
30.952,24.233
32.007,24.332
33.362,24.528
26.297,23.795
30.697,23.615
33.363,24.226
32.880,24.690
35.460,24.871
34.374,24.922
30.984,24.846
28.585,24.790
27.936,24.675
25.159,23.372
28.927,23.149
30.153,23.951
30.417,23.592
33.729,23.211
32.311,23.652
29.274,23.908
26.707,23.904
27.801,24.102
27.373,23.582
24.445,22.475
27.556,23.146
28.528,23.646
25.938,22.458
25.204,22.477
27.528,23.185
30.506,23.373
30.003,23.262
30.377,23.534
31.076,23.905
29.650,23.660
30.012,23.795
32.231,23.121
31.457,23.639
31.669,23.086
28.026,23.641
29.952,23.669
28.825,23.238
29.419,22.831
28.455,23.232
27.523,23.362
30.595,22.831
32.275,23.331
31.109,24.014
31.830,24.832
31.380,24.795
30.564,23.776
28.045,22.570
28.519,23.109
28.013,23.176
28.537,23.021
27.183,23.361
27.582,22.683
27.477,23.765
26.203,23.419
28.885,23.291
26.511,23.804
27.089,22.615
27.088,21.946
26.944,21.969
28.269,22.233
27.793,22.842
27.947,23.448
30.059,23.536
29.731,23.496
30.351,23.572
31.302,21.736
31.501,21.476
31.264,21.270
32.524,20.916
31.068,21.805
32.549,21.765
30.890,21.471
33.843,21.170
33.357,21.600
35.162,21.482
37.479,21.534
34.880,21.471
34.696,21.190
34.565,20.313
37.998,21.336
36.173,22.821
38.189,21.107
37.503,21.062
37.020,19.920
36.940,19.852
35.999,18.636
34.419,21.166
34.492,22.134
35.574,23.223
37.880,19.768
36.978,21.622
35.524,20.906
35.742,21.014
34.164,23.078
34.673,23.660
34.626,22.539
34.382,22.703
35.775,23.426
35.252,23.155
35.497,21.661
35.987,19.600
36.921,22.340
34.329,23.486
35.885,19.812
36.704,22.883
36.357,19.914
35.455,20.576
33.847,22.180
32.395,17.446
32.310,17.807
32.120,17.916
32.654,19.137
34.293,19.661
33.772,19.586
32.506,17.472
32.343,19.733
30.296,22.689
36.541,22.121
35.248,22.197
31.644,21.391
32.427,21.525
31.872,21.491
33.167,23.855
31.832,21.986
31.101,20.989
33.617,20.506
32.447,22.066
31.608,20.133
30.641,19.902
23.899,20.332
27.169,18.267
28.594,21.208
25.005,21.123
30.875,18.826
30.227,20.998
29.789,20.480
31.101,19.882
32.219,18.549
30.265,19.761
29.424,20.213
30.121,18.263
29.263,17.987
30.113,17.590
28.552,16.282
27.647,13.764
28.330,14.596
30.538,16.074
28.276,13.928
27.291,12.584
25.827,9.953
26.938,11.179
26.701,11.894
26.906,11.761
27.508,11.654
28.269,12.055
28.002,12.289
27.073,12.000
26.703,11.966
28.944,10.417
29.496,9.201
27.859,9.824
29.252,9.951
29.041,12.800
30.030,13.715
29.015,15.556
29.184,18.967
30.196,19.457
27.727,18.042
25.491,12.427
25.584,10.777
26.297,10.041
27.039,10.865
28.365,13.229
28.140,11.639
26.985,9.390
26.565,8.533
29.626,8.583
28.852,9.355
27.267,9.727
29.353,9.023
30.445,11.253
31.134,10.177
29.558,11.619
28.408,11.884
27.358,11.322
28.728,9.492
29.000,10.854
29.669,11.996
30.367,11.713
31.095,12.060
31.057,12.549
31.887,12.051
31.944,13.519
30.594,12.679
28.816,12.026
30.158,13.190
31.550,15.054
30.627,12.543
30.337,12.750
30.526,14.361
33.690,15.285
33.516,15.727
33.365,15.105
33.482,14.664
35.525,13.832
33.628,12.471
32.368,13.869
33.109,16.309
32.730,15.075
34.826,14.369
34.294,17.642
34.869,14.804
35.413,15.835
33.193,16.167
31.571,15.629
29.131,15.176
30.572,13.058
30.084,14.974
33.112,13.405
31.633,13.374
30.813,14.411
32.826,14.725
34.090,15.758
33.659,18.290
32.312,15.740
33.734,12.441
35.989,13.741
33.937,17.088
35.828,19.335
35.602,16.660
36.515,18.942
35.444,18.992
36.044,17.990
37.419,16.982
38.392,17.579
37.920,18.418
34.237,17.113
34.815,15.670
35.656,16.834
35.904,15.868
38.023,16.353
41.304,15.435
40.238,17.333
39.653,18.883
42.340,17.087
39.774,19.663
38.525,19.727
36.798,18.288
37.673,18.372
36.791,18.195
36.711,17.220
37.961,17.529
41.303,19.391
40.545,18.500
41.809,17.151
39.072,19.553
38.301,18.672
38.242,19.216
37.579,18.960
37.781,19.117
37.795,18.858
37.435,18.538
39.442,18.276
40.877,18.380
39.535,21.152
40.911,22.112
41.430,21.684
40.420,21.211
43.675,20.711
42.736,21.847
44.509,22.686
40.221,24.496
40.713,23.376
42.816,23.855
45.553,23.619
41.098,25.017
39.861,24.171
41.633,22.948
44.012,20.405
43.947,21.577
42.797,21.948
45.936,21.624
44.909,23.521
42.659,22.322
45.350,24.537
46.858,24.441
48.050,24.852
43.983,26.337
44.359,27.585
47.665,28.591
41.081,26.330
39.425,25.078
38.206,25.586
38.925,25.637
39.485,25.279
40.019,24.439
43.349,24.818
41.476,25.520
40.636,25.196
40.598,24.758
40.788,24.771
40.852,24.662
41.172,24.700
42.240,25.944
43.255,26.191
44.870,27.735
43.737,27.622
42.001,27.372
40.622,26.133
39.961,26.991
39.098,27.208
39.551,27.254
41.974,27.036
41.833,26.961
41.056,26.876
42.090,27.769
41.333,27.636
41.716,27.550
41.298,28.035
40.046,28.511
39.729,27.888
40.757,27.886
38.906,26.893
38.257,28.476
42.235,29.219
42.877,30.618
49.469,28.839
45.338,28.094
42.438,27.987
39.305,28.164
40.652,26.824
40.669,26.286
38.236,26.166
35.603,25.075
34.849,26.089
36.617,25.283
34.513,26.290
33.897,25.770
32.240,25.046
31.704,25.574
33.752,25.635
32.817,25.960
29.515,25.192
28.174,24.886
25.776,23.977
30.841,24.110
30.153,24.883
29.236,24.489
27.998,24.131
29.330,23.548
31.395,23.582
30.875,23.748
31.442,23.930
30.593,23.768
29.732,23.425
28.809,23.836
33.343,24.042
28.601,24.113
26.594,23.513
26.542,23.542
28.204,23.688
29.032,24.028
26.944,24.132
26.951,24.093
27.202,24.053
28.096,23.586
28.295,24.577
25.977,24.164
27.435,23.757
28.850,23.376
27.404,23.926
28.490,23.566
24.207,23.574
25.288,23.483
25.477,23.430
30.475,23.616
32.201,24.064
28.507,24.428
27.569,23.963
27.213,23.520
28.220,23.851
27.803,23.595
29.306,23.695
28.310,23.863
26.174,23.915
29.585,23.152
27.094,24.025
26.986,23.834
26.361,23.988
24.554,22.497
25.892,22.470
27.054,23.704
25.525,23.315
27.334,23.138
27.472,23.878
25.842,23.549
28.012,23.222
29.054,22.950
28.885,22.985
27.913,22.990
28.714,23.413
30.859,23.114
32.687,22.372
30.392,23.813
27.065,24.220
25.686,23.186
26.182,22.676
27.578,23.090
28.135,23.426
28.681,23.953
30.219,23.874
32.749,23.509
26.261,23.397
30.327,23.120
27.020,24.125
28.488,23.789
27.773,23.041
27.343,23.302
28.737,23.494
25.784,22.663
28.245,22.144
26.421,22.987
27.839,23.166
28.862,22.441
32.790,21.819
32.730,22.670
30.523,23.092
29.702,22.523
28.560,22.058
28.861,21.936
29.747,22.043
28.014,21.798
28.731,21.812
28.438,20.772
28.652,20.596
29.564,20.821
29.048,20.896
29.280,20.599
29.851,20.310
32.212,19.980
32.824,20.149
35.433,19.498
33.476,20.724
31.824,20.669
31.833,20.071
32.495,19.129
34.692,18.157
37.141,19.639
37.856,21.377
35.557,22.287
37.888,20.635
37.522,21.409
35.132,23.764
36.810,21.122
35.740,22.502
39.386,22.406
39.259,24.813
37.904,22.662
38.187,20.869
39.822,21.538
38.110,18.218
37.002,16.941
38.255,15.599
36.146,17.206
36.174,17.231
35.107,17.201
34.605,17.701
34.736,17.686
35.248,18.775
34.677,17.821
34.446,17.822
35.952,17.666
35.148,17.223
34.110,18.126
33.006,18.453
34.359,18.687
35.114,18.742
35.730,18.440
37.825,16.951
35.684,16.253
37.389,16.255
34.659,19.150
36.817,16.378
36.703,15.776
36.941,15.822
35.132,17.964
33.772,19.745
33.765,18.202
34.683,15.242
34.617,14.784
34.299,14.613
36.177,14.190
33.905,15.252
33.931,17.079
32.670,16.121
31.326,15.578
31.203,15.863
31.556,16.564
31.302,16.995
31.741,18.335
31.777,19.734
33.119,20.614
34.980,19.589
33.542,15.263
32.238,15.483
33.477,15.527
35.751,16.529
35.102,17.058
33.884,15.881
33.410,14.508
33.078,13.960
32.595,14.877
32.107,14.859
28.948,13.130
28.747,11.812
29.308,11.764
30.577,12.614
32.013,13.322
29.947,13.432
30.146,13.290
30.962,13.017
30.354,12.862
30.024,10.749
29.867,12.343
30.281,13.675
30.438,13.810
31.823,11.977
30.698,9.946
30.483,9.831
28.953,9.137
30.427,12.295
28.872,11.631
28.805,11.846
31.096,13.560
27.817,17.833
27.292,11.360
29.978,12.233
29.780,12.856
29.677,12.209
29.466,11.987
27.938,12.442
28.721,9.487
26.221,10.537
25.215,9.979
25.332,9.164
25.633,9.518
25.518,9.134
26.366,9.487
29.607,10.460
29.271,11.542
27.779,13.372
25.657,8.567
25.153,7.131
24.181,7.994
25.444,10.054
29.213,12.557
30.216,10.689
30.240,11.338
27.965,14.085
29.364,15.620
29.022,13.575
27.900,12.312
27.388,12.220
29.077,12.804
29.678,13.805
28.631,13.261
30.529,12.536
31.982,13.322
31.640,14.484
31.491,14.400
33.130,14.216
29.289,14.575
24.717,8.868
26.890,8.428
27.976,10.148
30.487,11.696
32.657,13.685
32.029,13.675
31.754,14.985
30.935,12.498
29.357,11.847
30.515,13.018
35.522,14.307
36.054,16.006
35.930,14.733
35.334,15.566
35.094,14.344
35.461,14.135
34.587,14.482
34.941,14.110
38.277,15.610
36.664,14.887
34.424,15.650
34.120,12.837
31.789,13.131
31.840,12.981
35.342,14.687
36.748,15.333
36.643,16.822
34.411,16.203
33.976,12.802
31.511,14.119
31.392,9.331
33.304,10.675
34.790,14.629
34.290,14.629
33.123,15.567
35.566,14.595
39.067,16.622
40.103,15.169
37.930,17.517
37.988,17.818
39.522,18.165
39.289,18.318
38.938,16.251
41.843,15.827
42.564,18.165
43.418,15.759
42.071,16.599
40.145,17.530
40.823,19.864
40.599,21.333
40.377,21.556
41.773,18.355
41.632,21.602
42.428,21.400
42.120,22.513
41.697,24.858
41.491,22.530
39.851,22.049
39.828,21.915
41.849,20.872
42.070,21.225
41.154,21.895
41.125,22.549
39.804,22.511
39.511,22.053
39.017,22.440
38.960,20.541
39.788,23.673
40.451,21.806
39.943,24.099
39.357,22.842
37.035,24.607
28.153,21.706
38.024,19.140
37.669,23.656
38.301,20.913
36.937,22.196
38.880,22.471
39.978,23.467
39.639,23.497
40.251,24.602
39.704,23.299
40.050,22.833
40.661,23.464
39.448,22.482
41.542,23.347
40.657,24.723
41.570,24.991
40.360,24.258
43.488,24.232
43.008,26.127
44.856,26.172
43.654,27.035
41.233,27.177
40.359,27.165
39.706,25.674
40.167,25.440
41.423,25.509
41.213,25.761
40.789,25.844
42.342,26.509
43.695,25.419
42.872,25.913
42.387,26.848
42.029,26.992
43.162,25.979
42.273,26.390
42.256,27.304
41.223,27.034
41.327,26.789
42.110,26.700
42.629,26.249
41.971,26.747
41.343,26.972
40.401,26.519
40.089,26.739
38.412,26.759
38.890,26.731
40.476,26.932
30.619,27.014
36.375,25.782
35.873,26.792
37.630,27.286
37.555,26.559
39.951,25.615
40.059,26.735
39.177,26.007
34.371,24.829
34.238,25.426
35.236,25.026
30.300,25.970
36.786,26.188
36.747,26.545
37.408,26.280
37.579,26.475
36.423,26.447
36.614,26.405
33.684,26.317
33.932,25.867
35.045,25.053
35.214,25.331
36.211,25.152
34.767,25.633
33.859,26.077
34.020,26.402
37.749,26.010
37.002,25.216
29.642,24.447
26.136,24.093
27.629,23.795
28.634,23.859
29.252,24.131
30.209,23.957
25.302,24.083
26.578,23.867
29.899,23.372
29.444,23.740
26.333,24.319
29.283,23.747
30.744,24.155
27.925,24.492
25.808,24.617
27.813,24.182
29.630,24.354
28.703,25.215
28.931,24.738
25.505,24.253
24.078,22.880
26.348,23.145
28.454,23.658
26.683,24.326
25.998,23.930
24.724,23.133
26.530,23.237
25.644,23.294
25.381,22.412
25.873,22.785
26.021,22.944
27.686,23.374
27.829,23.598
30.433,23.322
28.822,23.898
25.451,23.477
25.725,23.523
25.142,23.224
25.314,23.123
25.942,23.034
24.315,22.790
24.557,23.034
24.844,22.722
24.493,22.574
27.284,22.078
25.854,22.994
27.930,22.762
27.008,23.501
24.996,23.203
28.334,22.057
29.077,22.550
28.104,22.982
26.724,23.260
27.383,22.977
29.607,22.761
30.664,22.583
31.104,22.889
33.552,23.890
31.869,24.728
28.458,24.390
30.201,23.746
31.572,23.955
29.817,24.289
27.212,23.736
24.867,23.478
26.964,22.762
28.307,22.864
28.816,23.261
29.321,22.477
24.474,23.263
25.107,22.837
27.342,22.228
27.309,22.924
26.248,23.092
28.981,21.915
28.790,21.689
29.538,21.048
31.980,21.399
32.207,22.101
30.628,22.957
28.668,23.347
26.393,22.202
26.232,21.071
28.310,20.882
29.452,20.904
30.619,19.538
32.365,19.610
32.730,19.949
32.894,20.458
33.921,21.572
35.071,22.512
36.871,21.657
33.875,23.959
33.938,23.548
36.601,21.650
34.001,22.132
37.521,23.105
35.224,20.657
34.920,20.746
37.135,19.724
36.107,17.678
37.049,17.769
37.296,17.655
36.967,19.050
38.363,19.949
36.181,19.558
37.902,18.614
38.072,18.345
35.792,19.668
34.289,18.496
34.163,19.693
34.747,19.965
37.714,19.312
37.323,19.086
36.214,18.646
33.035,19.175
33.077,20.467
34.402,16.440
33.040,17.094
32.541,17.327
31.574,17.806
33.332,19.452
33.780,18.024
33.947,16.366
33.035,15.117
31.653,15.503
33.443,15.625
34.265,14.601
34.147,13.751
33.134,17.150
33.332,22.115
31.568,19.767
31.440,21.331
33.082,17.585
32.250,18.142
32.118,15.095
31.304,14.442
31.988,13.385
30.753,13.475
30.194,15.725
30.860,14.918
31.973,14.523
31.997,13.667
32.319,13.126
33.204,15.468
33.625,15.774
33.220,16.001
32.581,13.071
31.725,12.079
32.194,12.767
30.268,14.746
31.805,15.763
31.796,17.407
31.412,16.609
32.083,16.834
33.228,16.902
35.802,18.099
33.892,19.576
32.800,18.413
31.106,14.529
30.020,13.770
29.930,12.379
30.176,11.260
31.057,12.804
31.966,14.886
32.809,15.875
31.587,17.200
31.609,15.581
29.942,15.825
29.578,13.961
29.787,14.501
30.721,15.844
30.304,15.865
31.888,15.677
29.033,13.475
28.265,11.801
29.026,12.242
29.679,12.018
30.373,11.804
31.810,14.715
31.603,15.923
31.467,16.034
28.944,13.231
28.910,10.715
29.231,10.920
27.821,9.474
27.218,10.289
25.958,10.180
26.100,9.780
29.088,12.075
28.956,13.110
28.927,12.656
31.150,11.730
31.755,11.239
32.052,12.369
31.981,12.830
33.024,14.444
31.758,16.047
25.817,14.107
25.843,9.685
26.454,10.352
27.389,10.497
28.424,11.995
28.545,13.917
28.825,14.317
28.558,14.661
30.488,12.949
29.901,13.829
30.859,14.297
30.395,14.617
30.552,15.676
32.744,18.090
34.370,17.327
33.689,16.069
33.502,18.018
26.357,21.687
29.858,17.394
28.668,14.447
29.699,14.571
29.413,14.048
31.034,13.069
34.550,17.464
36.763,18.043
33.652,19.512
34.881,19.069
33.561,19.624
32.989,18.879
27.496,17.973
28.996,10.956
29.757,13.393
33.762,15.264
32.938,15.793
34.323,16.962
35.930,16.471
33.575,16.121
32.435,15.580
33.688,16.560
35.256,17.019
32.626,15.630
35.622,15.018
34.624,16.296
35.387,15.554
36.166,15.791
36.639,16.708
37.758,17.113
37.309,18.736
38.762,18.205
39.385,18.232
37.732,17.836
37.073,18.030
37.176,16.661
37.088,17.745
36.231,17.191
35.187,17.628
38.336,17.666
36.583,21.113
39.493,18.151
37.747,20.056
38.811,17.797
37.102,18.977
38.941,18.000
36.542,17.694
37.907,18.515
36.296,19.584
38.221,20.285
38.376,21.656
37.819,23.930
35.771,20.716
34.258,19.653
36.522,18.808
41.966,19.970
40.368,18.714
37.427,20.975
35.726,19.439
37.168,18.541
40.211,18.934
42.297,18.121
40.599,21.212
40.063,20.432
40.661,21.024
39.237,22.865
38.622,21.017
39.858,21.344
40.400,22.710
40.201,22.852
39.978,22.357
38.868,22.774
38.367,22.108
38.130,21.828
37.557,23.460
36.796,22.019
36.646,22.577
41.962,23.838
40.076,23.892
42.129,25.536
41.320,26.725
40.500,27.063
41.383,24.798
42.918,25.382
43.211,25.605
43.122,26.383
43.091,26.083
42.006,25.365
40.577,24.967
41.168,25.926
41.303,25.142
41.611,25.464
43.109,24.791
41.904,25.569
41.105,24.934
40.657,24.807
40.120,25.595
39.804,26.859
42.108,25.580
43.228,26.994
42.868,26.573
43.488,26.396
43.163,26.035
44.071,25.884
43.500,26.863
41.626,29.340
43.535,27.218
42.281,27.191
42.860,26.430
41.298,27.408
40.425,27.774
40.085,27.591
40.825,27.671
39.860,28.260
39.715,27.439
41.360,27.453
42.324,28.078
42.776,28.559
42.412,28.078
41.530,27.884
40.583,26.920
40.567,26.437
42.053,27.302
39.324,25.717
38.227,27.466
31.776,25.517
29.117,24.857
33.114,24.333
33.977,25.088
34.304,24.678
33.671,24.814
31.265,25.268
34.886,25.080
29.329,25.106
29.585,24.005
31.437,24.060
33.273,24.180
33.494,24.312
28.883,24.995
32.519,24.642
29.330,24.484
31.693,24.471
27.420,24.563
28.991,23.930
31.926,24.271
30.016,24.712
32.453,24.561
33.628,25.030
26.664,24.788
25.143,24.079
24.363,22.685
25.483,21.682
28.964,23.458
28.558,23.752
28.571,23.862
25.502,23.797
27.747,23.369
25.926,23.574
29.009,23.188
27.356,22.917
27.487,23.533
25.862,23.613
25.850,22.748
27.605,24.052
26.484,23.983
26.373,23.455
27.680,23.542
28.266,23.323
26.556,23.806
27.541,23.752
27.838,23.725
27.030,24.240
25.767,24.073
26.358,23.565
26.009,23.617
25.505,23.383
27.003,22.261
27.555,22.973
23.819,23.270
26.705,23.452
28.193,22.819
27.098,22.287
28.913,23.015
27.491,23.153
28.672,22.866
25.794,23.294
25.786,23.454
25.231,23.162
26.677,22.989
26.839,23.252
26.413,23.558
26.891,23.560
27.177,23.042
30.038,23.272
29.759,22.506
29.083,23.154
28.684,22.930
24.873,22.971
23.458,22.530
24.175,22.524
23.391,22.523
23.565,22.329
22.657,21.346
28.007,21.539
27.471,22.922
28.978,21.970
28.587,22.208
28.720,22.499
29.057,22.054
30.982,21.851
28.876,22.433
28.135,22.351
28.619,21.235
27.807,21.703
29.168,21.321
30.034,21.803
31.312,21.941
33.018,22.463
33.691,21.973
35.929,23.066
34.927,23.006
37.788,22.359
36.265,23.499
34.762,24.077
31.413,23.932
34.185,22.805
35.311,23.117
38.165,20.922
35.619,22.216
30.561,23.288
23.819,22.003
24.708,23.231
25.890,22.621
26.298,21.398
29.280,21.764
31.292,20.832
29.042,22.190
28.825,21.751
27.420,22.764
29.289,23.092
29.409,22.991
28.625,23.191
27.437,22.488
28.081,22.207
28.685,22.607
29.766,22.156
27.930,23.057
27.368,22.593
31.776,22.135
28.574,22.394
28.529,22.604
30.596,20.890
30.826,21.022
31.491,20.937
33.424,19.944
32.018,18.610
33.157,18.531
32.934,21.477
33.044,18.788
34.123,16.497
31.490,17.146
31.506,17.748
31.269,17.502
32.016,20.512
32.627,20.349
34.892,18.960
34.635,16.883
34.380,15.122
34.867,16.197
34.640,16.208
33.708,15.739
34.942,14.985
34.014,16.762
34.023,17.851
31.934,17.867
32.864,17.722
33.024,18.108
28.714,19.502
31.369,18.118
30.819,17.604
33.405,16.758
33.226,15.969
33.505,16.089
31.784,16.125
29.715,17.053
29.123,13.823
29.118,13.543
31.944,14.207
33.379,14.225
31.554,12.501
30.788,13.274
30.511,14.778
30.627,15.280
32.679,15.791
33.073,18.270
32.996,18.020
32.143,17.807
31.243,18.346
31.170,15.513
31.439,14.994
33.298,15.881
31.997,17.672
32.481,17.694
32.391,17.971
32.225,17.512
30.545,13.917
30.012,12.725
31.177,12.313
31.250,11.494
29.563,12.457
30.407,12.459
28.560,11.373
28.593,11.429
29.846,9.911
31.026,10.573
30.711,10.502
30.188,10.545
30.653,9.823
29.369,10.470
28.965,10.586
29.692,11.109
28.380,11.398
28.081,13.807
29.469,15.560
29.373,14.597
28.815,15.420
29.771,14.757
27.854,14.544
27.668,13.091
28.554,16.447
28.520,13.315
28.732,15.247
27.516,14.373
29.885,17.591
25.469,17.810
27.626,12.818
28.158,9.361
27.430,11.731
30.510,15.103
29.237,13.997
27.922,9.278
24.805,8.935
26.701,11.276
29.088,13.562
30.359,16.984
29.404,14.526
29.216,12.339
28.266,13.664
25.321,8.913
26.946,11.347
30.470,14.192
29.006,18.116
29.172,17.098
28.965,14.951
31.258,16.162
29.884,14.860
30.057,14.975
30.083,14.742
29.732,12.446
30.977,13.053
30.520,13.215
29.804,13.644
30.476,13.848
31.134,15.062
32.700,14.425
32.414,13.702
32.840,12.679
33.364,15.380
32.183,15.516
30.226,14.135
28.261,11.407
27.940,8.227
29.851,12.018
29.107,12.854
28.471,11.398
26.220,12.586
25.270,10.863
27.872,9.999
28.175,11.808
29.271,11.811
33.650,12.916
33.687,12.644
28.405,16.287
30.580,16.606
31.549,16.240
31.274,17.098
33.024,20.451
34.433,17.588
32.367,16.214
30.246,14.454
28.638,12.034
31.049,11.494
30.233,14.377
30.865,15.587
30.444,18.207
33.848,17.177
33.079,18.909
32.727,18.405
35.172,18.230
34.101,18.876
33.924,17.312
35.852,15.855
36.676,19.627
37.218,18.873
37.848,17.827
39.853,18.039
37.603,19.398
36.522,20.332
39.127,15.489
38.203,15.425
36.317,17.825
36.054,18.278
38.951,18.658
37.624,19.507
38.369,19.669
39.418,18.824
40.276,20.125
38.701,22.196
39.006,21.721
38.731,21.150
38.316,21.328
37.674,20.960
37.031,20.086
41.717,19.842
42.522,19.643
41.053,20.198
40.155,22.434
38.994,23.305
38.594,21.446
38.342,20.024
39.430,19.609
39.976,20.030
43.046,20.244
43.257,21.398
41.737,21.697
40.309,22.311
42.185,22.436
40.524,22.969
40.242,22.896
39.173,21.812
43.349,23.211
43.307,23.934
42.999,23.400
42.907,24.433
40.664,22.636
41.012,24.197
42.281,24.382
43.546,25.481
45.923,25.857
45.141,25.342
42.496,26.724
42.211,25.508
41.278,24.941
40.733,24.232
40.153,24.067
41.935,24.789
43.590,26.044
43.115,25.597
43.477,27.416
40.229,26.227
39.573,24.398
38.792,24.976
38.974,25.794
39.305,24.423
39.423,25.170
38.768,25.393
38.662,26.096
40.173,25.797
45.379,26.497
44.098,27.193
42.781,28.156
42.363,28.112
41.698,25.992
41.975,26.817
44.226,25.963
47.799,27.119
45.666,27.438
47.880,28.526
45.539,28.009
43.590,28.356
42.802,27.635
42.434,26.794
43.624,27.013
44.830,27.302
45.642,28.486
45.008,28.676
44.346,28.513
43.773,28.538
44.007,28.370
43.123,27.894
41.812,28.158
43.027,28.081
42.522,27.830
40.502,27.319
38.934,26.928
36.592,26.637
36.673,26.442
37.786,25.599
36.882,26.943
38.212,25.348
38.430,26.259
37.090,26.834
37.742,27.207
33.063,26.810
35.401,26.770
38.627,26.628
37.336,26.832
38.484,26.024
38.515,26.435
39.307,27.024
37.806,26.346
37.821,26.591
38.333,26.262
37.398,26.245
35.552,26.739
38.460,26.123
38.144,26.874
39.125,26.656
38.451,26.800
36.663,26.536
37.584,26.293
35.272,25.632
37.489,25.865
34.941,25.224
40.242,24.929
29.823,25.535
34.593,24.805
29.183,24.868
30.910,24.655
26.568,25.007
26.871,24.099
28.493,23.659
29.556,22.952
29.492,23.771
24.165,22.936
23.175,22.302
26.440,22.205
27.659,22.759
29.270,23.233
28.903,23.889
31.464,23.024
31.627,23.937
28.395,23.568
