20000101
28.473,13.252
27.729,12.794
28.589,11.717
27.007,11.019
27.962,11.704
27.927,10.535
27.384,8.753
28.851,9.034
30.359,10.682
31.360,10.006
31.448,13.766
29.424,17.866
27.280,11.766
26.575,10.607
25.932,10.774
25.741,10.459
27.357,12.554
30.394,13.857
31.162,12.794
30.197,12.333
27.286,10.446
27.616,12.447
29.940,13.217
28.248,11.107
29.854,13.715
30.429,11.823
28.448,13.667
27.197,11.697
29.536,10.717
30.422,11.270
31.658,12.213
26.378,12.856
28.115,10.935
27.968,11.707
28.505,13.061
26.105,14.288
26.809,10.543
26.768,11.261
29.076,11.248
27.713,12.056
29.074,12.177
25.382,12.768
25.348,10.290
26.143,11.105
27.366,11.937
29.430,12.055
31.089,11.077
28.388,12.785
30.846,12.079
29.433,12.706
29.507,11.302
31.578,10.612
31.473,14.875
30.768,18.858
30.182,16.887
27.544,18.672
31.708,13.234
34.024,12.271
33.056,14.070
34.940,12.630
35.741,17.582
34.685,19.763
34.020,17.182
32.932,17.988
32.121,15.677
32.502,13.407
30.810,13.227
30.710,13.916
35.030,14.323
34.132,12.453
34.753,16.921
32.830,17.200
29.261,16.906
34.103,14.136
34.602,12.224
33.432,14.724
33.655,16.394
34.671,17.472
36.796,15.611
36.179,16.874
36.221,15.157
34.574,17.692
34.515,16.251
34.076,19.105
37.770,18.699
36.842,18.590
37.643,19.312
36.702,19.608
38.880,20.427
40.970,16.094
40.253,21.331
41.759,24.180
43.703,23.452
41.190,21.467
41.071,21.372
39.935,21.929
40.685,22.539
41.150,20.953
40.309,24.837
40.480,23.946
40.528,22.428
45.133,21.612
43.547,23.527
41.804,22.782
40.140,23.550
39.974,22.573
41.553,23.051
40.627,22.758
40.415,23.929
41.302,24.105
41.426,24.372
40.435,25.222
39.354,26.109
38.953,24.072
38.807,24.218
40.659,24.396
41.564,25.530
41.296,24.980
41.409,26.558
40.954,26.649
41.087,26.997
41.816,25.800
42.479,25.716
43.030,25.010
42.998,25.764
43.403,25.495
42.382,27.190
45.653,27.220
40.496,24.835
38.175,26.905
38.965,25.382
39.200,27.375
35.298,26.462
37.531,24.003
37.855,23.839
38.600,24.181
38.691,24.899
38.676,24.932
35.367,25.677
33.422,25.530
29.569,23.677
36.625,22.851
38.125,24.440
39.099,24.388
39.163,25.069
39.396,25.819
39.365,26.346
40.511,26.395
40.540,26.209
39.445,27.552
37.569,25.707
38.157,26.060
38.777,25.819
40.151,27.834
44.608,27.284
38.436,26.204
39.658,26.644
41.183,27.134
38.821,27.931
36.864,27.140
38.222,25.460
37.585,27.430
39.269,26.241
38.189,26.905
35.240,26.053
36.867,25.676
37.385,26.227
39.616,26.575
39.354,26.762
39.621,25.875
39.646,26.869
32.696,26.412
33.428,25.162
35.046,27.060
32.673,25.645
33.642,25.711
37.302,24.927
37.360,25.525
38.133,25.471
37.471,24.910
38.028,25.784
38.348,26.075
36.857,25.786
29.698,25.123
33.645,24.209
34.708,24.099
35.518,24.500
38.145,24.505
34.160,25.258
29.183,24.477
26.506,24.363
28.647,23.643
27.416,23.911
24.921,23.449
28.643,23.502
24.369,23.675
26.823,23.199
27.258,22.058
26.034,22.427
24.257,22.947
25.146,23.142
23.149,22.268
23.857,22.016
28.414,21.683
29.657,22.296
31.335,21.863
32.774,22.776
33.281,22.533
34.282,24.012
33.970,23.332
26.266,23.670
28.004,23.005
32.755,23.100
32.797,23.884
32.272,22.813
31.767,22.363
33.330,22.056
35.348,22.429
35.282,22.961
37.426,25.722
36.023,24.814
35.047,25.768
35.030,24.628
33.147,23.361
29.064,23.689
26.895,22.874
25.447,22.464
24.773,22.284
27.327,22.198
27.093,22.650
26.346,22.387
25.491,22.380
25.539,22.615
28.103,22.299
27.938,22.716
30.678,24.769
32.444,23.781
32.269,24.172
32.682,24.160
28.752,22.547
30.106,23.179
27.553,23.348
25.905,22.588
26.066,22.604
26.718,22.474
25.431,22.472
24.781,22.543
26.344,22.215
22.669,21.958
24.374,21.778
29.192,20.807
30.350,19.404
31.324,21.221
31.421,20.875
31.782,20.830
32.843,20.211
33.841,19.594
34.772,20.286
34.432,21.562
35.257,21.127
34.715,20.769
32.905,20.554
35.374,18.961
38.734,20.348
37.155,23.382
36.391,24.068
36.504,23.012
39.093,22.253
39.164,20.702
39.166,21.684
38.236,22.002
39.939,21.741
38.910,20.802
38.416,19.058
38.290,20.221
37.418,20.756
37.118,20.279
37.547,20.168
37.194,18.928
38.615,18.183
40.280,18.289
38.468,19.778
40.425,21.124
40.475,22.006
40.155,22.439
39.930,25.017
35.849,23.110
36.473,20.903
36.413,20.574
36.619,17.959
35.734,19.622
36.875,19.054
37.252,17.921
37.275,16.948
37.207,17.618
36.283,19.941
35.572,17.661
34.212,19.109
34.834,18.801
36.880,17.800
36.980,18.725
35.653,15.860
34.959,15.875
36.185,16.639
36.971,13.081
33.666,17.270
33.469,17.603
33.179,17.610
34.040,17.934
34.271,17.505
33.770,15.836
35.272,15.951
33.669,16.413
35.305,16.000
35.215,16.694
33.430,16.495
33.994,14.998
33.288,14.325
33.187,15.888
33.190,16.966
32.559,17.566
32.518,16.654
32.246,14.501
32.335,15.418
32.946,15.365
31.549,14.643
31.992,14.721
31.721,15.676
32.850,15.230
32.560,17.201
31.667,16.088
31.730,15.913
29.737,14.561
28.815,15.890
28.544,14.187
27.838,13.776
27.187,12.385
28.144,12.121
29.461,11.852
30.809,8.772
31.681,10.292
30.466,15.032
30.879,14.326
31.247,11.136
30.768,10.056
30.209,11.927
29.884,12.447
30.337,11.120
30.105,10.138
30.310,12.436
30.298,12.789
31.076,13.387
30.937,10.741
30.846,13.787
30.595,13.085
29.389,13.645
31.441,13.687
30.531,12.751
30.950,12.444
31.383,12.467
29.956,13.139
29.676,12.415
29.134,11.670
29.350,12.847
24.461,16.670
19.492,10.317
23.316,6.146
25.328,8.794
26.340,10.247
26.526,10.252
25.714,10.227
27.633,10.763
27.707,12.047
25.726,10.785
26.972,10.931
27.531,12.275
28.916,13.126
29.375,15.083
29.878,12.865
28.382,13.135
30.486,16.270
30.757,14.358
30.740,18.360
32.068,17.846
30.993,16.575
31.658,15.946
30.367,13.469
27.786,13.135
28.950,11.898
28.674,10.742
28.174,9.868
29.680,11.499
30.153,12.546
30.588,13.289
31.656,12.482
31.351,12.274
30.376,18.092
32.463,19.701
32.709,16.290
30.776,14.119
30.717,11.522
29.630,9.308
31.610,10.587
31.279,12.241
32.135,10.276
33.105,11.274
31.527,13.880
31.338,13.531
32.705,12.117
34.340,17.436
32.345,14.992
28.532,12.825
30.969,13.620
31.884,14.588
32.754,13.220
34.394,16.114
34.087,15.217
33.804,17.012
33.454,13.310
34.864,15.222
34.933,18.163
33.455,17.453
32.367,16.970
32.763,15.775
33.625,14.484
32.471,17.896
32.159,18.106
34.030,17.726
33.477,18.711
34.528,16.417
33.688,16.186
33.886,10.881
34.211,16.938
34.753,17.993
34.830,20.507
34.167,17.014
33.598,20.563
33.819,18.223
34.820,15.787
38.200,17.429
36.256,17.139
36.189,17.167
37.633,16.451
37.466,17.229
35.962,20.150
34.999,19.689
34.742,20.993
36.042,18.484
35.789,20.876
36.821,19.938
36.382,21.305
36.627,20.314
36.252,22.230
33.461,19.015
33.228,17.598
35.393,14.316
35.916,20.232
40.791,21.816
38.514,21.956
38.991,21.095
38.555,18.639
39.702,18.731
40.260,21.892
38.235,21.418
38.260,20.320
38.340,21.397
38.246,25.238
37.010,22.792
37.970,21.896
41.406,20.795
37.972,25.708
34.414,23.172
37.032,21.530
35.252,24.364
37.200,22.525
39.216,24.591
40.673,20.190
42.304,22.781
43.180,22.976
43.363,24.158
42.404,25.977
42.205,25.214
41.204,25.756
41.470,25.848
41.308,25.071
42.521,24.027
43.607,25.862
43.243,27.198
41.661,26.380
42.519,25.399
43.246,25.748
42.784,26.218
42.228,26.967
41.189,25.750
39.771,26.168
40.717,26.666
40.699,26.161
41.909,26.450
40.566,26.353
40.027,26.115
39.830,26.402
39.961,26.856
39.304,26.860
38.317,26.301
37.054,25.939
37.929,25.792
39.362,25.872
39.646,26.408
43.815,28.081
42.999,26.784
43.243,27.357
39.283,27.252
42.399,26.223
41.503,27.183
38.536,26.384
37.008,24.821
35.582,24.276
35.000,25.469
31.523,25.555
31.718,24.755
34.882,25.628
30.120,25.102
36.342,24.316
37.980,25.523
40.575,25.614
37.313,26.289
37.548,26.316
40.316,25.418
38.962,26.472
35.178,25.383
29.412,24.910
31.835,23.005
23.389,21.695
26.919,22.530
30.013,23.533
28.255,23.017
28.954,23.526
33.272,23.399
33.889,23.298
35.572,23.898
37.047,24.875
37.563,25.873
35.378,26.113
34.105,25.592
36.838,25.196
34.938,25.086
34.169,25.135
29.312,24.652
25.506,23.620
24.230,22.791
28.311,23.116
29.689,23.268
31.204,22.691
34.426,22.796
31.509,24.042
35.194,24.117
26.711,23.238
25.638,22.703
27.673,22.930
28.054,23.030
27.465,23.104
25.480,22.955
25.685,22.986
24.993,23.027
26.048,23.047
26.746,23.669
28.498,22.804
24.074,23.139
27.936,22.602
23.820,22.922
27.153,22.925
27.876,23.054
30.219,23.210
30.373,22.851
30.722,24.096
28.877,23.472
28.694,23.090
31.002,22.607
32.424,22.541
25.352,23.575
33.830,22.262
33.189,23.020
31.141,22.475
30.408,22.352
29.323,23.654
30.153,23.454
30.199,23.024
29.049,23.242
30.593,23.207
27.923,23.558
28.696,22.884
29.379,22.979
29.058,23.382
24.427,23.175
23.881,22.531
26.385,23.038
30.550,21.641
29.187,21.546
30.644,22.519
30.237,21.853
30.232,22.003
28.851,22.456
28.341,22.384
31.523,21.899
31.103,21.606
27.979,22.007
29.584,22.331
29.017,21.181
33.436,21.382
33.497,22.626
34.082,22.477
34.865,22.402
34.245,23.002
32.651,22.282
34.475,20.720
30.046,22.078
34.196,20.743
35.136,20.928
34.739,20.652
34.578,20.406
37.810,20.714
35.107,21.774
35.522,23.003
36.405,22.004
38.111,21.392
37.598,20.901
35.993,21.770
39.193,22.245
39.114,23.258
38.100,21.452
36.583,22.972
41.576,22.587
38.761,22.740
37.804,23.726
39.034,23.129
40.933,21.114
39.177,19.419
38.850,18.340
38.734,19.748
35.957,23.930
34.144,20.969
32.172,22.917
29.459,22.390
33.380,22.564
35.532,21.793
35.542,21.748
35.715,23.138
35.182,23.714
35.019,23.620
31.954,22.667
24.385,22.651
35.704,20.683
33.557,21.904
30.766,21.711
36.164,19.050
35.165,18.580
33.810,18.158
35.200,17.241
35.542,15.555
34.875,15.062
36.985,15.056
35.085,19.032
35.699,17.309
38.008,15.372
37.118,15.787
36.735,15.778
38.035,15.415
35.396,18.515
36.407,17.917
36.684,17.125
35.755,18.117
37.329,16.167
34.807,16.536
34.589,17.388
35.072,18.041
36.201,17.502
35.379,19.298
33.096,17.576
31.231,18.217
30.981,16.052
31.942,15.972
31.515,16.161
31.938,16.663
32.836,15.600
33.721,15.533
33.704,16.495
35.251,19.104
36.541,21.943
33.741,19.709
32.866,17.000
31.997,15.272
31.871,14.975
32.544,13.774
30.124,14.169
30.267,14.471
29.038,13.265
30.060,13.372
29.676,13.556
29.581,13.636
28.469,13.422
29.710,13.717
30.423,14.258
30.254,13.954
30.066,10.441
30.368,9.789
31.639,14.150
32.104,14.128
32.912,11.960
32.053,13.075
31.734,12.920
31.678,13.592
30.849,13.159
31.264,15.304
29.776,15.114
29.894,13.849
30.263,13.324
30.773,14.954
29.808,14.820
31.934,14.460
28.737,14.990
28.214,14.013
27.975,12.257
27.115,11.410
28.052,11.102
28.505,11.182
29.674,13.274
31.168,12.375
30.705,15.183
29.498,14.941
28.361,14.465
29.102,13.889
28.531,13.220
27.129,11.938
26.215,11.398
25.999,10.983
27.212,11.760
25.869,14.823
27.078,13.010
26.922,13.251
27.074,11.940
27.943,13.023
29.071,12.411
30.549,11.507
30.905,12.125
31.319,11.611
30.404,12.430
28.208,14.851
27.021,10.932
25.166,9.766
25.366,10.267
25.386,10.150
26.995,10.411
26.986,11.804
28.815,10.213
27.594,8.978
26.712,11.776
25.939,11.226
24.372,10.263
25.684,9.529
25.743,9.468
24.320,9.359
27.127,10.310
28.879,11.782
29.089,9.976
30.444,12.951
29.063,16.884
31.562,17.590
30.450,12.636
27.881,12.423
27.033,9.507
27.791,10.269
19.881,14.066
25.068,15.177
26.526,11.544
29.551,12.679
30.654,14.292
32.278,16.226
32.677,16.632
25.712,19.442
27.227,19.680
31.329,18.203
33.335,16.948
33.664,14.828
34.827,14.745
32.551,17.361
32.421,15.902
31.647,15.479
32.810,17.238
33.895,17.532
34.087,16.277
35.972,17.678
33.874,20.535
33.814,17.913
33.877,16.693
33.705,15.397
34.628,16.900
33.596,14.067
33.177,15.775
32.567,17.329
35.298,18.757
37.555,20.377
35.573,21.016
38.012,23.228
30.093,20.453
34.916,16.588
36.274,15.409
35.998,17.647
38.567,19.943
38.842,20.603
37.926,22.005
37.556,20.203
36.255,19.889
37.558,20.149
36.276,20.593
35.077,19.394
37.943,18.180
37.116,19.213
40.550,17.730
40.505,19.904
39.057,20.259
39.378,19.675
39.925,22.299
38.776,23.074
41.464,20.524
39.984,19.362
39.739,21.842
40.298,24.437
31.160,24.038
35.318,21.684
36.889,20.221
37.438,21.897
39.041,22.065
39.810,21.367
40.019,23.230
40.018,23.744
39.158,24.052
39.292,24.329
39.449,25.584
40.321,26.480
41.794,26.082
38.863,28.442
40.343,25.835
40.110,24.594
40.029,24.382
40.274,25.023
39.169,23.579
41.763,23.417
43.405,21.454
42.549,24.261
42.620,24.112
46.137,24.323
43.594,26.612
44.824,27.403
44.667,26.513
46.146,28.461
45.172,26.112
43.588,26.460
42.392,25.771
42.201,26.731
41.195,27.379
42.000,29.442
41.005,28.748
40.845,27.437
41.461,28.232
42.210,28.580
42.552,28.347
42.423,27.819
41.088,31.125
42.122,28.395
40.215,26.790
39.328,25.492
40.176,25.496
41.442,26.219
41.948,26.210
42.491,26.998
41.513,27.749
39.881,27.321
38.135,25.917
39.659,26.561
40.114,27.519
38.950,27.673
40.535,27.880
39.652,27.391
40.782,26.451
41.202,26.750
40.362,27.118
41.312,26.985
39.839,26.074
40.344,26.683
41.748,27.633
42.161,27.911
42.312,27.830
44.338,28.689
43.198,29.770
40.998,27.801
35.307,29.420
40.509,27.215
39.252,27.821
37.265,27.396
36.975,26.306
35.436,26.083
37.847,26.225
33.695,26.551
32.127,24.866
36.022,24.612
36.602,25.729
31.135,26.562
32.087,24.881
30.121,24.447
25.961,23.985
26.208,23.408
26.306,23.457
32.161,23.835
34.292,23.894
35.161,23.943
34.709,25.506
36.991,25.287
36.389,25.316
33.547,25.298
34.918,24.852
37.000,25.432
36.226,24.822
35.376,25.655
36.873,25.556
35.314,25.501
35.067,25.540
29.201,25.784
29.146,25.019
33.929,24.689
26.595,24.196
27.060,22.990
25.026,23.509
30.638,22.642
26.591,23.942
26.749,23.797
26.753,24.197
26.759,24.308
27.087,23.924
29.635,24.015
34.849,23.666
33.360,24.092
36.151,22.884
37.193,22.978
37.564,24.594
36.759,25.185
35.009,24.639
32.234,23.075
26.667,22.924
24.837,22.963
26.092,22.955
28.370,22.980
28.259,23.411
25.608,23.310
26.945,22.875
25.779,23.055
25.007,23.188
24.878,23.059
26.450,23.344
24.177,20.973
24.830,21.809
26.230,22.209
25.432,22.525
26.630,22.399
26.199,22.185
29.942,21.398
30.169,22.338
27.439,23.535
27.810,21.625
28.136,21.457
29.620,20.911
30.352,21.153
30.185,22.427
23.398,22.170
25.592,21.961
27.517,23.110
27.725,24.000
27.720,24.010
24.564,23.186
25.904,23.295
30.729,22.628
28.229,21.801
29.164,21.741
28.664,21.081
30.401,20.578
30.013,20.472
31.737,22.137
32.723,20.587
33.355,19.224
33.705,18.725
32.297,19.761
31.958,20.153
31.795,21.786
35.338,21.310
36.839,20.833
35.867,21.930
35.440,20.973
35.364,21.844
35.574,21.856
34.778,21.777
38.376,23.031
39.074,22.231
38.302,24.168
37.626,22.974
33.188,21.416
39.336,19.931
38.683,23.149
37.306,21.539
39.216,19.945
39.567,20.035
39.841,18.449
38.827,21.713
37.558,21.748
37.326,21.032
36.351,21.490
37.556,19.656
36.400,19.820
35.929,20.679
36.196,19.718
35.049,20.204
35.001,21.885
35.116,18.404
36.246,20.834
36.017,19.323
35.724,19.827
35.141,20.596
37.119,19.511
36.698,19.039
36.483,16.649
35.311,19.301
34.265,18.946
35.237,15.508
33.865,14.597
34.220,16.890
34.131,14.803
36.752,14.814
35.356,15.968
35.906,16.311
34.085,17.521
35.039,16.235
35.534,16.710
33.271,20.619
32.781,17.304
32.624,19.238
31.651,18.347
32.571,18.765
31.188,18.178
32.234,19.364
31.179,16.090
33.404,16.961
31.925,15.066
33.365,13.961
31.745,15.971
32.481,13.654
32.082,14.804
33.173,12.823
33.132,13.407
33.559,14.229
33.134,15.256
32.815,15.344
33.132,15.519
33.528,14.488
32.976,13.968
32.048,14.510
31.622,14.111
31.718,13.479
30.410,14.018
30.136,15.589
31.902,15.953
30.816,11.856
30.573,12.635
31.533,14.324
32.244,18.394
32.777,20.650
32.872,17.549
31.224,14.704
30.893,13.074
30.795,12.324
32.877,15.486
32.329,15.964
32.088,16.831
32.402,16.146
32.379,15.246
32.257,13.892
30.792,14.645
30.494,15.474
30.075,15.475
29.897,13.957
30.320,15.057
27.793,12.021
28.321,13.551
27.181,10.602
29.387,12.906
27.183,13.331
27.283,10.832
25.090,12.560
24.143,14.956
23.260,8.256
24.574,9.421
26.888,13.162
28.065,13.121
29.096,13.641
29.896,14.359
26.995,16.584
29.876,14.218
27.733,16.300
28.159,16.762
29.281,14.400
29.178,16.225
29.306,16.340
29.408,14.345
29.616,12.231
27.880,11.504
27.225,11.268
28.260,11.794
28.720,12.005
27.858,14.280
30.861,15.244
31.392,15.848
31.965,12.526
30.901,14.305
32.592,12.875
32.640,16.936
30.876,18.332
31.300,15.453
30.369,14.244
30.127,12.402
31.103,16.628
25.185,15.202
27.116,15.506
29.326,15.715
30.022,13.712
31.572,16.152
31.335,15.298
32.209,14.789
31.015,12.279
30.415,12.084
31.183,15.377
32.422,16.150
32.376,16.425
33.042,15.980
31.674,15.527
32.750,16.140
34.120,17.546
31.033,16.447
28.733,20.152
28.116,17.461
29.854,13.909
32.485,16.160
33.587,16.224
33.538,16.923
33.583,17.261
34.794,16.539
33.886,16.076
34.766,18.096
35.056,19.028
35.285,20.653
35.361,19.248
31.977,18.617
29.220,11.896
31.062,12.578
34.861,14.180
34.873,15.352
34.235,16.113
35.587,15.765
35.075,17.995
36.532,18.021
33.818,18.212
35.085,16.852
36.516,18.022
36.432,15.192
34.674,17.663
36.687,17.902
35.667,19.749
34.876,19.088
36.324,16.857
39.378,16.537
37.902,20.793
39.199,22.122
39.209,21.075
42.005,20.749
41.409,22.453
38.934,23.109
42.243,18.546
37.386,21.502
35.893,21.954
39.531,20.898
39.620,22.771
39.749,22.294
38.421,22.843
37.120,22.995
37.710,20.947
42.319,20.443
35.999,26.787
39.200,21.538
40.990,21.883
39.612,24.714
41.061,27.006
38.079,27.392
37.877,23.715
38.119,21.787
38.777,22.509
38.296,22.184
39.442,24.506
39.823,24.394
37.633,24.234
37.702,20.861
39.773,21.961
41.562,23.804
42.778,24.118
40.926,24.910
40.975,24.178
38.883,24.976
39.831,24.286
43.410,23.857
45.664,23.672
43.341,26.972
43.351,24.761
41.277,25.678
39.329,24.417
38.571,24.103
38.364,22.049
38.956,22.852
38.854,23.585
40.358,24.198
44.150,23.668
42.969,21.696
43.722,24.770
43.275,26.534
43.035,27.472
43.002,28.051
43.328,25.913
42.631,27.107
42.132,28.275
40.778,26.752
40.109,26.497
40.690,26.418
41.085,27.204
39.055,27.194
38.928,26.253
40.890,26.878
40.115,27.556
38.416,26.062
39.070,27.140
40.123,27.223
41.487,26.783
41.405,28.250
42.512,28.173
40.869,26.864
42.202,27.456
40.802,29.804
42.415,28.593
41.502,27.322
40.244,27.136
39.974,27.131
40.133,27.715
40.989,27.939
40.986,27.602
39.442,26.959
41.212,26.981
39.740,27.162
31.874,27.178
38.577,27.463
38.134,25.796
29.452,25.188
34.226,25.220
28.909,24.370
28.849,23.986
31.636,24.184
33.094,25.288
32.206,24.680
32.145,24.749
28.843,24.557
29.423,23.740
30.693,23.548
29.590,24.160
29.223,24.123
30.739,23.769
33.382,23.891
34.110,25.111
33.587,24.747
29.647,24.884
29.381,24.512
27.989,23.416
29.228,23.485
28.634,23.407
27.456,23.883
29.271,23.304
27.735,23.931
28.887,23.503
31.043,22.911
31.004,23.593
30.894,23.659
28.263,23.946
30.856,23.029
30.729,23.445
30.936,23.200
28.524,23.994
26.955,24.398
29.372,23.680
28.739,23.747
26.541,23.786
26.075,23.316
25.569,23.076
25.960,22.798
26.641,23.345
26.365,22.977
25.987,22.789
28.744,22.048
27.167,23.049
26.464,22.692
25.146,22.325
26.366,22.601
28.014,22.933
32.878,22.792
30.860,22.932
30.318,23.387
27.321,23.963
26.624,22.994
27.366,23.321
28.380,22.388
25.839,22.527
29.299,23.260
30.492,22.523
27.342,23.106
26.443,22.976
28.707,22.743
27.181,22.956
30.224,22.401
29.885,22.078
32.104,23.267
30.541,24.042
26.003,23.811
24.308,22.185
24.012,21.746
27.331,22.482
26.734,22.808
27.605,22.092
23.861,22.850
25.367,22.251
24.275,22.313
28.003,21.687
25.620,22.186
26.145,22.985
28.692,22.024
28.924,21.989
28.622,22.005
29.810,22.243
25.944,21.253
28.636,21.427
29.863,22.583
30.557,21.560
31.025,21.016
30.139,21.310
28.432,22.505
25.544,21.690
29.856,21.523
27.374,21.999
29.892,21.834
30.837,22.439
29.981,21.963
29.496,23.032
28.637,22.476
28.623,22.401
29.865,21.833
30.398,22.418
30.192,21.546
29.161,22.649
30.950,21.396
29.393,20.638
30.761,20.325
32.398,19.098
29.985,21.584
30.848,18.383
30.099,16.887
30.796,18.280
31.310,20.898
31.091,20.405
33.004,20.091
33.102,19.879
32.769,17.688
33.609,16.638
34.575,16.425
33.401,16.583
32.057,18.518
32.196,15.925
31.990,16.527
32.286,16.876
36.184,17.533
33.907,17.693
32.948,15.764
32.594,16.740
32.885,16.387
32.523,14.341
33.467,16.300
33.349,14.527
32.024,17.039
31.118,17.875
33.172,19.094
34.647,20.086
34.192,20.474
34.669,18.285
33.780,18.080
34.795,20.898
31.952,20.114
32.624,19.292
31.888,22.229
32.078,22.514
32.426,17.708
32.834,17.359
34.443,15.467
33.561,16.730
31.154,16.262
30.658,16.406
29.888,15.192
30.042,13.982
30.847,15.395
31.330,14.496
32.160,19.180
31.212,18.020
32.298,17.308
31.975,18.348
32.610,15.743
32.405,15.000
31.188,20.011
32.377,15.640
31.453,17.856
31.882,17.099
31.739,14.880
32.442,16.675
32.614,16.844
32.477,17.601
31.133,16.962
30.825,15.054
30.237,15.256
30.302,13.156
30.791,13.000
30.446,14.062
31.108,12.892
31.312,14.448
30.906,12.611
30.087,15.633
29.924,17.353
30.759,17.468
30.177,15.278
29.636,14.772
28.298,14.465
27.093,13.061
27.496,13.264
27.151,13.255
27.474,13.687
26.925,12.927
27.190,13.289
27.474,12.833
26.701,11.744
27.338,12.039
24.779,15.625
25.368,13.863
23.161,10.058
24.243,10.120
25.287,10.291
27.339,11.207
27.014,9.771
26.733,8.966
27.741,10.894
27.450,13.270
27.719,16.247
26.489,12.979
26.371,12.717
26.537,12.698
26.215,12.356
27.092,11.327
27.873,12.679
28.849,12.389
29.667,11.586
30.157,10.853
31.052,11.383
30.917,12.614
30.659,13.351
28.479,12.096
28.602,10.769
28.696,12.788
26.357,17.505
25.472,11.358
24.436,9.059
24.758,10.860
26.080,11.735
26.021,12.236
25.958,12.458
25.737,12.032
28.074,14.033
27.138,11.981
26.267,10.919
24.727,10.462
25.827,10.901
27.306,11.206
30.050,13.586
27.384,10.837
26.571,10.624
28.241,11.740
28.760,11.723
30.807,13.052
30.854,14.291
30.387,13.551
31.551,16.552
31.623,16.829
31.695,15.714
31.916,15.738
32.545,15.581
32.620,15.314
32.443,13.417
33.405,14.698
34.184,12.590
33.415,15.855
34.195,16.123
34.486,14.396
36.772,13.465
36.127,16.756
35.386,14.956
34.959,16.502
34.440,16.735
33.764,15.488
34.842,15.829
37.120,17.612
36.634,16.906
36.796,16.038
37.654,20.215
36.641,21.922
36.566,17.843
37.085,18.464
36.349,19.008
38.866,17.899
37.716,14.796
39.327,19.891
39.336,16.082
39.616,18.031
39.099,20.937
42.309,19.039
43.087,20.880
40.261,22.853
40.167,23.144
39.438,20.690
38.977,19.095
39.663,20.486
38.901,22.716
37.822,21.696
36.233,19.490
34.925,18.106
37.143,19.582
40.963,21.247
41.358,20.992
39.406,20.695
38.479,21.510
38.133,21.190
38.461,22.030
37.867,21.558
39.300,22.800
39.029,24.084
38.361,22.204
37.574,21.510
37.341,22.754
38.698,22.309
38.719,21.013
39.503,22.371
40.587,22.876
40.485,22.891
40.443,24.413
40.647,25.005
39.745,23.291
38.014,23.611
37.008,25.215
36.990,22.544
39.369,23.370
40.325,23.539
39.956,24.113
39.596,24.302
41.741,23.550
41.690,23.068
41.776,23.549
41.306,25.307
41.384,26.292
40.866,24.754
40.315,25.055
39.904,23.357
42.766,21.420
45.004,24.331
47.278,24.755
43.104,25.387
42.216,26.678
41.154,30.488
40.174,28.787
40.341,30.691
42.295,29.567
33.413,27.362
37.250,26.883
36.525,26.747
36.936,26.412
36.761,26.744
40.167,26.557
40.593,28.063
40.010,27.493
41.192,25.958
39.864,25.560
39.712,25.657
39.454,25.931
38.976,25.635
39.282,25.463
39.667,24.388
39.328,24.652
40.891,25.997
41.697,26.100
42.778,26.784
43.227,27.998
42.541,28.670
42.247,28.575
42.117,27.844
41.633,28.239
40.817,27.917
41.687,28.573
41.320,28.333
40.095,26.264
42.603,27.615
35.435,27.427
38.733,28.171
37.347,28.568
39.594,27.996
36.331,26.228
36.812,25.398
36.409,25.109
29.278,25.054
30.258,24.408
31.421,23.574
32.804,22.824
32.048,24.041
35.513,24.262
35.515,25.149
35.973,24.943
34.444,25.004
34.344,24.167
34.759,24.551
35.036,24.602
34.573,24.991
34.360,24.391
33.179,24.795
33.613,24.917
32.982,24.385
36.865,24.758
32.769,24.331
30.010,25.879
28.587,24.573
25.830,23.532
30.727,23.624
30.534,23.436
31.128,23.255
30.118,22.978
34.632,24.442
34.352,23.427
36.570,23.673
36.828,24.765
36.378,25.049
34.106,24.467
29.048,24.255
31.818,22.544
29.809,23.663
32.400,22.857
32.979,23.422
36.830,22.749
34.941,23.336
31.573,24.163
32.994,24.244
26.758,23.211
28.556,23.394
29.821,23.203
29.432,24.194
25.616,22.352
24.038,21.844
25.776,22.267
30.838,22.849
31.757,24.177
27.553,24.501
26.618,23.711
24.666,23.148
24.860,22.563
24.792,22.680
24.611,22.600
24.812,22.660
23.257,21.784
23.201,21.697
23.977,22.370
24.859,22.507
23.295,22.107
25.019,21.962
25.305,22.290
24.659,22.227
26.746,22.726
27.609,22.873
27.331,23.830
23.662,21.913
22.896,21.673
25.889,22.324
28.884,21.716
29.160,21.824
29.876,22.017
29.765,21.286
30.027,21.167
28.698,21.778
27.998,20.570
29.129,19.889
28.837,21.555
29.599,20.405
29.848,20.186
30.848,21.472
33.152,22.941
33.376,22.244
32.492,22.460
31.419,22.556
30.504,21.679
32.515,20.975
31.822,20.821
29.702,20.477
30.496,20.270
33.578,19.846
31.564,21.346
30.010,22.611
30.089,22.914
30.792,22.195
32.358,22.594
34.971,23.413
32.684,23.491
33.844,23.140
32.241,22.112
32.714,21.878
33.608,21.723
35.680,21.808
32.782,24.096
31.630,22.458
35.353,22.526
31.102,22.558
32.038,21.344
31.807,23.271
28.647,23.408
28.994,22.684
30.435,22.061
31.552,20.630
28.985,20.873
28.452,19.815
30.479,20.949
31.174,16.801
33.049,18.029
33.519,19.139
32.223,17.218
31.625,16.511
30.340,16.802
30.838,14.258
31.490,16.139
30.955,15.879
31.805,15.356
31.862,16.652
31.733,16.414
32.332,17.729
34.187,17.853
31.913,17.848
33.274,16.897
32.952,16.423
32.830,19.202
30.923,16.658
30.773,17.495
30.286,19.628
31.021,19.642
30.860,17.943
30.569,17.935
29.820,16.699
30.831,16.711
31.388,17.195
32.788,17.709
32.333,18.206
32.359,21.296
31.979,21.716
30.657,19.889
33.946,18.206
33.515,19.740
33.945,18.627
32.310,17.264
31.481,17.665
31.573,16.135
32.222,16.662
32.262,17.041
33.219,16.800
31.910,16.204
31.229,15.476
30.968,13.534
30.580,15.029
30.730,16.224
30.338,16.002
31.571,16.496
30.576,16.152
28.736,13.947
29.945,11.574
28.757,14.701
28.886,14.921
28.610,14.388
29.381,14.084
30.066,13.951
29.470,15.763
29.700,15.032
31.337,15.090
30.889,14.996
30.389,16.053
29.089,14.025
29.950,14.250
30.077,14.081
30.430,14.247
31.007,14.508
30.250,14.538
30.230,14.541
28.604,12.723
27.492,11.181
28.195,11.394
27.967,14.142
26.871,12.178
27.955,13.322
26.817,14.543
26.545,12.885
27.930,13.408
29.105,15.703
29.201,15.807
29.197,17.996
29.155,17.946
26.428,15.553
26.788,12.307
27.950,13.382
28.216,16.706
30.239,14.520
29.330,15.531
27.257,12.162
27.939,12.177
27.883,11.420
25.740,11.973
25.078,10.993
25.982,11.686
27.498,10.810
28.368,10.842
29.077,11.421
28.657,12.302
24.487,10.424
22.483,8.448
23.693,9.671
25.351,10.544
27.836,11.652
28.049,11.682
25.424,11.563
27.563,11.548
28.454,13.052
28.351,12.686
28.355,11.443
24.745,12.325
25.122,11.683
25.604,12.570
24.658,14.304
24.795,11.053
26.235,10.614
27.253,11.580
28.248,10.215
28.932,12.283
30.832,12.965
29.452,12.822
31.444,13.108
32.931,19.024
33.296,17.539
33.027,14.883
32.834,13.478
33.878,17.541
33.404,14.641
31.879,17.404
30.070,17.157
27.975,15.337
26.119,12.655
25.506,10.728
27.080,9.493
27.976,11.663
27.833,11.503
29.927,12.215
32.698,13.589
33.599,13.508
34.464,17.170
35.473,16.995
32.954,16.457
34.864,22.049
35.979,24.115
35.046,18.991
36.894,21.764
34.132,17.241
34.302,18.561
32.925,19.287
29.689,19.991
31.130,17.327
30.489,14.813
30.780,15.306
32.507,16.508
35.255,17.145
36.476,17.032
36.775,15.442
38.501,18.424
38.605,19.780
38.123,19.550
38.461,18.927
37.459,20.166
36.738,21.483
33.091,20.149
33.417,17.413
33.270,16.362
38.623,17.181
37.692,17.645
36.294,20.189
36.859,19.552
36.432,18.947
35.299,18.406
36.112,20.187
38.249,20.190
41.628,20.063
41.392,20.966
43.327,19.232
41.418,20.950
40.366,18.166
39.264,19.734
37.100,20.016
35.776,18.310
34.538,17.590
39.643,16.957
38.462,19.226
39.303,21.516
36.360,21.206
38.789,21.911
39.287,24.284
39.896,22.679
42.185,22.940
41.628,21.795
44.513,23.117
41.892,25.268
39.942,24.708
37.836,27.127
38.904,23.511
38.682,22.950
39.993,21.851
38.960,23.406
39.539,22.847
37.967,23.254
38.651,23.706
39.060,23.558
38.830,25.113
38.724,25.626
36.091,24.956
36.256,24.880
39.167,23.931
40.194,25.702
39.655,24.715
39.029,25.781
38.797,24.361
37.675,22.620
38.440,21.718
39.634,22.675
41.006,23.550
41.057,24.593
41.890,25.560
40.111,26.706
39.847,25.361
42.524,25.775
42.538,26.088
42.724,27.413
41.835,27.905
41.532,25.707
41.803,27.228
42.378,28.396
40.860,26.912
42.036,25.760
41.244,27.792
39.736,26.435
43.144,26.690
42.094,27.233
42.888,27.718
42.061,27.633
40.712,28.924
41.388,26.408
42.107,26.720
42.299,28.481
40.451,25.742
37.924,26.450
41.627,26.633
42.711,27.067
41.668,28.462
39.527,27.789
39.568,28.281
40.145,27.748
39.549,27.468
37.661,28.743
39.935,27.392
42.116,27.858
37.746,28.389
42.415,27.602
38.033,28.713
37.477,26.820
38.223,25.975
34.622,25.981
33.288,25.238
29.668,24.464
30.931,24.084
24.996,23.518
29.490,23.075
29.433,24.004
28.291,23.556
26.209,23.067
25.060,23.566
27.188,23.612
26.279,23.651
28.439,23.357
26.748,23.693
29.639,23.687
27.644,23.069
29.409,23.487
30.267,23.755
26.238,23.669
31.134,23.184
27.150,23.928
26.064,23.679
28.808,23.846
29.400,22.883
31.110,23.184
31.739,23.927
28.744,23.597
32.464,23.398
32.903,23.510
34.586,23.936
32.557,23.539
29.017,24.183
30.092,23.695
29.534,23.649
23.819,22.384
24.065,21.906
25.735,22.795
30.562,23.010
26.315,24.044
25.070,23.577
24.775,23.168
27.465,23.047
26.004,22.962
23.984,22.855
26.745,22.838
26.513,22.979
27.638,22.485
27.680,21.929
27.038,22.241
28.372,22.306
31.753,21.747
27.383,23.446
30.188,22.418
26.581,22.110
26.903,22.808
29.516,22.667
29.821,22.196
28.616,22.625
28.236,22.473
28.868,22.468
29.791,21.427
28.979,21.681
29.013,21.915
27.832,22.774
30.119,22.554
31.621,21.850
33.141,21.748
30.811,21.244
33.303,20.794
35.195,22.499
36.245,21.319
36.023,23.886
37.470,22.195
37.290,23.608
35.876,23.280
30.659,23.913
33.944,24.029
30.683,23.673
31.001,23.718
30.725,22.601
30.004,23.349
27.777,23.422
27.677,22.849
25.694,22.469
25.384,22.288
27.642,22.142
24.799,22.479
25.809,22.761
28.496,22.538
31.213,23.124
29.616,23.131
26.627,22.925
23.107,21.906
29.159,21.716
27.980,21.456
28.033,19.746
29.051,18.389
29.917,20.121
32.798,20.009
30.909,21.208
31.868,20.794
30.197,20.178
33.430,19.283
34.184,19.057
32.901,18.628
33.612,20.243
34.062,18.870
34.453,19.490
32.630,21.146
33.139,20.964
33.439,19.233
33.497,21.288
33.243,22.570
31.146,20.466
31.849,20.643
33.805,19.798
33.749,20.482
33.188,21.048
34.462,18.210
32.824,17.370
31.481,17.811
31.532,19.030
31.556,20.617
31.673,19.952
35.108,19.363
32.384,19.107
33.035,17.404
32.334,14.748
33.128,15.566
32.933,16.143
33.093,14.927
31.440,15.936
31.816,16.985
31.644,17.475
31.297,15.498
30.731,16.029
32.993,16.272
30.534,16.105
30.523,14.926
30.651,14.616
30.990,15.007
31.573,15.148
33.539,12.074
31.699,14.880
33.188,15.462
33.168,13.198
34.094,15.675
33.224,13.725
32.442,15.203
32.367,16.251
33.402,15.754
31.844,15.777
31.448,14.355
30.601,12.535
30.548,13.707
30.820,15.461
30.375,15.139
31.286,13.737
30.784,14.572
29.693,11.961
25.891,14.131
29.606,15.502
30.672,20.236
29.540,17.728
29.562,15.622
31.208,15.069
30.359,14.045
30.089,14.168
28.716,13.643
28.647,13.835
27.458,13.171
27.400,12.905
28.618,12.710
27.984,12.666
27.762,12.680
27.663,12.705
26.891,12.289
27.474,12.462
26.825,12.464
27.702,11.516
27.993,9.364
28.469,12.853
25.958,12.411
25.275,12.272
24.760,11.321
25.351,10.539
27.352,10.439
28.864,9.082
28.276,11.220
27.569,11.008
28.020,9.794
28.268,13.513
28.079,14.141
28.154,11.804
27.676,13.328
27.640,13.948
27.787,14.363
27.409,14.548
28.000,12.515
29.012,12.505
30.571,12.124
30.049,13.615
30.114,10.660
30.095,12.587
30.455,14.159
30.803,13.968
32.019,14.841
31.406,14.705
30.821,13.241
29.442,14.972
29.242,13.655
28.036,13.277
28.184,13.007
24.950,10.189
26.155,10.675
25.499,11.152
26.866,10.860
27.881,11.930
29.483,12.702
30.222,13.019
31.740,15.107
32.640,15.031
32.710,15.046
32.440,17.145
34.018,17.203
33.292,16.862
31.782,13.351
32.292,13.577
31.378,12.748
31.117,11.316
31.885,11.143
33.615,14.353
33.758,15.300
34.128,16.175
34.336,17.045
34.784,16.684
33.003,16.414
33.007,16.771
33.828,15.426
36.875,17.585
36.912,16.427
36.893,19.776
36.814,17.003
37.215,20.339
37.959,19.302
38.589,20.509
37.121,18.432
36.968,23.229
35.849,21.756
31.911,23.094
31.923,20.108
32.766,20.843
34.058,17.566
33.215,20.068
33.715,13.916
35.797,17.101
36.021,17.570
34.122,16.319
24.153,17.443
24.935,15.904
25.893,15.065
29.606,15.902
30.493,14.343
26.908,18.342
29.012,19.767
29.734,18.959
32.248,17.703
32.178,18.168
34.866,21.173
35.580,20.910
38.170,20.705
34.625,19.089
37.975,17.710
36.700,20.026
36.447,19.766
34.829,20.129
36.625,17.607
36.975,16.551
39.468,20.477
37.162,19.506
38.432,17.785
36.951,19.586
36.973,21.509
37.141,20.722
37.660,20.910
38.664,21.666
39.422,23.010
39.444,23.064
39.094,21.232
38.437,20.936
38.354,21.812
38.623,21.189
37.837,20.665
38.846,20.368
39.271,21.200
39.950,22.594
38.575,23.265
36.401,23.387
36.615,20.492
37.804,19.627
40.694,22.388
41.467,23.744
40.149,24.437
38.787,25.289
38.143,22.890
41.633,23.210
40.957,24.426
40.160,23.561
40.843,24.520
40.909,24.553
41.165,25.002
41.163,25.389
41.803,26.445
42.013,26.605
44.114,25.652
48.179,25.982
43.130,26.853
41.859,25.675
42.148,25.258
42.105,26.319
41.196,26.721
41.469,25.869
40.810,26.355
41.485,25.230
41.129,25.660
40.143,26.424
40.939,26.807
41.094,27.164
42.963,27.955
39.117,28.554
38.610,27.062
37.696,26.281
38.712,27.520
39.621,26.675
40.363,27.308
40.932,27.579
40.931,27.032
41.541,26.761
42.255,27.973
41.910,27.837
43.380,28.413
39.544,29.641
38.484,27.995
30.014,25.125
34.328,24.260
32.513,24.514
36.328,24.155
35.819,24.491
36.703,24.818
36.890,25.794
38.533,27.051
38.360,26.825
35.585,27.311
37.720,25.304
36.844,25.605
38.004,25.263
39.385,26.234
39.724,26.046
38.829,24.704
42.903,26.662
36.153,27.367
40.295,28.740
37.248,28.618
39.317,27.514
40.607,27.453
41.914,28.231
38.941,28.654
35.142,27.132
37.020,26.226
33.452,26.059
34.743,25.520
31.671,25.192
37.780,23.990
36.891,23.834
34.459,25.445
34.289,25.634
30.804,25.182
26.188,24.061
27.229,23.715
27.623,24.159
26.714,23.513
28.059,23.468
27.199,23.679
26.033,23.756
27.511,23.402
32.718,23.560
32.600,24.118
33.631,24.092
30.493,23.582
29.296,23.738
23.821,22.845
26.118,22.747
26.084,22.950
25.075,23.088
27.380,22.747
28.017,22.914
28.386,23.174
29.665,22.422
27.516,23.195
26.132,22.558
25.520,22.979
26.716,23.441
24.364,22.413
22.558,21.820
25.217,21.928
27.905,22.263
25.176,22.783
28.164,22.802
27.883,23.306
26.842,22.983
24.622,22.537
24.933,22.686
23.607,22.734
23.260,22.625
25.369,22.779
28.532,22.919
28.007,22.360
26.630,22.150
27.623,23.528
26.531,22.833
23.790,22.340
23.835,21.970
25.500,22.666
24.671,22.612
24.350,22.265
28.093,22.227
28.229,21.408
25.042,21.190
24.760,21.386
27.958,21.557
24.766,22.033
24.752,21.590
29.562,21.323
22.499,21.211
23.347,21.236
26.713,21.378
26.873,21.811
29.128,22.433
30.250,21.839
26.489,22.727
28.425,21.765
29.468,19.748
31.522,19.483
31.841,21.140
30.949,21.998
29.609,20.833
31.662,19.410
33.079,21.098
29.566,22.732
29.293,23.212
31.406,22.704
30.445,21.925
31.014,21.137
30.440,23.455
29.854,23.759
27.838,23.302
29.499,22.795
28.811,22.753
29.631,22.425
30.256,22.691
30.331,22.439
33.016,22.789
31.175,22.701
31.696,22.277
31.648,21.877
29.833,22.618
31.910,22.074
34.126,19.755
33.355,20.121
32.659,21.399
31.872,19.644
32.412,16.570
32.259,17.930
33.788,16.365
33.511,16.861
33.502,18.967
32.726,15.412
35.222,21.441
34.596,23.564
36.374,19.693
36.632,18.579
35.575,19.064
35.430,19.220
33.622,20.600
35.244,19.517
35.419,19.547
35.699,19.594
33.005,19.757
33.477,18.700
32.822,18.582
33.762,19.139
32.416,18.599
31.721,19.239
31.912,19.625
31.606,21.872
32.246,20.730
31.724,20.062
31.507,18.148
32.730,23.019
34.608,20.270
31.272,19.524
34.782,17.014
29.416,19.154
31.292,16.191
32.007,16.544
30.447,17.158
30.567,16.637
31.877,16.150
30.630,17.156
30.373,17.062
30.264,16.996
30.439,16.094
30.730,16.204
30.603,14.923
31.494,12.413
30.097,15.664
28.397,18.804
32.114,14.310
30.845,14.765
29.741,15.048
31.130,15.424
29.484,14.765
30.643,14.296
29.156,16.836
32.147,16.589
26.068,17.017
29.987,16.029
31.359,18.231
31.129,18.185
30.530,14.929
30.837,16.918
30.182,18.483
30.007,16.084
29.675,14.319
29.404,12.524
28.670,13.601
28.008,13.720
29.183,14.421
31.072,15.331
30.677,14.658
30.798,15.602
29.839,16.397
29.268,14.631
29.029,14.406
28.763,14.159
28.457,13.443
28.770,14.692
28.872,14.592
29.253,15.511
29.005,15.880
29.948,16.363
29.688,18.577
28.026,15.118
28.716,15.012
29.073,14.315
28.971,12.686
26.651,13.015
26.414,11.107
28.118,12.212
27.852,12.949
27.911,11.214
27.833,13.878
26.841,12.897
27.767,13.419
29.080,13.255
28.595,12.474
28.136,14.044
28.400,13.256
29.140,13.721
27.733,12.893
28.906,11.368
28.726,10.796
26.993,12.927
28.273,13.421
29.814,12.721
28.912,11.565
27.757,12.961
29.124,13.401
29.414,14.708
30.129,15.276
31.079,15.690
32.170,15.789
32.075,15.919
32.077,13.418
32.471,22.056
26.263,17.573
32.721,17.973
31.866,17.188
32.087,16.545
32.519,16.439
30.701,15.966
32.752,14.532
30.649,15.128
30.146,15.996
32.006,14.360
31.770,16.564
27.424,17.000
30.183,17.818
28.568,14.650
24.627,14.994
25.785,12.956
27.678,13.617
28.078,14.356
28.662,14.718
30.218,14.319
32.284,15.843
32.499,16.840
32.890,17.256
33.499,15.840
34.182,16.518
33.619,20.262
31.827,21.314
32.017,15.810
33.449,13.527
33.177,16.183
30.505,16.818
32.617,17.367
31.823,16.146
34.662,16.554
35.491,17.872
35.345,16.859
35.016,17.780
33.812,15.179
33.116,15.848
33.435,18.344
35.250,16.956
32.663,21.461
30.844,20.631
32.758,18.164
32.273,16.632
35.907,17.579
36.470,16.008
38.313,16.450
38.255,21.194
36.894,22.351
35.705,22.261
35.922,19.582
37.169,20.513
38.788,20.457
36.344,20.725
40.845,19.757
42.032,21.230
42.273,20.844
41.436,18.531
43.492,20.540
42.723,23.834
39.733,24.891
39.198,23.657
39.621,22.643
41.655,21.792
42.514,21.872
42.434,20.359
41.108,24.099
39.064,23.041
39.339,22.212
39.964,21.471
40.022,22.206
39.959,23.458
39.922,22.673
40.906,22.544
42.592,27.067
42.657,25.482
44.495,26.714
41.498,24.714
41.087,24.985
45.041,25.336
39.329,25.846
39.133,23.882
38.656,23.573
40.165,22.722
40.950,24.272
41.738,24.915
42.186,25.722
43.911,26.626
39.681,28.732
43.380,30.135
44.601,29.258
44.640,29.636
42.781,28.299
41.215,28.007
43.475,25.350
42.269,27.032
42.089,28.018
41.054,26.451
42.043,24.728
41.951,25.926
41.488,25.784
40.990,25.944
40.425,25.809
40.436,25.929
39.554,25.876
39.889,25.884
41.105,26.648
40.778,26.327
40.087,26.463
38.976,26.480
35.832,25.376
39.231,25.283
39.248,25.374
39.485,25.362
39.131,26.363
39.780,25.727
40.640,25.875
36.514,26.082
38.561,25.272
38.720,26.189
46.117,26.644
41.982,29.342
40.089,28.727
32.958,27.986
35.662,26.534
37.977,28.146
37.237,26.872
40.250,27.686
41.710,28.770
41.582,29.110
40.287,28.787
40.303,27.597
40.963,27.600
41.439,28.538
36.054,27.588
31.989,26.530
33.787,25.951
37.931,26.720
36.859,26.425
37.828,26.110
37.121,26.842
37.047,26.044
37.808,28.016
35.966,28.296
28.951,25.913
28.041,24.311
30.570,23.474
29.680,24.384
31.394,23.912
32.675,24.655
29.757,25.065
29.635,25.018
25.496,23.359
24.542,23.138
25.927,22.728
26.194,23.251
25.349,23.387
24.033,23.065
25.261,23.445
24.470,22.249
24.016,21.804
23.593,22.320
29.002,22.866
28.942,23.584
28.392,23.726
27.325,23.523
28.908,23.214
29.043,23.360
31.085,22.900
31.776,23.111
30.177,22.470
30.497,22.332
31.992,22.733
34.732,22.936
33.016,24.314
29.342,24.205
30.895,22.959
29.639,23.920
29.567,23.800
30.086,23.463
29.122,23.061
30.746,23.360
29.931,23.011
28.424,23.090
27.213,23.609
26.499,23.176
26.467,23.197
27.349,23.128
27.014,23.266
25.962,22.442
24.877,21.856
27.255,23.282
26.685,22.482
27.082,22.090
25.408,22.866
24.417,22.487
27.040,22.797
26.357,22.813
25.737,23.107
26.997,22.223
29.691,22.136
29.146,22.403
23.959,22.620
27.836,22.095
28.608,21.083
29.835,21.155
30.726,22.228
32.209,22.526
29.713,23.908
31.261,23.801
25.145,22.964
26.981,22.260
27.886,22.240
30.105,22.222
29.342,22.596
28.757,23.336
28.836,23.173
28.422,23.056
25.516,23.581
26.021,22.614
28.784,22.137
29.370,21.114
28.986,21.150
30.282,20.136
30.576,19.292
28.840,21.037
30.590,21.082
30.224,20.656
31.001,20.802
32.569,20.885
33.032,23.243
30.962,23.429
29.119,23.592
30.427,23.562
29.498,23.898
27.947,23.801
29.607,21.543
30.205,21.126
29.141,21.894
28.470,22.323
29.375,21.702
31.988,20.936
30.142,20.524
33.640,20.854
32.086,19.134
33.572,19.248
31.159,19.339
31.246,19.457
32.022,18.985
32.097,19.318
33.191,17.203
34.405,17.675
34.790,16.699
34.392,18.134
29.816,19.634
34.089,18.449
34.266,17.280
33.292,15.805
35.465,15.230
34.259,14.915
33.456,14.802
33.489,16.091
34.333,14.481
35.102,13.845
35.451,14.499
33.939,15.515
33.402,16.705
33.009,18.208
32.752,18.530
33.230,17.676
34.095,18.908
33.819,18.384
32.273,17.972
33.217,18.414
33.970,21.899
34.240,23.839
34.852,22.658
34.008,21.607
37.020,22.708
35.620,16.779
35.327,16.651
34.982,16.770
34.104,17.734
32.713,17.881
33.570,16.702
32.892,16.578
32.597,18.099
34.273,16.948
31.874,17.668
31.843,16.733
30.649,15.962
30.943,14.819
30.419,16.137
30.161,15.531
30.239,13.955
30.512,14.072
31.529,12.941
30.575,14.492
30.180,14.544
30.581,15.484
29.900,14.131
29.998,11.497
29.730,13.484
30.701,15.524
29.017,16.080
24.135,17.065
29.473,14.988
28.088,15.648
27.585,14.867
27.871,15.383
28.771,15.031
27.244,13.796
27.913,13.591
29.438,14.983
28.590,14.615
27.843,14.117
26.150,16.016
27.374,15.727
21.542,14.508
28.697,14.612
27.653,14.083
27.963,13.656
27.923,13.565
30.045,14.999
31.706,15.826
32.161,16.426
31.735,13.442
31.214,14.186
30.808,15.911
29.909,14.436
30.281,14.006
28.622,13.250
28.252,11.049
29.125,13.001
30.089,14.038
28.381,10.718
28.058,11.435
27.567,12.837
29.083,14.447
29.222,14.989
29.857,12.725
29.700,15.184
29.061,15.009
29.777,12.267
29.609,12.742
26.851,13.336
30.017,14.022
29.280,13.739
29.633,14.772
30.220,14.299
30.990,14.174
30.728,14.200
28.918,13.565
26.428,11.007
28.204,11.506
26.431,11.392
26.355,11.244
25.263,8.072
24.624,9.634
25.597,8.947
22.585,7.628
23.801,9.202
25.677,9.530
27.498,10.055
24.120,13.545
24.684,9.956
24.430,10.041
26.649,9.739
23.170,13.096
23.568,6.121
23.340,5.771
24.052,6.857
24.529,7.426
23.477,9.300
23.598,8.758
25.591,8.398
27.917,11.234
27.869,11.842
28.373,11.433
30.053,13.186
31.497,14.213
32.355,15.239
32.105,12.022
34.381,13.321
34.056,16.311
33.066,14.673
33.326,14.715
33.065,13.378
32.974,13.781
31.583,14.934
33.229,13.959
33.521,15.573
34.925,14.966
34.858,15.505
36.443,15.392
35.080,13.672
34.864,15.935
34.719,15.220
34.754,15.028
35.221,15.239
38.399,16.899
36.928,18.587
36.145,19.023
37.102,17.489
36.357,20.833
36.692,18.883
36.588,22.516
36.492,21.601
37.294,23.339
37.902,21.065
38.456,17.617
37.747,17.935
38.259,18.308
37.160,19.416
36.852,18.618
37.826,17.338
39.313,16.670
38.103,22.162
38.144,23.171
37.403,22.242
39.134,18.276
41.767,20.807
40.630,21.495
38.646,21.231
38.082,21.282
34.851,23.530
35.597,18.998
35.954,20.572
34.359,19.343
34.639,16.941
34.584,18.190
39.193,21.111
33.736,22.554
38.421,21.455
39.593,17.860
43.205,19.052
42.162,22.879
40.567,23.651
39.454,23.605
39.473,23.780
40.083,22.106
39.159,22.241
39.826,23.569
41.984,22.815
40.010,22.410
40.856,21.891
39.719,24.044
41.454,24.207
42.355,26.264
46.537,25.273
42.988,26.176
42.992,25.812
41.540,26.355
42.227,24.559
40.903,24.908
41.025,25.094
40.995,25.797
39.270,23.484
40.335,24.520
39.758,23.956
39.552,24.118
37.659,24.243
38.615,24.834
39.904,26.620
39.084,25.965
38.128,25.065
38.747,25.386
39.607,24.953
40.209,24.673
40.864,26.297
40.151,26.184
39.114,26.053
39.381,25.658
39.518,25.008
39.542,24.475
39.398,25.257
38.285,24.934
39.228,25.587
40.344,26.110
40.644,26.695
41.099,25.291
41.301,25.970
40.843,27.861
40.692,27.450
41.014,27.261
39.801,27.002
40.472,27.144
40.165,26.813
39.007,27.955
41.021,28.419
39.548,26.575
37.816,27.676
31.812,26.815
34.404,24.839
37.412,25.847
27.997,24.148
28.677,24.252
31.802,23.406
28.056,23.728
31.090,23.218
30.105,24.286
26.692,23.803
30.891,24.157
25.598,23.788
33.892,23.249
30.901,24.780
25.848,23.234
30.480,23.299
34.464,24.499
35.012,25.040
36.182,25.700
29.306,25.959
28.954,24.391
27.275,23.758
30.141,23.164
27.888,23.709
26.643,24.019
29.213,23.408
27.803,23.529
27.073,23.223
27.917,23.738
28.043,23.446
32.630,23.987
29.108,23.919
30.242,23.318
25.226,23.092
24.216,22.818
23.509,22.064
26.586,21.839
26.675,22.420
28.006,23.182
29.840,23.106
31.371,23.405
32.760,22.954
29.983,23.501
29.620,23.331
30.592,23.190
33.117,23.698
34.252,23.752
34.723,23.274
33.645,24.261
32.084,24.490
25.634,23.698
24.702,22.982
27.830,22.430
29.230,22.769
29.193,22.745
28.313,22.576
29.323,22.273
27.742,22.707
28.489,22.954
27.983,23.522
26.576,23.609
26.402,23.601
28.262,22.388
24.684,22.449
25.465,22.500
27.119,22.397
29.052,23.108
25.251,23.449
25.714,22.795
24.139,23.192
26.865,22.585
26.828,22.863
29.410,22.080
26.385,21.870
26.382,22.111
30.629,21.890
30.409,21.068
30.062,20.139
31.619,20.165
32.982,22.339
25.595,23.078
27.602,22.665
24.760,22.074
29.865,21.897
30.939,20.831
31.441,19.928
31.923,20.778
34.355,21.480
34.240,23.018
38.141,22.716
31.485,24.197
30.329,23.498
29.012,22.801
27.565,22.317
26.528,22.744
30.700,21.990
30.695,23.119
29.754,23.063
30.568,23.929
29.660,23.398
28.505,22.862
25.885,22.403
28.710,21.514
27.682,22.927
26.939,23.042
27.338,23.230
28.965,23.570
29.575,23.008
30.243,21.463
30.269,21.156
32.013,19.518
31.201,21.100
31.262,20.043
31.295,18.595
30.918,19.138
31.431,18.332
32.158,16.912
35.103,19.132
34.542,21.817
37.504,23.620
37.831,23.341
37.240,23.341
36.263,20.537
33.587,21.616
33.304,20.987
35.000,20.791
36.143,20.568
36.083,19.622
36.337,19.733
38.065,18.023
37.392,20.221
36.138,19.335
35.118,21.452
35.334,22.486
35.016,21.694
34.621,20.164
34.003,18.551
34.222,18.598
34.366,18.742
34.030,19.450
35.048,18.993
35.004,17.916
34.888,16.000
34.220,15.088
35.297,18.553
34.978,17.780
36.453,18.211
35.132,19.596
36.189,17.169
34.484,16.931
36.308,15.636
33.801,17.919
34.386,16.896
34.768,16.658
33.798,18.895
33.461,17.688
33.432,17.171
32.365,16.924
31.526,17.598
31.570,16.269
31.983,18.986
32.217,19.934
32.120,17.836
31.508,17.505
28.427,21.805
31.703,20.075
28.903,20.921
30.534,21.373
30.368,17.761
29.656,15.583
30.025,15.186
29.717,14.578
29.578,14.446
30.017,14.453
29.667,15.206
28.331,15.791
30.366,16.020
25.208,18.489
25.630,19.618
31.774,17.970
32.082,18.067
32.895,18.461
32.275,18.671
32.072,18.603
31.809,17.912
31.283,16.867
31.715,18.349
32.955,17.337
32.549,17.623
31.239,17.120
31.548,17.804
32.015,17.077
31.039,17.797
30.833,17.859
31.056,18.492
31.725,18.605
30.003,17.791
24.556,18.018
26.781,15.781
24.910,15.724
30.482,14.200
28.477,13.093
29.394,12.280
29.355,9.955
27.923,9.736
27.057,9.007
28.452,9.612
29.033,9.314
29.322,12.360
27.989,13.257
28.221,13.181
29.439,13.317
28.984,12.453
27.340,12.278
26.417,12.497
20.489,13.156
22.146,14.723
25.566,15.622
28.884,17.178
29.256,17.387
30.533,18.103
30.483,17.412
30.078,17.911
29.499,17.795
30.784,18.208
30.706,16.945
30.696,16.387
30.937,16.641
31.795,17.021
27.345,17.564
32.640,17.282
33.074,15.755
32.399,15.984
33.199,15.202
31.659,14.284
31.261,14.077
31.347,13.519
31.309,15.141
33.539,15.359
32.854,15.831
31.431,14.261
31.400,14.782
31.130,12.251
31.435,13.064
30.263,12.768
29.974,12.792
31.518,14.640
33.307,15.866
33.061,13.525
30.200,15.976
28.185,11.870
30.315,12.964
30.475,14.073
30.856,13.403
30.800,14.710
32.243,15.931
33.449,16.657
34.186,18.191
35.159,18.216
34.315,18.984
35.328,20.054
35.469,20.023
35.098,16.950
33.509,17.916
34.691,18.067
36.224,16.961
36.301,17.638
36.012,19.063
37.771,17.249
38.152,19.347
38.574,21.429
37.786,18.466
36.564,19.635
36.641,17.730
34.328,15.916
35.231,15.490
36.311,20.774
36.387,18.066
40.051,19.328
38.890,19.985
37.049,19.801
35.337,23.657
36.555,19.052
36.847,16.849
36.299,18.847
36.171,18.245
36.879,19.773
36.516,19.983
35.288,18.020
36.158,18.669
36.278,22.003
36.983,19.029
36.733,20.558
38.628,21.245
35.249,16.567
36.258,18.012
37.769,21.304
38.696,22.370
38.907,23.271
39.297,21.259
42.441,25.324
42.427,23.958
39.878,24.526
39.467,24.055
34.406,23.924
37.732,20.794
35.658,21.894
37.092,19.677
40.160,21.426
41.268,22.247
43.418,18.892
42.217,23.093
41.785,21.864
40.029,26.273
37.052,26.599
39.368,25.775
43.091,22.032
46.267,22.274
42.010,24.828
39.623,24.689
39.453,23.170
39.674,22.318
42.543,22.714
41.618,27.350
45.736,23.217
45.044,21.818
43.564,24.803
44.578,27.143
43.438,26.860
42.179,26.356
41.751,26.124
41.737,25.051
40.269,24.580
40.244,24.807
40.406,25.929
40.699,24.783
42.194,26.496
41.561,26.212
40.805,25.201
39.898,25.600
41.916,25.669
42.367,26.486
42.493,27.155
42.688,26.453
41.940,27.220
43.615,26.651
37.300,27.690
40.211,27.385
39.685,27.117
42.445,26.443
40.584,27.453
41.167,27.930
41.382,26.555
40.525,26.628
40.682,25.720
40.821,25.927
41.962,26.698
41.271,27.438
40.454,26.323
40.434,27.295
39.703,28.095
39.982,27.285
39.591,27.703
40.303,27.198
39.114,27.141
39.507,27.183
39.390,26.413
39.653,26.802
39.576,26.693
40.827,26.042
39.379,26.123
40.058,26.568
39.808,26.795
40.558,26.518
39.770,26.261
40.058,26.090
40.901,26.831
39.067,27.309
39.075,26.489
41.424,27.165
38.853,26.652
38.289,26.661
42.571,26.967
38.846,26.514
39.759,25.881
37.555,26.319
37.141,26.098
29.443,24.131
33.346,24.245
34.943,24.830
34.874,24.946
33.274,25.735
32.506,24.890
31.275,24.751
36.511,24.328
38.722,25.034
39.124,26.027
38.377,26.655
27.794,24.249
30.312,23.948
30.690,23.324
31.340,24.266
28.305,24.413
24.851,23.748
28.561,23.387
28.620,23.832
27.013,24.008
27.432,23.467
27.657,22.975
28.986,23.458
26.927,23.875
26.648,23.680
25.562,22.797
24.013,22.303
24.847,22.856
25.178,23.206
25.556,23.252
25.068,22.789
25.742,23.723
27.405,23.841
25.094,23.136
27.250,23.007
26.403,23.207
28.687,23.343
29.055,22.796
29.843,22.218
25.843,23.076
29.147,22.646
30.705,22.986
26.328,23.510
24.124,23.084
30.570,23.283
24.044,21.441
23.477,21.875
25.833,22.516
28.690,22.701
30.192,22.468
31.143,22.145
31.911,22.728
33.092,22.410
30.533,23.150
30.114,22.602
31.550,22.462
32.265,22.558
33.452,22.393
33.990,22.805
29.315,23.615
25.596,22.624
24.890,22.453
25.483,22.564
26.914,22.400
28.770,22.292
29.995,21.375
27.591,23.463
26.971,23.431
28.125,23.579
28.323,23.742
29.370,23.213
28.359,22.402
30.798,22.681
30.572,23.077
28.561,22.813
30.446,22.745
31.686,21.268
32.459,20.719
32.260,21.868
31.968,21.497
31.211,20.301
33.265,19.705
33.178,21.017
34.198,22.362
34.608,22.198
35.449,22.021
36.221,21.754
37.646,22.700
36.025,21.940
35.151,22.468
35.033,22.402
35.270,22.522
35.954,23.193
37.209,22.327
34.966,22.763
37.105,24.219
36.094,24.307
32.651,24.123
30.591,23.047
26.496,24.054
31.263,21.885
31.359,21.197
30.426,20.124
28.562,19.244
30.545,17.199
31.261,17.098
31.105,20.974
32.166,16.382
32.779,16.571
34.411,21.832
32.973,17.934
33.332,17.851
33.998,16.359
33.237,14.203
32.641,14.984
32.694,14.251
34.272,16.311
32.989,15.200
35.065,14.855
33.587,15.608
32.946,14.529
32.364,16.207
33.185,16.142
33.426,17.867
34.113,18.194
36.030,15.139
36.083,14.862
34.073,14.102
32.825,17.384
32.762,15.926
32.430,18.098
33.226,18.870
32.941,18.619
32.629,19.438
33.073,20.339
27.978,21.547
21.205,18.035
21.290,18.359
27.449,17.974
27.979,20.757
21.982,20.313
21.685,19.316
26.617,17.218
26.784,16.591
25.777,15.952
25.435,15.092
24.566,12.894
24.026,11.257
25.289,12.822
26.206,14.240
29.256,14.841
28.911,13.986
28.059,15.437
27.732,15.602
27.470,14.463
26.287,13.551
26.169,12.754
26.170,13.763
26.985,13.776
28.273,14.896
28.791,14.222
28.862,15.724
28.785,15.623
29.328,15.819
29.748,15.781
29.782,15.806
30.077,15.469
29.556,16.540
28.282,18.190
29.443,16.920
30.452,17.394
28.522,18.326
21.585,16.362
25.956,15.512
26.085,15.205
25.568,16.017
26.079,15.824
26.561,14.687
26.589,15.088
26.460,13.755
25.721,11.745
26.083,11.152
26.039,11.806
26.400,13.914
25.914,15.489
25.447,13.169
25.519,13.063
25.885,12.665
26.749,13.026
28.095,15.331
27.863,16.896
25.831,11.866
24.633,10.374
25.251,10.012
27.259,11.226
26.972,11.734
27.215,11.816
28.462,14.748
29.464,17.945
24.836,13.001
24.448,11.135
25.157,10.586
26.086,12.041
27.539,12.532
28.219,12.153
27.458,11.981
26.588,11.492
27.499,12.013
27.351,12.801
27.667,12.130
27.783,12.018
29.507,9.969
28.427,13.720
28.506,13.365
28.415,13.405
29.632,11.831
29.417,13.820
28.597,12.741
28.503,10.737
29.004,15.489
28.790,14.842
29.073,17.193
30.044,18.391
31.126,17.624
31.252,16.960
32.414,18.711
29.729,20.014
30.751,15.420
24.664,17.365
30.171,14.918
29.940,14.224
29.688,12.215
30.003,11.505
30.902,15.559
31.348,12.848
32.165,14.497
32.348,14.582
33.248,16.352
33.509,16.925
31.516,20.994
31.185,17.135
29.923,13.702
30.953,12.172
34.518,13.699
35.162,13.698
34.819,15.821
35.636,14.871
36.063,17.091
34.315,19.496
33.197,17.358
33.566,18.130
32.370,17.287
32.229,16.370
35.780,16.717
35.994,18.867
36.787,20.584
37.549,21.929
37.770,21.029
37.735,16.709
36.928,18.733
37.505,18.457
39.054,19.635
41.233,20.678
40.548,19.252
42.554,19.457
40.308,19.537
41.439,21.323
39.788,21.558
39.090,21.762
37.982,20.359
37.463,19.272
38.180,19.652
38.093,18.996
38.800,20.647
40.174,23.363
37.134,22.216
36.864,20.776
35.456,19.923
37.401,20.187
36.902,19.492
38.830,18.658
40.101,20.885
44.484,21.389
45.639,21.572
43.471,26.172
40.536,24.802
39.701,25.897
39.801,22.741
39.728,23.144
40.876,22.937
43.024,23.203
44.253,23.694
43.473,24.632
43.022,26.256
41.214,24.862
40.405,24.554
39.224,24.215
39.260,23.868
39.357,24.242
40.034,24.471
41.036,23.978
39.961,24.248
40.971,24.385
41.797,25.112
41.751,26.177
41.114,25.388
41.174,25.229
39.981,24.119
40.612,24.870
41.090,26.661
41.953,27.574
41.472,26.854
40.996,26.959
41.000,26.489
41.045,27.247
41.598,27.272
40.978,26.756
41.377,25.188
42.633,26.340
43.509,26.908
41.284,27.040
41.533,25.953
42.085,26.872
42.436,27.524
43.761,27.747
43.764,28.385
46.705,28.374
45.363,28.710
44.631,28.699
44.155,29.059
42.964,28.787
42.457,28.556
41.307,27.905
40.377,27.316
40.159,27.270
40.296,27.128
39.483,27.281
40.547,26.598
41.470,26.728
38.312,26.644
35.121,27.068
38.953,26.948
38.415,27.685
38.273,27.065
36.301,24.967
37.394,24.865
38.215,25.366
40.447,29.255
46.384,30.127
45.922,30.016
45.868,30.991
42.957,29.041
35.038,25.704
30.489,24.833
34.106,24.526
37.822,24.957
40.601,26.517
40.121,27.355
39.282,27.186
39.767,27.030
39.928,27.509
38.561,26.827
40.172,25.826
39.624,26.491
41.647,28.184
37.269,26.578
34.019,26.337
35.450,25.324
36.480,25.664
36.092,25.386
34.811,25.063
31.003,25.206
28.959,24.674
30.228,22.960
31.429,23.296
29.700,23.349
31.081,23.701
30.960,23.839
27.357,24.436
28.845,23.625
30.077,23.721
32.155,23.706
33.157,24.019
26.424,23.821
30.785,23.491
32.696,24.003
32.790,24.141
35.004,24.389
33.223,24.578
30.814,24.097
28.071,23.982
27.538,24.080
24.534,22.938
29.175,22.533
29.612,23.397
30.114,22.910
32.825,22.462
30.699,23.098
27.381,23.404
25.842,23.026
26.510,23.128
27.424,22.778
23.925,22.107
26.624,22.832
26.779,23.227
28.828,22.406
24.336,22.193
26.217,22.518
28.908,22.478
28.951,22.764
29.533,23.415
30.356,23.563
29.112,23.132
28.955,23.137
30.092,22.580
30.299,23.055
30.113,22.640
27.232,23.143
29.306,23.163
27.429,22.595
28.155,22.237
28.141,22.412
27.282,22.835
29.416,22.281
29.599,23.071
29.537,24.018
30.277,24.218
30.431,24.191
29.749,23.692
27.247,22.468
26.709,22.576
27.116,22.422
27.355,22.135
26.405,22.585
26.812,21.808
26.033,23.229
24.950,22.871
28.143,22.851
26.767,23.362
27.163,22.201
26.056,21.469
25.541,21.480
27.062,21.897
26.599,22.172
27.137,22.971
29.268,23.088
28.915,22.647
29.690,22.969
29.838,21.001
30.255,19.894
30.166,20.104
30.826,19.935
30.384,20.423
31.594,20.842
29.393,21.336
32.185,20.756
32.336,21.092
34.406,20.255
35.295,19.877
32.948,20.447
32.801,19.903
32.946,19.376
35.817,20.433
34.521,21.767
37.173,20.403
35.802,20.834
35.177,19.949
34.644,20.309
34.335,16.406
33.247,19.698
33.190,21.778
33.209,21.783
35.830,19.159
34.948,20.833
34.394,21.588
34.593,20.202
31.517,23.898
33.011,22.435
32.212,22.061
32.253,22.027
34.166,21.528
34.756,21.069
34.530,21.446
33.477,19.516
35.179,22.475
33.553,21.947
34.668,20.652
33.572,20.995
34.058,18.336
33.766,20.483
32.235,20.942
31.266,16.979
30.654,17.331
30.622,17.217
31.332,18.494
32.825,18.768
32.104,18.159
31.235,17.144
31.281,19.403
30.867,21.649
34.545,21.283
33.318,22.218
29.930,20.453
29.134,20.750
30.339,20.600
30.795,22.560
29.724,21.675
29.324,19.831
30.907,19.578
29.904,20.986
29.635,18.928
28.629,18.221
22.583,18.275
25.611,16.456
27.049,19.849
24.890,20.793
28.694,19.094
27.389,20.192
27.732,19.420
29.791,18.644
30.205,17.388
28.613,18.187
26.886,18.051
28.484,16.394
27.751,16.626
28.437,16.285
27.247,15.233
26.346,13.040
26.715,13.916
28.675,15.314
26.885,14.588
25.990,12.624
24.420,10.836
24.916,9.541
25.182,11.640
25.651,11.267
26.310,10.955
26.554,11.233
26.651,11.705
25.852,11.896
25.559,11.587
27.612,9.988
27.462,8.474
26.267,9.250
27.471,9.273
27.709,12.317
28.241,12.672
27.592,14.574
27.618,16.987
28.571,16.726
26.353,16.068
23.927,11.545
23.656,10.492
24.237,9.135
25.168,9.389
26.272,11.537
25.845,10.564
25.100,8.441
24.906,8.302
27.423,8.487
26.655,10.454
24.814,9.375
27.116,8.664
28.080,11.026
28.635,9.433
27.681,10.769
26.091,11.705
24.702,10.554
26.732,9.223
27.063,10.321
27.279,12.115
28.183,11.193
29.101,11.710
29.188,12.549
29.070,10.351
29.782,12.696
28.875,12.013
26.633,11.960
28.043,12.432
29.925,14.253
29.127,11.731
28.186,12.388
28.714,14.052
31.474,14.398
31.754,14.716
32.059,14.875
31.658,14.619
32.945,13.959
32.132,11.483
30.737,12.339
30.544,15.078
30.580,14.805
32.619,14.709
32.372,16.984
32.875,15.105
32.419,14.564
31.453,15.360
29.688,14.614
27.381,13.557
28.971,12.761
27.784,14.195
30.458,13.548
29.722,14.218
29.399,14.079
30.876,14.350
32.467,15.043
31.823,17.807
30.109,16.100
32.319,12.039
33.361,14.669
31.918,16.621
34.230,18.031
34.071,16.877
34.810,18.576
33.889,17.727
34.624,17.244
35.685,15.307
36.664,18.376
36.179,18.145
32.955,16.993
33.088,16.234
34.038,17.236
34.841,16.480
38.125,16.758
39.189,15.863
38.697,17.707
38.227,19.781
39.363,16.204
38.405,19.749
37.041,19.063
35.413,17.147
36.318,17.266
35.414,16.531
35.407,16.195
35.286,17.478
39.534,15.776
40.093,19.250
39.284,16.577
37.540,19.913
36.918,17.248
36.890,18.697
35.886,18.722
36.621,17.660
36.170,19.046
35.583,18.206
37.616,18.551
39.304,20.956
37.286,20.970
38.582,20.323
39.256,20.690
38.467,20.562
39.519,19.173
40.150,20.527
39.712,22.264
38.693,22.902
39.992,21.946
41.833,22.488
43.814,22.782
39.740,24.176
38.708,23.221
39.483,21.841
41.491,22.256
42.562,19.152
39.646,21.176
41.891,20.417
42.802,22.193
41.100,21.750
43.961,24.846
46.480,23.706
46.331,23.034
43.482,25.524
43.179,26.940
46.390,27.624
39.811,25.672
38.220,24.180
36.841,24.744
37.773,24.493
38.309,24.420
38.671,23.177
41.167,23.984
40.404,24.944
39.492,24.610
39.446,23.943
39.860,24.082
39.898,23.978
39.877,23.925
40.849,24.908
41.666,25.521
43.159,27.745
42.846,27.128
40.887,26.831
39.835,25.328
39.301,25.963
38.141,26.188
38.549,26.345
40.695,26.153
40.417,26.272
39.718,26.310
40.883,26.712
40.225,26.574
40.702,26.563
40.257,27.129
38.902,27.374
38.795,26.800
38.481,26.960
37.769,26.428
36.484,27.337
40.571,28.186
42.546,29.308
46.827,28.434
42.194,27.162
41.341,27.123
37.829,26.863
39.568,25.969
39.690,25.503
35.635,24.379
35.406,24.274
33.755,24.979
35.238,24.039
33.684,24.877
32.055,24.784
30.592,24.122
30.903,24.154
32.375,24.508
31.339,24.683
27.433,23.749
25.238,23.456
24.706,23.228
28.710,23.093
27.303,23.734
26.612,23.690
25.711,23.402
27.406,22.542
29.156,22.643
28.882,23.056
29.120,22.674
28.398,22.674
27.127,22.357
27.230,22.930
30.935,22.917
27.772,23.230
25.577,22.884
25.122,22.759
26.462,22.764
27.998,23.340
25.196,23.388
25.822,23.378
26.243,22.917
26.365,22.961
27.419,23.911
24.686,23.599
26.600,23.050
26.793,22.889
25.824,22.956
26.445,22.656
23.240,22.505
24.040,22.487
25.045,22.667
29.106,22.746
30.547,23.781
27.902,23.682
25.756,23.449
26.187,22.720
27.134,23.305
25.967,22.862
27.426,23.128
26.740,23.115
24.394,23.136
27.656,22.310
25.694,23.103
25.347,22.976
25.158,23.006
23.584,21.847
24.317,21.628
25.751,22.792
23.898,22.580
25.850,22.257
26.512,23.017
24.626,22.647
26.340,22.474
27.304,22.219
27.233,22.057
26.766,22.328
27.502,22.952
29.262,22.427
31.606,21.931
28.748,23.175
26.423,23.715
25.240,22.558
25.473,22.145
26.289,22.454
29.490,22.872
29.189,23.556
27.305,23.575
29.860,22.620
27.896,22.571
28.778,22.698
25.457,23.228
26.763,23.037
26.109,22.348
25.871,22.425
27.786,22.602
24.237,21.862
27.229,21.436
25.450,22.264
25.821,22.658
27.152,21.871
28.697,21.520
30.068,22.106
28.447,22.365
27.240,21.823
26.839,21.394
27.103,21.348
27.634,21.225
26.678,20.915
27.429,20.912
26.596,20.045
27.055,19.646
28.132,20.368
27.538,20.109
27.008,19.390
28.745,19.475
30.014,19.619
29.720,20.069
32.548,19.480
30.861,20.269
30.117,19.185
29.927,19.006
29.963,17.729
31.111,17.741
33.367,19.732
34.188,20.058
32.727,22.861
33.790,19.494
34.062,20.751
33.403,21.887
33.925,20.206
34.633,20.438
37.237,22.031
35.987,24.417
35.226,22.116
36.203,20.300
35.914,22.504
36.028,18.419
33.699,16.933
35.251,16.104
34.014,18.354
34.082,17.830
33.545,17.363
32.843,17.556
32.957,18.151
33.515,18.425
32.763,18.465
32.493,18.496
33.896,17.885
32.833,17.432
32.108,18.178
31.461,18.373
32.603,18.336
32.940,17.834
34.090,17.245
35.265,15.636
33.561,15.060
35.332,16.384
32.849,18.908
35.430,16.181
34.270,16.385
35.195,16.205
33.614,18.796
32.489,20.019
32.138,18.261
33.787,15.449
33.549,14.278
33.002,15.584
34.431,14.610
32.319,16.490
32.492,17.503
30.848,16.938
29.852,15.771
29.838,15.914
30.103,16.290
29.804,16.598
30.294,17.376
30.313,19.236
31.728,20.927
33.238,18.589
31.134,14.876
30.260,15.719
32.061,15.707
33.893,16.244
32.317,16.322
31.845,15.383
31.498,13.873
30.999,13.571
30.907,14.815
29.465,15.384
27.329,12.896
26.995,11.782
27.667,11.606
29.079,12.588
30.021,13.574
28.309,13.551
28.357,13.296
28.808,12.777
28.595,13.018
28.250,10.103
28.225,12.368
28.685,13.377
28.802,13.968
29.141,12.149
28.104,8.690
28.481,11.098
27.212,9.807
28.638,12.376
27.233,12.065
26.854,11.643
29.545,13.869
25.304,16.120
24.890,11.375
27.654,10.866
28.056,12.505
27.528,12.105
27.648,11.440
26.133,12.572
27.031,9.921
24.741,10.837
23.664,9.294
23.787,9.002
24.207,9.543
24.018,8.886
24.843,8.975
27.931,9.313
27.699,9.875
26.174,12.240
24.069,7.801
23.543,5.509
22.560,8.256
24.034,9.593
27.012,11.547
27.537,9.640
27.568,11.621
26.506,13.620
27.281,15.911
26.951,12.751
26.693,9.228
25.652,12.535
27.400,12.480
28.156,13.005
27.189,12.902
28.720,11.784
29.846,12.709
30.193,13.777
29.477,14.275
30.247,14.233
27.922,12.489
23.117,7.979
25.259,8.857
26.565,9.618
28.854,11.237
31.147,13.105
30.193,13.147
30.221,14.648
29.826,11.605
28.170,11.357
28.933,13.216
31.927,14.333
33.802,15.651
33.730,14.706
33.785,14.556
33.651,14.385
33.542,14.389
32.767,14.305
33.535,12.913
36.088,16.452
34.953,16.157
32.792,14.640
31.682,13.873
30.501,11.602
30.588,12.005
33.153,14.062
34.583,15.235
35.230,16.594
32.954,15.465
31.365,11.718
30.066,12.557
29.466,10.445
31.729,12.152
33.011,14.930
32.868,13.229
31.416,14.928
34.957,16.282
36.247,17.452
37.687,15.308
36.419,17.424
36.695,17.976
38.519,18.562
37.778,18.400
37.384,17.811
40.107,17.555
41.124,18.684
39.722,16.617
38.370,14.365
38.426,17.637
39.167,20.057
38.965,20.784
39.149,21.076
40.024,20.490
40.224,20.319
40.272,21.623
41.082,21.755
40.642,24.653
40.319,22.516
38.713,22.869
38.400,21.672
39.454,20.599
40.416,21.761
39.840,22.232
39.848,22.385
38.683,21.732
38.271,20.966
37.919,21.738
37.569,20.164
38.268,22.847
39.071,21.407
38.730,24.170
37.905,22.194
36.681,24.142
27.250,21.101
36.228,18.583
36.301,22.623
37.133,20.305
35.697,21.371
37.425,21.947
38.807,22.695
38.391,22.794
39.054,23.921
38.264,22.572
38.812,22.313
39.370,22.359
38.170,21.584
40.282,22.546
39.483,24.122
39.850,24.337
38.534,23.413
41.796,23.520
40.473,25.551
43.407,25.225
40.538,26.340
39.774,26.581
38.614,26.007
38.334,24.939
38.646,24.518
40.034,24.543
40.223,24.849
39.598,24.895
40.932,25.683
41.656,24.906
41.462,25.577
41.127,25.910
40.826,26.060
41.633,25.563
41.091,26.005
41.248,26.712
40.172,26.505
40.198,26.218
41.133,26.026
41.597,25.565
41.205,26.329
40.843,26.501
39.840,25.676
39.214,25.958
37.827,25.718
38.377,25.879
39.386,26.106
31.162,26.372
35.144,24.942
34.489,25.490
36.394,26.569
36.615,25.356
36.688,25.067
37.006,25.473
37.308,24.672
31.223,24.047
33.627,24.631
34.770,24.280
31.488,25.071
36.288,25.131
37.191,25.906
37.159,25.510
37.165,25.688
36.121,25.826
35.778,25.682
32.701,25.354
33.522,25.047
35.197,24.533
35.275,24.456
34.901,24.966
34.008,25.019
33.100,24.962
34.032,25.721
35.900,25.032
36.377,24.673
27.433,23.601
25.518,23.339
25.979,22.915
26.771,23.139
27.476,23.033
27.660,23.086
24.177,23.150
25.124,23.043
28.179,22.716
27.129,22.983
25.402,23.385
27.180,23.141
28.793,23.186
26.820,23.000
24.906,23.579
26.991,23.467
27.684,23.625
28.455,24.324
26.665,23.801
24.088,23.396
23.617,21.900
24.953,22.290
25.848,22.906
25.417,23.444
25.923,23.169
23.424,22.172
24.427,22.400
24.201,22.614
23.924,21.619
23.617,21.824
23.774,22.438
25.725,22.530
25.910,22.755
28.626,22.744
26.621,23.051
24.070,22.668
24.565,22.742
23.770,22.322
24.287,22.157
25.063,22.630
23.537,22.089
23.212,22.358
23.985,21.788
22.790,20.973
25.796,21.017
24.504,21.830
27.191,21.910
26.728,22.778
23.766,22.454
26.537,21.518
27.854,21.612
26.327,22.115
24.888,22.266
26.016,21.938
28.299,22.158
27.613,21.766
29.026,22.357
30.322,22.913
29.635,23.433
28.288,23.865
28.338,23.279
29.846,23.256
28.420,23.551
28.591,23.276
24.258,22.938
25.216,22.016
27.312,22.131
27.989,22.655
28.718,21.219
23.789,22.741
23.602,21.826
25.657,21.360
25.568,22.062
25.159,22.399
28.145,21.118
27.327,20.600
28.200,20.167
30.552,20.694
30.041,20.873
27.640,22.208
27.510,22.851
25.819,21.452
26.420,20.450
26.371,19.984
27.819,19.337
27.762,18.800
30.127,18.569
30.788,19.281
31.364,19.708
31.652,20.673
32.439,21.234
33.098,20.392
32.075,21.895
31.782,21.365
34.093,21.233
31.833,22.718
33.902,22.581
33.286,20.772
32.412,18.943
34.174,18.853
32.865,17.305
33.613,16.958
33.945,16.532
32.511,19.072
35.426,19.648
33.310,19.045
34.512,21.190
35.765,18.964
32.509,18.020
32.421,17.148
32.359,18.517
33.114,19.373
35.403,17.901
35.153,19.209
33.364,18.167
31.205,19.132
31.421,19.188
32.365,15.874
31.349,17.504
31.097,18.083
30.298,18.842
31.692,19.507
31.278,17.809
31.128,16.661
30.482,15.467
29.834,16.083
31.155,15.752
32.451,14.560
32.028,14.464
31.015,16.945
31.492,19.265
30.480,18.696
30.227,20.148
30.941,17.550
30.634,17.235
30.817,15.640
29.673,15.067
29.890,14.389
29.339,14.837
28.746,16.288
28.985,15.078
29.839,14.704
30.393,14.122
30.331,14.269
30.693,15.546
31.213,16.067
30.945,16.048
30.913,14.169
30.168,12.548
30.038,14.624
28.393,14.602
30.070,15.640
30.237,16.893
29.951,16.044
30.481,16.365
31.701,16.995
33.279,17.494
32.467,17.940
31.339,18.496
29.345,13.105
28.438,12.522
27.734,11.225
27.936,10.668
28.012,10.886
29.931,15.042
30.346,15.981
29.736,16.596
30.334,15.358
28.168,15.695
28.014,13.202
28.068,13.648
29.063,15.003
28.525,15.033
29.948,14.628
27.365,12.594
26.666,11.238
27.349,11.897
27.616,11.758
27.846,10.627
30.144,14.295
30.382,14.955
30.072,15.626
27.223,11.907
27.068,10.453
27.112,10.662
26.762,10.301
25.124,10.050
24.132,9.705
24.544,8.825
26.833,11.247
27.450,12.768
27.607,12.084
29.728,11.017
30.068,10.456
30.125,12.504
29.930,11.527
31.167,14.125
30.313,15.813
23.766,13.195
24.198,9.219
24.771,9.979
25.505,9.958
26.691,11.329
26.201,13.621
27.134,13.629
26.412,14.661
28.945,12.429
27.766,13.243
28.729,13.385
28.563,14.013
28.990,14.774
30.003,17.161
31.333,16.292
31.783,16.959
31.632,17.563
24.672,20.369
28.381,16.894
27.108,12.753
27.759,13.961
27.817,12.575
29.478,12.401
32.386,16.386
34.531,17.635
30.517,19.387
32.581,17.428
31.853,19.556
29.727,16.633
25.707,16.541
27.453,11.093
28.319,13.047
30.733,14.544
31.507,15.312
31.850,16.193
33.947,15.584
32.077,15.780
30.346,15.852
32.108,16.150
33.381,16.552
31.233,14.826
34.195,15.479
33.142,16.442
35.432,15.640
35.754,16.192
34.991,16.657
36.639,17.562
36.363,18.838
38.006,18.176
37.739,19.056
36.023,18.357
35.351,17.897
35.167,16.185
35.828,17.231
34.989,16.654
33.558,17.095
35.183,18.957
34.138,21.207
35.192,18.088
35.353,19.228
35.735,15.910
35.879,18.622
36.181,18.112
34.694,16.916
36.105,17.660
35.003,18.602
36.754,20.730
36.882,21.419
35.469,22.805
34.340,19.712
32.832,18.415
34.752,17.918
39.952,20.767
37.877,19.651
36.325,19.508
34.702,18.580
35.692,18.416
37.639,21.340
39.399,18.591
38.810,20.470
38.661,19.963
38.999,21.159
38.274,22.560
36.901,20.587
38.286,21.115
39.175,21.534
38.953,22.854
38.709,21.798
37.644,22.235
37.024,21.370
35.611,21.209
36.374,23.464
35.135,21.819
34.920,21.560
38.878,24.235
37.608,23.322
41.170,24.143
40.164,25.956
39.067,26.563
40.252,24.444
41.427,25.171
41.717,25.086
41.899,25.979
41.735,25.637
40.643,24.308
39.401,24.103
40.057,25.133
40.085,24.439
39.900,24.615
41.631,24.265
41.011,25.122
40.015,24.893
39.372,24.108
38.700,24.860
38.363,25.768
40.649,24.461
42.396,27.062
42.091,25.812
41.850,25.785
41.849,25.605
42.928,25.395
42.793,26.117
41.638,28.121
42.425,27.212
41.135,26.801
41.735,26.147
40.220,26.799
39.339,27.001
38.915,26.915
39.626,26.669
38.793,27.507
38.676,26.474
40.349,26.627
40.730,27.011
38.135,28.022
41.355,26.840
39.703,27.117
38.675,26.114
39.157,25.946
39.078,26.798
39.316,25.518
36.761,27.352
31.057,24.824
28.058,24.169
32.304,23.571
28.880,24.092
31.890,23.738
32.166,24.288
30.554,24.126
31.692,24.098
27.828,23.985
27.285,22.987
30.284,22.720
31.712,23.688
30.270,23.410
29.013,23.722
31.460,23.926
26.271,23.709
30.336,23.551
26.228,23.539
27.653,23.432
30.299,23.246
29.075,23.553
31.140,23.300
31.765,24.324
25.767,23.768
25.320,23.517
24.141,22.312
23.538,21.208
27.341,22.899
26.660,22.988
26.867,23.031
25.088,23.139
26.122,22.537
24.155,22.833
29.259,22.308
25.389,22.077
25.844,22.705
24.245,22.775
25.191,21.593
27.267,23.063
25.134,23.401
24.574,22.717
26.411,22.755
26.265,22.593
25.282,23.034
26.865,22.999
28.386,23.420
24.428,23.518
24.704,23.339
26.256,22.985
24.693,22.773
24.261,22.625
25.772,21.595
25.260,22.233
24.050,22.675
26.678,22.827
26.121,22.135
25.530,21.395
27.634,22.271
24.940,22.325
26.990,22.111
24.297,22.587
24.664,22.618
24.162,22.465
25.151,22.227
25.774,22.416
24.557,22.779
25.761,22.666
25.476,22.128
28.089,22.461
27.507,21.899
27.183,22.576
26.618,22.093
22.806,21.982
22.514,21.656
23.040,21.069
23.090,21.085
23.160,22.233
22.513,20.825
26.004,20.867
26.978,22.306
27.998,21.362
27.216,21.381
27.195,21.655
27.371,21.424
29.878,21.234
27.022,21.651
26.461,21.761
26.912,20.651
25.811,20.727
27.445,20.353
28.434,20.903
29.082,21.794
31.127,21.592
31.410,21.002
32.218,22.037
32.632,21.677
34.440,21.496
32.843,22.565
33.600,22.710
30.683,23.030
32.666,21.535
32.668,20.736
34.195,20.843
33.581,21.318
26.400,22.095
23.929,22.112
24.694,22.492
24.043,22.047
24.418,20.710
27.885,21.243
28.899,20.209
27.374,21.374
25.509,21.025
25.220,21.603
28.307,21.881
27.732,22.894
26.223,22.132
27.016,21.595
25.927,21.451
27.325,21.934
27.361,21.651
26.607,22.212
27.088,21.323
27.657,21.365
26.611,21.025
27.076,21.351
28.762,20.987
28.901,20.413
29.449,19.584
31.538,19.516
30.687,17.385
30.480,17.824
30.698,19.898
30.814,19.468
31.259,16.106
29.751,16.541
29.502,17.175
28.683,17.622
29.632,20.336
30.319,19.258
32.298,18.583
32.232,16.726
31.591,14.531
31.898,15.457
31.458,16.006
30.724,14.549
32.054,14.366
31.389,17.234
30.994,17.997
29.681,17.047
30.139,16.482
29.771,16.904
26.326,19.371
28.684,17.862
28.644,17.782
30.965,16.024
30.400,15.524
31.360,16.745
29.544,17.131
27.711,16.414
27.115,13.209
27.603,13.445
30.352,14.272
31.189,14.482
29.823,13.196
29.280,14.113
29.005,15.383
28.840,15.063
30.322,15.613
32.549,17.767
32.309,17.134
30.258,16.992
29.772,17.475
28.938,15.298
29.539,14.979
31.476,15.136
31.331,16.895
30.561,15.923
30.898,16.936
29.692,16.793
28.404,13.507
28.463,12.891
29.485,12.413
29.412,12.216
28.034,13.386
28.977,13.183
26.933,12.442
27.203,12.507
29.042,10.641
28.864,10.686
28.672,11.637
28.397,11.229
28.600,9.407
27.873,10.022
26.940,11.346
27.595,11.335
26.849,11.801
26.372,13.420
27.848,14.792
27.982,14.199
26.981,14.813
27.886,13.231
25.739,14.202
26.002,12.497
27.174,15.074
25.577,11.979
26.918,14.183
26.341,13.063
27.785,16.233
22.748,16.400
25.870,11.386
26.336,9.745
25.776,11.401
28.172,14.079
27.608,12.448
26.424,9.725
22.793,8.569
24.828,10.702
27.390,12.386
28.862,15.277
27.257,13.477
26.933,11.895
26.998,13.477
23.386,9.149
25.179,11.052
28.409,13.612
27.143,18.271
27.083,15.059
27.269,15.158
27.971,15.145
28.226,13.905
28.842,13.615
28.032,13.832
28.459,11.948
29.772,12.536
29.259,12.389
28.114,12.933
28.767,13.154
29.058,14.441
30.028,14.218
29.743,12.973
30.401,11.474
31.768,15.478
30.472,14.434
28.640,12.953
26.616,10.097
26.495,7.777
27.859,11.938
27.573,12.142
27.592,12.755
24.828,12.405
22.646,9.826
25.136,9.274
26.515,11.151
27.588,11.287
30.629,12.219
31.139,11.421
28.242,14.578
29.430,14.810
29.585,15.313
28.467,15.553
30.590,19.103
32.182,16.824
30.457,15.567
28.879,13.042
26.886,11.389
30.221,11.879
28.891,13.604
29.510,15.038
28.536,17.037
31.874,16.919
31.657,17.607
30.950,18.270
31.934,17.361
31.685,18.122
32.285,17.130
32.557,15.197
34.564,19.318
35.087,19.072
35.941,19.122
37.146,16.649
36.075,18.509
35.178,19.459
36.625,16.593
36.692,14.880
34.930,16.837
34.997,17.536
36.177,18.652
36.324,18.573
35.675,19.220
36.712,18.447
38.138,19.463
37.266,20.979
37.520,20.856
37.319,21.156
37.008,19.300
36.398,20.192
35.543,19.473
39.821,19.686
39.977,20.333
39.415,20.612
38.593,21.991
37.724,22.606
37.151,20.901
37.055,19.538
37.684,19.006
38.155,19.932
39.965,20.016
39.835,21.082
39.235,21.498
39.373,22.819
40.683,22.764
39.536,23.424
38.707,22.634
37.331,21.917
40.467,21.965
39.693,23.532
40.321,23.278
40.542,24.054
39.426,22.511
39.885,23.950
41.291,24.040
42.318,25.922
44.239,25.295
42.876,24.619
41.500,25.980
40.855,25.092
40.135,24.312
39.335,23.445
38.745,23.349
39.996,23.566
40.543,24.512
41.650,24.819
42.104,27.189
39.353,25.475
38.434,23.572
37.587,24.624
37.596,24.769
37.688,23.550
37.603,24.289
37.326,24.460
37.031,25.096
39.155,25.055
43.610,26.352
42.305,27.008
41.465,28.011
41.244,27.239
40.703,25.701
40.846,26.180
42.527,25.510
44.653,26.508
45.979,26.646
45.101,27.874
42.795,27.437
42.562,27.873
41.874,27.235
41.295,26.189
42.507,26.347
43.013,26.782
44.333,28.148
43.483,28.260
42.637,28.365
42.746,28.255
44.144,28.341
41.723,27.865
40.997,27.537
41.326,26.915
41.000,26.832
39.244,26.274
37.743,25.740
35.489,25.406
35.677,25.453
37.397,24.562
35.657,26.113
37.825,24.454
37.516,25.435
35.514,25.951
37.352,26.111
33.900,25.564
36.085,25.467
38.096,25.585
37.106,25.671
37.393,25.109
37.809,25.664
38.364,26.333
36.843,25.561
36.968,25.812
37.454,25.707
36.257,25.359
35.081,26.152
37.327,25.102
37.171,26.148
38.025,25.879
37.211,26.009
35.986,25.745
35.582,25.783
34.421,25.008
36.413,24.810
34.065,24.193
35.529,23.666
26.605,24.268
32.081,23.859
28.531,24.014
29.202,23.707
26.113,24.348
25.373,23.434
27.085,22.809
27.713,22.416
26.615,22.758
23.231,22.122
22.290,21.410
24.707,21.418
26.398,22.009
27.601,22.274
27.281,23.225
28.968,22.224
29.549,23.169
26.341,22.936
