20000101
27.243,11.594
26.573,11.389
27.161,9.849
26.067,9.726
26.267,10.455
26.585,8.806
26.343,6.808
27.734,7.198
29.439,8.871
30.456,9.196
30.495,10.708
28.362,16.563
27.181,12.215
26.303,10.271
25.196,10.606
24.812,10.051
25.615,11.884
29.201,12.662
30.334,11.832
29.838,12.265
27.726,9.344
27.831,12.331
28.522,13.545
27.263,13.183
28.930,12.242
29.615,10.180
27.713,13.553
26.275,10.630
27.177,9.452
29.233,10.387
31.021,11.268
27.057,12.797
27.574,10.962
28.048,11.898
28.606,11.981
25.419,13.658
25.828,9.818
25.802,10.390
27.703,10.545
26.341,11.176
28.404,10.877
25.325,12.281
25.089,9.702
24.798,10.306
26.189,10.878
28.725,10.899
31.070,11.700
27.638,12.398
29.403,11.264
28.874,10.900
29.081,12.439
29.083,12.520
30.213,13.821
29.141,17.842
28.788,17.031
27.619,17.709
30.974,12.635
31.805,10.257
31.923,11.484
34.271,11.706
35.469,17.621
34.722,20.242
34.082,17.329
32.942,18.314
32.199,16.253
32.515,13.018
31.073,13.508
31.120,13.565
33.465,13.635
33.804,11.916
34.640,17.544
32.906,17.601
29.495,16.856
33.861,14.923
34.314,14.355
33.178,12.008
33.913,16.562
34.419,17.986
34.251,15.824
35.163,15.899
35.686,13.171
34.660,17.495
33.403,16.731
33.285,18.238
35.783,17.791
35.658,17.920
36.633,18.353
35.882,18.497
37.237,18.361
38.214,15.586
40.851,19.341
43.087,22.584
42.600,23.448
40.242,22.494
40.870,18.729
40.202,23.479
40.897,22.859
40.661,20.586
40.670,24.958
39.888,24.177
40.116,21.949
42.203,20.680
43.466,23.279
41.519,22.962
40.412,24.456
39.810,23.194
41.445,23.985
40.559,24.774
40.778,24.989
41.227,25.662
41.279,24.898
40.969,26.031
38.344,26.232
38.559,23.853
38.810,24.632
40.944,24.627
41.669,25.663
41.441,25.551
41.585,27.216
41.103,27.202
41.185,27.348
42.002,26.628
42.559,26.655
43.802,26.205
43.510,26.854
44.864,26.651
41.968,27.248
43.740,27.263
41.148,25.378
37.832,27.366
38.405,25.358
38.659,27.586
35.874,26.900
37.546,24.198
37.646,23.945
35.667,24.726
38.101,24.918
37.820,25.024
36.214,25.753
33.626,25.449
30.715,24.003
36.777,23.002
38.199,24.440
39.429,24.509
39.369,25.465
39.430,25.831
39.492,26.215
40.496,26.395
39.628,26.696
38.430,28.269
37.379,25.824
37.588,25.933
38.029,25.420
40.650,27.875
44.751,27.467
38.023,26.850
38.204,27.250
40.650,27.358
36.051,27.398
35.999,24.857
37.097,24.343
39.261,27.260
39.141,25.917
37.694,26.633
34.706,25.852
35.637,25.532
36.249,25.922
39.266,26.247
39.377,26.605
39.980,25.738
39.373,26.703
34.882,26.222
35.612,25.078
35.525,26.722
34.806,25.119
33.494,25.313
36.929,24.719
36.817,25.243
38.595,25.147
36.350,25.184
38.002,25.823
37.489,26.125
35.943,25.980
31.193,25.528
32.554,23.894
32.906,23.967
35.657,25.058
36.790,24.772
33.966,25.270
31.160,24.542
28.725,24.479
29.008,23.612
26.195,23.506
25.089,23.046
28.891,23.354
24.512,23.431
26.864,22.853
26.909,21.952
26.484,22.267
24.401,22.730
23.515,22.732
22.768,21.664
23.465,21.578
28.041,21.331
29.940,22.069
31.464,21.603
32.574,22.422
32.575,22.320
34.186,23.668
30.095,23.215
25.160,22.938
28.125,22.512
30.462,22.887
29.650,22.860
31.212,22.336
30.958,22.506
33.167,21.624
34.655,22.540
34.117,22.948
36.325,25.695
35.410,25.273
33.980,25.682
32.035,24.426
32.473,22.810
28.931,23.425
26.229,22.598
25.361,21.991
25.101,22.021
27.798,21.986
27.716,22.390
26.586,22.021
24.051,22.020
25.029,21.969
26.503,22.148
28.309,22.438
31.269,24.666
31.744,23.166
31.179,23.901
30.844,23.735
29.170,22.586
30.002,22.751
27.510,22.744
25.672,22.463
24.849,22.143
27.467,22.084
26.644,22.060
24.328,22.323
24.348,21.710
22.239,21.243
22.963,21.197
28.290,20.620
29.664,18.957
30.279,20.577
30.210,20.475
30.725,20.621
31.724,19.952
32.225,19.553
32.991,20.263
33.112,21.681
34.168,21.237
33.901,21.289
32.262,20.753
33.145,19.492
35.979,20.588
36.289,23.911
34.979,22.893
34.624,21.762
36.995,20.126
36.857,20.351
36.848,20.371
36.214,20.490
36.158,19.952
36.104,19.955
36.369,17.730
37.866,19.892
35.998,19.652
35.789,18.507
35.922,17.351
35.820,16.297
36.522,16.152
38.079,17.470
37.740,17.692
38.635,19.630
38.440,21.495
38.425,22.769
38.104,25.458
35.248,22.514
35.448,21.413
35.322,20.317
34.984,18.724
34.537,18.664
35.552,18.806
36.141,15.822
36.052,14.028
36.544,15.772
35.749,19.234
35.116,18.036
33.677,18.371
34.122,19.004
36.165,18.651
34.646,18.114
34.004,15.880
33.451,16.058
34.593,14.903
35.143,12.485
32.658,15.149
32.541,16.342
32.015,16.155
32.755,16.516
34.134,16.466
33.094,13.117
32.809,14.343
32.472,14.096
33.192,14.536
33.663,13.788
32.203,14.836
32.797,13.392
32.640,14.106
32.330,15.482
32.073,15.700
31.624,15.349
31.057,12.998
31.320,11.178
32.147,15.457
31.745,14.507
30.625,13.491
31.106,12.670
30.948,13.993
32.286,14.634
31.414,16.115
31.314,15.027
31.411,14.487
30.205,14.664
27.953,14.695
27.513,12.970
26.981,12.270
26.224,10.864
27.281,10.593
28.641,10.334
30.004,7.708
30.800,8.663
29.532,13.645
30.164,13.057
30.553,9.333
30.213,9.574
29.889,12.074
29.218,12.265
29.361,9.306
29.476,9.354
29.690,10.803
29.451,10.672
29.621,11.358
29.800,9.226
29.740,12.399
29.530,11.966
28.149,12.626
30.425,12.242
29.812,11.314
30.095,10.694
30.276,11.775
29.071,12.223
28.770,10.987
28.390,9.958
28.582,11.539
23.457,15.426
19.738,9.202
22.908,5.333
24.142,7.800
25.108,9.147
25.251,9.079
24.960,8.889
26.900,8.786
27.207,10.201
25.286,10.803
25.789,10.199
26.685,11.007
28.445,11.689
29.334,14.347
28.757,12.173
27.671,11.792
29.576,15.957
29.218,14.675
29.658,17.542
31.281,16.652
30.128,14.911
31.088,15.260
30.252,13.152
28.405,12.275
27.957,11.747
27.483,10.029
27.203,9.046
28.562,10.649
29.200,11.506
29.705,12.005
31.400,11.799
31.230,10.471
30.165,15.440
31.013,18.436
31.435,15.952
30.220,13.547
31.012,12.837
29.748,9.572
30.763,11.398
30.968,11.364
31.944,10.570
32.534,11.389
31.683,13.504
31.119,11.125
32.832,11.986
34.038,15.955
33.233,14.654
28.540,12.807
30.385,13.083
31.562,13.289
32.250,14.817
33.385,15.214
33.558,15.928
33.556,16.922
32.884,12.669
34.934,15.003
35.242,18.542
33.932,18.048
32.197,17.157
32.122,15.693
32.013,15.175
31.411,16.843
31.352,16.530
33.382,16.780
33.860,18.429
33.079,15.792
33.375,15.676
32.450,11.566
33.664,16.543
33.673,17.485
33.272,19.138
33.519,17.506
32.557,20.764
33.409,18.776
34.762,17.711
38.083,18.226
35.744,17.874
35.841,18.601
36.301,18.994
37.685,18.940
35.480,20.033
35.390,20.298
35.058,21.221
35.626,20.277
35.592,19.656
36.907,20.817
36.654,20.735
36.564,20.195
36.322,22.243
34.128,19.207
33.294,17.740
35.667,15.993
35.764,18.861
39.388,21.272
37.963,20.833
38.514,22.070
38.047,19.049
38.391,18.630
41.010,21.257
39.071,19.695
37.958,20.734
38.361,21.133
36.921,25.246
35.908,22.607
36.284,20.666
39.669,22.711
37.006,25.337
34.259,23.822
34.876,22.358
34.342,22.102
36.226,21.095
38.708,22.985
39.132,20.925
42.460,22.606
43.945,21.463
43.506,23.982
42.213,26.260
42.267,26.599
41.631,26.191
41.521,26.549
41.817,25.987
42.490,24.523
43.344,26.694
44.094,27.787
41.426,27.219
42.399,26.063
42.916,26.281
43.409,27.161
42.353,27.732
41.422,26.334
39.785,26.297
40.617,26.806
41.338,26.421
41.999,26.530
40.304,26.595
40.037,26.277
40.160,26.449
40.355,26.868
39.420,26.743
38.112,26.247
35.086,25.773
37.431,25.409
38.046,25.775
37.081,26.427
43.203,28.743
42.128,27.139
43.114,27.368
39.529,27.248
43.373,26.392
39.704,27.956
38.864,26.607
38.422,25.077
34.517,24.656
34.619,25.157
34.316,25.469
36.726,24.649
35.713,26.049
32.376,25.047
35.514,24.413
37.930,25.511
38.435,25.427
37.027,25.953
38.218,26.339
40.259,25.644
39.379,26.443
35.149,25.433
29.957,24.502
31.694,22.863
23.089,21.373
26.040,22.342
31.494,23.003
29.325,22.243
26.969,23.694
32.975,23.580
34.489,22.995
35.718,23.763
36.390,24.383
36.957,25.209
35.024,25.595
32.794,25.170
36.187,24.989
33.954,24.836
32.628,24.834
27.419,24.044
24.619,23.046
23.920,22.316
28.596,22.823
30.307,23.100
32.326,22.541
34.868,22.810
32.032,24.100
35.036,24.097
26.402,22.562
25.855,22.347
27.314,22.604
28.747,22.741
28.700,22.992
25.593,22.980
25.458,22.775
24.462,22.722
25.646,22.748
26.809,23.271
28.161,22.576
23.748,22.662
27.932,22.272
23.534,22.623
27.880,22.370
28.225,22.800
29.754,22.954
30.231,22.294
30.027,23.875
28.670,23.142
28.594,22.640
31.482,22.625
32.131,22.351
25.464,23.689
33.874,22.082
33.000,23.590
31.611,22.491
30.336,21.828
28.976,23.415
30.160,23.276
30.959,23.261
27.233,23.111
32.633,22.863
27.473,23.560
28.698,22.534
28.949,22.615
28.274,23.045
27.171,22.739
23.533,22.396
25.544,22.576
29.664,21.824
28.031,21.576
30.148,22.158
29.432,21.647
30.182,21.542
28.748,22.050
28.947,22.288
30.300,21.663
30.787,21.189
29.508,21.821
30.096,21.627
29.104,20.691
32.858,21.687
29.268,22.269
31.862,22.350
33.643,21.528
33.363,21.734
30.537,21.957
32.648,20.755
30.800,22.008
32.999,20.622
33.913,22.200
33.375,20.874
33.649,20.088
34.787,20.241
34.082,20.786
34.919,21.491
36.087,22.100
37.133,21.140
34.648,20.534
34.039,21.473
37.851,23.040
36.184,24.779
36.301,20.972
34.982,21.214
38.525,23.792
37.295,23.018
36.980,23.455
36.728,19.543
39.158,20.530
37.600,18.353
37.619,18.738
38.015,21.512
34.695,24.144
31.484,20.961
30.845,22.164
29.602,22.212
31.820,22.314
33.534,21.635
34.318,21.096
34.746,22.577
34.202,22.177
33.855,23.066
33.900,21.790
25.565,22.861
34.651,19.877
33.665,21.066
27.306,20.172
33.603,17.292
33.548,15.519
32.922,17.482
34.122,15.850
34.300,13.327
33.459,13.392
35.475,14.051
34.255,18.532
34.614,17.766
36.295,14.058
36.296,14.065
37.049,15.741
35.522,15.231
33.238,17.453
34.015,16.440
34.942,15.783
34.364,15.212
35.058,14.838
34.316,15.756
33.501,16.097
34.062,17.261
34.896,14.908
32.758,17.802
32.202,17.401
30.219,17.191
29.612,15.162
30.402,15.436
30.558,14.602
30.737,15.208
31.223,14.792
32.069,14.488
32.490,15.567
34.190,17.864
34.378,20.603
32.390,18.537
31.846,15.522
30.010,13.436
30.414,10.835
30.866,10.778
28.794,13.402
28.251,12.912
27.854,12.222
28.538,12.318
28.417,12.265
28.089,12.181
27.627,12.286
28.794,12.328
29.686,13.033
29.686,11.560
29.415,9.848
29.641,9.161
30.873,12.609
30.716,12.416
31.806,10.921
31.504,12.780
31.099,12.659
31.267,13.617
29.962,12.973
29.974,14.495
28.938,13.942
29.321,11.459
29.452,13.486
29.756,13.770
28.942,13.585
30.295,12.326
27.530,13.594
26.642,12.531
26.366,10.521
26.023,10.244
27.193,9.981
27.682,9.734
28.788,10.903
29.310,10.832
28.884,13.473
28.179,13.579
27.263,12.942
27.718,12.692
27.174,11.767
25.957,10.505
25.297,10.497
25.255,9.652
26.087,10.762
22.762,12.859
26.078,11.588
26.043,12.192
26.277,10.804
26.765,11.246
27.776,11.221
29.459,10.990
30.253,10.867
31.162,11.346
30.439,11.175
28.314,14.074
27.183,10.826
25.282,9.631
25.557,9.832
25.240,10.259
25.655,9.778
26.312,11.040
27.613,10.781
27.323,9.782
26.976,10.729
26.103,12.834
24.534,9.825
24.212,8.347
24.360,8.367
23.486,8.029
26.069,9.050
28.342,10.502
28.524,11.175
29.317,12.292
28.551,14.749
31.636,16.802
30.591,12.669
28.340,11.780
27.470,10.265
27.204,9.819
21.168,12.357
25.318,14.503
25.293,10.824
27.574,11.958
29.660,13.194
31.078,15.232
31.779,15.089
27.027,16.154
26.073,18.442
30.486,16.724
32.667,14.773
33.008,13.339
34.383,16.095
32.803,16.433
32.113,15.646
31.786,15.262
31.986,16.537
33.032,16.393
33.567,15.378
35.504,15.221
34.089,21.010
32.575,17.284
33.090,15.623
33.199,14.538
33.697,16.480
33.100,16.226
33.410,15.699
32.523,17.819
35.110,18.788
36.785,19.775
35.441,19.866
36.189,23.665
32.620,20.799
33.211,18.946
34.526,15.249
35.571,17.840
37.331,19.394
37.017,20.541
37.260,19.413
37.054,19.332
35.752,19.747
37.310,20.420
36.575,20.912
35.012,19.992
36.035,18.432
38.645,19.824
39.411,18.437
39.686,19.789
38.141,19.491
38.896,20.069
39.720,22.145
38.988,23.390
39.467,20.199
39.836,19.965
40.472,22.877
40.935,25.259
31.997,24.645
34.251,21.485
37.553,20.172
37.157,22.280
39.659,21.411
39.639,22.088
40.269,24.429
40.808,24.760
40.128,24.472
40.206,24.918
37.851,25.701
40.257,26.900
40.630,25.425
39.723,28.616
40.437,28.495
39.979,25.195
40.179,24.917
40.124,25.633
39.031,24.050
40.638,24.054
42.192,20.844
42.346,24.425
42.404,24.841
45.546,25.190
43.297,25.890
44.653,27.989
44.607,27.062
45.849,29.296
47.569,26.799
44.476,26.704
42.808,26.403
42.076,27.204
41.917,27.569
42.168,29.727
41.140,28.973
41.038,27.781
42.173,28.230
42.470,28.800
42.800,28.493
43.093,28.291
41.521,31.273
42.383,28.703
40.556,27.099
39.578,25.212
40.541,25.265
41.383,26.297
41.966,26.448
42.468,27.476
41.755,27.917
40.096,27.401
38.052,25.849
39.585,26.358
40.365,27.417
37.830,27.793
39.511,28.677
40.334,28.002
40.079,26.578
40.500,26.822
38.539,27.228
40.289,27.037
38.568,25.556
39.687,26.103
41.281,26.969
41.465,27.766
43.430,28.012
44.201,28.785
43.123,30.518
38.847,28.053
34.802,28.698
40.845,26.752
39.309,28.539
37.967,27.615
36.672,26.472
35.725,25.884
36.621,25.830
33.613,26.147
33.674,24.376
36.455,24.670
36.757,25.819
30.858,25.578
31.813,24.537
30.072,24.116
25.678,23.695
26.542,23.197
26.302,23.154
32.361,23.545
34.659,23.992
35.441,24.095
34.597,25.115
36.701,25.293
36.419,25.484
33.987,24.996
34.226,24.624
37.043,25.121
37.094,24.501
34.452,25.159
35.148,25.656
34.781,25.433
34.147,25.471
29.090,25.426
30.484,24.865
34.525,25.011
26.735,23.972
26.972,22.873
24.792,23.378
29.944,22.364
26.078,23.442
26.577,23.474
26.893,23.815
26.675,24.017
26.837,23.647
28.647,23.743
34.671,23.708
32.071,23.747
36.473,22.685
36.514,23.466
36.966,24.752
35.703,24.489
32.999,24.248
31.388,22.839
25.649,22.650
25.655,22.521
26.963,22.757
27.782,23.180
28.779,23.134
25.622,23.116
26.472,22.460
25.757,22.628
24.617,22.854
25.511,22.688
26.717,22.996
24.159,20.799
23.936,21.201
25.400,21.653
25.035,22.253
24.862,22.321
24.307,21.895
29.237,21.117
29.761,22.128
27.628,23.685
27.111,21.493
26.991,20.877
29.132,20.802
30.000,20.860
28.416,22.114
23.483,21.977
27.102,21.906
27.969,22.983
28.803,23.444
27.388,23.699
24.359,23.296
24.422,22.936
29.688,22.320
27.390,21.334
26.757,21.801
27.289,20.567
29.678,20.235
29.466,20.172
30.439,21.598
31.471,20.285
31.812,19.511
32.156,18.307
31.105,19.321
30.578,19.439
29.512,21.223
32.534,20.833
34.218,20.777
33.711,21.672
33.686,21.147
33.915,22.772
34.457,21.791
33.200,21.424
36.564,22.463
36.736,21.787
35.872,21.662
35.121,22.058
32.644,19.928
35.871,18.774
35.682,20.994
35.424,21.207
36.274,19.701
37.022,20.076
37.339,17.626
35.614,19.171
35.777,19.865
35.854,19.499
34.800,20.346
35.986,18.617
34.909,18.586
34.367,19.184
34.809,18.040
33.951,18.724
32.837,20.288
34.001,19.400
35.312,19.417
34.911,18.026
34.668,18.739
34.485,20.064
35.027,17.491
35.274,17.921
34.151,15.979
33.584,18.252
32.841,17.747
32.957,12.953
32.347,12.341
32.947,14.786
32.744,14.493
34.566,14.878
33.393,15.835
33.490,15.944
32.775,15.478
33.076,14.577
33.582,14.727
31.821,19.434
30.802,17.255
31.552,17.326
30.750,16.666
31.491,16.730
29.362,15.973
27.894,18.813
29.798,14.542
31.740,14.265
30.691,13.006
32.868,14.627
30.614,15.746
31.434,12.785
30.877,12.587
31.274,11.994
31.667,12.743
31.571,12.442
31.654,13.028
31.598,13.319
32.675,14.289
32.296,12.894
32.167,13.554
31.445,12.536
31.489,13.543
31.171,13.727
29.502,13.758
29.025,14.136
30.886,14.249
29.774,13.350
30.116,12.402
30.942,15.578
31.628,18.123
32.150,17.006
31.656,17.186
30.116,13.982
30.742,12.469
30.455,12.850
31.677,15.043
31.245,14.429
31.174,15.513
31.541,13.583
31.692,13.342
31.737,14.211
30.390,14.426
30.162,14.822
29.798,15.225
29.384,14.223
29.738,12.762
27.957,12.199
27.307,13.505
27.107,10.354
28.206,12.261
26.339,12.255
26.182,10.588
23.189,11.910
24.317,14.341
22.133,7.328
23.619,8.133
25.117,11.591
26.727,11.713
27.878,12.381
29.127,12.680
28.707,14.066
28.567,13.603
26.120,14.556
27.143,15.268
28.298,13.221
28.809,14.922
28.067,15.444
28.240,12.677
27.790,10.365
26.993,9.811
26.427,9.851
27.483,10.425
27.978,10.579
27.290,12.583
29.348,13.741
31.068,14.613
31.724,13.266
30.766,12.094
31.061,12.803
32.037,15.649
31.916,16.343
31.322,15.105
29.511,14.076
29.700,12.388
31.588,16.691
26.812,14.275
23.143,15.983
28.054,15.655
27.881,12.893
30.179,16.188
30.587,13.901
32.755,15.003
31.099,11.215
29.827,11.329
30.696,14.187
31.785,15.388
31.446,15.716
31.456,15.232
30.715,14.715
32.033,15.290
33.710,15.743
31.316,16.168
29.410,18.991
28.580,17.355
29.381,14.380
30.676,15.203
31.850,15.160
32.945,14.939
33.290,14.704
34.477,16.284
33.216,15.560
34.570,17.823
35.374,19.268
35.396,20.256
35.580,19.239
32.673,18.334
28.949,11.654
29.547,11.330
33.773,13.569
33.926,14.758
33.352,15.147
35.335,15.234
35.135,18.081
35.351,17.995
33.240,17.646
34.234,16.432
36.124,17.356
36.242,14.472
35.027,17.786
35.648,18.563
35.622,19.882
34.889,19.045
35.474,17.994
38.788,16.367
37.539,19.078
38.750,21.702
39.898,21.899
39.876,20.234
41.204,23.714
39.941,21.887
40.794,19.857
37.703,21.435
35.867,22.826
40.552,21.368
40.222,22.327
39.329,22.635
38.405,22.911
37.854,23.012
37.350,20.992
40.446,23.009
34.398,26.424
38.800,21.317
41.561,23.324
39.293,24.888
40.465,27.896
37.647,27.527
39.214,23.945
38.258,22.512
38.855,22.974
38.499,22.618
38.995,24.816
39.792,24.769
38.237,24.552
37.937,21.709
39.748,22.561
41.466,23.849
42.950,24.036
41.753,25.637
40.889,24.985
38.084,26.021
39.820,25.134
43.104,25.080
44.603,23.492
42.548,25.838
43.439,25.158
41.329,26.606
39.315,24.955
38.410,24.392
38.168,22.452
39.185,23.350
38.706,24.430
39.649,24.857
41.847,23.705
43.418,22.286
44.088,25.492
42.791,26.140
43.499,28.910
41.824,28.661
42.765,26.893
42.719,26.480
42.359,29.150
40.800,27.232
39.901,26.452
40.741,26.520
41.202,27.091
39.156,27.386
38.723,26.215
40.685,27.303
40.277,27.543
38.807,26.154
38.995,27.142
40.144,27.545
40.903,26.487
40.531,28.465
42.777,28.395
41.006,27.386
42.007,27.687
41.512,30.063
42.784,29.001
41.574,27.632
40.323,27.034
40.184,26.923
40.114,27.631
40.843,27.777
40.877,27.814
39.762,27.027
41.044,27.051
39.744,27.284
32.328,27.141
38.827,26.997
39.226,25.988
32.489,25.332
34.937,25.419
30.137,24.588
27.710,24.086
30.832,24.144
32.742,25.043
31.791,24.812
31.078,24.497
28.088,24.240
29.075,23.486
30.789,23.235
28.460,23.695
28.880,24.029
30.214,23.403
32.796,23.694
33.109,24.798
32.148,24.727
30.459,24.749
29.726,24.122
28.413,23.046
29.166,23.614
29.576,23.189
28.565,23.874
30.039,23.402
28.894,23.873
29.960,23.648
31.498,22.913
32.102,23.586
31.958,23.751
28.056,23.946
31.486,22.852
31.224,23.476
32.029,22.790
28.840,23.928
27.707,24.398
30.098,23.818
28.987,23.620
27.931,23.523
25.931,23.132
25.130,22.800
26.400,22.509
26.130,23.016
26.037,22.580
26.570,22.348
28.460,21.758
26.548,22.931
26.111,22.399
24.755,22.038
26.360,22.565
28.092,22.747
31.573,22.372
29.940,22.938
29.945,23.237
24.618,23.601
26.173,22.625
26.525,22.865
27.945,22.334
25.081,22.417
28.868,22.923
29.480,22.107
28.195,22.768
24.902,22.829
28.388,22.441
27.175,22.542
29.438,21.979
29.622,21.580
31.534,23.130
30.836,23.217
27.367,23.557
24.583,22.089
24.160,21.676
27.113,22.247
25.488,22.407
27.170,21.962
23.378,22.466
24.707,21.702
23.845,22.143
27.658,21.196
24.552,22.052
26.608,22.786
27.273,21.906
28.323,21.401
27.590,21.983
28.841,22.187
27.757,20.933
27.623,21.063
28.748,22.337
29.803,21.041
30.080,20.555
29.018,20.851
28.063,21.945
25.249,21.213
28.772,21.506
27.469,21.787
29.161,21.701
30.171,22.284
29.726,21.756
28.443,23.091
28.422,22.355
28.507,21.600
29.483,21.097
29.193,21.593
28.985,21.442
27.636,22.495
29.096,21.241
27.864,21.425
29.653,20.368
31.011,18.151
30.364,20.160
30.386,17.909
28.751,17.285
29.689,18.192
30.375,20.512
29.288,20.026
31.137,19.795
31.518,19.613
30.986,17.667
31.252,15.864
31.573,15.234
31.266,15.402
30.066,15.203
30.380,13.914
29.898,15.091
30.403,16.682
33.444,17.197
31.520,17.523
31.059,15.706
30.776,15.642
31.008,15.934
30.379,12.773
30.833,14.378
31.074,14.099
30.194,16.213
29.416,16.937
31.066,18.490
33.185,20.423
32.206,20.244
32.676,19.705
31.696,18.293
33.144,21.124
31.575,17.762
30.760,15.614
30.983,17.413
29.793,19.699
30.543,15.154
30.934,15.744
31.041,14.417
30.950,15.494
29.773,14.629
29.308,14.214
28.404,12.434
28.817,13.362
29.349,12.981
29.654,14.897
29.696,16.922
29.827,15.567
30.331,15.460
30.518,17.037
30.790,13.769
30.602,15.192
29.936,17.538
30.666,13.753
29.568,16.139
30.713,14.941
30.631,14.540
30.058,15.862
30.670,16.104
31.252,16.082
29.934,14.688
29.399,14.542
28.857,14.072
28.896,11.695
29.614,12.195
28.628,13.425
29.661,11.203
30.071,12.041
28.912,11.289
28.929,14.211
28.545,14.898
29.357,15.483
29.015,13.278
28.490,13.819
27.164,13.571
25.450,12.524
25.848,12.048
25.819,11.931
26.132,12.279
25.640,11.513
25.920,11.549
26.191,10.645
25.598,9.703
26.233,10.860
24.208,14.239
25.227,13.662
21.946,9.150
22.856,8.607
23.867,8.754
25.774,9.034
25.903,8.511
25.963,7.015
26.601,10.433
26.309,12.011
26.504,15.569
25.016,11.006
24.793,11.416
25.238,11.182
24.789,11.174
25.704,9.962
26.193,11.696
27.425,10.880
28.304,9.764
28.450,10.587
29.476,11.290
29.688,11.898
29.863,12.418
27.766,12.377
27.627,10.216
27.753,11.452
25.782,17.244
25.128,14.778
23.756,10.745
23.739,9.969
24.681,10.627
24.812,10.730
24.423,11.344
25.363,10.470
27.080,12.364
26.421,10.987
26.136,11.097
23.850,10.282
24.278,9.843
26.144,9.737
29.309,12.338
26.812,10.958
25.163,9.787
26.771,10.717
27.576,10.706
29.701,10.509
29.674,13.564
29.377,12.959
30.421,16.027
30.674,15.771
30.545,14.470
31.083,15.615
31.658,14.788
31.509,14.495
32.490,12.697
32.396,15.104
32.426,14.920
32.640,14.239
33.370,15.449
34.100,14.808
35.297,14.899
35.062,16.385
34.956,14.017
35.178,16.890
34.151,17.157
33.642,16.486
33.714,14.859
35.813,17.110
35.117,16.823
36.283,16.206
37.349,19.360
35.971,21.897
36.006,17.728
35.844,18.526
35.521,18.291
37.319,17.451
37.055,15.454
38.821,19.647
37.823,16.910
38.605,17.939
38.747,19.993
39.776,18.426
42.130,20.509
39.870,22.880
39.472,23.373
39.153,21.702
38.833,19.935
39.477,21.882
39.155,22.550
38.072,22.444
36.798,20.037
35.294,18.892
36.635,20.201
40.621,21.253
40.889,21.117
39.462,21.537
38.323,21.955
38.110,22.737
37.998,23.055
37.701,21.879
39.357,23.448
39.171,24.233
38.102,23.005
37.855,22.401
37.181,22.888
38.464,23.003
38.728,21.997
39.556,22.912
40.355,23.987
40.441,23.666
40.541,25.784
40.819,25.785
40.126,24.014
38.053,23.853
37.400,25.578
37.744,22.673
39.562,23.907
40.915,24.594
40.012,24.478
39.014,24.836
41.821,23.382
43.231,22.019
41.016,20.664
41.875,24.897
41.731,26.845
40.987,25.338
40.059,25.592
39.173,24.394
42.174,22.395
43.758,24.237
45.659,24.374
42.227,26.225
41.193,27.094
40.117,28.245
40.021,28.954
40.201,29.943
39.432,29.557
30.711,27.532
38.174,26.243
37.294,26.657
37.335,26.332
38.047,26.611
38.321,26.607
41.462,28.067
41.038,27.558
41.034,26.370
40.251,25.341
39.835,25.590
39.561,25.793
38.841,25.554
39.277,25.539
39.572,24.624
39.517,24.802
41.427,26.107
41.726,26.893
43.381,27.428
45.161,28.744
42.660,29.052
42.866,29.307
42.546,28.497
41.792,28.582
40.768,28.151
41.877,28.524
38.281,28.862
34.091,26.719
38.930,27.938
34.314,27.452
37.013,27.042
37.298,27.029
40.096,28.336
36.374,26.246
36.109,25.598
32.448,25.073
29.767,24.870
29.663,24.227
31.493,23.732
33.136,22.754
31.431,24.160
35.511,24.409
35.355,24.723
35.843,24.565
34.637,25.038
34.768,23.961
34.823,24.292
35.400,24.591
36.144,24.957
35.844,24.501
34.624,24.573
34.814,24.835
33.122,24.383
36.654,24.708
33.411,24.611
28.483,25.075
28.637,24.251
24.575,23.100
30.094,23.194
30.960,23.391
31.382,23.033
31.725,22.741
34.596,24.323
34.397,23.417
36.328,23.648
36.324,24.859
36.328,24.992
32.290,24.159
30.026,23.973
32.361,22.584
30.557,23.450
33.131,22.742
33.809,23.470
37.978,22.556
35.449,23.572
28.342,24.297
32.564,23.620
25.303,22.691
27.758,23.017
29.430,23.063
28.292,23.680
25.064,22.332
24.514,21.538
26.117,22.042
32.115,22.313
32.168,23.682
28.870,24.120
26.260,23.457
23.975,22.723
24.678,22.193
23.789,22.396
24.675,22.106
24.532,22.368
23.467,21.433
23.041,20.986
23.879,22.105
24.573,22.483
23.357,21.783
24.929,21.579
25.082,21.903
25.754,22.200
26.926,22.769
28.501,22.515
26.917,23.598
23.478,22.030
22.366,21.488
25.983,22.166
28.353,21.720
28.279,21.976
29.114,21.227
28.937,20.870
28.988,21.389
28.048,21.200
27.744,20.224
30.467,19.760
28.827,21.235
29.224,20.575
29.682,20.578
31.232,21.930
32.408,21.779
32.513,21.871
31.748,22.292
30.175,21.937
29.420,20.958
30.351,20.625
29.988,20.846
29.124,20.484
29.156,19.932
31.592,19.575
31.633,20.922
29.972,22.103
30.263,22.074
30.497,21.953
30.061,22.077
32.639,22.941
31.715,22.520
32.824,20.996
31.803,21.233
30.435,21.950
31.635,21.449
34.287,21.431
32.149,23.470
31.505,21.757
34.111,21.656
31.300,21.769
30.586,21.376
31.610,22.416
28.239,22.377
28.838,22.629
30.138,20.719
30.664,19.853
31.300,19.737
28.268,20.373
25.668,21.349
30.090,17.106
30.951,18.270
31.529,18.756
30.059,15.786
29.472,14.862
28.869,14.725
29.467,12.450
30.022,14.936
29.494,14.518
30.273,14.498
30.329,15.160
30.135,13.820
30.741,14.842
31.432,14.470
30.358,16.133
31.198,15.485
29.988,13.921
29.887,14.683
29.331,15.809
29.363,16.212
30.044,18.616
29.847,16.463
29.666,15.147
29.107,16.115
28.395,15.006
29.054,15.346
29.950,15.996
30.678,16.474
31.354,16.647
31.429,19.102
30.613,19.424
30.085,18.785
32.298,17.131
31.945,18.357
32.319,17.865
30.403,15.896
29.864,15.413
30.342,14.022
30.640,16.091
30.141,15.219
31.385,14.917
30.059,13.895
30.205,14.042
30.005,13.017
29.564,12.749
29.300,14.888
28.968,15.045
29.786,15.492
28.834,14.969
27.269,12.342
27.721,10.041
27.646,12.762
27.724,13.569
27.453,12.521
27.959,11.308
28.863,11.771
28.314,14.341
28.526,13.729
29.706,13.953
29.382,13.837
28.586,14.228
27.651,12.515
28.094,12.816
28.298,12.843
29.146,12.794
29.159,13.102
28.867,12.450
28.261,13.316
27.671,11.028
26.998,10.883
26.944,12.054
27.245,11.579
26.001,11.815
26.387,12.947
25.917,13.357
24.996,11.754
26.793,11.945
28.306,14.184
27.957,13.607
28.382,16.425
28.767,15.575
25.315,16.097
26.859,12.914
26.915,12.041
27.328,15.785
29.336,13.470
28.854,17.287
26.407,11.291
26.340,11.225
26.964,10.590
25.562,11.030
24.186,10.569
24.886,10.473
26.228,9.792
27.311,9.257
28.532,9.834
28.534,11.924
24.328,10.037
21.861,8.243
22.734,8.947
24.147,9.136
27.004,9.978
27.969,11.626
24.980,11.115
25.932,10.822
27.476,11.597
27.150,11.344
28.092,10.678
24.335,13.017
25.402,11.357
23.954,12.068
20.270,13.679
23.377,9.737
24.450,9.384
25.908,10.067
27.586,10.260
28.311,10.889
30.056,12.260
29.065,12.662
29.860,13.585
31.931,17.501
32.280,15.830
32.679,13.836
32.416,12.836
32.362,17.076
32.932,14.239
32.000,17.672
29.708,16.824
27.902,15.341
26.307,13.274
26.060,10.294
27.367,9.224
25.854,11.329
27.202,10.561
29.259,11.053
32.199,12.487
32.776,14.184
33.491,16.131
34.734,15.197
31.489,16.133
34.126,21.728
35.742,22.906
35.146,21.417
35.553,22.918
34.162,17.638
34.260,18.981
33.123,22.192
30.474,19.210
28.099,18.966
30.349,15.112
30.323,15.343
31.546,16.242
33.093,16.590
35.734,15.706
36.247,15.634
38.718,18.830
38.886,20.926
37.830,20.488
38.256,19.851
37.463,20.496
36.769,21.766
32.943,20.304
33.633,17.463
33.227,17.163
36.361,17.228
37.100,17.791
36.316,20.406
36.656,19.902
36.456,19.599
35.803,19.019
35.481,20.116
37.899,19.940
40.009,19.846
39.822,20.474
41.121,18.339
41.621,20.543
39.785,20.640
38.920,20.914
37.450,20.889
35.645,18.453
34.463,17.795
38.213,16.833
37.222,18.740
38.698,20.561
36.545,21.862
38.987,22.849
39.658,24.319
39.609,22.691
39.209,21.912
42.617,22.211
40.922,23.086
44.187,25.151
40.150,24.728
38.039,27.720
37.861,24.603
37.951,22.182
38.862,23.291
38.882,24.083
39.385,23.419
37.760,22.820
38.196,23.507
37.868,24.853
37.300,25.391
38.924,26.177
36.482,23.089
39.142,25.905
37.882,23.763
40.044,25.633
39.782,24.951
39.197,26.056
38.613,24.767
37.865,23.274
38.523,22.664
39.942,23.571
41.250,24.481
41.276,25.284
41.876,26.135
40.601,27.348
40.056,25.641
40.964,26.261
42.809,27.708
43.360,28.473
41.857,28.708
41.537,26.373
42.177,27.748
42.171,28.821
40.885,27.744
41.102,26.125
38.527,27.714
39.378,26.665
39.441,28.089
42.020,26.261
42.419,26.732
41.819,28.001
41.018,29.322
41.200,26.810
42.287,27.166
42.006,29.011
40.451,26.228
37.801,26.615
41.549,26.992
42.458,27.731
41.791,28.368
41.435,27.935
39.381,28.681
39.497,28.770
39.828,27.642
37.149,28.627
39.278,27.930
41.327,28.300
37.885,28.867
40.792,27.718
37.202,28.803
37.864,27.380
37.200,26.071
34.389,25.777
33.532,25.234
32.115,24.305
30.589,24.190
24.891,23.285
29.377,22.925
30.653,23.664
28.415,23.399
28.101,22.747
26.994,23.929
29.422,23.677
26.979,23.610
27.713,23.062
26.770,23.309
26.546,23.135
29.633,22.750
29.873,23.313
30.060,23.690
25.779,23.405
31.806,22.948
26.416,23.731
26.033,23.291
30.183,23.536
30.705,22.561
31.560,23.307
31.505,23.972
29.809,23.345
31.838,23.433
33.516,23.071
34.520,23.592
31.329,23.248
25.563,23.369
30.214,23.235
29.630,23.632
23.867,22.056
23.545,21.641
26.398,22.097
30.537,22.653
26.102,23.952
25.021,23.239
24.859,22.744
26.556,22.780
26.108,22.370
23.701,22.274
27.362,22.451
26.229,22.701
26.075,22.063
27.535,21.382
26.502,21.913
29.493,21.909
32.223,21.379
29.284,23.296
29.116,22.262
25.591,21.766
26.594,22.656
26.928,22.438
29.485,21.988
28.771,22.131
28.254,22.211
28.884,22.048
28.930,20.837
28.857,21.089
29.052,21.381
29.168,21.723
30.523,21.753
31.296,21.511
33.186,21.814
30.998,21.194
32.850,20.833
33.661,22.387
34.726,23.050
34.862,24.062
34.474,22.244
32.056,23.177
34.926,22.540
31.105,23.594
32.193,23.316
29.518,23.472
30.040,23.554
28.721,22.285
28.998,22.736
28.238,23.174
27.454,23.144
25.286,22.127
25.060,21.991
25.972,21.604
24.339,22.249
25.628,22.424
28.102,22.680
30.067,22.696
27.059,22.828
25.782,22.743
23.273,21.181
28.109,21.401
27.365,21.046
28.065,19.236
28.833,18.043
29.333,19.389
31.275,19.474
32.021,20.805
32.151,19.708
30.928,17.503
32.915,18.629
32.237,18.195
31.772,17.595
32.079,18.913
32.370,16.364
33.181,17.234
32.320,21.402
32.643,21.304
32.268,19.567
32.062,20.628
31.979,19.731
29.070,20.920
29.742,20.288
32.459,19.225
32.151,19.060
31.845,18.687
32.122,17.558
29.964,15.626
29.856,17.053
30.171,18.815
29.996,19.007
31.079,19.118
32.560,18.769
31.083,17.902
31.506,16.441
30.861,14.240
32.049,15.187
30.477,13.487
30.602,12.403
30.178,14.660
30.539,16.227
30.339,16.496
29.887,14.338
29.498,14.941
30.294,15.207
29.168,15.052
28.627,14.004
29.229,13.878
29.424,13.310
29.985,13.398
31.703,11.123
30.494,12.390
31.252,14.383
31.351,11.516
32.090,15.529
30.896,12.463
31.233,12.927
30.948,15.368
31.523,14.782
30.406,14.992
29.911,12.191
29.359,11.944
29.433,11.438
29.602,12.594
29.379,12.570
29.947,13.842
29.602,11.757
28.828,11.463
26.229,14.207
27.360,16.490
29.592,18.438
28.442,16.736
28.424,14.126
29.593,13.786
28.745,13.000
28.467,13.020
26.977,12.233
26.765,12.423
25.988,11.738
26.128,11.254
26.743,11.542
26.588,11.340
26.576,11.340
26.165,11.597
25.752,11.139
25.777,11.171
25.774,10.886
27.005,10.776
27.546,8.782
27.346,11.940
25.523,11.792
24.123,11.590
23.828,10.139
24.417,9.324
26.139,9.034
27.338,7.422
27.155,10.577
27.063,9.903
27.311,9.210
27.470,10.796
27.357,13.154
26.625,11.563
26.550,12.100
26.431,12.543
26.580,12.887
26.109,13.285
26.649,11.298
27.764,11.321
29.169,10.476
29.333,12.441
29.517,9.169
29.786,13.005
28.959,13.596
29.946,12.277
30.941,11.681
30.914,14.588
31.038,13.239
29.261,14.448
29.109,13.751
27.107,13.228
28.147,11.849
24.713,9.866
24.719,10.423
24.393,9.957
25.948,9.793
26.735,10.784
28.522,11.729
29.312,11.474
30.902,14.169
31.962,12.826
32.069,14.238
31.641,15.932
32.235,16.098
31.334,15.563
30.889,12.107
31.566,12.266
30.774,12.625
30.635,10.021
30.694,11.125
32.103,13.335
32.473,14.517
32.999,14.951
33.467,15.750
34.483,16.840
33.585,16.729
33.232,16.658
33.752,16.172
35.369,17.234
36.429,17.481
36.226,19.359
36.562,17.044
36.406,19.948
36.453,19.169
37.396,19.983
36.705,15.885
36.837,20.733
36.017,19.799
32.618,22.279
30.429,20.136
29.982,20.446
32.918,16.978
30.694,19.881
33.338,14.250
33.555,14.609
33.701,16.545
33.762,17.198
27.936,16.279
22.778,15.555
25.239,14.688
28.481,15.714
29.994,14.634
29.596,17.221
27.617,18.888
29.216,17.225
30.773,16.953
31.572,17.064
33.811,20.482
34.994,20.201
36.987,20.511
33.855,18.619
37.292,16.026
36.615,19.551
36.369,19.415
34.997,20.682
35.970,17.312
35.175,17.394
37.947,19.722
36.483,18.734
38.212,18.949
37.109,20.019
37.086,22.027
37.064,21.158
37.770,21.803
38.548,22.094
39.350,23.662
39.628,23.948
39.286,22.287
38.590,21.711
38.583,22.341
38.609,21.937
37.946,21.510
38.590,20.868
39.138,22.815
38.993,24.426
37.412,24.245
36.036,23.772
36.188,21.209
36.922,20.166
38.565,23.011
42.264,24.291
40.798,24.765
38.537,26.795
38.093,23.452
39.411,23.732
41.607,24.633
40.039,24.352
41.018,25.325
41.010,25.400
41.805,26.299
41.273,27.297
41.811,27.189
41.984,26.894
44.242,26.157
47.132,25.777
43.109,27.849
42.394,26.632
42.041,26.197
42.059,27.411
41.083,27.563
41.563,26.530
40.071,27.303
41.582,25.625
41.246,25.990
40.956,26.834
40.791,26.778
43.071,27.870
42.738,27.964
38.376,29.011
38.774,26.886
36.422,26.060
38.471,27.178
38.925,26.661
39.193,27.261
40.909,27.393
40.643,27.091
41.531,27.552
42.616,28.281
42.055,28.695
43.076,29.393
38.782,30.073
37.261,27.909
30.723,25.701
34.615,24.526
33.848,24.242
36.653,24.508
36.208,24.772
37.826,25.042
37.494,26.130
38.502,26.951
38.563,26.886
31.931,27.209
37.476,24.992
36.857,25.836
37.701,24.941
39.208,25.860
39.848,26.306
38.560,25.200
39.224,27.508
33.649,27.791
38.407,27.335
37.764,27.658
38.361,27.622
41.040,28.021
38.456,27.940
35.404,27.720
34.480,25.772
34.075,25.987
33.008,25.706
34.578,24.939
31.515,25.098
35.999,23.814
36.914,23.763
34.352,25.502
29.887,25.105
31.350,24.260
25.617,23.853
28.057,23.457
30.426,24.035
27.955,23.642
27.877,23.433
26.508,23.537
24.420,23.468
26.372,23.103
32.499,23.052
32.473,23.509
33.674,23.686
29.205,23.472
27.446,23.618
23.623,22.080
23.745,22.425
26.180,22.594
26.384,22.789
27.778,22.385
28.910,22.528
28.325,22.834
30.190,22.328
27.848,23.031
26.524,22.265
25.758,22.606
26.936,23.205
23.834,22.155
24.644,21.558
25.769,21.626
27.836,22.009
25.762,22.517
27.788,22.666
27.497,22.777
25.582,22.559
24.201,22.271
24.508,22.218
23.156,22.274
22.846,21.987
24.350,22.387
27.490,22.625
27.934,22.076
26.579,21.896
27.364,23.148
27.204,22.530
23.328,22.143
23.476,21.465
25.313,22.206
25.012,22.172
24.041,21.907
27.665,21.417
27.838,21.210
25.361,20.281
24.885,21.358
27.611,21.493
23.785,21.775
25.525,21.130
28.919,20.793
22.737,20.676
22.408,20.670
26.229,21.036
26.810,21.547
28.633,21.621
29.505,21.470
26.600,21.854
27.306,21.837
28.894,21.611
29.931,19.010
30.874,20.740
29.944,21.408
29.855,20.372
31.412,20.156
31.439,20.486
28.913,22.276
28.910,22.410
30.604,22.396
29.283,22.338
31.154,21.338
29.216,23.321
29.315,22.968
27.083,23.119
29.291,22.937
29.904,22.753
29.121,22.210
29.629,22.184
29.417,21.175
29.165,22.135
31.542,21.830
31.188,21.680
29.317,21.012
31.039,22.876
31.328,21.684
32.870,19.800
32.596,20.697
31.904,20.172
30.924,19.007
30.373,16.557
31.284,17.572
32.740,17.408
32.252,18.264
31.639,19.634
31.532,15.092
33.486,15.460
29.698,22.852
33.116,17.767
34.093,16.856
33.852,21.219
33.727,18.615
31.756,18.788
32.766,17.707
33.637,17.666
32.902,19.171
31.672,19.346
31.682,17.521
31.047,17.853
32.810,17.729
30.471,17.071
30.246,17.747
30.671,19.250
29.833,21.724
30.713,19.046
29.962,18.472
29.695,17.576
31.236,21.097
31.524,18.047
30.190,16.518
31.366,15.550
27.140,17.627
30.274,16.050
30.543,16.452
29.047,16.316
29.142,15.514
29.988,15.040
29.312,15.563
29.064,15.667
29.124,14.924
29.248,14.886
29.615,14.456
29.146,11.970
29.634,11.284
29.064,14.771
25.563,15.813
29.999,13.195
29.464,14.519
29.094,15.579
29.456,14.530
28.568,13.860
29.700,14.229
28.003,16.987
30.665,17.882
22.763,16.521
28.885,15.252
30.064,16.194
29.894,17.036
29.570,14.689
29.792,15.758
29.258,15.284
29.062,14.617
28.630,13.800
28.445,12.071
27.824,13.032
26.721,12.899
27.923,12.872
29.324,13.755
29.449,13.177
29.331,14.555
28.479,15.106
28.002,13.696
27.732,13.507
27.492,13.081
27.197,11.127
27.610,13.374
27.767,13.294
27.917,12.707
27.946,13.855
28.995,14.192
29.014,19.248
26.797,14.193
27.865,13.583
27.735,12.812
28.073,12.342
26.229,12.599
25.629,11.141
26.532,11.368
27.016,11.894
27.120,11.454
26.617,12.255
25.580,11.649
26.581,11.808
28.008,11.999
27.552,11.068
27.095,12.991
27.522,12.074
27.547,12.832
26.821,12.190
28.203,11.677
28.200,10.778
26.090,11.898
27.120,12.436
28.833,11.530
28.871,10.213
26.859,12.493
27.715,12.587
28.044,13.541
29.020,14.099
30.237,14.251
31.282,14.242
31.175,13.302
31.120,13.139
30.930,20.177
29.279,16.546
31.182,18.761
31.233,16.360
31.275,15.383
31.985,15.716
30.887,16.300
31.015,14.977
30.520,15.643
29.221,15.989
30.629,13.756
31.229,15.169
27.548,16.322
30.070,16.962
28.629,14.626
24.610,13.333
24.310,12.061
26.784,14.443
27.130,14.793
28.223,14.334
29.589,14.116
30.631,15.255
31.745,15.500
31.931,15.536
32.445,16.787
33.750,16.848
33.412,18.004
31.441,20.798
31.743,15.545
32.949,14.562
32.999,16.656
30.362,16.472
30.883,17.500
31.227,15.747
32.979,16.175
33.746,17.204
34.016,16.507
33.078,16.870
33.072,16.083
32.809,15.397
33.093,17.825
34.547,16.745
31.874,22.196
28.217,18.285
32.533,18.100
31.121,15.906
35.077,16.351
35.777,15.932
37.788,16.571
39.247,21.161
36.950,22.753
36.122,22.093
36.182,20.224
37.345,21.097
37.254,20.281
35.822,20.020
39.285,19.095
40.471,20.548
41.716,20.238
41.959,19.519
41.501,19.501
40.451,22.612
39.913,25.365
39.530,24.047
39.319,22.836
42.503,21.786
41.493,21.571
41.359,20.714
41.319,24.535
39.021,23.295
39.298,23.656
39.304,21.534
39.731,22.491
39.932,24.132
39.711,23.523
41.283,24.112
41.585,28.120
41.728,26.624
42.675,25.780
42.656,24.710
40.069,26.969
42.493,26.463
39.070,26.303
39.070,24.646
39.238,24.142
39.171,23.111
41.668,24.731
41.435,25.599
42.425,26.002
43.181,27.404
40.735,26.562
43.882,31.219
44.865,30.035
45.349,30.940
43.101,30.036
42.633,28.548
44.498,25.889
42.699,28.430
41.437,28.067
39.944,27.054
41.688,25.309
42.029,26.393
41.496,26.680
41.175,26.710
40.983,26.034
40.369,26.052
39.890,26.121
39.955,25.768
40.980,26.456
41.152,26.538
40.204,26.578
39.262,26.730
36.442,25.260
39.085,25.392
39.105,25.262
40.167,25.098
39.167,26.069
39.456,25.782
40.264,25.780
36.610,26.549
36.735,24.890
36.102,26.262
44.820,26.493
41.183,29.896
40.106,29.191
32.993,28.828
35.424,26.205
37.553,27.478
38.214,26.904
41.272,27.696
42.051,28.780
41.939,29.411
40.292,28.783
40.094,27.545
41.139,27.722
41.318,28.496
34.158,28.220
32.341,25.994
33.112,25.136
37.747,26.142
36.844,26.247
37.802,25.887
35.407,26.096
37.230,25.710
37.310,27.086
34.955,26.927
28.996,25.091
27.833,24.155
31.285,23.012
30.677,24.099
31.267,23.923
34.057,24.573
31.222,25.117
28.593,24.397
26.070,22.865
25.017,22.840
24.859,22.511
25.691,23.005
24.109,23.291
23.749,22.596
25.472,22.578
23.142,21.806
23.200,22.060
23.732,22.017
29.335,22.456
29.066,23.188
28.715,23.306
27.413,23.118
29.718,23.095
29.675,23.414
31.533,22.698
32.179,23.058
30.607,22.334
29.648,22.110
31.726,22.577
34.284,23.008
30.941,24.144
29.822,23.791
30.092,22.658
28.002,23.847
28.235,23.431
28.537,23.187
29.391,23.139
30.328,23.450
30.649,23.427
28.500,23.155
26.899,23.333
26.362,22.888
26.210,22.835
26.923,23.036
27.767,22.831
24.894,22.274
24.697,21.566
26.036,22.818
25.301,21.826
26.660,21.642
24.961,22.544
23.754,22.081
26.749,22.264
26.658,22.481
26.304,22.939
26.604,21.827
27.980,21.897
28.553,22.171
23.250,22.238
27.688,21.769
28.290,20.796
29.253,20.696
30.127,21.568
31.596,22.589
30.076,23.935
29.716,23.713
25.748,22.808
26.781,22.357
27.119,21.998
28.697,22.366
28.895,22.726
28.215,23.282
28.452,23.204
28.431,22.683
24.921,22.975
25.361,22.516
28.075,21.671
28.072,20.977
28.715,21.009
29.360,20.157
29.711,19.458
29.118,20.701
30.061,20.842
29.167,20.564
30.274,20.710
30.175,21.006
31.761,22.753
29.882,23.144
29.238,22.787
29.307,22.533
27.803,22.787
29.273,22.190
29.104,20.291
30.574,19.968
28.361,21.300
28.099,21.765
28.201,21.060
31.345,20.873
30.732,20.040
31.307,19.767
31.396,18.540
32.225,18.622
30.586,18.841
30.623,20.729
31.227,19.008
31.236,19.662
32.339,17.494
32.747,17.472
32.390,16.062
31.658,17.087
28.211,19.844
31.466,18.147
31.675,14.733
32.326,15.623
33.234,14.529
31.964,14.759
31.990,14.312
31.792,16.135
32.732,13.739
31.805,13.518
32.529,13.893
31.580,14.624
31.947,14.026
31.535,17.237
31.251,17.310
32.214,16.863
32.771,18.066
32.188,18.036
30.926,17.058
31.937,17.547
32.837,21.708
32.902,22.600
32.881,21.767
33.082,19.917
34.274,20.763
33.396,16.898
34.776,16.286
34.433,17.063
32.713,16.701
31.446,19.039
31.234,19.783
32.012,16.963
32.271,20.443
31.816,16.825
30.670,17.723
30.587,15.815
29.413,15.735
29.204,14.181
28.831,15.045
28.915,14.523
28.960,14.004
29.273,13.379
30.097,12.878
29.161,14.056
28.923,13.806
29.341,14.721
28.603,12.399
28.819,10.331
28.611,11.159
29.397,14.852
27.953,15.256
21.934,15.000
26.828,14.127
26.973,15.253
26.412,13.283
26.627,14.147
27.470,13.449
26.127,12.562
26.811,11.767
28.442,13.141
28.121,14.994
27.064,16.523
21.979,14.362
25.951,14.576
22.097,12.951
27.353,13.321
26.229,13.088
26.607,12.139
26.517,12.279
28.725,13.609
30.467,14.187
30.534,15.139
30.180,11.926
30.173,12.127
30.154,15.327
29.148,14.715
29.834,14.729
28.019,13.700
27.898,11.615
28.205,12.487
29.034,12.979
28.316,12.114
26.995,11.084
27.026,12.171
28.132,13.324
28.277,13.747
28.865,11.420
28.886,12.805
28.143,13.042
28.568,11.160
29.296,12.734
26.664,13.088
28.918,12.928
28.073,12.930
28.223,13.374
28.364,12.762
29.339,12.999
29.757,12.860
28.918,13.876
25.633,10.412
26.903,10.565
25.250,10.509
25.937,10.218
24.720,7.854
23.188,8.689
24.686,7.822
22.126,7.602
23.026,8.889
24.945,8.186
27.234,9.935
23.652,11.657
23.419,9.383
23.264,9.080
25.653,8.247
24.185,13.805
23.795,6.027
23.697,5.579
23.982,7.169
24.129,7.385
24.268,10.758
23.156,8.067
24.373,7.611
26.310,11.430
26.896,10.726
27.250,10.297
29.075,11.731
30.688,13.073
31.598,13.781
31.899,13.676
33.172,13.786
32.897,15.322
32.226,14.101
32.436,13.594
32.543,12.686
32.618,13.108
31.646,14.684
31.830,13.783
31.471,14.858
33.533,13.656
33.398,14.728
35.474,13.195
34.532,13.514
34.362,16.328
34.594,16.758
34.517,16.248
35.297,16.282
36.120,18.317
36.147,18.362
35.918,19.099
37.823,16.128
35.834,19.786
36.700,19.303
36.029,23.256
36.196,20.484
35.966,22.292
36.964,22.330
37.391,18.670
37.358,20.349
37.804,17.638
37.298,19.949
37.085,19.321
37.244,17.145
37.948,18.036
35.538,23.302
34.292,21.376
36.575,20.544
40.136,19.599
38.918,22.688
38.992,20.083
38.501,23.913
36.036,22.286
34.386,22.135
35.344,18.434
35.840,20.337
34.372,19.249
33.847,18.177
33.871,20.645
36.034,20.882
34.359,20.968
37.291,19.824
38.300,18.137
40.376,19.421
43.015,20.643
40.324,24.186
39.384,24.132
39.604,24.501
40.079,23.553
39.103,23.005
39.660,23.542
41.626,23.076
40.053,22.560
40.885,23.193
39.703,24.751
41.364,25.080
44.432,26.754
45.884,25.308
43.112,26.459
42.871,27.025
41.745,27.289
42.128,25.669
41.255,25.478
41.090,26.736
40.956,26.415
38.914,24.398
40.569,24.950
40.098,24.856
39.392,24.985
37.716,24.661
38.585,25.254
39.710,27.447
39.725,26.127
38.062,25.316
37.929,25.587
40.001,25.415
40.511,25.165
40.749,26.475
40.034,26.682
39.292,26.291
39.669,25.771
39.604,25.272
39.543,24.492
39.335,25.735
38.148,25.384
39.175,25.624
40.169,26.180
41.035,27.144
41.449,25.591
41.371,26.568
40.700,28.135
40.812,27.728
40.923,27.372
39.977,27.104
38.919,27.122
40.006,26.753
37.113,27.817
39.057,28.379
39.186,27.095
37.941,28.002
32.884,26.977
34.245,24.869
35.829,25.660
28.634,24.026
27.347,23.549
30.857,23.404
29.671,23.355
31.375,22.937
29.777,23.974
26.909,23.440
31.188,23.918
27.438,23.804
33.686,23.177
30.142,24.560
25.556,22.348
29.688,22.551
33.141,24.080
33.535,24.276
35.362,25.219
27.798,23.965
28.768,23.626
26.927,23.536
26.941,22.950
27.708,22.768
26.996,23.549
30.191,23.037
27.283,23.396
26.417,23.114
27.888,23.546
27.772,22.959
32.941,23.903
29.225,23.937
31.096,23.394
26.023,23.348
23.691,22.614
23.207,21.696
25.895,21.673
28.685,22.306
29.370,23.012
30.797,23.030
32.077,23.371
33.469,22.859
31.555,23.426
31.046,23.384
31.503,23.164
33.718,23.512
34.410,23.733
34.578,23.577
33.786,24.673
32.819,24.315
25.003,23.551
24.593,22.714
28.955,22.020
25.991,22.713
28.673,22.563
27.815,22.407
29.840,22.130
28.030,22.324
28.596,22.733
28.426,23.061
27.240,23.509
25.562,23.431
26.795,22.262
24.588,22.089
26.970,22.458
28.192,22.087
28.897,22.979
25.394,22.810
25.529,22.123
24.115,22.975
27.317,22.481
26.555,22.633
30.027,21.949
26.850,21.223
26.159,22.300
29.914,21.473
30.610,20.490
30.172,19.520
31.270,19.626
32.587,21.853
26.419,22.904
28.160,22.663
24.997,21.878
29.728,21.559
30.732,21.192
31.310,20.010
31.614,20.792
34.140,21.376
33.478,22.084
33.521,22.548
30.675,23.498
29.837,23.300
29.565,22.779
25.159,22.376
27.438,22.545
29.653,22.111
29.597,22.811
28.777,22.821
29.282,23.587
29.780,23.166
28.389,22.067
25.558,22.238
28.923,21.346
27.260,21.847
27.630,22.045
27.392,22.223
28.749,23.191
28.469,22.531
30.397,20.981
30.370,21.116
32.517,19.774
30.955,20.397
31.225,20.061
30.980,18.392
30.631,18.341
31.071,17.791
31.603,17.408
33.230,19.608
32.318,22.522
34.854,22.881
35.706,22.003
36.039,22.369
35.648,20.617
33.157,21.878
32.011,20.454
32.707,21.121
34.875,19.904
34.876,19.356
34.380,18.678
36.537,17.070
34.968,18.559
34.281,19.069
33.911,21.051
33.616,23.295
33.438,22.001
33.099,19.022
32.391,17.790
32.771,18.145
32.892,18.222
32.711,17.921
33.112,18.032
32.717,17.279
33.688,15.078
33.217,14.138
34.913,17.252
34.330,17.506
34.118,17.498
33.286,18.444
34.304,16.974
33.802,16.163
33.828,15.007
32.701,17.389
33.953,16.069
33.286,16.861
32.675,18.184
32.075,17.234
32.221,16.753
30.873,16.231
30.272,16.639
30.828,14.642
31.323,16.857
31.108,17.924
30.854,17.492
30.797,16.829
26.944,21.389
29.466,19.084
28.621,19.819
29.190,20.678
29.234,17.211
28.267,14.537
28.602,14.229
28.531,13.836
28.797,13.375
29.455,13.437
28.549,14.253
27.628,14.658
29.469,14.887
25.655,17.108
26.700,18.735
30.347,17.130
30.073,16.337
31.438,16.760
31.189,17.431
31.206,17.642
30.911,17.369
30.297,15.793
30.807,15.418
31.087,15.577
30.867,16.191
30.442,15.905
30.783,16.351
30.765,16.321
29.973,15.723
29.817,16.247
30.050,16.755
30.782,16.954
29.715,16.492
27.379,17.465
24.802,16.377
23.098,15.265
29.012,13.310
27.594,11.662
28.378,11.049
28.437,9.304
27.601,9.248
26.655,9.145
27.290,8.317
27.652,8.926
27.873,12.061
27.059,12.182
27.479,12.291
28.521,11.905
28.175,13.080
27.272,12.676
26.161,12.212
18.897,12.730
21.018,14.032
24.844,15.397
28.077,16.051
28.397,16.285
29.582,16.293
29.327,14.809
29.644,16.508
29.139,16.699
29.942,17.625
29.737,16.127
30.050,14.364
30.047,15.676
30.632,15.724
26.935,16.618
31.026,15.772
31.441,14.747
31.778,14.841
33.143,14.192
31.829,13.743
30.536,14.130
30.640,13.566
31.069,13.719
32.836,14.732
31.757,15.411
30.216,13.205
30.765,13.729
30.577,10.815
31.226,13.383
30.204,12.821
29.847,13.230
31.045,13.973
32.460,14.457
32.391,14.593
30.938,14.230
28.072,12.108
28.795,12.025
30.188,12.466
30.872,13.962
30.550,14.403
31.512,15.332
32.787,15.916
33.510,17.451
34.641,17.367
33.520,17.849
34.343,18.972
34.442,18.745
35.494,17.131
34.265,17.948
34.784,18.213
35.979,17.076
36.213,18.009
35.644,18.985
36.884,16.560
37.758,19.224
39.109,20.525
37.814,19.214
36.619,20.006
36.768,17.894
34.812,16.588
35.499,16.006
35.506,20.940
35.971,19.134
38.683,19.775
37.513,19.053
36.310,19.562
33.523,21.200
36.811,17.949
36.173,15.685
36.147,18.908
36.124,19.943
36.963,20.222
36.502,20.251
34.712,18.508
33.760,16.717
35.862,20.401
36.311,22.377
36.992,21.294
37.046,20.631
35.032,16.520
36.418,18.183
37.687,21.411
38.518,22.415
38.272,22.732
39.083,21.456
42.400,23.890
40.035,24.057
40.299,23.928
39.450,24.149
33.808,22.393
36.980,20.349
35.712,23.685
36.198,19.672
38.812,20.742
39.141,21.786
40.662,19.119
43.341,21.706
42.447,21.960
40.209,26.365
39.544,26.892
39.220,27.160
42.593,23.188
45.428,22.860
42.323,25.147
39.464,25.333
39.197,23.551
40.092,23.388
42.252,23.029
41.024,27.603
42.929,25.424
44.363,22.677
44.284,24.988
44.698,28.105
44.571,27.784
43.060,27.656
41.838,27.782
42.004,26.109
40.304,24.873
40.326,25.488
40.139,26.365
40.650,25.699
41.937,27.364
41.696,27.222
41.082,26.057
40.148,25.995
41.828,25.897
42.247,27.279
42.181,28.577
43.436,27.222
42.234,27.204
43.624,27.514
39.132,28.466
39.671,28.231
39.468,27.358
42.955,27.655
41.166,28.205
40.278,27.920
39.634,27.055
39.828,27.258
40.739,26.116
40.871,26.548
42.619,27.417
41.534,27.864
40.824,26.718
40.158,27.255
39.642,28.065
40.035,27.197
39.741,27.589
40.457,27.150
39.526,27.223
39.484,27.309
39.307,26.467
39.774,26.864
39.866,26.489
40.827,26.216
39.688,26.561
39.783,26.544
40.041,26.991
40.174,27.061
39.495,26.365
39.904,26.156
40.589,27.221
39.660,28.417
39.442,27.313
42.075,27.878
38.239,26.572
38.774,27.013
41.158,27.418
38.865,26.299
39.255,26.014
36.715,25.979
34.993,25.736
28.867,23.939
32.247,23.982
34.029,24.472
34.801,24.412
33.861,25.557
31.362,24.846
30.699,24.303
35.890,23.766
39.915,24.996
39.292,25.949
37.681,26.141
27.876,23.242
31.322,23.169
31.633,23.196
30.821,24.046
29.395,24.141
26.382,23.568
31.166,23.095
28.788,24.041
27.318,23.678
26.816,23.057
28.394,22.387
30.661,23.246
27.575,23.621
28.184,23.646
25.133,22.490
23.862,21.901
24.620,22.375
24.707,22.953
25.567,22.937
24.701,22.591
25.277,23.229
26.233,23.510
24.967,22.899
27.021,22.777
26.565,22.858
30.078,23.021
28.999,23.075
29.583,22.572
25.979,22.690
26.855,22.617
27.818,22.666
26.352,22.921
23.657,22.573
30.854,22.651
24.935,21.243
22.874,21.473
24.870,22.344
28.492,22.066
29.292,22.190
30.719,21.869
31.081,22.488
32.510,22.317
29.841,22.904
29.346,22.237
30.491,21.802
31.972,22.093
33.030,22.065
31.820,22.673
27.226,22.923
24.254,22.108
24.454,22.110
25.147,22.338
27.560,22.186
28.946,22.161
29.872,21.263
27.706,23.230
25.252,23.376
27.484,23.027
27.651,23.396
28.759,23.013
27.808,22.094
29.721,22.421
26.774,23.145
28.487,22.398
29.880,22.043
30.817,21.188
31.605,20.400
31.397,21.317
31.214,20.870
30.492,19.598
32.351,19.562
32.115,20.669
33.071,22.218
33.315,21.516
33.978,21.654
34.714,21.805
35.448,22.264
34.705,21.849
34.088,22.522
33.765,22.617
34.389,22.491
34.301,23.951
35.278,21.950
32.310,22.962
35.271,23.422
34.559,23.715
30.065,23.308
28.586,22.867
25.905,23.496
30.019,21.337
30.834,20.763
29.687,19.349
29.505,18.027
29.649,17.158
30.291,16.834
30.285,21.839
31.515,18.265
31.143,17.421
31.958,21.398
31.647,19.132
31.995,20.549
32.119,16.100
31.366,14.035
31.373,14.834
31.125,14.404
32.383,15.481
31.758,14.704
32.903,13.960
31.729,14.188
31.364,13.627
31.114,13.812
31.715,14.742
31.996,16.983
32.884,17.727
34.288,13.850
34.128,13.295
32.367,13.227
31.575,15.804
31.412,14.949
30.882,17.106
31.023,18.012
31.138,17.135
31.354,18.776
31.368,19.745
26.124,19.748
19.425,17.404
21.524,17.971
25.425,18.507
27.785,20.956
21.557,20.114
21.098,18.831
26.149,17.802
25.480,15.911
25.025,14.667
24.567,13.699
23.339,11.535
23.292,10.269
24.549,11.816
25.022,12.809
28.197,13.403
28.573,13.098
27.498,14.379
26.679,14.248
25.947,12.709
24.609,12.083
24.826,11.706
24.827,12.661
25.599,12.542
26.954,13.472
27.506,12.466
27.491,14.677
27.757,15.510
28.366,15.575
28.615,15.584
28.476,15.267
28.556,14.459
28.123,14.794
26.352,14.910
28.236,14.879
29.171,16.709
25.081,18.658
22.175,16.480
23.267,15.782
25.025,14.467
23.822,14.876
24.933,14.550
24.699,13.002
24.888,14.318
25.060,13.830
24.551,11.370
24.137,9.427
24.878,11.095
25.071,12.938
24.409,15.014
24.449,13.189
24.263,12.236
24.253,10.871
25.149,11.571
26.929,13.402
25.205,15.625
24.142,10.565
22.829,9.141
23.694,8.745
24.859,9.435
25.436,10.586
26.024,10.389
27.602,13.638
27.692,17.160
24.168,12.919
23.023,10.142
23.608,9.394
24.299,10.644
26.082,10.899
26.104,10.694
25.366,10.449
25.340,10.232
26.300,10.988
26.095,12.004
26.282,10.752
26.869,10.035
27.706,9.473
27.248,12.582
27.278,12.137
27.235,11.690
27.218,11.405
27.794,12.596
27.679,10.890
27.538,10.530
27.738,15.212
26.605,13.991
27.693,14.964
28.978,16.510
29.782,15.906
30.199,15.130
31.244,16.831
29.086,18.569
28.705,15.099
20.285,15.389
29.341,16.363
29.651,14.123
29.090,12.259
29.568,12.050
30.464,17.707
29.598,11.955
30.159,13.630
30.950,13.785
32.235,15.197
32.306,15.406
31.411,21.087
30.937,17.758
29.310,14.050
29.939,11.407
32.344,15.392
33.486,13.264
34.091,15.807
34.980,16.053
35.432,16.990
34.102,19.520
33.353,17.428
33.506,17.813
32.627,16.947
32.082,16.890
34.909,16.480
34.753,18.289
35.602,19.799
36.213,20.134
36.968,20.553
37.173,17.884
36.305,17.667
37.001,18.592
38.406,20.113
38.958,20.672
39.235,18.914
40.212,19.090
39.099,20.322
39.849,21.073
40.070,22.550
39.195,22.033
38.193,20.763
37.656,20.223
38.317,20.590
38.120,19.799
38.766,21.598
40.212,23.506
37.276,22.811
36.825,21.156
35.535,20.574
37.510,20.398
37.279,20.474
37.958,19.099
39.407,21.282
42.765,21.830
43.661,20.641
41.660,25.133
41.572,24.552
39.640,26.003
40.089,23.370
39.914,23.951
40.753,23.671
43.985,24.068
44.956,25.194
43.315,25.419
43.283,26.803
41.351,26.156
40.358,25.126
38.949,24.727
39.111,24.419
39.379,24.974
39.974,24.545
40.884,23.929
40.288,24.537
40.853,25.233
41.545,25.799
41.561,26.843
41.049,25.958
41.103,25.748
39.944,25.337
40.461,25.411
39.251,27.239
40.663,27.130
41.608,27.072
41.236,27.368
40.882,27.319
40.918,26.991
41.665,27.832
41.081,26.730
41.500,25.654
42.508,27.126
43.181,27.887
41.556,27.626
41.459,26.589
42.828,27.399
42.555,27.998
43.878,28.726
44.159,29.608
48.592,29.712
45.844,28.885
44.765,28.585
44.227,29.265
43.272,29.333
42.694,29.096
41.746,28.019
40.582,27.266
40.215,27.052
40.400,26.848
39.569,27.109
40.578,26.843
40.858,27.430
38.505,26.690
33.822,27.141
38.990,26.874
38.462,27.472
38.554,26.673
37.008,24.885
38.022,25.023
37.117,26.275
39.155,29.789
44.957,28.825
47.623,29.694
47.555,31.289
42.141,29.115
36.622,25.900
27.468,24.450
34.023,24.555
37.790,24.771
39.697,26.385
40.295,27.261
39.110,26.842
39.253,26.906
39.534,27.361
38.647,26.567
38.500,25.782
37.948,26.495
40.594,27.714
36.648,26.524
32.354,25.632
35.400,24.660
35.678,24.986
36.234,24.757
33.813,24.842
32.632,25.153
29.361,23.948
31.172,22.834
30.557,23.186
29.681,23.027
30.728,23.416
31.879,23.307
27.107,24.566
29.977,23.998
29.836,23.826
32.948,23.470
33.182,23.601
26.474,24.035
31.408,23.500
31.881,24.101
33.337,23.938
34.623,24.315
32.437,24.755
30.655,23.767
28.589,23.430
28.060,23.914
23.910,22.706
29.371,22.019
29.814,23.014
30.862,22.503
34.500,22.392
30.259,23.212
26.777,23.310
25.765,22.752
26.322,22.744
28.018,22.482
23.902,21.923
26.785,22.654
27.231,22.766
28.892,22.740
24.035,22.028
26.268,22.318
27.859,21.902
29.165,22.274
29.523,23.284
30.411,23.455
28.924,23.068
28.836,22.799
28.788,22.335
29.436,23.023
29.848,22.772
27.724,22.719
28.874,22.993
27.495,22.300
27.487,22.062
27.669,22.104
28.203,22.616
29.933,22.122
29.763,22.967
29.361,23.936
29.505,24.039
29.658,23.363
29.585,23.448
26.401,22.308
27.024,22.256
25.798,21.988
26.614,21.951
26.948,22.057
26.615,21.568
25.606,23.014
26.272,22.581
28.340,22.813
26.707,23.136
26.577,21.978
25.321,21.360
24.846,21.293
27.048,21.665
26.660,21.883
27.640,22.476
28.982,22.668
28.716,21.739
29.001,21.908
28.475,20.425
29.369,18.671
29.696,19.694
30.039,19.879
29.982,19.488
32.108,20.016
29.229,21.723
31.208,20.072
31.437,19.717
32.946,19.415
33.488,19.100
31.737,19.763
31.334,18.956
31.898,18.241
33.778,19.789
32.990,21.124
35.396,19.603
33.978,20.177
33.753,19.146
32.624,20.197
33.438,16.226
32.548,19.440
31.885,21.195
32.557,20.193
34.379,19.446
33.669,19.654
33.590,21.191
33.386,20.565
30.580,22.970
30.744,20.710
30.595,21.574
30.497,21.727
32.487,20.877
32.062,21.167
31.770,22.618
32.057,19.415
32.952,22.449
32.089,20.791
31.947,20.908
31.379,21.265
31.390,17.196
31.505,21.725
30.317,18.909
29.501,16.262
29.021,16.038
28.837,16.199
29.570,17.514
30.653,17.725
30.241,17.004
29.613,16.029
29.344,18.782
30.746,20.282
33.250,19.970
31.134,22.248
28.508,19.973
27.802,19.935
28.993,19.960
29.706,21.460
28.952,20.851
28.295,19.036
27.381,18.777
28.372,20.067
28.065,17.990
27.471,16.730
21.558,17.353
26.467,15.695
26.653,18.465
25.476,20.167
28.075,19.636
26.645,19.526
27.883,19.002
28.601,18.124
28.971,16.556
27.505,16.751
27.004,16.391
27.072,15.455
26.457,15.512
27.263,15.366
26.114,13.991
25.246,12.165
25.740,13.754
27.646,14.676
26.489,14.332
25.416,11.825
23.239,10.152
23.983,8.101
24.078,10.855
24.414,10.128
25.229,9.843
25.340,9.667
25.602,10.773
25.018,11.043
24.356,10.403
26.024,8.648
26.643,7.709
25.738,10.023
26.075,9.107
26.631,11.331
27.111,11.241
26.838,12.794
26.608,13.590
27.384,13.832
26.697,13.125
22.765,13.128
22.018,9.326
22.334,7.892
23.348,7.597
23.787,9.631
23.443,8.865
23.040,6.642
22.920,6.800
24.790,6.450
24.672,9.349
22.698,7.705
24.216,6.906
25.798,8.621
27.147,8.800
26.370,9.549
24.612,11.181
22.358,9.173
24.429,7.486
25.752,10.041
25.382,11.221
25.572,9.506
26.480,10.132
27.208,10.831
27.648,9.110
27.741,12.673
27.815,11.632
25.324,11.358
26.226,11.193
28.658,13.134
27.708,11.703
26.365,12.531
27.268,12.847
28.711,12.955
28.700,13.028
30.074,13.494
29.846,13.109
30.656,12.086
30.864,12.176
29.751,12.498
28.946,14.755
28.545,14.358
30.120,13.645
30.778,15.787
31.559,14.476
30.996,14.542
30.390,15.505
28.661,14.047
25.357,13.064
27.191,14.084
26.404,12.777
27.647,12.182
26.776,15.494
27.561,13.350
29.022,12.947
31.078,13.588
30.837,14.706
28.591,15.420
30.560,11.777
30.449,13.915
30.328,15.524
32.834,16.066
33.173,16.746
33.600,17.494
33.053,16.910
33.933,16.988
34.595,16.441
35.535,17.734
35.746,18.112
32.346,17.042
32.153,15.699
32.357,15.963
33.132,15.067
35.558,15.830
36.922,15.594
36.408,19.238
36.204,18.650
37.214,15.155
37.663,20.402
36.390,19.485
35.001,17.553
35.568,18.180
34.922,16.841
34.871,17.101
34.621,17.779
36.043,16.153
37.753,19.438
36.608,17.891
37.460,20.473
36.621,17.369
36.939,18.947
35.380,19.733
36.032,18.566
35.535,19.737
35.077,18.724
35.530,19.366
36.549,20.003
36.010,20.642
37.057,22.235
36.951,20.360
37.859,20.352
38.086,20.757
38.679,20.329
38.550,22.971
38.215,23.906
39.017,21.040
39.579,21.980
41.050,22.698
39.597,24.763
38.386,23.048
38.935,22.140
39.553,22.913
38.707,20.380
37.447,23.249
38.556,22.458
39.764,22.806
40.609,21.318
43.828,23.559
43.222,23.687
41.878,21.270
44.462,24.665
40.781,27.190
42.188,27.024
39.463,26.341
38.105,24.320
36.737,24.061
37.344,23.887
38.267,24.318
38.003,23.023
40.302,24.171
39.406,25.016
39.289,24.952
39.508,24.082
39.750,24.439
40.173,24.332
39.666,24.374
40.083,25.137
40.894,25.847
41.864,29.040
42.998,27.548
40.461,27.267
39.726,25.514
39.101,25.684
37.565,25.903
38.342,26.003
40.305,25.875
40.923,26.197
39.969,26.548
40.348,26.585
40.784,26.579
41.243,26.825
40.411,27.215
38.712,26.884
38.852,26.650
38.890,26.650
36.958,27.157
34.736,26.425
38.522,27.426
40.566,28.097
44.246,28.366
41.133,27.141
38.724,27.131
36.396,26.394
38.615,25.389
39.389,25.592
36.258,23.986
36.664,24.337
32.283,24.246
34.455,23.621
33.192,24.516
32.103,24.607
32.277,24.124
33.022,24.162
31.196,24.213
27.829,24.033
25.838,23.197
24.896,23.337
24.100,22.602
26.251,22.582
26.364,23.320
26.385,23.196
24.977,22.741
27.365,21.950
29.442,22.334
29.679,22.337
29.339,22.557
28.645,22.363
25.220,22.277
28.423,22.557
29.624,22.646
27.391,22.947
24.652,22.315
25.355,22.396
25.231,22.378
27.357,22.958
24.538,23.265
23.907,23.193
26.319,22.706
26.174,22.610
25.489,23.505
26.690,23.174
25.541,22.792
26.246,22.770
25.171,22.345
24.934,22.238
22.760,21.946
24.583,21.905
25.460,22.464
28.286,22.483
30.165,23.520
27.877,23.276
24.971,23.235
26.177,22.324
26.413,22.830
25.011,22.398
27.203,22.919
26.317,22.642
24.580,22.770
26.822,21.904
25.317,22.556
25.042,22.511
24.461,22.439
23.804,21.040
23.243,20.861
26.126,22.098
23.842,22.104
25.020,21.929
26.203,22.247
24.376,22.038
25.472,21.730
27.066,21.770
26.947,21.505
26.648,22.173
27.171,22.821
27.465,21.274
30.270,21.824
29.545,23.126
24.413,23.321
26.770,22.342
23.794,22.198
25.462,22.180
28.365,22.592
27.570,23.062
26.385,22.899
28.514,22.431
26.680,22.731
27.520,22.532
25.635,22.707
25.540,22.465
26.414,21.764
25.865,21.560
26.822,22.035
23.907,21.421
25.994,20.864
24.936,21.710
24.627,22.361
25.750,21.596
26.932,21.868
28.685,22.086
27.949,21.619
26.144,21.602
24.887,21.035
25.845,21.130
26.763,20.674
26.026,20.228
26.606,20.791
25.962,19.744
26.510,20.184
27.216,20.409
27.022,19.618
27.346,19.479
28.361,19.131
29.101,19.354
28.329,19.841
31.029,19.539
29.741,19.695
29.005,19.120
28.806,18.752
29.006,18.034
29.632,17.994
31.186,19.946
32.432,20.336
31.901,20.140
32.343,19.082
32.020,20.202
31.893,21.837
33.136,19.982
32.824,19.209
34.843,21.909
33.995,21.667
32.971,20.123
33.548,19.935
33.318,21.256
33.069,18.298
31.445,16.197
31.938,16.716
31.691,18.292
32.299,17.028
31.842,17.469
31.318,16.304
31.045,17.887
32.093,16.814
30.994,17.604
30.573,17.312
30.761,16.606
30.239,16.578
30.263,16.936
29.981,17.143
30.766,17.472
30.969,16.566
32.140,15.526
32.066,14.566
31.417,14.821
33.004,15.610
30.974,17.680
33.118,15.203
31.910,16.938
32.706,17.254
32.126,17.749
31.057,20.028
30.212,16.894
31.089,15.307
31.538,13.284
31.226,14.799
32.074,13.782
30.426,16.047
30.791,16.419
29.040,15.418
28.268,14.393
28.203,14.707
28.355,14.660
28.278,15.120
28.889,16.007
28.859,18.004
30.205,19.395
30.467,16.645
28.538,12.792
28.342,13.873
30.094,14.080
31.171,15.420
30.415,15.482
30.079,14.350
30.058,13.683
29.382,13.671
28.886,13.432
28.049,13.806
25.663,11.548
25.122,10.286
25.984,9.914
27.180,10.748
27.700,11.736
26.641,12.083
26.736,11.319
26.743,10.703
27.130,10.975
26.719,9.620
26.772,10.913
27.187,11.802
27.118,12.167
27.288,10.933
27.051,8.190
26.930,10.278
25.771,9.270
26.444,10.777
25.454,10.646
25.389,10.043
28.198,13.177
25.791,14.848
22.978,10.474
25.144,9.883
26.708,10.913
26.744,12.430
26.664,10.964
25.131,12.758
25.136,10.067
23.501,9.876
22.018,7.905
22.127,7.630
22.598,8.279
22.684,7.529
23.402,6.997
26.455,7.233
26.867,9.226
25.429,12.034
23.479,8.104
22.388,6.609
21.101,7.041
22.893,7.960
25.598,9.459
26.443,9.519
26.593,10.529
24.365,13.147
24.123,15.543
25.824,11.454
26.447,9.802
25.003,11.071
26.110,11.662
26.482,12.370
25.789,11.582
27.062,10.317
27.898,10.867
29.818,11.254
28.166,13.828
29.145,13.361
28.373,12.694
22.699,7.620
23.982,7.621
25.233,7.996
27.520,9.460
30.172,11.404
30.476,13.149
30.067,14.328
29.429,11.875
27.520,11.044
27.767,12.438
30.193,12.792
31.704,14.378
32.759,13.571
33.463,14.357
33.186,15.021
33.362,14.715
32.904,14.572
33.357,14.048
34.215,15.278
33.933,14.555
32.495,13.730
30.443,13.591
30.296,11.246
30.459,12.501
32.426,15.269
34.035,16.120
34.863,16.994
33.053,15.775
30.826,12.136
30.247,13.029
27.470,10.353
29.852,11.502
32.376,13.629
32.076,14.002
30.877,15.840
33.363,15.159
34.685,16.743
36.577,16.169
36.255,17.834
36.422,18.271
38.245,19.935
37.732,19.178
36.737,18.261
38.078,16.987
39.066,17.495
38.406,17.588
37.449,15.720
38.037,19.274
38.653,20.496
38.500,21.030
39.326,20.794
40.066,20.527
41.066,20.893
39.395,22.140
40.304,22.603
40.298,25.147
39.938,23.614
39.016,23.367
38.670,22.452
39.172,22.245
40.043,23.143
40.079,23.434
40.078,23.576
38.691,22.370
37.849,21.983
37.548,21.481
37.302,21.035
38.011,22.230
38.680,22.352
39.124,24.205
38.307,22.753
37.232,24.751
28.214,21.579
34.837,19.153
36.233,22.019
36.934,20.755
35.756,21.414
36.750,22.309
38.277,22.715
37.930,23.153
38.661,23.589
38.234,23.248
38.688,23.392
39.028,23.134
38.221,22.551
39.893,23.085
39.024,24.559
38.384,24.300
38.140,23.590
40.853,23.711
37.966,25.950
40.148,25.280
37.831,26.158
38.109,26.437
37.418,25.577
38.024,24.603
38.127,24.489
39.737,24.793
39.855,25.119
39.434,24.837
40.755,25.861
40.943,25.425
41.042,26.014
41.002,26.019
40.120,25.939
39.912,25.868
40.829,26.251
41.193,26.743
40.321,26.878
39.986,26.466
41.049,26.130
41.687,25.807
41.449,26.423
41.405,26.586
39.852,25.940
39.120,25.975
37.912,25.490
38.215,25.745
39.446,26.356
32.391,26.512
31.355,24.411
34.180,24.474
32.469,25.776
35.414,24.532
35.383,24.385
35.079,24.864
36.494,24.591
31.850,23.792
34.486,24.437
33.578,23.716
31.631,24.310
35.313,24.320
36.337,25.209
34.069,24.793
35.010,24.360
35.847,24.893
32.477,25.178
32.280,24.840
32.422,24.707
34.694,24.170
33.782,23.873
35.044,24.328
31.543,24.412
33.827,24.392
33.308,24.245
32.535,23.546
31.622,23.859
28.705,23.053
26.108,22.966
25.068,22.730
26.359,22.637
26.865,22.536
27.112,22.705
23.968,22.683
25.766,22.373
28.609,22.171
27.364,22.840
25.568,23.018
26.945,22.875
28.281,22.704
27.725,22.492
23.947,23.022
26.240,23.166
27.170,23.227
28.660,23.477
25.071,23.389
23.604,22.907
22.938,21.410
23.023,21.647
24.698,22.538
23.957,22.592
26.265,22.954
23.008,21.651
23.905,21.970
23.526,22.000
22.975,21.288
23.210,21.367
23.647,21.999
24.374,22.096
25.630,22.257
27.247,22.335
24.839,22.640
23.517,22.166
24.344,22.306
24.314,22.091
23.770,21.760
24.082,22.174
22.979,21.742
23.073,21.848
22.209,21.215
22.878,20.160
24.073,19.701
24.047,21.127
26.333,21.368
25.467,22.337
23.384,21.906
25.938,21.244
27.254,21.216
25.528,21.406
24.599,21.580
25.619,21.108
27.100,21.819
26.280,21.309
29.135,22.062
29.488,22.239
28.141,23.783
27.788,22.379
28.877,23.338
28.629,23.110
28.181,23.069
27.390,22.647
24.644,22.255
24.781,21.473
26.133,21.655
27.663,22.026
27.447,21.793
23.548,22.543
22.678,21.064
24.475,21.230
24.509,21.513
24.174,21.748
26.723,20.711
26.841,20.131
26.448,19.937
28.859,20.352
27.539,20.567
27.609,21.336
27.708,22.015
25.695,21.178
26.707,20.661
25.769,20.023
25.737,19.162
26.681,18.165
29.060,19.036
29.458,18.857
30.286,19.538
30.352,20.313
30.867,19.794
30.635,19.446
30.698,19.732
30.229,20.646
32.183,20.358
30.574,22.791
31.225,22.364
31.228,19.675
31.128,17.818
31.195,18.849
30.900,17.405
30.729,15.943
31.388,17.020
31.386,19.963
32.670,18.504
31.470,21.006
31.678,22.002
31.705,17.529
30.450,15.846
30.729,16.252
30.333,17.197
31.122,17.809
31.800,16.071
32.239,18.449
30.388,17.276
29.809,17.765
30.378,17.493
30.307,15.562
29.620,16.513
29.855,16.310
29.011,17.363
30.113,18.515
29.360,16.981
28.955,15.202
28.431,14.057
28.095,14.704
29.376,14.561
29.852,13.066
29.481,13.792
29.267,15.529
29.730,18.228
29.751,17.279
28.545,17.120
29.173,16.080
29.281,15.448
28.565,14.360
28.044,13.583
28.049,13.725
27.897,13.866
27.178,15.018
27.335,13.685
28.042,13.263
29.083,12.462
28.456,13.732
28.709,14.487
29.494,15.135
29.445,15.030
29.364,13.892
29.049,13.122
28.051,14.681
27.067,13.407
28.365,14.142
28.487,15.116
28.227,14.200
28.753,14.604
29.988,16.189
30.844,15.789
31.195,15.901
30.423,18.289
28.403,13.560
27.555,13.221
26.203,11.500
26.593,9.746
27.219,11.306
27.722,13.876
28.709,14.715
27.822,15.408
28.067,14.024
26.661,14.398
26.135,11.731
26.480,11.964
27.364,13.229
26.676,13.312
27.550,12.467
25.474,10.837
24.748,9.510
25.536,9.960
26.432,9.192
26.744,8.906
28.636,12.623
29.496,14.138
29.656,14.798
26.590,13.059
25.259,9.240
25.737,8.924
24.962,8.632
23.460,8.529
22.884,8.192
23.116,7.198
25.240,9.407
25.874,11.265
26.169,10.182
27.892,9.162
29.119,10.450
28.944,12.137
29.238,12.055
29.192,12.732
29.397,15.062
23.786,12.720
23.118,8.034
23.609,8.577
24.063,8.864
25.318,10.132
24.077,12.501
25.583,12.858
24.991,12.294
27.035,11.324
26.409,11.899
27.395,11.952
27.118,12.863
28.008,13.186
28.171,15.657
29.538,15.265
30.213,15.483
30.376,16.549
28.987,17.934
27.856,14.830
27.289,13.060
26.808,13.262
26.356,11.597
28.403,11.545
31.028,14.886
31.473,16.932
29.568,19.694
30.745,15.927
30.018,17.698
28.944,16.780
25.487,15.504
25.463,10.509
26.878,11.735
28.703,12.973
29.497,14.006
30.543,14.776
33.269,15.152
32.271,15.596
28.908,14.957
30.936,14.906
32.188,14.963
31.482,15.494
32.798,14.956
31.993,15.122
33.844,14.052
34.246,15.016
33.366,15.280
34.090,16.203
34.237,17.717
35.922,16.844
35.980,17.984
35.247,16.881
35.065,17.749
34.754,17.501
35.293,17.292
34.510,17.306
33.400,17.443
32.410,18.863
32.441,19.695
33.083,16.776
33.945,18.105
34.668,16.717
35.332,18.907
35.209,18.524
34.401,17.395
36.075,18.949
35.158,18.941
36.350,20.783
35.912,20.937
35.827,22.686
34.172,20.121
32.707,18.114
34.113,18.345
36.745,20.449
37.369,18.962
36.073,19.823
34.566,18.871
35.137,18.720
36.437,21.488
38.528,19.129
38.605,20.577
38.508,21.711
39.128,22.173
38.239,22.728
37.381,21.441
38.647,21.857
39.337,22.327
38.683,24.194
38.874,22.384
38.060,22.772
37.265,21.862
36.270,21.604
35.825,22.623
32.600,22.800
34.248,21.454
37.882,20.932
36.190,24.215
39.171,24.477
41.306,25.813
38.964,26.350
39.967,24.968
41.338,25.865
41.436,25.455
41.618,26.715
41.509,25.973
40.356,24.585
39.098,24.367
39.746,25.190
40.527,25.058
39.949,25.009
41.245,25.189
41.209,26.141
40.089,25.991
39.383,24.498
38.409,25.161
38.537,24.893
40.170,24.250
41.685,27.785
42.112,26.364
41.632,26.445
41.815,25.810
42.864,26.100
42.875,26.500
42.845,28.266
42.503,27.455
41.133,27.341
41.534,26.389
40.241,26.531
39.265,26.570
38.733,26.691
39.198,26.469
37.707,26.823
38.225,26.259
40.197,26.232
40.502,26.472
38.124,27.861
37.738,26.325
39.802,26.960
37.679,25.925
37.966,25.964
37.615,26.841
39.101,24.832
35.846,27.312
30.804,24.464
30.551,24.013
31.825,23.522
29.092,23.868
29.013,23.361
30.871,23.625
30.376,23.703
30.075,23.532
26.967,23.332
27.897,22.517
30.282,22.577
31.699,23.520
27.236,23.062
26.414,23.081
30.257,23.257
28.370,23.160
30.499,23.466
27.849,22.896
27.261,23.091
28.951,22.737
29.390,22.870
30.067,22.903
30.660,23.785
26.618,23.617
25.478,23.533
26.604,22.504
22.465,21.127
26.301,22.115
26.286,22.681
26.867,22.813
25.127,22.838
25.350,21.936
23.548,22.427
28.456,21.947
23.567,21.526
24.467,22.287
23.197,22.357
24.990,21.263
27.461,22.698
24.951,23.201
23.740,22.501
25.466,22.147
25.688,22.266
25.179,22.650
27.188,22.669
28.494,23.258
24.082,22.975
23.790,22.989
25.078,22.623
24.027,22.069
23.606,22.125
24.835,21.243
23.098,21.930
25.787,22.195
26.407,22.337
24.260,21.691
25.142,20.853
25.974,22.039
23.875,21.850
25.045,21.574
22.907,22.013
23.717,21.870
23.430,21.998
24.330,21.745
25.006,21.857
23.567,22.343
25.112,22.113
25.329,21.445
25.888,22.014
26.952,21.399
26.197,22.314
25.206,21.630
22.197,21.331
22.024,21.404
23.573,20.795
23.388,20.700
23.803,22.291
22.339,20.779
23.905,20.610
25.152,21.589
26.659,20.930
26.355,20.844
26.656,21.102
26.908,20.931
26.879,21.041
26.317,21.049
25.909,21.214
26.295,20.278
25.353,20.190
26.153,19.963
27.113,20.176
28.067,21.262
30.202,20.404
30.074,19.994
30.203,21.363
30.597,20.543
31.667,21.242
31.186,21.354
31.871,22.128
30.476,22.017
30.971,20.156
30.924,21.574
32.207,20.820
31.549,21.685
23.826,21.603
24.410,22.248
23.994,22.052
22.051,21.376
24.408,20.574
27.114,20.703
27.864,18.820
27.327,21.015
25.774,20.474
24.942,21.565
26.694,21.524
27.343,22.423
24.882,21.372
26.631,21.366
25.374,21.005
26.153,21.296
26.896,21.428
26.680,21.207
26.955,20.986
26.454,21.460
26.506,20.070
26.623,19.422
26.872,20.212
27.837,19.950
28.687,19.541
29.880,18.967
29.876,17.270
29.312,18.314
29.918,20.216
29.732,18.587
29.457,17.366
28.529,16.562
27.888,16.855
27.488,17.067
27.679,20.124
28.102,18.266
29.425,18.038
29.354,16.951
28.882,14.888
28.733,15.127
28.124,15.389
28.025,14.135
28.681,14.183
28.877,16.721
28.227,17.503
27.690,15.928
27.894,14.962
28.145,14.270
25.703,18.406
26.223,18.283
26.812,18.022
28.160,14.782
27.474,14.258
28.487,15.095
26.993,15.705
25.433,14.807
25.298,11.815
25.759,11.968
27.930,12.955
28.213,13.090
27.550,11.749
27.183,12.990
27.175,14.057
26.951,13.756
28.189,14.685
29.740,16.743
29.973,15.784
28.471,15.438
28.001,15.672
27.328,13.664
27.707,13.783
29.054,13.843
28.927,15.133
25.974,18.353
28.593,15.625
27.409,14.965
26.094,11.923
26.248,11.237
27.300,10.608
27.068,10.859
26.276,11.962
26.399,11.834
25.167,11.522
25.127,11.394
27.046,11.217
27.125,10.153
26.210,10.723
25.936,9.922
25.881,8.536
26.443,9.913
25.323,10.487
25.210,9.763
25.232,10.994
24.770,12.122
26.040,13.298
26.088,12.755
25.667,13.350
26.161,13.979
24.965,14.253
24.676,11.769
25.676,12.891
24.300,12.944
25.248,13.000
24.828,11.657
25.933,14.121
26.004,15.304
25.009,12.819
24.160,9.615
24.108,10.102
26.479,12.241
26.979,11.501
25.536,10.483
21.653,7.993
23.310,9.366
25.676,10.797
27.339,13.459
26.210,13.038
25.165,11.112
26.270,12.638
22.076,8.586
23.379,9.628
26.909,12.535
25.819,18.332
25.418,15.230
26.182,14.676
25.782,14.694
25.861,12.778
27.059,12.144
26.372,12.471
26.773,10.841
27.401,10.764
27.052,10.998
26.304,11.599
26.815,11.690
27.066,12.451
28.440,12.197
28.478,13.551
29.133,11.790
30.453,14.699
29.972,14.469
27.849,12.897
25.019,10.220
25.217,7.465
25.642,13.320
26.291,10.778
27.578,12.861
23.937,12.491
20.379,10.187
23.140,8.432
24.769,10.325
26.201,9.569
28.424,9.431
30.039,10.531
30.177,13.647
27.945,16.215
28.365,14.162
26.991,14.207
29.333,16.042
30.319,16.181
29.523,15.415
28.029,14.241
26.306,11.588
28.053,11.752
27.410,12.326
27.268,13.816
26.232,15.949
29.710,15.687
29.981,15.710
29.478,17.159
29.848,15.234
30.415,16.159
31.202,15.871
32.131,15.232
33.248,19.400
33.956,18.756
34.949,18.774
35.645,17.463
35.438,18.540
34.938,19.358
34.796,17.034
35.780,15.280
34.567,16.782
34.618,18.040
35.554,19.279
35.604,19.314
35.394,19.315
36.300,19.432
37.537,20.328
37.568,20.707
37.702,21.744
37.444,21.826
36.894,20.435
36.136,20.540
35.182,20.123
39.100,20.451
38.162,20.626
39.188,20.931
38.851,22.651
37.237,22.747
37.245,21.315
36.848,19.831
36.756,19.373
37.134,20.547
38.715,20.945
38.454,21.711
38.625,22.420
39.235,23.532
40.375,23.943
39.656,24.914
39.021,23.578
36.150,22.624
39.502,23.348
38.203,24.289
39.042,23.718
39.665,24.517
39.147,23.714
39.796,24.378
40.682,25.029
41.630,26.940
43.221,25.601
41.958,25.129
41.120,26.525
40.691,25.691
39.961,24.788
38.910,24.150
37.911,23.718
39.346,23.880
39.106,24.665
40.744,24.735
40.662,27.335
38.256,25.840
38.227,23.471
37.317,24.640
37.522,24.283
37.354,23.623
37.443,24.440
37.340,24.323
36.108,24.768
39.212,24.762
43.409,26.526
41.454,27.495
40.890,29.062
41.196,27.511
40.967,26.942
41.080,26.538
42.027,26.051
41.392,26.969
43.933,26.890
44.191,28.167
40.975,27.146
42.535,27.943
41.816,27.516
41.375,26.491
42.473,26.761
43.099,27.427
43.613,28.447
43.060,28.731
42.635,29.002
42.587,28.829
39.275,29.116
39.653,28.541
40.466,27.843
41.101,26.726
40.547,27.014
39.072,26.095
37.111,25.535
35.719,25.049
34.672,25.037
37.260,24.314
34.868,25.534
37.108,24.047
37.073,25.202
34.963,25.299
37.088,25.515
35.220,25.161
36.106,24.973
37.745,25.489
36.739,25.401
36.810,24.947
36.418,25.316
37.902,25.955
36.788,25.277
36.649,25.446
37.075,25.309
35.321,24.992
34.980,25.395
35.763,24.898
36.280,25.712
37.408,25.766
35.934,25.593
36.095,25.454
33.720,25.586
34.858,24.876
33.870,24.381
33.706,23.898
30.313,23.402
26.988,23.496
29.399,23.207
26.929,23.579
28.663,23.190
24.917,23.888
26.029,22.646
26.721,22.367
27.822,22.245
24.084,22.409
23.752,21.777
21.847,20.745
22.995,20.681
26.225,21.349
26.766,21.819
26.587,22.946
28.532,21.776
29.379,22.447
26.513,22.690
