20000101
29.303,14.025
28.612,13.458
29.698,12.506
28.007,11.678
29.034,12.102
28.859,11.360
28.228,9.603
29.581,10.584
31.076,12.239
31.901,10.319
32.138,14.930
30.088,18.243
27.524,11.200
26.792,10.257
26.079,10.462
26.394,10.547
28.119,12.509
31.506,14.380
31.467,13.530
30.379,11.591
27.267,10.565
27.922,12.837
30.860,12.596
29.289,10.651
30.455,14.391
30.884,12.192
28.868,13.491
27.766,12.406
30.417,11.164
31.116,11.662
31.918,12.593
26.530,13.148
28.529,11.267
28.245,12.196
28.671,13.286
26.304,14.587
27.311,10.770
27.561,11.568
30.014,11.420
28.717,12.304
29.551,12.733
25.616,12.898
25.829,9.983
27.798,10.966
28.171,12.292
30.591,12.313
31.136,11.337
28.962,12.869
31.764,12.300
29.837,12.890
30.060,11.045
33.135,11.278
32.903,15.055
31.721,19.799
31.099,17.637
28.797,19.113
31.736,13.385
35.258,13.107
33.962,15.097
35.470,13.347
36.077,17.187
34.943,19.429
34.376,17.331
33.174,17.400
32.258,15.164
32.646,13.296
30.903,13.451
30.907,13.510
36.045,14.270
34.089,11.753
35.013,16.642
33.033,17.372
29.515,17.117
35.271,13.878
35.572,12.115
33.758,15.269
33.875,15.857
34.962,16.488
37.218,14.963
37.704,17.134
36.598,14.178
34.707,17.563
35.407,15.712
34.615,19.242
38.020,18.719
37.262,18.552
38.205,19.535
37.528,19.989
40.596,21.353
43.021,16.129
40.528,21.331
41.708,24.065
44.557,23.046
41.888,20.084
41.360,20.753
40.187,20.583
40.921,21.623
41.554,21.199
40.395,24.128
40.450,23.409
41.050,22.016
46.302,21.391
43.969,22.779
41.783,22.194
40.080,22.992
40.252,22.313
42.127,22.643
41.383,21.262
40.634,22.874
41.577,22.556
41.284,23.726
40.609,24.240
39.753,25.752
39.348,24.240
39.211,24.048
40.692,24.424
41.804,25.620
41.462,24.916
41.581,26.267
41.165,26.409
41.308,26.860
41.990,25.397
43.000,25.294
43.302,24.522
43.266,25.314
43.829,24.841
42.878,27.092
46.297,27.069
41.552,24.942
38.605,26.696
40.584,25.429
38.971,27.367
35.278,26.437
37.263,24.206
38.002,24.071
41.291,24.265
38.919,25.078
39.344,25.075
35.292,25.797
32.492,25.684
29.047,23.770
36.760,23.132
38.417,24.719
38.943,24.660
39.343,25.164
39.598,26.016
39.526,26.635
40.873,26.621
41.028,26.264
41.005,27.560
38.018,25.842
37.777,26.226
38.975,26.088
40.923,27.949
45.302,27.420
40.805,26.569
42.543,26.943
42.873,27.241
40.618,28.445
38.419,27.928
39.263,26.044
37.712,27.832
39.607,26.641
38.387,27.190
35.423,26.449
37.766,25.896
37.961,26.565
39.974,26.896
39.559,27.021
39.879,26.164
39.878,27.135
31.603,27.022
33.631,25.382
35.404,27.470
32.342,25.907
34.084,26.177
37.538,25.313
37.787,25.891
38.027,25.946
37.020,25.176
39.768,26.095
37.589,26.201
36.801,25.774
28.635,25.094
34.444,24.433
34.398,24.325
36.075,24.425
38.934,24.514
34.775,25.533
28.992,24.622
25.793,24.488
28.651,23.880
27.656,24.019
24.923,23.740
28.534,23.766
24.475,23.837
26.141,23.367
27.470,22.275
26.286,22.559
24.527,23.192
26.089,23.474
23.686,22.690
24.137,22.311
28.580,21.958
29.731,22.360
31.515,22.176
32.944,22.910
33.431,22.822
34.327,24.371
35.322,23.487
26.754,24.102
28.193,23.356
32.988,23.574
33.940,24.288
32.745,23.192
32.394,22.598
33.933,22.443
35.655,22.696
36.069,23.145
37.610,25.722
36.363,24.666
35.102,25.859
36.831,24.762
34.827,24.216
29.786,24.028
28.217,23.212
25.704,22.888
25.039,22.517
27.224,22.374
27.009,22.914
26.023,22.867
26.025,22.542
25.838,22.816
28.832,22.422
28.346,22.964
30.271,24.835
33.802,23.857
32.995,24.438
33.406,24.429
28.705,22.782
29.683,23.436
27.816,23.475
26.729,22.767
26.945,22.967
25.962,22.840
25.474,22.837
25.892,22.817
26.988,22.580
23.178,22.480
26.682,22.039
29.177,21.034
30.870,19.736
31.849,21.703
32.068,21.189
32.360,20.971
33.198,20.691
34.403,19.742
35.459,20.142
34.750,21.501
35.289,20.832
35.022,20.720
33.172,20.331
35.892,18.863
39.030,19.877
37.908,22.825
37.731,24.332
38.000,23.460
40.103,23.794
39.697,20.991
39.330,21.908
40.902,22.403
41.621,22.136
39.509,21.424
38.502,19.493
38.497,19.793
38.405,21.222
38.072,20.580
38.858,21.433
38.481,18.403
39.525,18.572
41.588,18.697
38.971,19.990
41.523,19.889
41.571,21.921
40.643,22.546
39.309,23.861
36.138,22.835
36.844,21.063
37.131,20.310
37.736,17.639
36.719,19.274
37.876,18.328
38.180,19.140
38.566,17.571
37.777,18.175
36.534,18.951
35.730,17.005
34.707,18.863
35.570,17.420
36.746,16.734
37.794,18.850
36.639,15.899
35.976,15.740
37.482,17.161
37.250,13.215
34.418,17.844
34.248,17.957
34.011,18.127
34.841,18.396
35.298,17.986
34.211,16.799
36.443,16.591
35.117,17.395
36.139,16.893
36.924,16.970
34.719,16.086
34.988,16.394
33.893,14.374
34.113,15.831
34.246,17.563
33.349,18.333
33.674,17.773
33.175,15.995
32.315,14.684
33.729,15.056
32.549,14.919
32.664,15.743
32.369,16.633
33.306,14.869
32.850,17.301
32.411,16.506
32.097,16.655
30.055,14.332
29.367,16.133
29.173,14.538
28.413,14.151
27.859,12.959
28.732,12.750
30.270,12.500
31.895,9.118
32.359,11.052
31.115,15.389
31.420,14.791
32.026,12.634
31.225,10.373
30.551,11.456
30.503,11.675
31.497,11.522
30.716,10.671
30.944,13.983
31.244,14.045
32.160,14.315
31.871,11.034
31.648,13.806
31.388,13.509
30.223,14.063
32.121,14.206
31.301,13.386
31.761,13.506
32.233,12.967
30.452,13.575
30.883,12.943
29.693,12.427
29.932,13.402
26.218,17.321
19.488,11.138
23.863,6.927
26.052,9.142
26.793,10.652
27.077,10.620
26.528,10.969
28.088,11.866
28.317,12.541
26.117,10.592
27.658,11.087
28.204,12.757
29.597,13.850
29.322,15.478
30.427,12.972
29.143,13.678
30.779,16.506
31.063,14.379
31.582,18.884
32.342,18.061
32.446,16.379
32.345,16.182
30.603,13.353
27.950,13.426
29.616,11.747
28.862,10.695
29.143,10.056
30.715,11.960
30.797,13.073
31.153,14.019
32.002,12.544
31.628,14.580
30.974,18.985
33.135,19.692
32.916,16.423
31.307,14.179
30.698,9.927
29.769,9.507
32.210,9.013
31.889,12.293
32.358,10.063
33.434,11.110
31.596,13.060
31.474,13.678
33.033,12.099
34.664,17.903
32.334,14.883
28.730,12.891
31.688,13.618
32.456,14.783
33.524,11.907
35.265,15.640
34.517,13.823
34.429,16.290
34.226,12.755
35.033,14.457
35.078,17.419
33.557,17.036
32.658,16.722
33.315,15.052
34.131,12.892
33.085,18.267
32.686,18.731
34.767,17.892
33.328,18.681
35.721,15.475
34.562,16.229
35.866,11.738
34.707,16.258
36.091,17.666
36.662,20.622
34.888,17.213
35.450,19.557
34.172,17.996
35.684,15.064
38.546,16.714
36.846,16.993
36.870,16.802
38.918,14.992
38.267,18.124
36.113,20.293
35.179,19.609
34.854,20.999
36.706,17.781
36.230,19.960
37.110,19.395
36.545,21.217
36.907,20.208
36.428,22.005
33.629,18.818
33.496,17.500
35.888,13.667
36.151,20.681
41.791,21.802
39.159,22.273
39.411,18.978
38.917,18.071
40.651,18.065
40.403,22.021
39.298,22.543
38.637,20.050
38.504,20.840
38.540,24.328
37.187,22.568
39.711,21.890
41.851,22.192
37.205,25.456
35.113,22.172
36.570,21.093
35.988,24.733
40.438,23.847
39.507,24.916
41.491,19.210
42.323,21.912
42.888,23.185
43.489,23.840
42.594,25.285
42.255,23.853
41.405,25.347
41.613,25.219
41.503,24.487
42.968,23.793
44.047,25.387
43.358,26.717
42.055,25.925
43.009,25.282
43.820,25.658
42.948,25.898
42.450,26.656
41.378,25.656
40.072,26.201
41.021,26.760
40.802,26.202
42.069,26.561
41.177,26.397
40.136,26.236
40.002,26.517
40.049,27.069
39.509,27.071
38.571,26.536
37.653,26.322
37.950,26.142
39.860,26.163
41.189,26.536
44.319,27.729
43.974,27.229
43.839,27.571
39.387,27.441
42.805,26.303
42.427,26.933
38.606,26.398
36.030,24.906
35.390,24.798
35.251,25.721
29.556,25.827
28.189,24.949
34.893,25.233
28.830,25.252
36.559,24.495
38.251,25.479
41.508,25.597
36.585,26.321
37.384,26.302
39.616,25.431
40.179,26.597
34.709,25.478
29.688,25.212
31.782,23.215
23.621,22.120
27.079,22.794
29.239,23.524
28.382,23.495
30.723,23.762
33.694,23.752
33.849,23.695
35.802,24.243
37.283,25.531
37.889,26.361
36.226,26.537
34.943,25.935
37.117,25.422
35.754,25.291
35.295,25.512
31.309,24.851
26.517,23.985
24.728,23.180
28.141,23.354
29.208,23.448
30.785,22.961
34.254,23.015
31.499,24.126
34.298,24.149
27.201,23.451
26.044,22.984
27.880,23.203
27.713,23.286
27.422,23.290
25.777,23.100
26.120,23.283
25.640,23.283
26.302,23.309
26.920,23.959
28.111,23.045
24.260,23.450
27.971,22.872
24.098,23.198
27.607,23.249
27.982,23.290
30.285,23.435
30.463,23.234
31.139,24.344
28.807,23.730
28.843,23.386
30.762,22.874
32.435,22.801
26.880,23.567
34.236,22.388
32.910,23.075
30.838,22.685
30.350,22.777
29.487,23.752
29.856,23.703
29.965,23.191
29.627,23.412
29.405,23.433
28.140,23.642
28.667,23.232
29.293,23.293
29.357,23.658
24.435,23.459
24.309,22.691
27.055,23.268
30.902,21.701
29.811,21.786
30.876,22.625
30.823,22.267
30.758,22.481
29.138,22.910
28.202,22.501
31.912,22.169
31.359,21.888
28.356,22.206
29.593,22.771
29.386,21.685
33.391,21.426
33.686,22.731
34.229,22.932
34.924,22.891
34.369,23.603
33.361,22.541
34.876,21.068
32.937,21.209
34.358,20.815
35.336,20.618
34.877,20.611
34.731,21.015
38.116,20.839
35.852,22.516
35.650,23.306
37.227,21.801
37.930,21.005
37.312,21.868
37.460,21.268
38.632,22.163
41.108,22.856
40.307,21.314
38.155,23.613
40.197,22.730
39.283,21.846
38.191,24.426
39.993,23.786
40.902,21.785
40.409,20.193
39.762,19.726
38.966,18.178
36.674,23.740
35.661,21.112
33.621,23.060
30.456,22.490
34.216,22.622
36.837,21.420
36.455,21.961
36.473,23.366
36.034,24.466
34.013,23.958
31.605,23.160
24.664,23.029
35.474,21.990
33.391,21.950
32.496,23.395
36.646,19.574
36.067,19.996
34.568,18.574
35.999,17.850
36.918,16.796
36.303,15.517
37.864,15.314
35.716,18.930
36.520,17.175
39.149,16.599
37.299,16.322
36.740,15.714
39.188,16.495
36.765,19.068
37.853,18.991
37.949,18.914
37.276,19.242
38.491,16.946
35.212,16.795
35.603,17.290
36.081,18.150
36.915,18.875
36.946,19.415
33.712,17.914
31.831,18.422
31.862,16.259
32.819,15.964
32.049,16.602
32.739,16.934
33.799,15.632
34.635,15.771
35.204,16.854
36.206,19.471
37.515,22.246
34.632,19.984
33.196,17.362
32.670,16.487
33.006,16.633
33.554,15.387
31.150,14.951
31.292,15.149
29.731,13.704
31.073,13.874
30.493,14.146
30.438,14.281
29.199,13.975
30.413,14.353
31.116,14.650
30.813,14.276
30.680,10.570
31.323,9.793
32.594,13.918
33.104,14.796
33.962,12.331
32.602,13.159
32.248,12.991
32.150,13.860
31.931,13.362
31.803,15.192
30.704,15.492
30.597,15.003
31.000,12.775
31.930,15.434
30.478,15.494
32.772,14.715
29.530,15.342
29.078,14.595
28.633,12.886
27.928,11.869
29.236,11.662
29.263,12.096
30.299,14.330
32.205,13.198
31.314,16.337
30.408,15.339
29.325,15.038
29.796,14.238
29.434,13.912
28.428,12.622
26.836,11.964
26.525,11.565
28.169,11.910
26.840,14.964
27.664,13.747
27.556,13.573
27.716,12.327
28.847,13.777
29.691,13.209
30.966,11.496
31.597,12.187
31.266,11.785
30.607,13.170
28.392,15.171
27.090,11.188
25.260,9.612
26.483,10.389
25.547,9.894
27.692,10.608
27.472,12.009
29.596,9.476
27.693,8.821
26.916,11.917
26.137,11.519
24.622,10.276
26.427,9.820
26.056,9.908
24.836,9.811
27.977,10.708
29.391,12.234
29.700,9.113
30.505,13.136
29.619,18.263
31.699,17.555
30.470,12.567
28.002,12.214
26.945,8.320
28.120,10.347
20.655,15.150
25.394,13.931
27.423,11.953
30.618,12.925
31.842,14.753
33.521,16.685
33.861,17.339
27.312,20.276
29.446,20.620
32.358,18.888
33.809,17.300
34.136,15.316
35.200,15.009
32.802,17.667
32.775,16.218
32.045,15.000
33.613,17.439
35.022,18.048
34.651,16.087
36.400,17.678
34.091,19.910
34.702,18.208
35.521,17.162
34.039,15.350
36.394,16.792
34.161,13.302
33.177,16.017
32.855,16.977
35.587,18.489
37.346,20.488
35.518,21.463
38.803,22.877
28.275,19.734
36.662,16.004
37.604,15.878
37.151,16.748
39.174,20.074
39.826,20.715
38.788,22.095
37.832,19.853
36.855,19.870
37.995,19.402
36.409,20.345
35.399,19.269
39.103,18.026
37.132,18.598
41.440,16.611
40.014,19.701
40.071,20.491
39.728,18.819
40.156,22.090
38.936,23.105
42.869,20.322
40.695,19.317
40.338,20.490
40.977,23.810
30.429,23.570
35.427,22.063
37.088,20.494
37.582,21.395
39.291,21.997
40.241,20.382
40.199,22.702
40.045,22.910
38.974,23.772
39.159,23.907
39.695,25.395
40.659,26.101
42.617,25.878
38.647,28.496
40.576,24.937
40.407,24.328
40.169,24.530
40.563,24.799
39.404,23.271
42.443,22.591
44.180,20.940
42.859,23.835
42.962,23.813
47.106,23.804
43.887,26.475
44.580,26.411
44.861,25.472
46.898,27.185
45.195,25.796
43.526,27.013
42.601,25.655
42.016,26.516
41.076,27.543
42.153,29.477
41.177,28.821
41.106,27.521
41.657,28.418
42.449,28.620
42.199,28.445
42.478,27.847
41.086,31.137
42.244,28.480
40.160,26.882
39.328,25.875
40.360,25.855
41.443,26.397
42.093,26.364
42.114,26.990
41.685,27.813
40.000,27.491
38.461,26.141
39.909,26.893
40.387,27.871
40.213,27.871
40.964,27.790
39.332,27.553
40.686,26.640
42.335,27.044
41.261,27.342
41.704,27.318
40.361,26.566
40.723,27.097
41.722,28.149
42.430,28.186
42.799,28.188
44.789,28.945
42.752,29.664
41.902,27.693
36.563,29.425
40.704,27.430
39.834,27.651
36.726,27.406
37.631,26.384
36.012,26.373
38.111,26.490
33.994,26.877
31.774,25.294
36.629,24.828
36.252,26.014
31.874,26.998
32.618,25.133
30.378,24.566
26.201,24.273
26.091,23.621
25.747,23.851
32.550,24.107
34.463,24.096
35.335,24.228
35.061,25.607
37.175,25.541
36.534,25.382
32.760,25.415
35.207,25.188
37.071,25.506
36.287,25.093
35.511,25.780
37.736,25.763
35.085,25.709
34.903,25.384
29.512,26.032
29.058,25.217
33.067,24.542
26.444,24.714
27.029,23.201
25.262,23.771
30.735,22.906
27.140,24.286
27.434,24.138
26.786,24.557
26.980,24.546
27.359,24.205
30.606,24.288
35.053,23.568
34.124,24.491
36.304,23.218
37.590,23.054
37.635,24.920
36.988,25.357
35.749,24.922
32.716,23.612
27.077,23.221
24.753,23.160
25.836,23.137
28.186,23.086
27.568,23.634
26.285,23.503
27.241,23.193
25.898,23.351
25.455,23.512
24.925,23.401
26.717,23.631
24.325,21.381
25.232,22.266
26.577,22.564
26.051,22.735
27.249,22.662
27.111,22.345
30.264,21.865
30.214,22.509
27.480,23.584
28.334,21.833
28.438,21.944
29.477,21.288
30.700,21.413
30.937,22.546
23.669,22.341
25.690,22.327
27.294,23.233
26.613,24.012
27.632,24.117
25.095,23.252
27.405,23.458
31.035,22.810
29.083,21.987
30.549,21.939
29.293,21.550
30.850,20.806
30.415,20.903
32.220,22.258
33.154,21.057
33.777,19.313
34.103,19.321
32.769,19.945
32.451,20.582
33.242,21.860
35.676,21.340
38.278,20.447
37.338,21.918
36.201,20.910
35.915,21.735
35.953,22.074
35.313,21.981
37.598,22.542
40.482,22.469
40.017,23.823
38.653,22.835
33.302,21.155
41.345,19.469
39.844,24.264
38.090,20.770
39.907,18.966
40.567,18.796
41.329,18.074
40.898,20.842
39.539,22.555
38.771,22.071
37.396,22.061
39.525,20.490
37.966,20.326
37.013,21.126
37.345,20.581
36.047,21.083
36.457,22.629
35.862,19.152
36.779,20.289
36.631,20.309
36.257,19.769
35.366,20.435
37.947,20.118
36.823,19.099
37.637,16.766
36.430,19.500
35.236,19.189
37.294,16.799
35.105,15.608
35.426,17.952
35.183,15.047
37.193,14.765
36.225,16.175
37.457,16.063
35.655,18.646
36.815,16.991
36.818,16.747
35.385,21.774
35.248,18.284
33.632,20.458
32.469,19.111
33.601,19.689
31.815,19.301
32.175,19.044
31.642,17.671
34.812,18.105
33.035,16.468
33.810,13.721
32.478,15.778
33.143,14.320
33.084,15.733
34.663,13.131
34.603,13.708
34.412,15.488
34.468,16.141
34.006,16.442
33.632,16.060
34.786,14.740
33.607,14.712
32.406,14.844
31.844,14.123
31.832,13.272
31.129,13.266
31.025,16.236
32.515,16.615
32.027,12.300
31.403,12.539
31.887,13.965
32.713,18.328
33.291,21.624
34.049,17.494
32.669,14.701
31.267,13.287
31.113,12.205
33.685,15.072
33.043,16.687
32.784,17.377
32.994,17.066
33.279,16.367
32.735,13.752
31.220,14.614
30.946,15.441
30.614,14.874
30.358,13.539
30.817,15.221
28.096,11.909
29.016,13.064
27.144,10.826
30.213,12.788
28.081,13.599
27.904,10.741
25.760,12.609
24.390,15.350
23.817,8.746
25.726,9.930
28.586,14.079
28.910,13.887
30.020,14.174
30.738,15.170
29.043,17.471
30.816,14.511
28.452,17.265
28.525,17.584
30.115,15.023
30.080,16.909
30.093,16.271
30.134,15.085
30.634,13.124
28.673,12.305
27.733,11.936
28.748,12.462
29.601,12.489
28.512,14.766
32.637,15.950
31.873,15.451
31.830,12.360
31.180,14.258
33.468,12.988
33.121,17.428
30.544,18.840
31.326,15.551
30.984,14.164
30.412,12.218
31.325,16.311
25.639,15.679
29.460,15.526
30.172,15.893
30.268,14.544
32.542,16.277
31.939,16.154
32.425,14.980
31.261,12.324
31.620,12.024
32.042,15.653
32.986,16.629
32.512,16.802
33.931,16.184
32.635,15.752
33.379,16.503
34.501,17.953
31.374,16.732
28.372,20.328
28.038,17.757
30.287,14.130
33.321,16.434
34.515,16.722
33.862,17.023
33.710,17.437
34.497,16.286
34.470,16.592
35.017,18.278
35.207,18.751
35.424,20.389
35.431,19.223
32.039,18.392
29.495,12.058
31.541,13.000
34.728,14.081
36.178,15.186
35.157,16.367
35.864,14.146
35.264,17.271
37.356,17.292
33.915,18.099
36.521,16.571
37.621,18.094
36.707,15.153
34.740,17.407
38.380,16.731
35.850,19.187
35.040,18.559
37.537,17.386
39.611,16.205
38.586,19.032
40.004,21.906
39.876,19.827
41.197,20.781
40.594,22.083
39.372,23.330
42.716,19.224
37.519,21.406
36.246,21.402
39.375,20.482
39.958,22.628
40.126,21.268
38.593,22.960
37.055,23.241
39.739,21.099
43.117,20.281
36.826,26.539
40.019,22.657
42.035,20.938
36.940,24.843
41.584,25.664
38.846,28.109
37.579,23.412
38.477,21.371
38.969,22.380
38.445,21.850
39.927,24.232
39.997,24.443
37.643,24.222
37.855,20.545
40.211,21.625
42.011,23.617
43.005,23.538
41.074,23.957
41.211,23.630
41.149,24.387
40.212,23.798
44.008,22.423
45.971,23.008
43.749,26.930
43.298,23.957
41.452,25.090
39.618,24.189
38.867,24.220
38.603,22.204
39.212,22.957
39.183,23.319
40.994,23.927
45.828,23.498
44.293,21.901
44.647,24.194
43.967,26.663
43.145,26.613
43.191,27.612
43.713,25.367
42.834,26.976
42.265,27.810
40.958,26.766
40.445,26.715
40.917,26.500
41.276,27.442
39.197,27.278
39.172,26.480
41.111,27.096
40.273,27.779
38.369,26.193
39.384,27.349
40.543,27.115
41.842,27.246
42.601,28.186
42.294,28.221
41.129,26.686
42.154,27.628
41.050,29.862
42.497,28.578
41.730,27.434
40.406,27.424
40.118,27.491
40.370,27.957
41.269,28.233
41.236,27.803
39.209,27.221
40.958,27.303
39.664,27.508
33.583,27.660
39.514,27.699
38.000,26.084
28.856,25.451
33.687,25.210
27.526,24.386
28.569,24.042
32.160,24.372
33.772,25.388
32.416,24.756
32.489,24.897
29.532,24.867
29.886,24.051
31.077,23.952
30.189,24.647
29.609,24.315
31.208,24.119
33.775,24.229
34.414,25.333
34.613,24.991
29.865,25.106
28.959,24.830
28.307,23.932
29.482,23.641
28.136,23.683
27.259,23.997
29.270,23.327
27.431,24.109
28.600,23.683
30.939,23.085
30.842,23.716
30.618,23.768
28.337,24.078
30.559,23.266
30.438,23.595
30.285,23.558
28.381,24.137
27.126,24.353
29.382,23.794
28.889,23.965
26.281,23.969
26.128,23.558
26.018,23.338
25.878,23.109
26.863,23.599
26.892,23.297
26.392,23.233
28.876,22.344
27.497,23.277
26.427,22.915
25.582,22.602
26.555,22.755
28.064,23.123
33.189,23.102
31.569,22.893
31.526,23.553
28.219,24.287
27.035,23.307
27.950,23.666
28.622,22.606
26.513,22.751
29.723,23.423
30.974,22.914
27.872,23.286
27.521,23.210
29.218,22.976
27.419,23.266
30.177,22.709
30.460,22.285
32.353,23.181
30.915,24.463
25.866,24.021
24.162,22.345
24.175,21.875
27.402,22.702
26.986,23.097
27.799,22.360
24.377,23.058
25.664,22.565
24.797,22.629
28.107,22.198
26.434,22.513
26.293,23.241
29.188,22.299
29.153,22.397
28.964,22.260
30.346,22.452
24.774,22.312
29.048,21.725
30.311,22.894
30.895,21.916
31.426,21.479
30.619,21.604
28.876,22.813
26.034,22.061
30.276,21.756
27.540,22.208
30.492,22.137
31.232,22.597
30.276,21.902
29.750,22.987
28.818,22.675
28.740,22.643
30.047,21.907
31.233,22.746
31.081,21.696
30.462,22.922
32.341,21.797
30.302,20.310
31.725,20.542
33.554,19.846
31.376,21.777
31.844,18.862
31.249,16.627
32.028,18.235
32.090,21.086
32.273,20.633
34.623,20.044
33.985,19.145
34.238,18.089
36.000,16.458
36.620,17.177
36.567,16.890
34.027,19.680
33.817,17.611
33.548,17.439
33.616,17.415
37.971,17.898
36.582,17.842
34.612,16.264
33.754,17.390
34.155,16.670
34.565,15.704
34.969,15.888
35.543,14.806
33.403,17.592
32.251,18.295
34.588,19.557
35.084,20.209
35.530,20.455
35.015,16.877
35.475,17.656
36.496,20.771
32.831,22.233
34.274,20.827
34.064,23.854
33.639,22.877
34.271,18.929
34.695,18.322
34.900,16.094
35.196,16.596
32.436,17.037
31.774,17.243
31.181,16.313
31.032,14.720
31.852,16.284
32.363,14.705
34.566,20.143
32.091,18.120
34.245,19.640
33.104,18.862
33.816,16.485
33.516,14.611
32.119,20.315
33.438,16.927
32.750,18.817
32.599,17.564
32.551,14.913
34.039,16.454
33.807,16.795
33.508,18.334
31.916,16.962
31.647,14.771
31.249,15.482
31.429,13.784
31.561,13.211
31.508,13.797
32.194,13.586
32.177,15.610
32.487,13.051
31.036,16.282
30.954,18.312
31.554,18.084
30.974,15.803
30.357,15.552
28.359,14.696
28.386,13.134
28.750,13.697
28.313,13.818
28.796,14.362
28.118,13.656
28.053,14.164
28.345,13.773
27.713,12.041
28.018,12.860
25.937,15.623
25.528,13.725
23.939,10.454
25.161,10.849
26.416,11.133
28.823,12.246
27.678,10.233
27.868,9.956
28.671,10.752
28.475,13.689
28.396,16.697
27.503,14.215
27.315,13.477
27.565,13.191
27.224,12.993
28.124,12.212
28.988,13.255
29.716,13.237
30.778,12.918
31.391,11.134
32.023,11.830
31.751,13.050
31.190,13.441
28.915,11.754
29.155,10.660
29.525,12.126
27.179,17.640
25.747,11.754
25.120,9.197
25.572,11.141
27.933,12.021
27.531,12.623
27.130,12.934
26.541,12.857
28.664,14.707
27.789,12.852
26.206,10.787
25.098,10.462
26.700,11.347
28.330,11.848
30.655,14.088
27.856,10.657
27.542,10.718
29.399,12.143
29.529,12.334
31.534,13.972
31.778,14.576
31.627,13.766
32.397,16.714
32.275,17.496
32.987,16.753
32.570,15.180
33.799,15.983
33.702,16.093
32.689,13.753
33.905,14.041
35.119,12.602
34.337,16.318
34.778,15.523
34.799,14.265
37.689,13.227
37.264,16.568
35.917,15.232
35.217,16.133
34.747,15.979
34.006,14.789
35.450,15.743
37.092,17.407
37.595,16.471
37.168,15.771
37.986,19.979
37.098,21.662
36.968,17.060
37.358,18.435
37.158,18.986
40.111,18.117
38.163,14.983
39.577,18.652
40.645,16.569
41.215,18.022
39.599,20.351
42.598,18.129
43.154,20.351
40.716,21.882
40.657,22.586
39.905,19.259
39.882,18.206
39.557,18.902
38.795,22.431
37.705,20.911
36.284,18.732
34.952,17.458
37.404,18.685
40.849,20.517
41.426,21.794
39.673,19.957
38.668,20.418
38.420,20.346
39.088,21.190
38.098,21.156
39.903,22.230
38.932,23.561
38.197,21.462
37.845,20.960
37.698,22.986
38.941,22.159
38.988,20.595
39.694,21.879
40.441,22.175
40.714,22.668
40.588,23.848
40.727,24.660
39.812,23.180
38.242,23.691
37.139,25.047
37.166,22.660
39.414,23.387
40.457,22.975
40.116,24.055
39.959,24.328
42.786,23.503
41.706,22.636
42.292,23.955
41.455,25.237
41.203,25.899
41.187,24.489
40.448,24.940
40.969,22.937
43.889,20.738
46.534,22.588
47.705,24.923
44.629,23.502
43.195,26.102
42.525,31.792
39.931,28.559
40.800,31.055
40.651,29.342
36.054,27.310
37.022,27.467
36.560,27.017
36.934,26.674
36.667,27.082
40.611,26.762
40.086,28.391
40.106,27.686
41.541,25.997
39.909,25.892
39.830,25.913
39.577,26.235
39.157,25.868
39.115,25.605
39.905,24.544
39.459,24.922
40.939,26.163
41.365,25.981
43.030,26.632
43.173,27.484
43.002,28.398
42.217,28.507
42.298,27.756
41.808,28.332
41.051,28.036
41.922,28.785
41.559,28.452
41.780,26.249
42.211,27.565
36.942,27.452
40.053,28.083
37.933,29.302
39.553,27.876
35.940,26.388
37.178,25.444
37.001,25.246
29.126,25.044
30.038,24.504
31.118,23.636
33.042,23.128
33.042,24.229
35.628,24.645
35.837,25.403
36.286,25.307
34.565,25.072
34.155,24.581
34.614,24.827
34.391,24.717
33.255,25.041
33.359,24.507
31.363,24.738
32.648,24.840
32.789,24.451
36.357,24.828
33.140,24.350
31.440,26.097
28.811,24.932
27.320,23.856
30.704,23.899
30.650,23.606
30.849,23.533
30.036,23.269
34.724,24.404
33.883,23.550
36.837,23.896
36.390,24.880
37.622,25.397
34.586,24.739
29.052,24.515
31.732,22.668
29.649,24.016
32.373,23.101
32.950,23.546
36.134,23.081
34.560,23.406
34.036,24.347
32.760,24.412
27.557,23.444
28.837,23.591
29.670,23.398
29.815,24.418
26.268,22.522
24.196,22.070
26.352,22.497
29.855,23.247
30.952,24.428
26.844,24.785
26.991,23.945
25.036,23.460
25.142,22.844
25.300,22.949
24.845,22.901
25.176,22.938
23.386,22.186
23.483,22.160
24.258,22.643
25.226,22.719
23.300,22.375
25.351,22.297
26.084,22.689
25.196,22.465
26.830,22.892
27.341,23.025
27.767,23.996
23.780,22.003
23.248,21.876
26.163,22.544
29.349,21.768
29.638,21.882
30.294,22.171
30.245,21.688
30.525,21.223
29.297,21.862
28.316,20.748
28.600,20.144
29.098,21.729
30.120,20.682
30.391,19.896
30.486,21.167
33.750,22.175
33.865,22.086
32.865,22.755
31.856,23.010
30.851,21.738
33.292,21.227
32.636,21.254
29.859,20.861
31.127,20.745
33.147,20.395
32.084,21.636
30.221,22.551
29.737,22.993
31.184,22.019
33.553,22.729
36.192,23.591
33.725,23.655
34.235,23.744
32.678,22.803
33.480,22.394
35.449,22.070
36.237,22.027
34.257,24.092
31.885,22.843
36.011,22.994
30.899,22.875
32.155,21.059
31.450,23.568
28.796,23.707
29.002,22.596
30.945,22.609
32.281,21.245
27.823,21.593
29.022,20.071
31.293,20.277
31.658,16.467
34.445,17.170
34.527,18.713
33.900,17.804
33.672,17.134
31.868,17.282
31.830,15.237
32.975,16.445
32.043,16.960
32.869,15.953
33.343,17.374
33.215,17.631
33.373,18.614
35.900,19.081
33.924,17.779
35.167,17.659
35.033,17.933
33.590,20.134
32.563,16.517
32.179,18.118
30.852,20.153
32.224,20.397
31.686,18.902
31.476,18.711
30.908,17.326
32.673,17.498
32.749,17.647
34.455,18.156
33.713,18.885
33.659,22.214
33.032,21.085
32.246,20.203
34.382,18.979
34.593,20.135
34.260,18.727
33.238,17.898
33.411,18.432
32.385,17.799
34.097,15.818
34.201,16.672
34.373,17.236
33.746,16.970
32.338,16.308
31.943,13.751
31.632,16.052
32.463,16.869
32.134,16.451
32.784,16.628
31.598,16.628
29.962,14.472
31.217,12.162
29.425,15.318
29.765,15.663
29.512,15.230
30.822,15.091
31.180,14.902
30.400,16.519
30.551,15.755
32.239,15.511
31.895,15.488
31.452,16.803
30.015,14.663
31.010,14.787
31.452,14.603
31.348,14.919
32.093,14.820
31.230,15.262
31.368,14.941
29.317,13.614
27.651,11.551
29.100,11.392
28.211,14.129
27.949,12.391
28.932,13.049
27.519,14.934
27.639,13.185
28.713,14.105
29.935,16.837
30.074,16.798
29.976,18.278
29.049,18.579
26.594,15.100
27.573,11.946
29.034,13.169
28.925,16.291
30.992,15.112
29.565,13.761
27.817,12.553
29.118,12.455
28.659,12.101
26.201,11.747
25.936,10.817
26.720,12.168
28.680,11.448
29.586,11.920
29.577,12.099
28.923,11.109
24.867,10.157
23.008,8.388
24.355,9.950
25.839,11.032
28.401,12.605
28.237,11.585
25.851,11.739
28.497,11.751
29.142,13.644
29.314,13.370
28.574,11.771
25.673,12.493
25.375,11.330
28.034,13.037
26.601,14.274
25.886,11.756
27.739,11.165
28.162,12.438
28.698,10.846
30.077,12.689
31.322,13.399
29.710,13.425
32.647,13.745
33.597,19.349
34.201,18.426
33.566,15.885
33.297,14.379
34.900,17.432
33.869,15.440
32.201,17.088
30.458,17.437
28.143,15.472
26.299,12.531
25.455,10.560
27.086,9.435
29.389,11.794
28.130,11.892
30.577,12.588
33.128,13.393
34.569,13.350
35.415,17.478
36.595,16.497
34.162,16.938
35.852,22.207
36.688,24.197
35.368,18.309
37.999,21.113
34.509,17.249
34.787,18.593
32.746,18.753
30.372,21.005
32.461,17.458
30.684,15.076
31.179,14.966
32.931,16.375
35.815,17.428
38.427,17.349
37.513,16.036
38.951,17.367
39.644,18.514
38.419,18.261
38.413,18.362
37.897,19.420
36.974,20.744
33.453,19.894
33.670,17.737
33.496,15.845
39.762,16.213
37.729,17.246
36.537,20.306
36.835,19.386
36.659,18.603
35.535,17.441
36.514,19.954
38.169,20.045
42.636,19.348
42.406,20.897
44.452,19.404
42.235,20.694
42.204,17.060
39.536,19.154
37.057,19.659
35.884,17.890
34.792,16.793
40.598,16.613
39.853,19.210
40.124,21.862
36.784,20.831
38.957,21.038
39.419,24.743
40.251,22.088
42.095,22.811
42.471,20.158
46.308,22.080
41.751,24.635
39.396,23.857
37.006,26.883
39.584,22.638
38.558,23.157
40.206,21.439
39.226,22.812
39.483,22.812
38.268,23.388
38.830,23.601
39.657,22.996
39.400,25.014
39.026,25.079
36.740,25.690
36.944,24.821
39.891,24.445
39.940,26.176
39.878,24.867
39.093,25.672
39.096,24.553
37.788,23.020
38.632,21.316
39.851,22.052
41.205,23.317
41.202,24.323
42.103,25.392
40.165,26.470
40.052,25.561
42.700,25.821
42.884,25.762
42.832,26.872
41.892,27.505
41.313,25.631
41.735,27.166
42.271,28.220
41.070,26.666
42.840,26.010
43.917,27.902
40.699,26.669
43.773,26.690
42.561,27.658
43.495,28.214
42.262,27.729
40.934,28.846
41.722,26.539
42.496,26.862
42.672,28.215
40.332,25.742
38.239,26.675
42.033,26.760
43.226,27.133
41.404,28.682
38.984,27.883
40.153,28.331
40.922,27.648
39.895,27.700
38.173,29.039
40.791,27.432
43.133,28.022
37.597,28.575
44.141,27.680
39.149,28.680
37.990,26.741
38.996,26.035
34.517,26.313
32.454,25.198
28.492,24.637
31.149,24.166
25.916,23.686
29.571,23.275
28.753,24.101
28.236,23.727
25.707,23.341
24.853,23.630
26.508,23.791
26.558,23.885
28.611,23.670
27.053,24.033
30.786,24.050
26.869,23.219
29.017,23.780
30.486,23.891
26.511,23.923
30.827,23.410
27.082,24.081
26.133,23.911
28.205,24.106
29.047,23.254
30.909,23.233
31.755,23.968
28.870,23.970
32.181,23.349
32.163,23.698
34.322,23.939
32.610,23.846
30.734,24.451
29.655,23.963
29.458,23.536
24.051,22.605
24.495,22.150
25.558,23.205
30.543,23.244
26.693,24.234
25.246,23.827
24.802,23.432
27.860,23.307
26.083,23.288
24.123,23.075
26.823,23.119
26.603,23.243
27.690,22.807
28.029,22.326
27.045,22.565
27.973,22.508
30.964,22.099
27.610,23.450
30.128,22.607
27.179,22.382
27.171,22.941
29.901,22.794
29.623,22.416
28.443,22.866
28.330,22.736
29.410,22.778
29.927,21.868
28.992,22.076
28.741,22.345
27.101,23.141
29.857,23.208
30.972,21.909
33.069,21.467
30.988,21.315
33.393,20.526
36.037,22.456
36.956,21.601
36.136,23.707
38.995,22.975
38.143,23.563
34.997,23.706
31.290,23.995
34.330,24.193
32.096,23.574
31.577,23.952
31.905,23.334
30.543,23.618
27.694,23.699
27.786,22.780
25.967,22.647
25.666,22.610
28.217,22.499
25.338,22.708
26.141,22.523
28.834,22.433
31.718,23.376
31.018,23.355
27.192,23.175
23.165,22.403
29.411,22.102
28.355,21.886
27.812,20.352
29.378,18.510
30.260,20.289
33.141,19.688
30.813,21.266
31.817,21.101
30.074,21.376
32.885,19.183
34.825,18.781
34.143,19.097
34.874,20.206
35.571,19.976
35.539,20.320
32.644,20.376
33.425,20.878
34.214,19.690
34.253,21.226
34.011,22.759
32.193,20.359
33.142,20.943
34.645,20.327
35.009,21.002
34.218,21.452
35.698,18.640
34.492,18.848
32.591,18.254
32.313,18.563
33.283,22.167
30.864,20.403
36.735,19.312
33.587,19.475
34.176,17.750
32.971,14.835
34.139,16.044
33.859,16.442
34.022,15.061
32.340,15.434
32.090,17.163
32.884,17.996
32.172,16.367
31.554,16.641
34.109,16.547
31.535,16.523
31.908,15.135
31.752,14.800
32.238,15.646
32.799,15.937
34.018,12.418
32.586,15.226
34.450,16.112
34.197,14.194
34.803,15.267
34.516,14.121
33.770,16.095
33.338,16.610
34.351,15.989
33.159,16.123
32.833,15.189
31.468,12.983
31.386,14.531
31.553,16.551
31.100,16.012
32.253,14.184
32.078,14.751
30.306,12.332
27.792,13.303
31.063,15.633
32.065,20.537
30.423,18.080
30.689,16.309
32.320,15.556
31.688,14.682
31.460,14.698
30.177,14.173
30.032,14.386
28.769,13.630
28.419,13.547
29.767,13.304
29.242,13.342
28.608,13.329
28.567,13.109
27.750,12.528
28.710,12.849
27.610,12.941
28.188,12.172
28.365,9.809
28.303,13.064
26.210,12.563
26.021,12.453
25.549,11.649
25.990,10.927
28.496,11.171
29.871,10.477
29.100,11.280
27.948,10.970
28.561,10.119
28.981,14.146
28.406,13.521
28.889,11.450
28.591,13.768
28.929,14.325
28.811,14.928
28.389,14.925
28.721,12.849
30.416,13.032
31.919,13.003
30.553,14.035
31.569,10.717
30.542,11.632
31.265,14.219
31.442,14.604
32.797,16.166
31.806,15.263
30.932,13.411
29.653,15.019
29.484,13.146
28.550,12.954
28.272,12.458
25.258,9.706
26.848,10.394
26.323,11.660
27.540,11.221
28.734,12.365
30.309,13.075
31.110,13.684
32.343,15.443
33.218,16.011
33.286,15.823
33.575,17.318
35.215,17.576
34.333,17.241
32.802,13.671
33.446,13.552
32.377,12.972
32.731,12.103
33.467,11.443
33.972,14.428
34.744,15.448
35.237,16.600
35.512,17.121
35.216,16.022
33.104,15.770
32.769,16.310
33.988,14.356
37.853,16.898
37.525,16.186
38.010,19.526
37.414,17.751
37.592,19.552
37.892,18.533
38.966,20.257
38.471,19.749
36.878,23.805
35.493,23.010
32.149,23.322
32.481,20.060
34.923,19.910
34.927,18.280
34.123,19.900
35.413,13.668
35.967,16.199
37.666,17.843
34.008,17.665
23.475,17.906
27.223,15.769
27.256,15.442
31.540,16.265
31.236,14.765
25.586,18.644
29.277,19.390
30.220,19.072
34.377,17.438
32.635,18.748
35.428,21.513
36.133,21.271
38.977,20.170
35.072,19.023
37.517,18.524
37.059,19.866
36.644,19.426
34.911,19.758
36.279,16.601
38.641,15.578
40.457,20.610
37.928,19.363
38.438,17.662
36.996,19.062
37.088,20.845
37.612,19.750
37.807,19.807
38.924,20.442
39.917,21.662
39.700,22.185
39.446,20.504
38.521,20.680
38.534,21.394
38.727,19.976
37.975,19.897
39.741,19.815
39.427,19.958
40.575,21.639
39.044,22.856
36.767,23.213
37.000,20.209
38.806,19.603
43.030,21.643
42.479,23.211
40.702,23.828
38.772,24.871
38.683,22.806
41.789,22.966
41.199,24.237
40.425,23.160
41.062,24.153
41.028,24.248
41.214,24.688
40.945,24.760
41.938,25.767
41.836,26.480
44.683,25.064
48.235,25.827
43.669,26.462
41.960,25.279
42.478,24.912
42.387,25.893
41.546,26.443
41.746,25.811
41.755,25.981
41.723,25.387
41.328,25.790
40.208,26.455
40.943,26.981
40.577,27.146
43.366,28.226
39.470,28.440
38.815,27.339
38.337,26.523
39.540,27.766
39.857,26.791
40.712,27.507
41.159,27.856
41.376,27.224
41.780,26.648
42.581,28.061
42.018,27.646
43.758,28.299
38.885,29.595
39.054,28.128
28.973,24.900
33.783,24.206
32.994,24.556
36.140,24.270
35.956,24.530
36.651,25.004
37.519,25.908
38.473,27.072
38.784,27.093
38.380,27.589
37.874,25.796
37.045,25.513
38.373,25.711
39.328,26.749
39.508,26.195
39.261,24.882
43.385,26.408
37.766,27.359
42.119,29.137
36.711,28.688
39.557,27.088
42.624,27.497
42.541,28.308
41.092,28.547
36.511,27.718
38.490,26.288
34.058,26.116
34.474,25.766
31.821,25.385
39.534,24.203
36.641,24.062
35.092,25.650
34.016,25.813
31.140,25.624
26.965,24.245
27.687,23.941
26.809,24.331
26.537,23.654
28.321,23.604
27.717,23.818
26.884,23.986
27.791,23.746
32.812,23.944
32.719,24.484
34.084,24.393
31.212,23.860
30.147,23.992
24.095,23.353
27.633,23.047
25.990,23.284
24.955,23.387
26.720,23.023
27.759,23.180
28.378,23.359
29.632,22.662
27.274,23.363
26.073,22.784
25.500,23.289
26.576,23.606
24.894,22.667
22.932,22.098
24.885,22.178
27.521,22.449
24.789,22.973
27.927,23.208
28.329,23.638
27.027,23.243
24.960,22.705
25.416,23.011
24.091,22.999
23.660,22.739
26.086,23.123
28.702,23.127
27.938,22.768
27.265,22.436
28.043,23.827
26.249,23.133
24.382,22.482
24.047,22.311
25.732,23.000
24.988,23.016
24.887,22.522
28.513,22.647
27.960,21.632
25.004,21.594
25.276,21.806
28.478,21.641
25.717,22.341
25.348,22.098
29.989,21.687
22.596,21.615
24.138,21.637
27.079,21.668
27.088,22.129
29.280,22.693
30.824,21.973
26.460,23.422
29.064,21.878
29.777,19.957
32.670,19.766
32.665,21.074
31.492,22.232
30.377,21.466
31.848,19.711
33.608,21.525
30.753,22.980
29.854,23.456
32.180,23.122
30.974,21.983
31.330,21.543
31.581,23.435
30.285,24.126
28.398,23.482
29.161,22.791
29.108,22.861
29.679,23.045
31.018,22.887
30.530,22.848
33.290,23.012
30.867,22.709
32.007,22.713
32.530,22.121
29.148,22.253
32.828,21.979
34.470,20.704
33.742,19.836
33.057,21.848
32.198,20.046
33.509,15.914
32.573,17.488
34.490,16.451
34.287,17.209
34.455,18.510
33.568,15.633
35.869,23.370
36.938,23.706
38.536,20.580
38.672,20.212
35.890,19.538
36.252,19.416
34.845,21.253
35.621,20.267
36.415,19.478
37.277,19.036
34.277,20.249
35.223,19.013
33.736,18.736
34.713,19.731
33.431,19.257
32.862,19.858
33.228,19.568
32.845,21.010
33.295,20.939
32.421,20.620
32.216,18.910
34.730,23.450
36.235,21.196
32.270,21.876
35.419,17.436
30.478,19.568
32.227,15.989
33.050,16.007
31.395,17.203
31.913,17.249
33.474,16.851
31.888,17.908
31.233,17.933
31.311,17.775
31.644,16.767
31.539,17.056
31.960,16.220
33.134,12.677
30.720,15.953
29.813,20.335
33.245,14.810
31.701,14.301
29.991,14.499
31.760,15.537
30.189,14.925
32.060,13.790
28.895,16.729
32.353,16.295
27.601,16.740
31.053,16.265
31.980,19.145
31.897,18.255
30.876,14.818
31.630,17.180
31.882,19.329
31.597,16.492
30.284,14.591
29.882,12.810
29.172,13.364
29.113,13.829
29.935,15.050
32.231,15.976
31.760,15.422
31.993,16.053
30.645,16.751
30.301,14.875
30.031,14.824
29.904,14.656
29.730,14.314
29.557,15.282
29.634,15.276
29.944,16.379
29.737,16.878
30.600,17.019
30.120,18.079
29.102,15.462
29.662,15.704
30.010,15.012
29.582,12.231
27.122,12.871
27.157,11.223
29.148,12.098
28.354,12.846
28.329,11.169
28.523,13.858
27.998,13.491
28.577,14.175
29.811,13.931
29.949,13.356
28.962,14.485
28.916,13.156
30.318,13.746
28.569,13.063
29.361,10.253
28.702,10.810
27.702,13.117
29.365,13.766
30.724,13.319
29.141,12.637
28.417,12.890
29.964,13.583
30.484,15.007
30.862,15.536
31.907,16.120
32.827,16.603
33.177,16.706
33.272,13.994
33.365,22.285
24.447,17.177
33.713,17.835
32.979,17.313
32.701,16.810
32.868,16.285
30.846,15.164
34.015,13.537
30.926,13.942
31.086,15.289
32.922,14.077
32.736,17.439
28.863,17.900
30.301,18.316
28.707,14.491
24.830,15.724
27.156,14.070
28.028,13.830
29.273,14.542
29.238,14.578
30.716,12.941
33.975,15.726
33.425,17.192
33.546,18.207
34.501,15.125
34.772,16.286
33.348,21.717
32.148,21.356
32.652,15.375
33.879,13.777
33.370,15.670
30.828,16.857
33.238,17.379
32.324,16.296
36.506,16.246
36.739,17.919
36.212,16.876
36.397,17.769
33.866,14.778
33.416,15.598
33.808,17.991
35.688,16.210
33.566,20.057
32.058,21.453
33.101,18.035
32.933,16.952
37.390,18.007
37.532,16.016
38.784,16.736
38.622,20.368
37.095,22.120
35.791,22.237
35.786,18.834
37.365,19.540
39.300,20.293
36.697,20.780
41.814,19.966
43.094,21.398
42.096,21.047
41.008,18.738
42.771,21.634
44.799,23.702
39.656,24.352
39.407,22.506
40.100,22.168
41.395,21.091
44.608,21.862
43.036,20.146
41.323,23.673
39.500,23.588
39.491,21.347
40.652,20.743
40.437,21.667
40.432,22.767
40.537,21.530
41.438,21.022
42.705,25.833
43.095,25.040
46.257,26.387
42.393,25.044
42.907,24.522
45.978,24.819
39.634,25.498
39.410,23.644
38.749,23.417
40.405,22.798
41.301,24.116
42.064,24.283
42.621,25.345
44.403,25.827
39.968,28.828
42.665,29.748
44.791,28.205
44.509,28.911
43.193,27.475
41.072,27.573
43.610,25.387
41.679,26.541
42.440,27.458
41.571,26.427
41.893,24.662
42.231,25.760
41.842,25.585
41.181,25.788
40.339,25.889
40.754,26.007
39.671,25.933
39.701,26.122
41.556,26.898
40.927,26.401
40.094,26.621
39.316,26.619
35.586,25.665
39.548,25.416
39.564,25.526
39.649,25.640
39.372,26.513
39.678,25.875
41.144,26.057
37.668,26.148
40.250,25.788
41.351,26.203
47.220,26.824
42.806,28.964
40.062,28.627
32.825,27.956
35.790,26.974
38.454,28.263
36.081,27.169
40.029,27.930
41.796,28.992
41.672,29.194
40.507,28.975
40.461,27.855
41.114,27.814
41.621,28.830
36.660,28.357
30.970,27.166
33.494,26.242
37.890,27.039
36.641,26.511
37.500,26.292
39.030,27.026
37.493,26.233
38.593,28.061
36.793,29.015
28.951,26.238
28.111,24.489
30.220,23.724
28.920,24.668
31.542,23.957
32.174,24.739
29.249,25.101
29.662,25.307
25.617,24.147
24.452,23.622
26.820,22.926
26.720,23.501
26.308,23.557
24.291,23.433
25.228,23.730
25.600,22.513
24.354,21.818
24.042,22.623
28.691,23.145
28.944,23.838
28.310,24.049
26.944,23.828
28.387,23.339
28.816,23.422
31.089,23.088
31.571,23.337
30.144,22.705
30.447,22.708
32.301,22.975
34.521,22.936
34.047,24.278
28.611,24.407
31.010,23.185
30.605,23.900
30.250,24.081
30.559,23.727
28.897,23.200
30.918,23.420
29.561,23.017
28.508,23.278
27.332,23.812
26.571,23.399
26.678,23.451
27.668,23.334
26.282,23.212
26.327,22.680
25.125,22.144
28.091,23.609
27.545,22.952
26.933,22.486
25.670,23.110
24.928,22.823
27.327,23.107
26.394,23.043
25.200,23.291
27.209,22.480
30.118,22.352
29.482,22.663
24.861,22.872
27.758,22.355
29.161,21.497
30.543,21.609
31.181,22.411
32.588,22.507
29.742,23.904
30.850,23.737
25.190,22.984
27.285,22.437
28.343,22.416
30.869,22.259
29.518,22.697
29.005,23.469
29.141,23.243
28.811,23.218
25.976,23.954
26.640,22.906
29.494,22.511
30.130,21.427
29.241,21.205
30.206,20.398
31.127,19.294
29.056,21.365
30.857,21.203
30.767,20.741
31.506,20.872
33.101,20.895
32.372,23.200
31.636,23.488
29.334,24.163
30.839,23.816
29.276,24.656
27.453,24.506
29.266,22.451
30.817,21.786
29.539,22.347
28.703,22.475
30.571,22.137
32.013,20.582
29.736,19.952
33.179,21.073
31.891,19.022
33.812,17.947
31.500,18.935
31.365,18.944
32.336,18.078
32.214,18.225
32.790,16.894
34.487,17.035
35.588,16.943
35.507,18.536
30.948,19.263
35.489,18.238
35.755,18.501
33.984,15.391
35.993,15.966
34.839,14.682
34.179,14.710
34.868,16.337
36.598,14.719
36.800,14.169
36.859,15.091
36.361,15.575
34.570,18.073
34.060,18.712
33.708,19.159
34.056,18.004
34.983,18.808
35.266,18.075
33.361,18.224
34.014,18.559
34.843,21.975
35.204,23.888
36.450,22.799
35.629,22.374
38.506,23.169
36.056,17.527
35.538,16.270
35.287,16.532
35.160,18.607
34.088,17.715
35.593,16.622
33.443,15.810
33.009,17.970
34.796,16.748
32.778,16.920
32.691,16.643
31.466,15.446
32.444,14.989
31.495,16.477
30.942,15.703
31.050,13.353
31.369,13.805
32.164,12.705
31.551,14.136
30.979,14.394
31.532,15.482
31.118,14.743
30.832,11.863
30.488,14.726
30.696,15.577
29.921,16.113
26.427,19.130
31.240,15.366
29.083,15.792
28.384,15.609
28.668,15.990
29.726,15.795
28.154,14.234
28.905,14.371
30.063,15.166
29.031,14.578
28.109,13.564
27.966,15.981
27.511,15.828
21.987,15.342
29.372,14.926
28.473,14.384
29.115,14.231
29.144,14.083
31.098,15.640
32.997,16.673
32.950,16.953
33.389,15.092
31.794,15.629
31.265,16.003
30.312,14.659
30.555,14.215
28.790,12.633
28.469,10.463
29.998,12.520
30.755,14.295
28.523,9.440
28.813,11.101
28.048,12.985
29.700,14.693
30.019,15.491
30.709,13.420
30.380,16.287
29.836,15.919
30.828,12.965
29.624,12.647
27.111,13.246
30.861,14.422
30.446,13.886
30.506,15.251
31.622,14.811
32.195,14.920
31.482,15.188
29.105,13.381
28.026,10.943
28.579,11.485
27.530,11.574
26.702,11.599
25.642,7.934
25.769,9.958
25.849,9.691
23.003,7.106
24.706,9.040
26.277,10.169
27.806,10.229
24.630,13.513
25.479,9.861
25.301,10.310
27.476,10.609
23.140,13.440
23.664,6.337
23.481,6.118
24.203,6.681
24.094,7.362
23.202,8.290
23.988,9.069
26.081,8.642
28.655,11.658
28.472,12.240
29.153,11.862
31.067,13.827
32.163,14.879
32.995,15.526
32.471,11.834
34.557,12.382
34.079,16.508
33.893,14.664
34.350,15.582
33.331,12.997
33.232,14.016
31.731,14.489
34.074,13.326
34.095,15.475
35.212,15.486
35.580,15.724
37.697,16.394
35.801,13.835
35.376,14.152
35.147,13.898
35.564,13.969
35.740,14.446
38.673,15.967
37.813,18.111
36.369,18.550
37.086,17.138
36.865,20.835
37.419,19.443
37.889,21.934
36.889,22.271
39.272,24.030
38.714,19.902
40.320,17.500
38.165,16.867
38.889,18.343
37.336,19.228
37.343,17.604
38.453,17.416
38.942,16.752
38.486,20.636
38.404,23.628
38.405,22.697
38.956,18.692
41.753,20.462
40.365,21.214
39.171,20.034
37.988,20.884
35.761,24.600
35.918,19.436
36.625,20.625
34.608,19.847
35.592,17.386
35.259,17.976
40.589,21.332
34.590,23.161
39.894,22.074
42.140,18.710
43.866,20.950
41.410,23.389
41.410,22.604
39.726,23.308
39.508,23.241
40.378,21.543
39.415,21.474
40.126,22.887
42.333,22.141
40.235,21.728
41.145,21.008
39.967,22.769
41.810,23.278
42.468,25.198
46.531,24.861
43.242,24.963
43.125,24.943
41.737,25.160
42.434,23.784
41.017,24.652
41.226,24.232
41.071,24.838
39.650,23.224
40.475,24.450
39.840,23.736
39.747,23.959
37.973,24.234
38.875,24.978
40.394,26.142
39.232,25.984
38.449,25.168
39.364,25.399
39.906,25.131
40.402,24.721
41.192,26.413
40.401,26.100
39.320,26.049
39.537,25.853
39.593,25.149
39.689,24.723
39.574,25.245
38.547,24.985
39.489,25.798
40.651,26.276
40.700,26.636
41.240,25.241
41.039,25.850
41.041,27.841
40.803,27.450
41.239,27.384
39.917,27.094
40.932,27.378
40.335,27.057
39.780,27.977
41.257,28.359
39.481,26.641
37.939,27.788
31.377,26.627
34.627,25.091
38.377,26.080
27.829,24.291
29.611,24.467
32.460,23.699
27.433,24.011
31.004,23.462
30.136,24.563
26.810,24.152
31.080,24.500
25.666,24.148
34.329,23.658
31.308,25.124
26.208,23.852
31.277,23.674
35.089,24.940
35.910,25.493
36.454,26.098
31.656,26.793
28.349,24.785
27.638,24.100
31.756,23.422
28.753,24.321
26.713,24.390
28.321,23.742
27.913,23.591
27.147,23.405
28.438,23.754
28.491,23.824
32.749,24.173
29.731,24.047
30.120,23.494
25.338,23.198
24.638,22.956
23.775,22.335
27.008,21.961
25.939,22.824
27.503,23.442
29.290,23.296
31.071,23.507
32.637,23.132
29.242,23.876
28.845,23.718
30.779,23.353
32.952,23.968
34.030,23.795
34.840,23.444
33.469,24.210
32.375,24.414
26.222,23.951
25.038,23.226
27.240,22.771
31.290,22.849
29.480,22.956
28.922,22.880
29.686,22.655
27.691,23.051
28.376,23.180
28.036,23.668
26.603,23.733
26.603,23.681
28.151,22.448
25.124,22.727
25.494,22.848
27.166,22.941
28.913,23.235
25.411,23.719
26.082,23.170
24.177,23.426
26.652,22.719
26.972,23.067
28.805,22.348
26.666,22.490
26.741,22.284
30.670,22.221
30.325,21.346
29.561,20.609
31.832,20.636
33.056,22.577
26.473,23.068
27.299,22.807
24.870,22.279
29.853,22.183
31.107,21.003
31.579,20.293
32.185,20.794
34.392,21.148
34.717,22.880
38.090,22.544
31.311,24.674
29.937,24.082
29.005,23.086
27.828,22.350
27.465,22.924
31.622,21.392
31.018,23.589
30.150,23.315
31.409,24.039
30.971,23.418
28.487,23.293
26.233,22.611
28.921,21.796
28.057,23.380
26.404,23.433
27.649,23.605
29.265,23.828
29.911,23.462
30.112,21.912
29.696,20.526
31.884,19.067
31.191,21.247
31.266,20.217
31.385,18.813
31.042,19.825
31.515,18.943
32.211,17.176
35.256,18.782
34.333,21.698
36.532,24.053
38.823,22.569
35.439,22.761
35.846,20.188
33.642,21.220
33.189,20.808
35.039,20.875
37.664,21.390
36.997,19.860
37.872,20.262
38.917,18.513
38.096,20.087
37.872,19.439
35.981,21.602
36.665,22.471
36.557,22.225
35.878,20.635
35.239,19.102
35.115,18.420
35.130,18.367
34.926,19.964
36.265,18.891
36.737,17.838
35.513,16.699
34.782,15.203
35.297,17.098
35.134,16.563
37.247,17.398
35.956,19.532
37.038,16.716
34.904,16.669
37.315,15.556
34.391,17.266
34.319,16.390
35.868,15.814
34.677,18.807
34.362,17.527
34.121,17.071
33.289,17.030
32.743,17.910
32.115,16.666
32.687,19.361
33.124,19.639
33.893,17.145
32.293,17.747
28.105,20.669
31.604,20.674
28.936,21.043
30.990,21.344
30.989,17.937
30.304,15.925
31.037,15.487
30.471,14.805
30.166,14.993
30.646,15.053
30.335,15.544
29.034,16.064
30.897,16.272
25.540,18.930
25.020,19.809
32.643,18.169
33.418,18.899
33.757,19.116
32.962,19.257
32.621,19.015
32.434,18.170
31.844,17.461
32.613,18.511
33.570,18.294
33.733,17.928
31.653,17.161
31.990,18.638
33.168,16.921
31.771,18.663
31.593,18.650
31.757,19.112
32.364,19.364
30.542,18.118
23.335,18.316
28.205,15.668
25.731,16.170
31.365,14.294
29.242,13.657
30.187,12.244
29.959,10.052
28.234,9.888
27.485,9.091
29.234,9.670
29.937,9.801
29.873,11.702
28.464,13.659
28.762,13.609
30.047,14.080
30.013,11.900
27.909,11.793
26.688,11.977
21.312,13.310
23.322,14.849
25.856,15.537
30.231,17.188
30.816,17.352
31.132,19.129
31.178,18.160
30.123,18.452
30.110,18.205
31.403,20.100
31.733,17.439
31.188,16.854
31.935,16.984
32.904,17.689
27.874,18.075
33.583,17.807
33.660,16.169
32.793,16.361
33.313,15.819
31.536,14.362
31.474,13.772
32.605,13.099
31.578,15.018
33.994,15.308
32.899,15.697
32.890,14.595
32.134,15.477
31.696,12.014
31.626,12.636
30.546,12.770
30.478,12.458
32.494,14.514
33.727,16.472
33.613,12.933
30.016,17.892
28.430,11.651
31.231,13.286
30.764,14.227
31.264,13.046
31.824,14.544
34.007,15.915
34.299,16.711
34.613,17.697
36.434,18.374
35.096,19.418
36.697,20.310
35.967,19.242
35.034,16.690
33.610,17.205
34.996,17.540
36.484,16.781
36.095,17.597
36.219,18.485
38.476,17.823
38.406,18.429
38.931,20.691
37.935,17.622
36.701,18.704
36.720,17.201
34.351,15.592
35.157,15.002
37.712,20.482
37.365,17.361
40.996,18.455
40.529,20.284
37.680,19.793
36.763,24.567
37.602,20.083
37.708,16.312
36.830,17.974
36.377,17.259
37.162,18.959
36.784,19.554
35.713,18.215
36.564,18.633
38.161,22.841
37.872,17.645
36.882,20.019
39.178,21.309
35.784,17.266
36.463,18.174
38.079,21.290
39.058,21.934
39.389,23.314
39.739,21.456
43.410,25.824
43.875,23.393
40.080,24.067
39.616,23.341
34.853,25.190
37.963,20.823
35.715,21.169
37.422,19.072
40.370,21.522
42.214,22.167
44.545,18.888
42.171,23.142
41.668,21.065
39.654,25.755
36.589,26.032
39.577,24.058
42.609,20.579
46.681,20.811
42.110,23.422
39.910,24.560
39.874,23.221
39.932,21.582
42.316,22.530
42.426,25.910
47.091,21.826
45.925,21.234
43.902,24.301
44.974,26.141
43.697,26.139
42.241,25.232
41.954,25.077
41.831,24.519
40.312,24.631
40.410,24.535
40.973,25.705
40.886,24.386
42.618,25.370
41.287,25.552
41.074,24.797
40.079,25.598
42.130,25.827
42.560,26.412
42.853,26.653
42.465,26.292
41.970,27.402
43.285,26.387
36.466,27.500
40.959,27.377
39.229,27.260
42.662,26.251
40.589,27.443
41.679,28.392
41.897,26.658
40.888,26.464
40.843,25.894
41.061,25.911
42.068,26.644
41.392,27.389
40.661,26.454
40.719,27.601
39.820,28.359
40.133,27.557
39.772,27.979
40.451,27.414
39.323,27.309
39.749,27.417
39.720,26.647
39.756,26.998
39.895,27.035
41.165,26.289
39.420,26.219
40.361,26.812
39.912,27.029
40.783,26.747
40.026,26.469
40.336,26.374
41.055,26.925
39.629,26.975
39.346,26.522
41.416,27.075
39.115,26.834
38.225,26.707
43.455,26.883
39.219,26.727
40.368,25.807
38.465,26.475
37.320,26.718
30.131,24.583
34.081,24.556
35.181,25.222
34.993,25.352
32.130,25.975
32.922,25.044
30.676,25.019
37.234,24.473
38.603,25.184
39.067,26.327
38.903,26.987
27.782,24.575
29.929,24.330
30.215,23.668
31.579,24.481
28.108,24.624
24.883,23.875
26.693,23.645
28.220,23.768
27.228,24.190
27.636,23.748
27.503,23.337
28.272,23.622
26.916,24.043
26.346,23.866
25.844,22.965
24.536,22.629
25.112,23.178
25.340,23.404
25.985,23.498
25.540,23.047
26.229,24.063
28.381,24.107
25.545,23.568
27.742,23.258
26.545,23.486
28.704,23.607
29.262,22.937
29.931,22.582
25.905,23.280
29.580,22.857
31.142,23.176
26.522,23.884
25.249,23.428
30.324,23.692
23.860,21.761
24.337,22.257
26.614,22.758
28.620,23.129
30.508,22.606
31.481,22.383
32.387,23.045
33.321,22.793
30.914,23.547
30.713,23.018
32.286,22.902
32.251,22.900
33.723,22.477
34.277,22.958
30.302,23.704
26.963,22.964
25.263,22.789
25.772,22.805
26.820,22.811
28.578,22.632
30.046,21.609
27.909,23.655
27.811,23.618
28.506,23.808
28.782,23.953
29.804,23.418
28.941,22.721
31.495,22.990
31.330,23.315
28.091,23.180
30.645,23.161
32.151,21.227
32.892,20.855
32.774,22.103
32.406,21.732
31.762,20.674
33.628,18.850
33.756,20.769
34.686,22.073
35.006,22.815
35.861,21.736
36.758,21.070
38.296,22.434
36.223,22.856
35.563,22.575
35.457,22.307
35.557,22.425
36.705,22.936
37.705,22.104
35.996,22.675
38.197,24.229
36.942,24.422
33.786,24.341
31.664,23.096
27.614,24.132
31.888,22.346
31.677,21.588
30.972,20.593
28.458,20.084
30.988,17.774
31.963,16.928
32.033,20.070
32.814,17.559
33.914,16.312
34.480,21.574
33.910,17.184
34.344,17.363
35.322,15.943
33.893,14.513
33.411,14.541
33.619,14.206
34.940,16.606
33.769,15.060
35.924,14.714
35.406,15.871
34.524,14.840
33.404,17.250
34.540,16.537
34.429,18.285
35.076,18.330
37.329,15.924
37.253,16.016
35.358,14.278
33.636,17.981
33.911,16.574
33.503,18.346
35.235,19.190
34.699,19.002
33.922,19.836
34.604,20.476
29.151,22.475
22.185,18.525
21.169,18.744
28.248,17.622
28.772,20.757
22.539,20.633
22.068,19.701
26.752,17.167
27.266,16.997
26.379,16.622
26.060,15.731
25.367,13.545
24.694,11.851
26.213,13.433
27.096,15.069
29.656,15.761
29.120,14.320
28.912,15.879
28.587,16.407
28.625,15.254
27.380,14.327
27.235,13.303
27.203,14.270
27.975,14.401
29.611,15.694
29.450,15.361
29.807,15.333
29.921,14.969
29.836,14.688
30.438,15.445
30.521,15.628
31.245,15.370
30.705,17.155
29.255,18.699
30.320,17.646
31.100,17.046
29.893,17.533
22.387,16.659
27.077,15.306
27.062,15.670
26.978,16.681
26.868,16.513
28.049,15.707
28.060,15.815
28.150,14.372
26.838,12.234
27.521,11.847
26.834,11.852
27.211,14.322
26.383,16.026
26.103,12.730
26.501,13.397
26.706,13.484
27.880,13.731
28.931,16.314
28.748,15.953
26.765,12.393
25.903,10.950
26.431,10.764
28.737,12.160
28.269,12.279
28.272,12.113
28.915,15.144
30.163,18.443
25.337,12.728
25.406,11.562
26.170,11.107
27.384,12.545
28.840,13.347
29.610,12.882
29.171,12.770
27.570,12.168
28.554,12.501
28.286,13.291
28.622,12.847
28.923,13.145
30.841,10.514
29.550,14.330
29.325,14.088
29.419,14.163
31.045,11.983
31.045,13.615
29.540,12.854
29.441,11.055
30.123,13.413
29.985,15.100
29.909,18.607
30.824,19.428
32.116,18.737
32.155,17.984
33.155,20.124
30.206,20.604
31.865,15.353
27.013,17.832
30.628,14.596
30.579,13.072
30.328,12.252
30.230,11.647
31.818,14.586
31.932,13.215
33.436,14.609
33.811,13.904
34.110,16.762
34.284,17.533
31.576,20.990
31.443,16.789
30.602,13.566
32.576,12.213
36.098,13.092
37.196,14.200
35.654,15.384
36.109,14.453
36.497,16.984
34.516,19.432
33.310,17.389
33.935,17.868
32.514,17.650
32.483,16.187
35.486,15.914
37.447,18.857
38.061,20.553
38.196,23.072
38.245,21.205
38.144,16.263
37.623,18.641
37.935,17.732
40.220,18.439
42.643,19.397
42.783,19.254
44.141,19.561
41.983,19.713
42.361,20.804
39.917,20.058
39.189,20.959
37.919,19.710
37.633,18.998
38.393,19.006
38.673,18.971
39.003,19.217
39.935,22.777
37.328,21.788
37.099,20.899
35.876,19.943
37.666,20.279
36.980,19.113
39.513,18.091
40.440,19.815
45.388,20.170
46.012,20.750
44.711,25.452
39.839,24.327
39.972,25.717
39.959,22.150
39.912,22.447
41.302,22.177
43.042,22.410
44.897,22.629
43.864,23.761
43.159,25.525
41.374,24.012
40.640,24.462
39.580,24.305
39.551,23.817
39.649,23.687
40.414,24.276
41.028,23.722
40.227,24.113
41.309,23.905
41.745,24.649
41.568,25.763
41.258,25.048
41.611,24.945
40.520,24.091
41.206,24.728
41.902,26.772
42.981,27.626
41.411,26.766
41.197,26.635
41.302,26.071
41.389,27.268
41.821,27.084
41.210,26.762
41.791,24.916
43.178,26.142
44.115,26.572
41.531,27.046
41.809,25.775
42.304,26.732
42.671,27.450
44.052,27.310
43.969,27.514
46.523,27.719
45.735,28.762
44.672,28.873
44.372,29.097
43.155,28.699
42.594,28.460
41.350,28.083
40.523,27.556
40.387,27.580
40.509,27.452
39.757,27.539
40.797,26.732
41.351,26.770
37.884,26.900
35.856,27.443
39.152,27.246
38.585,27.855
38.302,27.395
36.112,25.421
37.209,24.979
38.879,25.222
41.105,29.027
45.449,30.429
46.433,30.038
45.987,30.669
42.916,29.349
32.898,25.696
31.397,24.877
35.583,24.686
38.862,25.271
41.999,26.765
39.992,27.597
39.596,27.512
40.147,27.272
40.308,27.817
38.532,27.091
40.808,25.916
39.938,26.475
42.278,28.208
37.498,26.846
35.400,26.819
36.401,25.942
36.923,26.254
36.672,25.874
35.580,25.264
30.489,25.468
28.787,25.019
29.915,23.258
31.856,23.424
29.960,23.559
31.217,23.915
30.716,24.233
27.863,24.582
28.351,23.685
30.472,23.891
31.432,23.812
32.829,24.249
26.259,23.837
30.533,23.495
32.910,24.052
32.528,24.389
35.318,24.511
33.588,24.650
31.150,24.440
27.882,24.420
27.318,24.294
24.637,23.156
28.947,22.831
29.664,23.579
29.919,23.254
32.831,22.791
31.479,23.274
28.479,23.616
26.270,23.336
26.823,23.486
27.566,23.136
24.186,22.373
26.765,23.017
27.167,23.435
27.374,22.446
24.511,22.372
26.725,22.786
29.212,23.061
29.023,23.080
29.625,23.444
30.348,23.825
29.280,23.278
29.122,23.433
31.004,22.865
30.723,23.343
30.623,22.742
27.206,23.399
29.624,23.416
28.208,22.903
28.638,22.573
28.759,22.756
27.057,23.138
29.349,22.380
30.368,23.169
29.984,23.977
31.187,24.454
30.433,24.451
30.208,23.746
27.913,22.494
27.148,22.852
27.768,22.754
27.902,22.549
26.431,23.019
27.056,22.095
26.400,23.516
24.972,23.115
28.304,23.005
26.622,23.583
27.552,22.345
26.476,21.774
26.083,21.821
27.245,22.262
26.746,22.594
27.213,23.182
29.770,23.340
29.114,23.223
30.114,23.088
30.562,21.263
30.794,20.620
30.332,20.415
31.284,20.107
30.152,21.140
30.897,20.877
29.813,20.975
33.441,20.640
33.070,21.524
35.402,20.651
35.646,20.372
33.854,20.564
34.069,20.434
34.056,19.913
37.116,20.935
35.549,22.083
38.833,20.812
36.361,20.963
36.335,20.082
35.763,19.895
34.874,17.373
33.591,19.594
33.665,20.560
32.959,22.084
35.984,18.862
36.257,20.697
34.758,21.433
34.945,19.829
32.941,23.802
33.917,23.507
32.941,22.301
33.294,22.214
34.769,22.215
34.846,21.386
34.358,20.813
33.966,18.636
36.040,22.467
34.262,22.367
36.227,20.033
34.169,20.965
36.283,18.864
36.079,19.356
33.446,21.614
32.143,17.537
31.635,17.737
31.816,17.627
32.961,18.715
34.516,19.054
33.315,18.805
32.155,17.486
32.193,19.520
31.192,22.337
35.166,22.164
34.410,22.127
30.789,20.823
30.298,21.090
31.982,20.954
32.267,22.240
30.399,22.072
29.918,20.378
32.086,19.886
30.974,21.267
31.343,19.432
29.842,19.183
23.126,18.973
25.960,17.017
27.732,20.554
24.806,20.973
28.993,18.607
28.618,20.471
27.935,19.893
30.582,18.931
30.971,17.818
29.994,19.482
27.433,19.502
29.305,17.298
29.044,17.120
29.402,17.170
27.892,15.761
26.987,13.432
27.162,13.860
29.170,15.478
27.251,13.996
26.252,12.696
25.116,10.213
25.373,9.689
26.137,11.445
26.588,11.663
27.265,11.482
27.898,11.984
27.660,12.207
26.667,12.070
26.404,12.032
28.680,10.552
28.069,8.601
26.704,8.584
28.022,9.123
28.811,12.442
29.575,13.397
28.545,15.394
28.579,17.951
29.073,18.027
25.618,16.453
24.124,11.291
24.510,10.441
25.077,9.357
26.149,9.915
27.549,12.105
26.429,10.934
26.126,8.757
25.940,8.591
28.566,8.941
27.501,10.201
25.781,9.522
28.249,8.910
29.310,11.325
29.084,9.202
28.159,10.250
26.529,11.039
25.919,10.650
27.728,9.352
27.416,9.981
27.945,11.347
29.070,11.442
30.470,11.999
30.122,12.685
29.921,10.805
30.126,12.404
28.749,11.394
27.205,11.594
29.265,12.669
30.365,14.169
29.345,10.545
28.727,11.565
29.545,14.019
32.424,14.732
32.977,15.403
32.971,15.208
32.707,15.103
33.658,13.867
32.550,11.149
30.995,12.533
30.804,14.783
31.066,13.440
33.238,14.139
33.169,17.483
33.492,14.265
33.124,14.003
31.736,14.507
29.999,14.225
27.802,13.264
29.080,10.828
28.584,14.504
31.952,13.345
29.859,12.921
29.923,13.850
31.966,14.740
33.069,15.479
32.220,18.297
30.542,15.680
31.851,11.609
34.869,13.478
33.184,16.819
34.908,18.654
34.405,16.384
35.318,18.658
34.154,18.047
34.718,16.585
36.105,14.990
37.158,17.339
36.392,17.040
33.159,16.189
33.303,15.824
34.247,17.057
35.113,16.548
38.263,16.711
38.901,15.402
39.477,16.636
39.672,19.990
40.781,16.732
38.852,18.634
37.320,18.346
35.648,17.159
36.515,16.790
35.584,16.757
35.539,16.247
35.651,16.392
39.514,16.743
39.784,18.750
40.876,16.510
37.909,18.411
37.043,17.318
37.144,18.216
36.210,17.917
36.832,17.371
36.613,17.743
36.003,17.447
38.084,17.403
41.213,20.026
38.018,20.722
39.508,20.083
40.967,20.399
39.012,20.316
40.661,19.066
40.849,20.359
41.505,21.479
38.592,22.750
39.769,22.100
42.972,22.918
44.444,22.643
40.018,24.004
38.498,23.106
39.777,21.085
42.711,19.690
43.433,18.964
40.510,19.475
43.827,19.821
44.253,21.775
41.527,21.492
43.738,24.149
46.695,23.126
47.089,23.471
42.930,25.153
42.484,26.546
45.489,28.018
40.081,25.158
38.401,24.086
37.112,24.797
38.031,24.807
38.590,24.504
39.150,23.508
41.895,23.968
40.579,24.787
39.687,24.276
39.735,23.824
40.032,23.986
40.021,23.879
40.152,23.821
41.308,24.778
42.123,25.400
44.206,27.336
42.895,27.079
41.083,26.597
39.772,25.416
39.215,26.172
38.368,26.368
38.699,26.521
40.904,26.344
40.429,26.318
40.185,26.308
41.104,26.917
40.333,26.712
40.659,26.661
40.333,27.274
39.089,27.604
38.834,26.972
38.639,27.179
38.761,26.237
37.955,27.716
41.108,28.557
42.673,29.296
47.746,28.206
42.739,27.328
41.290,27.223
38.952,26.845
39.601,26.273
39.421,25.401
35.646,24.738
35.573,24.555
34.578,25.278
35.705,24.477
33.722,25.250
32.874,24.935
29.721,23.960
29.669,24.131
32.440,24.471
32.098,24.863
28.302,24.026
25.582,23.710
24.506,23.386
30.404,23.268
27.789,24.039
27.056,24.101
26.177,23.697
27.577,22.954
29.121,22.932
28.738,23.252
29.056,22.926
28.637,22.910
27.891,22.509
26.853,23.049
31.425,23.087
27.827,23.290
25.544,23.085
25.009,22.959
26.886,22.971
28.314,23.464
25.849,23.587
26.480,23.578
26.338,23.225
26.630,23.182
27.327,24.048
25.558,23.674
27.158,23.401
27.576,22.983
26.430,23.300
27.012,22.891
23.572,22.827
23.682,22.840
25.492,22.716
29.371,23.039
31.043,23.570
28.144,23.817
26.256,23.510
26.232,22.971
27.107,23.508
26.135,23.108
27.492,23.181
26.895,23.369
24.902,23.401
28.023,22.691
26.242,23.443
25.633,23.271
25.592,23.332
23.723,22.218
24.654,22.059
25.558,23.068
24.126,22.780
26.567,22.529
26.636,23.417
24.762,22.958
26.555,22.865
27.570,22.420
27.299,22.342
26.928,22.486
27.812,23.118
30.213,22.721
31.259,21.966
28.909,23.098
26.784,23.933
26.113,22.799
25.938,22.176
27.336,22.665
29.406,23.007
29.095,23.765
28.195,23.696
30.183,22.679
27.038,22.737
28.411,22.829
25.990,23.521
27.265,23.352
26.293,22.629
26.130,22.810
28.319,22.891
24.522,22.083
27.643,21.766
25.945,22.621
26.483,22.846
28.027,22.061
30.231,21.864
30.818,21.436
28.578,22.576
27.894,21.974
26.998,21.646
27.644,21.489
28.098,21.479
26.834,21.212
27.450,20.726
26.960,20.252
27.148,19.877
28.269,20.256
27.419,20.339
27.082,19.646
28.472,19.797
30.178,19.174
30.111,19.222
32.474,18.564
31.394,20.129
30.541,18.960
30.351,18.901
30.387,17.815
31.692,16.858
34.877,19.040
33.930,19.829
33.359,22.658
34.618,19.551
36.296,20.572
34.507,22.192
34.546,20.161
32.010,21.464
38.092,21.817
38.178,24.757
36.054,22.282
35.793,20.080
38.457,21.941
36.489,17.564
35.499,17.179
36.012,15.300
35.580,17.771
36.041,17.834
35.131,17.024
33.777,17.919
33.992,17.944
34.913,18.947
34.021,18.666
33.968,18.789
35.739,18.309
34.671,17.508
33.634,18.577
32.400,18.988
33.644,19.055
34.446,18.974
35.650,18.056
36.436,16.451
34.510,15.189
35.667,15.788
34.462,19.340
36.530,16.632
34.794,15.211
36.011,15.306
34.548,18.536
33.489,19.718
33.316,18.530
34.600,15.217
34.410,14.424
34.361,14.888
35.205,14.157
33.307,15.783
33.347,17.546
31.591,17.086
30.811,16.080
30.975,16.192
31.064,16.833
30.898,17.092
31.102,17.831
31.125,19.421
32.420,20.760
34.203,19.184
32.192,15.540
31.223,16.073
32.768,16.133
34.866,16.037
33.302,16.240
33.118,15.039
32.101,13.550
31.962,13.347
32.255,15.150
30.076,15.380
28.142,12.969
27.967,12.030
28.587,11.672
30.024,12.897
31.118,13.841
29.328,13.570
29.341,13.692
30.064,13.078
29.268,13.268
28.918,9.980
29.002,11.886
29.455,13.205
29.663,13.848
30.202,11.597
28.598,9.073
29.067,9.573
28.060,8.467
29.615,12.352
27.976,11.992
28.049,11.678
30.106,13.516
25.876,16.821
25.878,11.467
28.551,11.167
28.570,12.419
27.838,11.251
27.759,11.204
26.561,11.795
27.418,8.608
25.370,10.689
24.426,9.554
24.539,9.223
25.002,9.791
24.760,9.417
25.656,9.593
28.646,10.352
27.988,10.442
26.406,12.218
24.335,7.276
23.897,5.240
23.466,8.087
24.616,10.261
27.909,12.102
28.387,9.336
28.171,11.400
27.800,13.159
27.676,14.470
27.622,13.021
26.685,9.695
26.074,12.542
28.381,12.535
28.198,13.174
27.845,13.048
29.738,12.212
31.060,13.354
30.066,14.158
29.418,13.596
31.374,13.721
27.817,12.513
23.363,7.624
25.765,8.656
27.212,9.944
29.565,11.743
31.602,13.906
30.291,12.536
29.954,14.173
29.540,10.935
28.289,10.964
29.564,13.255
33.771,14.341
34.661,15.844
34.369,14.482
33.912,14.175
33.969,13.482
33.747,13.434
32.847,12.719
33.328,12.233
36.705,15.913
35.244,15.330
33.024,14.335
32.368,13.177
30.693,12.100
30.783,11.604
33.705,13.419
34.998,14.177
35.204,15.215
32.971,14.945
32.064,11.109
30.280,12.230
29.288,8.911
32.477,11.310
33.411,15.156
33.348,13.350
31.947,13.727
35.353,15.937
37.264,16.862
38.329,14.737
36.710,16.543
36.959,17.279
38.575,17.095
38.005,17.240
37.507,15.942
40.748,16.528
41.812,18.641
41.561,15.283
39.280,14.308
38.883,16.004
39.530,19.264
39.264,19.728
39.477,20.710
39.311,19.236
40.609,20.018
40.973,20.269
41.092,21.310
40.843,23.957
40.495,21.599
38.930,21.520
38.717,21.223
39.867,19.409
40.885,20.259
40.070,20.748
40.034,21.273
38.859,21.402
38.576,21.165
37.873,21.742
37.841,19.734
38.586,22.378
39.468,20.513
38.915,23.558
38.127,21.913
36.213,23.480
27.798,21.484
37.120,18.335
36.596,22.843
37.467,19.843
35.886,21.270
38.009,21.518
38.742,22.361
38.813,22.368
39.315,23.821
38.627,22.283
39.134,21.888
39.626,22.361
38.504,21.338
40.548,22.240
39.756,24.008
40.481,24.368
39.418,23.469
42.306,23.486
41.904,25.430
45.098,25.342
42.419,26.480
40.162,26.529
39.161,26.176
38.513,25.154
39.115,24.628
40.351,24.574
39.919,24.837
39.809,24.944
40.875,25.554
42.211,24.652
41.679,25.245
41.512,25.996
41.086,26.172
42.295,25.518
41.425,25.896
41.370,26.688
40.236,26.278
40.433,25.992
41.326,26.063
41.722,25.604
41.194,26.337
40.724,26.570
39.746,25.774
39.345,26.012
38.239,25.931
38.633,25.999
39.675,26.131
31.621,26.165
35.687,25.060
35.209,25.519
37.417,26.841
36.939,25.883
37.380,25.296
37.324,25.805
38.556,24.974
32.045,24.280
33.815,24.801
35.026,24.389
29.726,25.302
36.327,25.413
37.171,26.201
37.599,25.819
37.450,25.971
36.234,26.100
36.495,25.909
32.932,25.504
34.276,25.270
35.369,24.648
34.718,24.504
35.092,24.819
33.915,25.273
33.034,25.103
34.329,25.893
37.369,25.460
37.316,25.027
27.853,23.822
25.753,23.481
26.576,23.241
27.347,23.492
27.873,23.445
28.481,23.271
24.304,23.473
25.243,23.517
28.528,23.173
27.397,23.240
25.986,23.641
27.959,23.375
29.183,23.366
26.893,23.439
25.402,23.822
27.485,23.715
28.511,23.838
28.769,24.621
28.396,24.115
24.507,23.612
23.974,22.214
26.467,22.589
26.413,23.152
26.501,23.699
25.149,23.467
23.641,22.459
24.724,22.644
24.469,22.769
24.936,21.838
24.231,22.143
24.518,22.708
26.399,22.792
27.043,22.921
29.062,22.779
27.332,23.244
24.397,22.877
24.702,23.011
24.056,22.478
24.798,22.381
25.379,22.919
23.787,22.265
23.387,22.579
25.133,22.044
23.011,21.625
25.973,21.547
24.696,22.342
27.644,22.233
26.747,23.067
24.030,22.775
26.781,21.812
28.047,21.936
26.513,22.449
25.062,22.744
26.287,22.376
28.564,22.162
28.121,22.063
29.912,22.459
30.609,23.258
30.357,23.465
28.051,23.927
28.189,23.234
30.511,23.420
28.549,23.826
28.013,23.563
24.441,23.166
25.361,22.367
27.370,22.358
28.061,22.864
28.829,21.749
24.275,22.841
24.115,22.249
26.163,21.714
26.055,22.447
25.924,22.632
28.678,21.483
27.761,21.393
27.719,20.644
30.917,20.901
31.021,20.976
27.765,22.584
27.660,22.911
25.045,22.220
26.072,20.428
26.685,19.730
28.534,18.865
29.031,18.818
30.716,18.016
31.407,19.141
32.001,19.755
32.661,20.763
33.474,21.671
34.762,20.421
32.590,22.693
31.877,22.174
35.218,21.129
32.907,21.271
35.845,22.607
34.064,20.893
32.756,19.830
35.406,18.635
34.193,17.104
34.973,17.058
35.178,16.421
33.491,18.427
36.473,19.389
35.165,18.508
36.935,20.069
36.654,18.648
34.105,19.170
33.794,18.959
33.626,19.337
34.393,19.904
34.589,19.077
36.051,18.912
35.649,18.452
32.317,19.436
32.333,19.899
33.623,16.519
32.419,17.715
32.035,18.484
31.181,19.121
32.539,19.347
32.600,17.938
32.554,16.690
31.795,15.797
30.795,16.263
32.718,15.963
33.994,14.658
33.840,13.995
32.146,17.400
32.537,18.773
31.335,19.749
31.373,20.718
32.142,18.017
31.814,18.099
31.624,15.886
30.503,15.126
30.624,14.084
30.120,14.596
29.625,16.411
30.077,15.308
31.218,14.894
30.879,13.833
31.729,13.281
32.329,15.177
32.187,15.829
31.664,16.087
31.321,12.765
30.568,11.325
31.296,13.103
29.364,14.657
30.801,15.816
31.141,17.237
30.805,16.851
31.612,16.877
32.725,17.183
34.853,17.861
33.049,18.057
31.514,17.338
29.768,12.890
28.750,12.524
28.480,11.149
28.576,10.311
28.937,11.169
31.015,14.876
31.454,15.981
30.849,16.776
31.426,15.673
28.850,15.962
28.635,13.534
29.008,14.068
29.911,15.573
29.424,15.499
31.090,15.185
28.236,12.934
27.681,11.585
28.532,12.406
28.139,12.304
29.053,10.484
30.785,14.197
30.615,14.741
29.908,14.669
27.268,10.928
27.767,10.244
28.028,10.807
26.789,9.910
25.863,10.088
24.800,9.852
25.200,9.257
27.988,11.809
28.135,12.885
28.278,12.730
30.837,11.595
30.541,10.300
30.658,11.953
30.344,11.248
31.603,13.353
30.608,15.991
24.012,12.709
24.618,9.479
25.429,10.389
26.278,10.134
27.418,11.585
27.082,13.391
27.807,13.856
27.043,15.432
29.070,12.597
28.703,13.646
29.694,13.787
29.399,14.256
29.549,15.547
31.275,17.624
32.268,16.757
32.312,16.760
32.263,17.819
25.070,21.198
28.328,18.019
27.092,12.269
28.443,13.893
28.321,12.888
30.095,12.467
33.070,16.784
35.641,17.498
31.262,20.126
34.032,18.272
32.629,19.530
31.038,17.406
25.760,16.586
27.696,10.001
29.091,13.424
32.542,15.141
32.327,15.697
32.602,16.773
34.428,15.670
32.323,14.912
30.834,15.760
32.756,16.627
34.057,17.244
31.354,14.336
33.634,14.786
33.327,16.499
35.649,15.829
36.006,16.178
36.207,17.003
38.200,17.687
37.237,19.166
38.676,18.766
38.682,19.346
36.443,17.816
35.592,17.235
35.519,15.120
35.714,16.311
35.329,15.726
33.873,16.181
37.136,17.828
35.185,21.283
37.661,18.340
36.271,20.040
36.772,16.342
36.135,17.598
36.693,17.264
35.061,16.477
36.298,16.730
35.066,18.646
36.858,19.839
36.941,21.111
35.528,22.958
34.453,19.498
33.047,18.517
35.215,17.240
40.767,20.566
38.931,18.389
36.440,19.938
34.816,18.529
36.194,17.910
38.217,20.258
39.854,17.617
39.280,19.962
38.805,19.127
39.015,19.712
38.235,21.943
36.995,19.960
38.343,20.182
39.241,20.849
39.125,21.710
38.954,21.355
37.890,22.112
37.297,21.098
36.400,21.221
36.849,23.650
35.302,21.644
35.480,21.761
39.028,23.624
38.578,22.599
41.682,23.995
40.158,25.550
39.290,26.157
40.451,23.921
41.580,24.400
41.901,24.732
42.063,25.362
41.964,24.860
40.913,23.876
39.635,23.857
40.326,25.170
40.228,24.238
40.139,24.582
42.123,23.949
41.065,24.612
40.140,24.110
39.446,24.006
39.048,24.671
38.599,26.270
40.924,24.697
42.746,26.382
42.579,25.571
42.283,25.597
42.235,25.631
43.170,25.141
42.690,26.029
41.636,28.471
42.502,27.285
41.320,26.477
41.916,25.907
40.437,27.039
39.558,27.233
39.171,27.069
40.001,26.969
39.235,27.984
38.936,26.892
40.601,26.900
41.418,27.435
40.862,28.145
42.009,27.233
39.769,27.302
39.210,26.323
39.030,25.956
39.695,26.778
38.572,25.720
36.390,27.110
31.300,25.011
27.910,24.201
32.611,23.669
31.759,24.422
34.418,24.098
33.696,24.610
31.210,24.556
33.429,24.446
28.930,24.406
27.245,23.287
30.579,22.995
32.207,23.637
32.390,23.699
30.293,24.120
32.167,24.340
27.191,24.009
30.636,23.750
25.894,23.874
28.116,23.557
31.035,23.667
28.661,24.110
31.828,23.708
32.388,24.545
26.150,24.168
26.529,23.836
24.252,22.404
24.315,21.333
27.779,23.044
27.281,23.213
27.167,23.223
25.308,23.281
26.525,22.900
24.805,23.079
28.807,22.519
26.531,22.317
26.506,22.893
24.675,23.001
25.203,21.898
27.084,23.372
25.433,23.566
25.172,22.863
26.534,23.079
26.769,22.868
25.376,23.273
27.007,23.189
27.890,23.461
25.141,23.816
25.023,23.549
26.575,23.160
24.870,23.080
24.556,22.877
26.444,21.589
26.346,22.418
23.831,22.907
26.886,22.980
26.969,22.305
25.571,21.787
28.243,22.419
25.854,22.604
27.066,22.441
24.811,22.804
25.199,22.903
24.496,22.719
25.426,22.483
25.780,22.777
25.094,22.988
26.064,22.998
25.628,22.587
28.604,22.686
27.859,22.095
27.357,22.756
27.192,22.424
23.274,22.197
22.941,21.898
23.121,21.545
23.203,21.603
23.294,22.337
22.618,20.850
26.948,21.049
27.584,22.559
28.597,21.696
27.884,21.675
27.482,21.901
27.701,21.611
30.136,21.383
27.685,21.878
26.885,22.129
27.326,20.918
26.258,21.065
27.912,20.677
28.282,21.415
29.427,21.693
31.963,21.459
31.989,20.941
33.466,21.861
33.596,22.643
35.621,21.537
33.153,22.715
33.824,23.200
30.667,23.340
33.182,22.362
33.532,21.128
35.503,20.543
34.137,20.292
27.449,22.005
23.960,21.762
24.665,22.670
25.175,22.402
24.507,20.898
28.411,21.448
29.587,20.840
28.040,21.563
26.249,21.449
25.834,22.239
27.758,22.684
28.069,22.438
26.978,22.152
27.062,21.515
26.224,21.494
28.221,21.992
28.297,21.660
26.682,22.259
26.840,21.794
28.253,22.011
26.962,21.119
27.518,21.611
29.510,21.175
29.231,20.401
29.998,19.662
31.709,18.960
31.337,17.137
31.301,17.593
31.270,18.676
31.449,18.757
32.332,16.075
30.425,16.465
30.304,17.048
29.310,17.583
30.489,20.006
31.118,19.719
32.976,18.472
33.268,16.035
32.064,14.406
32.179,15.324
32.745,15.434
32.579,14.717
33.206,14.343
33.208,16.912
33.341,18.157
30.881,17.719
31.954,17.198
30.530,18.041
27.035,19.006
30.615,17.138
29.684,17.706
31.868,16.327
31.646,15.596
32.180,16.554
31.205,17.063
28.832,16.937
28.171,13.412
28.532,13.703
31.495,14.520
32.191,14.721
30.698,13.224
30.234,13.920
29.978,15.645
30.141,15.504
31.785,15.699
33.463,17.933
33.135,17.477
31.462,17.582
30.765,18.303
29.858,15.763
30.475,15.195
32.603,15.636
32.660,17.446
30.995,16.019
32.210,17.535
31.040,17.418
29.408,14.075
29.822,13.135
30.581,12.389
30.203,11.914
29.118,13.501
29.954,13.375
27.710,12.078
28.416,12.335
29.771,9.672
29.196,10.143
29.838,10.432
29.266,10.547
29.526,9.343
28.293,9.847
27.317,10.791
28.337,11.191
27.540,11.281
27.388,13.408
29.241,15.036
29.227,14.509
27.758,15.026
28.790,14.440
26.151,13.632
26.717,12.544
27.623,15.738
26.767,11.604
27.926,15.435
26.744,13.661
28.818,16.503
23.809,16.398
26.319,10.755
27.015,8.898
26.635,11.835
29.203,14.900
27.700,12.499
26.483,8.389
23.407,8.443
25.701,11.153
28.234,12.838
29.501,16.046
27.696,12.936
28.449,11.758
27.072,13.123
24.054,8.258
25.985,11.315
29.247,13.887
27.188,17.120
27.223,15.557
27.771,15.160
29.065,14.744
29.695,14.034
29.840,14.109
28.802,14.334
29.416,12.224
30.891,12.899
29.911,13.106
29.255,13.671
30.075,13.584
30.638,15.296
30.865,14.873
30.265,12.289
30.977,11.230
32.211,14.761
30.521,14.125
28.704,12.770
26.976,9.442
26.446,6.904
28.482,10.608
28.250,12.703
27.453,11.758
25.033,12.766
21.976,10.074
25.796,9.487
27.293,11.345
28.580,11.840
31.529,12.883
31.756,11.845
27.226,16.992
30.135,14.518
30.163,15.276
29.565,16.254
31.122,19.519
32.806,17.177
30.562,15.583
29.312,13.692
27.251,11.362
30.289,11.316
29.643,14.256
30.248,15.507
29.897,17.552
33.061,16.761
32.831,18.396
31.558,18.789
33.410,18.036
32.623,18.557
32.752,16.642
33.202,14.580
35.242,18.123
35.749,18.523
36.459,18.153
38.144,16.680
36.362,18.425
34.882,19.297
38.707,15.046
37.131,14.550
35.038,16.206
35.148,17.210
36.973,17.834
36.361,18.210
36.015,18.685
36.932,17.076
38.521,18.441
37.356,20.697
37.528,20.066
37.410,19.826
37.041,18.785
36.580,19.837
35.818,19.188
39.192,18.699
41.192,19.005
39.710,19.366
38.782,20.866
37.865,22.333
37.292,20.421
37.133,18.503
38.239,17.924
38.748,18.569
40.870,19.049
40.808,20.511
39.815,20.918
39.377,21.651
40.855,21.545
39.507,22.344
38.728,22.162
37.682,20.958
41.274,21.495
40.543,23.326
41.043,22.853
40.675,23.073
39.617,21.503
40.012,23.505
41.758,23.452
42.886,25.028
44.776,25.015
43.501,24.088
41.559,25.791
41.099,24.531
40.311,23.964
39.596,23.081
38.778,23.333
40.644,23.664
41.391,24.348
42.228,24.991
42.630,26.540
39.675,24.856
38.553,23.703
37.831,24.511
37.891,24.986
38.077,23.470
37.966,24.256
37.183,24.542
37.492,25.225
39.206,25.120
43.045,26.104
42.557,26.271
41.410,27.320
41.446,26.698
40.816,25.094
40.967,26.055
42.969,25.198
45.227,26.326
44.916,26.646
45.353,27.333
43.774,27.431
42.721,27.840
42.026,27.141
41.461,26.123
42.594,26.273
43.441,26.430
44.783,27.805
44.248,28.145
42.865,27.849
42.816,27.977
44.050,27.934
42.221,27.646
41.029,27.476
41.674,27.136
41.219,27.025
39.513,26.407
38.016,25.949
35.200,25.715
35.656,25.652
37.793,24.687
36.060,26.141
37.540,24.663
37.157,25.584
36.365,26.207
37.358,26.408
33.384,25.972
35.600,25.834
38.108,25.827
37.123,25.973
37.600,25.240
37.914,25.871
38.385,26.575
36.851,25.818
37.175,26.085
37.626,25.969
37.319,25.785
35.032,26.395
37.698,25.506
37.496,26.421
38.281,25.973
37.892,26.203
35.949,25.962
36.800,25.855
33.953,25.007
36.265,25.078
33.814,24.456
37.972,23.977
28.155,24.758
33.667,24.344
28.835,24.323
29.823,24.061
26.659,24.585
25.539,23.682
27.308,23.077
28.083,22.422
28.500,23.006
23.673,22.427
22.464,21.674
25.801,21.781
26.616,22.376
27.771,22.589
27.873,23.436
29.679,22.505
29.768,23.454
27.106,23.127
