20000101
2.998
2.813
2.183
2.311
2.248
1.968
1.945
1.857
1.984
1.803
2.462
1.929
2.598
2.388
2.405
3.598
4.088
2.729
2.423
2.610
2.961
2.821
1.395
1.705
2.672
1.865
2.608
3.338
2.273
2.418
3.287
3.467
2.141
2.423
2.972
3.572
2.378
2.633
2.011
2.625
3.410
3.657
1.993
3.132
3.403
2.672
2.379
2.357
1.809
2.318
1.623
1.278
2.678
3.966
3.188
2.374
1.937
1.717
2.102
1.761
3.310
4.535
3.438
4.198
3.051
2.831
3.190
2.967
1.678
2.530
4.401
4.683
4.454
1.593
1.284
2.593
3.001
2.652
2.115
2.140
2.076
3.597
2.122
3.835
2.509
2.306
2.057
2.686
2.348
1.012
2.471
2.477
2.168
2.178
2.787
3.181
2.897
2.350
3.609
3.046
2.751
1.847
2.169
3.168
3.973
3.459
3.050
2.786
3.173
2.870
3.263
3.464
3.837
3.970
4.700
4.413
4.858
4.734
4.645
4.625
4.557
4.117
3.710
3.893
3.763
2.816
3.292
2.162
2.282
2.442
2.883
3.262
3.810
3.794
3.947
3.093
3.626
3.702
3.026
2.622
3.800
3.541
4.169
3.874
4.112
4.422
4.503
3.445
3.220
3.273
3.197
3.537
2.924
2.744
2.486
3.360
2.757
2.538
1.969
2.846
2.511
4.021
4.658
4.905
4.221
4.538
4.647
4.764
5.054
4.748
4.358
3.832
3.381
4.599
3.588
4.387
4.505
4.458
4.235
3.083
3.301
2.014
2.204
2.992
2.448
1.761
2.000
2.699
2.922
3.013
2.969
3.005
3.782
4.371
3.889
4.038
4.016
4.242
3.480
3.628
3.997
4.248
4.579
3.475
3.881
4.099
3.957
3.904
4.215
2.757
2.307
2.628
3.931
4.099
4.372
3.616
2.788
3.148
2.586
2.741
2.933
3.847
2.613
2.428
3.037
3.336
3.298
3.824
3.684
3.398
3.304
3.386
3.556
2.795
2.355
1.518
1.336
3.043
2.346
2.483
2.768
3.783
4.032
3.490
2.706
2.684
2.957
3.470
2.626
2.203
2.922
2.418
3.174
3.183
3.041
2.573
2.249
2.293
2.740
2.667
2.939
2.902
1.939
1.855
2.056
2.269
2.148
1.410
1.127
1.375
1.825
1.672
1.495
1.632
2.105
2.103
2.438
2.017
1.650
1.512
1.110
1.628
1.664
1.804
1.798
2.230
2.734
2.496
2.034
2.002
2.620
2.039
1.833
1.607
2.186
2.588
2.375
2.527
2.020
1.624
1.721
1.769
1.773
1.644
0.754
2.592
2.576
2.305
2.042
1.766
1.975
1.714
2.050
1.629
1.595
1.826
1.304
1.081
1.979
2.326
2.428
2.089
1.943
2.410
1.592
2.084
2.524
2.455
1.757
2.162
1.721
2.695
2.213
3.558
2.814
3.377
3.134
2.910
2.011
1.007
0.955
2.391
2.289
1.623
1.562
1.783
1.333
1.184
1.478
2.042
2.159
2.031
1.311
1.089
1.800
2.442
1.994
2.213
2.152
2.148
2.869
2.310
2.601
2.843
3.289
3.880
1.555
1.645
2.347
2.442
2.795
2.509
2.155
2.341
2.509
2.879
2.934
1.715
2.133
2.941
2.675
1.988
2.729
1.414
1.664
1.705
2.354
2.804
2.187
2.159
2.138
2.387
2.675
2.658
1.697
1.278
1.789
2.474
2.468
2.391
1.889
2.451
1.593
2.089
1.952
2.280
2.766
2.826
1.542
3.196
3.282
2.542
2.002
2.018
1.646
1.633
1.891
2.589
1.837
2.549
3.652
3.895
2.848
2.181
1.913
3.398
4.078
2.955
2.628
1.843
2.091
1.541
2.249
2.801
2.539
2.449
2.089
1.939
1.752
1.729
2.025
2.313
1.819
2.312
2.911
3.693
3.177
2.206
3.035
3.248
4.033
3.218
4.310
3.567
3.233
1.994
2.700
1.866
2.581
2.185
2.223
2.050
2.461
2.534
3.229
3.434
2.550
2.328
1.206
2.105
2.971
2.447
2.461
2.388
2.724
2.185
1.468
2.122
2.545
2.536
3.188
3.677
3.842
3.992
3.804
3.295
3.378
4.144
4.170
3.528
3.412
4.283
4.577
4.593
4.611
4.551
4.352
4.416
3.835
4.309
4.572
4.646
5.064
4.766
4.006
3.961
3.144
2.245
1.744
2.572
3.606
3.267
2.403
2.895
3.862
4.018
3.884
3.788
3.827
3.797
3.613
2.971
2.428
2.297
2.275
2.366
2.459
1.964
2.915
4.218
4.235
4.311
4.241
2.773
3.196
2.918
3.376
4.484
4.392
4.439
4.785
4.833
5.415
4.722
4.792
4.410
3.942
3.331
3.230
2.861
2.965
3.233
2.439
2.286
3.023
2.398
3.402
3.776
3.419
3.715
3.895
4.103
4.262
3.311
3.153
3.285
2.979
2.908
2.800
2.350
2.380
2.822
3.032
2.855
3.224
3.106
2.267
2.363
2.919
2.547
1.574
2.724
2.915
2.718
2.513
2.106
2.106
2.101
2.248
2.868
3.165
3.023
2.867
3.211
3.398
2.961
3.237
2.783
2.891
2.651
2.538
2.775
2.789
3.616
3.744
3.739
3.987
4.216
3.930
3.129
2.874
2.807
3.216
3.634
2.836
1.745
2.120
2.490
2.853
2.839
2.150
2.219
1.789
2.065
1.718
1.751
1.917
2.271
2.279
1.961
2.163
1.543
1.929
2.677
1.963
1.917
1.848
1.635
1.749
2.140
1.827
2.372
2.464
2.028
1.586
2.574
3.035
2.425
1.679
1.404
1.645
1.126
2.105
1.888
1.296
1.663
2.098
2.021
1.306
1.190
0.674
2.397
1.736
1.316
1.128
1.107
1.222
2.369
1.846
1.584
1.746
1.153
1.710
1.244
1.597
1.548
1.643
2.097
2.827
2.592
2.381
2.755
2.732
1.939
1.796
1.924
1.928
1.925
2.946
2.714
2.090
2.047
1.827
2.162
2.457
2.252
2.092
2.338
2.448
2.764
2.485
2.299
1.716
1.136
0.887
1.307
1.460
0.896
1.318
1.703
1.375
1.596
1.829
2.463
2.029
1.553
2.347
2.372
2.206
3.116
2.945
2.638
2.309
2.052
2.406
2.428
1.571
2.275
2.738
2.492
2.384
1.920
2.562
2.783
2.957
2.653
4.035
3.081
3.116
2.568
2.742
1.940
1.451
1.838
2.209
2.946
3.834
2.962
2.769
2.663
2.385
2.575
2.397
1.585
2.341
3.490
2.812
3.217
2.694
2.907
3.469
2.655
2.291
1.902
2.651
3.304
2.861
2.939
2.734
2.422
3.481
4.413
2.956
3.021
2.970
2.486
1.963
2.124
2.199
2.724
2.436
1.878
2.226
1.776
3.201
2.823
2.645
3.041
2.482
1.900
1.686
3.951
2.570
2.107
2.504
2.195
1.945
2.653
3.460
2.372
2.118
3.371
2.219
3.390
1.557
1.610
1.601
2.017
2.289
2.229
2.175
2.627
2.982
3.980
4.002
1.973
2.415
1.829
1.936
1.877
2.441
3.551
3.682
1.860
2.050
2.311
2.655
3.712
2.053
2.312
2.887
3.046
2.571
3.217
3.671
3.884
3.764
2.819
3.418
2.254
3.433
3.364
3.737
3.999
3.635
3.667
2.400
1.554
3.581
3.298
2.103
3.103
3.299
2.559
2.902
2.963
3.574
3.790
3.729
4.495
5.365
5.823
4.868
4.744
4.481
4.160
4.232
5.583
6.014
6.277
5.785
4.756
4.288
3.955
4.212
5.027
5.042
5.284
4.870
4.402
3.226
2.887
3.651
3.074
2.825
2.522
3.049
3.693
4.412
4.363
3.583
3.557
3.867
4.226
3.685
3.644
2.532
2.926
2.957
3.329
3.546
3.526
4.149
3.227
3.471
5.687
4.670
3.332
2.185
3.584
3.895
3.796
3.912
4.456
4.747
4.764
4.938
4.930
4.801
4.776
4.568
4.067
3.870
4.577
5.101
4.797
4.571
4.326
4.299
4.594
3.726
3.752
4.953
3.736
3.304
4.171
3.779
3.314
3.111
3.880
3.490
3.535
2.901
2.576
2.567
2.876
2.803
3.429
2.667
2.765
3.308
3.134
3.157
3.117
4.011
3.652
3.877
3.773
3.804
3.234
3.573
3.587
3.643
2.579
2.835
3.813
3.350
2.398
2.695
2.514
2.927
3.594
3.181
3.534
3.093
3.304
3.713
3.386
3.059
3.703
3.468
3.766
3.444
4.119
3.983
3.997
3.501
2.383
2.421
2.897
2.996
1.749
1.492
1.489
2.021
2.574
3.605
3.799
2.183
2.580
2.201
1.429
1.696
1.152
1.302
1.474
2.102
1.453
1.270
1.021
1.503
2.273
2.404
2.723
2.174
2.240
2.614
2.508
2.829
2.943
1.880
2.203
2.693
2.663
2.524
1.462
1.837
1.910
2.511
2.529
1.831
1.702
1.800
1.149
0.794
1.203
1.287
1.993
1.671
1.176
2.397
2.148
2.309
2.593
2.566
3.057
2.076
1.897
1.901
1.220
1.211
2.573
2.302
1.954
0.862
1.488
1.537
1.605
1.784
1.546
1.507
1.874
1.742
1.947
2.006
2.273
2.813
2.481
1.575
1.770
1.767
1.817
1.761
1.685
1.391
1.799
1.699
1.655
2.368
2.356
2.152
1.606
2.116
2.461
1.733
1.739
1.837
2.647
2.729
1.854
2.122
1.745
2.147
2.428
1.592
3.887
2.635
2.618
2.976
2.623
2.399
2.660
1.646
2.734
3.590
3.320
2.872
2.295
2.180
2.877
2.742
2.846
2.886
3.131
2.552
2.616
1.964
2.193
2.337
2.487
1.430
2.661
3.514
3.472
2.299
2.081
3.269
2.508
2.929
2.655
2.672
2.468
2.675
2.609
2.270
1.830
2.088
2.598
2.920
2.487
2.497
2.648
2.908
3.176
4.985
4.506
1.821
2.460
1.874
2.271
2.519
1.834
1.560
2.302
2.750
3.071
3.375
3.567
3.248
2.752
1.873
2.042
2.343
2.033
2.518
2.133
2.576
2.192
1.944
2.109
3.286
2.338
3.145
2.855
1.511
1.680
2.202
2.599
2.251
2.295
1.791
2.582
1.496
3.350
3.646
2.581
2.716
2.831
4.295
4.247
2.786
1.940
2.138
1.732
1.909
2.587
2.277
4.034
3.579
3.063
3.589
3.610
2.702
4.104
4.067
3.184
2.664
2.676
2.836
3.556
3.369
2.596
3.437
2.393
2.108
2.807
2.888
4.396
5.130
4.149
3.395
3.780
3.843
2.504
1.765
1.769
2.040
2.955
3.724
3.770
3.206
3.847
4.541
4.740
5.272
5.074
5.484
5.170
4.848
4.417
4.472
4.121
4.760
3.983
3.564
3.411
3.988
3.898
3.725
3.908
5.008
5.366
5.949
5.778
5.591
5.008
4.820
4.282
4.101
3.881
2.120
2.591
2.590
1.659
3.058
2.759
4.215
4.086
3.860
3.891
4.563
3.358
3.132
3.030
2.843
3.627
3.525
2.656
2.024
1.931
2.345
2.457
2.679
3.306
3.288
4.066
3.690
4.253
3.237
2.429
2.543
2.480
2.607
2.204
2.515
3.353
3.904
4.005
4.035
3.793
3.578
3.212
2.373
2.501
2.927
2.626
3.119
3.686
2.973
2.836
3.101
3.132
2.621
1.537
1.711
2.315
3.177
2.995
2.814
3.095
2.279
3.058
3.307
3.335
3.732
3.941
3.141
2.920
2.078
2.230
3.616
3.896
3.717
2.992
3.056
3.018
2.996
2.948
2.938
3.158
2.743
2.721
3.067
3.144
3.431
3.375
3.932
3.272
3.519
3.338
3.446
3.006
3.236
3.237
2.455
2.866
2.724
3.524
2.873
2.519
2.781
2.736
2.956
1.967
1.830
1.991
1.075
0.889
1.304
2.106
1.312
1.702
2.009
2.236
2.407
2.305
1.997
1.611
2.287
1.841
1.032
1.397
1.578
2.132
2.022
2.259
2.008
1.251
2.021
2.178
2.540
2.276
1.586
1.496
1.884
2.615
2.888
2.395
2.086
1.897
1.953
1.695
2.355
2.302
2.158
1.902
2.491
1.877
1.531
1.045
2.005
2.388
2.569
2.240
1.710
1.614
1.096
1.824
2.371
1.429
2.075
1.446
1.574
2.081
1.812
2.037
1.848
1.281
1.550
1.437
2.011
1.815
1.940
2.272
1.730
0.864
1.820
1.764
1.612
1.390
2.916
3.376
2.544
2.214
1.933
2.322
2.083
2.083
2.391
2.698
2.593
2.731
2.184
2.215
2.279
2.084
2.693
3.179
3.453
2.875
2.380
1.474
1.193
1.610
3.093
3.724
4.292
3.914
3.231
2.801
2.487
2.467
2.410
1.980
1.460
1.105
2.020
2.299
1.992
1.916
2.608
2.857
3.007
2.225
2.550
2.915
1.898
3.125
3.772
2.539
2.545
2.374
2.702
3.314
3.146
3.105
2.729
2.410
2.598
2.901
2.718
2.313
2.587
3.559
3.105
1.654
2.406
2.269
2.563
2.175
1.705
0.871
1.741
1.903
2.350
1.483
1.612
1.790
2.661
2.451
2.581
1.996
2.104
1.944
1.703
2.362
2.706
2.448
3.238
2.565
1.614
1.636
1.854
1.452
1.556
2.366
1.575
1.510
2.660
3.341
2.566
2.322
3.111
3.441
3.435
3.252
3.132
2.480
2.083
1.827
2.720
2.981
3.148
2.705
2.853
2.783
3.540
3.381
3.852
4.201
3.318
2.770
3.317
3.387
4.057
4.279
4.420
4.258
4.643
4.076
3.541
2.939
3.149
3.674
2.921
2.184
2.138
2.756
3.810
3.924
3.673
4.274
2.699
1.587
1.643
1.740
2.198
2.518
3.611
2.350
2.983
3.206
2.629
3.368
4.326
4.187
3.141
3.115
4.013
5.355
5.187
5.614
5.421
5.675
5.338
4.324
3.715
3.917
3.680
3.433
3.005
3.122
3.557
3.602
3.689
4.168
4.310
4.555
3.851
2.322
2.137
1.904
1.467
1.945
3.271
2.988
3.129
1.963
2.725
3.534
4.077
4.641
4.560
5.277
5.243
5.374
4.984
4.421
3.665
3.490
3.926
3.649
3.455
3.743
2.483
2.200
1.869
1.756
2.999
2.479
3.093
3.613
3.741
3.363
4.308
3.617
3.816
3.359
2.344
1.552
3.024
2.740
3.060
3.336
3.716
2.533
3.800
3.179
3.310
2.849
2.776
3.131
2.461
3.317
2.930
2.655
1.834
1.696
2.647
2.917
3.001
3.173
3.311
2.588
3.211
3.345
2.704
2.950
3.862
3.883
2.411
2.549
2.530
3.030
2.913
3.769
4.672
3.327
3.524
3.589
3.762
3.504
3.404
3.201
3.006
2.404
2.077
2.223
2.015
1.769
1.990
2.105
2.084
2.575
2.933
2.695
1.911
2.025
2.463
2.469
1.685
1.822
1.797
2.336
2.394
2.339
1.288
1.142
1.185
1.165
1.352
0.901
1.046
1.292
1.366
1.580
1.472
1.264
1.456
2.426
2.426
2.431
1.749
1.873
1.108
1.206
1.440
1.273
1.511
1.417
1.742
1.874
1.606
1.959
2.071
2.324
2.277
2.227
2.118
1.896
1.916
2.084
2.000
1.513
2.264
2.657
2.394
2.505
2.176
2.933
3.087
2.646
2.350
2.157
2.401
2.180
1.376
1.524
1.831
1.750
1.608
1.726
1.986
0.875
1.487
1.842
1.701
1.897
2.043
1.609
1.977
2.323
1.968
1.654
1.962
1.927
1.343
2.263
2.576
2.469
1.954
1.838
2.699
2.502
2.100
2.267
2.800
2.869
2.311
2.147
2.117
1.871
2.348
2.049
2.210
2.287
1.194
2.537
1.769
1.795
3.035
2.844
3.260
3.169
2.716
3.364
3.131
2.099
1.994
1.898
2.904
2.462
2.108
2.662
2.191
2.169
3.171
2.334
2.902
2.236
1.920
2.107
2.507
3.179
2.603
3.293
3.343
2.889
2.250
2.631
2.501
2.843
2.554
2.500
1.266
2.432
2.954
3.394
2.752
2.399
2.595
2.379
1.919
2.445
2.294
1.849
2.825
3.042
2.402
2.549
1.942
2.135
4.238
4.259
4.712
3.802
2.985
2.220
2.527
2.606
2.876
2.184
1.523
2.108
1.558
2.034
1.577
1.904
2.730
2.762
2.823
2.564
2.694
1.884
2.447
2.783
2.309
2.359
1.739
1.622
1.614
2.091
1.898
2.549
2.581
2.677
3.535
3.703
3.140
3.047
1.547
2.724
4.065
2.935
3.328
3.586
2.748
2.690
2.169
2.315
1.790
1.850
1.606
3.547
3.467
2.782
2.705
1.994
2.459
2.587
2.499
3.167
2.919
2.889
2.387
2.278
1.969
3.334
3.536
2.861
2.283
2.407
2.038
3.481
3.247
3.803
2.750
1.860
2.533
2.576
2.410
2.396
2.399
3.599
3.458
3.851
3.694
3.320
3.166
3.366
3.405
3.567
3.630
4.114
4.084
3.047
3.210
3.379
4.335
3.392
3.433
3.460
3.535
2.877
2.605
3.323
1.907
2.854
2.778
3.573
4.229
3.552
3.664
3.566
3.998
3.352
3.564
2.869
4.205
4.207
3.698
3.004
3.510
3.307
3.282
2.475
2.783
2.538
3.062
3.395
3.375
4.179
3.207
3.073
3.588
2.679
2.203
2.713
3.291
3.529
2.730
3.347
3.726
4.094
4.194
3.596
3.342
3.214
2.971
2.418
3.374
3.157
2.931
3.167
2.618
2.249
2.773
2.733
3.770
3.597
3.755
3.746
3.989
2.516
3.589
3.865
3.034
2.067
1.867
3.099
3.226
2.514
2.716
3.033
3.542
2.910
2.201
2.535
2.601
2.478
2.631
1.972
2.458
2.098
1.784
2.273
2.894
3.016
2.888
2.862
2.653
2.902
3.217
3.252
2.216
2.317
1.817
2.241
2.326
2.269
1.892
1.917
2.756
1.188
1.277
1.246
1.464
0.892
0.913
1.114
1.003
1.628
1.909
2.640
2.115
2.703
3.634
4.533
2.430
1.661
1.768
0.928
2.196
3.463
3.342
2.365
2.126
1.655
2.268
1.708
2.096
2.288
1.751
1.855
1.283
1.263
1.732
1.183
1.500
1.999
2.143
2.052
2.794
3.030
2.814
3.056
2.043
2.634
2.806
1.908
1.959
2.246
2.226
2.424
1.886
1.921
3.006
2.286
1.967
1.467
1.540
1.283
1.907
1.350
2.471
2.690
2.394
1.978
2.495
2.223
2.259
2.202
1.789
1.019
1.806
1.869
1.397
1.595
1.426
1.785
2.255
1.897
2.291
1.811
1.797
2.036
2.244
1.949
1.402
1.633
1.551
1.570
2.392
2.264
2.931
2.557
2.269
1.855
2.113
2.341
2.684
2.899
2.936
2.408
2.648
2.793
2.948
2.726
2.521
2.590
2.085
1.538
2.279
2.515
3.136
2.998
2.608
2.052
1.147
1.889
1.902
1.680
3.228
2.591
1.907
2.971
3.060
3.052
3.327
2.655
2.264
2.024
2.217
1.478
1.777
2.365
2.618
2.483
2.928
2.644
2.321
2.554
1.987
3.238
2.430
2.498
3.057
2.812
2.663
2.294
2.160
2.694
2.387
2.489
2.444
2.510
2.510
1.887
1.648
1.618
1.420
1.330
1.182
1.893
1.873
2.166
1.982
3.221
2.980
2.384
1.401
1.724
1.841
1.741
2.073
1.950
1.951
1.757
2.793
2.605
3.064
1.866
2.206
3.291
2.352
1.651
1.715
1.734
2.506
2.948
2.234
1.891
1.740
1.432
1.841
1.574
1.829
1.813
2.528
2.848
2.360
2.278
2.137
1.382
2.384
2.787
3.196
1.983
1.947
2.745
2.259
2.117
3.276
3.379
2.816
3.056
2.794
2.734
3.263
2.780
3.429
3.183
2.619
3.356
2.453
2.514
2.591
2.236
2.818
2.756
2.073
1.962
2.583
2.629
3.546
2.965
2.434
2.826
3.112
3.232
3.442
4.146
3.598
3.682
3.248
2.581
1.947
3.461
3.603
3.604
3.633
4.215
3.836
3.092
3.697
3.916
3.899
3.368
2.955
2.746
4.196
4.866
5.172
3.800
4.353
3.762
3.982
4.718
4.272
4.319
4.065
3.191
2.290
2.871
3.848
4.857
3.948
4.716
4.544
4.455
4.217
4.345
4.313
3.871
4.707
4.603
3.874
3.360
3.613
3.228
2.739
1.945
2.257
2.471
2.517
2.886
1.804
1.576
1.968
2.389
3.106
3.360
3.545
2.525
2.534
3.033
2.694
2.835
3.226
3.507
3.460
3.627
3.727
3.646
3.250
3.044
4.118
3.449
3.249
3.064
3.072
3.928
2.288
2.022
2.247
3.400
3.114
2.587
2.868
3.145
2.879
2.613
2.812
3.441
3.146
2.913
2.994
2.858
2.415
2.817
2.664
3.814
3.403
3.933
3.788
2.048
2.014
2.538
2.524
2.090
1.621
3.452
3.292
2.845
2.581
2.463
2.627
2.949
2.129
2.884
3.792
2.912
2.847
3.420
3.608
2.737
1.911
1.727
2.383
2.432
3.099
2.390
1.575
0.988
0.962
1.080
0.956
1.105
0.974
2.007
1.540
1.133
0.511
1.393
1.510
2.044
2.201
1.967
1.981
2.202
2.307
2.252
2.105
2.706
2.835
2.110
1.172
1.257
1.309
1.961
2.310
2.086
1.358
1.654
1.363
0.953
1.575
1.415
1.202
1.189
1.540
1.510
1.564
1.289
2.183
1.532
1.573
1.754
2.132
2.338
2.299
1.882
2.649
2.724
2.489
2.536
2.898
2.426
2.256
1.784
1.696
2.118
1.741
1.536
2.110
2.493
2.494
2.195
1.702
2.253
2.395
2.187
2.175
1.885
1.626
1.207
1.793
1.802
0.760
1.731
2.290
2.089
2.343
1.632
1.889
1.121
2.474
2.020
2.461
2.509
1.509
2.334
1.547
1.865
1.477
1.967
1.993
2.368
2.578
2.319
1.728
2.419
2.962
2.413
2.648
2.660
2.323
2.605
2.630
2.512
2.712
1.887
2.284
2.990
2.711
2.012
1.995
1.964
1.433
1.496
1.920
1.749
2.523
2.915
2.942
2.517
1.548
2.202
2.135
2.390
2.500
2.041
1.827
3.403
2.783
2.154
2.366
2.234
2.527
3.156
3.360
2.892
2.251
1.998
1.742
3.471
2.454
2.205
1.971
2.694
2.639
2.586
1.605
2.943
1.603
1.537
3.034
3.779
4.765
3.822
4.447
1.682
2.673
2.011
2.360
1.707
1.909
2.291
2.445
1.459
1.734
2.295
3.109
2.126
1.830
3.102
3.543
2.368
2.538
2.114
2.235
2.112
2.659
2.267
2.380
2.935
2.310
2.439
2.366
2.645
2.941
2.310
1.844
1.573
2.565
3.525
3.373
2.782
2.975
2.523
2.830
2.045
1.952
1.608
1.429
1.272
2.147
3.681
3.111
2.419
2.117
1.574
1.973
3.393
3.220
3.026
2.701
3.216
3.561
2.854
2.381
2.257
2.524
2.132
1.819
2.447
1.758
2.897
4.307
4.108
2.771
3.013
3.031
3.217
3.161
2.856
3.654
3.393
3.461
3.594
4.666
2.703
3.134
3.257
3.844
3.386
3.947
4.121
4.288
4.131
4.753
5.128
4.308
3.716
3.709
4.013
4.643
4.215
3.704
3.535
3.794
4.072
3.607
3.326
3.414
2.852
2.007
2.069
2.367
3.481
3.067
2.821
2.286
4.239
4.059
4.305
4.836
5.611
5.229
4.754
3.499
2.030
2.495
2.015
1.986
3.212
3.064
2.553
2.134
2.182
4.020
4.428
3.585
2.923
4.074
2.983
1.984
3.436
1.686
5.877
5.769
4.228
3.879
4.633
4.739
3.113
3.813
3.379
1.710
2.764
2.639
2.515
2.377
2.203
2.245
2.310
2.790
2.996
2.930
2.543
1.878
1.054
1.711
1.583
1.735
2.106
2.308
1.707
1.555
2.351
2.328
2.362
2.762
2.699
2.566
2.882
3.457
3.072
3.013
2.468
3.134
3.771
3.458
3.215
3.072
3.253
3.248
2.426
3.125
2.548
1.757
1.672
1.407
1.847
1.455
0.942
1.852
1.854
1.535
1.836
1.686
1.510
1.912
2.441
2.244
2.467
2.086
2.243
2.173
2.176
1.619
1.588
2.187
2.559
2.532
2.320
1.809
1.721
1.930
1.891
1.421
1.038
1.383
1.398
1.679
1.523
1.349
0.933
2.250
2.219
1.526
1.811
1.714
2.554
2.654
2.367
2.617
2.063
1.826
1.357
1.600
1.302
1.568
1.639
1.508
1.012
1.028
1.710
1.898
1.238
1.116
1.229
1.330
1.742
2.207
2.548
2.377
2.248
2.329
2.898
2.838
2.503
1.782
2.177
1.602
1.302
1.623
1.471
1.211
1.564
1.834
1.083
1.582
2.110
1.615
2.317
2.129
1.854
1.712
2.237
2.691
1.811
2.088
1.758
2.144
2.267
2.283
1.873
1.356
1.634
1.985
1.992
1.208
1.357
2.363
3.139
2.863
2.434
2.316
2.287
2.055
2.146
1.988
2.689
2.478
3.023
2.680
3.070
2.801
2.515
2.517
2.496
2.450
1.929
2.052
2.111
1.817
2.058
1.990
2.134
1.980
2.785
2.592
1.488
3.034
2.573
2.673
2.323
2.738
2.428
1.153
2.258
2.507
2.617
2.538
2.806
2.612
2.357
2.452
3.071
2.015
1.953
2.884
2.919
1.737
2.666
3.109
2.951
1.876
2.362
3.117
2.682
2.330
2.845
2.777
3.068
2.634
2.398
2.350
2.234
3.004
3.207
2.563
2.849
3.344
3.298
3.042
2.281
2.224
1.907
1.644
2.358
2.075
1.973
2.400
2.497
2.749
1.649
2.184
2.167
2.209
1.764
1.388
2.160
2.315
1.685
2.197
1.966
1.927
2.472
1.777
2.664
2.535
2.515
2.555
2.635
1.975
0.899
1.736
2.321
3.216
2.319
1.716
1.675
2.388
2.958
2.213
1.691
1.225
2.215
2.178
2.544
2.441
3.232
2.770
3.457
2.291
2.016
2.266
2.512
1.660
1.139
0.995
2.052
2.512
3.376
3.557
3.343
3.407
2.716
3.131
2.907
2.789
3.180
3.007
3.021
1.838
2.533
3.006
3.590
3.398
4.029
3.955
3.964
4.332
4.579
4.642
4.650
4.462
4.171
3.849
4.282
3.777
3.655
3.934
3.845
4.792
5.059
5.296
5.664
5.505
4.645
4.590
4.712
4.768
4.127
3.859
3.609
3.551
4.386
4.136
4.356
4.112
3.963
4.207
3.442
3.542
3.365
4.280
3.506
3.002
2.820
1.851
1.390
3.013
3.840
3.433
3.843
4.125
4.386
4.623
5.233
5.182
3.710
3.933
4.038
4.533
4.901
4.202
3.028
2.858
2.413
2.426
1.991
2.574
3.368
3.186
3.351
3.574
4.586
4.277
4.144
3.234
2.382
3.664
3.909
3.290
3.218
3.364
3.460
3.249
2.961
2.831
2.688
3.111
3.073
2.561
3.066
3.002
3.044
3.654
2.087
1.795
2.636
2.520
2.990
2.793
2.932
2.815
3.194
3.956
3.984
3.359
3.193
2.630
2.641
2.919
2.688
3.350
3.014
2.358
2.526
2.452
2.676
2.799
3.058
2.575
2.124
2.296
2.047
2.635
2.213
2.380
2.312
2.209
2.032
1.460
1.454
1.314
1.744
1.911
1.857
2.550
2.693
1.847
1.512
1.930
1.926
1.261
2.386
1.773
1.900
1.922
2.196
2.117
2.911
2.512
2.457
1.677
2.013
2.464
2.955
2.821
3.027
2.677
2.246
1.635
1.690
1.715
1.430
2.127
1.895
2.445
1.665
1.346
1.301
1.530
1.327
0.949
1.634
1.564
2.460
3.016
2.640
2.327
2.125
2.535
2.758
2.788
2.046
1.782
1.678
1.878
2.426
1.974
1.488
2.026
1.485
1.730
1.413
2.181
1.983
1.741
2.569
2.202
2.288
2.148
1.911
1.636
1.795
1.917
2.336
2.608
3.004
2.481
2.040
1.837
2.657
2.455
2.225
2.049
2.313
2.516
3.413
3.676
3.210
2.876
2.540
1.740
2.388
1.948
2.704
2.856
2.050
2.337
1.751
1.801
1.703
2.018
1.350
2.101
3.123
3.016
2.618
3.317
2.796
2.469
1.499
1.713
1.784
2.150
1.706
1.868
1.993
1.509
1.187
1.312
1.872
2.151
2.617
2.534
1.776
2.108
2.315
2.816
3.157
3.392
2.870
3.022
2.897
2.864
2.485
2.657
2.616
2.505
2.147
1.680
2.532
2.646
1.559
2.502
2.808
2.310
2.355
2.210
1.944
2.289
1.858
2.145
2.282
2.459
1.861
2.526
2.280
2.012
2.101
2.780
2.113
3.101
2.272
1.874
2.469
1.967
2.044
2.211
2.018
2.493
2.328
2.660
2.359
2.442
2.633
3.262
2.628
2.450
2.806
3.069
1.454
2.446
2.798
2.624
2.884
3.012
2.881
2.230
1.779
2.019
1.967
2.039
2.570
2.652
1.894
1.813
2.070
2.461
3.030
2.908
2.352
1.618
1.718
2.070
3.326
1.996
2.113
2.814
3.178
2.732
2.688
1.896
2.346
1.854
2.903
2.970
2.469
2.175
3.422
2.221
2.304
2.176
1.254
2.467
2.476
3.395
2.933
3.341
2.280
1.615
3.787
4.857
3.076
2.990
2.402
2.275
1.571
1.169
2.666
3.105
3.404
3.846
4.312
3.329
2.975
3.795
3.523
3.312
2.774
3.640
4.008
4.500
3.668
3.850
4.868
5.084
4.996
3.895
3.891
3.387
3.843
3.862
4.073
3.629
3.615
4.009
5.084
4.144
4.211
4.988
4.456
4.661
5.155
5.060
5.080
5.211
4.975
4.551
4.469
4.815
4.350
3.776
3.866
3.980
4.318
4.129
4.658
4.036
3.359
3.048
3.258
3.045
3.038
3.923
2.693
3.792
3.092
3.385
2.877
2.404
2.670
2.994
3.087
3.216
2.440
2.947
2.912
2.609
3.518
4.549
4.938
2.712
2.679
3.391
3.920
3.369
2.899
2.322
2.948
3.146
3.305
3.518
4.268
4.792
3.163
3.231
3.129
3.914
3.643
3.322
2.809
2.709
2.955
2.901
2.510
2.886
3.205
3.908
3.530
2.991
2.959
3.345
2.176
2.567
2.852
2.352
2.900
3.468
3.289
3.039
2.399
1.899
2.448
2.702
2.567
2.487
2.574
3.417
4.220
2.717
3.141
2.412
2.400
1.872
2.100
2.638
3.422
3.101
3.235
3.114
2.933
3.714
4.232
3.659
2.639
1.989
1.979
2.390
2.344
2.215
1.724
2.056
2.159
2.171
2.161
2.087
1.869
2.662
3.267
3.180
3.364
2.854
1.841
2.137
2.926
3.266
1.562
1.351
2.089
3.091
3.006
2.963
1.901
1.807
1.234
1.518
1.639
1.215
1.668
1.539
1.802
1.742
1.000
1.531
1.066
1.238
1.690
1.152
1.706
1.441
1.964
2.092
2.459
2.281
1.269
1.206
1.653
2.703
2.419
2.357
2.203
2.131
1.996
2.992
2.884
4.792
2.829
1.847
1.135
1.085
1.671
1.609
1.606
1.891
2.270
2.049
2.286
2.113
2.351
0.990
0.896
2.056
2.380
2.382
2.211
1.898
2.315
2.319
2.316
1.517
1.874
1.421
1.523
1.822
1.705
1.669
1.925
2.186
2.286
1.087
1.898
1.727
2.512
2.935
3.154
2.432
2.245
2.098
2.036
1.720
1.183
2.282
2.807
2.848
2.507
2.707
3.472
3.250
2.434
2.060
2.452
2.842
2.968
2.018
1.782
2.087
2.489
2.922
2.867
3.281
3.363
2.944
2.551
2.355
2.657
2.934
2.508
2.647
2.811
1.877
1.067
2.333
2.424
2.385
1.036
1.611
1.620
1.110
1.831
3.167
3.347
3.454
2.980
2.355
2.011
3.540
1.747
3.790
1.872
2.013
1.890
2.503
2.385
1.875
1.933
2.265
2.336
2.820
2.459
2.949
2.150
1.553
1.178
1.107
1.475
1.898
2.127
3.486
3.200
2.178
3.082
2.857
1.819
2.422
2.704
2.532
1.885
2.252
2.418
2.492
1.958
1.206
1.611
1.209
1.312
1.562
2.905
3.136
3.192
3.141
2.832
2.761
2.294
3.231
4.085
4.239
3.769
3.408
3.169
2.233
2.409
1.843
1.648
1.972
3.517
3.959
3.381
3.557
2.721
2.392
2.107
2.650
3.353
4.003
4.239
4.837
3.728
3.321
3.159
2.922
3.409
2.993
3.063
3.274
3.220
2.723
2.346
2.707
2.913
3.189
3.924
3.921
3.854
3.706
3.801
3.707
3.069
2.916
2.867
3.657
3.784
3.817
3.976
3.517
3.372
3.043
3.051
3.647
4.526
5.378
5.984
6.451
6.118
5.573
4.919
4.572
4.135
4.264
3.970
3.206
4.843
5.192
4.948
5.052
3.835
2.691
2.960
2.321
3.070
3.849
3.738
3.062
1.860
2.373
2.878
2.705
3.753
4.362
4.491
4.017
3.720
2.468
2.199
2.819
3.289
2.841
3.252
3.520
2.560
2.874
2.243
2.918
2.720
2.075
2.460
2.670
3.252
3.886
3.854
3.374
3.606
3.096
2.433
1.767
2.400
2.700
2.209
2.207
2.857
2.720
3.063
4.058
2.785
2.930
2.400
1.973
2.498
1.911
2.220
2.334
2.438
3.341
2.974
3.431
3.709
2.698
2.504
2.082
1.926
2.088
2.446
2.781
2.256
1.682
2.340
2.156
2.387
2.481
2.287
2.230
2.190
2.116
1.648
1.741
1.499
1.244
1.103
2.147
1.997
2.322
2.278
2.281
2.608
2.778
3.019
2.315
2.666
2.721
2.514
1.724
1.604
1.772
1.905
2.544
2.779
2.599
2.730
2.639
2.238
2.084
1.773
1.610
1.518
1.434
1.423
1.968
1.753
0.805
1.481
1.799
1.892
1.441
2.223
1.906
2.095
1.665
1.842
1.735
2.380
2.269
2.092
1.171
1.539
2.525
2.577
1.924
2.626
1.551
1.577
0.867
1.258
1.597
1.783
1.612
2.132
1.097
1.053
1.528
1.809
2.648
2.433
2.775
2.823
2.703
2.397
2.435
2.829
4.218
4.198
1.778
1.364
1.545
1.342
1.580
1.503
1.500
2.121
2.061
1.549
1.890
2.590
2.716
2.808
2.489
1.641
1.264
1.896
1.709
2.452
2.003
2.444
2.841
2.742
2.784
2.900
3.270
3.043
2.367
2.003
1.964
2.109
1.735
1.799
2.481
2.396
2.207
2.023
2.126
3.152
2.875
1.793
1.064
2.043
1.379
2.429
2.483
3.330
4.053
3.205
1.918
2.947
2.916
2.453
2.685
2.453
2.401
2.683
2.463
1.580
2.158
2.448
1.919
1.683
1.091
1.831
1.981
2.534
2.155
2.345
1.849
2.063
2.054
2.014
1.318
1.469
2.204
2.617
2.791
2.712
2.220
2.227
2.556
2.235
2.331
2.212
2.068
1.486
1.273
2.451
1.184
1.859
1.800
2.564
1.304
1.534
1.950
2.847
1.948
1.859
2.431
1.710
1.533
2.261
2.408
2.013
1.977
2.279
1.104
1.918
2.779
2.139
2.086
2.947
2.675
2.191
1.817
1.964
2.853
2.465
2.021
2.342
2.178
1.581
0.790
1.802
2.197
1.245
2.490
2.914
3.025
2.646
2.843
2.314
1.856
1.283
1.511
1.322
2.697
2.917
2.607
2.947
2.391
2.202
2.033
1.992
1.944
2.389
2.134
2.151
2.187
1.470
1.874
2.277
2.379
2.192
1.398
1.736
2.741
2.738
2.219
1.627
1.400
1.631
1.753
1.861
2.486
2.020
1.678
1.482
2.455
2.637
2.062
3.324
3.800
4.161
3.603
3.457
2.687
2.492
3.280
3.485
3.368
3.816
3.341
3.143
2.672
2.791
2.840
3.539
4.123
4.775
4.886
4.634
3.937
3.440
3.201
3.610
3.271
3.438
3.672
3.877
4.712
4.376
2.849
1.799
1.815
1.796
2.986
2.024
2.933
2.284
3.050
2.546
2.956
3.250
3.805
3.719
3.955
4.002
4.144
4.134
4.852
4.766
4.918
4.066
4.471
3.107
2.956
3.688
3.425
3.288
2.933
2.986
2.668
2.655
2.613
1.873
2.004
1.650
2.442
2.581
2.974
3.222
2.483
2.963
2.808
1.550
1.384
1.047
3.221
2.681
3.903
3.192
3.040
2.979
2.242
1.303
2.144
1.526
2.185
2.318
2.092
2.117
2.346
2.218
2.087
1.463
1.813
2.491
2.812
2.628
3.004
2.629
2.812
2.331
2.455
2.250
2.594
2.521
1.927
2.060
1.913
1.475
1.534
1.219
1.763
2.119
3.145
2.744
2.531
2.340
1.516
1.046
0.933
1.872
1.423
1.733
2.113
2.590
2.246
2.634
2.032
2.142
1.631
1.841
1.725
1.260
1.432
1.695
2.222
2.081
2.224
2.326
2.018
2.317
2.245
1.888
2.374
1.797
1.829
1.957
1.660
1.555
1.228
1.769
1.694
2.043
1.495
1.404
1.444
1.430
1.268
1.179
1.573
2.022
1.185
1.522
1.748
1.416
1.912
1.261
1.418
1.033
1.584
0.979
1.878
1.786
1.885
1.882
2.043
2.139
2.069
2.158
1.715
1.744
2.067
2.488
2.118
2.060
1.731
1.211
1.210
0.766
1.837
1.486
1.341
0.882
1.911
2.408
2.281
1.623
1.360
1.497
1.215
2.039
2.437
2.701
2.367
2.116
2.355
2.327
2.161
2.134
2.431
2.103
1.862
2.085
1.422
1.360
1.092
1.331
1.434
1.461
1.415
2.092
2.471
2.702
2.237
2.079
1.996
2.297
2.340
1.676
1.780
1.463
2.082
2.342
2.420
1.337
1.086
1.625
1.950
2.342
2.343
2.215
2.620
3.489
2.944
1.956
2.197
2.364
1.930
1.810
1.672
2.778
2.646
2.528
2.482
2.575
2.316
1.797
2.544
2.964
2.168
1.918
2.451
3.436
2.823
1.741
1.713
2.085
1.919
2.133
2.734
2.881
2.588
2.166
2.688
2.356
2.233
2.243
2.003
1.826
3.157
3.154
2.718
2.923
2.752
2.291
2.778
2.583
2.407
2.136
2.715
2.198
1.781
1.825
2.770
2.237
2.424
2.464
2.164
1.870
2.129
3.401
1.964
2.222
2.263
2.145
1.747
2.484
3.426
2.084
2.987
1.916
1.829
2.729
2.656
2.787
2.107
2.047
1.396
2.521
2.530
2.566
2.425
2.239
1.546
1.570
1.310
1.526
2.128
2.133
2.208
2.594
1.645
1.921
1.859
2.558
3.013
2.778
2.960
2.970
2.133
2.310
2.847
3.100
3.088
3.022
2.953
2.619
2.742
2.449
2.721
2.685
2.383
3.040
1.529
2.685
2.313
2.812
2.506
2.697
2.629
2.749
2.738
2.983
2.464
2.758
2.728
3.399
3.143
2.791
2.459
2.095
1.564
2.513
3.262
3.307
3.162
3.200
2.713
3.008
3.682
3.474
2.811
3.063
3.017
3.322
3.268
3.793
4.280
4.416
4.121
3.708
3.824
4.499
4.545
4.630
4.953
4.824
4.602
3.977
2.826
2.066
3.306
3.544
3.542
2.467
1.657
1.996
1.582
2.582
3.265
3.528
4.420
5.328
5.891
5.552
5.194
4.682
3.970
4.591
4.868
4.458
3.250
3.379
3.217
3.205
3.425
3.309
3.445
2.457
3.239
2.879
2.737
3.067
3.579
2.066
1.958
2.628
2.722
2.477
2.383
2.455
2.402
3.130
2.260
2.545
3.530
2.663
2.628
2.232
3.024
2.874
4.358
3.376
2.738
2.521
2.284
2.979
3.234
2.911
2.105
2.865
3.281
3.633
2.789
2.464
2.700
2.526
3.579
2.921
1.993
1.861
2.103
1.884
1.819
2.334
1.939
1.994
2.068
2.325
1.997
1.834
1.482
1.310
0.953
1.026
0.639
1.500
1.715
1.330
1.331
2.469
2.092
2.413
2.229
1.359
1.515
1.944
1.879
1.604
2.211
2.089
2.087
1.627
1.251
1.025
1.280
1.479
1.454
1.960
1.891
1.616
1.295
1.305
1.015
1.210
1.693
1.851
1.617
1.102
2.063
1.333
1.247
1.482
1.185
1.281
1.343
1.419
1.397
0.870
1.060
1.227
1.551
1.905
1.415
1.651
2.016
2.030
2.047
2.334
1.097
1.641
1.974
2.831
2.327
1.994
2.609
2.641
3.065
2.886
2.515
2.415
2.267
2.444
2.113
1.752
1.759
2.547
2.113
2.281
2.966
2.157
2.439
2.001
2.149
2.107
2.243
2.705
2.234
1.750
1.909
1.803
1.889
1.801
1.899
1.695
1.960
1.655
2.585
2.582
2.612
2.653
2.459
2.461
1.657
1.985
1.859
1.410
1.707
1.186
1.216
1.533
1.837
2.024
2.567
2.089
2.413
2.381
2.703
2.907
3.088
2.490
2.375
2.460
2.350
1.794
1.771
2.416
2.365
2.886
2.290
2.302
1.865
1.693
2.450
3.116
3.122
2.466
2.485
2.351
1.777
1.477
1.495
1.611
1.623
2.708
3.050
2.719
3.185
2.850
2.981
3.546
3.393
2.961
2.509
2.574
2.432
2.609
2.746
2.640
1.881
1.910
1.995
1.761
2.458
2.258
3.186
3.183
2.877
2.661
1.788
2.160
2.601
2.817
2.060
4.661
1.506
2.564
2.290
2.605
2.731
1.922
2.535
2.451
2.840
2.940
2.255
2.222
2.745
2.259
2.097
2.247
2.212
2.491
1.798
1.612
1.975
2.125
1.804
2.179
2.270
2.366
1.953
3.336
1.771
2.225
1.438
2.310
2.114
2.206
1.932
2.617
2.611
1.874
2.393
2.667
2.972
2.270
1.704
1.844
3.291
2.649
2.394
1.932
1.482
2.533
2.572
2.323
2.781
2.553
2.511
2.575
3.088
2.950
3.347
3.315
2.729
2.824
2.346
1.937
1.416
1.858
1.747
2.776
3.128
2.951
2.811
2.643
2.752
2.926
3.362
3.386
3.316
3.288
2.885
2.690
3.402
3.536
3.265
3.713
2.773
2.170
2.410
3.039
3.659
3.597
3.245
3.613
3.408
4.005
3.865
4.272
4.593
5.148
4.557
4.294
4.544
3.717
3.881
3.744
3.169
2.395
2.273
3.518
3.401
3.405
1.780
2.395
1.808
1.952
1.751
1.490
1.951
2.914
3.022
1.913
1.798
2.460
2.396
2.837
2.922
2.610
2.722
2.675
3.200
3.091
3.197
2.869
3.022
2.920
3.023
1.633
1.723
2.911
1.871
1.703
1.654
1.964
2.141
2.074
2.190
2.505
2.508
2.612
3.021
2.342
2.821
2.880
3.068
2.567
2.299
1.819
2.015
2.404
2.107
2.741
2.244
2.742
2.682
2.347
2.832
3.373
2.047
2.106
1.948
2.778
2.354
2.327
2.063
2.525
2.666
2.136
1.884
1.913
1.940
1.750
1.756
1.924
2.733
2.981
3.673
3.230
2.724
4.171
3.574
3.197
3.199
2.555
2.246
2.204
2.119
2.135
1.666
1.734
2.126
2.181
2.114
2.146
1.687
1.369
1.358
1.307
1.364
1.189
0.900
1.552
2.063
2.390
1.376
1.762
1.358
2.020
3.110
2.980
2.490
2.004
3.105
1.955
1.603
1.816
2.228
2.275
1.233
1.479
1.451
1.834
2.279
2.037
1.871
2.029
1.461
0.939
1.840
2.105
1.901
1.358
1.674
1.194
1.077
1.053
1.573
1.536
1.084
2.055
2.421
2.395
2.360
2.307
1.431
1.246
0.767
0.947
1.258
0.908
0.418
1.457
1.874
2.086
2.015
1.462
1.347
2.038
2.536
1.651
1.288
1.192
1.538
2.476
2.231
2.558
2.065
1.737
1.640
2.036
2.352
2.016
1.747
1.862
2.005
2.473
2.733
2.682
2.332
1.915
1.988
1.359
1.942
2.137
1.940
1.931
1.458
1.637
1.968
1.728
2.097
1.651
1.315
1.324
1.438
1.401
1.205
1.793
1.807
1.938
2.283
2.636
2.605
2.089
2.240
1.943
2.354
2.576
2.787
2.076
2.854
2.055
2.165
1.859
2.116
1.608
2.787
2.811
2.436
2.472
2.851
3.147
2.728
2.315
2.322
2.155
3.028
2.446
3.503
2.722
1.939
1.500
2.456
2.698
2.407
2.607
2.562
2.350
2.183
2.198
2.558
2.436
2.196
1.643
1.499
1.367
2.138
2.763
2.833
2.262
2.073
1.372
2.875
1.968
2.819
1.314
1.722
2.258
2.417
1.639
1.271
1.962
1.786
2.625
3.286
2.276
1.983
2.481
2.287
2.281
1.827
2.819
3.370
2.299
2.055
2.540
2.576
2.220
2.687
2.388
1.701
1.723
1.968
1.731
1.203
2.259
2.792
1.988
2.071
3.215
2.647
1.807
2.393
2.216
2.120
1.912
2.782
3.039
2.814
2.978
3.174
2.960
1.906
1.770
2.184
2.705
3.056
2.787
2.796
2.275
2.374
1.984
2.243
2.407
2.693
2.504
2.713
2.904
2.095
1.803
1.800
1.677
2.021
2.392
2.722
2.473
2.415
2.083
2.226
3.237
3.330
3.028
3.066
2.548
2.017
1.579
2.031
2.792
2.442
3.466
3.538
3.188
2.752
3.023
3.138
3.134
2.574
1.921
2.564
3.104
3.391
3.362
3.560
2.971
2.154
2.138
1.799
2.435
4.011
4.360
3.862
3.124
2.818
2.683
3.372
3.499
3.983
4.168
3.905
4.038
3.150
3.467
3.450
3.829
3.378
3.233
3.261
3.762
3.262
3.073
3.861
4.726
5.043
5.117
5.099
4.852
4.215
4.277
4.401
4.677
4.897
4.416
4.040
4.073
4.521
4.545
4.369
4.100
3.950
3.394
3.283
3.011
3.040
2.468
2.465
2.200
2.165
2.009
1.917
2.787
3.153
3.276
3.606
5.056
2.821
2.305
1.986
2.260
2.385
1.618
1.674
1.641
