20000101
3.189
2.733
2.122
2.234
2.105
1.968
1.984
2.048
1.937
1.556
2.382
1.964
2.384
2.219
2.320
3.168
3.678
2.541
2.322
2.452
2.846
2.766
1.371
1.447
2.300
1.632
2.538
3.119
2.195
2.409
3.230
3.300
2.133
2.363
2.841
3.462
2.226
2.532
1.967
2.374
3.316
3.413
1.850
2.611
3.075
2.485
2.312
2.331
1.643
1.796
1.672
0.977
2.115
3.458
3.007
2.342
2.003
1.624
2.146
1.747
3.157
4.207
3.352
4.029
2.783
2.671
3.145
2.652
1.556
2.477
4.227
4.583
4.091
1.439
1.240
2.623
2.900
2.406
2.207
1.886
1.907
3.398
1.917
3.542
2.335
2.258
2.071
2.652
2.261
0.857
2.575
2.568
2.044
1.934
2.720
2.915
2.648
2.339
3.380
2.815
2.610
1.708
2.045
3.076
3.760
3.283
2.788
2.464
2.850
2.535
2.981
3.149
3.635
3.788
4.501
4.275
4.717
4.511
4.440
4.337
4.268
3.850
3.426
3.615
3.447
2.549
3.170
2.190
2.291
2.301
2.654
3.325
3.589
3.656
3.881
3.220
3.579
3.582
2.864
2.718
3.547
3.525
4.097
3.809
4.035
4.332
4.424
3.437
3.183
3.253
3.142
3.481
2.949
2.537
2.449
3.310
2.495
2.222
1.953
2.731
2.486
3.477
4.535
4.717
4.211
4.570
4.658
4.820
4.992
4.659
4.607
3.507
3.099
4.611
3.315
4.273
4.492
4.509
4.183
3.200
3.225
2.134
2.231
2.832
2.328
1.771
1.910
2.606
2.797
2.764
2.682
2.906
3.368
4.140
3.802
3.922
4.066
4.153
3.360
3.470
3.723
4.047
4.479
3.593
3.844
4.106
3.923
3.970
4.058
2.917
2.166
2.531
4.040
4.385
4.519
3.615
2.863
3.110
2.591
2.792
2.791
3.772
2.624
2.513
2.999
3.367
3.328
3.609
3.571
3.133
3.190
3.189
3.389
2.744
2.259
1.602
1.049
2.899
2.474
2.331
2.603
3.606
3.817
3.433
2.603
2.595
2.980
3.420
2.628
2.384
2.835
2.497
3.191
3.290
3.092
2.630
2.401
2.336
2.720
2.652
2.900
2.837
1.979
1.774
1.930
2.118
2.080
1.466
1.087
1.289
1.617
1.498
1.589
1.812
2.324
1.864
2.400
2.064
1.425
1.572
1.191
1.749
1.668
1.680
1.668
2.122
2.582
2.797
1.923
1.847
2.386
1.832
1.904
1.428
2.170
2.406
2.323
2.393
1.884
1.752
1.565
1.626
1.589
1.436
0.727
2.428
2.521
2.191
2.047
1.741
1.960
1.542
1.913
1.587
1.349
1.774
1.286
1.045
1.908
2.178
2.382
2.165
1.864
2.327
1.506
1.829
2.507
2.348
1.565
2.125
1.681
2.345
2.254
3.221
2.605
3.103
2.999
2.766
1.914
0.785
0.844
2.247
2.216
1.565
1.508
1.501
1.091
1.014
1.620
2.147
2.134
1.875
1.206
1.103
1.605
2.272
1.925
2.107
2.130
1.995
2.717
2.129
2.616
2.857
3.419
3.989
1.466
1.658
2.299
2.333
2.743
2.300
2.074
2.247
2.328
2.745
2.525
1.945
2.116
2.832
2.471
1.989
2.171
1.311
1.447
1.770
2.259
2.638
2.054
2.038
2.113
2.250
2.640
2.586
1.292
1.614
1.546
2.170
2.363
2.266
1.739
2.240
1.332
1.795
1.687
2.157
2.476
2.625
1.692
3.042
3.148
2.340
1.883
1.506
1.433
1.215
1.720
2.304
1.373
2.294
3.389
3.691
2.768
2.127
1.624
3.196
3.760
2.658
2.337
1.667
1.784
1.683
2.063
2.512
2.106
2.137
1.761
1.938
1.423
1.653
1.986
2.157
1.635
2.393
2.859
3.574
3.222
2.145
2.839
3.151
3.804
3.026
4.104
3.486
3.023
1.896
2.739
1.773
2.349
2.063
2.082
1.868
2.476
2.446
3.114
3.255
2.576
2.183
1.239
2.384
2.691
2.471
2.586
2.102
2.371
1.946
1.566
1.943
2.574
2.562
2.938
3.285
3.438
3.698
3.536
3.155
3.160
3.794
3.935
3.409
3.307
4.133
4.301
4.310
4.495
4.371
4.197
4.215
3.869
4.185
4.445
4.422
4.965
4.753
3.830
3.866
3.058
2.160
1.682
2.857
3.579
3.272
2.483
2.676
3.608
3.845
4.132
3.494
3.520
3.330
3.467
2.637
2.455
2.034
2.108
2.253
2.276
2.015
2.748
3.681
3.865
4.142
4.179
2.819
2.972
3.131
3.768
4.387
4.459
4.499
4.773
4.826
5.213
4.663
4.795
4.449
4.016
3.121
3.164
2.894
3.020
3.117
2.321
2.140
2.787
2.354
3.080
3.709
3.430
3.606
3.702
3.882
4.129
3.232
3.151
3.165
2.963
3.074
2.729
2.599
2.454
2.846
3.000
2.844
3.210
3.143
2.356
2.340
2.821
2.497
1.582
2.552
2.798
2.599
2.400
2.070
2.023
1.979
2.229
2.684
3.059
2.919
2.841
3.139
3.252
2.813
3.156
2.714
2.765
2.750
2.667
2.770
2.804
3.581
3.807
3.522
3.841
4.045
3.817
3.251
2.975
2.897
3.356
3.666
3.021
1.615
2.147
2.513
3.025
2.827
2.132
2.243
1.656
2.094
1.618
1.843
1.781
2.285
2.009
1.628
1.909
1.497
1.810
2.792
2.067
2.069
1.805
1.455
1.695
2.090
1.811
2.273
2.389
1.857
1.477
2.449
3.049
2.406
1.659
1.507
1.492
1.267
2.029
1.820
1.016
1.668
1.988
1.904
1.243
0.993
0.794
2.179
1.710
1.356
1.147
1.327
1.269
2.222
1.795
1.601
1.512
0.891
1.641
1.130
1.544
1.715
1.428
2.029
2.648
2.345
2.217
2.604
2.530
1.778
1.692
1.868
1.896
1.695
2.670
2.635
2.061
2.107
1.763
2.082
2.306
2.141
2.045
2.320
2.365
2.670
2.348
2.165
1.597
1.031
0.750
1.084
1.385
0.764
1.194
1.647
1.483
1.556
1.663
2.359
1.980
1.352
2.130
2.335
2.052
2.870
2.697
2.387
2.213
1.901
2.381
2.434
1.501
2.132
2.633
2.386
2.192
2.014
2.460
2.643
2.888
2.492
3.540
2.853
2.928
2.513
2.621
1.887
1.381
1.534
2.182
2.975
3.735
2.764
2.562
2.271
2.275
2.366
2.125
1.457
2.300
3.281
2.765
2.937
2.457
2.732
3.177
2.479
2.084
1.728
2.528
2.980
2.712
2.761
2.573
2.116
3.171
4.343
2.628
2.750
2.763
2.273
1.790
1.720
2.331
2.787
2.177
1.951
2.097
1.969
2.997
2.760
2.428
2.725
2.111
1.825
1.654
3.594
2.429
1.958
2.220
1.941
1.994
2.635
3.199
2.206
2.077
3.220
2.402
3.261
1.424
1.584
1.385
1.942
2.231
1.956
2.165
2.465
2.685
3.747
3.833
1.863
2.224
1.846
1.908
1.573
2.339
3.394
3.497
1.583
2.005
2.074
2.486
3.064
2.005
2.045
2.565
2.799
2.230
2.961
3.357
3.568
3.441
2.640
3.036
2.062
3.156
3.118
3.473
3.864
3.454
3.474
2.169
1.475
3.398
3.239
1.918
3.028
3.131
2.399
2.641
3.099
3.452
3.581
3.501
4.241
5.136
5.559
4.837
4.719
4.360
3.967
3.986
5.169
5.778
6.148
5.735
4.851
4.270
3.949
4.118
4.856
4.925
5.174
4.787
4.334
3.337
3.001
3.666
3.063
2.768
2.617
3.273
3.981
4.462
4.347
3.616
3.536
3.784
4.242
3.585
3.448
2.407
2.823
2.757
3.204
3.488
3.525
4.076
2.963
3.346
5.352
4.669
3.215
2.101
3.501
3.815
3.591
3.644
4.295
4.633
4.627
4.960
4.914
4.657
4.758
4.523
3.983
3.953
4.727
4.890
4.642
4.408
4.076
4.156
4.247
3.401
3.667
4.607
3.721
3.301
4.024
3.594
3.251
3.240
3.900
3.537
3.549
2.925
2.540
2.585
2.870
3.013
3.311
2.531
2.695
3.178
2.989
3.108
3.104
3.925
3.625
3.665
3.601
3.606
3.054
3.575
3.479
3.590
2.608
2.855
3.654
3.222
2.368
2.692
2.546
2.760
3.518
3.040
3.222
2.851
3.057
3.464
3.220
3.030
3.862
3.624
3.633
3.228
3.985
3.731
3.969
3.538
2.398
2.556
2.959
3.107
1.821
1.480
1.478
2.000
2.556
3.510
3.692
2.145
2.371
1.836
1.278
1.655
0.983
1.047
1.517
2.111
1.503
1.080
0.702
1.044
2.088
2.298
2.753
1.968
1.919
2.489
2.456
2.713
2.810
1.799
2.613
3.132
2.677
2.472
1.629
1.896
1.681
2.360
2.440
1.706
1.557
1.669
0.998
0.696
0.973
0.949
1.922
1.624
1.035
1.903
1.761
2.258
2.489
2.596
2.822
1.875
1.758
1.534
1.203
1.204
2.436
2.196
1.999
0.674
1.490
1.546
1.466
1.596
1.559
1.428
1.862
1.691
1.782
1.963
2.071
2.732
2.498
1.587
1.550
1.665
1.566
1.676
1.582
1.396
1.896
1.563
1.484
2.247
2.363
2.159
1.488
2.024
2.279
1.605
1.571
1.570
2.262
2.586
1.670
1.960
1.640
1.963
1.853
1.492
3.628
2.536
2.501
2.464
2.464
2.252
2.446
1.780
2.548
3.511
3.116
2.772
1.919
1.978
2.798
2.579
2.662
2.789
3.008
2.430
2.569
1.872
1.925
2.218
2.365
1.153
2.475
3.411
3.323
1.967
1.779
3.092
2.207
2.440
2.580
2.477
2.314
2.430
2.609
2.160
1.713
1.744
2.388
2.784
2.310
2.362
2.384
2.494
3.172
5.118
4.345
1.696
2.314
1.861
1.996
2.331
1.960
1.712
2.248
2.581
2.784
3.240
3.368
3.067
2.584
1.881
1.974
2.096
1.556
2.329
1.945
2.524
1.898
1.763
2.188
3.013
1.993
2.856
2.527
1.354
1.564
1.886
2.460
2.075
2.402
1.921
2.688
1.808
3.256
3.407
2.557
2.619
2.645
4.231
4.199
2.623
1.724
2.028
1.802
1.592
2.316
2.174
3.680
3.266
2.771
3.386
3.395
2.500
3.977
3.842
2.927
2.492
2.451
2.705
3.322
3.130
2.517
3.099
2.074
1.939
2.644
2.848
4.187
4.937
4.089
3.370
3.705
3.650
2.336
1.576
1.781
1.920
2.947
3.307
3.577
2.987
3.638
4.248
4.669
5.156
4.980
5.325
4.964
4.648
4.489
4.294
3.973
4.668
3.930
3.525
3.390
3.878
3.691
3.590
3.689
4.756
5.258
5.846
5.680
5.499
4.860
4.668
4.121
4.005
3.860
2.147
2.694
2.544
1.538
3.001
2.722
3.997
3.916
3.790
3.646
4.449
3.293
3.131
3.073
3.022
3.599
3.516
2.695
1.955
1.882
2.407
2.454
2.457
3.301
3.200
3.878
3.481
3.971
2.984
2.337
2.495
2.395
2.458
2.228
2.401
3.173
3.661
3.785
3.784
3.664
3.552
3.146
2.374
2.465
3.013
2.720
3.155
3.460
2.928
2.725
3.045
3.028
2.552
1.507
1.656
2.268
3.019
2.971
2.814
3.015
2.305
2.937
3.203
3.079
3.648
3.764
3.097
2.835
2.141
2.152
3.409
3.954
3.784
2.929
2.976
2.983
2.836
3.005
2.884
3.011
2.700
2.691
2.876
3.057
3.172
3.149
3.770
2.794
3.465
3.113
3.363
2.963
3.208
3.235
2.343
2.780
2.533
3.324
2.783
2.398
2.673
2.483
2.734
1.898
1.852
1.969
1.038
0.901
1.124
2.048
1.369
1.786
2.062
2.125
2.260
2.151
1.840
1.595
2.234
1.893
0.659
1.180
1.268
2.247
2.100
2.225
2.003
1.182
1.700
2.044
2.420
2.148
1.400
1.396
1.572
2.460
2.763
2.213
2.136
2.013
1.824
1.430
2.194
2.507
1.926
1.560
2.107
1.724
1.473
1.187
1.734
2.214
2.597
2.247
1.721
1.653
1.091
1.284
2.041
1.475
1.771
1.349
1.079
2.054
1.787
1.721
1.767
1.101
1.449
1.302
1.760
1.775
1.908
1.865
1.699
1.037
1.659
1.582
1.467
1.351
2.874
3.226
2.179
1.895
1.630
2.396
1.973
1.951
2.317
2.617
2.519
2.662
2.123
2.148
2.102
1.757
2.861
2.976
3.331
2.751
2.192
1.520
1.349
1.458
2.609
3.427
3.585
3.740
3.037
2.651
2.410
2.349
2.429
1.813
1.372
0.938
1.742
2.176
1.926
1.809
2.403
2.886
2.956
2.194
2.483
2.273
1.612
2.927
3.742
2.535
2.586
2.189
2.606
3.054
2.950
2.869
2.557
2.339
2.444
2.833
2.629
2.051
2.359
2.940
2.868
1.275
2.355
2.149
2.300
2.384
1.581
1.087
1.386
1.838
2.171
1.486
1.294
1.828
2.628
2.387
2.393
1.913
2.070
1.744
1.601
2.179
2.611
2.247
3.008
2.433
1.486
1.882
1.709
1.325
1.396
2.360
1.214
1.644
2.408
3.126
2.366
2.227
2.872
3.254
3.177
3.035
2.901
2.303
1.932
1.815
2.459
2.770
3.024
2.332
2.603
2.460
3.181
3.108
3.677
4.096
3.255
2.689
3.075
3.138
3.815
4.021
4.164
4.146
4.528
3.911
3.581
2.946
2.966
3.552
2.873
1.891
2.186
2.800
3.518
3.696
3.519
4.122
2.517
1.457
1.325
1.916
1.724
2.450
3.365
2.244
2.698
3.214
2.466
3.426
4.322
4.093
3.020
3.147
3.865
5.023
5.066
5.539
5.358
5.583
5.325
4.305
3.719
3.944
3.533
3.212
2.900
3.029
3.366
3.434
3.569
4.126
4.232
4.290
3.651
2.404
2.085
1.623
1.182
1.775
3.289
2.802
2.718
1.581
2.453
3.192
3.831
4.501
4.440
5.202
5.165
5.251
4.953
4.273
3.616
3.390
3.736
3.785
3.282
3.441
2.359
2.115
1.779
1.903
2.929
2.554
3.195
3.654
3.691
3.106
4.056
3.508
3.672
3.300
2.275
1.659
2.820
2.709
2.953
3.130
3.554
2.404
3.575
3.409
3.513
2.743
2.666
2.972
2.418
3.273
2.693
2.563
1.782
1.704
2.398
2.817
2.893
3.104
3.164
2.531
2.982
3.036
2.587
2.936
3.651
3.915
2.354
2.491
2.414
2.827
2.661
3.504
4.396
3.215
3.545
3.651
3.727
3.627
3.548
3.277
3.057
2.467
2.105
2.084
1.997
1.745
1.719
1.929
1.987
2.600
2.980
2.641
1.943
2.071
2.512
2.473
1.762
1.825
1.730
2.173
2.178
2.510
1.037
1.261
1.229
1.093
0.994
0.954
0.979
1.287
1.333
1.511
1.507
1.156
1.349
2.318
2.288
2.196
1.765
1.588
1.188
1.505
1.344
1.264
1.461
1.389
1.535
1.846
1.649
1.737
2.132
2.219
2.310
2.060
2.198
1.794
1.793
1.800
1.659
1.607
2.002
2.414
2.316
2.412
2.269
2.775
2.913
2.460
2.133
1.946
2.229
1.985
1.229
1.617
1.908
1.650
1.725
1.570
1.895
0.999
0.995
1.476
1.546
1.796
2.020
1.739
2.030
2.104
1.775
1.482
1.928
1.749
1.229
2.310
2.543
2.502
1.936
1.936
2.530
2.363
1.974
2.145
2.618
2.698
2.193
1.975
2.045
1.744
2.285
1.934
2.116
2.431
0.982
2.522
1.660
1.643
2.804
2.631
3.170
2.962
2.678
3.133
2.893
2.097
1.765
1.864
2.666
2.448
1.999
2.508
2.097
2.006
2.922
2.105
2.742
2.095
1.814
1.903
1.970
3.050
2.405
2.992
3.218
2.735
2.081
2.493
2.273
2.624
2.315
2.313
1.342
2.004
2.679
3.191
2.701
2.216
2.700
2.429
1.838
2.562
2.404
1.722
2.294
3.028
2.622
2.483
1.757
2.287
4.053
4.222
4.681
3.620
2.863
2.155
2.367
2.524
2.622
1.915
1.394
1.951
1.305
1.929
1.590
1.539
2.366
2.344
2.631
2.357
2.513
1.739
2.640
2.775
2.216
2.350
1.752
1.469
1.707
1.944
1.691
2.406
2.422
2.532
3.393
3.527
3.143
2.640
1.391
2.716
3.927
2.820
3.093
3.188
2.727
2.460
1.897
2.122
1.832
1.548
1.243
3.560
3.312
2.687
2.528
1.892
2.224
2.330
2.318
2.986
2.646
2.680
2.442
1.986
1.749
3.222
3.329
2.651
1.974
2.511
1.887
3.252
3.158
3.592
2.725
1.682
2.453
2.285
2.133
2.375
2.536
3.517
3.435
3.707
3.607
3.299
3.120
3.218
3.286
3.398
3.457
3.899
4.004
3.141
2.971
3.128
4.032
3.276
3.148
3.320
3.304
2.797
2.302
3.133
2.082
2.776
2.911
3.766
4.049
3.440
3.487
3.577
4.016
3.210
3.345
3.005
4.104
3.957
3.381
2.845
3.267
3.112
3.049
2.402
2.914
2.473
3.057
3.302
3.273
3.917
2.725
2.669
3.406
2.829
1.998
2.586
3.096
3.258
2.509
3.081
3.506
4.037
3.911
3.650
3.248
3.051
2.897
2.492
3.261
3.105
3.179
3.013
2.496
2.216
2.726
2.551
3.584
3.439
3.595
3.613
3.895
2.541
3.469
3.814
3.081
1.946
1.827
2.906
3.151
2.591
2.707
3.045
3.513
2.848
2.270
2.452
2.468
2.364
2.457
1.843
2.354
2.073
1.799
2.309
2.810
2.855
2.796
2.703
2.570
2.915
3.138
2.914
1.996
2.142
1.731
2.096
2.212
2.127
1.754
1.830
2.694
1.234
1.206
1.171
1.444
0.884
0.776
1.008
0.890
1.546
1.704
2.218
2.054
2.726
3.888
4.381
2.264
1.575
1.617
0.846
2.048
3.370
3.276
2.335
1.939
1.614
2.163
1.523
1.846
2.164
1.343
1.778
1.196
1.168
1.494
0.924
1.490
2.090
2.033
1.877
2.640
2.952
2.689
2.980
1.934
2.372
2.451
1.839
2.008
2.174
2.064
2.157
1.593
1.632
2.849
2.066
1.935
1.619
1.554
1.429
1.721
1.527
2.219
2.633
2.301
1.722
2.252
2.011
2.238
2.047
1.503
1.082
1.884
1.667
1.413
1.554
1.156
1.672
1.987
1.724
2.030
1.543
1.751
1.973
2.066
1.660
1.181
1.212
1.629
1.561
2.215
2.102
2.681
2.484
2.114
1.841
1.920
2.141
2.347
2.668
2.710
2.069
2.284
2.554
2.667
2.467
2.292
2.352
1.932
1.672
2.205
2.475
2.931
2.871
2.564
1.958
1.226
1.813
1.647
1.424
2.922
2.395
1.846
2.725
2.718
2.747
3.043
2.460
2.109
1.984
1.879
1.165
1.542
2.139
2.577
2.364
2.918
2.583
2.257
2.436
1.740
2.780
2.191
2.180
2.831
2.639
2.554
2.167
2.114
2.737
2.516
2.533
2.119
2.247
2.380
1.637
1.354
1.393
1.405
1.278
1.317
1.786
1.639
1.897
1.702
3.026
2.827
2.210
1.214
1.694
1.679
1.557
2.025
1.888
1.665
1.783
2.874
2.629
2.661
1.693
1.548
3.045
2.366
1.365
1.801
1.645
2.789
2.610
2.044
1.683
1.670
1.289
1.648
1.590
1.615
1.567
2.469
2.354
2.219
2.135
2.112
1.741
2.405
2.705
2.864
1.829
1.794
2.561
2.097
2.152
3.168
3.070
2.521
2.764
2.586
2.420
2.964
2.675
3.348
3.052
2.442
3.228
2.318
2.360
2.266
2.032
2.788
2.520
2.009
1.726
2.359
2.493
3.372
2.796
2.367
2.821
2.962
2.971
3.112
3.874
3.436
3.340
3.227
2.337
1.992
3.235
3.424
3.447
3.418
4.101
3.674
3.127
3.776
3.879
3.771
3.296
3.085
3.035
3.909
4.774
4.939
4.184
4.211
3.924
4.038
4.625
4.134
4.397
4.018
3.187
2.303
2.720
3.522
4.520
3.538
4.489
4.231
4.248
3.947
4.148
4.161
3.947
4.672
4.268
3.645
3.355
3.449
3.049
2.601
1.851
2.246
2.559
2.333
2.938
2.079
1.345
1.684
2.331
3.075
3.222
3.205
2.407
2.344
2.858
2.663
2.867
3.190
3.308
3.107
3.459
3.659
3.493
3.266
2.903
4.046
3.532
3.228
2.798
3.123
3.536
2.373
1.873
2.096
3.235
3.046
2.516
2.711
3.011
2.760
2.389
2.832
3.420
3.154
2.959
2.832
2.656
2.310
2.719
2.634
3.804
3.353
3.865
3.824
2.049
2.170
2.321
2.429
2.083
1.547
3.307
3.322
2.956
2.648
2.579
2.620
2.836
2.030
2.835
3.799
3.080
2.674
3.182
3.386
2.773
2.069
1.718
2.154
2.304
3.030
2.631
1.876
1.108
0.903
1.085
1.007
1.018
0.987
1.986
1.556
1.066
0.751
1.472
1.452
1.949
2.116
1.862
1.919
2.034
2.118
2.114
1.840
2.417
2.650
1.894
1.306
1.172
1.484
2.006
2.221
2.091
1.291
1.626
1.363
1.061
1.537
1.126
1.330
0.908
1.271
1.320
1.683
1.406
1.839
1.540
1.423
1.497
1.970
2.134
2.130
1.862
2.563
2.680
2.295
2.333
2.731
2.256
2.313
1.667
1.537
2.026
1.664
1.734
2.060
2.362
2.452
2.167
1.577
2.205
2.478
2.229
2.093
2.102
1.600
1.232
1.544
1.823
0.819
1.520
2.124
1.907
2.113
1.453
2.079
1.036
2.246
1.916
2.311
2.381
1.635
2.040
1.557
1.569
1.401
1.944
1.845
2.166
2.446
2.045
1.728
2.165
2.718
2.242
2.484
2.564
2.254
2.621
2.582
2.797
2.743
1.931
2.255
2.845
2.597
1.859
1.828
1.894
1.312
1.361
1.818
1.667
2.136
2.670
2.897
2.280
1.485
1.970
2.028
2.023
2.214
2.049
1.867
3.070
2.666
2.084
2.468
2.115
2.332
2.893
3.196
2.908
1.995
2.028
1.890
3.254
2.361
2.034
1.578
2.438
2.321
2.381
1.326
2.659
1.438
1.502
2.802
3.307
4.764
3.547
4.344
1.536
2.699
1.801
2.319
1.410
1.860
2.104
2.230
1.085
1.592
2.296
3.396
1.870
1.891
2.921
3.462
2.205
2.295
1.858
1.984
1.984
2.256
2.119
2.327
2.740
2.086
2.472
2.506
2.498
2.741
2.207
1.649
1.641
2.410
3.247
3.113
2.485
2.651
2.318
2.701
1.955
1.768
1.781
1.804
1.731
2.065
3.288
2.931
2.177
2.096
1.465
1.971
3.229
2.997
2.708
2.507
2.998
3.234
2.598
2.001
2.107
2.495
2.282
1.926
2.238
1.901
2.946
4.061
3.887
2.891
2.790
2.733
2.917
3.042
2.493
3.684
3.271
3.371
3.330
3.969
2.771
3.107
3.530
3.871
3.379
3.720
3.907
4.084
4.014
4.610
4.943
4.190
3.539
3.616
3.986
4.493
3.821
3.694
3.488
3.654
3.950
3.656
3.255
3.348
2.800
1.733
2.043
2.060
3.289
2.865
2.605
2.043
4.029
3.940
4.178
4.724
5.369
5.171
4.716
3.471
1.812
2.489
1.837
2.178
3.178
3.171
2.631
2.007
2.132
3.508
4.187
3.568
2.722
3.681
2.669
1.819
3.113
2.104
5.362
6.034
4.258
3.764
4.632
5.114
2.821
3.645
3.451
1.736
2.631
2.676
2.317
2.222
2.106
2.181
2.273
2.694
2.938
2.862
2.557
2.004
0.923
1.539
1.591
1.910
2.163
2.356
1.724
1.549
2.229
2.276
2.229
2.746
2.696
2.337
2.652
3.232
3.230
3.133
2.489
3.206
3.746
3.578
3.149
3.022
3.112
3.205
2.461
2.983
2.414
1.866
1.793
1.302
1.705
1.443
1.137
1.882
1.708
1.539
1.754
1.645
1.508
1.866
2.386
2.226
2.319
2.141
2.264
2.210
2.214
1.535
1.629
2.184
2.501
2.423
2.190
1.724
1.694
1.713
1.913
1.363
1.230
1.141
1.162
1.592
1.472
1.354
0.986
2.068
1.961
1.631
1.826
1.640
2.243
2.423
2.073
2.422
2.102
1.836
1.353
1.509
1.483
1.333
1.609
1.471
1.182
1.207
1.697
1.842
1.147
0.871
0.979
1.224
1.781
2.143
2.549
2.328
2.103
2.114
2.735
2.632
2.393
1.642
1.830
1.441
1.233
2.007
1.630
1.349
1.620
1.341
0.885
1.355
1.955
1.547
2.051
2.064
1.794
1.601
2.072
2.564
1.806
1.972
1.717
1.961
2.122
2.187
1.725
1.216
1.764
2.011
1.872
1.406
1.146
2.244
3.017
2.789
2.359
2.242
2.131
1.834
2.131
2.331
2.582
2.209
3.023
2.498
2.830
2.570
2.305
2.421
2.388
2.365
1.781
2.039
2.013
1.875
2.064
1.935
2.078
1.755
2.590
2.412
1.251
2.675
2.191
2.341
2.461
2.934
2.289
1.229
2.078
2.359
2.443
2.309
2.626
2.404
2.267
2.327
2.914
1.763
1.728
2.561
2.664
1.762
2.301
2.998
2.700
1.701
2.187
2.986
2.569
2.157
2.682
2.784
2.844
2.448
2.238
2.164
2.313
2.810
3.085
2.444
2.546
3.100
3.068
2.672
2.013
2.143
1.636
1.602
2.323
2.023
1.872
2.219
2.451
2.567
1.589
2.145
2.219
2.049
1.591
1.332
2.034
2.119
1.586
2.024
1.865
1.713
2.207
1.990
2.525
2.218
1.968
2.209
2.383
1.483
0.825
1.721
2.293
3.105
2.088
1.707
1.818
1.747
2.487
2.104
2.044
1.362
2.415
2.102
2.572
2.620
3.158
2.585
3.409
2.264
1.645
1.935
2.752
1.409
1.040
1.526
2.502
2.318
3.148
3.343
3.139
3.191
2.591
2.937
2.742
2.552
2.862
2.724
2.804
1.981
2.399
2.726
3.152
3.099
3.775
3.548
3.621
4.227
4.536
4.375
4.528
4.422
4.139
3.580
4.017
3.611
3.562
4.028
3.766
4.621
4.849
4.935
5.465
5.363
4.630
4.506
4.619
4.680
4.083
3.651
3.516
3.383
4.136
3.995
4.311
3.978
3.980
4.238
3.442
3.505
3.229
4.145
3.480
3.135
2.640
2.015
1.469
3.101
3.718
3.446
3.844
3.975
4.439
4.479
5.043
5.061
3.598
3.868
4.020
4.454
4.799
4.749
3.158
2.769
2.505
2.485
2.069
2.434
3.259
3.041
3.323
3.536
4.543
4.277
4.014
2.962
2.330
3.823
3.746
3.196
3.100
3.181
3.226
3.028
2.760
2.568
2.646
3.011
3.113
2.606
3.000
2.927
2.787
3.323
2.213
1.687
2.529
2.632
2.968
2.759
2.863
2.680
2.976
3.675
3.782
3.268
3.020
2.391
2.404
2.934
2.687
3.520
2.715
2.208
2.146
2.388
2.423
2.654
2.908
2.526
2.060
2.222
1.859
2.542
2.021
2.272
2.236
2.205
2.027
1.402
1.532
1.313
1.580
1.861
1.866
2.305
2.372
1.807
1.272
1.846
1.723
1.045
1.975
1.841
1.979
1.664
2.190
2.295
2.954
2.461
2.321
1.693
1.886
2.220
2.807
2.641
2.877
2.585
2.311
1.550
1.808
1.902
1.346
2.239
1.912
2.287
1.757
1.429
1.246
1.414
1.161
0.906
1.313
1.405
2.066
2.694
2.431
2.200
1.895
2.302
2.516
2.635
1.848
1.589
1.708
1.925
2.303
1.807
1.436
2.039
1.461
1.727
1.302
2.153
2.005
1.597
2.301
1.978
2.089
2.032
1.844
1.674
1.590
1.599
1.872
2.371
2.685
2.382
1.843
1.894
2.540
2.290
2.105
1.886
2.297
2.428
3.146
3.415
3.013
2.848
2.497
1.684
2.251
1.831
2.495
2.721
2.162
2.256
1.633
1.426
1.690
1.895
1.505
1.990
3.147
2.865
2.529
3.127
2.659
2.437
1.405
1.698
1.743
2.047
1.574
1.727
1.801
1.415
1.071
1.316
1.698
2.191
2.646
2.367
1.516
1.912
2.074
2.520
2.922
3.175
2.599
2.563
2.415
2.613
2.276
2.908
2.718
2.402
1.642
1.688
2.376
2.381
1.580
2.212
2.684
2.271
2.226
2.025
1.701
1.905
1.834
2.072
2.056
2.203
1.660
2.265
2.119
1.734
1.878
2.596
2.018
2.943
2.065
1.739
2.078
1.826
1.837
1.870
1.779
2.211
2.089
2.557
2.102
2.027
2.459
3.031
2.387
2.334
2.668
2.774
1.469
2.195
2.589
2.418
2.638
2.824
2.640
1.942
1.678
1.731
1.839
1.940
2.097
2.221
1.735
1.650
1.915
2.315
2.784
2.699
2.334
1.410
1.472
2.026
3.137
1.794
2.244
2.816
2.942
2.468
2.512
2.019
2.315
1.818
2.791
2.959
2.340
2.100
3.297
2.066
2.212
1.988
1.267
2.564
2.414
3.213
2.378
2.980
2.138
1.599
3.543
4.705
2.959
2.738
2.482
2.125
1.488
1.064
2.568
2.881
3.196
3.338
3.848
3.089
3.017
3.562
3.217
2.952
2.584
3.313
3.753
4.355
3.565
3.789
4.784
5.006
4.892
3.868
3.334
3.353
3.763
3.657
3.735
3.474
3.679
3.816
4.918
4.125
4.118
4.831
4.585
4.629
5.043
4.943
4.889
5.084
4.729
4.437
4.385
4.765
4.194
3.570
3.797
4.137
4.228
4.209
4.742
4.185
3.303
2.695
3.128
3.153
2.990
3.760
2.734
3.525
2.891
3.285
2.756
2.135
2.593
3.021
2.959
3.038
2.482
2.825
2.889
2.724
3.513
4.455
4.765
2.785
2.448
3.253
3.650
3.080
3.050
2.046
2.754
3.071
3.182
3.175
3.832
4.264
3.187
3.396
3.149
3.765
3.480
3.295
2.849
2.737
2.897
2.943
2.421
2.720
3.427
3.944
3.539
3.059
2.942
3.193
2.338
2.476
2.448
2.369
2.861
3.340
3.276
3.064
2.492
1.953
2.489
2.749
2.600
2.456
2.550
3.303
3.956
2.794
2.829
2.376
2.539
1.986
2.055
2.373
3.359
3.280
3.220
2.940
2.782
3.640
4.443
3.263
2.686
2.006
1.978
2.280
2.240
2.167
1.664
1.980
2.087
2.246
2.185
2.049
1.905
2.643
3.090
3.020
3.247
2.774
2.044
1.959
2.706
2.986
1.605
1.253
1.958
2.741
3.131
3.031
1.812
1.840
1.215
1.479
1.599
1.113
1.558
1.416
1.754
1.637
1.240
1.450
1.125
1.292
1.710
1.384
1.510
1.444
1.988
2.056
2.357
2.172
1.266
1.131
1.514
2.672
2.325
2.242
1.849
1.921
1.739
2.695
2.975
4.641
2.512
1.763
0.963
1.169
1.524
1.546
1.747
1.939
2.214
2.079
2.238
2.098
2.413
1.220
1.004
2.152
2.446
2.330
2.199
1.856
2.237
2.351
2.188
1.619
1.695
1.430
1.400
1.531
1.881
1.410
1.796
2.060
1.993
1.002
1.951
1.853
2.373
2.843
3.136
2.187
2.040
2.004
1.924
1.707
1.206
2.010
2.284
2.785
2.262
2.533
3.442
3.196
2.515
1.872
2.334
2.714
2.878
2.001
1.735
2.062
2.230
3.097
2.586
3.075
3.220
2.795
2.422
2.220
2.506
2.879
2.429
2.703
2.815
1.541
1.302
2.384
2.360
2.312
1.002
1.411
1.459
1.141
1.717
2.789
3.211
3.026
2.919
2.396
2.093
3.478
1.375
3.719
1.587
1.785
1.815
2.393
2.118
1.933
1.811
1.889
2.021
2.585
2.030
2.854
1.998
1.458
1.106
1.082
1.390
1.668
1.898
3.362
3.095
2.099
3.008
2.617
1.775
2.289
2.489
2.150
1.727
2.028
2.351
2.507
1.622
1.090
1.456
1.338
1.369
1.495
2.686
2.936
3.013
3.060
2.662
2.618
1.964
3.033
3.873
4.185
3.726
3.461
2.960
2.133
2.217
1.694
1.621
1.822
3.244
3.755
3.167
3.372
2.489
2.264
1.925
2.432
3.126
3.780
4.142
4.684
3.628
3.064
2.980
2.797
3.221
2.827
2.955
3.023
2.976
2.550
2.223
2.665
3.066
3.020
3.728
3.661
3.525
3.469
3.536
3.483
2.845
2.657
2.713
3.560
3.669
3.660
3.696
3.266
3.084
3.046
3.112
4.017
4.426
5.101
5.744
6.211
5.957
5.495
4.780
4.422
4.029
4.171
3.710
2.960
4.691
4.983
4.719
5.000
3.724
2.466
2.809
2.583
3.145
3.907
3.906
2.710
1.841
2.172
2.709
2.587
3.832
4.384
4.521
3.918
3.649
2.470
1.884
2.887
3.298
2.951
3.387
3.790
2.760
3.048
2.162
2.793
2.677
2.076
2.356
2.550
3.102
3.669
3.624
3.262
3.340
2.959
2.211
1.706
2.313
2.596
2.225
2.208
2.797
2.705
2.986
3.914
2.582
2.893
2.372
1.922
2.406
1.860
2.153
2.372
2.371
3.363
2.947
3.227
3.763
2.852
2.560
2.159
1.892
1.959
2.366
2.626
2.198
1.637
2.200
2.040
2.386
2.374
2.228
2.210
2.111
1.943
1.614
1.618
1.387
1.186
1.209
2.113
2.020
2.453
2.295
2.202
2.545
2.610
2.767
2.098
2.493
2.598
2.535
1.935
1.799
1.835
1.931
2.343
2.533
2.321
2.515
2.406
2.206
2.058
1.789
1.653
1.416
1.349
1.172
1.834
1.529
0.803
1.410
1.715
1.886
1.305
2.175
1.868
2.088
1.595
1.812
2.171
2.303
2.386
1.744
1.029
1.356
2.356
2.544
1.771
2.367
1.392
1.602
1.170
1.541
1.710
1.777
1.465
1.996
0.899
1.136
1.010
1.592
2.386
2.429
2.662
2.657
2.494
2.074
2.210
2.694
3.921
4.226
1.760
1.097
1.587
1.296
1.620
1.551
1.464
1.875
1.818
1.531
1.557
2.311
2.591
2.640
2.345
1.599
1.210
1.503
1.646
2.283
1.898
2.266
2.687
2.483
2.513
2.664
2.955
2.738
2.239
1.897
1.659
1.871
1.494
1.693
2.254
2.273
2.108
1.920
2.034
2.988
2.723
1.623
1.182
1.774
1.250
2.157
2.173
3.521
3.936
2.618
1.830
2.809
2.859
2.378
2.596
2.305
2.384
2.714
2.507
1.559
1.963
2.274
1.755
1.395
1.295
1.849
1.797
2.299
2.210
2.022
1.690
1.911
1.825
1.768
1.526
1.602
2.084
2.401
2.629
2.630
2.244
1.993
2.353
2.151
2.313
2.114
1.899
1.175
1.259
2.470
1.458
1.766
1.653
2.371
1.106
1.517
1.994
2.858
2.126
1.849
2.360
1.504
2.002
2.176
2.181
2.001
2.285
2.241
1.282
1.780
2.460
2.202
1.973
2.913
2.768
2.178
1.762
1.838
2.791
2.277
2.238
2.304
2.141
1.658
1.031
1.619
2.036
1.307
2.414
2.991
3.120
2.683
3.010
2.399
1.839
1.622
1.415
1.061
2.680
2.986
2.601
2.847
2.382
2.151
2.036
1.968
1.595
2.217
2.245
2.265
2.263
1.463
1.935
1.969
2.528
2.246
1.717
1.859
2.803
2.732
2.185
1.542
1.533
1.166
1.292
1.924
2.521
2.250
1.791
1.676
2.596
2.710
2.134
3.281
3.776
4.125
3.797
3.595
2.857
2.701
3.445
3.576
3.513
3.889
3.476
3.313
2.831
2.830
3.028
3.580
4.308
4.945
5.109
4.806
4.135
3.688
3.321
3.539
3.376
3.454
3.591
3.889
4.763
4.745
2.975
1.838
1.566
1.715
2.610
1.945
3.143
2.347
2.846
2.684
2.804
3.116
3.724
3.846
4.022
4.084
4.194
3.791
4.624
4.665
5.119
4.363
4.184
3.307
3.425
3.927
3.728
3.452
3.172
3.111
2.746
2.830
2.617
1.807
1.920
1.608
2.359
2.486
3.004
3.217
2.456
2.799
2.636
1.536
1.528
1.037
3.624
2.770
3.912
3.455
3.183
3.175
2.274
1.274
2.006
1.542
2.229
2.347
2.040
2.201
2.421
2.327
2.235
1.786
1.946
2.489
2.916
2.817
3.330
2.947
2.858
2.461
2.582
2.262
2.658
2.637
1.971
2.102
1.859
1.404
1.417
1.224
1.686
2.051
3.088
2.543
2.435
2.339
1.470
0.937
0.982
1.515
1.252
1.716
2.082
2.573
2.183
2.790
2.298
2.363
1.752
2.036
1.877
1.457
1.389
1.674
2.429
2.352
2.364
2.455
2.014
2.286
2.248
1.948
2.318
1.843
1.772
2.014
1.695
1.537
1.319
1.746
1.684
2.091
1.685
1.381
1.332
1.535
1.288
1.130
1.253
1.711
1.327
1.436
1.678
0.918
1.453
1.011
0.955
1.580
1.150
1.012
1.518
1.475
1.622
1.906
1.881
1.996
1.937
1.897
1.487
1.322
1.807
2.564
2.081
1.921
1.636
0.907
0.829
0.970
1.546
1.424
1.334
0.770
1.656
2.242
2.125
1.414
1.109
1.257
1.088
1.808
2.416
2.694
2.388
2.042
2.271
2.293
2.129
2.140
2.481
2.083
1.781
1.990
1.322
0.986
1.057
1.072
1.140
1.186
1.285
2.047
2.359
2.683
2.105
1.928
1.729
2.134
2.218
1.538
1.824
1.543
1.795
2.141
2.135
1.234
1.296
1.523
1.715
2.084
2.170
2.062
2.512
3.144
2.683
1.960
2.090
2.143
1.825
1.590
1.545
2.531
2.507
2.455
2.441
2.592
2.342
1.884
2.706
3.017
1.996
1.861
2.087
3.412
2.836
1.509
1.592
1.898
1.788
2.040
2.703
2.641
2.416
2.278
2.594
2.251
2.091
2.305
1.954
1.758
3.114
2.758
2.575
2.872
2.755
2.232
2.691
2.447
2.460
2.150
2.496
2.013
1.853
1.790
2.722
2.159
2.333
2.337
2.070
1.678
1.964
3.304
1.941
2.380
2.233
1.953
1.828
2.453
3.465
2.052
2.988
1.817
1.615
2.689
2.773
2.454
1.833
1.777
1.498
2.381
2.387
2.433
2.325
2.053
1.562
1.609
1.286
1.548
2.012
2.121
2.167
2.526
1.798
2.168
1.853
2.471
2.844
2.725
2.784
2.996
2.181
2.211
2.758
2.989
3.123
3.256
3.185
2.696
2.725
2.353
2.670
2.711
2.283
2.484
1.383
2.563
2.273
2.790
2.430
2.626
2.558
2.811
2.748
3.175
2.720
2.874
2.863
3.714
3.385
3.176
2.527
2.069
1.785
2.527
3.340
3.578
3.390
3.383
2.730
3.113
3.830
3.479
2.745
2.991
3.103
3.478
3.440
3.910
4.261
4.318
3.938
3.747
3.821
4.423
4.542
4.747
5.121
5.029
4.810
4.185
2.938
2.435
3.125
4.090
3.863
2.500
1.777
2.316
1.615
2.596
3.336
3.287
4.440
5.459
5.908
5.613
5.270
4.833
4.043
4.683
4.900
4.492
3.425
3.486
3.133
3.054
3.395
3.385
3.480
2.554
3.300
3.050
2.913
3.090
4.075
2.255
2.212
2.720
2.763
2.666
2.596
2.530
2.675
3.158
2.415
2.424
3.607
2.847
2.890
2.638
3.317
3.150
3.890
3.656
2.895
2.662
2.565
3.096
3.625
3.162
2.378
2.831
3.103
3.847
2.758
2.390
2.827
2.740
3.872
3.119
2.505
1.935
2.234
2.021
1.722
2.285
2.176
2.286
2.389
2.553
2.235
1.898
1.547
1.430
0.963
0.863
0.749
1.536
1.579
1.065
1.193
2.704
2.370
2.509
2.145
1.476
1.533
1.930
2.291
1.845
2.395
2.180
2.326
1.892
1.636
1.071
1.203
1.459
1.448
2.038
2.001
1.616
1.315
1.311
1.112
1.256
1.693
1.790
1.527
1.162
2.080
1.293
1.134
1.357
0.516
1.001
1.358
1.343
1.093
0.965
1.171
1.114
1.136
1.305
0.778
0.905
1.492
2.032
2.018
2.103
1.407
1.733
1.625
2.726
2.424
1.870
2.616
2.696
3.091
2.818
2.287
2.223
2.118
2.355
1.739
1.474
1.419
2.081
1.909
2.143
2.948
1.967
2.327
1.926
2.035
2.054
2.187
2.748
2.118
1.376
1.813
1.441
1.679
1.683
1.887
1.600
1.795
1.176
2.325
2.273
2.573
2.707
2.463
2.400
1.631
1.935
1.813
1.462
1.699
1.221
1.207
1.607
1.487
1.677
2.301
1.982
2.351
2.276
2.607
2.881
3.039
2.480
2.277
2.384
2.282
1.826
1.632
2.438
2.121
2.880
2.087
2.048
1.830
1.570
2.222
2.972
3.143
2.385
2.319
2.389
1.678
1.519
1.478
1.625
1.549
2.689
2.978
2.500
3.028
2.719
2.878
3.288
3.105
2.883
2.547
2.518
2.261
2.462
2.624
2.141
1.677
1.734
1.928
1.709
2.680
2.129
2.868
3.084
2.855
2.561
1.247
1.779
2.394
2.458
1.576
4.848
1.489
2.476
2.261
2.385
2.522
1.995
2.387
2.328
2.733
3.008
2.200
2.058
2.729
2.296
2.174
2.189
2.038
2.322
1.992
1.808
1.991
2.109
1.770
2.198
2.311
2.282
1.731
2.638
1.437
2.016
1.427
2.342
1.985
2.213
1.973
2.534
2.450
1.933
2.558
2.576
2.900
2.106
1.675
1.712
3.361
2.719
2.305
1.909
1.437
2.500
2.495
2.262
2.703
2.473
2.366
2.525
2.952
2.909
3.497
3.428
2.758
3.028
2.520
1.811
1.728
1.875
1.888
2.849
2.892
2.785
2.669
2.561
2.580
2.846
3.345
3.464
3.457
3.347
2.948
2.639
3.158
3.244
3.269
3.815
3.111
2.507
2.496
3.033
3.642
3.760
3.284
3.607
3.183
4.011
3.751
4.256
4.663
5.254
4.626
4.526
4.649
3.658
3.886
3.829
3.052
2.600
2.320
3.460
3.352
3.624
2.031
2.367
1.784
2.076
1.921
1.574
1.994
2.705
3.076
1.882
1.759
2.576
2.444
2.774
3.132
2.872
3.051
2.690
3.112
2.855
3.348
3.133
3.122
3.047
3.197
2.263
1.773
2.791
2.080
1.853
1.878
2.147
2.183
2.266
2.281
2.579
3.065
2.752
2.990
2.307
2.842
2.892
3.186
2.612
2.383
1.904
1.765
2.365
2.371
2.837
2.589
2.970
2.879
2.477
2.837
3.646
2.066
2.416
2.194
2.876
2.467
2.404
2.167
2.729
2.817
2.413
1.951
2.149
2.110
2.046
1.971
2.087
2.795
3.035
3.650
3.220
2.444
3.959
3.741
3.211
3.038
2.573
2.375
2.287
2.296
2.235
1.939
1.858
2.248
2.322
2.235
2.269
1.845
1.306
1.265
1.282
1.217
1.159
0.796
1.445
2.121
2.190
1.488
1.705
1.306
2.030
2.943
2.934
2.685
1.840
3.233
2.088
1.690
2.274
2.697
2.577
1.462
1.312
1.248
1.814
2.283
1.907
1.659
1.881
1.453
0.862
1.652
1.901
1.840
1.392
1.644
1.255
0.985
1.005
1.460
1.464
0.834
2.031
2.389
2.294
2.318
2.327
1.614
0.797
0.878
0.987
0.897
0.741
0.468
1.086
1.455
1.870
1.523
1.640
1.147
1.823
2.360
1.784
1.436
1.011
1.294
2.353
2.120
2.570
1.953
1.629
1.562
1.953
2.365
2.059
1.646
1.545
1.862
2.404
2.757
2.713
2.229
1.744
1.780
1.423
1.778
1.876
1.835
1.738
1.475
1.432
1.796
1.653
2.033
1.569
1.192
1.322
1.206
1.302
1.118
1.673
1.788
1.755
1.955
2.445
2.452
1.908
1.988
1.641
2.136
2.450
2.604
1.746
2.674
2.124
2.217
1.459
2.029
1.339
2.712
2.774
2.395
2.205
2.614
3.162
2.575
2.262
2.182
1.981
2.806
2.296
3.372
2.626
1.453
1.658
2.160
1.900
2.125
2.351
2.516
2.205
2.039
2.171
2.458
2.324
2.017
1.654
1.487
1.415
2.055
2.671
2.776
2.135
1.991
1.266
2.810
1.843
3.090
1.193
1.535
2.229
2.386
1.589
1.371
1.631
1.661
2.451
3.263
2.272
1.690
2.471
2.514
2.274
1.726
2.744
3.215
2.222
1.781
2.378
2.640
2.215
2.213
2.236
1.591
1.583
1.847
1.539
1.327
2.246
2.664
1.757
2.050
3.237
2.635
1.801
2.404
2.160
1.998
1.815
2.804
2.854
2.624
2.941
3.075
2.921
1.864
1.613
2.164
2.709
2.930
2.718
2.754
2.216
2.259
1.855
2.110
2.242
2.501
2.355
2.597
2.905
2.039
1.686
1.756
1.467
2.155
2.361
2.702
2.324
2.319
2.156
2.238
3.105
3.139
3.064
3.086
2.824
2.179
1.589
2.249
2.860
2.302
3.674
3.761
3.311
2.855
3.026
3.075
3.187
2.545
2.057
2.522
3.003
3.257
3.317
3.536
3.038
2.199
2.491
1.992
2.562
4.044
4.394
3.860
3.115
2.703
2.797
3.400
3.424
3.844
4.069
3.916
4.221
3.286
3.627
3.452
3.965
3.552
3.524
3.320
4.036
3.525
3.325
4.217
5.062
5.022
5.196
5.207
4.915
4.293
4.226
4.454
4.786
4.951
4.533
4.152
4.239
4.708
4.591
4.371
4.215
4.008
3.417
3.342
3.128
3.103
2.493
2.462
2.355
2.154
2.050
1.996
3.047
3.272
3.282
3.720
4.911
3.183
2.473
2.103
2.393
2.469
1.696
1.844
1.694
