20000101
2.861
2.880
2.195
2.400
2.442
1.931
1.854
1.651
1.919
1.815
2.449
1.953
2.806
2.543
2.600
4.072
4.498
2.856
2.585
2.775
3.077
2.984
1.493
1.993
2.800
2.038
2.611
3.631
2.433
2.344
3.445
3.764
2.198
2.612
3.124
3.729
2.538
2.773
2.108
2.879
3.572
3.896
2.151
3.511
3.734
2.899
2.547
2.437
2.074
2.673
1.835
1.583
2.994
4.455
3.279
2.423
1.896
1.910
2.043
1.808
3.542
4.951
3.685
4.449
3.357
3.032
3.301
3.239
1.863
2.595
4.725
4.979
4.941
1.783
1.413
2.395
3.148
2.916
2.082
2.350
2.193
3.839
2.457
4.116
2.736
2.405
2.100
2.737
2.380
1.144
2.141
2.308
2.317
2.428
2.838
3.483
3.171
2.379
3.722
3.219
2.750
1.916
2.124
3.220
4.193
3.682
3.293
3.247
3.461
3.178
3.430
3.740
4.027
4.200
4.930
4.652
5.093
5.042
4.932
4.976
4.834
4.381
4.017
4.034
3.907
2.841
3.398
2.252
2.386
2.731
3.042
3.257
4.115
4.106
4.071
2.991
3.705
3.944
3.363
2.613
4.308
3.763
4.434
4.045
4.295
4.619
4.683
3.550
3.389
3.356
3.387
3.685
2.982
2.798
2.553
3.524
2.875
2.573
2.058
3.111
2.536
4.307
4.799
5.071
4.369
4.653
4.730
4.756
5.220
4.945
4.195
4.197
3.927
4.742
3.942
4.580
4.577
4.487
4.354
3.126
3.356
1.980
2.140
3.115
2.638
1.862
2.088
2.786
3.163
3.361
3.477
3.238
4.165
4.110
3.816
4.392
4.099
4.565
3.803
4.034
4.393
4.671
4.811
3.606
4.059
4.216
4.150
3.939
4.297
2.723
2.430
2.779
3.768
3.903
4.361
3.778
2.914
3.270
2.605
2.682
3.146
3.856
2.668
2.362
3.123
3.482
3.413
4.115
3.873
3.753
3.493
3.643
3.689
2.876
2.352
1.337
1.544
3.200
2.203
2.629
3.021
4.023
4.317
3.758
2.981
2.970
3.130
3.611
2.751
2.174
3.001
2.432
3.230
3.205
3.084
2.587
2.045
2.201
2.749
2.720
2.950
2.936
1.993
1.917
2.034
2.258
2.043
1.255
1.103
1.440
1.800
1.656
1.537
1.500
1.887
2.217
2.394
1.870
1.827
1.271
1.073
1.400
1.534
1.860
1.905
2.342
2.712
2.274
2.188
2.197
2.818
2.221
1.731
1.572
2.116
2.672
2.473
2.654
2.092
1.494
1.903
1.896
1.939
1.640
0.984
2.672
2.643
2.410
2.078
1.830
1.818
1.856
2.096
1.745
1.636
1.845
1.365
1.049
2.009
2.482
2.494
1.994
1.916
2.543
1.677
2.256
2.401
2.484
1.875
2.270
1.919
2.954
2.193
3.929
3.080
3.674
3.323
3.149
2.099
1.132
1.086
2.507
2.425
1.622
1.646
2.099
1.586
1.331
1.323
1.985
2.146
2.192
1.361
1.210
2.047
2.651
2.138
2.285
2.196
2.331
3.062
2.484
2.597
2.919
3.213
3.908
1.728
1.683
2.421
2.570
2.833
2.624
2.136
2.449
2.763
2.983
3.242
1.832
2.295
3.016
3.292
2.141
3.224
1.742
1.891
1.747
2.433
2.978
2.357
2.377
2.276
2.583
2.744
2.608
2.136
1.038
2.012
2.556
2.793
2.826
2.492
2.645
1.813
2.341
2.263
2.399
3.000
2.931
1.431
3.298
3.450
2.773
2.069
2.399
1.930
2.046
2.343
2.806
2.168
2.737
3.914
4.222
3.014
2.241
2.257
3.624
4.411
3.089
2.873
2.249
2.389
1.572
2.418
2.968
2.806
2.485
2.366
2.146
2.093
1.798
2.204
2.639
2.089
2.267
3.094
3.927
3.268
2.243
3.081
3.323
4.115
3.401
4.572
3.726
3.491
2.047
2.684
2.096
2.753
2.374
2.519
2.256
2.416
2.627
3.469
3.598
2.599
2.548
1.333
1.671
3.178
2.505
2.445
2.719
2.912
2.422
1.631
2.249
2.307
2.285
3.363
4.048
4.111
4.318
4.097
3.384
3.477
4.401
4.427
3.785
3.587
4.418
4.924
4.990
4.873
4.877
4.554
4.601
3.991
4.441
4.737
4.957
5.151
4.882
4.313
4.135
3.268
2.423
1.767
2.484
3.683
3.385
2.376
3.130
4.170
4.297
3.648
4.335
4.083
4.052
3.789
3.424
2.476
2.528
2.521
2.543
2.654
1.981
3.107
4.738
4.616
4.557
4.590
2.860
3.233
3.372
3.607
4.918
4.582
4.627
4.963
4.941
5.781
4.902
4.926
4.472
4.039
3.612
3.419
3.087
3.109
3.488
2.702
2.482
3.192
2.492
3.805
4.074
3.648
4.017
4.307
4.492
4.597
3.574
3.169
3.405
3.055
2.975
2.995
2.231
2.511
2.948
3.160
2.947
3.369
3.192
2.425
2.531
3.041
2.688
1.665
2.649
3.056
2.932
2.632
2.209
2.206
2.194
2.298
3.068
3.372
3.190
2.968
3.451
3.672
3.276
3.439
2.958
3.080
2.700
2.569
2.814
2.841
3.642
3.691
4.031
4.179
4.503
4.107
3.013
2.850
2.817
3.103
3.679
2.735
2.015
2.161
2.499
2.757
2.931
2.235
2.245
1.817
1.898
1.734
1.830
2.049
2.211
2.353
2.105
2.256
1.575
2.098
2.500
1.695
1.758
1.768
1.885
1.825
2.201
2.025
2.460
2.588
2.193
1.639
2.738
3.028
2.384
1.708
1.408
1.708
0.856
1.967
1.713
1.660
1.564
2.242
2.101
1.328
1.284
0.724
2.626
1.838
1.330
1.070
0.833
1.405
2.500
1.958
1.657
1.763
1.265
1.815
1.432
1.731
1.323
1.834
2.245
3.061
2.852
2.590
2.919
2.934
2.141
1.927
1.936
1.912
2.093
3.176
2.820
2.222
1.935
1.885
2.315
2.623
2.412
2.232
2.399
2.581
2.919
2.671
2.307
1.893
1.333
0.993
1.473
1.581
1.021
1.479
1.815
1.396
1.581
1.970
2.502
2.005
1.768
2.504
2.423
2.393
3.367
3.228
2.933
2.446
2.201
2.397
2.431
1.649
2.452
2.829
2.540
2.543
2.026
2.672
2.963
3.095
2.787
4.328
3.350
3.302
2.685
2.835
2.063
1.486
2.018
2.232
3.043
3.982
3.213
2.981
3.025
2.565
2.911
2.700
1.719
2.467
3.699
3.007
3.501
2.969
3.167
3.799
2.845
2.509
2.123
2.879
3.633
3.261
3.161
2.861
2.735
3.840
4.510
3.425
3.305
3.237
2.711
2.184
2.398
2.170
2.778
2.640
1.773
2.274
2.117
3.376
2.933
2.883
3.278
2.779
1.991
1.741
4.258
2.842
2.334
2.757
2.479
2.079
2.808
3.803
2.594
2.188
3.510
2.146
3.383
1.729
1.615
1.959
2.104
2.420
2.266
2.337
2.866
3.289
4.300
4.382
2.220
2.600
1.801
1.986
2.108
2.501
3.776
3.948
2.069
2.099
2.572
2.826
4.232
2.085
2.558
3.242
3.110
2.831
3.467
3.901
4.118
3.979
2.987
3.678
2.559
3.628
3.758
4.099
4.166
3.895
3.952
2.646
1.680
3.765
3.399
2.289
3.021
3.273
2.741
2.945
2.668
3.556
4.108
4.031
4.785
5.580
6.179
4.981
4.842
4.617
4.414
4.503
5.935
6.363
6.588
6.083
4.842
4.433
4.032
4.363
5.245
5.300
5.540
5.046
4.539
3.055
2.857
3.632
3.179
2.961
2.602
2.863
3.437
4.429
4.421
3.592
3.598
3.891
4.358
3.907
3.900
2.716
2.989
3.280
3.609
3.718
3.596
4.202
3.740
3.691
5.866
4.448
3.421
2.393
3.858
4.158
4.102
4.419
4.843
5.080
5.070
4.995
5.115
4.976
4.856
4.656
4.248
3.982
4.507
5.253
4.837
4.868
4.691
4.408
4.944
4.199
4.112
5.376
3.935
3.558
4.440
4.133
3.538
3.175
3.954
3.609
3.630
2.932
2.704
2.572
2.891
2.753
3.548
2.839
2.985
3.441
3.287
3.364
3.275
4.261
3.971
4.346
4.119
4.072
3.565
3.664
3.825
3.755
2.694
2.912
3.679
3.160
2.494
2.666
2.583
3.160
3.667
3.395
3.701
3.127
3.354
3.846
3.559
3.113
3.596
3.512
3.914
3.610
4.232
4.240
4.031
3.499
2.389
2.370
2.855
2.997
1.724
1.530
1.473
1.967
2.618
3.691
3.827
2.392
2.786
2.299
1.645
1.618
1.411
1.553
1.501
2.139
1.538
1.390
1.073
1.740
2.237
2.423
2.655
2.179
2.355
2.566
2.507
2.924
3.001
1.979
1.631
2.269
2.618
2.351
1.422
1.687
2.005
2.575
2.547
1.743
1.697
1.807
1.307
1.024
1.447
1.574
1.917
1.592
1.266
2.943
2.155
2.305
2.651
2.479
3.055
2.264
2.126
2.149
1.307
1.264
2.699
2.375
1.852
1.047
1.425
1.535
1.691
1.889
1.565
1.531
1.829
1.783
2.098
2.032
2.483
2.901
2.464
1.760
2.043
1.999
2.044
1.900
1.828
1.378
1.735
1.780
1.883
2.476
2.364
2.088
1.736
2.242
2.691
1.924
1.935
2.073
2.874
2.952
2.063
2.270
1.825
2.289
2.670
1.732
4.178
2.807
2.793
3.371
2.839
2.591
2.780
1.597
2.906
3.736
3.394
2.903
2.759
2.395
3.023
2.949
3.083
3.080
3.297
2.642
2.736
2.042
2.455
2.554
2.541
1.613
2.806
3.630
3.612
2.632
2.398
3.481
2.688
3.361
2.947
2.973
2.717
2.867
2.703
2.475
1.893
2.409
2.892
3.124
2.687
2.681
2.832
3.248
3.344
4.866
4.942
1.973
2.596
2.072
2.383
2.598
1.717
1.480
2.301
2.953
3.311
3.562
3.768
3.502
3.035
2.022
2.183
2.559
2.536
2.707
2.375
2.614
2.524
2.143
2.004
3.551
2.674
3.297
3.111
1.821
1.691
2.445
2.709
2.349
2.250
1.947
2.408
1.423
3.495
4.013
2.540
2.694
2.981
4.482
4.511
3.031
2.145
2.264
1.849
2.003
2.670
2.421
4.229
3.709
3.296
3.867
3.854
3.003
4.344
4.416
3.582
2.911
2.892
2.849
3.796
3.672
2.943
3.860
2.698
2.208
2.767
2.963
4.700
5.420
4.381
3.590
3.994
4.153
2.762
1.884
1.660
2.123
2.989
4.084
3.700
3.347
3.926
4.771
4.932
5.483
5.251
5.672
5.454
5.190
4.349
4.734
4.373
4.999
4.221
3.671
3.368
3.898
4.138
3.923
4.150
5.293
5.585
6.188
6.070
5.823
5.252
5.040
4.573
4.286
3.991
2.639
2.568
2.746
2.044
3.281
3.098
4.404
4.348
3.936
4.079
4.484
3.598
3.343
3.214
2.979
3.831
3.721
2.732
1.987
2.022
2.355
2.503
3.019
3.499
3.523
4.393
4.074
4.656
3.570
2.631
2.661
2.626
2.783
2.296
2.672
3.641
4.257
4.312
4.436
4.058
3.799
3.509
2.607
2.753
3.018
2.643
3.265
4.074
3.128
3.092
3.301
3.326
2.711
1.621
1.812
2.401
3.318
3.093
2.985
3.252
2.365
3.218
3.431
3.708
3.781
4.110
3.371
3.008
2.133
2.223
3.553
3.740
3.759
3.194
3.266
3.097
3.219
3.030
3.062
3.402
2.965
2.872
3.369
3.270
3.710
3.665
4.119
3.824
3.600
3.525
3.556
3.054
3.226
3.324
2.625
2.961
2.852
3.665
2.868
2.527
2.698
2.831
2.946
1.895
1.757
2.033
1.090
1.099
1.429
2.126
1.245
1.615
1.992
2.348
2.548
2.448
2.154
1.538
2.387
1.788
1.276
1.376
1.549
1.840
1.831
2.225
1.979
1.514
2.125
2.189
2.589
2.307
1.520
1.710
1.910
2.686
2.968
2.537
2.008
1.722
1.896
2.091
2.287
2.202
2.096
1.917
2.455
1.570
1.337
1.066
2.101
2.448
2.484
2.069
1.526
1.673
1.211
2.074
2.328
1.334
2.144
1.448
1.820
1.956
1.816
2.117
1.907
1.498
1.680
1.571
2.167
1.916
1.917
2.435
1.592
0.715
1.942
1.723
1.692
1.296
2.790
3.214
2.570
2.258
2.386
2.149
2.224
2.174
2.404
2.703
2.597
2.618
2.238
2.038
2.300
2.338
2.509
3.405
3.607
2.963
2.448
1.466
1.098
1.841
3.488
4.289
4.662
3.959
3.295
2.913
2.569
2.596
2.369
2.070
1.506
1.323
1.981
2.478
2.074
1.983
2.626
3.054
3.020
2.466
2.644
3.298
1.964
3.276
3.794
2.438
2.580
2.604
2.890
3.637
3.283
3.369
2.880
2.433
2.747
2.960
2.740
2.564
2.830
3.955
3.202
2.089
2.379
2.347
2.610
2.275
1.805
1.046
1.932
1.887
2.561
1.618
1.852
1.700
2.678
2.510
2.759
2.153
2.188
2.118
1.961
2.569
2.893
2.609
3.450
2.684
1.737
1.493
1.923
1.570
1.697
2.288
1.714
1.408
2.808
3.440
2.755
2.441
3.398
3.671
3.757
3.487
3.343
2.714
2.275
1.921
2.990
3.187
3.252
3.063
3.058
3.133
3.878
3.765
4.133
4.485
3.510
2.900
3.589
3.687
4.412
4.667
4.777
4.542
4.895
4.384
3.659
3.149
3.462
3.879
3.045
2.384
1.885
2.467
3.921
4.069
3.944
4.527
2.958
1.676
1.986
1.649
2.609
2.654
3.573
2.393
3.008
3.399
3.039
3.564
4.481
4.365
3.458
3.177
4.077
5.770
5.473
5.854
5.614
5.912
5.492
4.483
3.798
3.938
3.824
3.532
3.011
3.041
3.618
3.818
3.833
4.267
4.516
4.752
4.015
2.554
2.277
2.094
1.598
1.915
3.102
3.115
3.473
2.337
3.035
3.888
4.451
5.021
4.943
5.591
5.583
5.618
5.166
4.712
3.945
3.543
3.976
3.565
3.579
3.987
2.659
2.431
1.990
1.696
3.173
2.641
3.154
3.717
3.927
3.767
4.535
3.778
4.041
3.496
2.449
1.695
3.169
2.973
3.342
3.646
3.972
2.608
4.010
3.082
3.080
2.985
2.848
3.235
2.513
3.413
3.221
2.777
1.850
1.700
2.807
3.108
3.231
3.407
3.580
2.782
3.545
3.695
2.939
3.105
4.124
3.981
2.607
2.762
2.864
3.348
3.206
4.003
4.833
3.617
3.606
3.699
3.898
3.487
3.437
3.307
3.038
2.414
2.058
2.374
2.047
1.800
2.144
2.097
2.124
2.568
2.910
2.818
2.027
1.996
2.432
2.489
1.758
1.786
1.759
2.396
2.524
2.084
1.504
0.977
1.212
1.208
1.739
0.896
1.106
1.284
1.405
1.530
1.540
1.394
1.542
2.355
2.501
2.607
1.848
2.033
1.183
1.033
1.479
1.583
1.648
1.595
1.781
1.785
1.556
2.075
1.979
2.346
2.114
2.084
1.934
1.846
1.975
2.146
2.050
1.623
2.349
2.692
2.533
2.464
1.972
3.025
3.211
2.744
2.443
2.278
2.353
2.265
1.467
1.638
1.776
1.865
1.535
1.840
1.911
0.821
1.865
1.974
1.730
1.918
2.006
1.577
1.914
2.404
2.025
1.827
1.936
1.923
1.370
2.201
2.636
2.398
1.831
1.715
2.849
2.678
2.212
2.422
2.996
3.049
2.449
2.319
2.186
2.008
2.383
2.131
2.294
2.232
1.405
2.459
1.975
1.981
3.268
3.073
3.265
3.242
2.614
3.378
3.390
1.989
2.158
1.846
3.109
2.503
2.109
2.890
2.318
2.317
3.426
2.546
3.104
2.305
1.956
2.261
3.057
3.307
2.821
3.641
3.503
3.025
2.453
2.773
2.757
3.079
2.747
2.726
1.362
2.857
3.252
3.398
2.831
2.546
2.677
2.388
2.011
2.513
2.330
2.011
3.001
3.108
2.209
2.741
2.151
2.254
4.536
4.503
4.968
4.127
3.139
2.217
2.697
2.757
3.140
2.379
1.739
2.335
1.716
1.839
1.978
2.345
2.990
3.143
3.006
2.700
2.912
2.180
2.705
2.931
2.449
2.389
1.850
1.794
1.738
2.202
2.155
2.704
2.791
2.869
3.745
3.951
3.295
3.404
1.771
2.773
4.299
3.183
3.613
3.939
2.823
2.926
2.467
2.566
1.805
1.956
2.177
3.636
3.711
2.933
2.803
2.185
2.667
2.795
2.859
3.360
3.161
3.043
2.266
2.455
2.172
3.183
3.515
2.823
2.577
2.342
2.338
3.786
3.364
3.953
2.779
2.191
2.667
2.981
2.654
2.435
2.462
3.783
3.538
4.056
3.978
3.569
3.346
3.545
3.545
3.745
3.828
4.392
4.345
3.006
3.366
3.595
4.528
3.641
3.704
3.589
3.858
3.129
2.968
3.387
1.883
2.721
2.638
3.203
4.536
3.791
3.868
3.584
4.080
3.645
3.717
2.835
4.308
4.355
3.934
3.219
3.759
3.586
3.616
2.642
2.707
2.715
3.130
3.607
3.578
4.483
3.796
3.754
3.915
2.904
2.572
3.034
3.678
4.051
3.374
3.717
4.234
4.265
4.743
3.660
3.428
3.330
3.193
2.559
3.555
3.296
2.743
3.409
2.786
2.302
2.806
3.100
3.943
3.727
3.887
3.782
3.891
2.356
3.591
4.163
3.221
2.385
1.974
3.262
3.351
2.534
2.835
3.206
3.774
3.180
2.321
2.631
2.869
2.636
2.855
2.132
2.543
2.201
1.824
2.301
2.997
3.232
3.117
3.116
2.852
3.003
3.323
3.600
2.536
2.486
1.917
2.349
2.422
2.333
2.058
1.974
2.540
1.053
1.353
1.309
1.429
1.012
1.033
1.175
1.164
1.604
2.053
3.123
2.384
2.882
3.404
4.761
2.498
1.663
2.013
1.069
2.339
3.746
3.421
2.468
2.350
1.707
2.293
1.838
2.276
2.272
2.048
1.724
1.335
1.291
1.805
1.270
1.396
1.811
2.341
2.105
2.814
3.050
2.893
2.940
2.072
2.683
3.017
2.078
1.953
2.393
2.284
2.380
2.105
2.007
3.113
2.395
2.017
1.566
1.608
1.286
1.989
1.226
2.546
2.783
2.429
2.164
2.669
2.373
2.309
2.141
1.921
1.106
1.723
2.026
1.307
1.704
1.507
1.800
2.400
2.026
2.412
1.890
1.629
1.906
2.187
2.069
1.532
1.824
1.698
1.361
2.475
2.343
3.156
2.624
2.402
1.904
2.303
2.505
2.941
3.050
3.073
2.599
2.795
2.879
3.200
2.984
2.723
2.661
2.407
1.486
2.475
2.609
3.367
3.166
2.617
2.051
1.232
1.800
2.219
1.809
3.201
2.816
1.976
3.212
3.274
3.322
3.585
2.932
2.401
2.074
2.465
1.758
1.996
2.605
2.590
2.536
3.012
2.744
2.379
2.634
2.183
3.622
2.614
2.834
3.338
3.006
2.828
2.380
2.241
2.669
2.335
2.490
2.629
2.748
2.625
2.027
1.886
1.882
1.524
1.442
1.074
2.002
2.051
2.325
2.314
3.404
3.133
2.552
1.574
1.795
2.114
1.998
2.169
2.122
2.243
1.593
2.793
2.703
3.452
2.099
2.813
3.425
2.445
1.914
1.702
1.872
2.126
3.460
2.495
2.104
1.924
1.509
1.917
1.644
2.068
2.002
2.546
3.235
2.566
2.450
2.172
1.211
2.424
2.931
3.491
2.146
2.214
2.957
2.505
2.329
3.424
3.683
3.130
3.315
2.955
3.062
3.594
2.992
3.633
3.388
2.865
3.603
2.623
2.736
2.990
2.576
3.017
3.079
2.227
2.236
2.779
2.689
3.577
3.266
2.762
2.854
3.213
3.442
3.764
4.364
3.837
3.918
3.334
2.731
1.980
3.662
3.795
3.790
3.950
4.446
4.177
3.329
3.741
3.998
4.085
3.522
2.673
2.475
4.507
5.041
5.497
3.831
4.450
3.751
3.887
4.820
4.392
4.299
4.184
3.299
2.310
3.080
4.302
5.130
4.469
4.933
4.956
4.729
4.494
4.494
4.503
3.961
4.880
4.981
4.062
3.457
3.810
3.470
2.765
2.139
2.159
2.105
2.665
2.731
1.611
1.929
2.325
2.456
3.130
3.546
4.054
2.750
2.773
3.259
2.732
2.905
3.536
3.992
4.104
4.144
4.025
3.943
3.371
3.311
4.390
3.528
3.483
3.466
3.220
4.290
2.281
2.250
2.612
3.715
3.358
2.811
3.174
3.431
3.151
2.973
2.931
3.695
3.452
3.046
3.224
3.102
2.462
2.924
2.905
3.969
3.612
4.089
3.918
2.160
2.031
2.899
2.719
2.170
1.797
3.657
3.519
2.872
2.643
2.523
2.803
3.097
2.377
3.159
3.899
2.854
3.157
3.698
3.857
2.919
1.876
1.789
2.431
2.417
3.082
2.307
1.451
0.991
1.082
1.113
0.991
1.145
0.981
2.053
1.557
1.234
0.660
1.432
1.529
2.063
2.257
2.051
2.026
2.311
2.432
2.375
2.210
2.706
2.864
2.182
1.241
1.297
1.039
1.928
2.365
2.078
1.412
1.629
1.414
1.093
1.687
1.425
0.855
1.411
1.733
1.612
1.581
1.347
2.147
1.590
1.585
1.809
2.135
2.425
2.297
1.809
2.609
2.732
2.579
2.542
2.871
2.491
2.149
1.783
1.860
2.206
1.519
1.452
2.113
2.566
2.518
2.118
1.784
2.203
2.238
2.072
2.110
1.691
1.567
1.162
1.855
1.595
0.787
1.811
2.457
2.278
2.473
1.968
1.646
1.399
2.662
2.118
2.515
2.675
1.436
2.461
1.608
1.952
1.519
2.105
2.137
2.539
2.634
2.528
1.785
2.629
3.176
2.551
2.712
2.664
2.278
2.546
2.612
2.260
2.546
1.798
2.179
3.083
2.679
2.150
1.987
2.035
1.684
1.607
1.962
1.776
2.699
3.104
2.968
2.541
1.687
2.364
2.250
2.687
2.766
2.265
1.789
3.735
2.903
2.240
2.325
2.340
2.712
3.452
3.540
2.856
2.515
1.715
1.798
3.366
2.465
2.427
2.218
2.794
3.146
2.829
1.893
3.199
1.919
1.540
3.055
4.067
4.971
4.073
4.808
2.113
2.814
2.358
2.266
2.059
1.918
2.344
2.582
1.757
2.030
2.443
2.938
2.386
2.002
3.353
3.662
2.580
2.810
2.393
2.531
2.365
2.998
2.581
2.417
3.137
2.541
2.321
2.453
2.892
3.209
2.509
2.029
1.672
2.672
3.744
3.601
3.114
3.225
2.784
2.965
2.226
2.104
1.483
1.233
1.118
2.241
4.009
3.300
2.684
2.057
1.772
1.995
3.498
3.590
3.430
2.858
3.364
3.808
3.140
2.693
2.222
2.421
2.149
1.747
2.712
2.012
3.071
4.601
4.312
2.789
3.132
3.319
3.356
3.194
2.989
3.416
3.339
3.373
3.805
5.095
2.644
3.090
2.990
4.053
3.491
4.227
4.402
4.586
4.267
4.938
5.377
4.505
3.839
3.875
4.102
4.807
4.679
3.885
3.719
3.927
4.233
3.777
3.475
3.303
2.851
2.335
2.011
2.687
3.701
3.312
2.897
2.634
4.152
4.146
4.439
5.023
5.980
5.377
4.857
3.668
2.411
2.518
2.037
1.809
3.349
3.001
2.537
2.115
2.276
4.629
4.572
3.691
3.339
4.583
3.275
2.055
3.612
2.191
6.326
5.707
4.536
4.242
4.764
4.481
3.722
4.089
3.489
1.959
3.021
2.798
2.796
2.646
2.384
2.439
2.505
3.023
3.286
3.190
2.606
1.790
1.098
1.912
1.604
1.651
2.170
2.359
1.780
1.584
2.527
2.442
2.632
2.896
2.775
2.855
3.181
3.800
3.048
2.874
2.608
3.242
3.952
3.610
3.425
3.247
3.465
3.367
2.451
3.221
2.737
1.824
1.754
1.574
1.869
1.338
0.807
1.584
2.039
1.682
2.046
1.797
1.554
1.979
2.638
2.397
2.712
2.212
2.321
2.196
2.219
1.764
1.656
2.243
2.604
2.600
2.426
1.884
1.656
2.092
1.681
1.408
0.925
1.454
1.577
1.637
1.572
1.445
0.936
2.267
2.264
1.371
1.764
1.740
2.686
2.749
2.482
2.681
2.022
1.729
1.296
1.603
1.165
1.768
1.528
1.497
1.003
0.992
1.710
1.829
1.251
1.370
1.321
1.239
1.663
2.169
2.501
2.357
2.306
2.429
3.012
2.987
2.494
1.815
2.287
1.659
1.503
1.248
1.153
1.007
1.437
2.011
1.221
1.724
2.172
1.749
2.621
2.159
1.954
1.759
2.352
2.764
1.853
2.169
1.767
2.342
2.378
2.337
1.893
1.496
1.470
1.944
2.100
1.170
1.617
2.463
3.257
2.939
2.471
2.364
2.316
2.396
2.145
1.441
2.682
2.835
3.026
2.904
3.293
2.944
2.727
2.559
2.561
2.536
1.947
1.990
2.229
1.876
2.079
2.012
2.051
2.183
2.941
2.871
1.671
3.351
2.798
2.839
1.940
2.500
2.290
1.173
2.407
2.628
2.740
2.729
2.980
2.796
2.422
2.486
3.290
2.231
2.187
3.214
3.143
1.791
2.985
3.236
3.156
2.094
2.552
3.281
2.906
2.572
2.995
2.902
3.473
2.822
2.544
2.538
2.156
3.014
3.441
2.799
3.202
3.671
3.572
3.271
2.512
2.291
2.258
1.774
2.459
2.123
2.034
2.505
2.588
2.955
1.773
2.328
2.180
2.478
1.770
1.498
2.230
2.587
1.925
2.428
2.126
2.109
2.757
1.535
2.668
2.558
2.988
2.896
2.815
2.482
1.224
2.108
2.376
3.392
2.633
1.721
1.472
3.237
3.278
2.321
1.431
1.215
1.981
2.257
2.672
2.561
3.350
2.965
3.674
2.540
2.379
2.666
2.146
2.034
1.372
0.768
1.498
2.699
3.620
3.796
3.639
3.666
2.873
3.297
3.119
3.013
3.462
3.318
2.956
1.698
2.598
3.217
3.964
3.716
4.306
4.430
4.419
4.625
4.728
5.070
4.934
4.676
4.253
4.071
4.605
4.103
3.839
3.939
3.997
5.019
5.308
5.714
5.947
5.795
4.819
4.802
4.950
5.011
4.269
4.083
3.628
3.776
4.505
4.239
4.433
4.333
3.985
4.227
3.603
3.562
3.593
4.484
3.789
3.155
3.084
1.817
1.536
3.165
4.098
3.667
3.990
4.548
4.675
5.119
5.740
5.464
3.997
4.246
4.121
4.628
5.066
3.494
3.067
3.102
2.510
2.621
2.147
2.799
3.659
3.389
3.578
3.805
4.880
4.630
4.417
3.555
2.614
3.768
4.279
3.595
3.509
3.721
3.750
3.607
3.387
3.206
2.890
3.310
3.116
2.683
3.137
3.072
3.426
4.025
2.187
1.974
2.890
2.644
3.219
2.986
3.087
3.021
3.427
4.158
4.224
3.541
3.458
3.071
2.873
3.137
2.826
3.313
3.373
2.691
3.020
2.670
3.014
3.007
3.238
2.717
2.314
2.278
2.319
2.736
2.431
2.579
2.464
2.299
2.062
1.504
1.356
1.444
1.805
2.009
1.905
2.710
2.794
1.800
1.737
2.084
2.160
2.048
2.728
1.826
1.803
2.118
2.307
2.107
2.980
2.621
2.638
1.765
2.099
2.700
3.105
3.014
3.214
2.779
2.196
1.779
1.529
1.336
1.483
2.087
1.951
2.467
1.602
1.110
1.218
1.454
1.399
0.965
1.748
1.844
2.684
3.142
2.731
2.357
2.232
2.663
2.948
2.864
2.199
1.963
1.687
1.863
2.421
2.008
1.543
2.052
1.499
1.698
1.513
2.146
1.843
1.830
2.747
2.379
2.435
2.216
2.000
1.578
1.929
2.108
2.523
2.893
3.305
2.550
2.140
1.797
2.730
2.671
2.404
2.219
2.389
2.690
3.732
4.009
3.495
2.860
2.684
1.876
2.534
2.122
2.884
2.962
1.993
2.368
1.825
2.099
1.755
2.345
1.617
2.206
3.046
2.883
2.655
3.522
2.988
2.595
1.455
1.756
1.892
2.228
1.864
1.949
2.140
1.617
1.255
1.355
2.068
2.223
2.595
2.669
1.991
2.298
2.496
3.122
3.433
3.516
3.037
3.378
3.411
2.735
2.603
2.640
2.588
2.449
2.394
1.818
2.659
2.947
1.680
2.816
2.862
2.355
2.483
2.421
2.183
2.591
1.938
2.290
2.473
2.590
1.958
2.817
2.452
2.261
2.320
2.840
2.175
3.284
2.432
2.077
2.725
2.173
2.281
2.544
2.246
2.733
2.529
2.723
2.617
2.657
2.926
3.490
2.811
2.615
2.985
3.211
1.454
2.561
2.824
2.877
3.135
3.173
3.129
2.531
1.992
2.398
2.100
2.159
2.985
2.837
2.022
1.911
2.269
2.700
3.292
3.189
2.364
1.650
2.060
2.558
3.524
2.305
2.097
2.938
3.423
3.003
2.866
1.973
2.258
2.080
3.041
2.992
2.527
2.304
3.615
2.379
2.421
2.382
1.487
2.181
2.502
3.438
3.318
3.538
2.406
1.669
3.999
5.152
3.343
3.112
2.316
2.350
1.675
1.357
2.629
3.155
3.435
4.224
4.728
3.678
3.106
4.086
3.848
3.686
2.984
3.924
4.299
4.751
3.887
3.904
4.943
5.094
5.122
3.946
4.482
3.585
3.993
4.031
4.453
4.042
3.597
4.389
5.387
4.281
4.317
5.182
4.360
4.770
5.290
5.263
5.375
5.435
5.359
4.799
4.715
4.986
4.612
4.094
4.141
4.101
4.556
4.170
4.589
4.046
3.543
3.551
3.480
2.954
3.188
4.071
2.854
4.026
3.349
3.540
3.198
2.796
2.847
3.044
3.286
3.282
2.388
2.980
2.910
2.575
3.643
4.687
5.216
2.867
3.069
3.763
4.353
3.908
3.159
2.774
3.353
3.321
3.565
4.019
4.762
5.069
3.432
3.280
3.372
4.172
3.954
3.603
3.064
2.939
3.241
3.117
2.850
3.316
3.202
4.093
3.759
3.114
3.003
3.589
2.270
2.780
3.235
2.537
3.170
3.654
3.356
3.123
2.437
1.902
2.440
2.669
2.609
2.541
2.522
3.555
4.362
2.770
3.415
2.619
2.351
1.916
2.213
2.954
3.334
2.779
3.248
3.273
3.117
3.781
4.051
4.153
2.663
1.951
2.007
2.506
2.449
2.263
1.770
2.086
2.187
2.072
2.111
2.098
1.877
2.723
3.385
3.292
3.374
2.691
1.787
2.221
3.130
3.481
1.692
1.437
2.064
3.329
2.978
3.035
2.200
1.872
1.323
1.609
1.768
1.392
1.758
1.721
1.972
1.842
1.031
1.660
1.029
1.153
1.668
1.174
1.673
1.345
1.890
2.094
2.523
2.320
1.181
1.191
1.747
2.718
2.514
2.479
2.416
2.217
2.218
3.116
2.762
5.105
3.182
1.853
1.289
1.312
1.917
1.712
1.579
1.945
2.402
2.142
2.443
2.212
2.245
0.791
0.849
1.919
2.359
2.440
2.312
1.971
2.422
2.284
2.283
1.601
2.167
1.522
1.659
1.978
1.818
1.609
1.854
2.067
2.317
1.625
1.963
1.823
2.581
3.057
3.075
2.687
2.263
2.097
2.070
1.470
1.154
2.386
3.041
2.605
2.670
2.903
3.522
3.253
2.419
2.380
2.638
2.995
3.076
2.109
1.836
2.053
2.578
2.628
3.115
3.471
3.511
3.059
2.616
2.473
2.762
2.982
2.588
2.585
2.694
2.072
0.925
2.228
2.456
2.203
1.250
1.695
1.810
1.244
1.942
3.425
3.366
3.498
2.743
2.178
2.141
3.671
2.065
3.666
2.221
2.404
1.967
2.702
2.616
1.858
2.016
2.481
2.462
2.876
2.831
3.136
2.407
1.596
1.383
1.294
1.587
2.091
2.387
3.689
3.371
2.257
3.245
3.126
1.837
2.543
2.789
2.697
2.360
2.568
2.386
2.477
2.165
1.456
1.681
1.243
1.482
1.678
3.087
3.288
3.378
3.320
3.084
3.001
2.640
3.410
4.374
4.505
3.961
3.511
3.459
2.411
2.589
1.982
1.559
2.079
3.776
4.194
3.633
3.800
3.010
2.466
2.214
2.765
3.483
4.326
4.497
5.173
4.023
3.594
3.361
3.065
3.642
3.208
3.212
3.566
3.455
3.003
2.480
2.860
2.862
3.503
4.151
4.177
4.198
3.929
4.067
3.917
3.354
3.204
3.141
3.905
4.010
4.030
4.272
3.625
3.639
2.868
2.994
3.323
4.582
5.716
6.305
6.836
6.395
5.822
5.234
4.874
4.287
4.450
4.362
3.695
5.076
5.549
5.337
5.307
4.019
2.970
3.030
1.995
2.718
3.744
3.706
3.361
1.874
2.569
3.032
2.908
3.969
4.513
4.589
4.206
3.777
2.420
2.512
2.694
3.234
2.931
3.204
3.322
2.480
2.840
2.186
3.086
2.866
2.205
2.701
2.909
3.557
4.208
4.354
3.704
3.693
3.204
2.729
1.819
2.506
2.879
2.284
2.237
3.004
2.900
3.269
4.319
3.264
3.130
2.586
2.142
2.628
2.087
2.435
2.479
2.548
3.583
3.205
3.638
3.462
2.805
2.661
2.123
2.144
2.234
2.509
2.997
2.320
1.762
2.443
2.357
2.491
2.597
2.441
2.362
2.388
2.343
1.701
1.704
1.532
1.305
0.971
2.106
2.138
2.343
2.410
2.510
2.794
2.988
3.282
2.655
2.782
2.833
2.691
1.664
1.543
1.845
1.957
2.711
2.889
2.829
2.891
2.834
2.331
2.145
1.814
1.666
1.598
1.536
1.449
2.004
1.874
0.836
1.530
1.788
1.790
1.398
2.160
1.919
2.067
1.630
2.003
1.302
2.530
2.136
2.186
1.316
1.602
2.660
2.502
2.163
2.711
1.740
1.471
0.910
1.176
1.506
1.744
1.732
2.260
1.253
1.050
1.863
1.812
2.739
2.413
2.828
2.955
2.708
2.606
2.595
2.913
4.465
4.135
1.747
1.629
1.574
1.281
1.600
1.383
1.450
2.262
2.267
1.556
2.022
2.723
2.814
2.921
2.575
1.500
1.388
2.192
1.824
2.637
2.142
2.413
2.873
2.949
2.955
3.069
3.529
3.415
2.601
2.149
2.328
2.319
1.924
1.809
2.649
2.452
2.232
2.050
2.201
3.311
3.057
1.871
0.989
2.219
1.496
2.491
2.618
2.992
3.682
3.274
2.151
2.931
3.055
2.685
2.931
2.680
2.624
2.929
2.602
1.810
2.354
2.761
2.145
1.952
1.075
1.771
2.151
2.820
2.234
2.623
2.068
2.307
2.252
2.279
1.230
1.567
2.434
2.722
3.011
3.031
2.345
2.460
2.735
2.420
2.431
2.308
2.140
1.797
1.605
2.612
1.266
1.965
1.986
2.721
1.825
1.697
2.115
3.064
2.011
1.957
2.649
2.002
2.005
2.341
2.641
2.327
1.973
2.295
1.144
2.174
3.051
2.505
2.237
3.119
2.812
2.388
1.900
2.234
2.970
2.745
1.903
2.412
2.301
1.667
0.977
1.869
2.430
1.393
2.744
3.112
3.139
2.843
2.958
2.534
2.100
1.394
1.700
1.693
2.823
3.039
2.770
3.186
2.608
2.412
2.347
2.087
2.302
2.538
2.308
2.355
2.309
1.835
2.122
2.715
2.444
2.127
1.621
1.967
3.038
2.953
2.251
1.912
1.458
2.100
2.418
2.095
2.403
1.769
1.587
1.666
2.342
2.533
2.230
3.683
4.087
4.362
3.599
3.619
2.824
2.559
3.351
3.688
3.455
3.968
3.485
3.305
2.854
3.082
2.974
3.636
4.271
4.942
5.056
4.871
4.082
3.458
3.329
3.868
3.351
3.535
3.886
4.094
4.940
4.265
2.837
1.717
2.042
1.947
3.238
2.263
3.091
2.529
3.373
2.637
3.151
3.556
4.089
3.774
4.123
4.164
4.334
4.783
5.299
4.941
4.820
4.053
4.691
3.192
2.828
3.656
3.464
3.678
3.131
3.256
2.850
2.690
2.694
1.946
2.114
1.642
2.667
2.997
3.151
3.269
2.643
3.170
3.062
1.884
1.472
1.091
2.994
2.777
4.123
3.213
3.222
3.147
2.407
1.354
2.242
1.632
2.224
2.310
2.236
2.166
2.480
2.280
2.076
1.588
1.878
2.753
2.914
2.743
3.191
2.633
2.969
2.513
2.646
2.428
2.816
2.640
2.075
2.103
2.002
1.569
1.816
1.236
1.743
2.181
2.921
3.049
2.635
2.294
1.548
1.172
1.045
1.873
1.613
1.886
2.225
2.510
2.339
2.686
2.124
2.084
1.782
1.854
1.701
1.182
1.603
1.789
2.220
2.086
2.257
2.340
2.140
2.395
2.305
1.914
2.542
1.876
1.965
2.044
1.699
1.602
1.165
1.749
1.860
2.043
1.354
1.460
1.724
1.452
1.431
1.352
1.760
2.146
1.247
1.636
1.691
1.468
2.354
1.481
1.568
1.392
1.878
1.236
1.909
1.969
1.927
1.731
2.112
2.088
2.028
2.203
2.116
2.081
2.159
2.433
2.076
1.873
1.569
1.464
1.547
0.892
1.815
1.532
1.507
1.277
1.968
2.415
2.274
1.766
1.440
1.614
1.368
2.108
2.506
2.789
2.420
2.189
2.414
2.387
2.192
2.201
2.413
2.211
2.073
2.328
1.636
1.559
1.383
1.434
1.706
1.616
1.488
2.160
2.698
2.943
2.481
2.259
2.229
2.443
2.464
1.883
1.870
1.544
2.175
2.483
2.652
1.739
1.310
1.735
1.975
2.668
2.607
2.393
2.686
3.795
3.283
2.161
2.407
2.653
2.152
2.091
1.882
3.073
2.870
2.701
2.613
2.700
2.418
1.779
2.617
3.121
2.484
2.132
2.781
3.758
3.004
1.958
2.030
2.034
2.213
2.318
2.593
3.134
2.911
2.281
2.846
2.572
2.413
2.407
2.131
2.153
3.353
3.481
2.990
3.186
2.975
2.637
3.010
2.849
2.596
2.135
2.984
2.535
1.932
2.024
2.942
2.484
2.696
2.682
2.410
2.165
2.372
3.674
2.126
2.373
2.578
2.514
1.954
2.690
3.700
2.301
3.179
2.095
2.144
2.968
2.862
3.077
2.394
2.342
1.549
2.734
2.781
2.852
2.713
2.552
1.816
1.851
1.615
1.617
2.435
2.324
2.421
2.756
1.636
1.935
2.126
2.661
3.259
3.108
3.251
3.266
2.437
2.644
3.161
3.473
3.340
3.183
3.064
2.820
2.863
2.693
3.069
2.912
2.628
3.427
1.725
2.939
2.575
3.074
2.783
2.969
2.881
2.812
2.996
3.169
2.604
2.979
2.910
3.496
3.170
2.729
2.639
2.214
1.446
2.768
3.225
3.355
3.253
3.277
3.018
3.195
3.775
3.675
3.129
3.249
3.302
3.444
3.305
3.955
4.441
4.644
4.506
3.862
4.028
4.685
4.701
4.639
5.105
4.894
4.749
4.120
3.155
1.892
3.710
3.273
3.517
2.756
1.666
1.573
1.936
2.941
3.479
3.689
4.545
5.447
5.873
5.701
5.336
4.673
4.156
4.540
4.936
4.341
3.211
3.231
3.436
3.441
3.397
3.277
3.326
2.735
3.490
3.101
2.807
3.323
3.697
2.142
1.995
2.745
3.089
2.763
2.324
2.460
2.377
3.244
2.357
2.949
3.646
2.864
2.690
2.242
3.003
3.004
4.778
3.548
2.942
2.679
2.389
3.228
3.299
2.897
2.151
3.069
3.530
3.583
3.012
2.695
2.575
2.699
3.450
3.108
1.934
2.047
2.128
1.958
2.027
2.380
2.226
2.016
1.985
2.289
2.000
1.894
1.620
1.356
1.047
1.143
0.685
1.307
1.742
1.564
1.503
2.060
2.027
2.610
2.227
1.342
1.577
2.022
1.830
1.658
2.204
2.247
2.078
1.559
1.121
1.135
1.437
1.502
1.520
1.976
1.886
1.723
1.185
1.094
1.057
1.103
1.692
1.881
1.621
1.098
2.161
1.533
1.420
1.443
1.459
1.342
1.409
1.507
1.702
1.161
1.330
1.452
1.972
2.009
1.779
1.963
1.868
1.907
1.908
2.391
1.287
1.809
2.257
2.968
2.236
1.996
2.695
2.733
3.265
3.002
2.670
2.651
2.374
2.493
2.328
1.938
1.919
2.831
2.211
2.372
2.715
2.231
2.488
2.098
2.235
2.237
2.388
2.829
2.300
1.997
2.086
2.039
2.127
2.122
1.961
1.809
2.240
2.038
2.797
2.807
2.703
2.740
2.582
2.595
2.082
2.137
2.131
1.621
1.902
1.495
1.348
1.638
2.057
2.363
2.812
2.231
2.521
2.559
2.926
3.083
3.338
2.704
2.556
2.638
2.476
2.029
1.795
2.506
2.613
3.142
2.480
2.645
2.107
1.940
2.820
3.456
3.430
2.715
2.766
2.440
1.855
1.459
1.609
1.803
1.743
2.991
3.244
2.981
3.460
3.151
3.230
3.932
3.797
3.213
2.688
2.746
2.604
2.787
3.059
2.905
2.214
2.008
2.451
2.182
2.722
2.510
3.384
3.365
3.025
3.038
2.333
2.680
2.911
3.229
2.643
4.840
1.496
2.740
2.488
2.911
2.977
2.295
2.895
2.507
2.979
3.059
2.498
2.322
2.881
2.355
2.169
2.437
2.495
2.741
1.951
1.641
2.146
2.379
2.039
2.337
2.560
2.549
2.306
3.895
2.191
2.461
1.277
2.537
2.366
2.404
2.150
2.863
2.802
2.237
2.572
3.044
3.158
2.477
1.926
2.118
3.577
2.813
2.611
2.017
1.865
2.830
2.883
2.599
3.027
2.786
2.819
2.836
3.439
3.272
3.526
3.499
3.063
2.833
2.445
2.140
1.362
1.957
1.969
2.632
3.397
3.264
3.092
2.875
3.045
3.142
3.581
3.639
3.421
3.486
3.088
2.972
3.807
3.961
3.501
3.898
2.827
2.172
2.632
3.268
3.899
3.698
3.420
3.813
3.845
4.223
4.224
4.498
4.756
5.181
4.828
4.281
4.707
3.958
3.988
3.876
3.503
2.478
2.271
3.618
3.585
3.547
1.713
2.503
2.026
2.266
1.906
1.523
2.031
3.279
3.200
2.174
2.111
2.704
2.235
3.041
2.846
2.463
2.633
2.914
3.422
3.332
3.344
2.926
3.207
3.038
3.062
1.674
2.176
3.215
1.960
1.768
1.668
1.962
2.316
2.187
2.366
2.404
2.390
2.727
3.272
2.476
2.793
2.981
3.037
2.665
2.387
1.968
2.101
2.276
2.086
2.930
2.362
2.939
2.931
2.474
2.999
2.921
2.332
2.090
1.912
2.723
2.373
2.304
2.108
2.506
2.876
2.132
2.046
1.841
1.963
1.721
1.657
1.940
2.806
3.020
3.745
3.348
3.062
4.092
3.367
3.229
3.395
2.694
2.186
2.270
2.158
2.166
1.630
1.747
2.091
2.232
2.149
2.120
1.640
1.424
1.383
1.192
1.299
1.090
0.959
1.529
1.872
2.411
1.464
1.813
1.434
1.990
2.928
2.993
2.059
2.273
2.657
1.916
1.678
1.801
2.015
2.107
1.168
1.537
1.601
1.967
2.443
2.262
2.005
2.037
1.398
1.011
1.882
2.200
2.001
1.398
1.695
1.276
1.296
1.152
1.614
1.445
1.244
2.146
2.597
2.586
2.395
2.318
1.387
1.472
0.941
1.238
1.606
1.067
0.805
1.524
1.934
2.045
2.183
1.523
1.441
2.088
2.686
1.827
1.680
1.608
1.764
2.558
2.312
2.668
2.247
1.988
1.769
2.067
2.466
2.080
1.889
2.174
2.089
2.491
2.880
2.806
2.477
2.123
2.283
1.438
2.125
2.318
2.060
2.022
1.449
1.823
2.061
1.883
2.172
1.814
1.414
1.444
1.646
1.465
1.330
1.946
1.854
2.187
2.565
2.803
2.650
2.173
2.391
2.338
2.323
2.752
3.047
2.411
2.813
2.306
2.221
2.311
2.275
1.784
3.014
2.922
2.417
2.838
2.969
3.334
2.851
2.469
2.453
2.343
3.489
2.510
3.840
2.904
3.300
1.867
2.782
3.197
2.631
2.724
2.662
2.459
2.298
2.310
2.669
2.519
2.288
1.773
1.668
1.403
2.341
2.962
3.060
2.367
2.293
1.593
3.040
2.825
3.019
1.559
1.780
2.342
2.493
1.909
1.267
2.378
1.811
2.760
3.243
2.312
2.419
2.664
2.414
2.498
1.965
2.936
3.500
2.328
2.152
2.643
2.484
2.338
2.890
2.581
1.904
2.289
2.229
2.082
1.458
2.494
3.044
2.324
2.323
3.421
2.893
2.243
2.706
2.418
2.376
2.262
2.966
3.337
3.143
3.244
3.448
3.253
2.146
2.092
2.393
2.947
3.390
3.027
3.057
2.549
2.782
2.388
2.667
2.820
3.068
2.868
3.125
3.207
2.333
2.020
2.039
1.863
1.953
2.582
2.999
2.930
2.692
2.113
2.443
3.461
3.687
3.341
3.312
2.708
2.272
1.805
2.115
2.559
2.658
3.590
3.614
3.348
2.988
3.206
3.449
3.272
2.707
1.949
2.500
3.220
3.645
3.669
3.823
3.104
2.563
2.098
1.832
2.682
4.202
4.571
4.068
3.289
3.017
2.617
3.355
3.657
4.124
4.251
4.014
3.805
3.383
3.491
3.717
3.966
3.581
3.269
3.431
3.736
3.253
2.952
3.893
4.760
5.381
5.476
5.404
5.221
4.457
4.464
4.537
4.913
5.072
4.593
4.258
4.221
4.527
4.635
4.471
4.256
4.100
3.590
3.352
3.050
3.079
2.571
2.669
2.280
2.338
2.223
2.226
2.985
3.328
3.663
3.990
5.197
2.973
2.432
2.089
2.337
2.490
1.718
1.673
1.699
