20000101
3.137
3.002
2.265
2.544
2.424
2.024
1.692
2.042
2.239
2.118
3.086
2.376
3.114
2.873
3.085
4.732
4.596
3.138
2.752
3.043
3.407
3.120
1.657
2.280
3.144
2.372
2.994
4.384
2.677
2.591
3.924
3.803
2.500
2.679
3.363
4.038
2.925
3.045
2.279
3.039
3.930
3.959
2.519
3.478
4.186
3.306
2.604
2.886
2.384
3.100
2.600
2.156
3.029
4.571
3.502
2.957
2.441
1.688
2.213
2.014
4.002
5.135
3.976
4.798
3.348
2.984
3.455
3.487
2.240
2.825
4.927
5.182
4.887
1.864
1.618
2.244
3.420
2.972
2.304
2.676
2.591
4.055
2.728
4.571
3.017
2.779
2.446
3.085
2.631
1.146
2.585
2.818
2.723
2.783
3.102
3.648
3.394
2.585
4.095
3.309
2.854
1.872
2.301
3.409
4.352
3.748
3.346
3.415
3.894
3.603
3.767
4.040
4.258
4.333
4.977
4.745
5.255
5.210
5.127
5.185
4.967
4.495
4.143
4.103
4.095
3.094
3.604
2.210
2.374
2.940
2.994
3.163
4.172
4.157
3.910
3.111
3.819
3.841
3.452
2.552
4.249
4.006
4.736
4.201
4.496
4.874
4.912
3.839
3.601
3.489
3.458
3.723
3.110
3.011
2.755
3.272
2.648
2.544
1.958
3.154
2.670
4.370
4.739
5.093
4.480
4.677
4.690
4.720
5.237
4.952
4.131
4.362
4.241
5.027
4.073
4.713
4.685
4.627
4.421
3.205
3.560
1.923
2.040
3.052
2.617
1.977
2.012
2.708
3.173
3.270
3.475
3.300
4.327
4.293
3.951
4.408
4.360
4.825
3.945
4.226
4.620
5.056
5.240
3.913
4.273
4.401
4.352
4.053
4.330
2.429
2.509
2.728
3.662
4.035
4.452
3.983
3.182
3.279
2.595
2.569
3.113
3.840
2.584
2.165
2.868
3.524
3.464
4.139
3.939
3.716
3.379
3.725
3.717
2.874
2.275
1.244
1.813
3.293
2.245
2.523
2.960
3.984
4.292
3.886
3.210
3.047
3.219
3.613
3.002
2.404
2.957
2.558
3.288
3.281
3.157
2.703
2.230
2.368
2.886
2.860
3.062
2.999
2.120
1.953
2.259
2.267
2.067
1.168
0.973
1.474
1.843
1.772
1.487
1.424
1.831
2.262
2.517
1.789
1.935
1.389
1.137
1.192
1.699
1.949
2.148
2.251
2.820
2.582
2.463
2.685
3.192
2.501
1.741
1.694
2.348
3.000
2.729
2.842
2.386
1.538
2.111
2.296
2.133
1.465
0.867
2.724
2.825
2.652
2.323
2.006
2.191
1.773
2.057
1.718
1.682
1.981
1.629
1.442
2.157
2.507
2.696
2.148
2.207
2.691
2.110
2.340
2.661
2.834
2.054
2.683
2.163
3.277
2.499
4.308
3.389
4.044
3.565
3.324
2.253
1.009
1.063
2.712
2.344
1.697
1.974
2.518
1.872
1.455
1.474
1.932
2.292
2.108
1.381
1.614
2.117
2.667
2.084
2.366
2.160
2.258
3.095
2.540
2.676
3.250
3.354
4.386
1.962
1.880
2.588
2.718
2.948
2.824
2.405
2.961
3.103
3.240
3.477
2.470
2.619
3.427
3.661
2.548
3.386
2.016
1.934
2.000
2.838
3.442
2.596
2.768
2.438
2.722
2.885
3.006
2.334
1.508
1.991
2.847
3.393
3.310
2.960
2.680
2.094
2.629
2.381
2.619
3.214
3.022
1.767
3.899
3.758
3.047
2.359
2.803
2.203
2.392
2.975
3.054
2.446
3.041
4.118
4.464
2.804
2.465
2.484
4.267
4.686
3.362
3.322
2.437
2.701
1.435
3.104
3.175
3.298
2.680
2.442
2.661
2.308
1.975
2.208
2.807
2.471
2.789
3.268
3.972
3.286
2.151
3.250
3.210
4.206
3.463
4.853
3.883
3.624
2.206
3.007
2.194
3.183
2.686
2.930
2.567
2.800
2.765
3.755
3.921
3.204
3.003
1.501
1.894
3.342
3.200
2.648
2.860
2.588
2.313
1.813
2.461
2.097
2.482
3.675
4.152
4.377
4.504
4.215
3.468
3.655
4.564
4.594
3.865
3.590
4.550
5.050
4.966
4.941
5.057
4.778
4.633
4.260
4.597
4.827
5.022
5.116
5.028
4.591
4.236
3.509
2.723
2.015
2.738
3.679
3.475
2.471
3.344
4.290
4.400
3.645
4.509
4.258
4.048
3.818
3.337
2.569
2.463
2.417
2.681
2.699
2.080
3.088
4.647
4.501
4.584
4.804
2.854
2.939
3.353
3.856
5.215
4.859
4.838
4.993
4.822
5.599
4.969
4.916
4.418
4.010
3.477
3.488
3.142
3.394
3.528
2.673
2.227
2.979
2.407
4.015
4.302
3.996
4.141
4.403
4.735
4.523
3.489
3.387
3.511
2.820
3.400
3.054
2.581
2.752
3.017
3.260
3.053
3.493
3.284
2.830
2.644
2.961
2.745
1.744
2.401
2.658
2.864
2.456
2.180
2.132
2.221
1.967
3.119
3.401
3.133
2.736
3.519
3.937
3.177
3.432
2.914
3.014
2.676
2.554
2.752
2.812
3.590
3.650
4.074
4.215
4.525
3.959
3.106
2.823
2.754
3.129
3.550
2.732
1.762
2.244
2.598
2.763
2.844
2.091
2.140
1.700
1.708
1.682
1.310
2.251
2.246
2.458
2.168
2.318
1.731
2.058
2.548
1.523
1.483
1.846
2.181
2.390
2.686
2.256
2.365
2.551
2.098
1.737
3.015
3.063
2.345
1.970
1.570
1.885
0.953
1.863
1.550
1.551
1.600
2.288
2.011
1.462
1.294
0.849
2.912
2.267
1.503
1.187
1.051
1.757
2.623
2.027
1.650
1.935
1.297
1.990
1.875
1.654
1.613
1.850
2.682
3.468
3.052
3.042
3.338
3.325
2.427
2.020
2.176
2.354
2.670
3.160
3.105
2.296
2.011
1.856
2.404
2.654
2.572
2.384
2.605
2.816
3.158
2.784
2.644
2.128
1.425
1.125
1.687
1.618
1.152
1.805
2.147
1.741
1.889
2.369
2.658
2.303
2.019
2.742
2.591
2.156
3.623
3.365
3.086
2.568
2.316
2.653
2.798
2.081
2.781
3.032
2.535
2.783
2.198
2.863
2.996
3.267
2.963
4.144
3.393
3.515
2.983
2.943
1.945
1.719
2.330
2.653
3.441
4.236
3.194
3.137
3.410
3.235
3.274
3.159
1.940
2.673
3.755
3.117
3.479
3.216
3.667
4.076
3.084
2.770
2.310
2.998
3.933
3.772
3.081
3.196
2.856
4.493
5.128
3.839
3.460
3.548
3.022
2.398
2.638
2.049
3.002
2.881
2.230
2.144
2.781
3.635
3.125
3.050
3.715
3.092
2.222
2.082
4.420
3.320
2.663
3.033
2.832
2.527
3.067
3.906
2.763
2.637
3.806
2.575
3.992
1.709
1.558
2.173
2.082
2.681
2.542
2.401
2.929
3.353
4.496
4.448
2.302
2.438
1.869
2.145
2.369
2.774
3.979
4.013
2.155
2.077
2.791
3.070
4.302
2.780
2.610
3.522
2.984
2.903
3.629
4.137
4.313
4.168
3.346
3.767
2.647
3.559
3.957
4.252
4.339
4.003
4.223
2.878
2.027
4.100
3.594
2.581
3.467
3.707
3.214
3.193
2.656
3.761
4.164
4.057
4.882
5.779
6.077
5.120
4.921
4.806
4.526
4.604
6.042
6.245
6.736
6.363
5.078
4.655
4.134
4.538
5.324
5.425
5.609
5.246
4.613
2.980
3.168
3.835
3.378
3.261
2.780
2.979
3.680
4.590
4.412
3.724
3.680
3.976
4.272
3.998
3.802
2.840
2.990
3.580
3.643
3.621
3.432
4.084
3.593
3.634
5.669
4.160
2.791
2.523
3.767
4.382
4.317
4.593
5.031
5.287
5.316
5.023
5.210
4.986
4.786
4.635
4.325
4.112
4.385
5.195
4.870
4.881
4.697
4.546
4.863
4.296
4.181
5.630
4.246
3.816
4.487
4.304
3.705
3.284
4.044
3.774
3.650
2.880
2.824
2.704
2.827
2.851
3.470
2.941
3.030
3.593
3.324
3.248
3.380
4.498
4.211
4.420
4.274
4.468
3.778
3.756
4.106
3.844
2.973
2.963
3.751
2.782
2.749
2.994
2.857
3.243
3.789
3.573
3.595
2.996
3.135
3.704
3.602
3.273
3.552
3.882
4.028
3.817
4.313
4.304
4.078
3.719
2.608
2.550
2.978
3.057
1.740
1.576
1.497
2.053
2.667
3.750
3.664
2.518
2.613
2.528
1.709
2.088
1.679
1.540
1.644
2.330
1.843
1.672
1.009
1.809
2.369
2.425
2.813
2.162
2.292
2.629
2.497
3.057
3.142
2.293
1.972
2.671
2.924
2.690
1.932
1.901
1.886
2.709
2.805
1.733
1.970
2.082
1.696
1.213
1.812
1.725
2.259
1.461
1.472
3.244
2.314
2.481
2.749
2.667
3.200
2.101
2.115
1.728
1.677
1.577
2.728
2.270
1.912
1.040
1.481
1.470
1.626
1.952
1.686
1.823
1.981
2.119
2.327
2.224
2.674
3.185
2.717
1.804
2.168
2.353
2.322
2.370
2.364
1.528
1.954
2.005
2.044
2.464
2.570
2.433
2.111
2.411
2.975
2.316
2.269
2.420
3.239
3.236
2.448
2.314
2.089
2.624
2.801
1.740
4.525
3.430
3.069
2.899
3.316
2.707
2.788
1.730
3.378
4.153
3.299
2.975
2.764
2.828
3.259
2.905
3.083
3.399
3.556
2.839
3.105
2.195
2.735
2.688
2.499
1.680
3.212
4.380
4.000
2.862
2.598
3.957
2.595
3.500
3.378
3.161
2.819
3.293
3.128
2.824
2.015
2.898
3.496
3.669
3.035
2.848
3.016
3.648
3.508
5.841
5.309
2.111
2.995
2.257
2.730
2.939
2.006
1.729
2.736
3.138
3.513
3.990
4.050
4.129
3.442
2.113
2.402
2.843
2.985
3.039
2.789
3.128
2.771
2.226
2.140
3.638
2.675
3.304
3.397
2.118
1.421
2.602
3.131
2.583
2.123
2.344
2.860
1.542
3.629
4.237
2.654
2.862
3.016
4.494
4.673
3.231
2.301
3.694
1.841
2.256
2.642
2.628
4.319
3.648
3.599
3.996
3.972
3.253
4.484
4.624
3.514
2.956
2.982
2.838
3.879
3.807
3.342
3.933
2.661
2.258
3.216
3.209
4.985
5.557
4.286
3.715
4.063
4.264
2.887
2.000
1.918
2.492
3.413
4.124
3.776
3.277
4.038
4.988
5.023
5.480
5.302
5.749
5.508
5.232
4.298
4.802
4.493
4.949
4.315
3.730
3.492
4.085
4.153
3.825
4.201
5.405
5.660
6.338
6.296
5.985
5.492
5.203
4.774
4.331
4.176
3.285
2.673
2.892
2.521
3.473
3.385
4.136
4.340
4.020
3.936
4.575
3.784
3.576
3.598
3.202
3.892
4.029
2.896
1.830
1.917
2.511
2.729
3.051
3.585
3.746
4.460
4.403
4.766
3.644
2.792
2.899
2.654
2.642
2.360
2.617
3.614
4.255
4.383
4.422
3.991
3.962
3.660
2.912
3.048
3.561
3.071
3.422
4.254
3.119
3.090
3.330
3.216
2.620
1.564
1.707
2.292
3.295
3.265
3.237
3.428
2.533
3.234
3.503
3.921
3.885
4.127
3.344
3.003
2.131
2.087
3.435
3.580
3.952
3.512
3.383
3.175
3.334
3.261
3.237
3.573
3.099
2.857
3.389
3.338
3.730
3.736
4.163
3.989
3.627
3.503
3.606
3.147
3.158
3.335
2.895
3.142
2.921
3.693
2.930
2.566
2.650
2.992
3.007
2.219
2.130
2.296
1.309
1.438
1.769
2.092
1.071
1.678
2.090
2.520
2.875
2.847
2.738
1.763
2.512
1.963
1.229
1.162
1.553
1.987
1.774
2.222
2.118
1.387
2.096
2.146
2.523
2.424
1.750
1.918
1.821
2.854
3.217
2.846
2.301
1.970
1.772
2.360
2.174
2.533
2.229
2.403
2.563
1.853
1.380
1.240
2.154
2.532
2.720
2.499
1.834
1.855
1.403
2.043
2.542
1.469
2.561
1.482
1.572
1.900
1.751
2.225
2.201
1.598
1.724
1.658
2.115
2.321
2.244
2.636
1.520
1.233
1.849
1.732
1.970
1.278
3.092
3.780
3.110
2.338
2.674
2.640
2.740
2.423
2.728
2.908
2.695
3.038
2.546
2.488
2.422
2.372
2.762
4.069
3.716
3.085
2.422
1.889
1.416
2.151
3.716
4.641
4.906
4.069
3.630
3.048
2.585
2.571
2.567
2.003
1.717
1.375
2.061
2.871
2.490
2.263
3.214
3.594
3.386
2.377
2.951
3.215
2.123
3.264
4.042
2.959
3.104
2.792
3.383
3.854
3.304
3.484
3.017
2.553
2.767
3.068
3.236
2.985
3.229
4.200
3.591
2.421
2.534
2.561
2.958
2.665
2.039
1.317
2.335
2.277
2.684
1.676
1.871
1.791
3.016
2.644
2.842
2.278
2.542
2.293
2.006
2.899
3.248
3.040
3.592
2.790
1.846
1.613
2.163
1.575
2.116
2.706
1.557
1.847
3.372
3.736
3.032
2.768
3.525
3.824
3.807
3.578
3.558
3.040
2.556
2.205
2.805
3.147
3.494
3.148
3.148
3.189
3.941
3.797
4.116
4.418
3.556
3.135
3.796
3.736
4.382
4.701
4.895
4.505
4.931
4.361
3.694
3.236
3.618
4.002
3.160
2.499
1.916
2.368
3.970
4.246
4.248
4.819
2.838
1.672
2.159
1.728
2.809
2.895
3.619
2.329
3.042
3.583
2.950
3.364
4.554
4.279
3.559
3.128
4.119
5.632
5.388
5.902
5.664
5.951
5.700
4.529
3.947
4.012
3.868
3.648
3.046
2.997
3.788
3.968
3.860
4.368
4.590
4.758
3.979
2.861
2.199
2.158
1.593
1.676
2.778
2.955
3.352
2.121
2.694
3.890
4.658
5.346
5.181
5.900
5.916
5.811
5.261
4.733
4.143
3.529
4.003
3.697
3.557
3.915
2.657
2.279
1.886
1.994
3.245
3.127
3.588
3.959
4.005
4.001
4.571
3.866
4.052
3.530
2.608
1.904
3.064
3.194
3.560
3.691
4.039
2.660
3.989
3.075
2.965
3.079
2.858
3.321
2.565
3.428
3.400
2.756
1.831
1.670
2.609
2.958
3.275
3.469
3.589
2.986
3.548
3.853
3.245
3.171
4.069
4.306
2.982
2.886
3.088
3.328
3.135
4.023
4.991
4.082
3.971
3.992
4.095
3.577
3.532
3.428
3.185
2.631
2.062
2.455
2.128
1.779
2.132
2.236
2.298
2.707
2.955
2.829
2.099
1.947
2.454
2.460
1.790
1.781
1.848
2.470
2.706
2.105
1.417
1.067
1.247
1.342
2.141
1.030
1.369
1.394
1.637
1.531
1.880
1.473
1.584
2.305
2.374
2.828
2.111
2.057
1.433
1.368
1.551
1.728
1.882
1.526
1.830
1.834
1.444
2.064
1.959
2.186
2.323
2.277
2.333
1.740
2.000
2.164
2.165
1.358
2.266
2.656
2.377
2.646
2.052
3.093
3.382
2.979
2.516
2.475
2.595
2.581
1.706
1.386
1.929
2.167
1.639
1.744
2.087
0.814
1.906
2.222
1.692
1.973
2.213
1.722
1.927
2.496
2.246
1.830
1.921
2.082
1.294
2.458
2.770
2.502
1.852
1.613
2.809
2.665
2.219
2.621
3.168
3.219
2.706
2.395
2.073
2.091
2.451
2.169
2.620
2.365
1.548
2.621
2.191
2.315
3.671
3.385
3.470
3.464
2.847
3.669
4.052
2.171
2.444
2.092
3.558
3.029
2.312
3.785
2.555
2.382
3.529
3.034
3.223
2.417
1.984
2.279
3.287
3.508
3.147
3.857
3.759
3.364
2.530
3.248
2.840
3.432
3.048
3.019
1.495
2.546
3.295
3.303
2.735
2.499
3.216
2.710
2.381
2.797
2.437
2.019
3.287
3.530
2.758
2.811
2.480
2.550
4.748
4.481
5.303
4.226
3.206
2.412
3.447
3.406
3.594
2.772
1.942
2.637
2.090
2.537
1.931
2.431
3.104
3.331
3.168
2.890
2.959
2.366
3.168
3.180
2.845
2.712
2.017
1.961
1.951
2.501
2.619
3.114
3.249
3.246
4.065
3.973
3.357
3.505
1.936
2.941
4.343
3.222
3.656
3.960
3.267
3.119
2.690
2.716
1.845
2.037
2.447
4.029
3.884
3.030
2.856
2.454
2.886
3.116
2.871
3.651
3.260
3.058
2.253
2.582
2.367
3.463
3.856
3.204
2.558
2.752
2.577
3.875
3.616
4.072
2.871
2.328
2.920
3.358
2.468
2.463
2.434
3.885
3.463
4.195
3.900
3.530
3.548
3.756
3.737
3.908
3.830
4.584
4.273
3.283
3.657
3.853
4.753
3.639
3.673
3.684
3.936
3.016
3.080
3.494
1.603
2.473
2.680
3.133
4.657
3.846
3.926
3.733
4.050
3.604
3.656
3.007
4.285
4.449
3.936
3.251
3.805
3.879
3.843
2.732
2.767
2.446
3.230
3.570
3.524
4.393
3.462
3.696
3.841
2.580
2.643
3.082
3.788
4.335
3.744
3.886
4.418
4.276
4.921
3.722
3.481
3.313
3.379
2.624
3.699
3.633
2.834
3.848
3.022
2.602
2.931
3.524
4.041
3.848
3.925
3.717
3.783
2.387
3.529
3.862
3.234
2.501
1.836
3.184
3.394
2.732
2.746
3.271
3.789
3.522
2.444
2.569
2.809
2.521
2.878
2.222
2.507
2.289
1.818
2.289
2.913
3.281
3.147
3.059
2.914
3.066
3.427
3.787
2.813
2.638
1.922
2.390
2.446
2.343
2.184
2.023
2.827
0.987
1.529
1.436
1.611
1.096
1.101
1.447
1.433
1.771
2.199
3.186
2.676
3.541
3.897
5.198
2.627
1.879
2.475
1.243
2.508
4.144
3.601
2.645
2.429
1.908
2.365
1.877
2.373
2.433
2.135
1.788
1.303
1.514
1.815
1.121
1.458
1.940
2.104
2.050
2.853
3.133
3.210
2.990
2.530
3.140
3.542
2.394
2.167
2.938
2.528
2.385
2.198
2.148
3.148
2.342
2.337
1.654
1.729
1.312
2.431
1.448
2.587
2.867
2.490
2.132
2.810
2.706
2.477
2.136
1.920
0.961
1.878
1.981
1.362
1.954
1.323
1.862
2.490
1.973
2.488
2.023
1.997
2.178
2.574
2.341
1.468
1.934
1.906
2.044
2.674
2.621
3.430
2.683
2.337
2.120
2.530
2.714
3.157
3.239
3.262
2.626
2.956
3.066
3.244
3.149
2.978
2.976
2.615
1.732
2.806
3.134
3.875
3.451
2.805
2.187
1.139
2.198
2.506
1.939
3.943
3.530
2.141
3.608
3.551
3.418
3.719
3.079
2.498
2.313
2.633
1.871
2.297
2.836
2.818
2.941
3.339
2.888
2.662
2.602
2.654
3.778
2.849
2.910
3.430
3.134
3.063
2.462
2.288
2.995
2.768
2.802
3.007
2.944
2.687
2.112
2.186
2.085
1.690
1.330
1.438
1.999
2.097
2.576
2.654
3.726
3.471
2.801
1.855
1.991
2.457
2.376
2.617
2.516
2.423
1.764
2.933
3.094
3.629
2.418
2.741
3.647
3.379
2.001
1.737
2.090
2.383
3.672
2.685
2.286
1.951
1.716
2.298
1.904
2.478
2.389
2.951
3.257
2.960
2.533
2.548
1.531
2.873
3.410
3.658
2.353
2.473
3.293
2.803
2.675
3.772
3.934
3.299
3.394
3.243
3.286
3.758
3.212
3.810
3.616
3.138
3.703
2.844
2.982
3.099
2.663
3.227
3.231
2.533
2.475
3.085
3.005
3.752
3.424
2.938
3.011
3.493
3.464
3.995
4.500
3.960
4.145
3.591
2.633
2.119
3.851
4.053
3.968
4.101
4.476
4.261
3.737
3.856
3.977
4.196
3.446
2.690
2.508
4.543
5.112
5.452
4.017
4.385
3.838
3.945
4.765
4.530
4.312
4.381
3.407
2.435
3.213
4.573
5.217
4.509
4.875
4.974
4.547
4.555
4.485
4.696
4.382
5.014
5.124
4.146
3.529
3.920
3.507
2.664
2.065
2.147
2.334
2.703
2.769
1.875
1.842
2.409
2.145
3.050
3.329
4.002
2.612
2.742
3.144
2.895
2.589
3.864
4.181
4.273
4.374
4.078
4.146
3.414
3.446
4.489
3.436
3.205
3.474
3.220
4.864
2.723
2.376
2.687
4.024
3.568
3.021
3.298
3.549
3.148
2.931
2.959
3.627
4.089
3.322
3.118
3.032
2.139
2.553
2.565
3.884
3.712
4.294
3.947
2.283
2.096
2.889
2.714
2.082
1.852
3.768
4.540
3.572
2.914
2.774
2.963
3.176
2.484
3.265
3.903
2.864
3.379
3.723
4.309
3.624
2.107
1.901
2.494
2.621
2.939
2.949
1.936
1.067
1.039
1.204
1.080
1.181
1.131
2.062
1.566
1.263
0.985
1.389
1.550
2.130
2.338
2.094
2.181
2.474
2.542
2.533
2.358
3.024
3.103
2.683
1.471
1.396
1.329
2.194
2.600
2.166
1.673
1.831
1.625
1.471
1.847
1.789
0.950
1.461
1.663
1.435
1.803
1.564
2.317
1.602
1.677
1.590
2.164
2.447
2.409
2.101
2.824
2.964
2.735
2.849
3.098
2.691
2.427
2.006
1.904
2.119
1.305
1.629
2.232
2.872
2.798
2.351
1.847
2.445
2.496
2.225
2.568
2.182
1.607
0.926
1.974
1.807
1.136
1.979
2.449
2.519
2.821
2.177
1.940
1.193
2.852
2.553
3.010
2.959
2.022
2.814
1.915
1.973
2.103
2.366
2.549
2.868
2.930
2.556
1.996
2.779
3.570
2.699
2.759
2.879
2.466
2.835
2.901
2.825
2.963
2.249
2.656
3.391
2.900
2.438
2.351
2.427
1.819
1.751
2.401
2.115
2.980
3.545
3.357
2.906
1.652
2.738
2.743
3.225
3.334
2.692
1.931
4.319
3.183
2.549
2.440
2.877
3.014
3.724
3.834
3.181
2.857
2.197
1.802
3.700
2.566
2.930
2.475
3.304
3.413
3.117
2.233
3.271
2.296
1.613
3.536
4.494
5.401
4.236
4.924
2.044
2.943
2.565
2.317
2.595
1.973
2.583
2.729
1.909
2.558
2.534
2.961
2.502
2.332
3.535
3.792
2.784
3.282
2.625
2.763
2.615
3.193
2.747
2.640
3.352
2.877
3.118
2.814
3.135
3.691
2.754
2.084
1.763
2.806
3.890
3.807
3.235
3.348
3.050
3.354
2.435
2.375
1.758
1.277
1.058
2.483
4.175
3.732
3.200
2.320
2.001
2.030
3.716
3.703
3.448
2.786
3.176
3.945
3.292
2.820
2.385
2.641
1.944
2.068
2.697
2.031
3.514
4.614
4.434
2.736
3.500
3.539
3.631
3.493
3.112
3.826
3.560
3.401
3.869
5.126
2.630
3.337
3.158
4.182
3.560
4.126
4.506
4.749
4.314
4.952
5.423
4.627
3.903
4.073
4.263
4.821
4.895
4.068
3.874
4.146
4.478
3.798
3.408
3.714
3.074
2.688
2.047
2.721
3.783
3.538
2.964
2.532
4.242
4.159
4.451
5.119
6.036
5.510
4.913
3.856
3.080
2.857
2.155
2.017
3.444
3.010
2.292
2.058
2.171
4.597
4.777
3.841
3.557
4.525
3.145
1.905
3.368
1.408
6.063
6.602
5.058
4.584
4.719
4.120
3.384
4.367
3.416
2.534
3.133
2.954
2.812
2.775
2.580
2.583
2.687
3.176
3.404
3.463
2.872
2.045
1.260
1.934
1.953
1.817
2.283
2.466
1.916
1.669
2.564
2.520
2.783
3.010
2.729
2.707
2.538
3.568
3.567
2.958
2.761
3.518
4.011
3.960
3.660
3.569
3.648
3.435
2.511
3.300
3.027
2.126
1.964
1.612
1.906
1.467
0.761
1.462
1.906
1.820
2.152
1.800
1.563
1.972
2.749
2.447
2.702
2.418
2.481
2.342
2.349
1.806
1.777
2.310
2.791
2.765
2.481
1.943
1.923
2.172
1.746
1.338
0.821
1.211
2.002
1.508
1.770
1.536
0.912
2.218
2.234
1.538
1.611
1.857
3.027
2.802
2.617
2.729
2.186
1.877
1.487
1.730
1.088
1.892
1.628
1.885
1.249
1.406
2.012
2.079
1.277
1.353
0.995
1.505
1.805
2.340
2.790
2.672
2.579
2.460
3.196
3.202
2.680
2.076
1.953
1.727
1.239
1.231
1.264
1.140
1.528
2.156
1.350
1.870
2.644
2.120
2.966
2.525
2.290
1.930
2.548
3.141
2.210
2.447
2.050
2.735
2.636
2.493
1.936
1.741
1.854
1.822
2.607
0.884
1.399
2.866
3.299
3.163
2.532
2.471
2.442
2.564
2.330
2.039
3.099
3.552
3.521
3.262
3.658
3.027
2.763
2.617
2.612
2.576
1.652
2.178
2.471
1.749
2.193
1.958
2.091
2.517
3.320
3.346
2.174
3.900
3.162
3.442
2.542
2.810
2.935
1.566
2.540
2.951
3.064
3.012
3.331
2.973
2.469
2.962
3.448
2.553
2.580
3.674
3.095
2.206
3.303
3.513
3.252
2.495
2.890
3.527
3.163
2.932
3.193
3.407
3.536
2.710
2.499
2.687
2.601
3.320
4.195
3.170
3.316
4.279
3.902
3.469
2.836
2.705
2.381
2.022
3.009
2.210
2.220
2.726
2.814
3.035
2.070
2.797
2.464
2.652
1.888
1.927
2.390
2.828
2.324
2.611
2.407
2.467
3.107
2.105
3.154
2.817
3.622
3.636
3.402
2.820
1.390
2.832
2.702
3.584
2.985
2.164
1.776
3.383
3.669
2.428
1.086
1.599
2.146
2.402
3.099
2.827
3.496
3.424
3.989
2.622
2.837
2.825
2.713
2.363
1.639
0.973
1.947
2.997
3.906
4.032
3.829
4.007
3.351
3.397
3.484
3.092
3.691
3.279
3.111
2.019
2.944
3.608
4.125
3.748
4.460
4.531
4.579
4.607
4.725
5.153
4.925
4.552
4.287
4.368
4.672
4.164
3.921
3.960
4.062
5.116
5.477
5.834
5.949
6.021
5.112
4.908
5.067
5.114
4.465
4.166
3.780
3.849
4.568
4.425
4.672
4.365
3.947
4.381
3.484
3.247
3.682
4.579
4.022
3.298
2.945
1.958
1.821
3.297
4.296
3.944
4.074
4.647
4.846
5.147
5.971
5.468
4.126
4.424
4.213
4.521
4.912
3.470
3.754
3.683
3.160
3.238
2.356
2.959
3.789
3.502
3.721
3.925
5.076
4.651
4.418
3.576
2.852
3.809
4.459
3.970
3.589
3.812
3.863
3.695
3.326
3.299
2.984
3.396
3.106
2.901
3.119
2.941
3.351
4.092
2.502
1.895
3.011
2.844
3.293
3.010
3.149
3.025
3.327
4.100
4.314
3.303
3.355
3.021
2.965
3.538
3.177
3.470
3.555
3.062
3.337
2.733
3.099
3.127
3.263
2.782
2.315
2.168
2.122
2.725
2.599
2.775
2.570
2.432
2.156
1.667
1.592
1.452
1.979
2.008
1.874
2.921
2.910
2.177
1.930
2.373
2.398
2.226
3.058
2.016
2.010
2.015
2.073
2.059
3.121
2.679
2.749
1.843
2.214
2.819
3.254
3.122
3.357
2.877
2.148
1.844
1.557
1.440
1.579
2.181
2.148
2.399
1.553
1.235
1.335
1.563
1.599
0.801
1.779
1.843
2.666
3.402
2.821
2.615
2.475
2.978
3.156
3.143
2.290
2.200
1.863
1.921
2.390
2.077
1.734
2.325
1.884
2.183
1.767
2.606
2.270
2.233
2.957
2.643
2.810
2.458
2.264
1.912
2.256
2.265
2.542
2.888
3.101
2.627
2.333
2.105
3.126
2.922
2.587
2.249
2.517
2.901
3.930
4.265
3.806
3.152
2.737
2.155
2.628
2.218
2.787
3.144
2.180
2.578
1.978
1.968
2.055
2.851
1.965
2.128
3.193
3.384
2.777
3.670
3.094
2.556
1.626
2.076
1.993
2.418
2.185
2.180
2.326
1.941
1.312
1.399
2.357
2.661
3.055
2.895
2.186
2.437
2.800
3.560
3.731
3.780
3.195
3.676
3.345
3.240
2.839
3.243
2.970
2.809
2.761
1.964
2.874
3.005
1.884
2.952
3.352
2.833
2.850
2.669
2.425
2.929
2.263
2.822
2.692
2.938
2.133
3.046
2.713
2.455
2.657
3.283
2.598
3.632
2.858
2.331
2.940
2.399
2.524
2.904
2.681
2.976
2.896
3.014
2.707
3.033
3.116
3.711
3.114
2.865
3.180
3.307
1.578
2.881
3.258
3.250
3.268
3.234
3.223
2.822
2.178
2.815
2.361
2.510
3.215
2.675
2.309
2.335
2.834
2.923
3.445
3.469
2.490
1.436
2.322
2.825
3.674
2.635
2.136
3.003
3.604
3.342
3.156
2.336
2.602
2.046
3.210
3.344
3.006
2.771
3.860
2.351
2.628
2.599
1.700
2.299
2.622
3.568
3.278
3.643
2.474
1.900
4.141
5.236
3.400
3.278
2.633
2.527
1.917
1.489
2.656
3.368
3.602
4.515
4.810
3.733
3.238
4.151
3.881
3.791
3.093
4.181
4.408
4.897
4.005
4.109
4.948
5.185
5.274
4.109
4.748
3.654
4.150
4.262
4.566
4.443
3.488
4.377
5.517
4.453
4.365
5.362
4.328
4.809
5.397
5.338
5.493
5.480
5.362
4.827
4.724
4.918
4.628
4.257
4.239
4.401
4.671
4.284
4.519
4.257
3.676
3.649
3.393
2.786
3.163
4.053
2.944
4.074
3.332
3.271
3.191
2.983
2.817
3.223
3.386
3.143
2.272
3.037
2.811
2.631
3.393
4.694
5.287
3.274
3.217
3.766
4.152
4.194
3.316
2.455
3.365
3.653
3.587
3.939
4.651
4.818
3.400
4.090
3.966
4.261
4.163
3.926
3.324
3.384
3.913
3.578
3.263
3.556
3.381
4.245
3.809
3.436
3.131
3.719
2.274
2.899
3.364
2.952
3.095
3.769
3.499
3.273
2.497
2.028
2.510
2.758
2.783
2.691
2.393
3.440
4.290
2.819
3.474
2.789
2.885
2.164
2.268
3.070
3.444
3.047
3.399
3.276
3.159
3.899
4.150
4.510
3.203
2.188
2.200
2.749
2.553
2.452
1.971
2.341
2.509
2.370
2.458
2.476
2.246
2.910
3.579
3.510
3.489
3.101
1.932
2.363
3.606
3.854
2.009
1.581
2.012
3.269
3.053
3.288
2.600
2.095
1.824
2.155
1.842
1.582
1.798
1.903
2.186
2.092
1.271
1.744
1.401
1.391
1.986
1.508
1.646
1.481
2.076
2.190
2.539
2.404
0.943
1.024
1.639
2.842
2.549
2.683
2.523
2.456
2.583
3.208
3.088
5.412
3.578
1.950
1.498
1.181
2.109
1.931
1.660
1.928
2.306
2.121
2.525
2.273
2.417
1.005
1.030
2.126
2.401
2.417
2.396
2.027
2.410
2.402
2.243
1.578
2.221
1.564
2.013
2.062
1.949
1.608
2.163
2.413
2.548
1.832
2.820
1.586
2.611
3.316
3.379
2.402
2.125
2.048
2.233
1.768
1.227
2.162
3.293
2.691
2.724
3.008
3.568
3.457
2.813
2.612
3.025
3.208
3.301
2.039
2.101
1.912
2.438
3.054
3.144
3.875
3.738
3.180
2.681
2.470
2.876
3.175
2.729
2.843
3.043
2.410
1.070
2.624
2.776
2.503
1.327
1.815
2.040
1.407
1.987
3.594
3.498
3.548
3.141
2.714
2.778
4.036
2.139
3.944
2.402
2.618
1.974
2.765
2.830
2.140
2.211
2.511
2.780
3.272
2.918
3.389
2.409
1.740
1.531
1.437
2.094
2.295
2.743
3.821
3.622
2.490
3.225
3.239
2.004
2.668
3.141
3.064
2.679
2.720
2.495
2.853
2.602
1.708
1.554
1.367
2.082
1.869
3.348
3.592
3.603
3.514
3.291
3.238
3.012
3.617
4.527
4.625
3.965
3.704
3.514
2.472
2.643
1.945
1.553
2.361
3.924
4.483
3.765
3.886
3.042
2.584
2.328
2.897
3.770
4.563
4.646
5.339
4.284
3.828
3.574
3.345
3.641
3.442
3.438
3.740
3.744
3.269
2.707
3.130
3.149
3.648
4.438
4.348
4.287
4.109
4.182
4.060
3.338
3.393
3.191
3.965
4.134
4.083
4.356
3.852
3.768
2.978
3.030
3.503
4.808
5.822
6.400
6.938
6.535
5.956
5.356
4.929
4.450
4.487
4.584
3.599
5.106
5.594
5.359
5.595
4.067
2.920
2.796
2.053
2.412
3.513
3.993
3.282
1.613
2.641
3.267
3.089
3.928
4.639
4.627
4.400
3.629
2.349
2.386
2.521
3.224
2.944
3.282
3.061
2.514
2.617
2.021
3.026
2.981
2.344
2.686
2.901
3.603
4.241
4.675
3.882
3.820
3.170
2.812
1.858
2.495
2.953
2.481
2.194
2.917
3.024
3.262
4.274
3.511
3.627
2.900
2.182
2.561
2.296
2.459
2.697
2.681
3.904
3.310
3.612
2.859
3.057
2.936
2.282
2.288
2.253
2.537
3.050
2.387
1.839
2.509
2.413
2.582
2.718
2.543
2.527
2.523
2.433
1.575
1.471
1.527
1.195
1.009
1.471
2.194
2.480
2.617
2.580
2.816
3.050
3.343
2.605
2.697
2.494
3.222
2.180
1.907
2.031
2.033
2.723
2.951
2.867
2.973
3.127
2.586
2.433
2.070
1.904
1.749
1.617
1.457
1.965
1.546
0.918
1.642
1.904
1.856
1.524
2.519
2.030
2.374
1.990
2.416
1.466
2.779
2.254
2.013
1.419
1.594
2.748
2.980
2.575
2.961
1.803
1.490
1.505
1.405
1.470
2.000
1.863
2.317
1.463
1.148
1.769
1.763
3.012
2.796
3.166
3.057
2.735
2.580
2.682
3.129
4.669
4.240
1.790
1.980
1.663
1.356
1.502
1.291
1.694
2.158
2.219
1.625
2.010
2.730
2.924
3.422
2.890
1.229
1.582
2.062
1.855
2.857
2.478
2.494
3.105
3.100
3.046
3.134
3.576
3.785
3.134
2.279
2.416
2.612
2.102
1.736
2.772
2.653
2.218
2.131
2.275
3.524
3.366
1.804
1.306
2.461
1.615
2.571
2.635
3.417
4.051
3.486
2.188
3.252
3.692
3.047
3.131
2.733
3.078
3.162
2.827
1.854
2.819
3.378
2.087
1.875
1.391
1.986
2.481
3.529
2.647
2.757
2.621
2.760
2.189
2.509
1.411
1.741
2.815
3.339
3.566
3.437
2.621
2.773
3.112
2.716
2.788
2.404
2.150
1.809
2.065
2.911
1.579
2.142
2.389
3.079
2.171
1.994
2.573
3.504
2.326
2.334
3.239
2.506
2.588
2.647
2.890
2.594
2.432
3.080
1.486
2.446
3.542
2.682
2.789
3.721
3.239
2.735
2.211
2.638
3.246
3.001
2.645
3.257
2.786
1.660
1.293
2.468
2.785
1.458
3.222
3.638
3.479
3.094
3.304
3.059
2.565
1.359
1.775
1.843
3.293
3.410
3.228
3.583
2.874
2.876
2.764
2.667
2.495
3.079
2.377
2.647
2.595
1.947
2.186
3.016
2.943
2.266
1.473
2.106
3.404
3.165
2.556
2.329
1.770
2.447
1.919
2.144
2.898
2.759
2.017
1.471
2.629
3.027
2.578
4.043
4.293
4.601
3.923
3.930
3.101
2.943
3.809
4.035
3.830
4.378
3.897
3.654
3.140
3.224
3.049
3.888
4.508
5.323
5.622
5.311
4.445
3.833
3.726
3.784
3.605
3.891
4.177
4.422
5.186
4.569
3.266
1.586
1.706
1.499
2.962
2.120
3.193
2.302
2.865
2.625
2.653
3.604
4.083
3.791
4.070
4.139
4.087
4.728
5.346
4.957
4.848
4.276
4.713
3.605
3.325
3.776
3.501
4.099
3.381
3.326
3.003
2.906
2.801
2.076
2.343
1.607
2.653
3.394
3.295
3.721
2.923
3.428
3.138
2.196
1.846
0.973
2.978
3.067
4.398
3.636
3.620
4.246
3.096
1.731
2.369
1.780
2.264
2.656
2.386
2.370
2.878
2.578
2.223
2.067
2.171
3.009
3.343
3.406
3.766
3.994
3.246
3.006
3.098
2.780
3.452
3.226
2.431
2.337
2.212
1.761
1.582
1.226
1.761
2.352
2.833
3.364
2.796
1.950
1.381
1.337
1.025
1.666
1.864
2.000
2.855
3.232
2.934
3.132
2.693
2.611
2.189
2.205
2.188
1.474
1.728
1.911
2.562
2.559
2.580
2.704
2.435
2.724
2.529
2.052
2.754
2.092
2.176
2.350
2.018
1.880
1.486
2.146
2.087
2.374
1.859
1.802
1.870
1.579
1.579
1.420
1.904
1.992
1.734
1.949
1.630
1.414
2.248
1.203
1.160
1.470
1.602
1.232
2.129
1.899
1.722
1.816
2.352
2.114
2.158
2.235
2.020
2.252
2.399
2.761
2.385
2.164
1.582
1.464
1.544
1.114
1.785
1.403
1.875
1.266
1.865
2.578
2.565
1.632
1.080
1.535
1.265
2.264
3.174
3.613
2.740
2.366
2.603
2.600
2.392
2.721
2.764
2.660
2.523
3.106
1.844
1.365
1.560
1.527
1.824
1.952
1.572
2.821
3.093
3.074
2.626
2.244
2.290
2.689
2.752
2.024
2.383
1.900
2.384
2.533
2.824
1.787
1.584
2.094
2.297
3.034
2.978
2.845
3.387
3.760
4.107
2.512
2.768
2.984
2.450
2.515
2.340
4.127
3.424
3.212
2.925
2.895
2.752
2.150
3.141
3.374
2.774
2.175
2.943
4.131
3.661
2.174
2.459
2.570
2.438
2.818
2.350
3.914
3.492
2.781
3.360
2.798
2.650
2.881
2.459
2.653
3.343
3.800
3.926
3.658
3.282
3.030
3.495
3.269
2.974
2.249
3.587
3.011
2.423
2.448
3.340
3.017
3.209
3.061
2.780
2.610
2.592
3.915
2.477
2.734
2.974
2.802
2.548
3.141
4.226
2.470
3.383
2.651
2.319
3.561
3.220
3.444
2.502
2.580
2.011
3.222
3.221
3.115
3.136
3.019
2.214
2.004
1.848
2.112
2.744
2.674
2.850
2.687
2.278
1.912
2.455
3.062
3.635
3.353
3.583
3.829
2.904
3.168
3.552
3.829
3.716
3.612
3.419
3.261
3.365
2.840
3.494
3.250
3.075
3.396
1.884
3.128
2.641
3.455
3.035
3.170
3.027
3.047
3.469
3.619
2.841
3.377
3.343
3.893
3.568
3.222
3.001
2.226
1.595
2.954
3.431
3.386
3.605
3.604
3.408
3.574
4.231
4.116
3.505
3.600
3.494
3.743
3.676
4.277
4.845
4.935
4.669
4.228
4.389
4.917
4.923
4.972
5.445
5.296
5.170
4.418
3.473
2.040
3.731
3.509
3.604
2.905
1.776
1.495
2.232
3.157
3.654
3.792
4.659
5.463
5.881
5.752
5.556
4.999
4.399
4.728
5.351
4.619
3.494
3.450
3.854
3.759
3.310
3.330
3.466
3.280
3.984
3.645
3.310
3.771
4.400
2.883
2.353
3.055
3.410
3.188
2.577
2.528
2.599
3.697
2.594
3.265
3.884
3.285
3.587
3.001
3.369
3.603
5.127
4.474
3.613
3.336
2.887
3.915
3.583
3.385
2.616
3.260
3.822
3.547
3.270
3.055
2.968
2.866
3.799
3.701
2.714
2.216
2.255
2.090
2.075
2.714
2.878
2.618
2.483
2.698
2.348
1.982
1.734
1.453
0.998
1.103
0.856
0.977
1.572
1.707
1.770
1.951
2.489
3.373
2.768
1.589
1.486
2.270
2.306
2.138
2.583
2.626
2.397
1.919
1.393
1.265
1.447
1.596
1.498
1.993
1.946
1.878
1.383
1.288
1.664
1.738
2.156
2.316
2.185
1.728
2.242
1.812
1.159
1.504
1.279
1.148
1.511
1.597
1.779
1.457
1.574
1.407
1.638
1.979
1.466
1.990
2.027
1.768
1.888
2.480
1.241
2.239
2.542
3.356
2.569
2.119
3.355
3.319
4.135
3.892
3.407
3.413
2.984
2.968
2.392
1.780
1.963
3.002
2.255
2.659
3.032
2.554
2.542
2.297
2.694
2.884
2.992
3.232
2.680
2.142
2.551
2.154
2.366
2.475
2.574
2.082
2.563
2.400
3.285
3.196
2.974
3.111
2.953
2.923
2.219
2.465
2.354
1.802
2.178
1.728
1.795
1.899
2.138
2.688
3.234
2.373
3.000
2.715
3.135
3.390
3.621
2.841
2.908
2.835
2.669
2.342
1.947
3.059
3.137
3.436
2.556
3.024
2.427
2.403
3.362
4.138
3.834
3.056
3.017
2.612
1.729
1.971
2.018
2.079
1.876
3.644
3.742
3.677
4.214
3.776
3.769
4.433
4.532
3.973
3.165
3.117
2.995
3.035
3.387
3.079
2.480
2.712
3.111
2.550
3.312
2.593
4.124
4.118
3.606
3.541
2.468
2.854
2.964
3.525
2.707
5.138
2.199
2.775
2.929
3.201
3.579
2.322
3.230
3.411
3.441
3.692
2.787
2.766
3.744
2.649
2.335
2.379
2.550
2.674
1.890
2.032
2.535
2.935
2.418
2.662
2.956
2.951
2.842
3.986
2.576
2.641
1.682
2.791
2.676
2.654
2.658
3.153
3.381
2.461
2.793
3.154
3.337
2.686
2.240
2.607
3.876
3.188
3.055
2.804
2.270
3.062
3.103
3.023
3.340
3.164
3.067
3.210
3.683
3.655
3.953
3.865
3.257
2.975
2.785
2.180
1.652
2.337
2.128
2.653
3.798
3.520
3.307
3.236
3.407
3.394
3.644
3.917
3.799
3.923
3.443
3.328
4.134
4.233
3.981
4.219
3.169
2.395
2.591
3.194
4.238
4.073
3.791
4.075
4.177
4.499
4.506
4.864
4.995
5.394
5.034
4.445
4.950
4.170
4.282
4.314
3.673
2.868
2.171
3.660
3.699
3.523
2.309
2.618
2.292
2.819
2.041
1.399
2.280
3.347
3.290
2.341
2.392
3.056
2.358
3.295
2.913
2.893
3.108
3.156
3.596
3.553
3.805
3.253
3.466
3.426
3.370
1.747
2.208
3.285
2.784
1.955
1.938
2.181
2.653
2.564
2.874
2.456
3.085
3.384
3.796
2.814
2.854
3.318
3.374
3.236
2.721
2.261
2.228
1.743
2.280
3.555
2.982
3.475
3.756
3.026
3.411
3.061
2.156
2.504
2.151
3.017
2.600
2.673
2.501
3.048
3.504
2.711
2.302
2.037
2.274
2.136
1.914
2.300
3.114
3.293
4.434
4.011
3.478
4.238
3.447
3.479
3.859
3.002
2.540
2.573
2.420
2.447
1.871
2.107
2.360
2.621
2.573
2.405
1.911
1.484
1.467
1.414
1.581
1.118
1.057
1.579
1.856
2.558
1.899
2.156
2.162
2.450
2.971
2.674
2.297
2.429
3.422
2.604
2.008
2.345
2.408
2.266
1.163
1.673
1.878
1.912
2.711
2.475
2.177
2.208
1.299
0.976
2.115
2.327
2.417
1.554
2.013
1.643
1.375
1.802
2.321
2.269
1.527
2.612
3.214
3.386
3.121
3.084
2.010
1.225
1.243
1.273
1.436
0.859
0.577
1.449
2.087
2.319
2.268
1.731
1.443
2.399
3.116
1.988
1.681
1.550
1.831
2.933
2.631
3.048
2.532
2.146
2.080
2.275
2.843
2.519
2.148
1.885
2.044
2.663
3.299
3.537
2.957
2.065
2.241
1.652
1.947
2.772
2.384
1.980
1.685
1.882
2.253
2.083
2.599
2.106
1.377
1.759
1.698
1.579
1.397
2.221
2.301
2.515
2.656
3.211
2.874
2.269
2.636
2.727
2.600
3.313
3.633
2.333
3.015
2.802
2.451
2.251
2.471
2.026
3.340
3.653
2.545
3.179
3.691
3.861
3.244
2.990
2.570
2.824
3.973
3.039
4.274
3.610
3.442
2.107
3.199
2.874
2.801
2.571
3.253
2.571
2.193
2.203
2.742
2.673
2.484
2.122
2.074
1.866
2.825
3.334
3.395
2.507
2.680
1.646
3.517
3.304
3.738
1.767
2.132
2.602
2.580
2.181
1.717
2.442
1.485
3.185
3.636
2.768
2.479
3.014
2.719
2.740
2.121
3.027
3.748
2.537
1.742
2.453
2.403
2.441
2.952
3.144
2.233
2.415
2.641
2.592
1.571
2.828
3.470
2.618
2.564
3.781
3.130
2.639
3.092
2.759
2.763
2.580
3.327
3.670
3.588
3.428
3.716
3.811
2.443
2.271
2.947
3.427
3.868
3.230
3.224
2.787
3.065
2.560
2.830
3.090
3.443
3.314
3.548
3.653
2.774
2.155
2.407
1.996
2.472
2.969
3.242
3.030
2.928
2.378
2.673
3.911
4.106
3.738
3.768
3.242
2.627
1.984
2.455
3.171
3.042
3.975
4.049
3.678
3.382
3.560
3.967
3.660
2.841
2.398
3.095
3.714
3.866
3.849
4.183
3.511
2.580
2.210
1.903
2.665
4.478
4.931
4.453
3.605
3.415
3.171
3.704
4.102
4.372
4.170
4.244
4.424
3.831
3.686
3.980
4.346
3.811
3.459
3.480
3.827
3.488
3.168
4.118
5.025
5.657
5.787
5.651
5.512
4.683
4.681
4.802
5.263
5.348
4.858
4.493
4.357
4.604
4.759
4.614
4.513
4.339
3.958
3.578
2.739
3.004
2.465
2.857
2.595
2.463
2.640
2.822
3.094
3.813
4.181
4.687
5.279
4.152
2.968
2.707
2.732
2.908
2.005
2.059
1.762
