20000101
3.207
2.910
2.261
2.450
2.207
2.091
1.737
2.148
2.215
1.960
2.971
2.294
2.730
2.642
2.841
4.283
4.262
2.939
2.605
2.748
3.114
2.860
1.525
1.857
2.938
2.060
2.889
4.090
2.489
2.618
3.640
3.328
2.248
2.401
3.113
3.825
2.712
2.798
2.157
2.724
3.747
3.615
2.324
2.969
3.853
3.049
2.359
2.705
2.142
2.726
2.073
1.560
2.746
4.133
3.241
2.728
2.391
1.517
2.209
1.988
3.633
4.571
3.635
4.381
2.942
2.761
3.205
3.144
2.047
2.678
4.478
4.801
4.346
1.690
1.279
2.425
3.113
2.571
2.222
2.485
2.416
3.700
2.342
4.245
2.783
2.604
2.354
2.981
2.493
0.915
2.737
2.859
2.499
2.482
3.053
3.211
3.033
2.556
3.789
3.009
2.737
1.839
2.279
3.271
3.969
3.453
3.012
2.850
3.458
3.140
3.424
3.611
3.962
4.004
4.677
4.461
4.963
4.831
4.750
4.768
4.647
4.143
3.686
3.862
3.850
2.960
3.412
2.123
2.267
2.540
2.840
3.120
3.939
3.801
3.796
3.129
3.701
3.591
3.152
2.555
3.689
3.661
4.383
3.983
4.200
4.602
4.684
3.687
3.394
3.346
3.218
3.597
3.079
2.872
2.590
3.171
2.566
2.412
1.975
2.965
2.707
4.126
4.609
4.926
4.334
4.584
4.643
4.741
5.057
4.718
4.160
4.168
3.819
4.776
3.556
4.528
4.603
4.588
4.304
3.124
3.484
2.007
2.106
2.944
2.406
1.821
1.949
2.642
2.958
2.931
3.047
3.044
3.911
4.461
3.922
4.090
4.244
4.427
3.574
3.801
4.128
4.546
4.889
3.769
4.066
4.219
4.112
3.941
4.193
2.457
2.322
2.506
3.846
4.184
4.459
3.746
3.049
3.161
2.537
2.683
2.964
3.864
2.517
2.171
2.763
3.337
3.335
3.933
3.663
3.376
3.164
3.327
3.519
2.697
2.204
1.269
1.629
3.113
2.384
2.342
2.728
3.728
4.027
3.640
2.953
2.748
2.980
3.451
2.694
2.311
2.852
2.441
3.201
3.185
3.017
2.589
2.304
2.326
2.758
2.693
2.902
2.870
1.992
1.833
2.278
2.227
2.124
1.341
1.034
1.376
1.737
1.726
1.504
1.633
1.924
1.988
2.547
1.927
1.914
1.522
1.142
1.399
1.634
1.763
1.924
2.113
2.723
2.550
2.249
2.297
2.897
2.312
1.824
1.737
2.309
2.796
2.483
2.608
2.198
1.574
1.897
2.063
1.898
1.538
0.716
2.705
2.710
2.520
2.263
2.009
2.277
1.526
1.970
1.605
1.608
1.889
1.664
1.476
2.056
2.321
2.629
2.207
2.209
2.454
2.022
2.152
2.703
2.728
1.873
2.544
2.022
3.056
2.468
3.932
3.112
3.746
3.396
3.148
2.154
0.909
1.079
2.599
2.254
1.644
1.788
2.191
1.658
1.263
1.568
2.001
2.250
1.931
1.337
1.526
1.882
2.464
1.941
2.298
2.105
2.079
2.940
2.302
2.658
3.179
3.459
4.524
1.747
1.726
2.512
2.578
2.931
2.696
2.291
2.706
2.824
3.126
3.225
2.439
2.535
3.263
3.188
2.358
2.993
1.854
1.781
1.959
2.634
3.131
2.364
2.551
2.367
2.536
2.815
2.976
1.947
1.591
1.735
2.449
3.128
2.930
2.301
2.400
1.814
2.387
2.011
2.467
2.861
2.893
1.759
3.758
3.479
2.748
2.230
2.533
1.874
2.063
2.549
2.747
2.243
2.720
3.698
4.001
2.603
2.351
2.158
4.017
4.413
3.062
2.980
2.044
2.428
1.139
2.845
2.903
3.146
2.529
2.191
2.413
1.849
1.818
1.985
2.462
1.891
2.508
3.056
3.644
3.092
2.021
3.042
3.121
4.001
3.202
4.549
3.677
3.294
1.898
2.985
1.971
3.005
2.426
2.593
2.225
2.804
2.640
3.420
3.593
2.935
2.724
1.424
2.001
3.141
3.012
2.584
2.592
2.445
2.122
1.497
2.377
2.481
2.657
3.313
3.643
3.975
4.112
3.829
3.251
3.409
4.188
4.246
3.554
3.359
4.275
4.618
4.508
4.632
4.696
4.482
4.391
3.927
4.368
4.614
4.666
5.054
4.836
4.217
4.130
3.377
2.648
1.923
2.619
3.670
3.369
2.633
3.090
4.073
4.122
3.843
4.090
3.757
3.702
3.621
2.993
2.472
2.248
2.202
2.554
2.506
2.111
2.971
4.226
4.207
4.467
4.286
2.696
2.992
2.863
3.525
4.755
4.625
4.626
4.822
4.742
5.256
4.837
4.757
4.311
3.913
3.196
3.193
2.893
3.199
3.338
2.481
2.138
2.851
2.369
3.433
3.962
3.733
3.770
3.931
4.301
4.253
3.263
3.406
3.377
2.748
3.338
2.802
2.710
2.551
2.831
3.083
2.891
3.285
3.151
2.624
2.455
2.773
2.412
1.584
2.431
2.683
2.653
2.330
2.105
2.056
2.041
1.925
2.874
3.131
2.918
2.591
3.259
3.544
2.931
3.224
2.685
2.803
2.526
2.505
2.626
2.634
3.491
3.615
3.679
4.006
4.197
3.773
3.175
2.828
2.713
3.196
3.497
2.771
1.486
2.157
2.517
2.732
2.689
1.951
1.971
1.670
1.929
1.709
1.406
2.029
2.283
2.227
1.952
2.187
1.725
1.861
2.386
1.566
1.424
1.699
1.822
2.189
2.557
1.895
2.199
2.296
1.959
1.624
2.812
3.112
2.437
1.923
1.590
1.746
1.105
1.980
1.844
1.130
1.680
2.157
1.895
1.473
1.196
0.780
2.631
2.043
1.494
1.353
1.199
1.428
2.452
1.972
1.616
1.874
1.147
1.897
1.668
1.704
1.827
1.577
2.522
3.193
2.787
2.762
3.131
3.094
2.148
1.871
2.190
2.344
2.549
2.916
2.970
2.216
2.141
1.854
2.288
2.513
2.391
2.255
2.494
2.652
3.000
2.630
2.537
1.982
1.310
0.988
1.594
1.536
1.078
1.658
1.979
1.679
1.765
2.257
2.493
2.245
1.812
2.558
2.552
2.066
3.374
3.106
2.785
2.393
2.169
2.586
2.791
1.928
2.709
2.933
2.371
2.648
2.086
2.712
2.829
3.119
2.798
3.881
3.088
3.288
2.804
2.763
1.804
1.701
2.144
2.439
3.158
3.945
2.797
2.927
3.010
2.927
3.022
2.903
1.733
2.364
3.506
2.807
3.175
2.944
3.399
3.793
2.848
2.602
2.006
2.842
3.685
3.343
2.776
2.887
2.496
4.159
5.172
3.265
3.205
3.286
2.834
2.231
2.343
2.186
3.069
2.610
2.193
2.161
2.167
3.314
2.944
2.768
3.410
2.874
2.066
2.103
3.980
2.998
2.500
2.715
2.580
2.125
2.857
3.425
2.454
2.560
3.618
2.592
3.834
1.621
1.470
1.933
1.989
2.458
2.463
2.169
2.592
2.970
4.058
3.999
1.972
2.290
1.715
2.080
2.213
2.628
3.625
3.644
1.854
2.034
2.478
2.840
3.740
2.680
2.514
3.122
2.900
2.635
3.257
3.728
3.982
3.861
3.130
3.480
2.327
3.207
3.460
3.842
4.087
3.689
3.858
2.518
1.855
3.801
3.370
2.299
3.407
3.513
2.852
3.003
2.894
3.592
3.758
3.685
4.610
5.557
5.712
4.915
4.756
4.624
4.223
4.272
5.652
5.907
6.367
6.012
4.925
4.436
3.985
4.298
5.037
5.117
5.339
5.051
4.435
3.144
3.129
3.789
3.205
3.163
2.715
3.133
3.874
4.489
4.340
3.705
3.626
3.870
4.157
3.863
3.537
2.705
2.917
3.305
3.418
3.535
3.421
4.108
3.305
3.428
5.484
4.362
2.861
2.319
3.481
4.095
4.009
4.098
4.609
4.955
5.017
5.004
5.035
4.828
4.733
4.551
4.167
4.017
4.475
5.051
4.864
4.561
4.226
4.327
4.500
3.851
3.730
5.168
4.043
3.564
4.261
3.918
3.480
3.136
3.922
3.626
3.534
2.808
2.667
2.706
2.796
2.923
3.400
2.655
2.762
3.396
3.158
2.996
3.188
4.196
3.864
3.944
3.865
4.133
3.380
3.606
3.741
3.572
2.826
2.752
3.674
2.861
2.454
2.993
2.742
2.948
3.712
3.248
3.370
2.882
3.109
3.598
3.324
3.056
3.562
3.601
3.754
3.525
4.065
3.917
3.961
3.606
2.449
2.506
2.947
2.979
1.770
1.451
1.391
1.991
2.541
3.570
3.533
2.179
2.446
2.406
1.552
2.055
1.584
1.190
1.574
2.195
1.663
1.468
0.792
1.485
2.353
2.395
2.843
2.088
2.202
2.617
2.440
2.959
3.012
2.204
2.440
2.898
2.798
2.732
1.852
1.925
1.727
2.617
2.733
1.766
1.938
1.943
1.535
1.066
1.577
1.416
2.164
1.521
1.379
2.932
2.254
2.366
2.697
2.680
3.011
1.722
1.887
1.668
1.691
1.465
2.602
2.195
1.958
0.887
1.379
1.432
1.542
2.008
1.701
1.772
2.004
2.060
2.093
2.049
2.357
3.065
2.728
1.467
1.847
2.081
2.118
2.042
2.129
1.411
1.924
1.872
1.801
2.389
2.538
2.441
1.947
2.187
2.620
2.057
2.013
2.092
2.977
2.918
2.144
2.117
2.012
2.466
2.450
1.939
4.102
3.233
2.935
2.512
3.118
2.509
2.626
1.718
3.193
4.092
3.316
2.911
2.649
2.578
3.087
2.679
2.875
3.223
3.434
2.671
2.991
2.080
2.402
2.366
2.450
1.458
3.038
4.282
3.521
2.551
2.291
3.560
2.257
3.172
3.240
2.914
2.697
3.088
2.849
2.513
1.954
2.550
3.314
3.493
2.888
2.531
2.782
3.393
3.236
5.791
4.799
1.930
2.832
2.093
2.549
2.766
1.984
1.612
2.560
2.813
3.139
3.644
3.777
3.798
3.204
2.023
2.243
2.645
2.504
2.704
2.510
3.000
2.492
2.047
2.040
3.275
2.275
3.007
2.935
1.864
1.350
2.423
2.887
2.360
2.118
2.107
2.923
1.358
3.407
3.770
2.619
2.764
2.782
4.201
4.377
2.892
1.999
3.364
1.900
2.163
2.455
2.398
3.992
3.469
3.246
3.654
3.625
2.859
4.151
4.257
3.118
2.593
2.710
2.773
3.509
3.428
3.106
3.435
2.329
2.164
3.110
3.071
4.558
5.154
4.053
3.439
3.797
3.895
2.546
1.914
1.845
2.398
3.306
3.673
3.733
3.001
3.889
4.624
4.787
5.239
5.079
5.499
5.243
4.918
4.342
4.521
4.217
4.720
4.038
3.588
3.269
4.051
3.874
3.612
3.914
5.088
5.412
6.074
5.965
5.720
5.208
4.959
4.516
4.227
4.137
2.850
2.614
2.707
2.130
3.269
3.029
4.035
4.063
3.911
3.717
4.570
3.501
3.323
3.331
3.002
3.680
3.811
2.754
1.741
1.853
2.425
2.665
2.714
3.346
3.453
4.160
4.056
4.348
3.274
2.551
2.717
2.466
2.554
2.279
2.498
3.342
3.910
4.086
4.003
3.703
3.743
3.388
2.662
2.751
3.424
3.006
3.261
3.932
2.956
2.764
3.119
3.028
2.511
1.465
1.629
2.173
3.151
3.118
3.013
3.185
2.322
3.021
3.328
3.526
3.690
3.918
3.050
2.911
2.027
2.051
3.445
3.794
3.885
3.276
3.132
3.060
3.028
3.143
3.020
3.288
2.853
2.692
3.061
3.133
3.402
3.430
3.928
3.351
3.393
3.202
3.422
3.002
3.128
3.123
2.604
2.917
2.666
3.386
2.892
2.464
2.627
2.752
2.877
2.125
2.081
2.276
1.357
1.341
1.440
2.059
1.203
1.718
2.075
2.384
2.697
2.580
2.422
1.741
2.296
1.885
0.906
1.103
1.514
2.278
2.030
2.250
2.145
1.246
1.970
2.127
2.476
2.388
1.724
1.729
1.833
2.723
3.118
2.676
2.286
2.131
1.865
1.932
2.172
2.719
2.284
2.173
2.398
1.899
1.430
1.249
1.895
2.418
2.797
2.513
1.903
1.868
1.307
1.662
2.274
1.503
2.279
1.454
1.149
1.917
1.727
2.022
2.119
1.402
1.596
1.495
1.981
2.218
2.164
2.339
1.507
1.225
1.755
1.663
1.859
1.265
3.135
3.873
2.915
2.177
2.216
2.709
2.583
2.361
2.624
2.802
2.595
3.026
2.500
2.366
2.284
2.120
2.796
3.810
3.634
3.019
2.303
1.768
1.458
1.795
3.333
4.134
4.633
3.998
3.486
2.927
2.521
2.459
2.616
1.942
1.616
1.088
2.038
2.662
2.261
2.078
2.989
3.360
3.147
2.181
2.835
2.802
2.045
3.075
4.054
2.968
2.938
2.499
3.203
3.617
3.149
3.233
2.810
2.472
2.613
3.021
3.136
2.704
2.987
3.867
3.542
2.100
2.505
2.468
2.869
2.569
1.881
0.827
2.117
2.152
2.443
1.381
1.822
1.818
2.829
2.435
2.546
2.135
2.422
2.070
1.743
2.676
2.990
2.743
3.331
2.613
1.841
1.494
2.044
1.374
1.959
2.492
1.501
1.841
3.070
3.490
2.767
2.433
3.048
3.476
3.383
3.258
3.215
2.720
2.318
2.138
2.610
2.846
3.260
2.766
2.846
2.770
3.520
3.318
3.739
4.111
3.336
2.800
3.363
3.333
3.938
4.233
4.453
4.177
4.637
4.062
3.523
2.987
3.231
3.703
2.994
2.245
2.074
2.677
3.777
4.005
3.870
4.458
2.543
1.489
1.814
1.715
2.383
2.795
3.497
2.154
2.974
3.492
2.622
3.158
4.335
4.057
3.199
3.077
3.996
5.250
5.059
5.634
5.458
5.698
5.495
4.308
3.782
3.886
3.642
3.451
3.016
2.977
3.643
3.719
3.657
4.212
4.378
4.570
3.776
2.662
2.187
1.804
1.377
1.774
3.043
2.912
3.141
1.914
2.393
3.566
4.265
4.919
4.769
5.578
5.568
5.580
5.085
4.471
3.879
3.482
3.890
3.760
3.422
3.709
2.450
2.220
1.788
1.991
3.036
2.905
3.454
3.766
3.781
3.557
4.376
3.704
3.881
3.373
2.636
1.787
2.918
2.920
3.257
3.370
3.721
2.532
3.782
3.081
3.261
2.838
2.781
3.154
2.489
3.297
3.068
2.622
1.833
1.662
2.459
2.785
3.021
3.210
3.295
2.726
3.256
3.559
2.931
2.978
3.830
4.079
2.676
2.562
2.716
2.997
2.786
3.746
4.726
3.642
3.723
3.758
3.922
3.515
3.431
3.244
3.085
2.491
1.994
2.255
2.036
1.704
1.945
2.140
2.130
2.623
2.906
2.665
1.905
1.938
2.416
2.392
1.638
1.663
1.721
2.297
2.444
2.181
1.129
1.258
1.319
1.330
1.654
1.062
1.232
1.431
1.538
1.538
1.754
1.263
1.402
2.293
2.170
2.490
1.850
1.820
1.343
1.467
1.438
1.520
1.761
1.515
1.669
1.898
1.540
1.961
2.062
2.130
2.340
2.265
2.366
1.633
1.917
2.000
1.913
1.354
2.113
2.514
2.174
2.536
2.182
3.010
3.225
2.797
2.374
2.283
2.556
2.575
1.640
1.383
2.017
2.097
1.712
1.550
2.000
1.041
1.443
1.920
1.585
1.903
2.108
1.720
1.896
2.184
1.927
1.679
1.829
1.964
1.166
2.515
2.727
2.574
1.894
1.732
2.712
2.507
2.112
2.457
2.981
3.046
2.554
2.193
2.014
1.958
2.429
2.002
2.508
2.233
1.162
2.623
1.926
2.038
3.438
3.150
3.463
3.395
2.926
3.643
3.675
2.163
2.225
2.098
3.284
2.935
2.310
3.523
2.395
2.263
3.217
2.703
3.044
2.296
1.872
2.128
2.770
3.288
2.869
3.497
3.617
3.237
2.320
3.024
2.566
3.219
2.843
2.642
1.309
2.128
2.997
3.220
2.623
2.359
3.085
2.506
2.187
2.654
2.286
1.751
2.990
3.392
2.780
2.566
2.203
2.288
4.331
4.229
4.948
3.818
2.962
2.382
3.260
3.243
3.341
2.539
1.686
2.458
1.771
2.466
1.728
1.938
2.812
2.854
2.890
2.665
2.670
2.145
2.889
2.936
2.534
2.563
1.824
1.839
1.816
2.315
2.295
2.836
2.923
2.909
3.712
3.629
3.162
3.035
1.688
2.844
4.027
2.930
3.316
3.558
3.093
2.958
2.418
2.497
1.787
2.047
1.918
3.771
3.519
2.793
2.686
2.288
2.686
2.924
2.617
3.319
2.981
2.817
2.284
2.349
2.066
3.489
3.738
2.970
2.322
2.768
2.183
3.520
3.432
3.867
2.861
2.128
2.783
2.908
2.347
2.486
2.340
3.635
3.351
3.901
3.625
3.214
3.207
3.486
3.477
3.619
3.560
4.226
4.026
3.227
3.363
3.490
4.406
3.371
3.378
3.454
3.529
2.746
2.700
3.406
1.577
2.481
2.729
3.400
4.462
3.613
3.682
3.657
3.922
3.325
3.513
3.014
4.186
4.313
3.735
3.007
3.622
3.605
3.509
2.489
2.941
2.314
3.246
3.392
3.392
4.242
2.993
3.158
3.579
2.481
2.281
2.776
3.415
3.717
2.975
3.359
3.840
4.121
4.400
3.767
3.218
3.062
3.093
2.454
3.482
3.433
2.873
3.474
2.755
2.468
2.850
3.172
3.871
3.719
3.871
3.708
3.871
2.439
3.506
3.602
3.046
2.168
1.733
3.025
3.262
2.662
2.651
3.029
3.577
3.169
2.275
2.468
2.517
2.346
2.634
2.016
2.338
2.161
1.697
2.170
2.811
3.043
2.888
2.853
2.700
2.933
3.268
3.483
2.484
2.465
1.778
2.262
2.259
2.246
1.951
1.754
2.823
0.984
1.441
1.494
1.576
0.929
0.929
1.311
1.264
1.796
2.130
2.775
2.298
3.273
4.054
4.920
2.455
1.639
2.190
1.057
2.355
3.812
3.424
2.501
2.139
1.748
2.250
1.661
2.133
2.335
1.800
1.842
1.205
1.380
1.596
1.100
1.443
1.984
1.827
1.945
2.768
3.070
3.144
3.056
2.466
3.094
3.216
2.202
2.137
2.641
2.410
2.313
2.062
2.067
3.085
2.270
2.281
1.692
1.844
1.399
2.255
1.578
2.436
2.776
2.436
1.928
2.623
2.493
2.346
2.083
1.723
0.853
1.899
1.914
1.535
1.834
1.194
1.805
2.320
1.868
2.336
1.818
1.936
2.107
2.491
2.078
1.176
1.521
1.622
1.994
2.408
2.467
3.209
2.587
2.217
2.147
2.326
2.527
2.883
3.049
3.106
2.405
2.781
2.947
3.025
2.897
2.746
2.738
2.227
1.631
2.707
2.992
3.588
3.246
2.735
2.134
1.188
2.191
2.253
1.689
3.768
3.176
2.047
3.353
3.285
3.156
3.480
2.841
2.314
2.302
2.330
1.572
2.008
2.519
2.829
2.817
3.089
2.671
2.506
2.480
2.437
3.479
2.605
2.527
3.154
2.928
2.879
2.313
2.235
2.977
2.798
2.703
2.719
2.672
2.568
2.030
1.974
1.813
1.570
1.207
1.534
1.826
2.034
2.435
2.332
3.391
3.139
2.479
1.641
1.930
2.095
2.049
2.440
2.319
2.121
1.787
2.779
2.981
3.164
2.267
2.154
3.466
3.253
1.660
1.693
1.826
2.559
3.160
2.431
2.023
1.584
1.626
2.142
1.851
2.513
2.134
2.763
2.986
2.740
2.279
2.446
1.604
2.807
3.167
3.273
2.174
2.062
3.102
2.563
2.399
3.474
3.475
2.914
3.055
2.936
2.859
3.337
2.848
3.477
3.271
2.778
3.266
2.563
2.602
2.761
2.263
3.108
2.888
2.247
2.187
2.809
2.855
3.649
3.017
2.567
2.925
3.268
3.200
3.618
4.130
3.667
3.689
3.449
2.548
2.013
3.534
3.700
3.667
3.689
4.194
3.917
3.273
3.772
3.893
3.984
3.336
2.823
2.796
4.339
4.911
5.038
3.948
4.314
3.854
4.074
4.660
4.307
4.287
4.156
3.259
2.399
2.933
4.098
4.895
3.694
4.561
4.461
4.283
4.245
4.393
4.511
4.194
4.824
4.769
4.015
3.453
3.730
3.289
2.634
1.956
2.154
2.674
2.526
2.853
2.072
1.493
2.108
2.144
3.024
3.101
3.555
2.368
2.544
3.006
2.791
2.641
3.500
3.703
3.672
3.819
3.751
3.821
3.322
3.157
4.235
3.318
2.911
2.999
2.994
4.448
2.510
2.064
2.315
3.685
3.247
2.726
2.961
3.218
2.893
2.607
2.821
3.406
3.767
3.131
2.910
2.775
2.005
2.494
2.383
3.735
3.467
4.182
3.698
2.089
2.094
2.515
2.401
2.022
1.686
3.479
4.186
3.458
2.821
2.691
2.776
3.034
2.234
2.971
3.749
2.799
2.974
3.346
3.874
3.309
2.097
1.770
2.321
2.475
2.949
2.928
2.057
1.113
0.924
1.127
1.098
1.129
1.174
1.993
1.547
1.092
0.711
1.277
1.484
2.015
2.198
1.956
2.072
2.298
2.319
2.260
2.068
2.823
2.845
2.524
1.383
1.343
1.403
2.078
2.415
2.082
1.499
1.758
1.498
1.300
1.617
1.552
1.220
1.162
1.354
1.295
1.760
1.499
2.174
1.642
1.726
1.486
2.187
2.339
2.352
2.149
2.863
2.946
2.576
2.714
3.047
2.592
2.551
1.865
1.690
2.043
1.476
1.720
2.118
2.685
2.709
2.391
1.726
2.393
2.550
2.299
2.471
2.329
1.620
0.836
1.707
2.047
1.015
1.784
2.292
2.351
2.619
1.886
2.070
1.228
2.768
2.352
2.951
2.710
1.991
2.554
1.829
1.698
1.872
2.140
2.380
2.652
2.832
2.353
2.042
2.557
3.324
2.498
2.692
2.802
2.374
2.798
2.870
2.983
2.922
2.289
2.606
3.225
2.916
2.355
2.213
2.265
1.508
1.614
2.325
2.016
2.647
3.310
3.304
2.740
1.564
2.519
2.509
2.905
3.065
2.233
1.928
3.975
2.990
2.474
2.495
2.661
2.778
3.431
3.645
3.159
2.589
2.138
1.772
3.638
2.389
2.785
2.202
3.131
2.884
2.709
1.905
2.921
1.913
1.481
3.482
4.129
4.985
3.805
4.605
1.649
2.798
2.115
2.407
2.153
1.810
2.465
2.481
1.526
2.167
2.392
3.023
2.226
1.938
3.124
3.590
2.513
2.976
2.338
2.481
2.385
2.888
2.392
2.484
3.047
2.589
2.988
2.492
2.848
3.371
2.612
1.881
1.663
2.638
3.601
3.434
2.733
2.964
2.794
3.132
2.281
2.191
1.815
1.436
1.207
2.295
3.734
3.369
2.868
2.313
1.770
1.990
3.447
3.208
2.987
2.600
2.974
3.577
2.885
2.469
2.187
2.583
1.752
2.175
2.459
1.638
3.249
4.252
4.135
2.602
3.279
3.125
3.346
3.312
2.918
3.821
3.442
3.446
3.601
4.742
2.601
3.224
3.255
3.912
3.402
3.785
4.157
4.412
4.112
4.688
5.131
4.362
3.731
3.825
4.121
4.597
4.410
3.834
3.644
3.952
4.240
3.580
3.307
3.730
3.075
2.372
2.035
2.332
3.516
3.283
2.734
2.283
4.277
4.074
4.292
4.906
5.666
5.345
4.766
3.705
2.636
2.793
2.166
2.134
3.276
3.083
2.164
1.953
2.041
4.025
4.650
3.710
3.163
3.987
2.724
1.821
3.162
1.446
5.310
6.639
4.745
4.219
4.582
4.252
3.042
4.017
3.340
2.185
2.885
2.770
2.557
2.474
2.385
2.344
2.453
2.925
3.092
3.151
2.673
2.024
1.142
1.716
1.926
1.881
2.171
2.388
1.802
1.608
2.341
2.344
2.502
2.779
2.661
2.398
2.477
3.329
3.548
3.109
2.598
3.308
3.858
3.821
3.405
3.338
3.391
3.286
2.432
3.137
2.745
1.985
1.900
1.393
1.779
1.526
0.785
1.633
1.672
1.638
1.955
1.685
1.486
1.875
2.515
2.252
2.463
2.278
2.361
2.240
2.242
1.612
1.675
2.194
2.641
2.593
2.278
1.716
1.733
1.844
1.750
1.273
0.709
1.159
1.721
1.622
1.721
1.434
0.886
2.075
2.029
1.497
1.631
1.679
2.709
2.605
2.324
2.537
2.101
1.858
1.452
1.624
0.983
1.743
1.741
1.896
1.246
1.407
1.911
2.037
1.225
0.925
0.800
1.363
1.867
2.253
2.710
2.611
2.444
2.290
3.037
3.061
2.639
2.075
1.807
1.578
1.042
1.384
1.473
1.371
1.664
1.810
1.030
1.697
2.619
1.825
2.606
2.406
2.141
1.892
2.458
2.987
2.115
2.330
1.950
2.441
2.493
2.325
1.840
1.654
1.969
1.870
2.356
1.224
1.095
2.724
3.212
3.046
2.487
2.388
2.390
2.307
2.170
2.341
2.911
3.306
3.492
3.071
3.442
2.831
2.524
2.527
2.543
2.449
1.726
2.274
2.297
1.634
1.980
1.871
2.027
2.250
3.168
2.957
2.025
3.660
2.862
3.163
2.596
3.015
2.885
1.507
2.295
2.781
2.889
2.791
3.149
2.738
2.369
2.878
3.101
2.285
2.394
3.298
2.960
1.913
2.913
3.367
2.914
2.245
2.678
3.237
2.860
2.602
3.012
3.271
3.064
2.484
2.307
2.443
2.514
3.247
3.943
2.971
3.058
4.014
3.636
3.221
2.606
2.568
1.921
1.917
2.945
2.070
2.223
2.556
2.568
2.729
1.840
2.574
2.343
2.428
1.911
1.747
2.228
2.427
1.952
2.278
2.105
2.257
2.753
2.225
3.055
2.580
3.246
3.386
3.167
2.422
1.051
2.306
2.588
3.304
2.520
2.033
1.824
2.594
3.376
2.547
1.204
1.513
2.257
2.277
2.844
2.713
3.290
3.112
3.593
2.330
2.352
2.347
2.804
2.056
1.223
1.019
2.264
2.716
3.565
3.662
3.434
3.624
3.048
3.158
3.161
2.753
3.236
2.924
3.109
2.132
2.744
3.262
3.614
3.376
4.070
3.993
4.023
4.307
4.484
4.648
4.595
4.327
4.218
4.068
4.328
3.831
3.724
3.886
3.863
4.824
5.144
5.334
5.644
5.701
4.898
4.665
4.810
4.833
4.282
3.897
3.685
3.526
4.401
4.275
4.521
4.086
3.920
4.325
3.228
3.213
3.475
4.382
3.671
3.109
2.824
1.909
1.529
3.085
3.856
3.619
3.852
4.153
4.474
4.576
5.386
5.099
3.736
4.087
4.068
4.286
4.809
4.225
3.618
3.309
3.021
3.007
2.130
2.668
3.475
3.237
3.540
3.670
4.764
4.236
4.154
3.277
2.536
3.595
3.968
3.591
3.235
3.435
3.580
3.289
2.689
2.910
2.736
3.125
3.044
2.708
2.975
2.875
3.051
3.707
2.408
1.707
2.734
2.607
3.007
2.785
3.003
2.795
3.045
3.871
4.086
3.132
3.113
2.616
2.719
3.316
3.035
3.475
3.172
2.607
2.837
2.448
2.809
2.910
3.072
2.592
2.100
2.151
1.765
2.547
2.264
2.484
2.354
2.248
2.049
1.550
1.661
1.360
1.956
1.902
1.798
2.698
2.514
2.168
1.666
2.160
2.151
1.482
2.748
1.957
2.042
1.818
1.996
1.993
3.010
2.452
2.472
1.652
2.026
2.510
3.002
2.833
3.066
2.663
2.102
1.596
1.593
1.730
1.459
2.176
1.962
2.328
1.553
1.281
1.364
1.551
1.562
0.886
1.530
1.455
2.363
3.191
2.646
2.556
2.318
2.794
2.879
2.986
2.146
1.951
1.711
1.917
2.344
2.006
1.690
2.240
1.789
2.094
1.624
2.490
2.269
2.048
2.750
2.440
2.630
2.352
2.102
1.947
2.046
2.130
2.230
2.571
2.860
2.637
2.152
2.101
2.963
2.712
2.423
2.040
2.497
2.748
3.634
3.976
3.537
3.249
2.737
1.981
2.497
2.046
2.651
3.013
2.130
2.543
1.933
1.569
2.106
2.474
1.776
1.944
3.256
3.443
2.742
3.510
2.927
2.483
1.539
2.044
1.869
2.305
2.037
2.049
2.119
1.805
1.280
1.417
2.130
2.592
2.954
2.683
1.939
2.162
2.535
3.282
3.585
3.652
3.106
3.339
2.943
3.190
2.685
3.182
2.970
2.712
2.321
1.873
2.809
2.719
1.773
2.671
3.217
2.692
2.594
2.462
2.192
2.551
2.143
2.657
2.513
2.805
1.986
2.644
2.420
2.171
2.441
3.179
2.347
3.322
2.587
2.182
2.730
2.117
2.288
2.592
2.428
2.712
2.717
2.874
2.583
2.908
2.701
3.331
2.779
2.602
2.847
3.047
1.741
2.674
3.098
2.909
2.906
2.970
2.905
2.473
1.840
2.370
2.144
2.385
2.824
2.510
2.223
2.126
2.583
2.613
3.098
3.068
2.435
1.428
1.987
2.312
3.375
2.363
1.982
2.845
3.280
2.961
2.849
2.157
2.684
1.738
2.962
3.215
2.754
2.725
3.566
2.162
2.524
2.415
1.435
2.575
2.593
3.472
2.783
3.367
2.233
1.774
3.834
4.875
3.098
2.997
2.498
2.482
1.679
1.348
2.616
3.146
3.441
3.969
4.207
3.321
3.073
3.774
3.525
3.342
2.777
3.764
4.046
4.580
3.724
3.973
4.759
5.066
5.044
3.919
4.192
3.404
3.978
3.970
4.171
3.903
3.458
3.995
5.160
4.225
4.155
5.097
4.455
4.669
5.243
5.137
5.180
5.240
4.991
4.589
4.415
4.737
4.384
3.905
3.978
4.137
4.411
4.199
4.566
4.205
3.484
3.166
3.216
2.947
2.977
3.897
2.745
3.852
3.043
3.175
2.851
2.564
2.680
3.188
3.163
3.115
2.326
3.031
2.740
2.673
3.372
4.589
5.014
3.138
2.883
3.404
3.784
3.674
3.221
2.057
3.021
3.471
3.279
3.465
4.095
4.433
3.134
3.924
3.711
3.983
3.829
3.652
3.112
3.192
3.502
3.264
2.846
3.107
3.310
4.039
3.562
3.261
3.120
3.497
2.136
2.666
2.915
2.465
2.733
3.545
3.370
3.143
2.395
1.989
2.471
2.689
2.674
2.578
2.423
3.216
3.982
2.727
3.040
2.485
2.872
2.105
2.108
2.693
3.402
3.145
3.258
3.009
2.832
3.694
4.171
3.962
3.067
2.108
2.075
2.505
2.375
2.299
1.830
2.174
2.363
2.293
2.363
2.322
2.114
2.685
3.284
3.234
3.331
3.033
1.927
2.155
3.168
3.505
1.820
1.531
1.910
3.024
3.001
3.082
2.306
1.943
1.643
2.055
1.648
1.339
1.606
1.662
1.989
1.953
1.306
1.558
1.268
1.347
1.898
1.615
1.627
1.516
2.112
2.152
2.443
2.303
1.061
0.954
1.518
2.795
2.382
2.494
2.125
2.265
2.292
3.045
3.213
5.232
3.259
1.878
1.359
1.353
1.927
1.827
1.669
1.903
2.239
2.102
2.430
2.194
2.471
1.136
1.147
2.123
2.400
2.374
2.326
1.949
2.308
2.434
2.231
1.688
1.936
1.486
1.753
1.783
1.847
1.437
2.094
2.404
2.411
1.495
2.468
1.749
2.488
3.186
3.377
2.083
1.928
1.934
2.021
1.751
1.095
2.123
3.051
2.589
2.509
2.771
3.596
3.473
2.785
2.227
2.852
3.077
3.228
1.912
2.045
1.893
2.301
3.255
2.829
3.690
3.604
3.043
2.556
2.282
2.742
3.156
2.643
2.902
3.110
2.104
1.173
2.622
2.657
2.513
1.130
1.657
1.824
1.209
1.863
3.317
3.503
3.561
3.278
2.775
2.664
3.851
1.835
4.230
2.285
2.115
1.875
2.562
2.530
2.116
2.135
2.266
2.632
3.257
2.469
3.117
2.097
1.620
1.167
1.311
1.903
2.002
2.485
3.514
3.318
2.351
2.993
2.874
1.969
2.491
2.941
2.953
2.466
2.350
2.457
2.743
2.313
1.521
1.383
1.261
1.766
1.776
3.006
3.272
3.250
3.173
2.936
2.864
2.557
3.294
4.098
4.287
3.700
3.516
3.142
2.246
2.443
1.811
1.637
2.184
3.618
4.146
3.421
3.567
2.722
2.439
2.158
2.681
3.499
4.123
4.351
4.991
3.960
3.484
3.298
3.127
3.346
3.101
3.183
3.379
3.383
2.901
2.567
2.866
3.097
3.304
4.121
4.008
3.869
3.826
3.852
3.829
3.015
3.041
2.866
3.678
3.826
3.814
3.994
3.607
3.386
2.966
3.088
3.775
4.614
5.414
6.036
6.540
6.228
5.709
5.031
4.596
4.246
4.262
4.136
3.090
4.912
5.296
5.025
5.299
3.875
2.681
2.634
2.286
2.854
3.712
3.807
3.113
1.646
2.493
2.984
2.884
3.768
4.516
4.549
4.237
3.742
2.458
2.310
2.656
3.342
2.887
3.257
3.279
2.577
2.671
2.075
2.740
2.837
2.191
2.452
2.686
3.293
3.911
4.119
3.544
3.698
3.044
2.538
1.811
2.425
2.790
2.398
2.194
2.823
2.828
3.061
4.106
3.038
3.393
2.703
2.018
2.418
2.068
2.223
2.491
2.526
3.696
3.054
3.344
3.080
2.842
2.759
2.211
2.026
2.073
2.459
2.828
2.284
1.716
2.380
2.182
2.432
2.572
2.365
2.376
2.316
2.214
1.541
1.548
1.395
1.127
1.068
1.609
1.982
2.417
2.434
2.313
2.561
2.797
2.991
2.189
2.548
2.457
3.028
2.175
1.898
1.923
1.937
2.504
2.771
2.533
2.717
2.815
2.384
2.292
1.935
1.760
1.609
1.469
1.332
1.972
1.407
1.036
1.623
1.894
1.919
1.513
2.487
1.946
2.337
1.973
2.121
1.817
2.483
2.219
1.952
1.223
1.528
2.435
2.768
2.255
2.800
1.642
1.530
1.291
1.405
1.557
1.950
1.612
2.193
1.231
1.232
1.272
1.696
2.891
2.710
3.056
2.931
2.639
2.364
2.480
3.002
4.385
4.310
1.853
1.720
1.619
1.420
1.544
1.394
1.700
1.964
1.997
1.643
1.719
2.553
2.903
3.340
2.688
1.329
1.511
1.729
1.747
2.661
2.360
2.442
3.065
2.841
2.809
2.942
3.298
3.424
2.883
2.188
2.124
2.454
1.976
1.773
2.575
2.501
2.142
2.072
2.217
3.347
3.163
1.696
1.360
2.243
1.504
2.429
2.413
3.715
4.271
3.026
1.862
3.163
3.489
2.881
3.016
2.619
2.874
3.013
2.779
1.846
2.656
3.142
1.985
1.680
1.407
1.969
2.243
3.250
2.588
2.432
2.312
2.551
2.066
2.226
1.471
1.606
2.462
3.171
3.384
3.147
2.257
2.464
2.950
2.597
2.684
2.334
2.125
1.567
1.549
2.604
1.490
1.982
2.180
2.851
1.755
1.733
2.364
3.229
2.243
2.067
3.053
2.160
2.275
2.438
2.647
2.451
2.333
2.878
1.503
2.217
3.175
2.578
2.478
3.529
2.973
2.449
1.965
2.366
3.003
2.593
2.544
3.067
2.672
1.683
1.412
2.115
2.415
1.457
2.841
3.262
3.203
2.820
2.994
2.756
2.233
1.251
1.747
1.445
3.004
3.165
2.891
3.158
2.553
2.495
2.395
2.277
2.141
2.818
2.338
2.361
2.454
1.753
2.029
2.558
2.633
2.352
1.512
1.999
3.017
2.819
2.394
2.011
1.538
1.891
1.564
2.053
2.825
2.826
1.939
1.571
2.663
2.889
2.271
3.581
3.906
4.371
3.877
3.694
2.894
2.762
3.616
3.736
3.627
4.135
3.643
3.389
2.929
3.031
2.889
3.717
4.334
5.144
5.447
5.161
4.268
3.774
3.551
3.657
3.511
3.704
3.876
4.094
4.976
4.617
3.215
1.602
1.545
1.449
2.742
2.161
3.250
2.357
2.740
2.664
2.655
3.276
3.884
3.834
4.030
4.126
4.009
3.918
4.883
4.808
4.898
4.097
4.576
3.373
3.361
3.776
3.392
3.630
3.171
3.055
2.765
2.769
2.640
1.816
2.126
1.629
2.441
3.005
3.218
3.680
2.729
3.194
3.015
1.879
1.671
0.997
3.244
2.902
4.113
3.560
3.368
3.883
2.712
1.641
2.249
1.656
2.328
2.635
2.208
2.346
2.745
2.463
2.148
1.790
2.048
2.787
3.102
3.317
3.568
3.750
3.097
2.907
2.971
2.649
3.177
3.062
2.241
2.198
2.066
1.605
1.281
1.237
1.788
2.211
2.898
3.008
2.597
1.975
1.460
1.148
0.887
1.812
1.604
1.877
2.750
3.224
2.838
3.155
2.590
2.658
1.968
2.156
2.188
1.532
1.513
1.773
2.420
2.445
2.453
2.481
2.161
2.489
2.304
1.857
2.450
1.893
1.922
2.159
1.815
1.692
1.438
1.988
1.775
2.176
1.679
1.576
1.602
1.522
1.450
1.357
1.478
1.825
1.679
1.872
1.708
1.347
2.080
1.164
1.064
1.152
1.455
1.233
1.948
1.757
1.648
1.966
2.204
2.152
2.211
2.220
1.692
1.857
2.294
2.829
2.364
2.101
1.629
1.111
1.140
1.173
1.774
1.436
1.633
0.966
1.853
2.498
2.412
1.479
1.066
1.433
1.228
2.104
2.916
3.381
2.660
2.268
2.529
2.509
2.389
2.609
2.699
2.521
2.311
2.785
1.742
1.135
1.391
1.281
1.581
1.687
1.404
2.691
2.904
2.974
2.475
2.159
2.140
2.579
2.588
1.909
2.282
1.879
2.104
2.374
2.548
1.592
1.301
1.956
2.081
2.787
2.766
2.598
3.140
3.533
3.837
2.400
2.537
2.586
2.162
2.147
2.000
3.676
3.195
3.018
2.788
2.826
2.710
2.169
2.872
3.049
2.387
1.861
2.675
3.972
3.430
1.854
2.140
2.536
2.109
2.575
2.364
3.778
3.229
2.806
3.186
2.637
2.442
2.663
2.306
2.216
2.980
3.270
3.620
3.458
3.151
2.734
3.087
2.818
2.530
2.238
3.304
2.736
2.302
2.266
2.996
2.638
2.830
2.646
2.383
2.295
2.419
3.564
2.222
2.482
2.527
2.362
2.222
2.797
3.761
2.170
3.049
2.271
2.021
3.331
2.994
2.879
2.240
2.340
1.894
2.853
2.829
2.791
2.742
2.603
1.963
1.975
1.754
1.764
2.361
2.400
2.488
2.554
2.265
2.070
2.306
2.850
3.254
2.967
3.181
3.350
2.479
2.697
3.116
3.312
3.336
3.344
3.246
2.912
3.054
2.546
3.020
2.916
2.768
3.050
1.636
2.800
2.308
3.120
2.635
2.848
2.720
2.982
3.111
3.294
2.550
2.938
2.930
3.687
3.453
3.178
2.763
2.074
1.621
2.794
3.504
3.554
3.483
3.394
2.979
3.315
4.020
3.811
3.157
3.374
3.232
3.580
3.524
4.023
4.562
4.568
4.231
3.938
4.051
4.669
4.742
4.857
5.250
5.188
4.987
4.270
3.261
2.394
3.461
3.748
3.814
2.800
1.790
1.941
1.953
2.890
3.531
3.747
4.546
5.431
6.011
5.752
5.464
5.006
4.320
4.861
5.335
4.848
3.509
3.623
3.647
3.526
3.360
3.475
3.503
3.066
3.594
3.313
3.099
3.308
4.100
2.826
2.306
2.908
3.126
2.831
2.598
2.440
2.725
3.504
2.550
2.887
3.577
3.000
3.449
2.868
3.307
3.276
4.516
4.013
3.208
3.099
2.739
3.526
3.532
3.266
2.420
2.907
3.447
3.623
3.053
2.809
3.053
2.951
4.021
3.674
2.735
2.077
2.301
1.973
1.903
2.561
2.388
2.447
2.493
2.688
2.320
1.904
1.538
1.353
0.925
0.991
0.578
1.177
1.607
1.325
1.428
1.810
2.464
3.077
2.769
1.676
1.526
2.227
2.230
2.042
2.594
2.486
2.358
1.934
1.431
1.150
1.229
1.467
1.384
1.930
1.885
1.689
1.414
1.308
1.494
1.620
1.990
2.194
2.098
1.496
2.115
1.578
0.973
1.450
0.896
1.139
1.567
1.476
1.456
1.175
1.317
1.303
1.325
1.821
1.036
1.450
2.120
2.043
1.937
2.330
1.498
2.165
2.186
3.254
2.660
2.040
3.081
3.212
3.878
3.647
3.167
3.107
2.826
2.924
2.242
1.644
1.757
2.768
2.151
2.577
3.202
2.416
2.480
2.172
2.534
2.634
2.656
3.047
2.497
1.837
2.373
1.877
2.093
2.256
2.423
1.957
2.180
1.959
3.052
3.029
2.913
3.015
2.811
2.799
2.016
2.349
2.053
1.515
1.872
1.389
1.588
1.639
1.894
2.324
3.014
2.247
2.801
2.617
2.979
3.279
3.441
2.768
2.721
2.686
2.558
2.235
1.816
3.008
2.875
3.112
2.267
2.752
2.269
2.203
3.089
3.831
3.661
2.905
2.808
2.536
1.661
1.784
1.774
1.774
1.669
3.361
3.400
3.403
3.978
3.488
3.578
4.143
4.180
3.739
3.084
2.912
2.806
2.886
3.128
2.859
2.216
2.616
2.725
2.115
2.993
2.264
3.896
3.856
3.387
3.262
2.065
2.777
2.660
3.264
2.038
4.864
1.986
2.658
2.752
2.934
3.293
2.136
2.757
3.131
3.331
3.563
2.464
2.619
3.462
2.565
2.210
2.215
2.245
2.495
1.995
2.153
2.431
2.558
2.006
2.387
2.602
2.606
2.279
3.743
2.159
2.453
1.565
2.541
2.407
2.339
2.279
2.819
2.987
2.249
2.601
2.711
3.051
2.306
2.022
2.162
3.521
2.909
2.727
2.508
2.071
2.717
2.719
2.612
2.994
2.780
2.661
2.788
3.174
3.231
3.625
3.526
2.853
3.052
2.649
2.064
1.861
2.089
2.005
2.791
3.427
3.095
2.923
2.921
2.929
3.019
3.307
3.557
3.534
3.590
3.087
2.908
3.629
3.636
3.574
3.897
3.076
2.434
2.429
3.108
3.798
3.845
3.471
3.779
3.706
4.172
4.012
4.522
4.806
5.300
4.675
4.403
4.723
3.901
4.089
4.087
3.347
2.630
2.154
3.698
3.570
3.407
2.323
2.767
2.254
2.499
1.982
1.533
2.164
2.968
3.052
2.030
2.153
2.869
2.438
3.057
2.998
2.959
3.067
2.782
3.306
3.132
3.611
3.194
3.239
3.339
3.220
1.945
1.698
3.044
2.561
1.914
1.873
2.112
2.586
2.427
2.642
2.734
3.122
3.120
3.407
2.601
2.780
3.179
3.326
3.193
2.515
2.058
2.045
2.019
2.244
3.264
2.955
3.324
3.473
2.801
3.068
3.495
2.239
2.575
2.141
2.994
2.411
2.645
2.406
3.125
3.328
2.662
2.118
2.147
2.268
2.117
1.969
2.175
2.957
3.090
3.978
3.704
3.008
4.106
3.599
3.365
3.562
2.907
2.485
2.401
2.300
2.277
1.782
1.935
2.262
2.416
2.423
2.309
1.810
1.341
1.308
1.345
1.478
1.113
0.868
1.535
2.030
2.524
1.563
1.648
1.852
2.090
2.915
2.949
2.790
2.093
3.649
2.639
1.943
2.305
2.584
2.395
1.234
1.466
1.520
1.707
2.353
2.090
1.836
2.015
1.249
0.818
1.915
2.080
2.147
1.352
1.761
1.484
1.049
1.390
1.942
1.991
1.185
2.404
2.841
3.029
2.902
2.899
1.855
0.977
1.035
1.108
1.091
0.828
0.615
1.407
1.861
2.311
2.025
1.779
1.298
2.159
2.870
1.992
1.678
1.287
1.739
2.865
2.550
2.935
2.370
1.990
1.962
2.221
2.730
2.362
2.010
1.691
1.982
2.675
3.092
3.401
2.774
1.939
2.138
1.634
1.920
2.516
2.259
1.884
1.655
1.753
2.125
1.980
2.414
1.873
1.215
1.646
1.493
1.550
1.326
1.985
2.253
2.330
2.353
3.028
2.786
2.153
2.389
2.036
2.428
3.096
3.398
1.971
3.038
2.557
2.499
1.756
2.173
1.773
3.209
3.549
2.404
2.713
3.451
3.748
3.040
2.799
2.411
2.598
3.498
2.827
4.031
3.427
2.299
1.719
2.791
2.454
2.534
2.513
3.006
2.434
2.179
2.194
2.683
2.589
2.325
2.046
1.836
1.672
2.528
3.004
3.057
2.211
2.363
1.220
3.341
2.658
3.399
1.337
2.008
2.452
2.535
1.900
1.688
1.946
1.481
2.958
3.650
2.742
2.123
2.727
2.615
2.459
1.921
2.923
3.678
2.575
1.800
2.451
2.538
2.495
2.905
2.922
1.875
2.106
2.345
2.228
1.474
2.594
3.095
2.213
2.320
3.417
2.783
2.194
2.707
2.422
2.415
2.198
3.070
3.179
3.084
3.019
3.325
3.353
2.205
1.984
2.636
3.042
3.404
2.857
2.869
2.492
2.639
2.184
2.467
2.692
2.996
2.885
3.053
3.202
2.507
1.887
2.145
1.859
2.359
2.646
2.972
2.540
2.568
2.283
2.480
3.573
3.572
3.323
3.315
2.955
2.304
1.796
2.421
3.233
2.840
3.780
3.832
3.483
3.034
3.283
3.562
3.385
2.708
2.235
2.886
3.374
3.451
3.452
3.833
3.320
2.329
2.388
1.834
2.576
4.212
4.610
4.150
3.388
3.067
3.017
3.513
3.807
4.214
4.103
4.025
4.328
3.552
3.654
3.735
4.158
3.627
3.478
3.354
3.888
3.562
3.360
4.188
5.021
5.391
5.506
5.389
5.213
4.514
4.456
4.647
4.987
5.175
4.707
4.326
4.265
4.559
4.591
4.385
4.335
4.186
3.752
3.601
2.890
3.053
2.399
2.546
2.470
2.291
2.322
2.570
2.943
3.520
3.700
4.081
5.482
3.734
2.782
2.508
2.571
2.691
1.886
1.997
1.666
